500
0 1,00 24.602,18 16.830,76
1 1,68 28.228,21 16.830,76
2 1,57 26.343,58 16.830,76
3 1,52 25.650,24 16.830,76
4 1,54 25.903,01 16.830,76
5 1,61 27.025,86 16.830,76
6 1,57 26.347,54 16.830,76
7 1,70 28.666,60 16.831,76
8 1,60 26.922,46 16.831,76
9 1,64 27.551,74 16.832,76
10 1,63 27.397,30 16.833,76
11 1,69 28.451,44 16.834,76
12 1,65 27.815,06 16.837,76
13 1,65 27.800,46 16.839,76
14 1,66 27.907,58 16.842,76
15 1,63 27.387,78 16.845,76
16 1,64 27.650,34 16.848,76
17 1,63 27.416,90 16.850,76
18 1,63 27.530,65 16.854,76
19 1,63 27.411,98 16.861,76
20 1,63 27.551,17 16.872,76
21 1,63 27.535,73 16.883,76
22 1,63 27.580,05 16.893,76
23 1,63 27.535,46 16.901,76
24 1,63 27.580,51 16.910,76
25 1,63 27.535,96 16.918,76
26 1,63 27.568,49 16.927,76
27 1,63 27.532,17 16.938,76
28 1,63 27.564,85 16.949,76
29 1,62 27.529,05 16.959,76
30 1,62 27.545,43 16.970,76
31 1,62 27.524,46 16.979,76
32 1,62 27.540,42 16.990,76
33 1,62 27.525,79 16.999,76
34 1,62 27.535,64 17.010,76
35 1,62 27.528,09 17.020,76
36 1,62 27.537,79 17.030,76
37 1,62 27.530,26 17.038,76
38 1,62 27.538,22 17.047,76
39 1,61 27.524,64 17.059,76
40 1,61 27.530,97 17.069,76
41 1,61 27.523,33 17.081,76
42 1,61 27.529,66 17.094,76
43 1,61 27.530,17 17.106,76
44 1,61 27.527,36 17.118,76
45 1,61 27.533,69 17.130,76
46 1,61 27.523,64 17.142,76
47 1,61 27.533,13 17.154,76
48 1,60 27.523,27 17.166,76
49 1,60 27.526,43 17.175,76
50 1,60 27.526,43 17.184,76
51 1,60 27.526,92 17.192,76
52 1,60 27.526,92 17.201,76
53 1,60 27.527,45 17.210,76
54 1,60 27.527,45 17.217,76
55 1,60 27.528,02 17.226,76
56 1,60 27.528,02 17.237,76
57 1,60 27.528,63 17.247,76
58 1,60 27.528,63 17.254,76
59 1,60 27.526,12 17.263,76
60 1,59 27.529,29 17.272,76
61 1,59 27.523,11 17.281,76
62 1,59 27.526,27 17.292,76
63 1,59 27.523,85 17.304,76
64 1,59 27.527,02 17.315,76
65 1,59 27.522,25 17.326,76
66 1,59 27.522,25 17.337,76
67 1,59 27.519,91 17.347,76
68 1,59 27.523,07 17.357,76
69 1,59 27.520,77 17.368,76
70 1,58 27.523,93 17.379,76
71 1,58 27.521,68 17.390,76
72 1,58 27.524,84 17.401,76
73 1,58 27.524,84 17.411,76
74 1,58 27.522,65 17.423,76
75 1,58 27.525,81 17.436,76
76 1,58 27.523,66 17.448,76
77 1,58 27.523,66 17.459,76
78 1,58 27.521,54 17.469,76
79 1,58 27.524,70 17.481,76
80 1,57 27.519,74 17.492,76
81 1,57 27.519,74 17.505,76
82 1,57 27.519,74 17.517,76
83 1,57 27.519,74 17.531,76
84 1,57 27.519,74 17.544,76
85 1,57 27.519,74 17.554,76
86 1,57 27.519,74 17.564,76
87 1,57 27.519,74 17.574,76
88 1,57 27.519,74 17.585,76
89 1,56 27.519,74 17.597,76
90 1,56 27.522,90 17.610,76
91 1,56 27.522,90 17.622,76
92 1,56 27.524,21 17.633,76
93 1,56 27.519,94 17.645,76
94 1,56 27.523,10 17.656,76
95 1,56 27.521,31 17.666,76
96 1,56 27.524,47 17.676,76
97 1,56 27.518,63 17.687,76
98 1,56 27.521,79 17.697,76
99 1,55 27.516,60 17.709,76
100 1,55 27.519,77 17.719,76
101 1,55 27.521,23 17.729,76
102 1,55 27.517,38 17.739,76
103 1,55 27.518,88 17.748,76
104 1,55 27.518,88 17.759,76
105 1,55 27.521,48 17.769,76
106 1,55 27.515,43 17.779,76
107 1,55 27.518,60 17.788,76
108 1,55 27.518,60 17.798,76
109 1,55 27.515,46 17.807,76
110 1,55 27.515,46 17.815,76
111 1,54 27.513,92 17.825,76
112 1,54 27.513,92 17.834,76
113 1,54 27.515,57 17.842,76
114 1,54 27.512,20 17.848,76
115 1,54 27.515,36 17.857,76
116 1,54 27.517,06 17.867,76
117 1,54 27.513,80 17.878,76
118 1,54 27.518,69 17.889,76
119 1,54 27.515,50 17.901,76
120 1,54 27.515,50 17.912,76
121 1,54 27.515,50 17.921,76
122 1,54 27.512,41 17.931,76
123 1,53 27.512,41 17.942,76
124 1,53 27.515,58 17.954,76
125 1,53 27.512,59 17.966,76
126 1,53 27.515,75 17.978,76
127 1,53 27.512,82 17.989,76
128 1,53 27.511,51 18.000,76
129 1,53 27.511,51 18.012,76
130 1,53 27.514,67 18.024,76
131 1,53 27.514,67 18.035,76
132 1,53 27.511,89 18.045,76
133 1,52 27.511,89 18.055,76
134 1,52 27.511,89 18.065,76
135 1,52 27.511,89 18.075,76
136 1,52 27.511,89 18.085,76
137 1,52 27.511,89 18.094,76
138 1,52 27.511,89 18.103,76
139 1,52 27.515,05 18.114,76
140 1,52 27.515,05 18.127,76
141 1,52 27.512,51 18.139,76
142 1,52 27.512,51 18.151,76
143 1,52 27.511,38 18.162,76
144 1,51 27.514,54 18.175,76
145 1,51 27.513,42 18.187,76
146 1,51 27.513,42 18.200,76
147 1,51 27.512,32 18.212,76
148 1,51 27.512,32 18.222,76
149 1,51 27.512,32 18.232,76
150 1,51 27.512,32 18.240,76
151 1,51 27.512,32 18.250,76
152 1,51 27.512,32 18.259,76
153 1,51 27.511,28 18.269,76
154 1,51 27.514,45 18.278,76
155 1,51 27.513,43 18.285,76
156 1,50 27.513,43 18.293,76
157 1,50 27.511,25 18.298,76
158 1,50 27.511,25 18.306,76
159 1,50 27.511,25 18.315,76
160 1,50 27.511,25 18.326,76
161 1,50 27.511,25 18.337,76
162 1,50 27.511,25 18.347,76
163 1,50 27.511,25 18.357,76
164 1,50 27.511,25 18.367,76
165 1,50 27.511,25 18.378,76
166 1,50 27.511,25 18.388,76
167 1,50 27.511,25 18.400,76
168 1,50 27.511,25 18.411,76
169 1,49 27.511,25 18.419,76
170 1,49 27.511,25 18.426,76
171 1,49 27.511,25 18.434,76
172 1,49 27.511,25 18.442,76
173 1,49 27.511,25 18.452,76
174 1,49 27.511,25 18.461,76
175 1,49 27.511,25 18.472,76
176 1,49 27.511,25 18.482,76
177 1,49 27.511,25 18.492,76
178 1,49 27.511,25 18.501,76
179 1,49 27.511,25 18.512,76
180 1,49 27.511,25 18.524,76
181 1,49 27.511,25 18.536,76
182 1,48 27.511,25 18.549,76
183 1,48 27.511,25 18.561,76
184 1,48 27.511,25 18.572,76
185 1,48 27.511,25 18.584,76
186 1,48 27.511,25 18.595,76
187 1,48 27.511,25 18.607,76
188 1,48 27.511,25 18.620,76
189 1,48 27.511,25 18.633,76
190 1,48 27.511,25 18.645,76
191 1,48 27.510,49 18.656,76
192 1,47 27.510,49 18.666,76
193 1,47 27.510,49 18.674,76
194 1,47 27.510,49 18.683,76
195 1,47 27.510,49 18.693,76
196 1,47 27.510,49 18.704,76
197 1,47 27.510,49 18.713,76
198 1,47 27.510,49 18.722,76
199 1,47 27.510,49 18.732,76
200 1,47 27.510,49 18.744,76
201 1,47 27.510,49 18.755,76
202 1,47 27.510,49 18.766,76
203 1,47 27.510,49 18.776,76
204 1,47 27.510,49 18.785,76
205 1,46 27.510,49 18.793,76
206 1,46 27.510,49 18.801,76
207 1,46 27.510,49 18.811,76
208 1,46 27.510,49 18.820,76
209 1,46 27.510,49 18.830,76
210 1,46 27.510,49 18.839,76
211 1,46 27.510,49 18.847,76
212 1,46 27.510,49 18.856,76
213 1,46 27.510,49 18.866,76
214 1,46 27.510,49 18.875,76
215 1,46 27.510,49 18.883,76
216 1,46 27.510,49 18.892,76
217 1,46 27.510,49 18.901,76
218 1,46 27.510,49 18.909,76
219 1,45 27.510,49 18.920,76
220 1,45 27.510,49 18.929,76
221 1,45 27.510,49 18.940,76
222 1,45 27.510,49 18.949,76
223 1,45 27.510,49 18.960,76
224 1,45 27.510,49 18.971,76
225 1,45 27.510,49 18.982,76
226 1,45 27.510,49 18.993,76
227 1,45 27.510,49 19.005,76
228 1,45 27.510,49 19.018,76
229 1,45 27.510,49 19.028,76
230 1,45 27.510,49 19.040,76
231 1,44 27.510,49 19.052,76
232 1,44 27.510,49 19.063,76
233 1,44 27.510,49 19.073,76
234 1,44 27.510,49 19.084,76
235 1,44 27.510,49 19.096,76
236 1,44 27.510,49 19.108,76
237 1,44 27.510,49 19.121,76
238 1,44 27.510,49 19.131,76
239 1,44 27.510,49 19.143,76
240 1,44 27.510,49 19.154,76
241 1,44 27.510,49 19.164,76
242 1,44 27.510,49 19.175,76
243 1,43 27.510,49 19.187,76
244 1,43 27.510,49 19.200,76
245 1,43 27.510,49 19.212,76
246 1,43 27.510,49 19.223,76
247 1,43 27.510,49 19.232,76
248 1,43 27.510,49 19.242,76
249 1,43 27.510,49 19.254,76
250 1,43 27.510,49 19.266,76
251 1,43 27.510,49 19.278,76
252 1,43 27.510,49 19.289,76
253 1,43 27.510,49 19.299,76
254 1,43 27.510,49 19.308,76
255 1,42 27.510,49 19.318,76
256 1,42 27.510,49 19.325,76
257 1,42 27.510,49 19.333,76
258 1,42 27.510,49 19.342,76
259 1,42 27.510,49 19.353,76
260 1,42 27.510,49 19.363,76
261 1,42 27.510,49 19.372,76
262 1,42 27.510,49 19.381,76
263 1,42 27.510,49 19.390,76
264 1,42 27.510,49 19.401,76
265 1,42 27.510,49 19.411,76
266 1,42 27.510,49 19.421,76
267 1,42 27.510,49 19.430,76
268 1,42 27.510,49 19.439,76
269 1,42 27.510,49 19.447,76
270 1,41 27.510,49 19.455,76
271 1,41 27.510,49 19.464,76
272 1,41 27.510,49 19.476,76
273 1,41 27.510,49 19.488,76
274 1,41 27.510,49 19.498,76
275 1,41 27.510,49 19.507,76
276 1,41 27.510,49 19.516,76
277 1,41 27.510,49 19.525,76
278 1,41 27.510,49 19.533,76
279 1,41 27.510,49 19.546,76
280 1,41 27.510,49 19.559,76
281 1,41 27.510,49 19.573,76
282 1,41 27.510,49 19.586,76
283 1,40 27.510,49 19.598,76
284 1,40 27.510,49 19.611,76
285 1,40 27.510,49 19.623,76
286 1,40 27.510,49 19.637,76
287 1,40 27.510,49 19.650,76
288 1,40 27.510,49 19.661,76
289 1,40 27.510,49 19.670,76
290 1,40 27.510,49 19.680,76
291 1,40 27.510,49 19.690,76
292 1,40 27.510,49 19.699,76
293 1,40 27.510,49 19.709,76
294 1,40 27.510,49 19.719,76
295 1,40 27.510,49 19.729,76
296 1,39 27.510,49 19.739,76
297 1,39 27.510,49 19.751,76
298 1,39 27.510,49 19.762,76
299 1,39 27.510,49 19.775,76
300 1,39 27.510,49 19.789,76
301 1,39 27.510,49 19.801,76
302 1,39 27.510,49 19.813,76
303 1,39 27.510,49 19.824,76
304 1,39 27.510,49 19.835,76
305 1,39 27.510,49 19.846,76
306 1,39 27.510,49 19.858,76
307 1,39 27.510,49 19.869,76
308 1,38 27.510,49 19.880,76
309 1,38 27.510,49 19.891,76
310 1,38 27.510,49 19.900,76
311 1,38 27.510,49 19.909,76
312 1,38 27.510,49 19.917,76
313 1,38 27.510,49 19.924,76
314 1,38 27.510,49 19.932,76
315 1,38 27.510,49 19.941,76
316 1,38 27.510,49 19.950,76
317 1,38 27.510,49 19.960,76
318 1,38 27.510,49 19.968,76
319 1,38 27.510,49 19.979,76
320 1,38 27.510,49 19.991,76
321 1,38 27.510,49 20.003,76
322 1,38 27.510,49 20.014,76
323 1,37 27.510,49 20.025,76
324 1,37 27.510,49 20.036,76
325 1,37 27.510,49 20.046,76
326 1,37 27.510,49 20.056,76
327 1,37 27.510,49 20.068,76
328 1,37 27.510,49 20.080,76
329 1,37 27.510,49 20.093,76
330 1,37 27.510,49 20.102,76
331 1,37 27.510,49 20.114,76
332 1,37 27.510,49 20.125,76
333 1,37 27.510,49 20.137,76
334 1,37 27.510,49 20.149,76
335 1,37 27.510,49 20.162,76
336 1,36 27.510,49 20.174,76
337 1,36 27.510,49 20.184,76
338 1,36 27.510,49 20.195,76
339 1,36 27.510,49 20.206,76
340 1,36 27.510,49 20.218,76
341 1,36 27.510,49 20.230,76
342 1,36 27.510,49 20.244,76
343 1,36 27.510,49 20.258,76
344 1,36 27.510,49 20.271,76
345 1,36 27.510,49 20.283,76
346 1,36 27.510,49 20.294,76
347 1,36 27.510,49 20.306,76
348 1,35 27.510,49 20.317,76
349 1,35 27.510,49 20.329,76
350 1,35 27.510,49 20.341,76
351 1,35 27.510,49 20.353,76
352 1,35 27.510,49 20.364,76
353 1,35 27.510,49 20.375,76
354 1,35 27.510,49 20.387,76
355 1,35 27.510,49 20.397,76
356 1,35 27.510,49 20.407,76
357 1,35 27.510,49 20.417,76
358 1,35 27.510,49 20.426,76
359 1,35 27.510,49 20.436,76
360 1,35 27.510,49 20.446,76
361 1,35 27.510,49 20.456,76
362 1,34 27.510,49 20.466,76
363 1,34 27.510,49 20.478,76
364 1,34 27.510,49 20.489,76
365 1,34 27.510,49 20.499,76
366 1,34 27.510,49 20.509,76
367 1,34 27.510,49 20.518,76
368 1,34 27.510,49 20.530,76
369 1,34 27.510,49 20.543,76
370 1,34 27.510,49 20.554,76
371 1,34 27.510,49 20.565,76
372 1,34 27.510,49 20.575,76
373 1,34 27.510,49 20.582,76
374 1,34 27.510,49 20.590,76
375 1,34 27.510,49 20.601,76
376 1,34 27.510,49 20.611,76
377 1,33 27.510,49 20.621,76
378 1,33 27.510,49 20.631,76
379 1,33 27.510,49 20.641,76
380 1,33 27.510,49 20.652,76
381 1,33 27.510,49 20.663,76
382 1,33 27.510,49 20.674,76
383 1,33 27.510,49 20.687,76
384 1,33 27.510,49 20.701,76
385 1,33 27.510,49 20.713,76
386 1,33 27.510,49 20.725,76
387 1,33 27.510,49 20.737,76
388 1,33 27.510,49 20.750,76
389 1,33 27.510,49 20.764,76
390 1,32 27.510,49 20.776,76
391 1,32 27.510,49 20.789,76
392 1,32 27.510,49 20.801,76
393 1,32 27.510,49 20.813,76
394 1,32 27.510,49 20.825,76
395 1,32 27.510,49 20.837,76
396 1,32 27.510,49 20.849,76
397 1,32 27.510,49 20.860,76
398 1,32 27.510,49 20.873,76
399 1,32 27.510,49 20.887,76
400 1,32 27.510,49 20.899,76
401 1,32 27.510,49 20.911,76
402 1,32 27.510,49 20.922,76
403 1,31 27.510,49 20.934,76
404 1,31 27.510,49 20.947,76
405 1,31 27.510,49 20.962,76
406 1,31 27.510,49 20.976,76
407 1,31 27.510,49 20.987,76
408 1,31 27.510,49 20.997,76
409 1,31 27.510,49 21.006,76
410 1,31 27.510,49 21.015,76
411 1,31 27.510,49 21.025,76
412 1,31 27.510,49 21.036,76
413 1,31 27.510,49 21.047,76
414 1,31 27.510,49 21.057,76
415 1,31 27.510,49 21.068,76
416 1,31 27.510,49 21.080,76
417 1,31 27.510,49 21.091,76
418 1,30 27.510,49 21.101,76
419 1,30 27.510,49 21.114,76
420 1,30 27.510,49 21.128,76
421 1,30 27.510,49 21.141,76
422 1,30 27.510,49 21.152,76
423 1,30 27.510,49 21.163,76
424 1,30 27.510,49 21.174,76
425 1,30 27.510,49 21.184,76
426 1,30 27.510,49 21.196,76
427 1,30 27.510,49 21.207,76
428 1,30 27.510,49 21.219,76
429 1,30 27.510,49 21.230,76
430 1,30 27.510,49 21.241,76
431 1,30 27.510,49 21.251,76
432 1,29 27.510,49 21.262,76
433 1,29 27.510,49 21.273,76
434 1,29 27.510,49 21.285,76
435 1,29 27.510,49 21.299,76
436 1,29 27.510,49 21.310,76
437 1,29 27.510,49 21.323,76
438 1,29 27.510,49 21.336,76
439 1,29 27.510,49 21.351,76
440 1,29 27.510,49 21.366,76
441 1,29 27.510,49 21.381,76
442 1,29 27.510,49 21.395,76
443 1,29 27.510,49 21.408,76
444 1,29 27.510,49 21.421,76
445 1,28 27.510,49 21.431,76
446 1,28 27.510,49 21.443,76
447 1,28 27.510,49 21.456,76
448 1,28 27.510,49 21.469,76
449 1,28 27.510,49 21.480,76
450 1,28 27.510,49 21.491,76
451 1,28 27.510,49 21.503,76
452 1,28 27.510,49 21.515,76
453 1,28 27.510,49 21.528,76
454 1,28 27.510,49 21.540,76
455 1,28 27.510,49 21.552,76
456 1,28 27.510,49 21.563,76
457 1,28 27.510,49 21.575,76
458 1,28 27.510,49 21.586,76
459 1,27 27.510,49 21.599,76
460 1,27 27.510,49 21.611,76
461 1,27 27.510,49 21.625,76
462 1,27 27.510,49 21.638,76
463 1,27 27.510,49 21.650,76
464 1,27 27.510,49 21.662,76
465 1,27 27.510,49 21.673,76
466 1,27 27.510,49 21.685,76
467 1,27 27.510,49 21.697,76
468 1,27 27.510,49 21.709,76
469 1,27 27.510,49 21.720,76
470 1,27 27.510,49 21.731,76
471 1,27 27.510,49 21.742,76
472 1,27 27.510,49 21.753,76
473 1,26 27.510,49 21.765,76
474 1,26 27.510,32 21.775,76
475 1,26 27.510,32 21.786,76
476 1,26 27.510,32 21.796,76
477 1,26 27.510,32 21.805,76
478 1,26 27.510,32 21.813,76
479 1,26 27.510,32 21.824,76
480 1,26 27.510,32 21.837,76
481 1,26 27.510,32 21.849,76
482 1,26 27.510,32 21.862,76
483 1,26 27.510,32 21.875,76
484 1,26 27.510,32 21.887,76
485 1,26 27.510,32 21.899,76
486 1,26 27.510,32 21.911,76
487 1,26 27.510,32 21.926,76
488 1,25 27.510,32 21.941,76
489 1,25 27.510,32 21.958,76
490 1,25 27.510,32 21.973,76
491 1,25 27.510,32 21.986,76
492 1,25 27.510,32 21.998,76
493 1,25 27.510,32 22.010,76
494 1,25 27.510,32 22.021,76
495 1,25 27.510,32 22.034,76
496 1,25 27.510,32 22.047,76
497 1,25 27.510,32 22.061,76
498 1,25 27.510,32 22.072,76
499 1,25 27.510,32 22.084,76
