500
0 1,00 49.593,91 40.611,91
1 1,16 47.099,66 44.673,10
2 1,11 49.691,42 49.140,41
3 1,09 53.580,37 54.054,45
4 0,87 47.019,28 54.054,45
5 0,98 52.908,19 54.054,45
6 0,94 50.708,14 54.054,45
7 0,81 43.971,28 54.054,45
8 0,85 45.705,30 54.054,45
9 0,85 45.735,30 54.054,45
10 0,89 48.205,38 54.054,45
11 0,93 50.505,69 54.054,45
12 0,93 50.456,74 54.054,45
13 0,94 50.553,93 54.054,45
14 0,98 53.081,04 54.054,45
15 1,06 57.439,55 59.459,89
16 1,00 59.696,55 65.405,88
17 0,86 56.025,33 65.405,88
18 0,89 58.086,29 65.405,88
19 0,88 57.407,92 65.405,88
20 0,91 59.813,56 65.405,88
21 0,90 59.145,12 65.405,88
22 0,95 61.996,82 65.405,88
23 0,98 63.801,56 65.405,88
24 0,93 61.027,91 65.405,88
25 0,93 60.618,47 65.405,88
26 0,93 60.802,58 65.405,88
27 0,95 62.004,36 65.405,88
28 0,92 60.155,47 65.405,88
29 0,94 61.382,50 65.405,88
30 0,95 62.192,01 65.405,88
31 0,95 62.318,12 65.405,88
32 0,96 62.844,19 65.405,88
33 0,98 63.847,65 65.405,88
34 0,98 64.140,11 65.405,88
35 0,99 65.020,58 65.405,88
36 0,99 64.724,06 65.405,88
37 1,00 65.258,65 65.405,88
38 1,00 65.233,34 65.405,88
39 1,01 66.239,70 71.946,47
40 0,84 60.403,84 71.946,47
41 0,84 60.088,97 71.946,47
42 0,83 59.993,48 71.946,47
43 0,84 60.696,85 71.946,47
44 0,86 61.727,64 71.946,47
45 0,85 61.441,01 71.946,47
46 0,84 60.788,35 71.946,47
47 0,85 61.122,60 71.946,47
48 0,84 60.794,26 71.946,47
49 0,84 60.578,58 71.946,47
50 0,84 60.367,37 71.946,47
51 0,83 60.045,65 71.946,47
52 0,83 59.564,47 71.946,47
53 0,82 59.178,73 71.946,47
54 0,81 58.369,44 71.946,47
55 0,81 58.069,53 71.946,47
56 0,80 57.814,63 71.946,47
57 0,80 57.266,80 71.946,47
58 0,79 56.743,28 71.946,47
59 0,78 56.377,52 71.946,47
60 0,78 56.475,79 71.946,47
61 0,77 55.702,31 71.946,47
62 0,78 55.759,34 71.946,47
63 0,86 61.958,90 71.946,47
64 0,87 62.814,65 71.946,47
65 0,88 62.960,39 71.946,47
66 0,88 63.125,12 71.946,47
67 0,87 62.765,00 71.946,47
68 0,86 62.197,83 71.946,47
69 0,86 61.583,18 71.946,47
70 0,88 63.397,78 71.946,47
71 0,89 63.827,08 71.946,47
72 0,90 64.560,15 71.946,47
73 0,92 65.938,70 71.946,47
74 0,91 65.342,85 71.946,47
75 0,91 65.534,93 71.946,47
76 0,93 66.766,30 71.946,47
77 0,92 66.239,51 71.946,47
78 0,92 65.936,18 71.946,47
79 0,92 66.304,52 71.946,47
80 0,91 65.339,29 71.946,47
81 0,90 64.563,12 71.946,47
82 0,91 65.241,23 71.946,47
83 0,91 65.531,04 71.946,47
84 0,92 66.300,18 71.946,47
85 0,92 66.462,70 71.946,47
86 0,92 65.904,85 71.946,47
87 0,91 65.671,12 71.946,47
88 0,91 65.510,71 71.946,47
89 0,91 65.461,21 71.946,47
90 0,91 65.320,98 71.946,47
91 0,90 64.719,91 71.946,47
92 0,90 64.572,74 71.946,47
93 0,89 64.221,98 71.946,47
94 0,89 63.696,93 71.946,47
95 0,88 63.306,45 71.946,47
96 0,88 63.455,02 71.946,47
97 0,89 63.938,38 71.946,47
98 0,89 63.842,29 71.946,47
99 0,89 64.148,05 71.946,47
100 0,89 63.949,30 71.946,47
101 0,88 63.269,64 71.946,47
102 0,88 63.515,10 71.946,47
103 0,86 62.211,19 71.946,47
104 0,86 62.097,68 71.946,47
105 0,86 61.835,60 71.946,47
106 0,85 60.949,54 71.946,47
107 0,86 61.803,36 71.946,47
108 0,85 61.306,08 71.946,47
109 0,85 60.880,88 71.946,47
110 0,85 60.855,50 71.946,47
111 0,84 60.790,14 71.946,47
112 0,84 60.756,48 71.946,47
113 0,84 60.543,68 71.946,47
114 0,84 60.518,99 71.946,47
115 0,84 60.475,27 71.946,47
116 0,84 60.098,31 71.946,47
117 0,83 60.050,01 71.946,47
118 0,83 59.969,63 71.946,47
119 0,83 59.901,14 71.946,47
120 0,83 59.754,00 71.946,47
121 0,83 59.758,04 71.946,47
122 0,83 59.785,93 71.946,47
123 0,83 59.607,77 71.946,47
124 0,83 59.836,58 71.946,47
125 0,83 59.822,21 71.946,47
126 0,83 59.802,98 71.946,47
127 0,83 59.638,87 71.946,47
128 0,83 59.708,94 71.946,47
129 0,82 59.183,18 71.946,47
130 0,83 59.503,47 71.946,47
131 0,82 58.670,53 71.946,47
132 0,82 59.211,86 71.946,47
133 0,81 58.394,24 71.946,47
134 0,81 58.306,27 71.946,47
135 0,81 58.279,73 71.946,47
136 0,80 57.888,13 71.946,47
137 0,80 57.718,23 71.946,47
138 0,80 57.441,42 71.946,47
139 0,80 57.654,24 71.946,47
140 0,80 57.839,42 71.946,47
141 0,80 57.593,43 71.946,47
142 0,80 57.481,67 71.946,47
143 0,80 57.385,71 71.946,47
144 0,80 57.435,35 71.946,47
145 0,80 57.537,46 71.946,47
146 0,80 57.437,75 71.946,47
147 0,80 57.348,77 71.946,47
148 0,80 57.675,43 71.946,47
149 0,80 57.820,13 71.946,47
150 0,81 58.068,11 71.946,47
151 0,80 57.848,48 71.946,47
152 0,81 57.996,92 71.946,47
153 0,81 57.953,43 71.946,47
154 0,81 57.979,44 71.946,47
155 0,81 58.299,70 71.946,47
156 0,82 58.681,95 71.946,47
157 0,82 58.915,66 71.946,47
158 0,82 58.932,15 71.946,47
159 0,82 59.244,35 71.946,47
160 0,83 59.565,51 71.946,47
161 0,83 59.383,12 71.946,47
162 0,82 59.332,38 71.946,47
163 0,83 59.547,60 71.946,47
164 0,83 59.523,78 71.946,47
165 0,83 59.539,33 71.946,47
166 0,83 59.523,12 71.946,47
167 0,83 59.482,10 71.946,47
168 0,83 59.389,84 71.946,47
169 0,83 59.370,94 71.946,47
170 0,83 59.360,04 71.946,47
171 0,82 59.343,63 71.946,47
172 0,83 59.563,81 71.946,47
173 0,83 59.840,61 71.946,47
174 0,83 60.050,58 71.946,47
175 0,83 59.903,57 71.946,47
176 0,83 59.662,40 71.946,47
177 0,83 59.798,31 71.946,47
178 0,83 60.071,44 71.946,47
179 0,84 60.328,01 71.946,47
180 0,84 60.498,79 71.946,47
181 0,85 60.982,43 71.946,47
182 0,83 59.709,12 71.946,47
183 0,83 59.713,60 71.946,47
184 0,82 59.047,12 71.946,47
185 0,82 58.820,47 71.946,47
186 0,81 58.351,81 71.946,47
187 0,81 58.524,83 71.946,47
188 0,81 58.512,30 71.946,47
189 0,81 58.615,52 71.946,47
190 0,81 58.347,19 71.946,47
191 0,80 57.790,70 71.946,47
192 0,80 57.491,59 71.946,47
193 0,80 57.466,95 71.946,47
194 0,79 57.098,04 71.946,47
195 0,80 57.221,05 71.946,47
196 0,79 57.188,19 71.946,47
197 0,79 57.160,85 71.946,47
198 0,80 57.224,08 71.946,47
199 0,79 57.130,89 71.946,47
200 0,80 57.408,11 71.946,47
201 0,80 57.517,96 71.946,47
202 0,80 57.441,93 71.946,47
203 0,80 57.567,74 71.946,47
204 0,79 57.191,85 71.946,47
205 0,79 57.100,86 71.946,47
206 0,79 57.041,70 71.946,47
207 0,79 57.070,76 71.946,47
208 0,79 57.170,11 71.946,47
209 0,79 57.097,94 71.946,47
210 0,80 57.363,53 71.946,47
211 0,80 57.285,19 71.946,47
212 0,80 57.326,21 71.946,47
213 0,80 57.281,57 71.946,47
214 0,80 57.245,34 71.946,47
215 0,79 57.153,29 71.946,47
216 0,79 57.140,48 71.946,47
217 0,79 57.050,89 71.946,47
218 0,79 57.162,27 71.946,47
219 0,79 57.174,51 71.946,47
220 0,79 57.140,97 71.946,47
221 0,79 57.094,36 71.946,47
222 0,79 57.125,22 71.946,47
223 0,79 57.092,97 71.946,47
224 0,79 56.965,47 71.946,47
225 0,79 57.050,79 71.946,47
226 0,79 57.066,88 71.946,47
227 0,79 57.066,35 71.946,47
228 0,79 57.075,13 71.946,47
229 0,79 57.091,54 71.946,47
230 0,79 57.055,29 71.946,47
231 0,79 56.977,71 71.946,47
232 0,79 56.979,69 71.946,47
233 0,79 57.042,65 71.946,47
234 0,79 57.120,98 71.946,47
235 0,79 57.160,40 71.946,47
236 0,79 57.087,35 71.946,47
237 0,79 57.123,30 71.946,47
238 0,79 57.118,24 71.946,47
239 0,79 57.083,09 71.946,47
240 0,80 57.275,81 71.946,47
241 0,79 57.152,48 71.946,47
242 0,79 57.146,23 71.946,47
243 0,79 57.135,00 71.946,47
244 0,80 57.273,92 71.946,47
245 0,79 57.118,37 71.946,47
246 0,80 57.289,40 71.946,47
247 0,79 57.131,52 71.946,47
248 0,79 57.081,54 71.946,47
249 0,80 57.204,10 71.946,47
250 0,80 57.222,31 71.946,47
251 0,79 57.149,77 71.946,47
252 0,80 57.212,32 71.946,47
253 0,79 57.151,53 71.946,47
254 0,79 57.145,93 71.946,47
255 0,80 57.215,03 71.946,47
256 0,80 57.247,23 71.946,47
257 0,79 57.160,17 71.946,47
258 0,80 57.256,55 71.946,47
259 0,80 57.230,68 71.946,47
260 0,80 57.314,18 71.946,47
261 0,80 57.528,54 71.946,47
262 0,80 57.353,01 71.946,47
263 0,80 57.289,48 71.946,47
264 0,80 57.317,65 71.946,47
265 0,80 57.371,66 71.946,47
266 0,80 57.461,25 71.946,47
267 0,80 57.353,94 71.946,47
268 0,80 57.250,13 71.946,47
269 0,80 57.308,62 71.946,47
270 0,80 57.448,18 71.946,47
271 0,80 57.664,87 71.946,47
272 0,80 57.841,72 71.946,47
273 0,80 57.348,20 71.946,47
274 0,80 57.419,13 71.946,47
275 0,80 57.221,81 71.946,47
276 0,80 57.378,31 71.946,47
277 0,80 57.297,47 71.946,47
278 0,80 57.235,61 71.946,47
279 0,80 57.226,84 71.946,47
280 0,80 57.218,43 71.946,47
281 0,80 57.202,46 71.946,47
282 0,80 57.323,74 71.946,47
283 0,80 57.337,95 71.946,47
284 0,80 57.225,45 71.946,47
285 0,80 57.377,83 71.946,47
286 0,80 57.286,84 71.946,47
287 0,80 57.314,65 71.946,47
288 0,80 57.200,23 71.946,47
289 0,80 57.293,86 71.946,47
290 0,80 57.249,07 71.946,47
291 0,80 57.240,80 71.946,47
292 0,80 57.623,54 71.946,47
293 0,80 57.343,70 71.946,47
294 0,80 57.341,97 71.946,47
295 0,80 57.385,77 71.946,47
296 0,80 57.363,43 71.946,47
297 0,80 57.356,04 71.946,47
298 0,80 57.314,03 71.946,47
299 0,80 57.313,95 71.946,47
300 0,80 57.299,39 71.946,47
301 0,80 57.234,88 71.946,47
302 0,80 57.227,23 71.946,47
303 0,80 57.219,64 71.946,47
304 0,80 57.212,83 71.946,47
305 0,80 57.208,22 71.946,47
306 0,80 57.208,17 71.946,47
307 0,80 57.208,12 71.946,47
308 0,80 57.242,37 71.946,47
309 0,80 57.259,75 71.946,47
310 0,80 57.365,10 71.946,47
311 0,80 57.410,21 71.946,47
312 0,80 57.362,24 71.946,47
313 0,80 57.436,09 71.946,47
314 0,80 57.387,80 71.946,47
315 0,80 57.389,24 71.946,47
316 0,80 57.394,46 71.946,47
317 0,80 57.400,02 71.946,47
318 0,80 57.427,05 71.946,47
319 0,80 57.445,14 71.946,47
320 0,80 57.329,84 71.946,47
321 0,80 57.384,43 71.946,47
322 0,80 57.488,58 71.946,47
323 0,80 57.599,54 71.946,47
324 0,80 57.417,50 71.946,47
325 0,80 57.426,92 71.946,47
326 0,80 57.438,97 71.946,47
327 0,80 57.442,41 71.946,47
328 0,80 57.432,73 71.946,47
329 0,80 57.440,90 71.946,47
330 0,80 57.445,69 71.946,47
331 0,80 57.315,47 71.946,47
332 0,80 57.315,93 71.946,47
333 0,80 57.318,21 71.946,47
334 0,80 57.348,29 71.946,47
335 0,80 57.303,21 71.946,47
336 0,80 57.312,72 71.946,47
337 0,80 57.315,89 71.946,47
338 0,80 57.300,05 71.946,47
339 0,80 57.325,19 71.946,47
340 0,80 57.326,84 71.946,47
341 0,80 57.309,32 71.946,47
342 0,80 57.305,95 71.946,47
343 0,80 57.322,61 71.946,47
344 0,80 57.310,57 71.946,47
345 0,80 57.297,45 71.946,47
346 0,80 57.297,45 71.946,47
347 0,80 57.297,28 71.946,47
348 0,80 57.297,26 71.946,47
349 0,80 57.309,20 71.946,47
350 0,80 57.304,66 71.946,47
351 0,80 57.302,17 71.946,47
352 0,80 57.299,24 71.946,47
353 0,80 57.297,31 71.946,47
354 0,80 57.297,31 71.946,47
355 0,80 57.297,31 71.946,47
356 0,80 57.297,31 71.946,47
357 0,80 57.311,65 71.946,47
358 0,80 57.300,49 71.946,47
359 0,80 57.297,40 71.946,47
360 0,80 57.297,40 71.946,47
361 0,80 57.297,29 71.946,47
362 0,80 57.302,00 71.946,47
363 0,80 57.315,61 71.946,47
364 0,80 57.299,30 71.946,47
365 0,80 57.309,90 71.946,47
366 0,80 57.305,13 71.946,47
367 0,80 57.309,24 71.946,47
368 0,80 57.302,22 71.946,47
369 0,80 57.307,49 71.946,47
370 0,80 57.308,18 71.946,47
371 0,80 57.302,34 71.946,47
372 0,80 57.301,67 71.946,47
373 0,80 57.297,47 71.946,47
374 0,80 57.305,05 71.946,47
375 0,80 57.308,56 71.946,47
376 0,80 57.297,77 71.946,47
377 0,80 57.297,19 71.946,47
378 0,80 57.297,19 71.946,47
379 0,80 57.308,48 71.946,47
380 0,80 57.302,44 71.946,47
381 0,80 57.299,91 71.946,47
382 0,80 57.297,59 71.946,47
383 0,80 57.297,45 71.946,47
384 0,80 57.297,42 71.946,47
385 0,80 57.297,36 71.946,47
386 0,80 57.297,20 71.946,47
387 0,80 57.297,20 71.946,47
388 0,80 57.304,57 71.946,47
389 0,80 57.308,17 71.946,47
390 0,80 57.306,89 71.946,47
391 0,80 57.302,53 71.946,47
392 0,80 57.308,32 71.946,47
393 0,80 57.298,48 71.946,47
394 0,80 57.297,57 71.946,47
395 0,80 57.297,38 71.946,47
396 0,80 57.297,36 71.946,47
397 0,80 57.297,58 71.946,47
398 0,80 57.297,50 71.946,47
399 0,80 57.297,71 71.946,47
400 0,80 57.298,08 71.946,47
401 0,80 57.297,37 71.946,47
402 0,80 57.297,54 71.946,47
403 0,80 57.297,35 71.946,47
404 0,80 57.297,37 71.946,47
405 0,80 57.297,83 71.946,47
406 0,80 57.298,22 71.946,47
407 0,80 57.298,24 71.946,47
408 0,80 57.297,74 71.946,47
409 0,80 57.297,97 71.946,47
410 0,80 57.297,75 71.946,47
411 0,80 57.297,93 71.946,47
412 0,80 57.298,04 71.946,47
413 0,80 57.298,63 71.946,47
414 0,80 57.297,97 71.946,47
415 0,80 57.298,36 71.946,47
416 0,80 57.298,15 71.946,47
417 0,80 57.297,48 71.946,47
418 0,80 57.297,75 71.946,47
419 0,80 57.297,72 71.946,47
420 0,80 57.297,84 71.946,47
421 0,80 57.297,77 71.946,47
422 0,80 57.297,31 71.946,47
423 0,80 57.297,79 71.946,47
424 0,80 57.297,95 71.946,47
425 0,80 57.298,60 71.946,47
426 0,80 57.297,86 71.946,47
427 0,80 57.297,31 71.946,47
428 0,80 57.297,65 71.946,47
429 0,80 57.297,37 71.946,47
430 0,80 57.297,43 71.946,47
431 0,80 57.297,35 71.946,47
432 0,80 57.297,41 71.946,47
433 0,80 57.297,56 71.946,47
434 0,80 57.297,34 71.946,47
435 0,80 57.300,59 71.946,47
436 0,80 57.300,20 71.946,47
437 0,80 57.299,76 71.946,47
438 0,80 57.298,17 71.946,47
439 0,80 57.297,20 71.946,47
440 0,80 57.297,53 71.946,47
441 0,80 57.297,29 71.946,47
442 0,80 57.297,22 71.946,47
443 0,80 57.297,21 71.946,47
444 0,80 57.298,05 71.946,47
445 0,80 57.297,32 71.946,47
446 0,80 57.299,49 71.946,47
447 0,80 57.297,41 71.946,47
448 0,80 57.297,19 71.946,47
449 0,80 57.297,13 71.946,47
450 0,80 57.297,85 71.946,47
451 0,80 57.297,66 71.946,47
452 0,80 57.297,38 71.946,47
453 0,80 57.297,94 71.946,47
454 0,80 57.297,67 71.946,47
455 0,80 57.297,37 71.946,47
456 0,80 57.297,22 71.946,47
457 0,80 57.297,18 71.946,47
458 0,80 57.297,25 71.946,47
459 0,80 57.297,29 71.946,47
460 0,80 57.297,23 71.946,47
461 0,80 57.297,57 71.946,47
462 0,80 57.297,36 71.946,47
463 0,80 57.297,26 71.946,47
464 0,80 57.297,40 71.946,47
465 0,80 57.297,37 71.946,47
466 0,80 57.297,62 71.946,47
467 0,80 57.297,55 71.946,47
468 0,80 57.297,20 71.946,47
469 0,80 57.297,33 71.946,47
470 0,80 57.297,20 71.946,47
471 0,80 57.297,44 71.946,47
472 0,80 57.297,38 71.946,47
473 0,80 57.297,80 71.946,47
474 0,80 57.297,39 71.946,47
475 0,80 57.297,76 71.946,47
476 0,80 57.297,40 71.946,47
477 0,80 57.297,62 71.946,47
478 0,80 57.298,11 71.946,47
479 0,80 57.297,68 71.946,47
480 0,80 57.297,46 71.946,47
481 0,80 57.297,64 71.946,47
482 0,80 57.297,93 71.946,47
483 0,80 57.297,48 71.946,47
484 0,80 57.297,25 71.946,47
485 0,80 57.297,25 71.946,47
486 0,80 57.297,24 71.946,47
487 0,80 57.297,22 71.946,47
488 0,80 57.297,22 71.946,47
489 0,80 57.297,22 71.946,47
490 0,80 57.297,13 71.946,47
491 0,80 57.297,13 71.946,47
492 0,80 57.297,13 71.946,47
493 0,80 57.297,13 71.946,47
494 0,80 57.297,12 71.946,47
495 0,80 57.297,11 71.946,47
496 0,80 57.297,11 71.946,47
497 0,80 57.297,10 71.946,47
498 0,80 57.297,10 71.946,47
499 0,80 57.297,10 71.946,47
