500
0 1,00 23.454,80 11.170,76
1 5,88 65.685,02 12.287,84
2 6,17 75.771,09 13.516,62
3 6,21 83.882,18 14.868,28
4 5,86 87.073,75 16.355,11
5 5,68 92.827,26 17.990,62
6 5,51 99.119,52 19.789,69
7 5,32 105.321,93 21.768,66
8 4,94 107.575,12 23.945,52
9 4,62 110.727,33 26.340,07
10 4,25 111.886,77 28.974,08
11 3,98 115.208,36 31.871,49
12 3,65 116.291,35 35.058,64
13 3,34 117.201,52 38.564,50
14 2,98 114.854,82 42.420,95
15 2,75 116.868,86 46.663,05
16 2,48 115.868,43 51.329,35
17 2,26 116.007,84 56.462,29
18 2,00 113.101,11 62.108,52
19 1,82 113.028,40 68.319,37
20 1,62 110.804,65 75.151,30
21 1,46 109.580,62 82.666,43
22 1,31 107.924,24 90.933,08
23 1,19 108.492,31 100.026,39
24 1,05 104.601,97 110.029,02
25 0,91 100.232,09 110.029,02
26 0,89 98.425,29 110.029,02
27 0,88 97.189,00 110.029,02
28 0,90 98.621,66 110.029,02
29 0,95 104.661,68 110.029,02
30 0,93 102.634,96 110.029,02
31 0,92 101.319,38 110.029,02
32 0,94 103.279,12 110.029,02
33 0,94 103.191,95 110.029,02
34 0,94 103.770,58 110.029,02
35 0,95 104.657,14 110.029,02
36 0,94 103.586,37 110.029,02
37 0,96 105.825,69 110.029,02
38 0,96 105.506,08 110.029,02
39 0,96 105.209,08 110.029,02
40 0,95 104.809,30 110.029,02
41 0,94 103.793,39 110.029,02
42 0,95 104.275,57 110.029,02
43 0,94 102.909,30 110.029,02
44 0,92 101.347,35 110.029,02
45 0,91 99.846,46 110.029,02
46 0,90 99.372,41 110.029,02
47 0,89 98.046,98 110.029,02
48 0,89 97.791,85 110.029,02
49 0,88 97.165,78 110.029,02
50 0,87 96.027,68 110.029,02
51 0,87 95.463,23 110.029,02
52 0,86 94.840,49 110.029,02
53 0,85 93.581,91 110.029,02
54 0,84 92.552,12 110.029,02
55 0,83 90.973,42 110.029,02
56 0,82 89.864,75 110.029,02
57 0,81 89.398,01 110.029,02
58 0,80 88.322,09 110.029,02
59 0,79 87.148,48 110.029,02
60 0,79 86.657,52 110.029,02
61 0,78 85.898,46 110.029,02
62 0,77 84.891,79 110.029,02
63 0,77 84.253,52 110.029,02
64 0,76 84.144,69 110.029,02
65 0,77 84.462,92 110.029,02
66 0,77 84.702,45 110.029,02
67 0,76 83.725,94 110.029,02
68 0,77 84.236,75 110.029,02
69 0,75 82.766,26 110.029,02
70 0,73 80.420,22 110.029,02
71 0,74 81.482,56 110.029,02
72 0,73 80.856,33 110.029,02
73 0,73 79.832,92 110.029,02
74 0,72 79.170,29 110.029,02
75 0,71 78.423,22 110.029,02
76 0,71 77.575,35 110.029,02
77 0,71 77.571,11 110.029,02
78 0,70 77.211,19 110.029,02
79 0,71 78.280,93 110.029,02
80 0,73 79.982,62 110.029,02
81 0,74 81.768,59 110.029,02
82 0,74 81.871,28 110.029,02
83 0,74 81.788,33 110.029,02
84 0,74 81.579,65 110.029,02
85 0,74 81.892,02 110.029,02
86 0,74 81.827,33 110.029,02
87 0,75 82.110,51 110.029,02
88 0,75 83.062,67 110.029,02
89 0,76 83.149,60 110.029,02
90 0,75 82.905,02 110.029,02
91 0,75 82.208,99 110.029,02
92 0,73 80.712,13 110.029,02
93 0,74 81.104,64 110.029,02
94 0,72 79.672,28 110.029,02
95 0,73 80.119,79 110.029,02
96 0,72 79.067,20 110.029,02
97 0,72 79.263,84 110.029,02
98 0,72 79.298,76 110.029,02
99 0,72 79.414,60 110.029,02
100 0,70 76.596,20 110.029,02
101 0,69 75.467,05 110.029,02
102 0,69 75.766,39 110.029,02
103 0,67 73.766,23 110.029,02
104 0,66 72.713,65 110.029,02
105 0,67 73.869,50 110.029,02
106 0,66 73.110,71 110.029,02
107 0,66 72.528,62 110.029,02
108 0,66 72.823,72 110.029,02
109 0,66 72.433,85 110.029,02
110 0,66 72.537,14 110.029,02
111 0,66 72.564,83 110.029,02
112 0,66 72.462,63 110.029,02
113 0,66 72.507,99 110.029,02
114 0,66 72.540,32 110.029,02
115 0,66 72.512,05 110.029,02
116 0,66 72.659,66 110.029,02
117 0,66 72.628,79 110.029,02
118 0,66 72.628,57 110.029,02
119 0,66 72.502,55 110.029,02
120 0,66 72.552,72 110.029,02
121 0,66 72.576,61 110.029,02
122 0,66 72.483,62 110.029,02
123 0,66 72.585,94 110.029,02
124 0,66 72.561,33 110.029,02
125 0,66 72.560,49 110.029,02
126 0,66 72.668,82 110.029,02
127 0,66 72.663,98 110.029,02
128 0,66 72.595,32 110.029,02
129 0,66 72.616,00 110.029,02
130 0,66 72.550,69 110.029,02
131 0,66 72.543,95 110.029,02
132 0,66 72.508,39 110.029,02
133 0,66 72.507,77 110.029,02
134 0,66 72.513,78 110.029,02
135 0,66 72.506,41 110.029,02
136 0,66 72.680,67 110.029,02
137 0,66 72.644,80 110.029,02
138 0,66 72.585,82 110.029,02
139 0,66 72.588,75 110.029,02
140 0,66 72.575,05 110.029,02
141 0,66 72.566,37 110.029,02
142 0,66 72.573,87 110.029,02
143 0,66 72.592,77 110.029,02
144 0,66 72.606,41 110.029,02
145 0,66 72.737,50 110.029,02
146 0,66 72.727,10 110.029,02
147 0,66 72.649,20 110.029,02
148 0,66 72.643,37 110.029,02
149 0,66 72.874,12 110.029,02
150 0,66 72.672,77 110.029,02
151 0,66 72.803,64 110.029,02
152 0,66 72.849,94 110.029,02
153 0,66 72.887,36 110.029,02
154 0,66 73.157,83 110.029,02
155 0,66 72.789,68 110.029,02
156 0,66 72.747,13 110.029,02
157 0,66 72.662,30 110.029,02
158 0,66 72.649,14 110.029,02
159 0,66 72.633,77 110.029,02
160 0,66 72.626,86 110.029,02
161 0,66 72.625,12 110.029,02
162 0,66 72.625,06 110.029,02
163 0,66 72.624,83 110.029,02
164 0,66 72.724,37 110.029,02
165 0,66 72.779,65 110.029,02
166 0,66 72.807,32 110.029,02
167 0,66 72.775,65 110.029,02
168 0,66 72.687,91 110.029,02
169 0,66 72.661,64 110.029,02
170 0,66 72.741,46 110.029,02
171 0,66 72.964,44 110.029,02
172 0,66 72.759,02 110.029,02
173 0,66 72.718,62 110.029,02
174 0,66 72.853,93 110.029,02
175 0,66 72.986,23 110.029,02
176 0,66 72.986,06 110.029,02
177 0,66 72.782,61 110.029,02
178 0,66 72.759,90 110.029,02
179 0,66 72.769,17 110.029,02
180 0,66 72.796,71 110.029,02
181 0,66 72.802,50 110.029,02
182 0,66 72.861,46 110.029,02
183 0,66 72.898,68 110.029,02
184 0,66 73.077,50 110.029,02
185 0,66 73.027,35 110.029,02
186 0,66 72.809,84 110.029,02
187 0,66 73.106,30 110.029,02
188 0,67 73.743,45 110.029,02
189 0,67 73.337,96 110.029,02
190 0,67 73.378,88 110.029,02
191 0,67 73.488,73 110.029,02
192 0,67 73.545,07 110.029,02
193 0,67 73.643,23 110.029,02
194 0,67 73.983,68 110.029,02
195 0,67 73.851,32 110.029,02
196 0,67 73.729,77 110.029,02
197 0,67 74.171,61 110.029,02
198 0,68 74.312,84 110.029,02
199 0,68 74.364,39 110.029,02
200 0,68 74.298,36 110.029,02
201 0,68 74.519,49 110.029,02
202 0,68 74.351,29 110.029,02
203 0,68 74.829,94 110.029,02
204 0,68 75.206,22 110.029,02
205 0,69 75.374,42 110.029,02
206 0,69 75.697,23 110.029,02
207 0,69 75.851,04 110.029,02
208 0,69 75.901,64 110.029,02
209 0,69 75.937,80 110.029,02
210 0,69 75.684,23 110.029,02
211 0,69 76.199,89 110.029,02
212 0,69 76.401,45 110.029,02
213 0,70 76.489,93 110.029,02
214 0,70 76.948,05 110.029,02
215 0,71 77.589,06 110.029,02
216 0,70 77.510,38 110.029,02
217 0,70 77.339,16 110.029,02
218 0,70 77.240,38 110.029,02
219 0,70 77.431,83 110.029,02
220 0,71 77.620,27 110.029,02
221 0,71 77.796,45 110.029,02
222 0,71 77.947,20 110.029,02
223 0,71 78.041,68 110.029,02
224 0,71 78.224,03 110.029,02
225 0,71 78.258,76 110.029,02
226 0,71 78.391,67 110.029,02
227 0,71 78.159,96 110.029,02
228 0,71 78.253,17 110.029,02
229 0,71 78.276,66 110.029,02
230 0,71 78.217,58 110.029,02
231 0,71 78.284,15 110.029,02
232 0,71 78.388,89 110.029,02
233 0,71 78.271,58 110.029,02
234 0,71 78.245,30 110.029,02
235 0,71 78.162,64 110.029,02
236 0,71 78.302,77 110.029,02
237 0,71 77.992,12 110.029,02
238 0,71 77.888,18 110.029,02
239 0,71 77.657,35 110.029,02
240 0,71 77.570,84 110.029,02
241 0,71 77.657,51 110.029,02
242 0,70 77.547,01 110.029,02
243 0,70 77.383,13 110.029,02
244 0,70 77.316,01 110.029,02
245 0,70 77.272,78 110.029,02
246 0,70 77.294,28 110.029,02
247 0,70 77.266,92 110.029,02
248 0,70 76.979,61 110.029,02
249 0,70 76.929,91 110.029,02
250 0,70 76.697,67 110.029,02
251 0,70 76.648,88 110.029,02
252 0,70 76.629,29 110.029,02
253 0,70 76.650,75 110.029,02
254 0,70 76.671,32 110.029,02
255 0,70 76.615,01 110.029,02
256 0,70 76.539,27 110.029,02
257 0,69 76.422,65 110.029,02
258 0,69 76.016,54 110.029,02
259 0,69 75.794,77 110.029,02
260 0,69 75.626,00 110.029,02
261 0,69 75.554,57 110.029,02
262 0,69 75.370,77 110.029,02
263 0,69 75.423,22 110.029,02
264 0,68 75.192,45 110.029,02
265 0,68 75.053,00 110.029,02
266 0,68 75.042,51 110.029,02
267 0,68 74.848,38 110.029,02
268 0,68 74.561,26 110.029,02
269 0,68 74.455,24 110.029,02
270 0,68 74.291,07 110.029,02
271 0,67 74.099,15 110.029,02
272 0,67 73.993,70 110.029,02
273 0,67 73.927,22 110.029,02
274 0,67 73.839,38 110.029,02
275 0,67 73.829,69 110.029,02
276 0,67 73.740,39 110.029,02
277 0,67 73.532,87 110.029,02
278 0,67 73.522,17 110.029,02
279 0,67 73.501,54 110.029,02
280 0,67 73.486,86 110.029,02
281 0,67 73.474,65 110.029,02
282 0,67 73.335,95 110.029,02
283 0,67 73.250,83 110.029,02
284 0,67 73.258,01 110.029,02
285 0,67 73.274,52 110.029,02
286 0,67 73.258,42 110.029,02
287 0,67 73.296,41 110.029,02
288 0,67 73.279,56 110.029,02
289 0,67 73.288,16 110.029,02
290 0,67 73.297,80 110.029,02
291 0,67 73.322,65 110.029,02
292 0,67 73.287,06 110.029,02
293 0,67 73.344,91 110.029,02
294 0,67 73.331,33 110.029,02
295 0,67 73.397,06 110.029,02
296 0,67 73.449,35 110.029,02
297 0,67 73.457,81 110.029,02
298 0,67 73.425,08 110.029,02
299 0,67 73.415,83 110.029,02
300 0,67 73.409,72 110.029,02
301 0,67 73.412,11 110.029,02
302 0,67 73.400,75 110.029,02
303 0,67 73.398,49 110.029,02
304 0,67 73.402,96 110.029,02
305 0,67 73.403,94 110.029,02
306 0,67 73.438,28 110.029,02
307 0,67 73.457,77 110.029,02
308 0,67 73.418,45 110.029,02
309 0,67 73.563,59 110.029,02
310 0,67 73.476,05 110.029,02
311 0,67 73.519,97 110.029,02
312 0,67 73.434,35 110.029,02
313 0,67 73.549,82 110.029,02
314 0,67 73.483,61 110.029,02
315 0,67 73.493,82 110.029,02
316 0,67 73.547,48 110.029,02
317 0,67 73.496,36 110.029,02
318 0,67 73.525,65 110.029,02
319 0,67 73.477,14 110.029,02
320 0,67 73.610,29 110.029,02
321 0,67 73.484,47 110.029,02
322 0,67 73.510,75 110.029,02
323 0,67 73.566,33 110.029,02
324 0,67 73.592,07 110.029,02
325 0,67 73.616,01 110.029,02
326 0,67 73.637,23 110.029,02
327 0,67 73.620,92 110.029,02
328 0,67 73.595,63 110.029,02
329 0,67 73.580,56 110.029,02
330 0,67 73.592,98 110.029,02
331 0,67 73.598,95 110.029,02
332 0,67 73.573,76 110.029,02
333 0,67 73.575,16 110.029,02
334 0,67 73.621,74 110.029,02
335 0,67 73.626,56 110.029,02
336 0,67 73.696,41 110.029,02
337 0,67 73.615,87 110.029,02
338 0,67 73.617,25 110.029,02
339 0,67 73.640,24 110.029,02
340 0,67 73.630,79 110.029,02
341 0,67 73.630,02 110.029,02
342 0,67 73.651,67 110.029,02
343 0,67 73.637,93 110.029,02
344 0,67 73.638,64 110.029,02
345 0,67 73.650,84 110.029,02
346 0,67 73.677,08 110.029,02
347 0,67 73.650,41 110.029,02
348 0,67 73.654,88 110.029,02
349 0,67 73.629,48 110.029,02
350 0,67 73.619,10 110.029,02
351 0,67 73.615,12 110.029,02
352 0,67 73.616,97 110.029,02
353 0,67 73.616,84 110.029,02
354 0,67 73.616,30 110.029,02
355 0,67 73.616,98 110.029,02
356 0,67 73.619,34 110.029,02
357 0,67 73.620,26 110.029,02
358 0,67 73.621,96 110.029,02
359 0,67 73.635,59 110.029,02
360 0,67 73.629,60 110.029,02
361 0,67 73.627,73 110.029,02
362 0,67 73.630,88 110.029,02
363 0,67 73.632,76 110.029,02
364 0,67 73.629,61 110.029,02
365 0,67 73.624,54 110.029,02
366 0,67 73.622,60 110.029,02
367 0,67 73.629,15 110.029,02
368 0,67 73.629,03 110.029,02
369 0,67 73.626,81 110.029,02
370 0,67 73.626,90 110.029,02
371 0,67 73.625,15 110.029,02
372 0,67 73.624,84 110.029,02
373 0,67 73.624,45 110.029,02
374 0,67 73.626,71 110.029,02
375 0,67 73.624,15 110.029,02
376 0,67 73.624,01 110.029,02
377 0,67 73.624,18 110.029,02
378 0,67 73.627,98 110.029,02
379 0,67 73.627,65 110.029,02
380 0,67 73.630,08 110.029,02
381 0,67 73.633,60 110.029,02
382 0,67 73.634,92 110.029,02
383 0,67 73.635,22 110.029,02
384 0,67 73.629,43 110.029,02
385 0,67 73.629,86 110.029,02
386 0,67 73.628,70 110.029,02
387 0,67 73.626,22 110.029,02
388 0,67 73.626,91 110.029,02
389 0,67 73.627,65 110.029,02
390 0,67 73.627,31 110.029,02
391 0,67 73.628,03 110.029,02
392 0,67 73.626,45 110.029,02
393 0,67 73.628,29 110.029,02
394 0,67 73.628,58 110.029,02
395 0,67 73.628,93 110.029,02
396 0,67 73.627,12 110.029,02
397 0,67 73.625,67 110.029,02
398 0,67 73.625,52 110.029,02
399 0,67 73.624,98 110.029,02
400 0,67 73.625,53 110.029,02
401 0,67 73.625,25 110.029,02
402 0,67 73.626,37 110.029,02
403 0,67 73.626,13 110.029,02
404 0,67 73.626,84 110.029,02
405 0,67 73.625,50 110.029,02
406 0,67 73.625,84 110.029,02
407 0,67 73.625,47 110.029,02
408 0,67 73.625,05 110.029,02
409 0,67 73.624,43 110.029,02
410 0,67 73.625,08 110.029,02
411 0,67 73.625,23 110.029,02
412 0,67 73.625,37 110.029,02
413 0,67 73.624,64 110.029,02
414 0,67 73.624,75 110.029,02
415 0,67 73.623,70 110.029,02
416 0,67 73.623,52 110.029,02
417 0,67 73.623,49 110.029,02
418 0,67 73.624,01 110.029,02
419 0,67 73.624,30 110.029,02
420 0,67 73.624,08 110.029,02
421 0,67 73.624,17 110.029,02
422 0,67 73.625,20 110.029,02
423 0,67 73.623,99 110.029,02
424 0,67 73.623,79 110.029,02
425 0,67 73.623,64 110.029,02
426 0,67 73.623,64 110.029,02
427 0,67 73.623,64 110.029,02
428 0,67 73.623,64 110.029,02
429 0,67 73.623,64 110.029,02
430 0,67 73.623,64 110.029,02
431 0,67 73.625,11 110.029,02
432 0,67 73.624,94 110.029,02
433 0,67 73.625,39 110.029,02
434 0,67 73.625,28 110.029,02
435 0,67 73.624,23 110.029,02
436 0,67 73.624,52 110.029,02
437 0,67 73.625,24 110.029,02
438 0,67 73.627,34 110.029,02
439 0,67 73.627,93 110.029,02
440 0,67 73.627,52 110.029,02
441 0,67 73.627,90 110.029,02
442 0,67 73.625,46 110.029,02
443 0,67 73.625,14 110.029,02
444 0,67 73.625,33 110.029,02
445 0,67 73.625,30 110.029,02
446 0,67 73.625,22 110.029,02
447 0,67 73.625,42 110.029,02
448 0,67 73.625,09 110.029,02
449 0,67 73.625,01 110.029,02
450 0,67 73.625,19 110.029,02
451 0,67 73.625,14 110.029,02
452 0,67 73.625,07 110.029,02
453 0,67 73.625,25 110.029,02
454 0,67 73.625,23 110.029,02
455 0,67 73.625,15 110.029,02
456 0,67 73.625,15 110.029,02
457 0,67 73.626,51 110.029,02
458 0,67 73.625,05 110.029,02
459 0,67 73.625,30 110.029,02
460 0,67 73.625,21 110.029,02
461 0,67 73.625,10 110.029,02
462 0,67 73.625,74 110.029,02
463 0,67 73.625,60 110.029,02
464 0,67 73.625,34 110.029,02
465 0,67 73.625,52 110.029,02
466 0,67 73.625,44 110.029,02
467 0,67 73.625,80 110.029,02
468 0,67 73.625,59 110.029,02
469 0,67 73.625,57 110.029,02
470 0,67 73.625,50 110.029,02
471 0,67 73.625,72 110.029,02
472 0,67 73.625,07 110.029,02
473 0,67 73.626,36 110.029,02
474 0,67 73.626,06 110.029,02
475 0,67 73.626,18 110.029,02
476 0,67 73.626,17 110.029,02
477 0,67 73.625,28 110.029,02
478 0,67 73.625,03 110.029,02
479 0,67 73.625,02 110.029,02
480 0,67 73.625,02 110.029,02
481 0,67 73.625,00 110.029,02
482 0,67 73.625,00 110.029,02
483 0,67 73.625,00 110.029,02
484 0,67 73.625,00 110.029,02
485 0,67 73.625,00 110.029,02
486 0,67 73.624,97 110.029,02
487 0,67 73.624,95 110.029,02
488 0,67 73.624,95 110.029,02
489 0,67 73.624,95 110.029,02
490 0,67 73.624,96 110.029,02
491 0,67 73.625,24 110.029,02
492 0,67 73.625,08 110.029,02
493 0,67 73.625,44 110.029,02
494 0,67 73.626,10 110.029,02
495 0,67 73.626,10 110.029,02
496 0,67 73.625,75 110.029,02
497 0,67 73.626,02 110.029,02
498 0,67 73.625,58 110.029,02
499 0,67 73.625,97 110.029,02
