500
0 1,00 73.665,62 62.882,31
1 1,19 74.562,40 62.890,31
2 1,12 70.622,26 62.900,31
3 1,07 67.241,83 62.909,31
4 1,11 69.811,46 62.926,31
5 1,12 70.680,80 62.944,31
6 1,12 70.205,42 62.969,31
7 1,07 67.646,68 62.995,31
8 1,10 69.351,55 63.026,31
9 1,11 70.071,60 63.063,31
10 1,10 69.367,53 63.102,31
11 1,10 69.677,71 63.145,31
12 1,10 69.761,50 63.193,31
13 1,11 70.422,95 63.244,31
14 1,11 70.459,23 63.298,31
15 1,12 70.631,22 63.354,31
16 1,11 70.434,14 63.414,31
17 1,11 70.374,02 63.477,31
18 1,11 70.499,47 63.543,31
19 1,11 70.567,89 63.613,31
20 1,11 70.510,62 63.685,31
21 1,11 70.519,23 63.760,31
22 1,11 70.460,41 63.839,31
23 1,11 70.578,44 63.923,31
24 1,10 70.450,38 64.009,31
25 1,10 70.553,35 64.099,31
26 1,10 70.457,81 64.192,31
27 1,10 70.579,81 64.289,31
28 1,10 70.484,10 64.387,31
29 1,10 70.528,21 64.489,31
30 1,09 70.482,62 64.590,31
31 1,09 70.548,52 64.694,31
32 1,09 70.498,17 64.800,31
33 1,09 70.536,09 64.910,31
34 1,09 70.500,15 65.022,31
35 1,08 70.530,54 65.141,31
36 1,08 70.512,30 65.263,31
37 1,08 70.523,56 65.389,31
38 1,08 70.509,73 65.516,31
39 1,08 70.509,73 65.645,31
40 1,07 70.509,73 65.777,31
41 1,07 70.509,73 65.911,31
42 1,07 70.509,73 66.049,31
43 1,07 70.509,73 66.193,31
44 1,07 70.509,73 66.340,31
45 1,06 70.509,73 66.488,31
46 1,06 70.497,15 66.641,31
47 1,06 70.497,15 66.797,31
48 1,06 70.497,15 66.954,31
49 1,05 70.497,15 67.117,31
50 1,05 70.497,15 67.284,31
51 1,05 70.497,15 67.455,31
52 1,05 70.497,15 67.629,31
53 1,04 70.497,15 67.805,31
54 1,04 70.497,15 67.983,31
55 1,04 70.497,15 68.163,31
56 1,03 70.497,15 68.346,31
57 1,03 70.497,15 68.531,31
58 1,03 70.497,15 68.724,31
59 1,03 70.497,15 68.921,31
60 1,02 70.497,15 69.121,31
61 1,02 70.497,09 69.326,31
62 1,02 70.497,09 69.533,31
63 1,01 70.493,29 69.743,31
64 1,01 70.493,29 69.955,31
65 1,01 70.493,29 70.169,31
66 1,00 70.493,29 70.384,31
67 1,00 70.493,29 70.605,31
68 1,00 70.493,29 70.828,31
69 1,00 70.493,29 71.055,31
70 0,99 70.493,29 71.290,31
71 0,99 70.493,29 71.530,31
72 0,99 70.493,29 71.772,31
73 0,98 70.493,29 72.016,31
74 0,98 70.493,29 72.263,31
75 0,98 70.493,29 72.511,31
76 0,97 70.493,29 72.764,31
77 0,97 70.493,29 73.019,31
78 0,97 70.493,29 73.278,31
79 0,96 70.493,29 73.539,31
80 0,96 70.493,29 73.803,31
81 0,96 70.493,29 74.070,31
82 0,95 70.493,29 74.340,31
83 0,95 70.493,29 74.613,31
84 0,94 70.493,29 74.890,31
85 0,94 70.493,29 75.171,31
86 0,94 70.493,29 75.456,31
87 0,93 70.493,29 75.744,31
88 0,93 70.493,29 76.035,31
89 0,93 70.493,29 76.329,31
90 0,92 70.486,93 76.624,31
91 0,92 70.486,93 76.925,31
92 0,92 70.486,93 77.230,31
93 0,91 70.486,93 77.536,31
94 0,91 70.486,93 77.848,31
95 0,91 70.486,93 78.164,31
96 0,90 70.486,93 78.483,31
97 0,90 70.486,93 78.804,31
98 0,89 70.486,93 79.130,31
99 0,89 70.486,93 79.459,31
100 0,89 70.486,93 79.789,31
101 0,88 70.486,93 80.122,31
102 0,88 70.486,93 80.457,31
103 0,88 70.486,93 80.798,31
104 0,87 70.486,93 81.140,31
105 0,87 70.486,93 81.486,31
106 0,87 70.496,50 81.838,31
107 0,86 70.490,84 82.195,31
108 0,86 70.490,84 82.553,31
109 0,85 70.490,84 82.913,31
110 0,85 70.490,84 83.278,31
111 0,85 70.490,84 83.645,31
112 0,84 70.490,84 84.016,31
113 0,84 70.490,84 84.393,31
114 0,84 70.490,84 84.774,31
115 0,83 70.485,37 85.156,31
116 0,83 70.485,37 85.542,31
117 0,82 70.485,37 85.930,31
118 0,82 70.485,37 86.322,31
119 0,82 70.485,37 86.719,31
120 0,81 70.482,71 87.120,31
121 0,81 70.482,71 87.525,31
122 0,81 70.482,71 87.931,31
123 0,80 70.482,71 88.340,31
124 0,80 70.482,71 88.752,31
125 0,79 70.482,71 89.167,31
126 0,79 70.482,71 89.585,31
127 0,79 70.482,71 90.006,31
128 0,78 70.480,17 90.430,31
129 0,78 70.480,17 90.856,31
130 0,78 70.480,17 91.287,31
131 0,77 70.480,17 91.721,31
132 0,77 70.480,17 92.155,31
133 0,76 70.480,17 92.594,31
134 0,76 70.480,17 93.037,31
135 0,76 70.480,17 93.484,31
136 0,75 70.480,17 93.934,31
137 0,75 70.480,17 94.387,31
138 0,75 70.480,17 94.842,31
139 0,74 70.477,76 95.300,31
140 0,74 70.477,76 95.762,31
141 0,74 70.477,76 96.228,31
142 0,73 70.477,76 96.698,31
143 0,73 70.477,76 97.172,31
144 0,73 70.477,76 97.648,31
145 0,72 70.477,76 98.127,31
146 0,72 70.477,76 98.607,31
147 0,71 70.477,76 99.093,31
148 0,71 70.477,76 99.583,31
149 0,71 70.477,76 100.075,31
150 0,70 70.477,76 100.571,31
151 0,70 70.477,76 101.070,31
152 0,70 70.477,76 101.572,31
153 0,69 70.477,76 102.076,31
154 0,69 70.477,76 102.586,31
155 0,69 70.477,76 103.101,31
156 0,68 70.477,76 103.618,31
157 0,68 70.477,76 104.138,31
158 0,68 70.477,76 104.662,31
159 0,67 70.477,76 105.189,31
160 0,67 70.477,76 105.717,31
161 0,67 70.477,76 106.250,31
162 0,66 70.477,76 106.789,31
163 0,66 70.477,76 107.331,31
164 0,66 70.477,76 107.875,31
165 0,65 70.477,76 108.422,31
166 0,65 70.477,76 108.973,31
167 0,65 70.477,76 109.526,31
168 0,64 70.477,76 110.084,31
169 0,64 70.477,76 110.647,31
170 0,64 70.477,76 111.213,31
171 0,63 70.477,76 111.782,31
172 0,63 70.477,76 112.353,31
173 0,63 70.477,76 112.926,31
174 0,62 70.477,76 113.501,31
175 0,62 70.477,76 114.080,31
176 0,62 70.477,76 114.661,31
177 0,61 70.477,76 115.246,31
178 0,61 70.477,76 115.834,31
179 0,61 70.477,76 116.427,31
180 0,61 70.477,76 117.025,31
181 0,60 70.477,76 117.625,31
182 0,60 70.477,76 118.229,31
183 0,60 70.477,76 118.834,31
184 0,59 70.477,76 119.441,31
185 0,59 70.477,76 120.051,31
186 0,59 70.477,76 120.665,31
187 0,58 70.477,76 121.282,31
188 0,58 70.477,76 121.903,31
189 0,58 70.477,76 122.527,31
190 0,58 70.477,76 123.156,31
191 0,57 70.477,76 123.791,31
192 0,57 70.477,76 124.427,31
193 0,57 70.477,76 125.067,31
194 0,56 70.477,76 125.709,31
195 0,56 70.477,76 126.353,31
196 0,56 70.477,76 127.001,31
197 0,55 70.477,76 127.653,31
198 0,55 70.477,76 128.308,31
199 0,55 70.477,76 128.965,31
200 0,55 70.477,76 129.623,31
201 0,54 70.477,76 130.283,31
202 0,54 70.477,76 130.951,31
203 0,54 70.477,76 131.625,31
204 0,54 70.477,76 132.303,31
205 0,53 70.477,76 132.985,31
206 0,53 70.477,76 133.669,31
207 0,53 70.477,76 134.356,31
208 0,52 70.477,76 135.045,31
209 0,52 70.477,76 135.735,31
210 0,52 70.477,76 136.427,31
211 0,52 70.477,76 137.125,31
212 0,51 70.477,76 137.825,31
213 0,51 70.477,76 138.530,31
214 0,51 70.477,76 139.242,31
215 0,51 70.477,76 139.958,31
216 0,50 70.477,76 140.675,31
217 0,50 70.477,76 141.397,31
218 0,50 70.477,76 142.121,31
219 0,50 70.477,76 142.846,31
220 0,49 70.477,76 143.575,31
221 0,49 70.477,76 144.306,31
222 0,49 70.477,76 145.041,31
223 0,49 70.477,76 145.778,31
224 0,48 70.477,76 146.521,31
225 0,48 70.477,76 147.267,31
226 0,48 70.477,76 148.016,31
227 0,48 70.477,76 148.767,31
228 0,47 70.477,76 149.522,31
229 0,47 70.477,76 150.281,31
230 0,47 70.477,76 151.042,31
231 0,47 70.477,76 151.807,31
232 0,46 70.477,76 152.578,31
233 0,46 70.477,76 153.351,31
234 0,46 70.477,76 154.125,31
235 0,46 70.477,76 154.904,31
236 0,45 70.477,76 155.684,31
237 0,45 70.477,76 156.467,31
238 0,45 70.477,76 157.256,31
239 0,45 70.477,76 158.050,31
240 0,45 70.477,76 158.848,31
241 0,44 70.477,76 159.647,31
242 0,44 70.477,76 160.450,31
243 0,44 70.477,76 161.255,31
244 0,44 70.477,76 162.061,31
245 0,43 70.477,76 162.871,31
246 0,43 70.477,76 163.685,31
247 0,43 70.477,76 164.502,31
248 0,43 70.477,76 165.321,31
249 0,43 70.477,76 166.143,31
250 0,42 70.477,76 166.970,31
251 0,42 70.477,76 167.800,31
252 0,42 70.477,76 168.633,31
253 0,42 70.477,76 169.469,31
254 0,42 70.477,76 170.310,31
255 0,41 70.477,76 171.154,31
256 0,41 70.477,76 172.003,31
257 0,41 70.477,76 172.856,31
258 0,41 70.477,76 173.712,31
259 0,41 70.477,76 174.572,31
260 0,40 70.477,76 175.436,31
261 0,40 70.477,76 176.300,31
262 0,40 70.477,76 177.168,31
263 0,40 70.477,76 178.040,31
264 0,40 70.477,76 178.913,31
265 0,39 70.477,76 179.789,31
266 0,39 70.477,76 180.671,31
267 0,39 70.477,76 181.558,31
268 0,39 70.477,76 182.447,31
269 0,39 70.477,76 183.340,31
270 0,38 70.477,76 184.237,31
271 0,38 70.477,76 185.136,31
272 0,38 70.477,76 186.037,31
273 0,38 70.477,76 186.942,31
274 0,38 70.477,76 187.854,31
275 0,38 70.477,76 188.768,31
276 0,37 70.477,76 189.686,31
277 0,37 70.477,76 190.608,31
278 0,37 70.477,76 191.533,31
279 0,37 70.477,76 192.460,31
280 0,37 70.477,76 193.391,31
281 0,36 70.477,76 194.325,31
282 0,36 70.477,76 195.261,31
283 0,36 70.477,76 196.200,31
284 0,36 70.477,76 197.143,31
285 0,36 70.477,76 198.088,31
286 0,36 70.477,76 199.036,31
287 0,35 70.477,76 199.990,31
288 0,35 70.477,76 200.947,31
289 0,35 70.477,76 201.907,31
290 0,35 70.477,76 202.872,31
291 0,35 70.477,76 203.838,31
292 0,35 70.477,76 204.807,31
293 0,34 70.477,76 205.777,31
294 0,34 70.477,76 206.752,31
295 0,34 70.477,76 207.730,31
296 0,34 70.477,76 208.711,31
297 0,34 70.477,76 209.694,31
298 0,34 70.477,76 210.681,31
299 0,33 70.477,76 211.671,31
300 0,33 70.477,76 212.662,31
301 0,33 70.477,76 213.660,31
302 0,33 70.477,76 214.660,31
303 0,33 70.477,76 215.664,31
304 0,33 70.477,76 216.670,31
305 0,33 70.477,76 217.680,31
306 0,32 70.477,76 218.694,31
307 0,32 70.477,76 219.712,31
308 0,32 70.477,76 220.733,31
309 0,32 70.477,76 221.757,31
310 0,32 70.477,76 222.786,31
311 0,32 70.477,76 223.819,31
312 0,31 70.477,76 224.857,31
313 0,31 70.477,76 225.898,31
314 0,31 70.477,76 226.941,31
315 0,31 70.477,76 227.987,31
316 0,31 70.477,76 229.035,31
317 0,31 70.477,76 230.085,31
318 0,31 70.477,76 231.139,31
319 0,30 70.477,76 232.197,31
320 0,30 70.477,76 233.256,31
321 0,30 70.477,76 234.320,31
322 0,30 70.477,76 235.391,31
323 0,30 70.477,76 236.468,31
324 0,30 70.477,76 237.549,31
325 0,30 70.477,76 238.632,31
326 0,30 70.477,76 239.718,31
327 0,29 70.477,76 240.806,31
328 0,29 70.477,76 241.896,31
329 0,29 70.477,76 242.990,31
330 0,29 70.477,76 244.087,31
331 0,29 70.477,76 245.186,31
332 0,29 70.477,76 246.288,31
333 0,29 70.477,76 247.392,31
334 0,28 70.477,76 248.501,31
335 0,28 70.477,76 249.612,31
336 0,28 70.477,76 250.727,31
337 0,28 70.477,76 251.847,31
338 0,28 70.477,76 252.969,31
339 0,28 70.477,76 254.095,31
340 0,28 70.477,76 255.222,31
341 0,28 70.477,76 256.354,31
342 0,27 70.477,76 257.487,31
343 0,27 70.477,76 258.624,31
344 0,27 70.477,76 259.764,31
345 0,27 70.477,76 260.907,31
346 0,27 70.477,76 262.055,31
347 0,27 70.477,76 263.206,31
348 0,27 70.477,76 264.360,31
349 0,27 70.477,76 265.519,31
350 0,27 70.477,76 266.682,31
351 0,26 70.477,76 267.848,31
352 0,26 70.477,76 269.016,31
353 0,26 70.477,76 270.184,31
354 0,26 70.477,76 271.355,31
355 0,26 70.477,76 272.531,31
356 0,26 70.477,76 273.712,31
357 0,26 70.477,76 274.897,31
358 0,26 70.477,76 276.090,31
359 0,26 70.477,76 277.287,31
360 0,25 70.477,76 278.485,31
361 0,25 70.477,76 279.686,31
362 0,25 70.477,76 280.889,31
363 0,25 70.477,76 282.093,31
364 0,25 70.477,76 283.303,31
365 0,25 70.477,76 284.515,31
366 0,25 70.477,76 285.730,31
367 0,25 70.477,76 286.948,31
368 0,25 70.477,76 288.169,31
369 0,24 70.477,76 289.392,31
370 0,24 70.477,76 290.620,31
371 0,24 70.477,76 291.854,31
372 0,24 70.477,76 293.089,31
373 0,24 70.477,76 294.332,31
374 0,24 70.477,76 295.576,31
375 0,24 70.477,76 296.825,31
376 0,24 70.477,76 298.076,31
377 0,24 70.477,76 299.329,31
378 0,24 70.477,76 300.586,31
379 0,23 70.477,76 301.847,31
380 0,23 70.477,76 303.110,31
381 0,23 70.477,76 304.374,31
382 0,23 70.477,76 305.644,31
383 0,23 70.477,76 306.917,31
384 0,23 70.477,76 308.192,31
385 0,23 70.477,76 309.471,31
386 0,23 70.477,76 310.754,31
387 0,23 70.477,76 312.038,31
388 0,23 70.477,76 313.326,31
389 0,22 70.477,76 314.617,31
390 0,22 70.477,76 315.910,31
391 0,22 70.477,76 317.206,31
392 0,22 70.477,76 318.507,31
393 0,22 70.477,76 319.812,31
394 0,22 70.477,76 321.121,31
395 0,22 70.477,76 322.433,31
396 0,22 70.477,76 323.748,31
397 0,22 70.477,76 325.065,31
398 0,22 70.477,76 326.384,31
399 0,22 70.477,76 327.706,31
400 0,22 70.477,76 329.033,31
401 0,21 70.477,76 330.364,31
402 0,21 70.477,76 331.698,31
403 0,21 70.477,76 333.036,31
404 0,21 70.477,76 334.376,31
405 0,21 70.477,76 335.717,31
406 0,21 70.477,76 337.064,31
407 0,21 70.477,76 338.416,31
408 0,21 70.477,76 339.769,31
409 0,21 70.477,76 341.127,31
410 0,21 70.477,76 342.489,31
411 0,21 70.477,76 343.855,31
412 0,20 70.477,76 345.222,31
413 0,20 70.477,76 346.593,31
414 0,20 70.477,76 347.967,31
415 0,20 70.477,76 349.343,31
416 0,20 70.477,76 350.721,31
417 0,20 70.477,76 352.101,31
418 0,20 70.477,76 353.488,31
419 0,20 70.477,76 354.877,31
420 0,20 70.477,76 356.270,31
421 0,20 70.477,76 357.667,31
422 0,20 70.477,76 359.070,31
423 0,20 70.477,76 360.476,31
424 0,20 70.477,76 361.884,31
425 0,19 70.477,76 363.296,31
426 0,19 70.477,76 364.710,31
427 0,19 70.477,76 366.129,31
428 0,19 70.477,76 367.551,31
429 0,19 70.477,76 368.976,31
430 0,19 70.477,76 370.404,31
431 0,19 70.477,76 371.836,31
432 0,19 70.477,76 373.271,31
433 0,19 70.477,76 374.709,31
434 0,19 70.477,76 376.151,31
435 0,19 70.477,76 377.595,31
436 0,19 70.477,76 379.042,31
437 0,19 70.477,76 380.490,31
438 0,19 70.477,76 381.943,31
439 0,18 70.477,76 383.398,31
440 0,18 70.477,76 384.857,31
441 0,18 70.477,76 386.321,31
442 0,18 70.477,76 387.790,31
443 0,18 70.477,76 389.265,31
444 0,18 70.477,76 390.741,31
445 0,18 70.477,76 392.222,31
446 0,18 70.477,76 393.704,31
447 0,18 70.477,76 395.189,31
448 0,18 70.477,76 396.677,31
449 0,18 70.477,76 398.169,31
450 0,18 70.477,76 399.662,31
451 0,18 70.477,76 401.158,31
452 0,18 70.477,76 402.657,31
453 0,18 70.477,76 404.158,31
454 0,17 70.477,76 405.663,31
455 0,17 70.477,76 407.173,31
456 0,17 70.477,76 408.686,31
457 0,17 70.477,76 410.202,31
458 0,17 70.477,76 411.722,31
459 0,17 70.477,76 413.246,31
460 0,17 70.477,76 414.773,31
461 0,17 70.477,76 416.301,31
462 0,17 70.477,76 417.834,31
463 0,17 70.477,76 419.371,31
464 0,17 70.477,76 420.910,31
465 0,17 70.477,76 422.453,31
466 0,17 70.477,76 424.002,31
467 0,17 70.477,76 425.555,31
468 0,17 70.477,76 427.109,31
469 0,17 70.477,76 428.666,31
470 0,16 70.477,76 430.228,31
471 0,16 70.477,76 431.791,31
472 0,16 70.477,76 433.356,31
473 0,16 70.477,76 434.924,31
474 0,16 70.477,76 436.497,31
475 0,16 70.477,76 438.073,31
476 0,16 70.477,76 439.654,31
477 0,16 70.477,76 441.242,31
478 0,16 70.477,76 442.834,31
479 0,16 70.477,76 444.428,31
480 0,16 70.477,76 446.024,31
481 0,16 70.477,76 447.623,31
482 0,16 70.477,76 449.223,31
483 0,16 70.477,76 450.828,31
484 0,16 70.477,76 452.436,31
485 0,16 70.477,76 454.047,31
486 0,16 70.477,76 455.661,31
487 0,15 70.477,76 457.277,31
488 0,15 70.477,76 458.896,31
489 0,15 70.477,76 460.515,31
490 0,15 70.477,76 462.141,31
491 0,15 70.477,76 463.771,31
492 0,15 70.477,76 465.406,31
493 0,15 70.477,76 467.044,31
494 0,15 70.477,76 468.686,31
495 0,15 70.477,76 470.331,31
496 0,15 70.477,76 471.976,31
497 0,15 70.477,76 473.625,31
498 0,15 70.477,76 475.278,31
499 0,15 70.477,76 476.935,31
