500
0 1,00 63.843,60 55.749,17
1 0,99 55.366,77 55.749,17
2 1,62 90.332,24 61.324,09
3 1,70 104.497,65 67.456,50
4 1,59 107.102,00 74.202,14
5 1,42 105.620,63 81.622,36
6 1,18 96.146,82 89.784,60
7 0,91 82.008,08 89.784,60
8 0,87 78.047,34 89.784,60
9 0,79 70.681,93 89.784,60
10 0,70 62.966,03 89.784,60
11 0,61 54.578,61 89.784,60
12 0,59 53.299,52 89.784,60
13 0,56 50.588,10 89.784,60
14 0,54 48.500,42 89.784,60
15 0,52 46.632,76 89.784,60
16 0,51 45.514,03 89.784,60
17 0,47 42.592,52 89.784,60
18 0,44 39.727,66 89.784,60
19 0,46 41.730,53 89.784,60
20 0,44 39.810,39 89.784,60
21 0,43 38.279,19 89.784,60
22 0,43 38.773,40 89.784,60
23 0,45 40.061,10 89.784,60
24 0,47 42.486,15 89.784,60
25 0,49 43.811,18 89.784,60
26 0,48 43.067,02 89.784,60
27 0,44 39.831,23 89.784,60
28 0,42 37.628,78 89.784,60
29 0,39 35.027,20 89.784,60
30 0,33 29.451,66 89.784,60
31 0,20 17.977,88 89.784,60
32 0,17 15.423,73 89.784,60
33 0,08 6.841,60 89.784,60
34 0,09 7.824,77 89.784,60
35 0,11 9.877,79 89.784,60
36 0,07 6.253,99 89.784,60
37 0,08 6.814,24 89.784,60
38 0,07 6.679,90 89.784,60
39 0,07 6.460,10 89.784,60
40 0,08 7.178,17 89.784,60
41 0,08 7.333,03 89.784,60
42 0,09 8.191,63 89.784,60
43 0,10 9.302,15 89.784,60
44 0,09 7.922,05 89.784,60
45 0,09 8.030,08 89.784,60
46 0,09 8.043,27 89.784,60
47 0,09 8.233,10 89.784,60
48 0,09 8.333,92 89.784,60
49 0,09 8.379,33 89.784,60
50 0,10 8.713,66 89.784,60
51 0,10 8.597,36 89.784,60
52 0,10 8.666,53 89.784,60
53 0,10 8.705,29 89.784,60
54 0,10 8.775,85 89.784,60
55 0,12 11.150,77 89.784,60
56 0,10 9.205,45 89.784,60
57 0,11 9.525,07 89.784,60
58 0,11 9.468,19 89.784,60
59 0,11 9.805,39 89.784,60
60 0,10 9.414,92 89.784,60
61 0,10 9.420,84 89.784,60
62 0,10 9.424,76 89.784,60
63 0,11 9.559,35 89.784,60
64 0,11 9.603,76 89.784,60
65 0,13 11.987,48 89.784,60
66 0,11 9.804,72 89.784,60
67 0,11 9.757,95 89.784,60
68 0,11 10.179,96 89.784,60
69 0,13 11.309,39 89.784,60
70 0,12 10.621,48 89.784,60
71 0,12 10.450,08 89.784,60
72 0,13 11.466,37 89.784,60
73 0,12 10.490,27 89.784,60
74 0,12 10.454,37 89.784,60
75 0,13 11.277,46 89.784,60
76 0,13 11.845,81 89.784,60
77 0,14 12.364,42 89.784,60
78 0,15 13.390,14 89.784,60
79 0,15 13.042,59 89.784,60
80 0,13 11.732,27 89.784,60
81 0,13 12.008,28 89.784,60
82 0,13 11.478,00 89.784,60
83 0,13 11.740,38 89.784,60
84 0,12 11.086,48 89.784,60
85 0,14 12.329,26 89.784,60
86 0,13 11.440,34 89.784,60
87 0,13 11.276,47 89.784,60
88 0,13 11.282,31 89.784,60
89 0,12 11.199,01 89.784,60
90 0,13 11.369,07 89.784,60
91 0,13 11.227,74 89.784,60
92 0,13 11.595,19 89.784,60
93 0,13 11.517,44 89.784,60
94 0,14 12.479,94 89.784,60
95 0,15 13.555,61 89.784,60
96 0,14 12.872,44 89.784,60
97 0,15 13.560,68 89.784,60
98 0,16 14.380,44 89.784,60
99 0,17 15.363,96 89.784,60
100 0,15 13.174,50 89.784,60
101 0,13 11.577,90 89.784,60
102 0,14 12.140,73 89.784,60
103 0,13 11.768,67 89.784,60
104 0,16 14.247,45 89.784,60
105 0,22 20.125,33 89.784,60
106 0,18 16.259,83 89.784,60
107 0,20 17.631,82 89.784,60
108 0,21 18.549,58 89.784,60
109 0,22 19.715,79 89.784,60
110 0,23 20.319,62 89.784,60
111 0,22 19.845,93 89.784,60
112 0,23 20.276,74 89.784,60
113 0,22 20.085,10 89.784,60
114 0,22 20.112,83 89.784,60
115 0,21 19.227,82 89.784,60
116 0,22 19.476,83 89.784,60
117 0,22 19.617,63 89.784,60
118 0,22 19.691,37 89.784,60
119 0,22 19.868,14 89.784,60
120 0,22 19.645,34 89.784,60
121 0,22 19.820,96 89.784,60
122 0,21 19.224,35 89.784,60
123 0,21 19.226,74 89.784,60
124 0,22 19.342,13 89.784,60
125 0,21 19.193,78 89.784,60
126 0,21 19.216,76 89.784,60
127 0,22 19.824,19 89.784,60
128 0,22 19.881,03 89.784,60
129 0,22 20.000,96 89.784,60
130 0,20 18.166,75 89.784,60
131 0,21 19.138,09 89.784,60
132 0,20 18.389,68 89.784,60
133 0,21 18.797,31 89.784,60
134 0,21 19.091,34 89.784,60
135 0,21 18.815,08 89.784,60
136 0,20 18.076,20 89.784,60
137 0,19 17.163,01 89.784,60
138 0,17 15.014,53 89.784,60
139 0,16 14.478,84 89.784,60
140 0,16 14.515,69 89.784,60
141 0,15 13.486,80 89.784,60
142 0,15 13.451,32 89.784,60
143 0,15 13.550,98 89.784,60
144 0,15 13.072,86 89.784,60
145 0,14 12.160,18 89.784,60
146 0,13 11.840,88 89.784,60
147 0,13 11.921,50 89.784,60
148 0,13 12.084,97 89.784,60
149 0,13 12.120,42 89.784,60
150 0,13 12.049,00 89.784,60
151 0,14 12.203,98 89.784,60
152 0,14 12.158,08 89.784,60
153 0,14 12.350,05 89.784,60
154 0,14 12.708,02 89.784,60
155 0,14 12.805,79 89.784,60
156 0,15 13.287,50 89.784,60
157 0,14 12.964,33 89.784,60
158 0,14 12.517,46 89.784,60
159 0,14 12.220,27 89.784,60
160 0,13 12.112,72 89.784,60
161 0,13 11.893,35 89.784,60
162 0,13 11.844,63 89.784,60
163 0,13 11.815,56 89.784,60
164 0,13 11.795,32 89.784,60
165 0,13 11.782,67 89.784,60
166 0,13 11.764,50 89.784,60
167 0,13 11.811,48 89.784,60
168 0,13 11.890,82 89.784,60
169 0,13 11.905,28 89.784,60
170 0,13 11.880,22 89.784,60
171 0,13 11.848,47 89.784,60
172 0,13 12.030,61 89.784,60
173 0,13 12.022,11 89.784,60
174 0,13 12.030,19 89.784,60
175 0,13 11.983,19 89.784,60
176 0,13 11.886,14 89.784,60
177 0,13 11.858,60 89.784,60
178 0,13 11.835,52 89.784,60
179 0,13 11.795,20 89.784,60
180 0,13 12.002,35 89.784,60
181 0,14 12.200,46 89.784,60
182 0,13 11.977,08 89.784,60
183 0,13 12.062,60 89.784,60
184 0,13 11.929,60 89.784,60
185 0,13 11.847,30 89.784,60
186 0,13 11.816,24 89.784,60
187 0,13 11.802,12 89.784,60
188 0,13 11.801,35 89.784,60
189 0,13 12.065,42 89.784,60
190 0,13 11.943,69 89.784,60
191 0,13 11.954,29 89.784,60
192 0,13 11.975,09 89.784,60
193 0,13 12.027,74 89.784,60
194 0,13 12.064,94 89.784,60
195 0,14 12.869,26 89.784,60
196 0,15 13.106,10 89.784,60
197 0,15 13.514,03 89.784,60
198 0,13 12.073,96 89.784,60
199 0,14 12.274,67 89.784,60
200 0,14 12.851,67 89.784,60
201 0,13 12.065,09 89.784,60
202 0,13 11.926,30 89.784,60
203 0,13 11.863,82 89.784,60
204 0,13 11.832,19 89.784,60
205 0,13 11.827,57 89.784,60
206 0,13 11.832,39 89.784,60
207 0,13 11.831,32 89.784,60
208 0,13 11.825,06 89.784,60
209 0,13 11.826,42 89.784,60
210 0,13 12.069,26 89.784,60
211 0,13 12.047,43 89.784,60
212 0,14 12.407,55 89.784,60
213 0,14 12.188,59 89.784,60
214 0,14 12.529,81 89.784,60
215 0,14 12.722,33 89.784,60
216 0,14 12.824,20 89.784,60
217 0,14 12.252,44 89.784,60
218 0,13 12.039,12 89.784,60
219 0,14 12.150,34 89.784,60
220 0,13 12.020,49 89.784,60
221 0,13 11.866,94 89.784,60
222 0,13 11.938,32 89.784,60
223 0,13 11.921,28 89.784,60
224 0,13 11.939,00 89.784,60
225 0,13 11.882,98 89.784,60
226 0,13 11.897,32 89.784,60
227 0,13 11.895,03 89.784,60
228 0,13 11.916,24 89.784,60
229 0,13 11.892,98 89.784,60
230 0,13 11.846,30 89.784,60
231 0,13 11.941,11 89.784,60
232 0,13 11.905,07 89.784,60
233 0,13 11.887,80 89.784,60
234 0,13 11.847,18 89.784,60
235 0,13 12.038,50 89.784,60
236 0,13 11.840,72 89.784,60
237 0,13 12.102,15 89.784,60
238 0,14 12.281,99 89.784,60
239 0,14 12.479,79 89.784,60
240 0,13 12.101,77 89.784,60
241 0,14 12.306,54 89.784,60
242 0,14 12.251,05 89.784,60
243 0,14 12.446,98 89.784,60
244 0,14 12.646,52 89.784,60
245 0,13 12.045,04 89.784,60
246 0,13 11.973,53 89.784,60
247 0,14 12.196,54 89.784,60
248 0,14 12.334,25 89.784,60
249 0,13 11.988,24 89.784,60
250 0,13 12.072,86 89.784,60
251 0,13 11.993,51 89.784,60
252 0,13 12.049,07 89.784,60
253 0,13 11.919,65 89.784,60
254 0,13 11.866,90 89.784,60
255 0,13 11.859,60 89.784,60
256 0,13 11.859,51 89.784,60
257 0,13 11.858,85 89.784,60
258 0,13 12.031,86 89.784,60
259 0,13 11.999,10 89.784,60
260 0,13 11.929,13 89.784,60
261 0,13 12.049,68 89.784,60
262 0,13 12.106,23 89.784,60
263 0,13 11.989,67 89.784,60
264 0,13 12.091,64 89.784,60
265 0,13 12.022,36 89.784,60
266 0,13 11.915,07 89.784,60
267 0,13 12.031,38 89.784,60
268 0,14 12.236,97 89.784,60
269 0,13 12.047,62 89.784,60
270 0,13 11.988,38 89.784,60
271 0,13 11.935,63 89.784,60
272 0,13 11.922,59 89.784,60
273 0,13 11.878,91 89.784,60
274 0,13 11.883,50 89.784,60
275 0,13 11.883,00 89.784,60
276 0,13 11.883,26 89.784,60
277 0,13 11.882,77 89.784,60
278 0,13 11.881,77 89.784,60
279 0,14 12.172,49 89.784,60
280 0,14 12.127,00 89.784,60
281 0,13 12.110,18 89.784,60
282 0,13 12.060,02 89.784,60
283 0,13 12.007,73 89.784,60
284 0,13 11.984,98 89.784,60
285 0,13 11.953,68 89.784,60
286 0,14 12.310,37 89.784,60
287 0,14 12.238,35 89.784,60
288 0,13 12.072,75 89.784,60
289 0,14 12.162,29 89.784,60
290 0,14 12.149,51 89.784,60
291 0,14 12.224,65 89.784,60
292 0,13 11.999,07 89.784,60
293 0,13 12.042,74 89.784,60
294 0,13 12.089,34 89.784,60
295 0,14 12.714,07 89.784,60
296 0,14 12.926,29 89.784,60
297 0,14 12.610,40 89.784,60
298 0,14 12.164,02 89.784,60
299 0,13 12.117,10 89.784,60
300 0,14 12.250,25 89.784,60
301 0,14 12.572,45 89.784,60
302 0,14 12.895,73 89.784,60
303 0,14 12.273,18 89.784,60
304 0,14 12.491,37 89.784,60
305 0,14 12.585,17 89.784,60
306 0,14 12.261,70 89.784,60
307 0,14 12.465,24 89.784,60
308 0,14 12.152,34 89.784,60
309 0,14 12.539,75 89.784,60
310 0,14 12.162,21 89.784,60
311 0,14 12.162,45 89.784,60
312 0,13 12.090,70 89.784,60
313 0,13 12.106,11 89.784,60
314 0,14 12.224,05 89.784,60
315 0,14 12.138,90 89.784,60
316 0,13 11.982,18 89.784,60
317 0,13 12.091,72 89.784,60
318 0,13 12.031,96 89.784,60
319 0,13 12.055,78 89.784,60
320 0,13 12.106,09 89.784,60
321 0,13 12.066,56 89.784,60
322 0,13 12.005,20 89.784,60
323 0,14 12.251,89 89.784,60
324 0,14 12.147,41 89.784,60
325 0,14 12.154,17 89.784,60
326 0,14 12.142,99 89.784,60
327 0,14 12.192,61 89.784,60
328 0,14 12.199,03 89.784,60
329 0,14 12.246,25 89.784,60
330 0,13 12.043,80 89.784,60
331 0,13 12.034,09 89.784,60
332 0,14 12.146,38 89.784,60
333 0,13 12.065,94 89.784,60
334 0,13 11.971,31 89.784,60
335 0,13 11.970,25 89.784,60
336 0,13 11.969,05 89.784,60
337 0,13 11.983,58 89.784,60
338 0,13 11.951,91 89.784,60
339 0,13 11.984,27 89.784,60
340 0,13 11.968,75 89.784,60
341 0,13 11.971,32 89.784,60
342 0,13 11.953,78 89.784,60
343 0,13 11.972,51 89.784,60
344 0,13 11.974,34 89.784,60
345 0,13 11.973,90 89.784,60
346 0,13 11.971,38 89.784,60
347 0,13 11.952,95 89.784,60
348 0,13 11.954,22 89.784,60
349 0,13 11.956,48 89.784,60
350 0,13 11.958,74 89.784,60
351 0,13 11.957,25 89.784,60
352 0,13 11.957,25 89.784,60
353 0,13 11.957,25 89.784,60
354 0,13 11.957,25 89.784,60
355 0,13 11.957,25 89.784,60
356 0,13 11.957,25 89.784,60
357 0,13 11.957,25 89.784,60
358 0,13 11.957,25 89.784,60
359 0,13 11.957,25 89.784,60
360 0,13 11.970,22 89.784,60
361 0,13 11.994,07 89.784,60
362 0,13 12.030,48 89.784,60
363 0,13 12.011,03 89.784,60
364 0,13 11.961,68 89.784,60
365 0,13 11.986,00 89.784,60
366 0,13 11.987,32 89.784,60
367 0,13 12.004,55 89.784,60
368 0,13 12.025,90 89.784,60
369 0,13 11.980,80 89.784,60
370 0,13 11.967,27 89.784,60
371 0,13 11.979,80 89.784,60
372 0,13 12.012,62 89.784,60
373 0,13 11.988,57 89.784,60
374 0,13 11.995,90 89.784,60
375 0,13 11.972,01 89.784,60
376 0,13 11.970,45 89.784,60
377 0,13 11.998,14 89.784,60
378 0,13 11.979,87 89.784,60
379 0,13 11.967,70 89.784,60
380 0,13 11.964,46 89.784,60
381 0,13 11.963,48 89.784,60
382 0,13 11.963,48 89.784,60
383 0,13 11.963,29 89.784,60
384 0,13 11.963,29 89.784,60
385 0,13 11.963,11 89.784,60
386 0,13 11.963,11 89.784,60
387 0,13 11.963,11 89.784,60
388 0,13 11.963,11 89.784,60
389 0,13 11.963,11 89.784,60
390 0,13 11.963,11 89.784,60
391 0,13 11.963,11 89.784,60
392 0,13 11.963,11 89.784,60
393 0,13 11.963,11 89.784,60
394 0,13 11.964,45 89.784,60
395 0,13 11.964,85 89.784,60
396 0,13 11.963,71 89.784,60
397 0,13 11.964,19 89.784,60
398 0,13 11.963,20 89.784,60
399 0,13 11.964,20 89.784,60
400 0,13 11.964,46 89.784,60
401 0,13 11.963,81 89.784,60
402 0,13 11.964,51 89.784,60
403 0,13 11.963,13 89.784,60
404 0,13 11.963,81 89.784,60
405 0,13 11.963,82 89.784,60
406 0,13 11.964,84 89.784,60
407 0,13 11.965,41 89.784,60
408 0,13 11.965,49 89.784,60
409 0,13 11.965,91 89.784,60
410 0,13 11.966,77 89.784,60
411 0,13 11.966,55 89.784,60
412 0,13 11.966,85 89.784,60
413 0,13 11.966,90 89.784,60
414 0,13 11.967,25 89.784,60
415 0,13 11.967,91 89.784,60
416 0,13 11.968,98 89.784,60
417 0,13 11.970,45 89.784,60
418 0,13 11.970,07 89.784,60
419 0,13 11.969,49 89.784,60
420 0,13 11.970,49 89.784,60
421 0,13 11.969,85 89.784,60
422 0,13 11.969,07 89.784,60
423 0,13 11.968,93 89.784,60
424 0,13 11.968,79 89.784,60
425 0,13 11.968,66 89.784,60
426 0,13 11.968,66 89.784,60
427 0,13 11.968,66 89.784,60
428 0,13 11.968,66 89.784,60
429 0,13 11.968,66 89.784,60
430 0,13 11.968,66 89.784,60
431 0,13 11.968,66 89.784,60
432 0,13 11.968,66 89.784,60
433 0,13 11.968,66 89.784,60
434 0,13 11.969,37 89.784,60
435 0,13 11.968,33 89.784,60
436 0,13 11.969,14 89.784,60
437 0,13 11.969,02 89.784,60
438 0,13 11.968,97 89.784,60
439 0,13 11.969,41 89.784,60
440 0,13 11.970,17 89.784,60
441 0,13 11.970,42 89.784,60
442 0,13 11.971,32 89.784,60
443 0,13 11.971,95 89.784,60
444 0,13 11.972,81 89.784,60
445 0,13 11.973,53 89.784,60
446 0,13 11.974,25 89.784,60
447 0,13 11.974,79 89.784,60
448 0,13 11.976,05 89.784,60
449 0,13 11.977,02 89.784,60
450 0,13 11.977,43 89.784,60
451 0,13 11.978,68 89.784,60
452 0,13 11.980,13 89.784,60
453 0,13 11.979,39 89.784,60
454 0,13 11.980,52 89.784,60
455 0,13 11.980,05 89.784,60
456 0,13 11.979,17 89.784,60
457 0,13 11.979,17 89.784,60
458 0,13 11.979,17 89.784,60
459 0,13 11.979,17 89.784,60
460 0,13 11.979,17 89.784,60
461 0,13 11.979,17 89.784,60
462 0,13 11.979,17 89.784,60
463 0,13 11.979,17 89.784,60
464 0,13 11.979,17 89.784,60
465 0,13 11.979,17 89.784,60
466 0,13 11.979,17 89.784,60
467 0,13 11.979,17 89.784,60
468 0,13 11.979,17 89.784,60
469 0,13 11.979,17 89.784,60
470 0,13 11.979,10 89.784,60
471 0,13 11.979,10 89.784,60
472 0,13 11.979,10 89.784,60
473 0,13 11.979,10 89.784,60
474 0,13 11.979,10 89.784,60
475 0,13 11.979,10 89.784,60
476 0,13 11.979,10 89.784,60
477 0,13 11.979,04 89.784,60
478 0,13 11.979,04 89.784,60
479 0,13 11.979,33 89.784,60
480 0,13 11.979,26 89.784,60
481 0,13 11.979,13 89.784,60
482 0,13 11.979,13 89.784,60
483 0,13 11.979,13 89.784,60
484 0,13 11.979,13 89.784,60
485 0,13 11.979,13 89.784,60
486 0,13 11.980,37 89.784,60
487 0,13 11.980,01 89.784,60
488 0,13 11.978,89 89.784,60
489 0,13 11.978,89 89.784,60
490 0,13 11.978,89 89.784,60
491 0,13 11.978,89 89.784,60
492 0,13 11.978,89 89.784,60
493 0,13 11.978,89 89.784,60
494 0,13 11.979,36 89.784,60
495 0,13 11.979,31 89.784,60
496 0,13 11.979,59 89.784,60
497 0,13 11.979,40 89.784,60
498 0,13 11.979,11 89.784,60
499 0,13 11.979,04 89.784,60
