500
0 1,00 75.090,09 69.977,51
1 0,99 69.208,90 69.977,51
2 0,96 67.409,75 69.977,51
3 0,98 68.876,13 69.977,51
4 0,98 68.346,94 69.977,51
5 1,03 71.921,43 69.977,51
6 0,98 68.422,46 69.977,51
7 1,00 69.906,78 69.977,51
8 0,98 68.905,32 69.977,51
9 1,03 71.781,16 69.977,51
10 0,99 69.421,66 69.977,51
11 1,01 70.852,07 69.977,51
12 1,00 69.703,00 69.977,51
13 1,00 70.190,63 69.977,51
14 1,00 69.844,15 69.981,51
15 1,00 69.844,15 69.985,51
16 1,00 70.084,10 69.992,51
17 1,00 69.889,08 70.000,51
18 1,00 70.132,55 70.009,51
19 1,00 69.968,10 70.019,51
20 1,00 69.942,41 70.030,51
21 1,00 69.942,41 70.042,51
22 1,00 69.914,30 70.058,51
23 1,00 69.914,30 70.075,51
24 1,00 69.914,30 70.095,51
25 1,00 69.914,30 70.117,51
26 1,00 69.909,26 70.140,51
27 1,00 69.909,26 70.164,51
28 1,00 69.909,26 70.190,51
29 1,00 69.909,26 70.217,51
30 1,00 69.909,26 70.246,51
31 1,00 69.909,26 70.280,51
32 0,99 69.904,36 70.315,51
33 0,99 69.904,36 70.353,51
34 0,99 69.904,36 70.393,51
35 0,99 69.904,36 70.434,51
36 0,99 69.904,36 70.477,51
37 0,99 69.904,36 70.522,51
38 0,99 69.904,36 70.568,51
39 0,99 69.904,36 70.614,51
40 0,99 69.894,97 70.668,51
41 0,99 69.894,97 70.723,51
42 0,99 69.894,97 70.781,51
43 0,99 69.894,97 70.840,51
44 0,99 69.894,97 70.900,51
45 0,99 69.894,97 70.961,51
46 0,98 69.894,97 71.024,51
47 0,98 69.894,97 71.090,51
48 0,98 69.894,97 71.157,51
49 0,98 69.894,97 71.230,51
50 0,98 69.894,97 71.304,51
51 0,98 69.894,97 71.380,51
52 0,98 69.894,97 71.459,51
53 0,98 69.894,97 71.541,51
54 0,98 69.894,97 71.624,51
55 0,98 69.894,97 71.708,51
56 0,97 69.894,97 71.794,51
57 0,97 69.894,97 71.882,51
58 0,97 69.894,97 71.975,51
59 0,97 69.894,97 72.069,51
60 0,97 69.894,97 72.166,51
61 0,97 69.894,97 72.265,51
62 0,97 69.894,97 72.365,51
63 0,97 69.894,97 72.467,51
64 0,96 69.894,97 72.573,51
65 0,96 69.894,97 72.681,51
66 0,96 69.894,97 72.792,51
67 0,96 69.894,97 72.909,51
68 0,96 69.894,97 73.027,51
69 0,96 69.894,97 73.148,51
70 0,96 69.894,97 73.270,51
71 0,95 69.894,97 73.393,51
72 0,95 69.891,25 73.518,51
73 0,95 69.891,25 73.644,51
74 0,95 69.891,25 73.772,51
75 0,95 69.891,25 73.901,51
76 0,95 69.891,25 74.036,51
77 0,94 69.891,25 74.172,51
78 0,94 69.891,25 74.311,51
79 0,94 69.891,25 74.452,51
80 0,94 69.891,25 74.594,51
81 0,94 69.891,25 74.739,51
82 0,94 69.891,25 74.885,51
83 0,93 69.891,25 75.032,51
84 0,93 69.891,25 75.180,51
85 0,93 69.891,25 75.334,51
86 0,93 69.891,25 75.490,51
87 0,93 69.891,25 75.649,51
88 0,92 69.888,00 75.810,51
89 0,92 69.888,00 75.973,51
90 0,92 69.888,00 76.138,51
91 0,92 69.888,00 76.304,51
92 0,92 69.888,00 76.471,51
93 0,91 69.888,00 76.639,51
94 0,91 69.888,00 76.812,51
95 0,91 69.888,00 76.986,51
96 0,91 69.888,00 77.163,51
97 0,91 69.888,00 77.342,51
98 0,90 69.888,00 77.524,51
99 0,90 69.888,00 77.707,51
100 0,90 69.888,00 77.892,51
101 0,90 69.888,00 78.079,51
102 0,90 69.888,00 78.267,51
103 0,89 69.885,12 78.460,51
104 0,89 69.885,12 78.655,51
105 0,89 69.885,12 78.855,51
106 0,89 69.885,12 79.056,51
107 0,88 69.885,12 79.258,51
108 0,88 69.885,12 79.461,51
109 0,88 69.885,12 79.668,51
110 0,88 69.885,12 79.876,51
111 0,87 69.885,12 80.085,51
112 0,87 69.885,12 80.302,51
113 0,87 69.882,45 80.520,51
114 0,87 69.882,45 80.740,51
115 0,87 69.882,45 80.963,51
116 0,86 69.882,45 81.187,51
117 0,86 69.882,45 81.412,51
118 0,86 69.882,45 81.640,51
119 0,86 69.882,45 81.869,51
120 0,85 69.882,45 82.099,51
121 0,85 69.882,45 82.335,51
122 0,85 69.882,45 82.573,51
123 0,85 69.882,45 82.814,51
124 0,84 69.882,45 83.058,51
125 0,84 69.882,45 83.302,51
126 0,84 69.882,45 83.548,51
127 0,84 69.882,45 83.794,51
128 0,83 69.882,45 84.042,51
129 0,83 69.882,45 84.291,51
130 0,83 69.882,45 84.546,51
131 0,83 69.882,45 84.802,51
132 0,82 69.882,45 85.063,51
133 0,82 69.882,45 85.327,51
134 0,82 69.882,45 85.592,51
135 0,82 69.882,45 85.858,51
136 0,81 69.882,45 86.126,51
137 0,81 69.882,45 86.396,51
138 0,81 69.882,45 86.667,51
139 0,81 69.882,45 86.943,51
140 0,80 69.882,45 87.220,51
141 0,80 69.882,45 87.499,51
142 0,80 69.882,45 87.780,51
143 0,80 69.882,45 88.062,51
144 0,79 69.882,45 88.345,51
145 0,79 69.880,31 88.631,51
146 0,79 69.880,31 88.918,51
147 0,79 69.880,31 89.206,51
148 0,78 69.880,31 89.501,51
149 0,78 69.880,31 89.798,51
150 0,78 69.880,31 90.098,51
151 0,78 69.880,31 90.400,51
152 0,77 69.880,31 90.703,51
153 0,77 69.880,31 91.007,51
154 0,77 69.880,31 91.312,51
155 0,77 69.880,31 91.620,51
156 0,76 69.880,31 91.929,51
157 0,76 69.880,31 92.246,51
158 0,76 69.880,31 92.565,51
159 0,75 69.880,31 92.887,51
160 0,75 69.880,31 93.212,51
161 0,75 69.880,31 93.537,51
162 0,75 69.880,31 93.864,51
163 0,74 69.880,31 94.191,51
164 0,74 69.880,31 94.520,51
165 0,74 69.880,31 94.850,51
166 0,74 69.880,31 95.187,51
167 0,73 69.880,31 95.526,51
168 0,73 69.880,31 95.868,51
169 0,73 69.880,31 96.212,51
170 0,73 69.880,31 96.559,51
171 0,72 69.880,31 96.907,51
172 0,72 69.880,31 97.257,51
173 0,72 69.880,31 97.608,51
174 0,72 69.880,31 97.960,51
175 0,71 69.880,31 98.317,51
176 0,71 69.880,31 98.675,51
177 0,71 69.880,31 99.037,51
178 0,71 69.880,31 99.402,51
179 0,70 69.880,31 99.768,51
180 0,70 69.880,31 100.135,51
181 0,70 69.880,31 100.504,51
182 0,70 69.880,31 100.874,51
183 0,69 69.880,31 101.246,51
184 0,69 69.880,31 101.625,51
185 0,69 69.880,31 102.005,51
186 0,69 69.880,31 102.388,51
187 0,68 69.880,31 102.772,51
188 0,68 69.880,31 103.158,51
189 0,68 69.880,31 103.545,51
190 0,67 69.880,31 103.933,51
191 0,67 69.880,31 104.322,51
192 0,67 69.880,31 104.712,51
193 0,67 69.880,31 105.109,51
194 0,66 69.880,31 105.507,51
195 0,66 69.880,31 105.907,51
196 0,66 69.880,31 106.310,51
197 0,66 69.880,31 106.713,51
198 0,65 69.880,31 107.119,51
199 0,65 69.880,31 107.526,51
200 0,65 69.880,31 107.936,51
201 0,65 69.880,31 108.348,51
202 0,64 69.880,31 108.766,51
203 0,64 69.880,31 109.185,51
204 0,64 69.880,31 109.607,51
205 0,64 69.880,31 110.031,51
206 0,64 69.880,31 110.457,51
207 0,63 69.880,31 110.884,51
208 0,63 69.880,31 111.313,51
209 0,63 69.880,31 111.745,51
210 0,63 69.880,31 112.178,51
211 0,62 69.880,31 112.617,51
212 0,62 69.880,31 113.057,51
213 0,62 69.880,31 113.500,51
214 0,62 69.880,31 113.944,51
215 0,61 69.880,31 114.389,51
216 0,61 69.880,31 114.835,51
217 0,61 69.880,31 115.285,51
218 0,61 69.880,31 115.736,51
219 0,60 69.880,31 116.188,51
220 0,60 69.880,31 116.646,51
221 0,60 69.880,31 117.106,51
222 0,60 69.880,31 117.571,51
223 0,59 69.880,31 118.038,51
224 0,59 69.880,31 118.507,51
225 0,59 69.880,31 118.977,51
226 0,59 69.880,31 119.448,51
227 0,59 69.880,31 119.920,51
228 0,58 69.880,31 120.393,51
229 0,58 69.880,31 120.872,51
230 0,58 69.880,31 121.352,51
231 0,58 69.880,31 121.835,51
232 0,57 69.880,31 122.321,51
233 0,57 69.880,31 122.808,51
234 0,57 69.880,31 123.298,51
235 0,57 69.880,31 123.789,51
236 0,56 69.880,31 124.281,51
237 0,56 69.880,31 124.774,51
238 0,56 69.880,31 125.272,51
239 0,56 69.880,31 125.771,51
240 0,56 69.880,31 126.273,51
241 0,55 69.880,31 126.777,51
242 0,55 69.880,31 127.283,51
243 0,55 69.880,31 127.791,51
244 0,55 69.880,31 128.301,51
245 0,54 69.880,31 128.813,51
246 0,54 69.880,31 129.326,51
247 0,54 69.880,31 129.845,51
248 0,54 69.880,31 130.365,51
249 0,54 69.880,31 130.888,51
250 0,53 69.880,31 131.412,51
251 0,53 69.880,31 131.939,51
252 0,53 69.880,31 132.467,51
253 0,53 69.880,31 132.998,51
254 0,53 69.880,31 133.530,51
255 0,52 69.880,31 134.064,51
256 0,52 69.880,31 134.604,51
257 0,52 69.880,31 135.145,51
258 0,52 69.880,31 135.689,51
259 0,52 69.880,31 136.234,51
260 0,51 69.880,31 136.780,51
261 0,51 69.880,31 137.330,51
262 0,51 69.880,31 137.881,51
263 0,51 69.880,31 138.433,51
264 0,50 69.880,31 138.986,51
265 0,50 69.880,31 139.545,51
266 0,50 69.880,31 140.106,51
267 0,50 69.880,31 140.670,51
268 0,50 69.880,31 141.238,51
269 0,49 69.880,31 141.807,51
270 0,49 69.880,31 142.378,51
271 0,49 69.880,31 142.950,51
272 0,49 69.880,31 143.523,51
273 0,49 69.880,31 144.097,51
274 0,48 69.880,31 144.678,51
275 0,48 69.880,31 145.260,51
276 0,48 69.880,31 145.845,51
277 0,48 69.880,31 146.434,51
278 0,48 69.880,31 147.023,51
279 0,48 69.880,31 147.614,51
280 0,47 69.880,31 148.207,51
281 0,47 69.880,31 148.801,51
282 0,47 69.880,31 149.396,51
283 0,47 69.880,31 149.996,51
284 0,47 69.880,31 150.597,51
285 0,46 69.880,31 151.203,51
286 0,46 69.880,31 151.810,51
287 0,46 69.880,31 152.418,51
288 0,46 69.880,31 153.028,51
289 0,46 69.880,31 153.640,51
290 0,45 69.880,31 154.253,51
291 0,45 69.880,31 154.867,51
292 0,45 69.880,31 155.488,51
293 0,45 69.880,31 156.111,51
294 0,45 69.880,31 156.737,51
295 0,45 69.880,31 157.364,51
296 0,44 69.880,31 157.992,51
297 0,44 69.880,31 158.621,51
298 0,44 69.880,31 159.252,51
299 0,44 69.880,31 159.885,51
300 0,44 69.880,31 160.520,51
301 0,44 69.880,31 161.161,51
302 0,43 69.880,31 161.805,51
303 0,43 69.880,31 162.451,51
304 0,43 69.880,31 163.099,51
305 0,43 69.880,31 163.748,51
306 0,43 69.880,31 164.399,51
307 0,43 69.880,31 165.051,51
308 0,42 69.880,31 165.704,51
309 0,42 69.880,31 166.358,51
310 0,42 69.880,31 167.018,51
311 0,42 69.880,31 167.679,51
312 0,42 69.880,31 168.343,51
313 0,42 69.880,31 169.011,51
314 0,41 69.880,31 169.680,51
315 0,41 69.880,31 170.350,51
316 0,41 69.880,31 171.023,51
317 0,41 69.880,31 171.697,51
318 0,41 69.880,31 172.373,51
319 0,41 69.880,31 173.056,51
320 0,40 69.880,31 173.740,51
321 0,40 69.880,31 174.427,51
322 0,40 69.880,31 175.116,51
323 0,40 69.880,31 175.805,51
324 0,40 69.880,31 176.496,51
325 0,40 69.880,31 177.189,51
326 0,39 69.880,31 177.885,51
327 0,39 69.880,31 178.582,51
328 0,39 69.880,31 179.285,51
329 0,39 69.880,31 179.989,51
330 0,39 69.879,20 180.696,51
331 0,39 69.879,20 181.405,51
332 0,39 69.879,20 182.115,51
333 0,38 69.879,20 182.826,51
334 0,38 69.879,20 183.538,51
335 0,38 69.879,20 184.251,51
336 0,38 69.879,20 184.967,51
337 0,38 69.879,20 185.689,51
338 0,38 69.879,20 186.412,51
339 0,37 69.879,20 187.140,51
340 0,37 69.879,20 187.871,51
341 0,37 69.879,20 188.602,51
342 0,37 69.879,20 189.335,51
343 0,37 69.879,20 190.070,51
344 0,37 69.879,20 190.806,51
345 0,37 69.879,20 191.542,51
346 0,36 69.879,20 192.284,51
347 0,36 69.879,20 193.028,51
348 0,36 69.879,20 193.774,51
349 0,36 69.879,20 194.523,51
350 0,36 69.879,20 195.273,51
351 0,36 69.879,20 196.024,51
352 0,36 69.879,20 196.777,51
353 0,36 69.879,20 197.533,51
354 0,35 69.879,20 198.290,51
355 0,35 69.879,20 199.052,51
356 0,35 69.879,20 199.816,51
357 0,35 69.879,20 200.583,51
358 0,35 69.879,20 201.351,51
359 0,35 69.879,20 202.120,51
360 0,35 69.879,20 202.890,51
361 0,34 69.879,20 203.662,51
362 0,34 69.879,20 204.437,51
363 0,34 69.879,20 205.212,51
364 0,34 69.879,20 205.994,51
365 0,34 69.879,20 206.780,51
366 0,34 69.879,20 207.568,51
367 0,34 69.879,20 208.358,51
368 0,34 69.879,20 209.149,51
369 0,33 69.879,20 209.941,51
370 0,33 69.879,20 210.735,51
371 0,33 69.879,20 211.531,51
372 0,33 69.879,20 212.327,51
373 0,33 69.879,20 213.130,51
374 0,33 69.879,20 213.934,51
375 0,33 69.879,20 214.741,51
376 0,33 69.879,20 215.552,51
377 0,32 69.879,20 216.363,51
378 0,32 69.879,20 217.178,51
379 0,32 69.879,20 217.993,51
380 0,32 69.879,20 218.810,51
381 0,32 69.879,20 219.627,51
382 0,32 69.879,20 220.450,51
383 0,32 69.879,20 221.274,51
384 0,32 69.879,20 222.100,51
385 0,31 69.879,20 222.930,51
386 0,31 69.879,20 223.762,51
387 0,31 69.879,20 224.597,51
388 0,31 69.879,20 225.434,51
389 0,31 69.879,20 226.273,51
390 0,31 69.879,20 227.112,51
391 0,31 69.879,20 227.957,51
392 0,31 69.879,20 228.803,51
393 0,31 69.879,20 229.651,51
394 0,30 69.879,20 230.502,51
395 0,30 69.879,20 231.354,51
396 0,30 69.879,20 232.207,51
397 0,30 69.879,20 233.063,51
398 0,30 69.879,20 233.920,51
399 0,30 69.879,20 234.778,51
400 0,30 69.879,20 235.642,51
401 0,30 69.879,20 236.508,51
402 0,30 69.879,20 237.376,51
403 0,29 69.879,20 238.246,51
404 0,29 69.879,20 239.118,51
405 0,29 69.879,20 239.991,51
406 0,29 69.879,20 240.865,51
407 0,29 69.879,20 241.740,51
408 0,29 69.879,20 242.618,51
409 0,29 69.879,20 243.503,51
410 0,29 69.879,20 244.389,51
411 0,29 69.879,20 245.278,51
412 0,28 69.879,20 246.169,51
413 0,28 69.879,20 247.061,51
414 0,28 69.879,20 247.954,51
415 0,28 69.879,20 248.848,51
416 0,28 69.879,20 249.743,51
417 0,28 69.879,20 250.641,51
418 0,28 69.879,20 251.545,51
419 0,28 69.879,20 252.450,51
420 0,28 69.879,20 253.358,51
421 0,28 69.879,20 254.270,51
422 0,27 69.879,20 255.183,51
423 0,27 69.879,20 256.097,51
424 0,27 69.879,20 257.013,51
425 0,27 69.879,20 257.931,51
426 0,27 69.879,20 258.849,51
427 0,27 69.879,20 259.773,51
428 0,27 69.879,20 260.697,51
429 0,27 69.879,20 261.624,51
430 0,27 69.879,20 262.555,51
431 0,27 69.879,20 263.489,51
432 0,27 69.879,20 264.424,51
433 0,26 69.879,20 265.362,51
434 0,26 69.879,20 266.301,51
435 0,26 69.879,20 267.241,51
436 0,26 69.879,20 268.187,51
437 0,26 69.879,20 269.134,51
438 0,26 69.879,20 270.086,51
439 0,26 69.879,20 271.039,51
440 0,26 69.879,20 271.993,51
441 0,26 69.879,20 272.949,51
442 0,26 69.879,20 273.906,51
443 0,26 69.879,20 274.865,51
444 0,25 69.879,20 275.824,51
445 0,25 69.879,20 276.790,51
446 0,25 69.879,20 277.757,51
447 0,25 69.879,20 278.726,51
448 0,25 69.879,20 279.698,51
449 0,25 69.879,20 280.671,51
450 0,25 69.879,20 281.645,51
451 0,25 69.879,20 282.620,51
452 0,25 69.879,20 283.597,51
453 0,25 69.879,20 284.576,51
454 0,25 69.879,20 285.561,51
455 0,24 69.879,20 286.549,51
456 0,24 69.879,20 287.539,51
457 0,24 69.879,20 288.532,51
458 0,24 69.879,20 289.526,51
459 0,24 69.879,20 290.521,51
460 0,24 69.879,20 291.518,51
461 0,24 69.879,20 292.516,51
462 0,24 69.879,20 293.515,51
463 0,24 69.879,20 294.520,51
464 0,24 69.879,20 295.526,51
465 0,24 69.879,20 296.535,51
466 0,24 69.879,20 297.546,51
467 0,23 69.879,20 298.557,51
468 0,23 69.879,20 299.569,51
469 0,23 69.879,20 300.585,51
470 0,23 69.879,20 301.603,51
471 0,23 69.879,20 302.622,51
472 0,23 69.879,20 303.649,51
473 0,23 69.879,20 304.677,51
474 0,23 69.879,20 305.708,51
475 0,23 69.879,20 306.741,51
476 0,23 69.879,20 307.775,51
477 0,23 69.879,20 308.811,51
478 0,23 69.879,20 309.848,51
479 0,23 69.879,20 310.886,51
480 0,22 69.879,20 311.926,51
481 0,22 69.879,20 312.972,51
482 0,22 69.879,20 314.021,51
483 0,22 69.879,20 315.073,51
484 0,22 69.879,20 316.127,51
485 0,22 69.879,20 317.183,51
486 0,22 69.879,20 318.240,51
487 0,22 69.879,20 319.298,51
488 0,22 69.879,20 320.358,51
489 0,22 69.879,20 321.421,51
490 0,22 69.879,20 322.489,51
491 0,22 69.879,20 323.558,51
492 0,22 69.879,20 324.630,51
493 0,22 69.879,20 325.704,51
494 0,21 69.879,20 326.779,51
495 0,21 69.879,20 327.856,51
496 0,21 69.879,20 328.935,51
497 0,21 69.879,20 330.016,51
498 0,21 69.879,20 331.097,51
499 0,21 69.879,20 332.184,51
