500
0 123,49 123,49 123,49 1,00 70,00 0 2
1 123,49 123,49 123,49 1,00 66,00 2034 2
2 123,49 123,49 8,91 1,00 66,00 5373 2
3 123,49 123,49 7,83 2,00 66,00 8224 2
4 123,49 123,49 9,41 1,00 65,00 10634 2
5 123,49 123,49 7,93 1,00 65,00 12916 2
6 123,49 123,49 11,75 2,00 64,00 15418 2
7 123,49 123,49 10,26 1,00 61,00 17536 2
8 123,49 123,49 11,19 1,00 61,00 19639 2
9 123,49 2,09 0,40 191,00 59,00 21808 2
10 123,49 2,09 0,28 381,00 17,00 23907 2
11 123,49 2,09 0,72 569,00 17,00 25930 2
12 123,49 2,09 0,39 749,00 17,00 27892 2
13 123,49 2,09 0,45 929,00 17,00 29850 2
14 123,49 2,09 0,83 1.107,00 17,00 31599 2
15 123,49 8.041,51 1.492,42 907,00 17,00 33497 2
16 123,49 8.041,51 3.289,02 707,00 33,00 35789 2
17 123,49 8.041,51 2.638,32 507,00 49,00 37955 2
18 123,49 8.041,51 4.216,73 307,00 65,00 39952 2
19 123,49 8.041,51 3.651,28 107,00 81,00 41766 2
20 123,49 8.041,51 4.349,41 1,00 97,00 43660 2
21 123,49 8.041,51 3.776,03 1,00 97,00 45373 2
22 123,49 8.041,51 3.637,49 1,00 97,00 47124 2
23 123,49 8.041,51 3.856,80 1,00 97,00 48807 2
24 123,49 8.041,51 3.392,07 1,00 97,00 50463 2
25 123,49 8.041,51 3.547,73 1,00 97,00 52047 2
26 123,49 8.041,51 3.565,70 1,00 97,00 53795 2
27 123,49 8.041,51 2.973,50 1,00 97,00 55520 2
28 123,49 8.041,51 2.723,79 1,00 97,00 57190 2
29 123,49 8.041,51 4.013,61 1,00 97,00 58778 2
30 123,49 8.041,51 4.427,85 1,00 97,00 60394 2
31 123,49 8.041,51 3.967,93 1,00 97,00 62105 2
32 123,49 8.041,51 3.436,48 1,00 97,00 63934 2
33 123,49 8.041,51 3.524,20 1,00 97,00 65556 2
34 123,49 8.041,51 4.092,27 1,00 97,00 67081 2
35 123,49 8.041,51 4.348,51 1,00 97,00 68549 2
36 123,49 8.041,51 4.374,13 1,00 97,00 69881 2
37 123,49 8.041,51 4.141,32 1,00 97,00 71145 2
38 123,49 8.041,51 4.035,40 1,00 97,00 72579 2
39 123,49 8.041,51 3.647,89 1,00 97,00 74208 2
40 123,49 8.041,51 3.422,28 1,00 97,00 75718 2
41 123,49 8.041,51 2.746,79 1,00 97,00 77166 2
42 123,49 8.041,51 3.547,36 1,00 97,00 78878 2
43 123,49 8.041,51 3.756,07 1,00 97,00 80555 2
44 123,49 8.041,51 3.722,05 1,00 97,00 81773 2
45 123,49 8.041,51 3.549,27 1,00 97,00 83109 2
46 123,49 8.041,51 3.553,47 1,00 97,00 84434 2
47 123,49 8.041,51 3.442,56 1,00 97,00 85600 2
48 123,49 8.041,51 3.362,30 1,00 97,00 87143 2
49 123,49 8.041,51 3.419,04 1,00 97,00 88485 2
50 123,49 1,27 0,53 151,00 97,00 89667 2
51 123,49 1,27 0,69 299,00 65,00 91101 2
52 123,49 1,27 0,70 447,00 39,00 92490 2
53 123,49 1,27 0,66 591,00 17,00 93718 2
54 123,49 1,27 0,66 729,00 17,00 94913 2
55 123,49 1,27 0,66 863,00 17,00 96246 2
56 123,49 1,27 0,68 997,00 17,00 97603 2
57 123,49 1,27 0,67 1.131,00 17,00 98885 2
58 123,49 1,27 0,68 1.267,00 17,00 100402 2
59 123,49 1,27 0,68 1.405,00 17,00 101741 2
60 123,49 1,27 0,69 1.545,00 17,00 103074 2
61 123,49 1,27 0,68 1.677,00 17,00 104418 2
62 123,49 1,27 0,68 1.811,00 17,00 105536 2
63 123,49 13.155,54 7.008,27 1.611,00 17,00 106810 2
64 123,49 13.155,54 7.030,73 1.411,00 33,00 108412 2
65 123,49 13.155,54 6.805,28 1.211,00 49,00 110148 2
66 123,49 13.155,54 6.742,77 1.011,00 65,00 111691 2
67 123,49 1.541,36 776,99 811,00 81,00 113010 2
68 123,49 1.541,36 750,02 611,00 97,00 114244 2
69 123,49 1.541,36 788,45 411,00 113,00 115821 2
70 123,49 1.541,36 757,35 211,00 129,00 117266 2
71 123,49 1.541,36 778,24 11,00 145,00 118561 2
72 123,49 1.541,36 766,76 1,00 145,00 120013 2
73 123,49 1.541,36 766,74 1,00 145,00 121298 2
74 123,49 1.541,36 759,58 1,00 145,00 122549 2
75 123,49 1.541,36 751,75 1,00 145,00 123751 2
76 123,49 1.541,36 753,34 1,00 145,00 124905 2
77 123,49 1.541,36 745,24 1,00 145,00 125986 2
78 123,49 1.541,36 739,72 1,00 145,00 127318 2
79 123,49 1.541,36 725,53 1,00 145,00 128543 2
80 123,49 1.541,36 760,82 1,00 145,00 130074 2
81 123,49 1.541,36 738,88 1,00 145,00 131439 2
82 123,49 1.541,36 948,93 1,00 145,00 132580 2
83 123,49 1.541,36 866,68 1,00 145,00 133739 2
84 123,49 0,85 0,49 175,00 145,00 134818 2
85 123,49 0,85 0,49 349,00 107,00 135948 2
86 123,49 0,85 0,50 523,00 84,00 136970 2
87 123,49 0,85 0,51 697,00 60,00 138018 2
88 123,49 2.326,32 1.388,01 497,00 37,00 139066 2
89 123,49 2.326,32 1.386,77 297,00 53,00 139999 2
90 123,49 2.326,32 1.359,82 97,00 69,00 141020 2
91 123,49 2.326,32 1.393,67 1,00 85,00 142167 2
92 123,49 2.326,32 1.353,15 1,00 85,00 143191 2
93 123,49 2.326,32 1.346,02 1,00 85,00 144073 2
94 123,49 2.326,32 1.390,85 1,00 85,00 145023 2
95 123,49 2.326,32 1.448,15 1,00 85,00 146050 2
96 123,49 2.326,32 1.415,98 1,00 85,00 147033 2
97 123,49 2.326,32 1.429,83 1,00 85,00 148185 2
98 123,49 2.326,32 1.430,07 1,00 85,00 149496 2
99 123,49 2.326,32 1.368,34 1,00 85,00 150789 2
100 123,49 2.326,32 1.383,49 1,00 85,00 151913 2
101 123,49 2.326,32 1.410,01 1,00 85,00 152923 2
102 123,49 1,45 0,86 116,00 85,00 154100 2
103 123,49 1,45 0,90 228,00 65,00 155304 2
104 123,49 1,45 0,97 336,00 38,00 156501 2
105 123,49 1,45 0,94 448,00 17,00 157770 2
106 123,49 1,45 0,97 560,00 17,00 159019 2
107 123,49 4.067,97 2.626,09 360,00 17,00 160099 2
108 123,49 1.347,19 849,74 160,00 33,00 161070 2
109 123,49 1.347,19 851,47 1,00 49,00 161897 2
110 123,49 1.347,19 841,03 1,00 49,00 162626 2
111 123,49 1.347,19 832,54 1,00 49,00 163252 2
112 123,49 1.347,19 825,08 1,00 49,00 163915 2
113 123,49 1.347,19 815,15 1,00 49,00 164484 2
114 123,49 1.347,19 813,90 1,00 49,00 165028 2
115 123,49 1.347,19 814,41 1,00 49,00 165663 2
116 123,49 1.347,19 816,27 1,00 49,00 166330 2
117 123,49 1.347,19 819,09 1,00 49,00 166906 2
118 123,49 2,52 1,53 7,00 49,00 167421 2
119 123,49 2,52 1,53 7,00 19,00 168035 2
120 123,49 2,52 1,52 7,00 17,00 168861 2
121 123,49 2,52 1,53 5,00 17,00 169578 2
122 123,49 2,52 1,54 5,00 17,00 170224 2
123 123,49 2,52 1,55 5,00 17,00 170893 2
124 123,49 2,52 1,54 5,00 17,00 171582 2
125 123,49 2,52 1,55 5,00 17,00 172216 2
126 123,49 2,52 1,57 3,00 17,00 172756 2
127 123,49 2,52 1,57 3,00 17,00 173305 2
128 123,49 2,52 1,57 3,00 17,00 173840 2
129 123,49 2,52 1,55 2,00 17,00 174427 2
130 123,49 2,52 1,57 2,00 17,00 175026 2
131 123,49 2,52 1,57 2,00 17,00 175704 2
132 123,49 2,52 1,55 2,00 17,00 176270 2
133 123,49 14,53 9,02 1,00 17,00 176881 2
134 123,49 14,53 8,94 1,00 1,00 177431 2
135 123,49 14,53 9,01 1,00 1,00 178005 2
136 123,49 14,53 9,02 1,00 1,00 178566 2
137 123,49 14,53 8,78 1,00 1,00 179265 2
138 123,49 14,53 8,82 1,00 1,00 179894 2
139 123,49 14,53 8,96 1,00 1,00 180482 2
140 123,49 14,53 9,10 1,00 1,00 181063 2
141 123,49 14,53 8,82 1,00 1,00 181637 2
142 123,49 123,49 73,43 1,00 1,00 182152 2
143 123,49 123,49 73,06 1,00 1,00 182626 2
144 123,49 123,49 72,96 1,00 1,00 183097 2
145 123,49 123,49 72,20 1,00 1,00 183576 2
146 123,49 123,49 72,19 1,00 1,00 184032 2
147 123,49 123,49 72,18 1,00 1,00 184511 2
148 123,49 123,49 72,11 1,00 1,00 184974 2
149 123,49 123,49 72,82 1,00 1,00 185531 2
150 123,49 123,49 73,05 1,00 1,00 186058 2
151 123,49 123,49 72,60 1,00 1,00 186631 2
152 123,49 123,49 73,22 1,00 1,00 187173 2
153 123,49 123,49 74,24 1,00 1,00 187653 2
154 123,49 123,49 76,28 1,00 1,00 188087 2
155 123,49 123,49 76,21 1,00 1,00 188478 2
156 123,49 123,49 76,15 1,00 1,00 188781 2
157 123,49 123,49 76,07 1,00 1,00 189113 2
158 123,49 123,49 76,84 1,00 1,00 189431 2
159 123,49 123,49 77,27 1,00 1,00 189747 2
160 123,49 123,49 76,90 1,00 1,00 190001 2
161 123,49 123,49 77,59 1,00 1,00 190235 2
162 123,49 123,49 75,98 1,00 1,00 190426 2
163 123,49 123,49 76,21 1,00 1,00 190604 2
164 123,49 123,49 76,52 1,00 1,00 190779 2
165 123,49 123,49 76,83 1,00 1,00 191045 2
166 123,49 123,49 77,02 1,00 1,00 191280 2
167 123,49 123,49 77,01 1,00 1,00 191593 2
168 123,49 123,49 77,32 1,00 1,00 192025 2
169 123,49 123,49 77,42 1,00 1,00 192568 2
170 123,49 123,49 77,14 1,00 1,00 193073 2
171 123,49 123,49 76,93 1,00 1,00 193588 2
172 123,49 123,49 76,97 1,00 1,00 194218 2
173 123,49 123,49 77,17 1,00 1,00 194884 2
174 123,49 123,49 77,72 1,00 1,00 195676 2
175 123,49 123,49 77,47 1,00 1,00 196337 2
176 123,49 123,49 76,99 1,00 1,00 196899 2
177 123,49 123,49 76,73 1,00 1,00 197325 2
178 123,49 123,49 77,49 1,00 1,00 197802 2
179 123,49 123,49 76,72 1,00 1,00 198275 2
180 123,49 123,49 76,61 1,00 1,00 198921 2
181 123,49 123,49 77,22 1,00 1,00 199549 2
182 123,49 123,49 77,19 1,00 1,00 200208 2
183 123,49 123,49 76,67 1,00 1,00 201052 2
184 123,49 123,49 77,65 1,00 1,00 201970 2
185 123,49 123,49 77,60 1,00 1,00 202680 2
186 123,49 123,49 77,34 1,00 1,00 203342 2
187 123,49 123,49 75,10 1,00 1,00 203905 2
188 123,49 123,49 76,66 1,00 1,00 204414 2
189 123,49 123,49 76,27 1,00 1,00 205267 2
190 123,49 123,49 76,84 1,00 1,00 206148 2
191 123,49 123,49 76,78 1,00 1,00 207071 2
192 123,49 123,49 78,19 1,00 1,00 207853 2
193 123,49 123,49 78,68 1,00 1,00 208707 2
194 123,49 123,49 77,72 1,00 1,00 209442 2
195 123,49 123,49 76,98 1,00 1,00 210092 2
196 123,49 123,49 77,45 1,00 1,00 210836 2
197 123,49 123,49 77,27 1,00 1,00 211520 2
198 123,49 123,49 76,80 1,00 1,00 212143 2
199 123,49 123,49 78,00 1,00 1,00 212798 2
200 123,49 123,49 77,15 1,00 1,00 213398 2
201 123,49 123,49 77,51 1,00 1,00 213972 2
202 123,49 123,49 77,67 1,00 1,00 214446 2
203 123,49 123,49 79,61 1,00 1,00 214886 2
204 123,49 123,49 75,76 1,00 1,00 215331 2
205 123,49 123,49 79,05 1,00 1,00 215711 2
206 123,49 123,49 78,47 1,00 1,00 216069 2
207 123,49 123,49 77,93 1,00 1,00 216426 2
208 123,49 123,49 78,40 1,00 1,00 216691 2
209 123,49 123,49 76,26 1,00 1,00 216851 2
210 123,49 123,49 78,19 1,00 1,00 217021 2
211 123,49 123,49 77,85 1,00 1,00 217235 2
212 123,49 123,49 79,70 1,00 1,00 217428 2
213 123,49 123,49 77,96 1,00 1,00 217613 2
214 123,49 123,49 77,99 1,00 1,00 217786 2
215 123,49 123,49 77,61 1,00 1,00 218014 2
216 123,49 123,49 77,57 1,00 1,00 218241 2
217 123,49 123,49 77,55 1,00 1,00 218632 2
218 123,49 123,49 77,29 1,00 1,00 219065 2
219 123,49 123,49 76,88 1,00 1,00 219510 2
220 123,49 123,49 77,10 1,00 1,00 219834 2
221 123,49 123,49 77,27 1,00 1,00 220118 2
222 123,49 123,49 77,40 1,00 1,00 220457 2
223 123,49 123,49 77,27 1,00 1,00 220780 2
224 123,49 123,49 77,11 1,00 1,00 221084 2
225 123,49 123,49 77,09 1,00 1,00 221368 2
226 123,49 123,49 76,85 1,00 1,00 221678 2
227 123,49 123,49 77,11 1,00 1,00 222006 2
228 123,49 123,49 77,17 1,00 1,00 222403 2
229 123,49 123,49 77,08 1,00 1,00 222737 2
230 123,49 123,49 77,15 1,00 1,00 223035 2
231 123,49 123,49 77,19 1,00 1,00 223321 2
232 123,49 123,49 77,72 1,00 1,00 223592 2
233 123,49 123,49 77,74 1,00 1,00 223825 2
234 123,49 123,49 77,39 1,00 1,00 224068 2
235 123,49 123,49 77,40 1,00 1,00 224238 2
236 123,49 123,49 77,37 1,00 1,00 224458 2
237 123,49 123,49 77,33 1,00 1,00 224715 2
238 123,49 123,49 77,26 1,00 1,00 224963 2
239 123,49 123,49 77,29 1,00 1,00 225171 2
240 123,49 123,49 77,38 1,00 1,00 225419 2
241 123,49 123,49 77,35 1,00 1,00 225651 2
242 123,49 123,49 77,73 1,00 1,00 225874 2
243 123,49 123,49 77,40 1,00 1,00 226049 2
244 123,49 123,49 77,56 1,00 1,00 226240 2
245 123,49 123,49 77,44 1,00 1,00 226509 2
246 123,49 123,49 77,41 1,00 1,00 226809 2
247 123,49 123,49 77,46 1,00 1,00 227215 2
248 123,49 123,49 77,16 1,00 1,00 227639 2
249 123,49 123,49 77,09 1,00 1,00 228105 2
250 123,49 123,49 77,34 1,00 1,00 228636 2
251 123,49 123,49 76,95 1,00 1,00 229213 2
252 123,49 123,49 77,24 1,00 1,00 229674 2
253 123,49 123,49 77,19 1,00 1,00 230044 2
254 123,49 123,49 76,65 1,00 1,00 230450 2
255 123,49 123,49 77,17 1,00 1,00 230803 2
256 123,49 123,49 77,00 1,00 1,00 231184 2
257 123,49 123,49 76,90 1,00 1,00 231585 2
258 123,49 123,49 76,71 1,00 1,00 232098 2
259 123,49 123,49 76,65 1,00 1,00 232617 2
260 123,49 123,49 76,18 1,00 1,00 233264 2
261 123,49 123,49 76,06 1,00 1,00 233979 2
262 123,49 123,49 77,05 1,00 1,00 234613 2
263 123,49 123,49 76,85 1,00 1,00 235212 2
264 123,49 123,49 77,11 1,00 1,00 235817 2
265 123,49 123,49 76,82 1,00 1,00 236398 2
266 123,49 123,49 77,83 1,00 1,00 236895 2
267 123,49 123,49 76,99 1,00 1,00 237510 2
268 123,49 123,49 77,12 1,00 1,00 238092 2
269 123,49 123,49 77,04 1,00 1,00 238725 2
270 123,49 123,49 76,71 1,00 1,00 239224 2
271 123,49 123,49 76,59 1,00 1,00 239797 2
272 123,49 123,49 76,57 1,00 1,00 240308 2
273 123,49 123,49 76,21 1,00 1,00 240800 2
274 123,49 123,49 75,53 1,00 1,00 241319 2
275 123,49 123,49 74,98 1,00 1,00 241758 2
276 123,49 123,49 74,51 1,00 1,00 242166 2
277 123,49 123,49 74,67 1,00 1,00 242581 2
278 123,49 123,49 74,12 1,00 1,00 242909 2
279 123,49 123,49 73,84 1,00 1,00 243219 2
280 123,49 123,49 73,27 1,00 1,00 243464 2
281 123,49 123,49 73,24 1,00 1,00 243676 2
282 123,49 123,49 73,51 1,00 1,00 243930 2
283 123,49 123,49 73,49 1,00 1,00 244170 2
284 123,49 123,49 73,45 1,00 1,00 244381 2
285 123,49 123,49 73,41 1,00 1,00 244581 2
286 123,49 123,49 73,53 1,00 1,00 244881 2
287 123,49 123,49 74,37 1,00 1,00 245197 2
288 123,49 123,49 74,70 1,00 1,00 245608 2
289 123,49 123,49 75,36 1,00 1,00 246088 2
290 123,49 123,49 75,89 1,00 1,00 246639 2
291 123,49 123,49 75,86 1,00 1,00 247156 2
292 123,49 123,49 76,08 1,00 1,00 247714 2
293 123,49 123,49 76,22 1,00 1,00 248241 2
294 123,49 123,49 76,36 1,00 1,00 248810 2
295 123,49 123,49 76,36 1,00 1,00 249419 2
296 123,49 123,49 76,42 1,00 1,00 250007 2
297 123,49 123,49 76,38 1,00 1,00 250497 2
298 123,49 123,49 77,02 1,00 1,00 250954 2
299 123,49 123,49 76,13 1,00 1,00 251457 2
300 123,49 123,49 77,24 1,00 1,00 251857 2
301 123,49 123,49 76,87 1,00 1,00 252267 2
302 123,49 123,49 76,93 1,00 1,00 252574 2
303 123,49 123,49 77,62 1,00 1,00 252830 2
304 123,49 123,49 76,34 1,00 1,00 253107 2
305 123,49 123,49 76,82 1,00 1,00 253377 2
306 123,49 123,49 76,88 1,00 1,00 253614 2
307 123,49 123,49 76,89 1,00 1,00 253802 2
308 123,49 123,49 77,43 1,00 1,00 254049 2
309 123,49 123,49 77,23 1,00 1,00 254401 2
310 123,49 123,49 77,46 1,00 1,00 254778 2
311 123,49 123,49 77,79 1,00 1,00 255271 2
312 123,49 123,49 77,32 1,00 1,00 255757 2
313 123,49 123,49 77,21 1,00 1,00 256168 2
314 123,49 123,49 77,21 1,00 1,00 256672 2
315 123,49 123,49 76,91 1,00 1,00 257185 2
316 123,49 123,49 77,43 1,00 1,00 257712 2
317 123,49 123,49 77,00 1,00 1,00 258122 2
318 123,49 123,49 78,06 1,00 1,00 258667 2
319 123,49 123,49 76,97 1,00 1,00 259142 2
320 123,49 123,49 76,88 1,00 1,00 259646 2
321 123,49 123,49 77,21 1,00 1,00 260162 2
322 123,49 123,49 77,44 1,00 1,00 260676 2
323 123,49 123,49 77,19 1,00 1,00 261138 2
324 123,49 123,49 77,51 1,00 1,00 261651 2
325 123,49 123,49 77,09 1,00 1,00 262097 2
326 123,49 123,49 76,90 1,00 1,00 262489 2
327 123,49 123,49 77,08 1,00 1,00 262843 2
328 123,49 123,49 77,29 1,00 1,00 263159 2
329 123,49 123,49 77,37 1,00 1,00 263421 2
330 123,49 123,49 77,52 1,00 1,00 263619 2
331 123,49 123,49 77,55 1,00 1,00 263843 2
332 123,49 123,49 77,62 1,00 1,00 264118 2
333 123,49 123,49 77,65 1,00 1,00 264399 2
334 123,49 123,49 77,66 1,00 1,00 264633 2
335 123,49 123,49 77,63 1,00 1,00 264897 2
336 123,49 123,49 77,62 1,00 1,00 265071 2
337 123,49 123,49 77,62 1,00 1,00 265325 2
338 123,49 123,49 77,59 1,00 1,00 265624 2
339 123,49 123,49 77,65 1,00 1,00 265881 2
340 123,49 123,49 77,63 1,00 1,00 266159 2
341 123,49 123,49 77,59 1,00 1,00 266407 2
342 123,49 123,49 77,63 1,00 1,00 266608 2
343 123,49 123,49 77,61 1,00 1,00 266826 2
344 123,49 123,49 77,59 1,00 1,00 267021 2
345 123,49 123,49 77,60 1,00 1,00 267267 2
346 123,49 123,49 77,56 1,00 1,00 267522 2
347 123,49 123,49 77,51 1,00 1,00 267800 2
348 123,49 123,49 77,53 1,00 1,00 267983 2
349 123,49 123,49 77,55 1,00 1,00 268149 2
350 123,49 123,49 77,47 1,00 1,00 268298 2
351 123,49 123,49 77,52 1,00 1,00 268420 2
352 123,49 123,49 77,49 1,00 1,00 268528 2
353 123,49 123,49 77,48 1,00 1,00 268604 2
354 123,49 123,49 77,46 1,00 1,00 268675 2
355 123,49 123,49 77,45 1,00 1,00 268771 2
356 123,49 123,49 77,42 1,00 1,00 268866 2
357 123,49 123,49 77,45 1,00 1,00 268992 2
358 123,49 123,49 77,46 1,00 1,00 269085 2
359 123,49 123,49 77,43 1,00 1,00 269183 2
360 123,49 123,49 77,45 1,00 1,00 269292 2
361 123,49 123,49 77,49 1,00 1,00 269492 2
362 123,49 123,49 77,42 1,00 1,00 269676 2
363 123,49 123,49 77,46 1,00 1,00 269862 2
364 123,49 123,49 77,46 1,00 1,00 270024 2
365 123,49 123,49 77,44 1,00 1,00 270194 2
366 123,49 123,49 77,48 1,00 1,00 270340 2
367 123,49 123,49 77,42 1,00 1,00 270507 2
368 123,49 123,49 77,49 1,00 1,00 270654 2
369 123,49 123,49 77,46 1,00 1,00 270777 2
370 123,49 123,49 77,48 1,00 1,00 270904 2
371 123,49 123,49 77,47 1,00 1,00 271036 2
372 123,49 123,49 77,46 1,00 1,00 271172 2
373 123,49 123,49 77,49 1,00 1,00 271283 2
374 123,49 123,49 77,49 1,00 1,00 271382 2
375 123,49 123,49 77,49 1,00 1,00 271457 2
376 123,49 123,49 77,50 1,00 1,00 271539 2
377 123,49 123,49 77,49 1,00 1,00 271646 2
378 123,49 123,49 77,48 1,00 1,00 271773 2
379 123,49 123,49 77,47 1,00 1,00 271893 2
380 123,49 123,49 77,46 1,00 1,00 272037 2
381 123,49 123,49 77,47 1,00 1,00 272202 2
382 123,49 123,49 77,46 1,00 1,00 272338 2
383 123,49 123,49 77,47 1,00 1,00 272459 2
384 123,49 123,49 77,46 1,00 1,00 272592 2
385 123,49 123,49 77,47 1,00 1,00 272715 2
386 123,49 123,49 77,48 1,00 1,00 272819 2
387 123,49 123,49 77,49 1,00 1,00 272909 2
388 123,49 123,49 77,49 1,00 1,00 272984 2
389 123,49 123,49 77,49 1,00 1,00 273060 2
390 123,49 123,49 77,48 1,00 1,00 273130 2
391 123,49 123,49 77,49 1,00 1,00 273200 2
392 123,49 123,49 77,49 1,00 1,00 273255 2
393 123,49 123,49 77,48 1,00 1,00 273325 2
394 123,49 123,49 77,48 1,00 1,00 273396 2
395 123,49 123,49 77,49 1,00 1,00 273468 2
396 123,49 123,49 77,49 1,00 1,00 273534 2
397 123,49 123,49 77,49 1,00 1,00 273607 2
398 123,49 123,49 77,49 1,00 1,00 273669 2
399 123,49 123,49 77,49 1,00 1,00 273741 2
400 123,49 123,49 77,49 1,00 1,00 273814 2
401 123,49 123,49 77,49 1,00 1,00 273888 2
402 123,49 123,49 77,49 1,00 1,00 273977 2
403 123,49 123,49 77,49 1,00 1,00 274059 2
404 123,49 123,49 77,49 1,00 1,00 274169 2
405 123,49 123,49 77,49 1,00 1,00 274272 2
406 123,49 123,49 77,49 1,00 1,00 274391 2
407 123,49 123,49 77,48 1,00 1,00 274514 2
408 123,49 123,49 77,49 1,00 1,00 274605 2
409 123,49 123,49 77,49 1,00 1,00 274690 2
410 123,49 123,49 77,49 1,00 1,00 274777 2
411 123,49 123,49 77,49 1,00 1,00 274881 2
412 123,49 123,49 77,49 1,00 1,00 274988 2
413 123,49 123,49 77,48 1,00 1,00 275096 2
414 123,49 123,49 77,48 1,00 1,00 275203 2
415 123,49 123,49 77,48 1,00 1,00 275294 2
416 123,49 123,49 77,48 1,00 1,00 275366 2
417 123,49 123,49 77,47 1,00 1,00 275439 2
418 123,49 123,49 77,47 1,00 1,00 275506 2
419 123,49 123,49 77,47 1,00 1,00 275568 2
420 123,49 123,49 77,47 1,00 1,00 275608 2
421 123,49 123,49 77,47 1,00 1,00 275655 2
422 123,49 123,49 77,46 1,00 1,00 275694 2
423 123,49 123,49 77,47 1,00 1,00 275738 2
424 123,49 123,49 77,48 1,00 1,00 275786 2
425 123,49 123,49 77,49 1,00 1,00 275834 2
426 123,49 123,49 77,50 1,00 1,00 275905 2
427 123,49 123,49 77,48 1,00 1,00 275978 2
428 123,49 123,49 77,49 1,00 1,00 276040 2
429 123,49 123,49 77,49 1,00 1,00 276089 2
430 123,49 123,49 77,49 1,00 1,00 276136 2
431 123,49 123,49 77,49 1,00 1,00 276202 2
432 123,49 123,49 77,49 1,00 1,00 276263 2
433 123,49 123,49 77,49 1,00 1,00 276339 2
434 123,49 123,49 77,48 1,00 1,00 276430 2
435 123,49 123,49 77,48 1,00 1,00 276471 2
436 123,49 123,49 77,48 1,00 1,00 276551 2
437 123,49 123,49 77,48 1,00 1,00 276623 2
438 123,49 123,49 77,48 1,00 1,00 276703 2
439 123,49 123,49 77,48 1,00 1,00 276776 2
440 123,49 123,49 77,48 1,00 1,00 276831 2
441 123,49 123,49 77,49 1,00 1,00 276912 2
442 123,49 123,49 77,49 1,00 1,00 276981 2
443 123,49 123,49 77,49 1,00 1,00 277029 2
444 123,49 123,49 77,49 1,00 1,00 277094 2
445 123,49 123,49 77,49 1,00 1,00 277155 2
446 123,49 123,49 77,49 1,00 1,00 277209 2
447 123,49 123,49 77,49 1,00 1,00 277276 2
448 123,49 123,49 77,49 1,00 1,00 277346 2
449 123,49 123,49 77,49 1,00 1,00 277419 2
450 123,49 123,49 77,49 1,00 1,00 277480 2
451 123,49 123,49 77,49 1,00 1,00 277546 2
452 123,49 123,49 77,49 1,00 1,00 277633 2
453 123,49 123,49 77,49 1,00 1,00 277699 2
454 123,49 123,49 77,48 1,00 1,00 277753 2
455 123,49 123,49 77,48 1,00 1,00 277794 2
456 123,49 123,49 77,49 1,00 1,00 277831 2
457 123,49 123,49 77,49 1,00 1,00 277866 2
458 123,49 123,49 77,49 1,00 1,00 277907 2
459 123,49 123,49 77,49 1,00 1,00 277956 2
460 123,49 123,49 77,49 1,00 1,00 278010 2
461 123,49 123,49 77,49 1,00 1,00 278052 2
462 123,49 123,49 77,49 1,00 1,00 278092 2
463 123,49 123,49 77,49 1,00 1,00 278136 2
464 123,49 123,49 77,49 1,00 1,00 278171 2
465 123,49 123,49 77,49 1,00 1,00 278215 2
466 123,49 123,49 77,49 1,00 1,00 278256 2
467 123,49 123,49 77,49 1,00 1,00 278310 2
468 123,49 123,49 77,49 1,00 1,00 278372 2
469 123,49 123,49 77,49 1,00 1,00 278422 2
470 123,49 123,49 77,49 1,00 1,00 278480 2
471 123,49 123,49 77,49 1,00 1,00 278532 2
472 123,49 123,49 77,49 1,00 1,00 278583 2
473 123,49 123,49 77,49 1,00 1,00 278628 2
474 123,49 123,49 77,49 1,00 1,00 278661 2
475 123,49 123,49 77,49 1,00 1,00 278697 2
476 123,49 123,49 77,49 1,00 1,00 278747 2
477 123,49 123,49 77,49 1,00 1,00 278809 2
478 123,49 123,49 77,49 1,00 1,00 278860 2
479 123,49 123,49 77,49 1,00 1,00 278924 2
480 123,49 123,49 77,49 1,00 1,00 278971 2
481 123,49 123,49 77,49 1,00 1,00 279018 2
482 123,49 123,49 77,49 1,00 1,00 279043 2
483 123,49 123,49 77,49 1,00 1,00 279071 2
484 123,49 123,49 77,49 1,00 1,00 279098 2
485 123,49 123,49 77,49 1,00 1,00 279123 2
486 123,49 123,49 77,49 1,00 1,00 279191 2
487 123,49 123,49 77,49 1,00 1,00 279255 2
488 123,49 123,49 77,49 1,00 1,00 279281 2
489 123,49 123,49 77,49 1,00 1,00 279305 2
490 123,49 123,49 77,49 1,00 1,00 279344 2
491 123,49 123,49 77,49 1,00 1,00 279378 2
492 123,49 123,49 77,49 1,00 1,00 279421 2
493 123,49 123,49 77,49 1,00 1,00 279458 2
494 123,49 123,49 77,49 1,00 1,00 279509 2
495 123,49 123,49 77,49 1,00 1,00 279558 2
496 123,49 123,49 77,49 1,00 1,00 279608 2
497 123,49 123,49 77,48 1,00 1,00 279665 2
498 123,49 123,49 77,49 1,00 1,00 279720 2
499 123,49 123,49 77,48 1,00 1,00 279792 2
