500
0 3,46 3,46 3,46 5,00 67,00 0 1
1 3,46 3,46 3,46 5,00 36,00 2034 1
2 3,46 3,46 0,25 3,00 19,00 5373 1
3 3,46 3,46 0,22 2,00 16,00 8224 1
4 3,46 3,46 0,26 1,00 16,00 10634 1
5 3,46 3,46 0,22 2,00 1,00 12916 1
6 3,46 3,46 0,33 2,00 16,00 15418 1
7 3,46 3,46 0,29 1,00 16,00 17536 1
8 3,46 3,46 0,31 1,00 1,00 19639 1
9 3,46 3,46 0,65 1,00 1,00 21808 1
10 3,46 3,46 0,46 1,00 1,00 23907 1
11 3,46 3,46 1,19 1,00 1,00 25930 1
12 3,46 3,46 0,65 1,00 1,00 27892 1
13 3,46 3,46 0,75 1,00 1,00 29850 1
14 3,46 3,46 1,37 2,00 1,00 31599 1
15 3,46 3,46 0,64 2,00 16,00 33497 1
16 3,46 0,43 0,18 176,00 16,00 35789 1
17 3,46 0,43 0,14 342,00 16,00 37955 1
18 3,46 0,43 0,23 500,00 16,00 39952 1
19 3,46 108,01 49,04 304,00 16,00 41766 1
20 3,46 108,01 58,42 108,00 31,00 43660 1
21 3,46 108,01 50,72 1,00 44,00 45373 1
22 3,46 108,01 48,86 1,00 42,00 47124 1
23 3,46 108,01 51,80 1,00 41,00 48807 1
24 3,46 108,01 45,56 1,00 40,00 50463 1
25 3,46 108,01 47,65 1,00 39,00 52047 1
26 3,46 0,09 0,04 197,00 38,00 53795 1
27 3,46 0,09 0,03 395,00 16,00 55520 1
28 3,46 0,09 0,03 593,00 16,00 57190 1
29 3,46 0,09 0,05 789,00 16,00 58778 1
30 3,46 170,44 93,85 593,00 16,00 60394 1
31 3,46 170,44 84,10 397,00 30,00 62105 1
32 3,46 170,44 72,84 203,00 45,00 63934 1
33 3,46 170,44 74,70 5,00 57,00 65556 1
34 3,46 0,31 0,16 161,00 56,00 67081 1
35 3,46 0,31 0,17 305,00 16,00 68549 1
36 3,46 0,31 0,17 451,00 16,00 69881 1
37 3,46 0,31 0,16 597,00 16,00 71145 1
38 3,46 0,31 0,15 743,00 16,00 72579 1
39 3,46 0,31 0,14 881,00 16,00 74208 1
40 3,46 0,31 0,13 1.015,00 16,00 75718 1
41 3,46 0,31 0,11 1.149,00 16,00 77166 1
42 3,46 0,31 0,14 1.289,00 16,00 78878 1
43 3,46 0,31 0,14 1.425,00 16,00 80555 1
44 3,46 307,83 142,48 1.225,00 16,00 81773 1
45 3,46 307,83 135,87 1.025,00 31,00 83109 1
46 3,46 307,83 136,03 825,00 46,00 84434 1
47 3,46 307,83 131,78 625,00 61,00 85600 1
48 3,46 307,83 128,71 425,00 76,00 87143 1
49 3,46 16,14 6,86 237,00 91,00 88485 1
50 3,46 16,14 6,68 61,00 104,00 89667 1
51 3,46 16,14 8,73 1,00 100,00 91101 1
52 3,46 16,14 8,88 1,00 100,00 92490 1
53 3,46 16,14 8,31 1,00 96,00 93718 1
54 3,46 16,14 8,35 1,00 91,00 94913 1
55 3,46 16,14 8,35 1,00 88,00 96246 1
56 3,46 16,14 8,57 1,00 86,00 97603 1
57 3,46 16,14 8,50 1,00 84,00 98885 1
58 3,46 16,14 8,65 1,00 76,00 100402 1
59 3,46 16,14 8,61 1,00 69,00 101741 1
60 3,46 16,14 8,70 1,00 65,00 103074 1
61 3,46 16,14 8,62 1,00 62,00 104418 1
62 3,46 16,14 8,66 1,00 61,00 105536 1
63 3,46 16,14 8,60 1,00 56,00 106810 1
64 3,46 16,14 8,63 1,00 50,00 108412 1
65 3,46 16,14 8,35 1,00 47,00 110148 1
66 3,46 16,14 8,27 1,00 44,00 111691 1
67 3,46 16,14 8,14 1,00 41,00 113010 1
68 3,46 0,10 0,05 187,00 36,00 114244 1
69 3,46 40,40 20,66 1,00 16,00 115821 1
70 3,46 40,40 19,85 1,00 15,00 117266 1
71 3,46 40,40 20,40 1,00 14,00 118561 1
72 3,46 40,40 20,10 1,00 11,00 120013 1
73 3,46 40,40 20,09 1,00 8,00 121298 1
74 3,46 0,49 0,24 18,00 7,00 122549 1
75 3,46 0,49 0,24 20,00 16,00 123751 1
76 3,46 0,49 0,24 20,00 16,00 124905 1
77 3,46 0,49 0,24 22,00 16,00 125986 1
78 3,46 0,49 0,24 18,00 16,00 127318 1
79 3,46 3,89 1,83 1,00 16,00 128543 1
80 3,46 3,89 1,92 1,00 1,00 130074 1
81 3,46 3,89 1,86 2,00 1,00 131439 1
82 3,46 3,89 2,39 1,00 16,00 132580 1
83 3,46 3,46 1,94 2,00 1,00 133739 1
84 3,46 3,46 2,00 2,00 16,00 134818 1
85 3,46 3,46 1,98 1,00 3,00 135948 1
86 3,46 3,46 2,01 1,00 1,00 136970 1
87 3,46 3,46 2,07 2,00 1,00 138018 1
88 3,46 3,46 2,06 2,00 16,00 139066 1
89 3,46 3,46 2,06 1,00 16,00 139999 1
90 3,46 3,46 2,02 1,00 1,00 141020 1
91 3,46 3,46 2,07 2,00 1,00 142167 1
92 3,46 3,46 2,01 2,00 16,00 143191 1
93 3,46 3,46 2,00 1,00 2,00 144073 1
94 3,46 3,46 2,07 1,00 1,00 145023 1
95 3,46 3,46 2,15 2,00 1,00 146050 1
96 3,46 3,46 2,10 1,00 16,00 147033 1
97 3,46 3,46 2,12 2,00 1,00 148185 1
98 3,46 3,46 2,12 2,00 16,00 149496 1
99 3,46 3,46 2,03 2,00 16,00 150789 1
100 3,46 3,46 2,06 2,00 16,00 151913 1
101 3,46 3,46 2,09 1,00 16,00 152923 1
102 3,46 3,46 2,05 1,00 1,00 154100 1
103 3,46 3,46 2,13 1,00 1,00 155304 1
104 3,46 3,46 2,31 1,00 1,00 156501 1
105 3,46 3,46 2,25 1,00 1,00 157770 1
106 3,46 3,46 2,30 1,00 1,00 159019 1
107 3,46 3,46 2,23 1,00 1,00 160099 1
108 3,46 3,46 2,18 1,00 1,00 161070 1
109 3,46 3,46 2,18 1,00 1,00 161897 1
110 3,46 3,46 2,16 1,00 1,00 162626 1
111 3,46 3,46 2,14 1,00 1,00 163252 1
112 3,46 3,46 2,12 1,00 1,00 163915 1
113 3,46 3,46 2,09 1,00 1,00 164484 1
114 3,46 3,46 2,09 1,00 1,00 165028 1
115 3,46 3,46 2,09 1,00 1,00 165663 1
116 3,46 3,46 2,09 1,00 1,00 166330 1
117 3,46 3,46 2,10 1,00 1,00 166906 1
118 3,46 3,46 2,10 1,00 1,00 167421 1
119 3,46 3,46 2,10 1,00 1,00 168035 1
120 3,46 3,46 2,09 1,00 1,00 168861 1
121 3,46 3,46 2,10 1,00 1,00 169578 1
122 3,46 3,46 2,11 1,00 1,00 170224 1
123 3,46 3,46 2,12 1,00 1,00 170893 1
124 3,46 3,46 2,11 1,00 1,00 171582 1
125 3,46 3,46 2,12 1,00 1,00 172216 1
126 3,46 3,46 2,15 1,00 1,00 172756 1
127 3,46 3,46 2,16 1,00 1,00 173305 1
128 3,46 3,46 2,15 1,00 1,00 173840 1
129 3,46 3,46 2,13 1,00 1,00 174427 1
130 3,46 3,46 2,15 1,00 1,00 175026 1
131 3,46 3,46 2,15 1,00 1,00 175704 1
132 3,46 3,46 2,13 1,00 1,00 176270 1
133 3,46 3,46 2,15 1,00 1,00 176881 1
134 3,46 3,46 2,13 1,00 1,00 177431 1
135 3,46 3,46 2,14 1,00 1,00 178005 1
136 3,46 3,46 2,14 1,00 1,00 178566 1
137 3,46 3,46 2,09 1,00 1,00 179265 1
138 3,46 3,46 2,10 1,00 1,00 179894 1
139 3,46 3,46 2,13 1,00 1,00 180482 1
140 3,46 3,46 2,17 1,00 1,00 181063 1
141 3,46 3,46 2,10 1,00 1,00 181637 1
142 3,46 3,46 2,06 1,00 1,00 182152 1
143 3,46 3,46 2,04 2,00 1,00 182626 1
144 3,46 3,46 2,04 2,00 16,00 183097 1
145 3,46 3,46 2,02 2,00 11,00 183576 1
146 3,46 3,46 2,02 1,00 16,00 184032 1
147 3,46 3,46 2,02 2,00 4,00 184511 1
148 3,46 3,46 2,02 2,00 16,00 184974 1
149 3,46 3,46 2,04 2,00 6,00 185531 1
150 3,46 3,46 2,04 2,00 16,00 186058 1
151 3,46 3,46 2,03 2,00 7,00 186631 1
152 3,46 3,46 2,05 1,00 16,00 187173 1
153 3,46 3,46 2,08 1,00 5,00 187653 1
154 3,46 3,46 2,13 1,00 1,00 188087 1
155 3,46 3,46 2,13 1,00 1,00 188478 1
156 3,46 3,46 2,13 1,00 1,00 188781 1
157 3,46 3,46 2,13 1,00 1,00 189113 1
158 3,46 3,46 2,15 1,00 1,00 189431 1
159 3,46 3,46 2,16 1,00 1,00 189747 1
160 3,46 3,46 2,15 1,00 1,00 190001 1
161 3,46 3,46 2,17 1,00 1,00 190235 1
162 3,46 3,46 2,13 1,00 1,00 190426 1
163 3,46 3,46 2,13 1,00 1,00 190604 1
164 3,46 3,46 2,14 1,00 1,00 190779 1
165 3,46 3,46 2,15 2,00 1,00 191045 1
166 3,46 3,46 2,16 2,00 16,00 191280 1
167 3,46 3,46 2,16 2,00 13,00 191593 1
168 3,46 3,46 2,16 1,00 6,00 192025 1
169 3,46 3,46 2,17 1,00 1,00 192568 1
170 3,46 3,46 2,16 2,00 1,00 193073 1
171 3,46 3,46 2,15 2,00 16,00 193588 1
172 3,46 3,46 2,15 2,00 5,00 194218 1
173 3,46 3,46 2,16 1,00 16,00 194884 1
174 3,46 3,46 2,18 1,00 1,00 195676 1
175 3,46 3,46 2,17 1,00 1,00 196337 1
176 3,46 3,46 2,15 1,00 1,00 196899 1
177 3,46 3,46 2,15 1,00 1,00 197325 1
178 3,46 3,46 2,17 2,00 1,00 197802 1
179 3,46 3,46 2,15 2,00 16,00 198275 1
180 3,46 3,46 2,14 2,00 7,00 198921 1
181 3,46 3,46 2,16 2,00 16,00 199549 1
182 3,46 1,15 0,72 2,00 6,00 200208 1
183 3,46 1,15 0,72 2,00 16,00 201052 1
184 3,46 1,15 0,72 1,00 16,00 201970 1
185 3,46 3,46 2,17 1,00 1,00 202680 1
186 3,46 3,46 2,16 1,00 1,00 203342 1
187 3,46 3,46 2,10 2,00 1,00 203905 1
188 3,46 3,46 2,15 2,00 16,00 204414 1
189 3,46 3,46 2,13 2,00 6,00 205267 1
190 3,46 3,46 2,15 2,00 16,00 206148 1
191 3,46 3,46 2,15 2,00 4,00 207071 1
192 3,46 3,46 2,19 2,00 16,00 207853 1
193 3,46 3,46 2,20 2,00 4,00 208707 1
194 3,46 3,46 2,18 2,00 16,00 209442 1
195 3,46 3,46 2,15 2,00 16,00 210092 1
196 3,46 3,46 2,17 2,00 16,00 210836 1
197 3,46 3,46 2,16 2,00 6,00 211520 1
198 3,46 3,46 2,15 2,00 16,00 212143 1
199 3,46 3,46 2,18 1,00 4,00 212798 1
200 3,46 3,46 2,16 1,00 1,00 213398 1
201 3,46 3,46 2,17 1,00 1,00 213972 1
202 3,46 3,46 2,17 1,00 1,00 214446 1
203 3,46 3,46 2,23 1,00 1,00 214886 1
204 3,46 3,46 2,12 1,00 1,00 215331 1
205 3,46 3,46 2,21 1,00 1,00 215711 1
206 3,46 3,46 2,20 1,00 1,00 216069 1
207 3,46 3,46 2,18 1,00 1,00 216426 1
208 3,46 3,46 2,19 1,00 1,00 216691 1
209 3,46 3,46 2,13 1,00 1,00 216851 1
210 3,46 3,46 2,19 1,00 1,00 217021 1
211 3,46 3,46 2,18 1,00 1,00 217235 1
212 3,46 3,46 2,23 1,00 1,00 217428 1
213 3,46 3,46 2,18 1,00 1,00 217613 1
214 3,46 3,46 2,18 1,00 1,00 217786 1
215 3,46 3,46 2,17 2,00 1,00 218014 1
216 3,46 3,46 2,17 2,00 16,00 218241 1
217 3,46 0,77 0,48 2,00 9,00 218632 1
218 3,46 0,77 0,48 2,00 16,00 219065 1
219 3,46 0,77 0,48 2,00 16,00 219510 1
220 3,46 0,77 0,48 2,00 16,00 219834 1
221 3,46 0,77 0,48 2,00 16,00 220118 1
222 3,46 0,77 0,48 2,00 16,00 220457 1
223 3,46 0,77 0,48 2,00 16,00 220780 1
224 3,46 0,77 0,48 2,00 16,00 221084 1
225 3,46 0,77 0,48 2,00 16,00 221368 1
226 3,46 0,43 0,27 2,00 16,00 221678 1
227 3,46 0,43 0,27 2,00 16,00 222006 1
228 3,46 0,43 0,27 1,00 16,00 222403 1
229 3,46 0,43 0,27 1,00 3,00 222737 1
230 3,46 0,43 0,27 1,00 1,00 223035 1
231 3,46 0,43 0,27 1,00 1,00 223321 1
232 3,46 0,43 0,27 1,00 1,00 223592 1
233 3,46 0,43 0,27 1,00 1,00 223825 1
234 3,46 0,43 0,27 1,00 1,00 224068 1
235 3,46 0,43 0,27 1,00 1,00 224238 1
236 3,46 0,43 0,27 1,00 1,00 224458 1
237 3,46 0,43 0,27 1,00 1,00 224715 1
238 3,46 0,43 0,27 1,00 1,00 224963 1
239 3,46 0,43 0,27 1,00 1,00 225171 1
240 3,46 0,43 0,27 1,00 1,00 225419 1
241 3,46 0,43 0,27 1,00 1,00 225651 1
242 3,46 0,43 0,27 1,00 1,00 225874 1
243 3,46 0,43 0,27 1,00 1,00 226049 1
244 3,46 0,43 0,27 1,00 1,00 226240 1
245 3,46 0,43 0,27 2,00 1,00 226509 1
246 3,46 0,43 0,27 2,00 16,00 226809 1
247 3,46 0,43 0,27 2,00 5,00 227215 1
248 3,46 0,43 0,27 2,00 16,00 227639 1
249 3,46 0,43 0,27 2,00 16,00 228105 1
250 3,46 0,43 0,27 2,00 16,00 228636 1
251 3,46 0,43 0,27 3,00 16,00 229213 1
252 3,46 0,65 0,41 1,00 16,00 229674 1
253 3,46 0,65 0,41 1,00 1,00 230044 1
254 3,46 0,65 0,40 1,00 1,00 230450 1
255 3,46 0,65 0,40 1,00 1,00 230803 1
256 3,46 0,65 0,40 2,00 1,00 231184 1
257 3,46 0,65 0,40 2,00 16,00 231585 1
258 3,46 0,65 0,40 2,00 16,00 232098 1
259 3,46 0,65 0,40 2,00 16,00 232617 1
260 3,46 0,65 0,40 2,00 16,00 233264 1
261 3,46 0,65 0,40 2,00 16,00 233979 1
262 3,46 0,65 0,40 2,00 16,00 234613 1
263 3,46 0,65 0,40 2,00 16,00 235212 1
264 3,46 0,65 0,40 2,00 16,00 235817 1
265 3,46 0,65 0,40 2,00 16,00 236398 1
266 3,46 0,65 0,41 2,00 16,00 236895 1
267 3,46 0,43 0,27 2,00 16,00 237510 1
268 3,46 0,43 0,27 2,00 16,00 238092 1
269 3,46 0,43 0,27 2,00 16,00 238725 1
270 3,46 0,43 0,27 2,00 16,00 239224 1
271 3,46 0,43 0,27 2,00 16,00 239797 1
272 3,46 0,43 0,27 1,00 16,00 240308 1
273 3,46 0,43 0,27 1,00 1,00 240800 1
274 3,46 0,43 0,26 1,00 1,00 241319 1
275 3,46 0,43 0,26 1,00 1,00 241758 1
276 3,46 0,43 0,26 1,00 1,00 242166 1
277 3,46 3,46 2,09 1,00 1,00 242581 1
278 3,46 3,46 2,07 1,00 1,00 242909 1
279 3,46 3,46 2,07 1,00 1,00 243219 1
280 3,46 3,46 2,05 1,00 1,00 243464 1
281 3,46 3,46 2,05 1,00 1,00 243676 1
282 3,46 3,46 2,06 1,00 1,00 243930 1
283 3,46 3,46 2,06 1,00 1,00 244170 1
284 3,46 3,46 2,06 2,00 1,00 244381 1
285 3,46 3,46 2,05 2,00 16,00 244581 1
286 3,46 3,46 2,06 2,00 8,00 244881 1
287 3,46 3,46 2,08 2,00 16,00 245197 1
288 3,46 3,46 2,09 2,00 16,00 245608 1
289 3,46 3,46 2,11 2,00 4,00 246088 1
290 3,46 3,46 2,12 2,00 16,00 246639 1
291 3,46 3,46 2,12 2,00 4,00 247156 1
292 3,46 3,46 2,13 2,00 16,00 247714 1
293 3,46 3,46 2,13 2,00 8,00 248241 1
294 3,46 3,46 2,14 2,00 16,00 248810 1
295 3,46 3,46 2,14 2,00 16,00 249419 1
296 3,46 3,46 2,14 2,00 16,00 250007 1
297 3,46 3,46 2,14 2,00 2,00 250497 1
298 3,46 3,46 2,16 1,00 16,00 250954 1
299 3,46 3,46 2,13 1,00 5,00 251457 1
300 3,46 3,46 2,16 1,00 1,00 251857 1
301 3,46 3,46 2,15 1,00 1,00 252267 1
302 3,46 3,46 2,15 1,00 1,00 252574 1
303 3,46 3,46 2,17 1,00 1,00 252830 1
304 3,46 3,46 2,14 1,00 1,00 253107 1
305 3,46 3,46 2,15 1,00 1,00 253377 1
306 3,46 3,46 2,15 2,00 1,00 253614 1
307 3,46 3,46 2,15 2,00 16,00 253802 1
308 3,46 0,86 0,54 1,00 8,00 254049 1
309 3,46 0,86 0,54 2,00 1,00 254401 1
310 3,46 0,86 0,54 2,00 16,00 254778 1
311 3,46 0,86 0,54 2,00 16,00 255271 1
312 3,46 0,86 0,54 2,00 16,00 255757 1
313 3,46 0,86 0,54 2,00 16,00 256168 1
314 3,46 0,86 0,54 2,00 16,00 256672 1
315 3,46 0,86 0,54 2,00 16,00 257185 1
316 3,46 0,86 0,54 2,00 16,00 257712 1
317 3,46 0,86 0,54 2,00 2,00 258122 1
318 3,46 0,86 0,55 2,00 16,00 258667 1
319 3,46 0,86 0,54 2,00 16,00 259142 1
320 3,46 0,86 0,54 2,00 16,00 259646 1
321 3,46 0,43 0,27 1,00 16,00 260162 1
322 3,46 0,43 0,27 3,00 1,00 260676 1
323 3,46 0,43 0,27 2,00 16,00 261138 1
324 3,46 0,43 0,27 2,00 16,00 261651 1
325 3,46 0,43 0,27 1,00 16,00 262097 1
326 3,46 0,43 0,27 1,00 2,00 262489 1
327 3,46 0,43 0,27 1,00 1,00 262843 1
328 3,46 0,43 0,27 1,00 1,00 263159 1
329 3,46 0,43 0,27 2,00 1,00 263421 1
330 3,46 0,43 0,27 2,00 16,00 263619 1
331 3,46 0,43 0,27 2,00 2,00 263843 1
332 3,46 0,43 0,27 2,00 16,00 264118 1
333 3,46 0,43 0,27 2,00 16,00 264399 1
334 3,46 0,43 0,27 2,00 3,00 264633 1
335 3,46 0,43 0,27 2,00 16,00 264897 1
336 3,46 0,43 0,27 1,00 5,00 265071 1
337 3,46 0,43 0,27 2,00 1,00 265325 1
338 3,46 0,43 0,27 2,00 16,00 265624 1
339 3,46 0,43 0,27 2,00 16,00 265881 1
340 3,46 0,43 0,27 2,00 16,00 266159 1
341 3,46 0,43 0,27 2,00 2,00 266407 1
342 3,46 0,43 0,27 2,00 16,00 266608 1
343 3,46 0,43 0,27 2,00 6,00 266826 1
344 3,46 0,43 0,27 2,00 16,00 267021 1
345 3,46 0,43 0,27 2,00 5,00 267267 1
346 3,46 0,43 0,27 2,00 16,00 267522 1
347 3,46 0,43 0,27 1,00 16,00 267800 1
348 3,46 0,43 0,27 1,00 1,00 267983 1
349 3,46 0,43 0,27 1,00 1,00 268149 1
350 3,46 0,43 0,27 1,00 1,00 268298 1
351 3,46 0,43 0,27 1,00 1,00 268420 1
352 3,46 0,43 0,27 1,00 1,00 268528 1
353 3,46 0,43 0,27 1,00 1,00 268604 1
354 3,46 0,43 0,27 1,00 1,00 268675 1
355 3,46 0,43 0,27 2,00 1,00 268771 1
356 3,46 0,43 0,27 2,00 16,00 268866 1
357 3,46 0,69 0,43 2,00 10,00 268992 1
358 3,46 0,69 0,43 2,00 16,00 269085 1
359 3,46 0,69 0,43 2,00 10,00 269183 1
360 3,46 0,69 0,43 2,00 3,00 269292 1
361 3,46 0,43 0,27 2,00 16,00 269492 1
362 3,46 0,43 0,27 2,00 8,00 269676 1
363 3,46 0,43 0,27 2,00 16,00 269862 1
364 3,46 0,43 0,27 2,00 6,00 270024 1
365 3,46 0,43 0,27 2,00 16,00 270194 1
366 3,46 0,43 0,27 2,00 9,00 270340 1
367 3,46 0,43 0,27 2,00 2,00 270507 1
368 3,46 0,43 0,27 2,00 16,00 270654 1
369 3,46 0,43 0,27 2,00 7,00 270777 1
370 3,46 0,43 0,27 2,00 16,00 270904 1
371 3,46 0,43 0,27 2,00 8,00 271036 1
372 3,46 0,43 0,27 2,00 16,00 271172 1
373 3,46 0,43 0,27 2,00 7,00 271283 1
374 3,46 0,43 0,27 2,00 16,00 271382 1
375 3,46 0,43 0,27 1,00 5,00 271457 1
376 3,46 0,43 0,27 1,00 1,00 271539 1
377 3,46 3,46 2,17 1,00 1,00 271646 1
378 3,46 3,46 2,17 1,00 1,00 271773 1
379 3,46 3,46 2,17 1,00 1,00 271893 1
380 3,46 3,46 2,17 1,00 1,00 272037 1
381 3,46 3,46 2,17 1,00 1,00 272202 1
382 3,46 3,46 2,17 1,00 1,00 272338 1
383 3,46 3,46 2,17 1,00 1,00 272459 1
384 3,46 3,46 2,17 1,00 1,00 272592 1
385 3,46 3,46 2,17 1,00 1,00 272715 1
386 3,46 3,46 2,17 1,00 1,00 272819 1
387 3,46 3,46 2,17 1,00 1,00 272909 1
388 3,46 3,46 2,17 1,00 1,00 272984 1
389 3,46 3,46 2,17 1,00 1,00 273060 1
390 3,46 3,46 2,17 1,00 1,00 273130 1
391 3,46 3,46 2,17 1,00 1,00 273200 1
392 3,46 3,46 2,17 1,00 1,00 273255 1
393 3,46 3,46 2,17 1,00 1,00 273325 1
394 3,46 3,46 2,17 1,00 1,00 273396 1
395 3,46 3,46 2,17 1,00 1,00 273468 1
396 3,46 3,46 2,17 1,00 1,00 273534 1
397 3,46 3,46 2,17 1,00 1,00 273607 1
398 3,46 3,46 2,17 1,00 1,00 273669 1
399 3,46 3,46 2,17 1,00 1,00 273741 1
400 3,46 3,46 2,17 1,00 1,00 273814 1
401 3,46 3,46 2,17 1,00 1,00 273888 1
402 3,46 3,46 2,17 1,00 1,00 273977 1
403 3,46 3,46 2,17 1,00 1,00 274059 1
404 3,46 3,46 2,17 1,00 1,00 274169 1
405 3,46 3,46 2,17 1,00 1,00 274272 1
406 3,46 3,46 2,17 1,00 1,00 274391 1
407 3,46 3,46 2,17 1,00 1,00 274514 1
408 3,46 3,46 2,17 1,00 1,00 274605 1
409 3,46 3,46 2,17 1,00 1,00 274690 1
410 3,46 3,46 2,17 1,00 1,00 274777 1
411 3,46 3,46 2,17 1,00 1,00 274881 1
412 3,46 3,46 2,17 1,00 1,00 274988 1
413 3,46 3,46 2,17 1,00 1,00 275096 1
414 3,46 3,46 2,17 1,00 1,00 275203 1
415 3,46 3,46 2,17 1,00 1,00 275294 1
416 3,46 3,46 2,17 1,00 1,00 275366 1
417 3,46 3,46 2,17 1,00 1,00 275439 1
418 3,46 3,46 2,17 1,00 1,00 275506 1
419 3,46 3,46 2,17 1,00 1,00 275568 1
420 3,46 3,46 2,17 1,00 1,00 275608 1
421 3,46 3,46 2,17 1,00 1,00 275655 1
422 3,46 3,46 2,17 2,00 1,00 275694 1
423 3,46 3,46 2,17 1,00 16,00 275738 1
424 3,46 3,46 2,17 1,00 15,00 275786 1
425 3,46 3,46 2,17 1,00 14,00 275834 1
426 3,46 3,46 2,17 1,00 14,00 275905 1
427 3,46 3,46 2,17 1,00 14,00 275978 1
428 3,46 3,46 2,17 1,00 14,00 276040 1
429 3,46 0,25 0,15 2,00 14,00 276089 1
430 3,46 0,25 0,15 2,00 9,00 276136 1
431 3,46 0,25 0,15 2,00 4,00 276202 1
432 3,46 0,25 0,15 2,00 16,00 276263 1
433 3,46 0,25 0,15 2,00 9,00 276339 1
434 3,46 0,25 0,15 1,00 3,00 276430 1
435 3,46 0,25 0,15 1,00 1,00 276471 1
436 3,46 0,25 0,15 1,00 1,00 276551 1
437 3,46 0,25 0,15 1,00 1,00 276623 1
438 3,46 0,25 0,15 1,00 1,00 276703 1
439 3,46 0,25 0,15 1,00 1,00 276776 1
440 3,46 0,25 0,15 1,00 1,00 276831 1
441 3,46 0,25 0,15 1,00 1,00 276912 1
442 3,46 0,25 0,15 1,00 1,00 276981 1
443 3,46 0,25 0,15 1,00 1,00 277029 1
444 3,46 0,25 0,15 1,00 1,00 277094 1
445 3,46 3,46 2,17 1,00 1,00 277155 1
446 3,46 3,46 2,17 1,00 1,00 277209 1
447 3,46 3,46 2,17 1,00 1,00 277276 1
448 3,46 3,46 2,17 1,00 1,00 277346 1
449 3,46 3,46 2,17 1,00 1,00 277419 1
450 3,46 3,46 2,17 1,00 1,00 277480 1
451 3,46 3,46 2,17 1,00 1,00 277546 1
452 3,46 3,46 2,17 1,00 1,00 277633 1
453 3,46 3,46 2,17 1,00 1,00 277699 1
454 3,46 3,46 2,17 1,00 1,00 277753 1
455 3,46 3,46 2,17 1,00 1,00 277794 1
456 3,46 3,46 2,17 1,00 1,00 277831 1
457 3,46 3,46 2,17 1,00 1,00 277866 1
458 3,46 3,46 2,17 1,00 1,00 277907 1
459 3,46 3,46 2,17 1,00 1,00 277956 1
460 3,46 3,46 2,17 1,00 1,00 278010 1
461 3,46 3,46 2,17 1,00 1,00 278052 1
462 3,46 3,46 2,17 1,00 1,00 278092 1
463 3,46 3,46 2,17 1,00 1,00 278136 1
464 3,46 3,46 2,17 1,00 1,00 278171 1
465 3,46 3,46 2,17 1,00 1,00 278215 1
466 3,46 3,46 2,17 1,00 1,00 278256 1
467 3,46 3,46 2,17 1,00 1,00 278310 1
468 3,46 3,46 2,17 1,00 1,00 278372 1
469 3,46 3,46 2,17 1,00 1,00 278422 1
470 3,46 3,46 2,17 1,00 1,00 278480 1
471 3,46 3,46 2,17 1,00 1,00 278532 1
472 3,46 3,46 2,17 1,00 1,00 278583 1
473 3,46 3,46 2,17 1,00 1,00 278628 1
474 3,46 3,46 2,17 1,00 1,00 278661 1
475 3,46 3,46 2,17 1,00 1,00 278697 1
476 3,46 3,46 2,17 1,00 1,00 278747 1
477 3,46 3,46 2,17 1,00 1,00 278809 1
478 3,46 3,46 2,17 1,00 1,00 278860 1
479 3,46 3,46 2,17 1,00 1,00 278924 1
480 3,46 3,46 2,17 1,00 1,00 278971 1
481 3,46 3,46 2,17 1,00 1,00 279018 1
482 3,46 3,46 2,17 1,00 1,00 279043 1
483 3,46 3,46 2,17 1,00 1,00 279071 1
484 3,46 3,46 2,17 1,00 1,00 279098 1
485 3,46 3,46 2,17 1,00 1,00 279123 1
486 3,46 3,46 2,17 1,00 1,00 279191 1
487 3,46 3,46 2,17 1,00 1,00 279255 1
488 3,46 3,46 2,17 1,00 1,00 279281 1
489 3,46 3,46 2,17 1,00 1,00 279305 1
490 3,46 3,46 2,17 1,00 1,00 279344 1
491 3,46 3,46 2,17 1,00 1,00 279378 1
492 3,46 3,46 2,17 1,00 1,00 279421 1
493 3,46 3,46 2,17 1,00 1,00 279458 1
494 3,46 3,46 2,17 1,00 1,00 279509 1
495 3,46 3,46 2,17 1,00 1,00 279558 1
496 3,46 3,46 2,17 1,00 1,00 279608 1
497 3,46 3,46 2,17 1,00 1,00 279665 1
498 3,46 3,46 2,17 1,00 1,00 279720 1
499 3,46 3,46 2,17 1,00 1,00 279792 1
