1000
0 306,38 306,38 306,38 1,00 82,00 0
1 306,38 3,56 3,56 1,00 86,00 1235
2 306,38 3,56 3,56 1,00 90,00 1774
3 306,38 3,56 3,56 1,00 94,00 1865
4 306,38 3,56 3,56 1,00 98,00 1875
5 306,38 3,56 3,56 1,00 102,00 1879
6 306,38 3,56 3,56 1,00 106,00 1881
7 306,38 3,56 3,56 1,00 110,00 1881
8 306,38 3,56 3,56 1,00 114,00 1881
9 306,38 3,56 3,56 1,00 118,00 1881
10 306,38 3,56 3,56 1,00 122,00 1881
11 306,38 3,56 3,56 1,00 126,00 1881
12 306,38 3,56 3,56 1,00 130,00 1881
13 306,38 3,56 3,56 1,00 134,00 1881
14 306,38 3,56 3,56 1,00 138,00 1881
15 306,38 2,16 2,16 1,00 142,00 1881
16 306,38 2,16 2,16 1,00 146,00 1881
17 306,38 2,16 2,16 1,00 150,00 1881
18 306,38 1,99 1,99 1,00 154,00 1881
19 306,38 1,99 1,99 1,00 158,00 1881
20 306,38 1,89 1,89 1,00 162,00 1881
21 306,38 1,89 1,89 1,00 166,00 1881
22 306,38 1,89 1,89 1,00 170,00 1881
23 306,38 1,89 1,89 1,00 174,00 1881
24 306,38 1,89 1,89 1,00 178,00 1881
25 306,38 1,89 1,89 1,00 182,00 1881
26 306,38 1,89 1,89 1,00 186,00 1881
27 306,38 1,89 1,89 1,00 190,00 1881
28 306,38 1,89 1,89 1,00 194,00 1881
29 306,38 1,89 1,89 1,00 198,00 1881
30 306,38 1,89 1,89 99,00 202,00 1881
31 306,38 147,96 147,96 99,00 205,00 2704
32 306,38 148,68 148,68 99,00 208,00 3431
33 306,38 148,68 148,68 99,00 212,00 3821
34 306,38 148,68 148,68 99,00 216,00 4072
35 306,38 148,68 148,68 99,00 220,00 4286
36 306,38 148,68 148,68 99,00 224,00 4405
37 306,38 148,68 148,68 99,00 228,00 4558
38 306,38 148,68 148,68 99,00 232,00 4625
39 306,38 148,68 148,68 99,00 236,00 4666
40 306,38 148,68 148,68 99,00 240,00 4711
41 306,38 124,31 124,31 99,00 244,00 4762
42 306,38 124,31 124,31 99,00 248,00 4795
43 306,38 120,36 120,36 99,00 252,00 4831
44 306,38 120,36 120,36 99,00 256,00 4863
45 306,38 120,36 120,36 99,00 260,00 4893
46 306,38 120,36 120,36 99,00 264,00 4918
47 306,38 120,36 120,36 99,00 268,00 4938
48 306,38 120,36 120,36 99,00 272,00 4953
49 306,38 120,36 120,36 99,00 276,00 4969
50 306,38 120,36 120,36 99,00 280,00 4978
51 306,38 120,36 120,36 99,00 284,00 4991
52 306,38 105,32 105,32 99,00 288,00 5006
53 306,38 105,32 105,32 99,00 292,00 5016
54 306,38 105,32 105,32 99,00 296,00 5027
55 306,38 105,32 105,32 99,00 300,00 5033
56 306,38 105,32 105,32 99,00 304,00 5043
57 306,38 105,32 105,32 99,00 308,00 5047
58 306,38 105,32 105,32 99,00 312,00 5055
59 306,38 105,32 105,32 99,00 316,00 5061
60 306,38 94,78 94,78 1,00 320,00 5068
61 306,38 94,78 94,78 1,00 324,00 5076
62 306,38 94,78 94,78 1,00 328,00 5097
63 306,38 94,78 94,78 1,00 332,00 5110
64 306,38 0,91 0,91 1,00 336,00 5114
65 306,38 0,91 0,91 1,00 340,00 5115
66 306,38 0,91 0,91 1,00 344,00 5118
67 306,38 0,88 0,88 1,00 348,00 5123
68 306,38 0,88 0,88 1,00 352,00 5124
69 306,38 0,88 0,88 1,00 356,00 5125
70 306,38 0,88 0,88 1,00 360,00 5125
71 306,38 0,88 0,88 1,00 364,00 5125
72 306,38 0,88 0,88 1,00 368,00 5125
73 306,38 0,88 0,88 1,00 372,00 5125
74 306,38 0,88 0,88 1,00 376,00 5126
75 306,38 0,88 0,88 1,00 380,00 5126
76 306,38 0,88 0,88 1,00 384,00 5126
77 306,38 0,88 0,88 1,00 388,00 5126
78 306,38 0,88 0,88 1,00 392,00 5127
79 306,38 0,88 0,88 1,00 396,00 5128
80 306,38 0,88 0,88 1,00 400,00 5128
81 306,38 0,88 0,88 1,00 404,00 5128
82 306,38 0,88 0,88 1,00 408,00 5128
83 306,38 0,88 0,88 1,00 412,00 5128
84 306,38 0,88 0,88 1,00 416,00 5128
85 306,38 0,88 0,88 1,00 420,00 5128
86 306,38 0,72 0,72 1,00 424,00 5128
87 306,38 0,72 0,72 1,00 428,00 5128
88 306,38 0,72 0,72 1,00 432,00 5129
89 306,38 0,72 0,72 1,00 436,00 5133
90 306,38 0,72 0,72 99,00 440,00 5133
91 306,38 0,72 0,72 99,00 444,00 5240
92 306,38 68,47 68,47 99,00 447,00 5280
93 306,38 68,47 68,47 99,00 451,00 5298
94 306,38 68,47 68,47 99,00 455,00 5308
95 306,38 68,47 68,47 99,00 459,00 5318
96 306,38 68,47 68,47 99,00 463,00 5327
97 306,38 68,47 68,47 99,00 467,00 5336
98 306,38 68,47 68,47 99,00 471,00 5340
99 306,38 68,47 68,47 99,00 475,00 5347
100 306,38 68,47 68,47 99,00 479,00 5351
101 306,38 68,47 68,47 99,00 483,00 5353
102 306,38 62,28 62,28 99,00 487,00 5354
103 306,38 62,28 62,28 99,00 491,00 5357
104 306,38 62,28 62,28 99,00 495,00 5357
105 306,38 60,78 60,78 99,00 499,00 5357
106 306,38 60,78 60,78 99,00 503,00 5357
107 306,38 60,78 60,78 99,00 507,00 5357
108 306,38 60,78 60,78 99,00 511,00 5357
109 306,38 60,78 60,78 99,00 515,00 5359
110 306,38 60,78 60,78 99,00 519,00 5359
111 306,38 60,78 60,78 99,00 523,00 5360
112 306,38 60,78 60,78 99,00 527,00 5362
113 306,38 60,78 60,78 99,00 531,00 5364
114 306,38 60,78 60,78 99,00 535,00 5366
115 306,38 60,78 60,78 99,00 539,00 5366
116 306,38 55,86 55,86 99,00 543,00 5366
117 306,38 55,45 55,45 99,00 547,00 5366
118 306,38 55,45 55,45 99,00 551,00 5367
119 306,38 55,45 55,45 99,00 555,00 5368
120 306,38 55,45 55,45 1,00 559,00 5368
121 306,38 55,45 55,45 1,00 563,00 5378
122 306,38 55,45 55,45 1,00 567,00 5387
123 306,38 55,45 55,45 1,00 571,00 5391
124 306,38 55,45 55,45 1,00 575,00 5392
125 306,38 0,53 0,53 1,00 579,00 5392
126 306,38 0,53 0,53 1,00 583,00 5392
127 306,38 0,53 0,53 1,00 587,00 5392
128 306,38 0,53 0,53 1,00 591,00 5392
129 306,38 0,53 0,53 1,00 595,00 5392
130 306,38 0,53 0,53 1,00 599,00 5392
131 306,38 0,53 0,53 1,00 603,00 5392
132 306,38 0,53 0,53 1,00 607,00 5392
133 306,38 0,53 0,53 1,00 611,00 5392
134 306,38 0,53 0,53 1,00 615,00 5392
135 306,38 0,53 0,53 1,00 619,00 5392
136 306,38 0,53 0,53 1,00 623,00 5392
137 306,38 0,53 0,53 1,00 627,00 5392
138 306,38 0,49 0,49 1,00 631,00 5392
139 306,38 0,48 0,48 1,00 635,00 5392
140 306,38 0,48 0,48 1,00 639,00 5397
141 306,38 0,48 0,48 1,00 643,00 5398
142 306,38 0,47 0,47 1,00 647,00 5398
143 306,38 0,47 0,47 1,00 651,00 5398
144 306,38 0,47 0,47 1,00 655,00 5398
145 306,38 0,47 0,47 1,00 659,00 5398
146 306,38 0,47 0,47 1,00 663,00 5398
147 306,38 0,47 0,47 1,00 667,00 5398
148 306,38 0,47 0,47 1,00 671,00 5398
149 306,38 0,47 0,47 1,00 675,00 5398
150 306,38 0,47 0,47 99,00 679,00 5398
151 306,38 0,47 0,47 99,00 683,00 5443
152 306,38 0,47 0,47 99,00 687,00 5461
153 306,38 0,47 0,47 99,00 691,00 5469
154 306,38 0,47 0,47 99,00 695,00 5476
155 306,38 43,39 43,39 99,00 699,00 5480
156 306,38 43,39 43,39 99,00 703,00 5482
157 306,38 43,39 43,39 99,00 707,00 5482
158 306,38 42,66 42,66 99,00 711,00 5492
159 306,38 42,66 42,66 99,00 715,00 5501
160 306,38 42,19 42,19 99,00 719,00 5510
161 306,38 42,19 42,19 99,00 723,00 5520
162 306,38 42,19 42,19 99,00 727,00 5532
163 306,38 42,19 42,19 99,00 731,00 5544
164 306,38 42,19 42,19 99,00 735,00 5553
165 306,38 42,19 42,19 99,00 739,00 5560
166 306,38 42,19 42,19 99,00 743,00 5566
167 306,38 42,19 42,19 99,00 747,00 5570
168 306,38 42,19 42,19 99,00 751,00 5573
169 306,38 42,19 42,19 99,00 755,00 5575
170 306,38 42,19 42,19 99,00 759,00 5576
171 306,38 42,19 42,19 99,00 763,00 5577
172 306,38 42,19 42,19 99,00 767,00 5578
173 306,38 42,19 42,19 99,00 771,00 5579
174 306,38 42,19 42,19 99,00 775,00 5580
175 306,38 42,19 42,19 99,00 779,00 5582
176 306,38 42,19 42,19 99,00 783,00 5583
177 306,38 42,19 42,19 99,00 787,00 5584
178 306,38 42,19 42,19 99,00 791,00 5587
179 306,38 42,19 42,19 99,00 795,00 5589
180 306,38 42,19 42,19 1,00 799,00 5591
181 306,38 0,38 0,38 1,00 803,00 5600
182 306,38 0,38 0,38 1,00 807,00 5601
183 306,38 0,38 0,38 1,00 811,00 5602
184 306,38 0,38 0,38 1,00 815,00 5602
185 306,38 0,37 0,37 1,00 819,00 5602
186 306,38 0,37 0,37 1,00 823,00 5602
187 306,38 0,37 0,37 1,00 827,00 5602
188 306,38 0,37 0,37 1,00 831,00 5602
189 306,38 0,37 0,37 1,00 835,00 5602
190 306,38 0,37 0,37 1,00 839,00 5602
191 306,38 0,37 0,37 1,00 843,00 5604
192 306,38 0,37 0,37 1,00 847,00 5606
193 306,38 0,37 0,37 1,00 851,00 5607
194 306,38 0,37 0,37 1,00 855,00 5611
195 306,38 0,37 0,37 1,00 859,00 5613
196 306,38 0,37 0,37 1,00 863,00 5613
197 306,38 0,35 0,35 1,00 867,00 5613
198 306,38 0,35 0,35 1,00 871,00 5613
199 306,38 0,35 0,35 1,00 875,00 5613
200 306,38 0,35 0,35 1,00 879,00 5613
201 306,38 0,35 0,35 1,00 883,00 5613
202 306,38 0,35 0,35 1,00 887,00 5613
203 306,38 0,35 0,35 1,00 891,00 5613
204 306,38 0,34 0,34 1,00 895,00 5613
205 306,38 0,34 0,34 1,00 899,00 5613
206 306,38 0,34 0,34 1,00 903,00 5613
207 306,38 0,34 0,34 1,00 907,00 5613
208 306,38 0,34 0,34 1,00 911,00 5614
209 306,38 0,34 0,34 1,00 915,00 5616
210 306,38 0,33 0,33 97,00 919,00 5616
211 306,38 0,33 0,33 97,00 923,00 5655
212 306,38 0,33 0,33 97,00 927,00 5665
213 306,38 0,33 0,33 97,00 931,00 5671
214 306,38 0,33 0,33 97,00 935,00 5671
215 306,38 0,33 0,33 97,00 939,00 5671
216 306,38 0,33 0,33 97,00 943,00 5671
217 306,38 0,33 0,33 97,00 947,00 5671
218 306,38 0,33 0,33 97,00 951,00 5671
219 306,38 31,12 31,12 97,00 955,00 5671
220 306,38 30,99 30,99 97,00 959,00 5671
221 306,38 30,99 30,99 97,00 963,00 5671
222 306,38 30,99 30,99 97,00 967,00 5671
223 306,38 30,99 30,99 97,00 971,00 5671
224 306,38 30,99 30,99 97,00 975,00 5671
225 306,38 30,99 30,99 97,00 979,00 5671
226 306,38 30,99 30,99 97,00 983,00 5671
227 306,38 30,99 30,99 97,00 987,00 5671
228 306,38 30,99 30,99 97,00 991,00 5671
229 306,38 30,99 30,99 97,00 995,00 5671
230 306,38 30,99 30,99 97,00 999,00 5671
231 306,38 30,99 30,99 97,00 1.003,00 5671
232 306,38 30,99 30,99 97,00 1.007,00 5671
233 306,38 30,99 30,99 97,00 1.011,00 5671
234 306,38 29,28 29,28 97,00 1.015,00 5671
235 306,38 29,28 29,28 97,00 1.019,00 5671
236 306,38 29,28 29,28 97,00 1.023,00 5671
237 306,38 29,28 29,28 97,00 1.027,00 5671
238 306,38 29,28 29,28 97,00 1.031,00 5671
239 306,38 29,28 29,28 97,00 1.035,00 5671
240 306,38 29,28 29,28 1,00 1.039,00 5671
241 306,38 29,28 29,28 1,00 1.043,00 5686
242 306,38 29,28 29,28 1,00 1.047,00 5686
243 306,38 29,28 29,28 1,00 1.051,00 5687
244 306,38 29,28 29,28 1,00 1.055,00 5688
245 306,38 29,28 29,28 1,00 1.059,00 5688
246 306,38 29,28 29,28 1,00 1.063,00 5688
247 306,38 29,28 29,28 1,00 1.067,00 5688
248 306,38 29,28 29,28 1,00 1.071,00 5688
249 306,38 29,28 29,28 1,00 1.075,00 5691
250 306,38 29,28 29,28 1,00 1.079,00 5693
251 306,38 29,28 29,28 1,00 1.083,00 5693
252 306,38 29,28 29,28 1,00 1.087,00 5693
253 306,38 29,28 29,28 1,00 1.091,00 5694
254 306,38 29,28 29,28 1,00 1.095,00 5694
255 306,38 29,28 29,28 1,00 1.099,00 5694
256 306,38 29,28 29,28 1,00 1.103,00 5694
257 306,38 29,28 29,28 1,00 1.107,00 5694
258 306,38 29,28 29,28 1,00 1.111,00 5694
259 306,38 29,28 29,28 1,00 1.115,00 5694
260 306,38 29,28 29,28 1,00 1.119,00 5694
261 306,38 29,28 29,28 1,00 1.123,00 5694
262 306,38 29,28 29,28 1,00 1.127,00 5694
263 306,38 29,28 29,28 1,00 1.131,00 5694
264 306,38 29,28 29,28 1,00 1.135,00 5694
265 306,38 29,28 29,28 1,00 1.139,00 5694
266 306,38 29,28 29,28 1,00 1.143,00 5694
267 306,38 29,28 29,28 1,00 1.147,00 5694
268 306,38 0,27 0,27 1,00 1.151,00 5694
269 306,38 0,27 0,27 1,00 1.155,00 5694
270 306,38 0,27 0,27 99,00 1.159,00 5694
271 306,38 0,27 0,27 99,00 1.163,00 5724
272 306,38 0,27 0,27 99,00 1.167,00 5736
273 306,38 0,27 0,27 99,00 1.171,00 5742
274 306,38 0,27 0,27 99,00 1.175,00 5742
275 306,38 0,27 0,27 99,00 1.179,00 5742
276 306,38 0,27 0,27 99,00 1.183,00 5742
277 306,38 0,27 0,27 99,00 1.187,00 5742
278 306,38 0,27 0,27 99,00 1.191,00 5742
279 306,38 25,38 25,38 99,00 1.195,00 5742
280 306,38 25,38 25,38 99,00 1.199,00 5742
281 306,38 25,38 25,38 99,00 1.203,00 5742
282 306,38 25,38 25,38 99,00 1.207,00 5742
283 306,38 25,38 25,38 99,00 1.211,00 5742
284 306,38 25,38 25,38 99,00 1.215,00 5742
285 306,38 25,38 25,38 99,00 1.219,00 5742
286 306,38 24,80 24,80 99,00 1.223,00 5742
287 306,38 24,80 24,80 99,00 1.227,00 5742
288 306,38 24,80 24,80 99,00 1.231,00 5742
289 306,38 24,80 24,80 99,00 1.235,00 5742
290 306,38 24,80 24,80 99,00 1.239,00 5742
291 306,38 24,80 24,80 99,00 1.243,00 5742
292 306,38 24,80 24,80 99,00 1.247,00 5742
293 306,38 24,80 24,80 99,00 1.251,00 5742
294 306,38 24,80 24,80 99,00 1.255,00 5742
295 306,38 24,80 24,80 99,00 1.259,00 5742
296 306,38 24,80 24,80 99,00 1.263,00 5742
297 306,38 24,80 24,80 99,00 1.267,00 5742
298 306,38 23,86 23,86 99,00 1.271,00 5742
299 306,38 23,86 23,86 99,00 1.275,00 5742
300 306,38 23,86 23,86 1,00 1.279,00 5742
301 306,38 23,86 23,86 1,00 1.283,00 5752
302 306,38 23,86 23,86 1,00 1.287,00 5752
303 306,38 23,86 23,86 1,00 1.291,00 5752
304 306,38 23,86 23,86 1,00 1.295,00 5752
305 306,38 23,86 23,86 1,00 1.299,00 5752
306 306,38 23,86 23,86 1,00 1.303,00 5762
307 306,38 23,86 23,86 1,00 1.307,00 5773
308 306,38 23,86 23,86 1,00 1.311,00 5778
309 306,38 23,86 23,86 1,00 1.315,00 5780
310 306,38 23,86 23,86 1,00 1.319,00 5780
311 306,38 23,86 23,86 1,00 1.323,00 5780
312 306,38 0,23 0,23 1,00 1.327,00 5780
313 306,38 0,23 0,23 1,00 1.331,00 5782
314 306,38 0,23 0,23 1,00 1.335,00 5783
315 306,38 0,23 0,23 1,00 1.339,00 5783
316 306,38 0,23 0,23 1,00 1.343,00 5783
317 306,38 0,23 0,23 1,00 1.347,00 5783
318 306,38 0,23 0,23 1,00 1.351,00 5783
319 306,38 0,23 0,23 1,00 1.355,00 5783
320 306,38 0,23 0,23 1,00 1.359,00 5783
321 306,38 0,23 0,23 1,00 1.363,00 5783
322 306,38 0,23 0,23 1,00 1.367,00 5783
323 306,38 0,23 0,23 1,00 1.371,00 5783
324 306,38 0,23 0,23 1,00 1.375,00 5783
325 306,38 0,23 0,23 1,00 1.379,00 5783
326 306,38 0,23 0,23 1,00 1.383,00 5783
327 306,38 0,23 0,23 1,00 1.387,00 5783
328 306,38 0,23 0,23 1,00 1.391,00 5783
329 306,38 0,23 0,23 1,00 1.395,00 5783
330 306,38 0,23 0,23 97,00 1.399,00 5783
331 306,38 0,23 0,23 97,00 1.403,00 5809
332 306,38 0,23 0,23 97,00 1.407,00 5815
333 306,38 0,23 0,23 97,00 1.411,00 5818
334 306,38 0,23 0,23 97,00 1.415,00 5819
335 306,38 0,23 0,23 97,00 1.419,00 5820
336 306,38 20,88 20,88 97,00 1.423,00 5820
337 306,38 20,88 20,88 97,00 1.427,00 5820
338 306,38 20,88 20,88 97,00 1.431,00 5820
339 306,38 20,88 20,88 97,00 1.435,00 5820
340 306,38 20,88 20,88 97,00 1.439,00 5820
341 306,38 20,88 20,88 97,00 1.443,00 5820
342 306,38 20,88 20,88 97,00 1.447,00 5820
343 306,38 20,88 20,88 97,00 1.451,00 5820
344 306,38 20,88 20,88 97,00 1.455,00 5820
345 306,38 20,88 20,88 97,00 1.459,00 5820
346 306,38 20,88 20,88 97,00 1.463,00 5820
347 306,38 20,88 20,88 97,00 1.467,00 5820
348 306,38 20,88 20,88 97,00 1.471,00 5820
349 306,38 20,88 20,88 97,00 1.475,00 5820
350 306,38 20,88 20,88 97,00 1.479,00 5820
351 306,38 20,88 20,88 97,00 1.483,00 5820
352 306,38 20,88 20,88 97,00 1.487,00 5820
353 306,38 20,88 20,88 97,00 1.491,00 5820
354 306,38 20,88 20,88 97,00 1.495,00 5820
355 306,38 19,83 19,83 97,00 1.499,00 5820
356 306,38 19,83 19,83 97,00 1.503,00 5820
357 306,38 19,83 19,83 97,00 1.507,00 5820
358 306,38 19,83 19,83 97,00 1.511,00 5820
359 306,38 19,62 19,62 97,00 1.515,00 5820
360 306,38 19,56 19,56 1,00 1.519,00 5820
361 306,38 19,56 19,56 1,00 1.523,00 5827
362 306,38 19,56 19,56 1,00 1.527,00 5827
363 306,38 19,56 19,56 1,00 1.531,00 5827
364 306,38 19,56 19,56 1,00 1.535,00 5827
365 306,38 19,56 19,56 1,00 1.539,00 5827
366 306,38 19,56 19,56 1,00 1.543,00 5827
367 306,38 19,56 19,56 1,00 1.547,00 5827
368 306,38 19,56 19,56 1,00 1.551,00 5827
369 306,38 19,56 19,56 1,00 1.555,00 5827
370 306,38 19,56 19,56 1,00 1.559,00 5827
371 306,38 19,56 19,56 1,00 1.563,00 5827
372 306,38 19,56 19,56 1,00 1.567,00 5827
373 306,38 19,56 19,56 1,00 1.571,00 5827
374 306,38 19,56 19,56 1,00 1.575,00 5827
375 306,38 0,19 0,19 1,00 1.579,00 5827
376 306,38 0,19 0,19 1,00 1.583,00 5827
377 306,38 0,19 0,19 1,00 1.587,00 5827
378 306,38 0,19 0,19 1,00 1.591,00 5827
379 306,38 0,19 0,19 1,00 1.595,00 5827
380 306,38 0,19 0,19 1,00 1.599,00 5827
381 306,38 0,19 0,19 1,00 1.603,00 5827
382 306,38 0,19 0,19 1,00 1.607,00 5827
383 306,38 0,19 0,19 1,00 1.611,00 5833
384 306,38 0,19 0,19 1,00 1.615,00 5833
385 306,38 0,19 0,19 1,00 1.619,00 5833
386 306,38 0,19 0,19 1,00 1.623,00 5833
387 306,38 0,19 0,19 1,00 1.627,00 5833
388 306,38 0,19 0,19 1,00 1.631,00 5833
389 306,38 0,19 0,19 1,00 1.635,00 5833
390 306,38 0,19 0,19 97,00 1.639,00 5833
391 306,38 0,19 0,19 97,00 1.643,00 5854
392 306,38 0,19 0,19 97,00 1.647,00 5858
393 306,38 0,19 0,19 97,00 1.651,00 5861
394 306,38 0,19 0,19 97,00 1.655,00 5861
395 306,38 0,19 0,19 97,00 1.659,00 5861
396 306,38 0,19 0,19 97,00 1.663,00 5861
397 306,38 0,19 0,19 97,00 1.667,00 5861
398 306,38 0,19 0,19 97,00 1.671,00 5861
399 306,38 0,19 0,19 97,00 1.675,00 5861
400 306,38 0,19 0,19 97,00 1.679,00 5861
401 306,38 0,19 0,19 97,00 1.683,00 5865
402 306,38 0,19 0,19 97,00 1.687,00 5866
403 306,38 0,19 0,19 97,00 1.691,00 5866
404 306,38 0,19 0,19 97,00 1.695,00 5866
405 306,38 0,19 0,19 97,00 1.699,00 5866
406 306,38 0,19 0,19 97,00 1.703,00 5866
407 306,38 0,19 0,19 97,00 1.707,00 5866
408 306,38 0,19 0,19 97,00 1.711,00 5866
409 306,38 0,19 0,19 97,00 1.715,00 5866
410 306,38 0,19 0,19 97,00 1.719,00 5866
411 306,38 0,19 0,19 97,00 1.723,00 5866
412 306,38 0,19 0,19 97,00 1.727,00 5866
413 306,38 0,19 0,19 97,00 1.731,00 5866
414 306,38 0,19 0,19 97,00 1.735,00 5866
415 306,38 0,19 0,19 97,00 1.739,00 5866
416 306,38 0,19 0,19 97,00 1.743,00 5866
417 306,38 0,19 0,19 97,00 1.747,00 5866
418 306,38 0,19 0,19 97,00 1.751,00 5866
419 306,38 0,19 0,19 97,00 1.755,00 5866
420 306,38 0,19 0,19 193,00 1.759,00 5866
421 306,38 0,19 0,19 193,00 1.763,00 5875
422 306,38 0,19 0,19 193,00 1.767,00 5878
423 306,38 0,19 0,19 193,00 1.771,00 5879
424 306,38 0,19 0,19 193,00 1.775,00 5879
425 306,38 0,19 0,19 193,00 1.779,00 5879
426 306,38 0,19 0,19 193,00 1.783,00 5879
427 306,38 0,19 0,19 193,00 1.787,00 5879
428 306,38 0,19 0,19 193,00 1.791,00 5880
429 306,38 0,19 0,19 193,00 1.795,00 5880
430 306,38 0,19 0,19 193,00 1.799,00 5880
431 306,38 0,19 0,19 193,00 1.803,00 5880
432 306,38 0,19 0,19 193,00 1.807,00 5880
433 306,38 32,65 32,65 193,00 1.811,00 5880
434 306,38 32,65 32,65 193,00 1.815,00 5880
435 306,38 32,65 32,65 193,00 1.819,00 5880
436 306,38 32,65 32,65 193,00 1.823,00 5880
437 306,38 32,65 32,65 193,00 1.827,00 5880
438 306,38 32,65 32,65 193,00 1.831,00 5880
439 306,38 32,65 32,65 193,00 1.835,00 5880
440 306,38 32,65 32,65 193,00 1.839,00 5880
441 306,38 32,65 32,65 193,00 1.843,00 5880
442 306,38 32,01 32,01 193,00 1.847,00 5880
443 306,38 32,01 32,01 193,00 1.851,00 5880
444 306,38 32,01 32,01 193,00 1.855,00 5880
445 306,38 32,01 32,01 193,00 1.859,00 5880
446 306,38 32,01 32,01 193,00 1.863,00 5880
447 306,38 32,01 32,01 193,00 1.867,00 5880
448 306,38 32,01 32,01 193,00 1.871,00 5880
449 306,38 31,54 31,54 193,00 1.875,00 5880
450 306,38 31,54 31,54 93,00 1.879,00 5880
451 306,38 31,54 31,54 93,00 1.883,00 5901
452 306,38 31,54 31,54 93,00 1.887,00 5908
453 306,38 15,07 15,07 93,00 1.891,00 5908
454 306,38 15,07 15,07 93,00 1.895,00 5908
455 306,38 15,07 15,07 93,00 1.899,00 5908
456 306,38 15,07 15,07 93,00 1.903,00 5909
457 306,38 14,94 14,94 93,00 1.907,00 5909
458 306,38 14,91 14,91 93,00 1.911,00 5909
459 306,38 14,91 14,91 93,00 1.915,00 5909
460 306,38 14,85 14,85 93,00 1.919,00 5909
461 306,38 14,85 14,85 93,00 1.923,00 5909
462 306,38 14,79 14,79 93,00 1.927,00 5909
463 306,38 14,79 14,79 93,00 1.931,00 5909
464 306,38 14,79 14,79 93,00 1.935,00 5909
465 306,38 14,69 14,69 93,00 1.939,00 5909
466 306,38 14,66 14,66 93,00 1.943,00 5909
467 306,38 14,66 14,66 93,00 1.947,00 5909
468 306,38 14,66 14,66 93,00 1.951,00 5909
469 306,38 14,66 14,66 93,00 1.955,00 5909
470 306,38 14,66 14,66 93,00 1.959,00 5909
471 306,38 14,66 14,66 93,00 1.963,00 5909
472 306,38 14,66 14,66 93,00 1.967,00 5909
473 306,38 14,46 14,46 93,00 1.971,00 5909
474 306,38 14,46 14,46 93,00 1.975,00 5909
475 306,38 14,46 14,46 93,00 1.979,00 5909
476 306,38 14,46 14,46 93,00 1.983,00 5909
477 306,38 14,46 14,46 93,00 1.987,00 5909
478 306,38 14,46 14,46 93,00 1.991,00 5909
479 306,38 14,28 14,28 93,00 1.995,00 5909
480 306,38 14,28 14,28 1,00 1.999,00 5909
481 306,38 14,28 14,28 1,00 2.003,00 5915
482 306,38 0,15 0,15 1,00 2.007,00 5916
483 306,38 0,15 0,15 1,00 2.011,00 5916
484 306,38 0,15 0,15 1,00 2.015,00 5916
485 306,38 0,15 0,15 1,00 2.019,00 5916
486 306,38 0,15 0,15 1,00 2.023,00 5916
487 306,38 0,15 0,15 1,00 2.027,00 5916
488 306,38 0,15 0,15 1,00 2.031,00 5916
489 306,38 0,15 0,15 1,00 2.035,00 5916
490 306,38 0,15 0,15 1,00 2.039,00 5916
491 306,38 0,15 0,15 1,00 2.043,00 5916
492 306,38 0,15 0,15 1,00 2.047,00 5916
493 306,38 0,15 0,15 1,00 2.051,00 5916
494 306,38 0,15 0,15 1,00 2.055,00 5916
495 306,38 0,15 0,15 1,00 2.059,00 5916
496 306,38 0,15 0,15 1,00 2.063,00 5916
497 306,38 0,15 0,15 1,00 2.067,00 5916
498 306,38 0,15 0,15 1,00 2.071,00 5916
499 306,38 0,15 0,15 1,00 2.075,00 5916
500 306,38 0,15 0,15 1,00 2.079,00 5916
501 306,38 0,15 0,15 1,00 2.083,00 5916
502 306,38 0,15 0,15 1,00 2.087,00 5916
503 306,38 0,15 0,15 1,00 2.091,00 5916
504 306,38 0,15 0,15 1,00 2.095,00 5916
505 306,38 0,15 0,15 1,00 2.099,00 5919
506 306,38 0,15 0,15 1,00 2.103,00 5919
507 306,38 0,15 0,15 1,00 2.107,00 5919
508 306,38 0,15 0,15 1,00 2.111,00 5919
509 306,38 0,15 0,15 1,00 2.115,00 5919
510 306,38 0,15 0,15 99,00 2.119,00 5919
511 306,38 0,15 0,15 99,00 2.123,00 5935
512 306,38 0,15 0,15 99,00 2.127,00 5937
513 306,38 0,15 0,15 99,00 2.131,00 5938
514 306,38 14,21 14,21 99,00 2.135,00 5938
515 306,38 14,21 14,21 99,00 2.139,00 5938
516 306,38 14,21 14,21 99,00 2.143,00 5938
517 306,38 14,21 14,21 99,00 2.147,00 5938
518 306,38 14,21 14,21 99,00 2.151,00 5938
519 306,38 14,21 14,21 99,00 2.155,00 5938
520 306,38 14,21 14,21 99,00 2.159,00 5938
521 306,38 14,21 14,21 99,00 2.163,00 5938
522 306,38 14,21 14,21 99,00 2.167,00 5938
523 306,38 14,21 14,21 99,00 2.171,00 5938
524 306,38 14,21 14,21 99,00 2.175,00 5938
525 306,38 14,21 14,21 99,00 2.179,00 5938
526 306,38 14,21 14,21 99,00 2.183,00 5938
527 306,38 14,21 14,21 99,00 2.187,00 5938
528 306,38 14,21 14,21 99,00 2.191,00 5938
529 306,38 14,21 14,21 99,00 2.195,00 5938
530 306,38 14,21 14,21 99,00 2.199,00 5938
531 306,38 13,77 13,77 99,00 2.203,00 5938
532 306,38 13,77 13,77 99,00 2.207,00 5938
533 306,38 13,77 13,77 99,00 2.211,00 5938
534 306,38 13,77 13,77 99,00 2.215,00 5938
535 306,38 13,77 13,77 99,00 2.219,00 5938
536 306,38 13,77 13,77 99,00 2.223,00 5938
537 306,38 13,77 13,77 99,00 2.227,00 5938
538 306,38 13,77 13,77 99,00 2.231,00 5938
539 306,38 13,77 13,77 99,00 2.235,00 5938
540 306,38 13,77 13,77 1,00 2.239,00 5938
541 306,38 13,77 13,77 1,00 2.243,00 5942
542 306,38 13,77 13,77 1,00 2.247,00 5944
543 306,38 0,14 0,14 1,00 2.251,00 5946
544 306,38 0,14 0,14 1,00 2.255,00 5947
545 306,38 0,14 0,14 1,00 2.259,00 5958
546 306,38 0,14 0,14 1,00 2.263,00 5965
547 306,38 0,14 0,14 1,00 2.267,00 5965
548 306,38 0,14 0,14 1,00 2.271,00 5965
549 306,38 0,14 0,14 1,00 2.275,00 5965
550 306,38 0,14 0,14 1,00 2.279,00 5965
551 306,38 0,14 0,14 1,00 2.283,00 5965
552 306,38 0,14 0,14 1,00 2.287,00 5965
553 306,38 0,14 0,14 1,00 2.291,00 5965
554 306,38 0,14 0,14 1,00 2.295,00 5965
555 306,38 0,14 0,14 1,00 2.299,00 5965
556 306,38 0,13 0,13 1,00 2.303,00 5965
557 306,38 0,13 0,13 1,00 2.307,00 5965
558 306,38 0,13 0,13 1,00 2.311,00 5965
559 306,38 0,13 0,13 1,00 2.315,00 5969
560 306,38 0,13 0,13 1,00 2.319,00 5969
561 306,38 0,13 0,13 1,00 2.323,00 5969
562 306,38 0,13 0,13 1,00 2.327,00 5969
563 306,38 0,13 0,13 1,00 2.331,00 5969
564 306,38 0,13 0,13 1,00 2.335,00 5969
565 306,38 0,13 0,13 1,00 2.339,00 5969
566 306,38 0,13 0,13 1,00 2.343,00 5969
567 306,38 0,13 0,13 1,00 2.347,00 5969
568 306,38 0,13 0,13 1,00 2.351,00 5969
569 306,38 0,13 0,13 1,00 2.355,00 5969
570 306,38 0,13 0,13 99,00 2.359,00 5969
571 306,38 0,13 0,13 99,00 2.363,00 5988
572 306,38 0,13 0,13 99,00 2.367,00 5994
573 306,38 12,79 12,79 99,00 2.371,00 5999
574 306,38 12,79 12,79 99,00 2.375,00 6004
575 306,38 12,79 12,79 99,00 2.379,00 6007
576 306,38 12,79 12,79 99,00 2.383,00 6009
577 306,38 12,79 12,79 99,00 2.387,00 6010
578 306,38 12,79 12,79 99,00 2.391,00 6010
579 306,38 12,79 12,79 99,00 2.395,00 6010
580 306,38 12,64 12,64 99,00 2.399,00 6010
581 306,38 12,64 12,64 99,00 2.403,00 6010
582 306,38 12,60 12,60 99,00 2.407,00 6010
583 306,38 12,60 12,60 99,00 2.411,00 6010
584 306,38 12,60 12,60 99,00 2.415,00 6010
585 306,38 12,60 12,60 99,00 2.419,00 6010
586 306,38 12,52 12,52 99,00 2.423,00 6010
587 306,38 12,52 12,52 99,00 2.427,00 6010
588 306,38 12,52 12,52 99,00 2.431,00 6010
589 306,38 12,52 12,52 99,00 2.435,00 6010
590 306,38 12,52 12,52 99,00 2.439,00 6010
591 306,38 12,52 12,52 99,00 2.443,00 6010
592 306,38 12,52 12,52 99,00 2.447,00 6010
593 306,38 12,52 12,52 99,00 2.451,00 6010
594 306,38 12,52 12,52 99,00 2.455,00 6010
595 306,38 12,52 12,52 99,00 2.459,00 6010
596 306,38 12,52 12,52 99,00 2.463,00 6010
597 306,38 12,52 12,52 99,00 2.467,00 6010
598 306,38 12,52 12,52 99,00 2.471,00 6010
599 306,38 12,52 12,52 99,00 2.475,00 6010
600 306,38 12,52 12,52 1,00 2.479,00 6010
601 306,38 0,12 0,12 1,00 2.483,00 6019
602 306,38 0,12 0,12 1,00 2.487,00 6021
603 306,38 0,12 0,12 1,00 2.491,00 6022
604 306,38 0,12 0,12 1,00 2.495,00 6022
605 306,38 0,12 0,12 1,00 2.499,00 6022
606 306,38 0,12 0,12 1,00 2.503,00 6022
607 306,38 0,12 0,12 1,00 2.507,00 6022
608 306,38 0,12 0,12 1,00 2.511,00 6023
609 306,38 0,12 0,12 1,00 2.515,00 6023
610 306,38 0,12 0,12 1,00 2.519,00 6023
611 306,38 0,12 0,12 1,00 2.523,00 6023
612 306,38 0,12 0,12 1,00 2.527,00 6023
613 306,38 0,12 0,12 1,00 2.531,00 6023
614 306,38 0,12 0,12 1,00 2.535,00 6023
615 306,38 0,12 0,12 1,00 2.539,00 6023
616 306,38 0,12 0,12 1,00 2.543,00 6023
617 306,38 0,12 0,12 1,00 2.547,00 6023
618 306,38 0,12 0,12 1,00 2.551,00 6023
619 306,38 0,12 0,12 1,00 2.555,00 6023
620 306,38 0,12 0,12 1,00 2.559,00 6023
621 306,38 0,12 0,12 1,00 2.563,00 6023
622 306,38 0,12 0,12 1,00 2.567,00 6023
623 306,38 0,12 0,12 1,00 2.571,00 6023
624 306,38 0,12 0,12 1,00 2.575,00 6023
625 306,38 0,12 0,12 1,00 2.579,00 6023
626 306,38 0,12 0,12 1,00 2.583,00 6023
627 306,38 0,12 0,12 1,00 2.587,00 6023
628 306,38 0,12 0,12 1,00 2.591,00 6023
629 306,38 0,12 0,12 1,00 2.595,00 6023
630 306,38 0,12 0,12 99,00 2.599,00 6023
631 306,38 0,12 0,12 99,00 2.603,00 6039
632 306,38 0,12 0,12 99,00 2.607,00 6043
633 306,38 0,12 0,12 99,00 2.611,00 6043
634 306,38 0,12 0,12 99,00 2.615,00 6043
635 306,38 0,12 0,12 99,00 2.619,00 6043
636 306,38 0,12 0,12 99,00 2.623,00 6043
637 306,38 0,12 0,12 99,00 2.627,00 6043
638 306,38 0,12 0,12 99,00 2.631,00 6043
639 306,38 0,12 0,12 99,00 2.635,00 6043
640 306,38 0,12 0,12 99,00 2.639,00 6043
641 306,38 0,12 0,12 99,00 2.643,00 6043
642 306,38 0,12 0,12 99,00 2.647,00 6043
643 306,38 0,12 0,12 99,00 2.651,00 6043
644 306,38 0,12 0,12 99,00 2.655,00 6043
645 306,38 0,12 0,12 99,00 2.659,00 6043
646 306,38 0,12 0,12 99,00 2.663,00 6043
647 306,38 0,12 0,12 99,00 2.667,00 6043
648 306,38 0,12 0,12 99,00 2.671,00 6043
649 306,38 0,12 0,12 99,00 2.675,00 6043
650 306,38 0,12 0,12 99,00 2.679,00 6043
651 306,38 0,12 0,12 99,00 2.683,00 6043
652 306,38 0,12 0,12 99,00 2.687,00 6043
653 306,38 0,12 0,12 99,00 2.691,00 6043
654 306,38 0,12 0,12 99,00 2.695,00 6043
655 306,38 0,12 0,12 99,00 2.699,00 6043
656 306,38 0,12 0,12 99,00 2.703,00 6043
657 306,38 0,12 0,12 99,00 2.707,00 6043
658 306,38 0,12 0,12 99,00 2.711,00 6043
659 306,38 0,12 0,12 99,00 2.715,00 6043
660 306,38 0,12 0,12 197,00 2.719,00 6043
661 306,38 0,12 0,12 197,00 2.723,00 6047
662 306,38 0,12 0,12 197,00 2.727,00 6047
663 306,38 0,12 0,12 197,00 2.731,00 6047
664 306,38 0,12 0,12 197,00 2.735,00 6047
665 306,38 0,12 0,12 197,00 2.739,00 6047
666 306,38 0,12 0,12 197,00 2.743,00 6047
667 306,38 0,12 0,12 197,00 2.747,00 6047
668 306,38 0,12 0,12 197,00 2.751,00 6048
669 306,38 0,12 0,12 197,00 2.755,00 6048
670 306,38 0,12 0,12 197,00 2.759,00 6048
671 306,38 0,12 0,12 197,00 2.763,00 6048
672 306,38 0,12 0,12 197,00 2.767,00 6048
673 306,38 0,12 0,12 197,00 2.771,00 6048
674 306,38 0,12 0,12 197,00 2.775,00 6048
675 306,38 0,12 0,12 197,00 2.779,00 6048
676 306,38 21,69 21,69 197,00 2.783,00 6048
677 306,38 21,69 21,69 197,00 2.787,00 6048
678 306,38 21,69 21,69 197,00 2.791,00 6048
679 306,38 21,69 21,69 197,00 2.795,00 6048
680 306,38 21,56 21,56 197,00 2.799,00 6048
681 306,38 21,56 21,56 197,00 2.803,00 6048
682 306,38 21,56 21,56 197,00 2.807,00 6048
683 306,38 21,56 21,56 197,00 2.811,00 6048
684 306,38 21,56 21,56 197,00 2.815,00 6048
685 306,38 21,56 21,56 197,00 2.819,00 6048
686 306,38 21,56 21,56 197,00 2.823,00 6048
687 306,38 21,56 21,56 197,00 2.827,00 6048
688 306,38 21,56 21,56 197,00 2.831,00 6048
689 306,38 21,56 21,56 197,00 2.835,00 6048
690 306,38 21,56 21,56 97,00 2.839,00 6048
691 306,38 21,56 21,56 97,00 2.843,00 6060
692 306,38 21,56 21,56 97,00 2.847,00 6063
693 306,38 10,42 10,42 97,00 2.851,00 6066
694 306,38 10,41 10,41 97,00 2.855,00 6067
695 306,38 10,41 10,41 97,00 2.859,00 6068
696 306,38 10,41 10,41 97,00 2.863,00 6070
697 306,38 10,41 10,41 97,00 2.867,00 6070
698 306,38 10,41 10,41 97,00 2.871,00 6070
699 306,38 10,34 10,34 97,00 2.875,00 6070
700 306,38 10,34 10,34 97,00 2.879,00 6070
701 306,38 10,34 10,34 97,00 2.883,00 6070
702 306,38 10,34 10,34 97,00 2.887,00 6070
703 306,38 10,34 10,34 97,00 2.891,00 6070
704 306,38 10,34 10,34 97,00 2.895,00 6070
705 306,38 10,34 10,34 97,00 2.899,00 6070
706 306,38 10,34 10,34 97,00 2.903,00 6070
707 306,38 10,34 10,34 97,00 2.907,00 6070
708 306,38 10,34 10,34 97,00 2.911,00 6070
709 306,38 10,34 10,34 97,00 2.915,00 6070
710 306,38 10,34 10,34 97,00 2.919,00 6070
711 306,38 10,34 10,34 97,00 2.923,00 6070
712 306,38 10,34 10,34 97,00 2.927,00 6070
713 306,38 10,34 10,34 97,00 2.931,00 6070
714 306,38 10,34 10,34 97,00 2.935,00 6070
715 306,38 10,11 10,11 97,00 2.939,00 6070
716 306,38 10,11 10,11 97,00 2.943,00 6070
717 306,38 10,11 10,11 97,00 2.947,00 6070
718 306,38 10,07 10,07 97,00 2.951,00 6070
719 306,38 10,07 10,07 97,00 2.955,00 6070
720 306,38 10,07 10,07 1,00 2.959,00 6070
721 306,38 10,07 10,07 1,00 2.963,00 6073
722 306,38 10,07 10,07 1,00 2.967,00 6073
723 306,38 10,07 10,07 1,00 2.971,00 6073
724 306,38 10,07 10,07 1,00 2.975,00 6073
725 306,38 10,07 10,07 1,00 2.979,00 6073
726 306,38 10,07 10,07 1,00 2.983,00 6073
727 306,38 10,07 10,07 1,00 2.987,00 6073
728 306,38 10,07 10,07 1,00 2.991,00 6073
729 306,38 10,07 10,07 1,00 2.995,00 6073
730 306,38 10,07 10,07 1,00 2.999,00 6073
731 306,38 0,10 0,10 1,00 3.003,00 6073
732 306,38 0,10 0,10 1,00 3.007,00 6073
733 306,38 0,10 0,10 1,00 3.011,00 6073
734 306,38 0,10 0,10 1,00 3.015,00 6073
735 306,38 0,10 0,10 1,00 3.019,00 6073
736 306,38 0,10 0,10 1,00 3.023,00 6073
737 306,38 0,10 0,10 1,00 3.027,00 6073
738 306,38 0,10 0,10 1,00 3.031,00 6073
739 306,38 0,10 0,10 1,00 3.035,00 6073
740 306,38 0,10 0,10 1,00 3.039,00 6073
741 306,38 0,10 0,10 1,00 3.043,00 6073
742 306,38 0,10 0,10 1,00 3.047,00 6073
743 306,38 0,10 0,10 1,00 3.051,00 6073
744 306,38 0,10 0,10 1,00 3.055,00 6073
745 306,38 0,10 0,10 1,00 3.059,00 6073
746 306,38 0,10 0,10 1,00 3.063,00 6073
747 306,38 0,10 0,10 1,00 3.067,00 6073
748 306,38 0,10 0,10 1,00 3.071,00 6073
749 306,38 0,10 0,10 1,00 3.075,00 6073
750 306,38 0,10 0,10 99,00 3.079,00 6073
751 306,38 0,10 0,10 99,00 3.083,00 6081
752 306,38 0,10 0,10 99,00 3.087,00 6085
753 306,38 0,10 0,10 99,00 3.091,00 6085
754 306,38 0,10 0,10 99,00 3.095,00 6085
755 306,38 0,10 0,10 99,00 3.099,00 6085
756 306,38 0,10 0,10 99,00 3.103,00 6085
757 306,38 0,10 0,10 99,00 3.107,00 6085
758 306,38 0,10 0,10 99,00 3.111,00 6091
759 306,38 0,10 0,10 99,00 3.115,00 6094
760 306,38 0,10 0,10 99,00 3.119,00 6096
761 306,38 0,10 0,10 99,00 3.123,00 6097
762 306,38 0,10 0,10 99,00 3.127,00 6098
763 306,38 9,69 9,69 99,00 3.131,00 6098
764 306,38 9,68 9,68 99,00 3.135,00 6098
765 306,38 9,68 9,68 99,00 3.139,00 6098
766 306,38 9,68 9,68 99,00 3.143,00 6098
767 306,38 9,68 9,68 99,00 3.147,00 6098
768 306,38 9,63 9,63 99,00 3.151,00 6098
769 306,38 9,63 9,63 99,00 3.155,00 6098
770 306,38 9,63 9,63 99,00 3.159,00 6098
771 306,38 9,59 9,59 99,00 3.163,00 6098
772 306,38 9,59 9,59 99,00 3.167,00 6098
773 306,38 9,59 9,59 99,00 3.171,00 6098
774 306,38 9,59 9,59 99,00 3.175,00 6098
775 306,38 9,59 9,59 99,00 3.179,00 6098
776 306,38 9,59 9,59 99,00 3.183,00 6098
777 306,38 9,59 9,59 99,00 3.187,00 6098
778 306,38 9,59 9,59 99,00 3.191,00 6098
779 306,38 9,59 9,59 99,00 3.195,00 6098
780 306,38 9,59 9,59 1,00 3.199,00 6098
781 306,38 9,59 9,59 1,00 3.203,00 6102
782 306,38 9,59 9,59 1,00 3.207,00 6107
783 306,38 9,59 9,59 1,00 3.211,00 6110
784 306,38 0,10 0,10 1,00 3.215,00 6111
785 306,38 0,10 0,10 1,00 3.219,00 6111
786 306,38 0,10 0,10 1,00 3.223,00 6111
787 306,38 0,10 0,10 1,00 3.227,00 6111
788 306,38 0,10 0,10 1,00 3.231,00 6111
789 306,38 0,10 0,10 1,00 3.235,00 6111
790 306,38 0,10 0,10 1,00 3.239,00 6111
791 306,38 0,10 0,10 1,00 3.243,00 6111
792 306,38 0,10 0,10 1,00 3.247,00 6111
793 306,38 0,10 0,10 1,00 3.251,00 6111
794 306,38 0,10 0,10 1,00 3.255,00 6111
795 306,38 0,10 0,10 1,00 3.259,00 6111
796 306,38 0,10 0,10 1,00 3.263,00 6111
797 306,38 0,10 0,10 1,00 3.267,00 6111
798 306,38 0,10 0,10 1,00 3.271,00 6111
799 306,38 0,10 0,10 1,00 3.275,00 6111
800 306,38 0,10 0,10 1,00 3.279,00 6111
801 306,38 0,10 0,10 1,00 3.283,00 6111
802 306,38 0,10 0,10 1,00 3.287,00 6111
803 306,38 0,10 0,10 1,00 3.291,00 6111
804 306,38 0,10 0,10 1,00 3.295,00 6111
805 306,38 0,10 0,10 1,00 3.299,00 6111
806 306,38 0,10 0,10 1,00 3.303,00 6111
807 306,38 0,10 0,10 1,00 3.307,00 6111
808 306,38 0,10 0,10 1,00 3.311,00 6111
809 306,38 0,10 0,10 1,00 3.315,00 6111
810 306,38 0,10 0,10 99,00 3.319,00 6111
811 306,38 0,10 0,10 99,00 3.323,00 6120
812 306,38 0,10 0,10 99,00 3.327,00 6122
813 306,38 0,10 0,10 99,00 3.331,00 6123
814 306,38 0,10 0,10 99,00 3.335,00 6123
815 306,38 0,10 0,10 99,00 3.339,00 6123
816 306,38 0,10 0,10 99,00 3.343,00 6123
817 306,38 0,10 0,10 99,00 3.347,00 6123
818 306,38 0,10 0,10 99,00 3.351,00 6123
819 306,38 0,10 0,10 99,00 3.355,00 6123
820 306,38 0,10 0,10 99,00 3.359,00 6123
821 306,38 0,10 0,10 99,00 3.363,00 6123
822 306,38 0,10 0,10 99,00 3.367,00 6123
823 306,38 0,10 0,10 99,00 3.371,00 6123
824 306,38 0,10 0,10 99,00 3.375,00 6123
825 306,38 0,10 0,10 99,00 3.379,00 6123
826 306,38 0,10 0,10 99,00 3.383,00 6123
827 306,38 0,10 0,10 99,00 3.387,00 6123
828 306,38 0,10 0,10 99,00 3.391,00 6123
829 306,38 0,10 0,10 99,00 3.395,00 6123
830 306,38 0,10 0,10 99,00 3.399,00 6123
831 306,38 0,10 0,10 99,00 3.403,00 6123
832 306,38 0,10 0,10 99,00 3.407,00 6123
833 306,38 0,10 0,10 99,00 3.411,00 6123
834 306,38 0,10 0,10 99,00 3.415,00 6123
835 306,38 8,87 8,87 99,00 3.419,00 6123
836 306,38 8,86 8,86 99,00 3.423,00 6123
837 306,38 8,86 8,86 99,00 3.427,00 6123
838 306,38 8,86 8,86 99,00 3.431,00 6123
839 306,38 8,86 8,86 99,00 3.435,00 6123
840 306,38 8,86 8,86 1,00 3.439,00 6123
841 306,38 8,86 8,86 1,00 3.443,00 6130
842 306,38 8,86 8,86 1,00 3.447,00 6130
843 306,38 8,86 8,86 1,00 3.451,00 6130
844 306,38 8,86 8,86 1,00 3.455,00 6130
845 306,38 8,86 8,86 1,00 3.459,00 6130
846 306,38 8,86 8,86 1,00 3.463,00 6130
847 306,38 8,86 8,86 1,00 3.467,00 6130
848 306,38 8,86 8,86 1,00 3.471,00 6130
849 306,38 8,86 8,86 1,00 3.475,00 6130
850 306,38 0,09 0,09 1,00 3.479,00 6130
851 306,38 0,09 0,09 1,00 3.483,00 6130
852 306,38 0,09 0,09 1,00 3.487,00 6130
853 306,38 0,09 0,09 1,00 3.491,00 6130
854 306,38 0,09 0,09 1,00 3.495,00 6130
855 306,38 0,09 0,09 1,00 3.499,00 6130
856 306,38 0,09 0,09 1,00 3.503,00 6130
857 306,38 0,09 0,09 1,00 3.507,00 6130
858 306,38 0,09 0,09 1,00 3.511,00 6130
859 306,38 0,09 0,09 1,00 3.515,00 6130
860 306,38 0,09 0,09 1,00 3.519,00 6130
861 306,38 0,09 0,09 1,00 3.523,00 6130
862 306,38 0,09 0,09 1,00 3.527,00 6130
863 306,38 0,09 0,09 1,00 3.531,00 6130
864 306,38 0,09 0,09 1,00 3.535,00 6130
865 306,38 0,09 0,09 1,00 3.539,00 6130
866 306,38 0,09 0,09 1,00 3.543,00 6130
867 306,38 0,09 0,09 1,00 3.547,00 6130
868 306,38 0,09 0,09 1,00 3.551,00 6130
869 306,38 0,09 0,09 1,00 3.555,00 6130
870 306,38 0,09 0,09 99,00 3.559,00 6130
871 306,38 0,09 0,09 99,00 3.563,00 6139
872 306,38 0,09 0,09 99,00 3.567,00 6142
873 306,38 0,09 0,09 99,00 3.571,00 6144
874 306,38 0,09 0,09 99,00 3.575,00 6144
875 306,38 8,47 8,47 99,00 3.579,00 6152
876 306,38 8,47 8,47 99,00 3.583,00 6155
877 306,38 8,47 8,47 99,00 3.587,00 6156
878 306,38 8,47 8,47 99,00 3.591,00 6156
879 306,38 8,47 8,47 99,00 3.595,00 6156
880 306,38 8,47 8,47 99,00 3.599,00 6156
881 306,38 8,47 8,47 99,00 3.603,00 6156
882 306,38 8,47 8,47 99,00 3.607,00 6156
883 306,38 8,47 8,47 99,00 3.611,00 6156
884 306,38 8,47 8,47 99,00 3.615,00 6156
885 306,38 8,47 8,47 99,00 3.619,00 6156
886 306,38 8,47 8,47 99,00 3.623,00 6156
887 306,38 8,47 8,47 99,00 3.627,00 6156
888 306,38 8,47 8,47 99,00 3.631,00 6156
889 306,38 8,34 8,34 99,00 3.635,00 6156
890 306,38 8,34 8,34 99,00 3.639,00 6156
891 306,38 8,34 8,34 99,00 3.643,00 6156
892 306,38 8,32 8,32 99,00 3.647,00 6156
893 306,38 8,32 8,32 99,00 3.651,00 6156
894 306,38 8,32 8,32 99,00 3.655,00 6156
895 306,38 8,32 8,32 99,00 3.659,00 6156
896 306,38 8,32 8,32 99,00 3.663,00 6156
897 306,38 8,32 8,32 99,00 3.667,00 6156
898 306,38 8,32 8,32 99,00 3.671,00 6156
899 306,38 8,32 8,32 99,00 3.675,00 6156
900 306,38 8,32 8,32 1,00 3.679,00 6156
901 306,38 8,32 8,32 1,00 3.683,00 6161
902 306,38 8,32 8,32 1,00 3.687,00 6162
903 306,38 8,32 8,32 1,00 3.691,00 6163
904 306,38 0,08 0,08 1,00 3.695,00 6163
905 306,38 0,08 0,08 1,00 3.699,00 6164
906 306,38 0,08 0,08 1,00 3.703,00 6165
907 306,38 0,08 0,08 1,00 3.707,00 6165
908 306,38 0,08 0,08 1,00 3.711,00 6165
909 306,38 0,08 0,08 1,00 3.715,00 6165
910 306,38 0,08 0,08 1,00 3.719,00 6165
911 306,38 0,08 0,08 1,00 3.723,00 6165
912 306,38 0,08 0,08 1,00 3.727,00 6165
913 306,38 0,08 0,08 1,00 3.731,00 6165
914 306,38 0,08 0,08 1,00 3.735,00 6165
915 306,38 0,08 0,08 1,00 3.739,00 6165
916 306,38 0,08 0,08 1,00 3.743,00 6165
917 306,38 0,08 0,08 1,00 3.747,00 6165
918 306,38 0,08 0,08 1,00 3.751,00 6165
919 306,38 0,08 0,08 1,00 3.755,00 6165
920 306,38 0,08 0,08 1,00 3.759,00 6165
921 306,38 0,08 0,08 1,00 3.763,00 6165
922 306,38 0,08 0,08 1,00 3.767,00 6165
923 306,38 0,08 0,08 1,00 3.771,00 6165
924 306,38 0,08 0,08 1,00 3.775,00 6165
925 306,38 0,08 0,08 1,00 3.779,00 6165
926 306,38 0,08 0,08 1,00 3.783,00 6165
927 306,38 0,08 0,08 1,00 3.787,00 6165
928 306,38 0,08 0,08 1,00 3.791,00 6165
929 306,38 0,08 0,08 1,00 3.795,00 6165
930 306,38 0,08 0,08 99,00 3.799,00 6165
931 306,38 0,08 0,08 99,00 3.803,00 6173
932 306,38 7,97 7,97 99,00 3.807,00 6176
933 306,38 7,97 7,97 99,00 3.811,00 6176
934 306,38 7,95 7,95 99,00 3.815,00 6176
935 306,38 7,95 7,95 99,00 3.819,00 6176
936 306,38 7,95 7,95 99,00 3.823,00 6177
937 306,38 7,95 7,95 99,00 3.827,00 6177
938 306,38 7,95 7,95 99,00 3.831,00 6177
939 306,38 7,95 7,95 99,00 3.835,00 6177
940 306,38 7,90 7,90 99,00 3.839,00 6177
941 306,38 7,90 7,90 99,00 3.843,00 6177
942 306,38 7,90 7,90 99,00 3.847,00 6177
943 306,38 7,90 7,90 99,00 3.851,00 6177
944 306,38 7,90 7,90 99,00 3.855,00 6177
945 306,38 7,90 7,90 99,00 3.859,00 6177
946 306,38 7,90 7,90 99,00 3.863,00 6177
947 306,38 7,90 7,90 99,00 3.867,00 6177
948 306,38 7,90 7,90 99,00 3.871,00 6177
949 306,38 7,90 7,90 99,00 3.875,00 6177
950 306,38 7,90 7,90 99,00 3.879,00 6177
951 306,38 7,90 7,90 99,00 3.883,00 6177
952 306,38 7,90 7,90 99,00 3.887,00 6177
953 306,38 7,90 7,90 99,00 3.891,00 6177
954 306,38 7,90 7,90 99,00 3.895,00 6177
955 306,38 7,90 7,90 99,00 3.899,00 6177
956 306,38 7,90 7,90 99,00 3.903,00 6177
957 306,38 7,90 7,90 99,00 3.907,00 6177
958 306,38 7,90 7,90 99,00 3.911,00 6177
959 306,38 7,90 7,90 99,00 3.915,00 6177
960 306,38 7,90 7,90 1,00 3.919,00 6177
961 306,38 0,08 0,08 1,00 3.923,00 6179
962 306,38 0,08 0,08 1,00 3.927,00 6180
963 306,38 0,08 0,08 1,00 3.931,00 6180
964 306,38 0,08 0,08 1,00 3.935,00 6180
965 306,38 0,08 0,08 1,00 3.939,00 6181
966 306,38 0,08 0,08 1,00 3.943,00 6181
967 306,38 0,08 0,08 1,00 3.947,00 6181
968 306,38 0,08 0,08 1,00 3.951,00 6181
969 306,38 0,08 0,08 1,00 3.955,00 6181
970 306,38 0,08 0,08 1,00 3.959,00 6181
971 306,38 0,08 0,08 1,00 3.963,00 6181
972 306,38 0,08 0,08 1,00 3.967,00 6181
973 306,38 0,08 0,08 1,00 3.971,00 6181
974 306,38 0,08 0,08 1,00 3.975,00 6181
975 306,38 0,08 0,08 1,00 3.979,00 6181
976 306,38 0,08 0,08 1,00 3.983,00 6181
977 306,38 0,08 0,08 1,00 3.987,00 6181
978 306,38 0,08 0,08 1,00 3.991,00 6181
979 306,38 0,08 0,08 1,00 3.995,00 6181
980 306,38 0,08 0,08 1,00 3.999,00 6181
981 306,38 0,08 0,08 1,00 4.003,00 6181
982 306,38 0,08 0,08 1,00 4.007,00 6181
983 306,38 0,08 0,08 1,00 4.011,00 6181
984 306,38 0,08 0,08 1,00 4.015,00 6181
985 306,38 0,08 0,08 1,00 4.019,00 6181
986 306,38 0,08 0,08 1,00 4.023,00 6181
987 306,38 0,08 0,08 1,00 4.027,00 6181
988 306,38 0,08 0,08 1,00 4.031,00 6181
989 306,38 0,08 0,08 1,00 4.035,00 6181
990 306,38 0,08 0,08 99,00 4.039,00 6181
991 306,38 0,08 0,08 99,00 4.043,00 6187
992 306,38 0,08 0,08 99,00 4.047,00 6189
993 306,38 0,08 0,08 99,00 4.051,00 6189
994 306,38 0,08 0,08 99,00 4.055,00 6189
995 306,38 0,08 0,08 99,00 4.059,00 6189
996 306,38 0,08 0,08 99,00 4.063,00 6189
997 306,38 7,46 7,46 99,00 4.067,00 6189
998 306,38 7,46 7,46 99,00 4.071,00 6189
999 306,38 7,44 7,44 99,00 4.075,00 6189
