1000
0 414,12 414,12 414,12 1,00 29,00 0
1 414,12 10,90 10,90 1,00 38,00 1235
2 414,12 11,19 12,15 1,00 46,00 1774
3 414,12 11,19 12,57 1,00 55,00 1865
4 414,12 6,47 7,29 1,00 64,00 1875
5 414,12 6,47 7,27 1,00 73,00 1879
6 414,12 6,47 7,28 1,00 82,00 1881
7 414,12 6,47 7,29 1,00 91,00 1881
8 414,12 6,47 7,29 1,00 100,00 1881
9 414,12 6,47 7,29 1,00 109,00 1881
10 414,12 6,47 7,29 1,00 118,00 1881
11 414,12 6,47 7,29 1,00 127,00 1881
12 414,12 6,47 7,29 1,00 136,00 1881
13 414,12 6,47 7,29 1,00 145,00 1881
14 414,12 6,47 7,29 1,00 154,00 1881
15 414,12 2,54 2,86 1,00 163,00 1881
16 414,12 2,54 2,86 1,00 172,00 1881
17 414,12 2,54 2,86 1,00 181,00 1881
18 414,12 2,54 2,86 1,00 190,00 1881
19 414,12 2,54 2,86 1,00 199,00 1881
20 414,12 2,54 2,86 1,00 208,00 1881
21 414,12 2,54 2,86 1,00 217,00 1881
22 414,12 2,54 2,86 1,00 226,00 1881
23 414,12 2,54 2,86 1,00 235,00 1881
24 414,12 1,70 1,91 1,00 244,00 1881
25 414,12 1,70 1,91 1,00 253,00 1881
26 414,12 1,70 1,91 1,00 262,00 1881
27 414,12 1,70 1,91 1,00 271,00 1881
28 414,12 1,70 1,91 1,00 280,00 1881
29 414,12 1,70 1,91 1,00 289,00 1881
30 414,12 1,39 1,57 99,00 298,00 1881
31 414,12 138,04 155,60 99,00 306,00 2704
32 414,12 134,42 140,28 99,00 314,00 3431
33 414,12 127,72 172,66 99,00 321,00 3821
34 414,12 124,61 167,06 99,00 329,00 4072
35 414,12 124,61 180,93 99,00 338,00 4286
36 414,12 124,61 171,38 99,00 347,00 4405
37 414,12 124,61 170,74 99,00 356,00 4558
38 414,12 124,61 179,50 99,00 365,00 4625
39 414,12 124,61 174,64 99,00 374,00 4666
40 414,12 124,61 177,28 99,00 383,00 4711
41 414,12 124,61 177,59 99,00 392,00 4762
42 414,12 124,61 182,36 99,00 401,00 4795
43 414,12 124,61 175,58 99,00 410,00 4831
44 414,12 124,61 179,98 99,00 419,00 4863
45 414,12 124,61 179,97 99,00 428,00 4893
46 414,12 124,61 179,95 99,00 437,00 4918
47 414,12 124,61 179,95 99,00 446,00 4938
48 414,12 124,61 179,95 99,00 455,00 4953
49 414,12 124,61 179,95 99,00 464,00 4969
50 414,12 86,68 125,16 99,00 473,00 4978
51 414,12 85,06 122,83 99,00 482,00 4991
52 414,12 83,50 120,58 99,00 491,00 5006
53 414,12 83,50 120,58 99,00 500,00 5016
54 414,12 83,50 120,58 99,00 509,00 5027
55 414,12 83,50 120,58 99,00 518,00 5033
56 414,12 83,50 120,58 99,00 527,00 5043
57 414,12 83,50 120,58 99,00 536,00 5047
58 414,12 83,50 120,58 99,00 545,00 5055
59 414,12 83,50 120,58 99,00 554,00 5061
60 414,12 83,50 120,58 1,00 563,00 5068
61 414,12 83,50 120,58 1,00 572,00 5076
62 414,12 83,50 120,58 1,00 581,00 5097
63 414,12 83,50 120,58 1,00 590,00 5110
64 414,12 83,50 120,60 1,00 599,00 5114
65 414,12 83,50 120,60 1,00 608,00 5115
66 414,12 83,50 120,58 1,00 617,00 5118
67 414,12 83,50 120,59 1,00 626,00 5123
68 414,12 83,50 120,60 1,00 635,00 5124
69 414,12 83,50 120,60 1,00 644,00 5125
70 414,12 83,50 120,60 1,00 653,00 5125
71 414,12 83,50 120,60 1,00 662,00 5125
72 414,12 83,50 120,60 1,00 671,00 5125
73 414,12 83,50 120,60 1,00 680,00 5125
74 414,12 0,60 0,87 1,00 689,00 5126
75 414,12 0,60 0,87 1,00 698,00 5126
76 414,12 0,60 0,87 1,00 707,00 5126
77 414,12 0,60 0,87 1,00 716,00 5126
78 414,12 0,60 0,87 1,00 725,00 5127
79 414,12 0,60 0,87 1,00 734,00 5128
80 414,12 0,60 0,87 1,00 743,00 5128
81 414,12 0,60 0,87 1,00 752,00 5128
82 414,12 0,60 0,87 1,00 761,00 5128
83 414,12 0,60 0,87 1,00 770,00 5128
84 414,12 0,60 0,87 1,00 779,00 5128
85 414,12 0,60 0,87 1,00 788,00 5128
86 414,12 0,60 0,87 1,00 797,00 5128
87 414,12 0,60 0,87 1,00 806,00 5128
88 414,12 0,51 0,73 1,00 815,00 5129
89 414,12 0,51 0,73 1,00 824,00 5133
90 414,12 0,51 0,73 99,00 833,00 5133
91 414,12 49,28 71,17 99,00 841,00 5240
92 414,12 49,28 71,16 99,00 850,00 5280
93 414,12 47,73 68,91 99,00 859,00 5298
94 414,12 47,73 68,92 99,00 868,00 5308
95 414,12 47,73 68,92 99,00 877,00 5318
96 414,12 47,73 68,92 99,00 886,00 5327
97 414,12 47,73 68,92 99,00 895,00 5336
98 414,12 47,73 68,92 99,00 904,00 5340
99 414,12 47,73 68,92 99,00 913,00 5347
100 414,12 47,73 68,93 99,00 922,00 5351
101 414,12 44,04 63,59 99,00 931,00 5353
102 414,12 44,04 63,59 99,00 940,00 5354
103 414,12 44,04 63,59 99,00 949,00 5357
104 414,12 44,04 63,59 99,00 958,00 5357
105 414,12 44,04 63,59 99,00 967,00 5357
106 414,12 44,04 63,59 99,00 976,00 5357
107 414,12 44,04 63,59 99,00 985,00 5357
108 414,12 44,04 63,59 99,00 994,00 5357
109 414,12 44,04 63,59 99,00 1.003,00 5359
110 414,12 44,04 63,59 99,00 1.012,00 5359
111 414,12 44,04 63,59 99,00 1.021,00 5360
112 414,12 44,04 63,59 99,00 1.030,00 5362
113 414,12 44,04 63,59 99,00 1.039,00 5364
114 414,12 44,04 63,59 99,00 1.048,00 5366
115 414,12 44,04 63,59 99,00 1.057,00 5366
116 414,12 44,04 63,59 99,00 1.066,00 5366
117 414,12 44,04 63,59 99,00 1.075,00 5366
118 414,12 44,04 63,59 99,00 1.084,00 5367
119 414,12 44,04 63,59 99,00 1.093,00 5368
120 414,12 44,04 63,59 1,00 1.102,00 5368
121 414,12 44,04 63,59 1,00 1.111,00 5378
122 414,12 44,04 63,59 1,00 1.120,00 5387
123 414,12 44,04 63,59 1,00 1.129,00 5391
124 414,12 44,04 63,59 1,00 1.138,00 5392
125 414,12 44,04 63,59 1,00 1.147,00 5392
126 414,12 44,04 63,59 1,00 1.156,00 5392
127 414,12 44,04 63,59 1,00 1.165,00 5392
128 414,12 44,04 63,59 1,00 1.174,00 5392
129 414,12 44,04 63,59 1,00 1.183,00 5392
130 414,12 44,04 63,59 1,00 1.192,00 5392
131 414,12 44,04 63,59 1,00 1.201,00 5392
132 414,12 0,34 0,49 1,00 1.210,00 5392
133 414,12 0,34 0,49 1,00 1.219,00 5392
134 414,12 0,34 0,49 1,00 1.228,00 5392
135 414,12 0,34 0,49 1,00 1.237,00 5392
136 414,12 0,34 0,49 1,00 1.246,00 5392
137 414,12 0,34 0,49 1,00 1.255,00 5392
138 414,12 0,34 0,49 1,00 1.264,00 5392
139 414,12 0,34 0,49 1,00 1.273,00 5392
140 414,12 0,34 0,49 1,00 1.282,00 5397
141 414,12 0,34 0,49 1,00 1.291,00 5398
142 414,12 0,34 0,49 1,00 1.300,00 5398
143 414,12 0,34 0,49 1,00 1.309,00 5398
144 414,12 0,34 0,49 1,00 1.318,00 5398
145 414,12 0,34 0,49 1,00 1.327,00 5398
146 414,12 0,34 0,49 1,00 1.336,00 5398
147 414,12 0,34 0,49 1,00 1.345,00 5398
148 414,12 0,34 0,49 1,00 1.354,00 5398
149 414,12 0,34 0,49 1,00 1.363,00 5398
150 414,12 0,34 0,49 99,00 1.372,00 5398
151 414,12 0,34 0,49 99,00 1.381,00 5443
152 414,12 0,34 0,49 99,00 1.390,00 5461
153 414,12 29,52 42,62 99,00 1.398,00 5469
154 414,12 29,52 42,62 99,00 1.407,00 5476
155 414,12 29,52 42,62 99,00 1.416,00 5480
156 414,12 29,52 42,62 99,00 1.425,00 5482
157 414,12 29,52 42,62 99,00 1.434,00 5482
158 414,12 29,52 42,62 99,00 1.443,00 5492
159 414,12 29,52 42,62 99,00 1.452,00 5501
160 414,12 29,52 42,62 99,00 1.461,00 5510
161 414,12 29,52 42,62 99,00 1.470,00 5520
162 414,12 27,72 40,03 99,00 1.479,00 5532
163 414,12 27,72 40,03 99,00 1.488,00 5544
164 414,12 27,72 40,03 99,00 1.497,00 5553
165 414,12 27,72 40,03 99,00 1.506,00 5560
166 414,12 27,72 40,03 99,00 1.515,00 5566
167 414,12 27,72 40,03 99,00 1.524,00 5570
168 414,12 27,72 40,03 99,00 1.533,00 5573
169 414,12 27,72 40,03 99,00 1.542,00 5575
170 414,12 27,72 40,03 99,00 1.551,00 5576
171 414,12 27,72 40,03 99,00 1.560,00 5577
172 414,12 27,72 40,03 99,00 1.569,00 5578
173 414,12 27,72 40,03 99,00 1.578,00 5579
174 414,12 27,72 40,03 99,00 1.587,00 5580
175 414,12 27,72 40,03 99,00 1.596,00 5582
176 414,12 27,72 40,03 99,00 1.605,00 5583
177 414,12 27,72 40,03 99,00 1.614,00 5584
178 414,12 27,72 40,03 99,00 1.623,00 5587
179 414,12 27,72 40,03 99,00 1.632,00 5589
180 414,12 27,72 40,03 1,00 1.641,00 5591
181 414,12 0,25 0,36 1,00 1.650,00 5600
182 414,12 0,25 0,36 1,00 1.659,00 5601
183 414,12 0,25 0,36 1,00 1.668,00 5602
184 414,12 0,25 0,36 1,00 1.677,00 5602
185 414,12 0,25 0,36 1,00 1.686,00 5602
186 414,12 0,25 0,36 1,00 1.695,00 5602
187 414,12 0,25 0,36 1,00 1.704,00 5602
188 414,12 0,25 0,36 1,00 1.713,00 5602
189 414,12 0,25 0,36 1,00 1.722,00 5602
190 414,12 0,25 0,36 1,00 1.731,00 5602
191 414,12 0,25 0,36 1,00 1.740,00 5604
192 414,12 0,25 0,36 1,00 1.749,00 5606
193 414,12 0,25 0,36 1,00 1.758,00 5607
194 414,12 0,25 0,36 1,00 1.767,00 5611
195 414,12 0,25 0,36 1,00 1.776,00 5613
196 414,12 0,25 0,36 1,00 1.785,00 5613
197 414,12 0,25 0,36 1,00 1.794,00 5613
198 414,12 0,25 0,36 1,00 1.803,00 5613
199 414,12 0,25 0,36 1,00 1.812,00 5613
200 414,12 0,25 0,36 1,00 1.821,00 5613
201 414,12 0,25 0,36 1,00 1.830,00 5613
202 414,12 0,25 0,36 1,00 1.839,00 5613
203 414,12 0,25 0,36 1,00 1.848,00 5613
204 414,12 0,25 0,36 1,00 1.857,00 5613
205 414,12 0,25 0,36 1,00 1.866,00 5613
206 414,12 0,25 0,36 1,00 1.875,00 5613
207 414,12 0,25 0,36 1,00 1.884,00 5613
208 414,12 0,25 0,36 1,00 1.893,00 5614
209 414,12 0,25 0,36 1,00 1.902,00 5616
210 414,12 0,25 0,36 97,00 1.911,00 5616
211 414,12 0,25 0,36 97,00 1.920,00 5655
212 414,12 0,25 0,36 97,00 1.929,00 5665
213 414,12 0,25 0,36 97,00 1.938,00 5671
214 414,12 0,25 0,36 97,00 1.947,00 5671
215 414,12 0,25 0,36 97,00 1.956,00 5671
216 414,12 0,25 0,36 97,00 1.965,00 5671
217 414,12 0,25 0,36 97,00 1.974,00 5671
218 414,12 0,25 0,36 97,00 1.983,00 5671
219 414,12 0,25 0,36 97,00 1.992,00 5671
220 414,12 0,25 0,36 97,00 2.001,00 5671
221 414,12 0,25 0,36 97,00 2.010,00 5671
222 414,12 0,25 0,36 97,00 2.019,00 5671
223 414,12 0,25 0,36 97,00 2.028,00 5671
224 414,12 0,25 0,36 97,00 2.037,00 5671
225 414,12 0,25 0,36 97,00 2.046,00 5671
226 414,12 0,25 0,36 97,00 2.055,00 5671
227 414,12 0,25 0,36 97,00 2.064,00 5671
228 414,12 0,25 0,36 97,00 2.073,00 5671
229 414,12 0,25 0,36 97,00 2.082,00 5671
230 414,12 0,25 0,36 97,00 2.091,00 5671
231 414,12 0,25 0,36 97,00 2.100,00 5671
232 414,12 0,25 0,36 97,00 2.109,00 5671
233 414,12 0,25 0,36 97,00 2.118,00 5671
234 414,12 18,89 27,27 97,00 2.127,00 5671
235 414,12 18,89 27,27 97,00 2.136,00 5671
236 414,12 18,89 27,27 97,00 2.145,00 5671
237 414,12 18,89 27,27 97,00 2.154,00 5671
238 414,12 18,89 27,27 97,00 2.163,00 5671
239 414,12 18,89 27,27 97,00 2.172,00 5671
240 414,12 18,89 27,27 1,00 2.181,00 5671
241 414,12 18,89 27,27 1,00 2.190,00 5686
242 414,12 18,89 27,27 1,00 2.199,00 5686
243 414,12 18,89 27,27 1,00 2.208,00 5687
244 414,12 18,89 27,27 1,00 2.217,00 5688
245 414,12 0,19 0,27 1,00 2.226,00 5688
246 414,12 0,19 0,27 1,00 2.235,00 5688
247 414,12 0,19 0,27 1,00 2.244,00 5688
248 414,12 0,18 0,27 1,00 2.253,00 5688
249 414,12 0,18 0,27 1,00 2.262,00 5691
250 414,12 0,18 0,27 1,00 2.271,00 5693
251 414,12 0,18 0,26 1,00 2.280,00 5693
252 414,12 0,18 0,26 1,00 2.289,00 5693
253 414,12 0,18 0,26 1,00 2.298,00 5694
254 414,12 0,18 0,26 1,00 2.307,00 5694
255 414,12 0,18 0,26 1,00 2.316,00 5694
256 414,12 0,18 0,26 1,00 2.325,00 5694
257 414,12 0,18 0,26 1,00 2.334,00 5694
258 414,12 0,18 0,26 1,00 2.343,00 5694
259 414,12 0,18 0,25 1,00 2.352,00 5694
260 414,12 0,18 0,25 1,00 2.361,00 5694
261 414,12 0,18 0,25 1,00 2.370,00 5694
262 414,12 0,18 0,25 1,00 2.379,00 5694
263 414,12 0,18 0,25 1,00 2.388,00 5694
264 414,12 0,17 0,25 1,00 2.397,00 5694
265 414,12 0,17 0,25 1,00 2.406,00 5694
266 414,12 0,17 0,25 1,00 2.415,00 5694
267 414,12 0,17 0,25 1,00 2.424,00 5694
268 414,12 0,17 0,25 1,00 2.433,00 5694
269 414,12 0,17 0,25 1,00 2.442,00 5694
270 414,12 0,17 0,25 99,00 2.451,00 5694
271 414,12 0,17 0,25 99,00 2.460,00 5724
272 414,12 0,17 0,25 99,00 2.469,00 5736
273 414,12 0,17 0,25 99,00 2.478,00 5742
274 414,12 0,17 0,25 99,00 2.487,00 5742
275 414,12 0,17 0,25 99,00 2.496,00 5742
276 414,12 0,17 0,25 99,00 2.505,00 5742
277 414,12 16,31 23,55 99,00 2.514,00 5742
278 414,12 16,31 23,55 99,00 2.523,00 5742
279 414,12 16,31 23,55 99,00 2.532,00 5742
280 414,12 16,31 23,55 99,00 2.541,00 5742
281 414,12 16,31 23,55 99,00 2.550,00 5742
282 414,12 16,31 23,55 99,00 2.559,00 5742
283 414,12 16,31 23,55 99,00 2.568,00 5742
284 414,12 16,31 23,55 99,00 2.577,00 5742
285 414,12 15,85 22,89 99,00 2.586,00 5742
286 414,12 15,85 22,89 99,00 2.595,00 5742
287 414,12 15,85 22,89 99,00 2.604,00 5742
288 414,12 15,85 22,89 99,00 2.613,00 5742
289 414,12 15,85 22,89 99,00 2.622,00 5742
290 414,12 15,85 22,89 99,00 2.631,00 5742
291 414,12 15,85 22,89 99,00 2.640,00 5742
292 414,12 15,85 22,89 99,00 2.649,00 5742
293 414,12 15,85 22,89 99,00 2.658,00 5742
294 414,12 15,85 22,89 99,00 2.667,00 5742
295 414,12 15,85 22,89 99,00 2.676,00 5742
296 414,12 15,85 22,89 99,00 2.685,00 5742
297 414,12 15,85 22,89 99,00 2.694,00 5742
298 414,12 15,85 22,89 99,00 2.703,00 5742
299 414,12 15,85 22,89 99,00 2.712,00 5742
300 414,12 15,85 22,89 1,00 2.721,00 5742
301 414,12 15,85 22,89 1,00 2.730,00 5752
302 414,12 15,85 22,89 1,00 2.739,00 5752
303 414,12 15,85 22,89 1,00 2.748,00 5752
304 414,12 15,85 22,89 1,00 2.757,00 5752
305 414,12 15,85 22,89 1,00 2.766,00 5752
306 414,12 15,85 22,89 1,00 2.775,00 5762
307 414,12 15,85 22,89 1,00 2.784,00 5773
308 414,12 15,85 22,89 1,00 2.793,00 5778
309 414,12 0,15 0,21 1,00 2.802,00 5780
310 414,12 0,15 0,21 1,00 2.811,00 5780
311 414,12 0,15 0,21 1,00 2.820,00 5780
312 414,12 0,15 0,21 1,00 2.829,00 5780
313 414,12 0,15 0,21 1,00 2.838,00 5782
314 414,12 0,15 0,21 1,00 2.847,00 5783
315 414,12 0,15 0,21 1,00 2.856,00 5783
316 414,12 0,15 0,21 1,00 2.865,00 5783
317 414,12 0,15 0,21 1,00 2.874,00 5783
318 414,12 0,15 0,21 1,00 2.883,00 5783
319 414,12 0,15 0,21 1,00 2.892,00 5783
320 414,12 0,15 0,21 1,00 2.901,00 5783
321 414,12 0,15 0,21 1,00 2.910,00 5783
322 414,12 0,14 0,20 1,00 2.919,00 5783
323 414,12 0,14 0,20 1,00 2.928,00 5783
324 414,12 0,14 0,20 1,00 2.937,00 5783
325 414,12 0,14 0,20 1,00 2.946,00 5783
326 414,12 0,14 0,20 1,00 2.955,00 5783
327 414,12 0,14 0,20 1,00 2.964,00 5783
328 414,12 0,14 0,20 1,00 2.973,00 5783
329 414,12 0,14 0,20 1,00 2.982,00 5783
330 414,12 0,14 0,20 99,00 2.991,00 5783
331 414,12 13,67 19,73 99,00 3.000,00 5809
332 414,12 13,67 19,73 99,00 3.009,00 5815
333 414,12 13,67 19,73 99,00 3.018,00 5818
334 414,12 13,54 19,56 99,00 3.027,00 5819
335 414,12 13,54 19,56 99,00 3.036,00 5820
336 414,12 13,54 19,56 99,00 3.045,00 5820
337 414,12 13,54 19,56 99,00 3.054,00 5820
338 414,12 13,54 19,56 99,00 3.063,00 5820
339 414,12 13,54 19,56 99,00 3.072,00 5820
340 414,12 13,54 19,56 99,00 3.081,00 5820
341 414,12 13,54 19,56 99,00 3.090,00 5820
342 414,12 13,54 19,56 99,00 3.099,00 5820
343 414,12 13,54 19,56 99,00 3.108,00 5820
344 414,12 13,54 19,56 99,00 3.117,00 5820
345 414,12 13,54 19,56 99,00 3.126,00 5820
346 414,12 13,54 19,56 99,00 3.135,00 5820
347 414,12 13,54 19,56 99,00 3.144,00 5820
348 414,12 13,54 19,56 99,00 3.153,00 5820
349 414,12 13,54 19,56 99,00 3.162,00 5820
350 414,12 13,54 19,56 99,00 3.171,00 5820
351 414,12 13,54 19,56 99,00 3.180,00 5820
352 414,12 13,54 19,56 99,00 3.189,00 5820
353 414,12 13,54 19,56 99,00 3.198,00 5820
354 414,12 13,54 19,56 99,00 3.207,00 5820
355 414,12 13,54 19,56 99,00 3.216,00 5820
356 414,12 13,54 19,56 99,00 3.225,00 5820
357 414,12 13,54 19,56 99,00 3.234,00 5820
358 414,12 13,54 19,56 99,00 3.243,00 5820
359 414,12 13,54 19,56 99,00 3.252,00 5820
360 414,12 13,54 19,56 1,00 3.261,00 5820
361 414,12 0,13 0,18 1,00 3.270,00 5827
362 414,12 0,13 0,18 1,00 3.279,00 5827
363 414,12 0,13 0,18 1,00 3.288,00 5827
364 414,12 0,13 0,18 1,00 3.297,00 5827
365 414,12 0,13 0,18 1,00 3.306,00 5827
366 414,12 0,13 0,18 1,00 3.315,00 5827
367 414,12 0,13 0,18 1,00 3.324,00 5827
368 414,12 0,13 0,18 1,00 3.333,00 5827
369 414,12 0,13 0,18 1,00 3.342,00 5827
370 414,12 0,13 0,18 1,00 3.351,00 5827
371 414,12 0,13 0,18 1,00 3.360,00 5827
372 414,12 0,13 0,18 1,00 3.369,00 5827
373 414,12 0,13 0,18 1,00 3.378,00 5827
374 414,12 0,13 0,18 1,00 3.387,00 5827
375 414,12 0,13 0,18 1,00 3.396,00 5827
376 414,12 0,13 0,18 1,00 3.405,00 5827
377 414,12 0,12 0,18 1,00 3.414,00 5827
378 414,12 0,12 0,18 1,00 3.423,00 5827
379 414,12 0,12 0,18 1,00 3.432,00 5827
380 414,12 0,12 0,18 1,00 3.441,00 5827
381 414,12 0,12 0,18 1,00 3.450,00 5827
382 414,12 0,12 0,18 1,00 3.459,00 5827
383 414,12 0,12 0,18 1,00 3.468,00 5833
384 414,12 0,12 0,18 1,00 3.477,00 5833
385 414,12 0,12 0,18 1,00 3.486,00 5833
386 414,12 0,12 0,18 1,00 3.495,00 5833
387 414,12 0,12 0,18 1,00 3.504,00 5833
388 414,12 0,12 0,18 1,00 3.513,00 5833
389 414,12 0,12 0,18 1,00 3.522,00 5833
390 414,12 0,12 0,17 99,00 3.531,00 5833
391 414,12 0,12 0,17 99,00 3.540,00 5854
392 414,12 0,12 0,17 99,00 3.549,00 5858
393 414,12 0,12 0,17 99,00 3.558,00 5861
394 414,12 0,12 0,17 99,00 3.567,00 5861
395 414,12 0,12 0,17 99,00 3.576,00 5861
396 414,12 0,12 0,17 99,00 3.585,00 5861
397 414,12 0,12 0,17 99,00 3.594,00 5861
398 414,12 0,12 0,17 99,00 3.603,00 5861
399 414,12 0,12 0,17 99,00 3.612,00 5861
400 414,12 11,32 16,35 99,00 3.621,00 5861
401 414,12 11,32 16,35 99,00 3.630,00 5865
402 414,12 11,32 16,35 99,00 3.639,00 5866
403 414,12 11,24 16,23 99,00 3.648,00 5866
404 414,12 11,24 16,23 99,00 3.657,00 5866
405 414,12 11,24 16,23 99,00 3.666,00 5866
406 414,12 11,24 16,23 99,00 3.675,00 5866
407 414,12 11,24 16,23 99,00 3.684,00 5866
408 414,12 11,24 16,23 99,00 3.693,00 5866
409 414,12 11,07 15,99 99,00 3.702,00 5866
410 414,12 11,07 15,99 99,00 3.711,00 5866
411 414,12 11,07 15,99 99,00 3.720,00 5866
412 414,12 11,07 15,99 99,00 3.729,00 5866
413 414,12 11,07 15,99 99,00 3.738,00 5866
414 414,12 11,07 15,99 99,00 3.747,00 5866
415 414,12 11,07 15,99 99,00 3.756,00 5866
416 414,12 11,07 15,99 99,00 3.765,00 5866
417 414,12 11,07 15,99 99,00 3.774,00 5866
418 414,12 11,07 15,99 99,00 3.783,00 5866
419 414,12 11,07 15,99 99,00 3.792,00 5866
420 414,12 11,07 15,99 1,00 3.801,00 5866
421 414,12 0,11 0,16 1,00 3.810,00 5875
422 414,12 0,11 0,16 1,00 3.819,00 5878
423 414,12 0,11 0,16 1,00 3.828,00 5879
424 414,12 0,11 0,16 1,00 3.837,00 5879
425 414,12 0,11 0,16 1,00 3.846,00 5879
426 414,12 0,11 0,16 1,00 3.855,00 5879
427 414,12 0,11 0,16 1,00 3.864,00 5879
428 414,12 0,11 0,16 1,00 3.873,00 5880
429 414,12 0,11 0,16 1,00 3.882,00 5880
430 414,12 0,11 0,16 1,00 3.891,00 5880
431 414,12 0,11 0,16 1,00 3.900,00 5880
432 414,12 0,11 0,16 1,00 3.909,00 5880
433 414,12 0,11 0,16 1,00 3.918,00 5880
434 414,12 0,11 0,16 1,00 3.927,00 5880
435 414,12 0,11 0,16 1,00 3.936,00 5880
436 414,12 0,11 0,16 1,00 3.945,00 5880
437 414,12 0,11 0,16 1,00 3.954,00 5880
438 414,12 0,11 0,16 1,00 3.963,00 5880
439 414,12 0,11 0,16 1,00 3.972,00 5880
440 414,12 0,11 0,16 1,00 3.981,00 5880
441 414,12 0,11 0,16 1,00 3.990,00 5880
442 414,12 0,11 0,16 1,00 3.999,00 5880
443 414,12 0,11 0,16 1,00 4.008,00 5880
444 414,12 0,11 0,16 1,00 4.017,00 5880
445 414,12 0,11 0,16 1,00 4.026,00 5880
446 414,12 0,11 0,16 1,00 4.035,00 5880
447 414,12 0,11 0,16 1,00 4.044,00 5880
448 414,12 0,11 0,16 1,00 4.053,00 5880
449 414,12 0,11 0,16 1,00 4.062,00 5880
450 414,12 0,11 0,16 99,00 4.071,00 5880
451 414,12 0,11 0,16 99,00 4.080,00 5901
452 414,12 0,11 0,16 99,00 4.089,00 5908
453 414,12 0,11 0,16 99,00 4.098,00 5908
454 414,12 0,11 0,16 99,00 4.107,00 5908
455 414,12 0,11 0,16 99,00 4.116,00 5908
456 414,12 9,94 14,35 99,00 4.125,00 5909
457 414,12 9,94 14,35 99,00 4.134,00 5909
458 414,12 9,94 14,35 99,00 4.143,00 5909
459 414,12 9,94 14,35 99,00 4.152,00 5909
460 414,12 9,94 14,35 99,00 4.161,00 5909
461 414,12 9,83 14,20 99,00 4.170,00 5909
462 414,12 9,83 14,20 99,00 4.179,00 5909
463 414,12 9,83 14,20 99,00 4.188,00 5909
464 414,12 9,83 14,20 99,00 4.197,00 5909
465 414,12 9,83 14,20 99,00 4.206,00 5909
466 414,12 9,83 14,20 99,00 4.215,00 5909
467 414,12 9,83 14,20 99,00 4.224,00 5909
468 414,12 9,69 13,99 99,00 4.233,00 5909
469 414,12 9,69 13,99 99,00 4.242,00 5909
470 414,12 9,69 13,99 99,00 4.251,00 5909
471 414,12 9,69 13,99 99,00 4.260,00 5909
472 414,12 9,60 13,87 99,00 4.269,00 5909
473 414,12 9,60 13,87 99,00 4.278,00 5909
474 414,12 9,56 13,81 99,00 4.287,00 5909
475 414,12 9,56 13,81 99,00 4.296,00 5909
476 414,12 9,56 13,81 99,00 4.305,00 5909
477 414,12 9,56 13,81 99,00 4.314,00 5909
478 414,12 9,56 13,81 99,00 4.323,00 5909
479 414,12 9,56 13,81 99,00 4.332,00 5909
480 414,12 9,56 13,81 1,00 4.341,00 5909
481 414,12 9,56 13,81 1,00 4.350,00 5915
482 414,12 9,56 13,81 1,00 4.359,00 5916
483 414,12 9,56 13,81 1,00 4.368,00 5916
484 414,12 9,56 13,81 1,00 4.377,00 5916
485 414,12 9,56 13,81 1,00 4.386,00 5916
486 414,12 0,09 0,14 1,00 4.395,00 5916
487 414,12 0,09 0,14 1,00 4.404,00 5916
488 414,12 0,09 0,14 1,00 4.413,00 5916
489 414,12 0,09 0,14 1,00 4.422,00 5916
490 414,12 0,09 0,13 1,00 4.431,00 5916
491 414,12 0,09 0,13 1,00 4.440,00 5916
492 414,12 0,09 0,13 1,00 4.449,00 5916
493 414,12 0,09 0,13 1,00 4.458,00 5916
494 414,12 0,09 0,13 1,00 4.467,00 5916
495 414,12 0,09 0,13 1,00 4.476,00 5916
496 414,12 0,09 0,13 1,00 4.485,00 5916
497 414,12 0,09 0,13 1,00 4.494,00 5916
498 414,12 0,09 0,13 1,00 4.503,00 5916
499 414,12 0,09 0,13 1,00 4.512,00 5916
500 414,12 0,09 0,13 1,00 4.521,00 5916
501 414,12 0,09 0,13 1,00 4.530,00 5916
502 414,12 0,09 0,13 1,00 4.539,00 5916
503 414,12 0,09 0,13 1,00 4.548,00 5916
504 414,12 0,09 0,13 1,00 4.557,00 5916
505 414,12 0,09 0,13 1,00 4.566,00 5919
506 414,12 0,09 0,13 1,00 4.575,00 5919
507 414,12 0,09 0,13 1,00 4.584,00 5919
508 414,12 0,09 0,13 1,00 4.593,00 5919
509 414,12 0,09 0,13 1,00 4.602,00 5919
510 414,12 0,09 0,13 99,00 4.611,00 5919
511 414,12 0,09 0,13 99,00 4.620,00 5935
512 414,12 0,09 0,13 99,00 4.629,00 5937
513 414,12 8,84 12,76 99,00 4.638,00 5938
514 414,12 8,84 12,76 99,00 4.647,00 5938
515 414,12 8,84 12,76 99,00 4.656,00 5938
516 414,12 8,84 12,76 99,00 4.665,00 5938
517 414,12 8,84 12,76 99,00 4.674,00 5938
518 414,12 8,84 12,76 99,00 4.683,00 5938
519 414,12 8,84 12,76 99,00 4.692,00 5938
520 414,12 8,84 12,76 99,00 4.701,00 5938
521 414,12 8,84 12,76 99,00 4.710,00 5938
522 414,12 8,84 12,76 99,00 4.719,00 5938
523 414,12 8,84 12,76 99,00 4.728,00 5938
524 414,12 8,84 12,76 99,00 4.737,00 5938
525 414,12 8,84 12,76 99,00 4.746,00 5938
526 414,12 8,84 12,76 99,00 4.755,00 5938
527 414,12 8,61 12,43 99,00 4.764,00 5938
528 414,12 8,61 12,43 99,00 4.773,00 5938
529 414,12 8,61 12,43 99,00 4.782,00 5938
530 414,12 8,61 12,43 99,00 4.791,00 5938
531 414,12 8,61 12,43 99,00 4.800,00 5938
532 414,12 8,53 12,31 99,00 4.809,00 5938
533 414,12 8,53 12,31 99,00 4.818,00 5938
534 414,12 8,53 12,31 99,00 4.827,00 5938
535 414,12 8,48 12,24 99,00 4.836,00 5938
536 414,12 8,48 12,24 99,00 4.845,00 5938
537 414,12 8,48 12,24 99,00 4.854,00 5938
538 414,12 8,48 12,24 99,00 4.863,00 5938
539 414,12 8,48 12,24 99,00 4.872,00 5938
540 414,12 8,48 12,24 2,00 4.881,00 5938
541 414,12 8,48 12,24 2,00 4.890,00 5942
542 414,12 8,48 12,24 2,00 4.899,00 5944
543 414,12 8,48 12,24 2,00 4.908,00 5946
544 414,12 8,48 12,24 2,00 4.917,00 5947
545 414,12 8,48 12,24 2,00 4.926,00 5958
546 414,12 0,17 0,24 2,00 4.935,00 5965
547 414,12 0,17 0,24 2,00 4.944,00 5965
548 414,12 0,17 0,24 2,00 4.953,00 5965
549 414,12 0,17 0,24 2,00 4.962,00 5965
550 414,12 0,17 0,24 2,00 4.971,00 5965
551 414,12 0,17 0,24 2,00 4.980,00 5965
552 414,12 0,17 0,24 2,00 4.989,00 5965
553 414,12 0,17 0,24 2,00 4.998,00 5965
554 414,12 0,17 0,24 2,00 5.007,00 5965
555 414,12 0,17 0,24 2,00 5.016,00 5965
556 414,12 0,17 0,24 2,00 5.025,00 5965
557 414,12 0,17 0,24 2,00 5.034,00 5965
558 414,12 0,17 0,24 2,00 5.043,00 5965
559 414,12 0,17 0,24 2,00 5.052,00 5969
560 414,12 0,17 0,24 2,00 5.061,00 5969
561 414,12 0,17 0,24 2,00 5.070,00 5969
562 414,12 0,17 0,24 2,00 5.079,00 5969
563 414,12 0,17 0,24 2,00 5.088,00 5969
564 414,12 0,17 0,24 2,00 5.097,00 5969
565 414,12 0,17 0,24 2,00 5.106,00 5969
566 414,12 0,17 0,24 2,00 5.115,00 5969
567 414,12 0,17 0,24 2,00 5.124,00 5969
568 414,12 0,17 0,24 2,00 5.133,00 5969
569 414,12 0,17 0,24 2,00 5.142,00 5969
570 414,12 0,17 0,24 100,00 5.151,00 5969
571 414,12 0,17 0,24 100,00 5.160,00 5988
572 414,12 0,17 0,24 100,00 5.169,00 5994
573 414,12 0,17 0,24 100,00 5.178,00 5999
574 414,12 0,17 0,24 100,00 5.187,00 6004
575 414,12 7,97 11,51 100,00 5.196,00 6007
576 414,12 7,97 11,51 100,00 5.205,00 6009
577 414,12 7,97 11,51 100,00 5.214,00 6010
578 414,12 7,97 11,51 100,00 5.223,00 6010
579 414,12 7,97 11,51 100,00 5.232,00 6010
580 414,12 7,97 11,51 100,00 5.241,00 6010
581 414,12 7,97 11,51 100,00 5.250,00 6010
582 414,12 7,97 11,51 100,00 5.259,00 6010
583 414,12 7,97 11,51 100,00 5.268,00 6010
584 414,12 7,97 11,51 100,00 5.277,00 6010
585 414,12 7,83 11,31 100,00 5.286,00 6010
586 414,12 7,83 11,31 100,00 5.295,00 6010
587 414,12 7,83 11,31 100,00 5.304,00 6010
588 414,12 7,83 11,31 100,00 5.313,00 6010
589 414,12 7,78 11,24 100,00 5.322,00 6010
590 414,12 7,78 11,24 100,00 5.331,00 6010
591 414,12 7,78 11,24 100,00 5.340,00 6010
592 414,12 7,78 11,24 100,00 5.349,00 6010
593 414,12 7,78 11,24 100,00 5.358,00 6010
594 414,12 7,78 11,24 100,00 5.367,00 6010
595 414,12 7,78 11,24 100,00 5.376,00 6010
596 414,12 7,78 11,24 100,00 5.385,00 6010
597 414,12 7,78 11,24 100,00 5.394,00 6010
598 414,12 7,78 11,24 100,00 5.403,00 6010
599 414,12 7,65 11,05 100,00 5.412,00 6010
600 414,12 7,65 11,05 6,00 5.421,00 6010
601 414,12 7,65 11,05 6,00 5.430,00 6019
602 414,12 7,65 11,05 6,00 5.439,00 6021
603 414,12 7,65 11,05 6,00 5.448,00 6022
604 414,12 7,65 11,05 6,00 5.457,00 6022
605 414,12 7,65 11,05 6,00 5.466,00 6022
606 414,12 7,65 11,05 6,00 5.475,00 6022
607 414,12 0,45 0,65 6,00 5.484,00 6022
608 414,12 0,45 0,65 6,00 5.493,00 6023
609 414,12 0,45 0,65 6,00 5.502,00 6023
610 414,12 0,45 0,65 6,00 5.511,00 6023
611 414,12 0,45 0,65 6,00 5.520,00 6023
612 414,12 0,45 0,65 6,00 5.529,00 6023
613 414,12 0,45 0,65 6,00 5.538,00 6023
614 414,12 0,45 0,65 6,00 5.547,00 6023
615 414,12 0,45 0,65 6,00 5.556,00 6023
616 414,12 0,45 0,65 6,00 5.565,00 6023
617 414,12 0,45 0,64 6,00 5.574,00 6023
618 414,12 0,45 0,64 6,00 5.583,00 6023
619 414,12 0,45 0,64 6,00 5.592,00 6023
620 414,12 0,45 0,64 6,00 5.601,00 6023
621 414,12 0,45 0,64 6,00 5.610,00 6023
622 414,12 0,45 0,64 6,00 5.619,00 6023
623 414,12 0,45 0,64 6,00 5.628,00 6023
624 414,12 0,45 0,64 6,00 5.637,00 6023
625 414,12 0,45 0,64 6,00 5.646,00 6023
626 414,12 0,45 0,64 6,00 5.655,00 6023
627 414,12 0,45 0,64 6,00 5.664,00 6023
628 414,12 0,45 0,64 6,00 5.673,00 6023
629 414,12 0,45 0,64 6,00 5.682,00 6023
630 414,12 0,45 0,64 98,00 5.691,00 6023
631 414,12 0,45 0,64 98,00 5.700,00 6039
632 414,12 0,45 0,64 98,00 5.709,00 6043
633 414,12 0,45 0,64 98,00 5.718,00 6043
634 414,12 0,45 0,64 98,00 5.727,00 6043
635 414,12 0,45 0,64 98,00 5.736,00 6043
636 414,12 0,45 0,64 98,00 5.745,00 6043
637 414,12 0,45 0,64 98,00 5.754,00 6043
638 414,12 0,45 0,64 98,00 5.763,00 6043
639 414,12 0,45 0,64 98,00 5.772,00 6043
640 414,12 7,02 10,14 98,00 5.781,00 6043
641 414,12 7,02 10,14 98,00 5.790,00 6043
642 414,12 7,02 10,14 98,00 5.799,00 6043
643 414,12 7,02 10,14 98,00 5.808,00 6043
644 414,12 7,02 10,14 98,00 5.817,00 6043
645 414,12 7,02 10,14 98,00 5.826,00 6043
646 414,12 6,96 10,04 98,00 5.835,00 6043
647 414,12 6,96 10,04 98,00 5.844,00 6043
648 414,12 6,96 10,04 98,00 5.853,00 6043
649 414,12 6,96 10,04 98,00 5.862,00 6043
650 414,12 6,96 10,04 98,00 5.871,00 6043
651 414,12 6,96 10,04 98,00 5.880,00 6043
652 414,12 6,96 10,04 98,00 5.889,00 6043
653 414,12 6,96 10,04 98,00 5.898,00 6043
654 414,12 6,96 10,04 98,00 5.907,00 6043
655 414,12 6,96 10,04 98,00 5.916,00 6043
656 414,12 6,96 10,04 98,00 5.925,00 6043
657 414,12 6,96 10,04 98,00 5.934,00 6043
658 414,12 6,96 10,04 98,00 5.943,00 6043
659 414,12 6,96 10,04 98,00 5.952,00 6043
660 414,12 6,96 10,04 1,00 5.961,00 6043
661 414,12 6,96 10,04 1,00 5.970,00 6047
662 414,12 6,96 10,04 1,00 5.979,00 6047
663 414,12 6,96 10,04 1,00 5.988,00 6047
664 414,12 6,96 10,04 1,00 5.997,00 6047
665 414,12 6,96 10,04 1,00 6.006,00 6047
666 414,12 6,96 10,04 1,00 6.015,00 6047
667 414,12 6,96 10,04 1,00 6.024,00 6047
668 414,12 6,96 10,04 1,00 6.033,00 6048
669 414,12 6,96 10,04 1,00 6.042,00 6048
670 414,12 6,96 10,04 1,00 6.051,00 6048
671 414,12 6,96 10,04 1,00 6.060,00 6048
672 414,12 6,96 10,04 1,00 6.069,00 6048
673 414,12 6,96 10,04 1,00 6.078,00 6048
674 414,12 6,96 10,04 1,00 6.087,00 6048
675 414,12 6,96 10,04 1,00 6.096,00 6048
676 414,12 6,96 10,04 1,00 6.105,00 6048
677 414,12 6,96 10,04 1,00 6.114,00 6048
678 414,12 6,96 10,04 1,00 6.123,00 6048
679 414,12 6,96 10,04 1,00 6.132,00 6048
680 414,12 0,07 0,10 1,00 6.141,00 6048
681 414,12 0,07 0,10 1,00 6.150,00 6048
682 414,12 0,07 0,10 1,00 6.159,00 6048
683 414,12 0,07 0,10 1,00 6.168,00 6048
684 414,12 0,07 0,10 1,00 6.177,00 6048
685 414,12 0,07 0,10 1,00 6.186,00 6048
686 414,12 0,07 0,10 1,00 6.195,00 6048
687 414,12 0,07 0,10 1,00 6.204,00 6048
688 414,12 0,07 0,10 1,00 6.213,00 6048
689 414,12 0,07 0,10 1,00 6.222,00 6048
690 414,12 0,07 0,10 99,00 6.231,00 6048
691 414,12 0,07 0,10 99,00 6.240,00 6060
692 414,12 0,07 0,10 99,00 6.249,00 6063
693 414,12 0,07 0,10 99,00 6.258,00 6066
694 414,12 0,07 0,10 99,00 6.267,00 6067
695 414,12 0,07 0,10 99,00 6.276,00 6068
696 414,12 0,07 0,10 99,00 6.285,00 6070
697 414,12 0,07 0,10 99,00 6.294,00 6070
698 414,12 6,50 9,39 99,00 6.303,00 6070
699 414,12 6,50 9,39 99,00 6.312,00 6070
700 414,12 6,50 9,39 99,00 6.321,00 6070
701 414,12 6,50 9,39 99,00 6.330,00 6070
702 414,12 6,50 9,39 99,00 6.339,00 6070
703 414,12 6,50 9,39 99,00 6.348,00 6070
704 414,12 6,50 9,39 99,00 6.357,00 6070
705 414,12 6,50 9,39 99,00 6.366,00 6070
706 414,12 6,50 9,39 99,00 6.375,00 6070
707 414,12 6,50 9,39 99,00 6.384,00 6070
708 414,12 6,50 9,39 99,00 6.393,00 6070
709 414,12 6,40 9,25 99,00 6.402,00 6070
710 414,12 6,40 9,25 99,00 6.411,00 6070
711 414,12 6,40 9,25 99,00 6.420,00 6070
712 414,12 6,40 9,25 99,00 6.429,00 6070
713 414,12 6,40 9,25 99,00 6.438,00 6070
714 414,12 6,40 9,25 99,00 6.447,00 6070
715 414,12 6,40 9,25 99,00 6.456,00 6070
716 414,12 6,40 9,25 99,00 6.465,00 6070
717 414,12 6,33 9,14 99,00 6.474,00 6070
718 414,12 6,32 9,13 99,00 6.483,00 6070
719 414,12 6,32 9,13 99,00 6.492,00 6070
720 414,12 6,32 9,13 6,00 6.501,00 6070
721 414,12 6,32 9,13 6,00 6.510,00 6073
722 414,12 6,32 9,13 6,00 6.519,00 6073
723 414,12 6,32 9,13 6,00 6.528,00 6073
724 414,12 6,32 9,13 6,00 6.537,00 6073
725 414,12 6,32 9,13 6,00 6.546,00 6073
726 414,12 6,32 9,13 6,00 6.555,00 6073
727 414,12 6,32 9,13 6,00 6.564,00 6073
728 414,12 6,32 9,13 6,00 6.573,00 6073
729 414,12 6,32 9,13 6,00 6.582,00 6073
730 414,12 6,32 9,13 6,00 6.591,00 6073
731 414,12 6,32 9,13 6,00 6.600,00 6073
732 414,12 6,32 9,13 6,00 6.609,00 6073
733 414,12 6,32 9,13 6,00 6.618,00 6073
734 414,12 6,32 9,13 6,00 6.627,00 6073
735 414,12 6,32 9,13 6,00 6.636,00 6073
736 414,12 6,32 9,13 6,00 6.645,00 6073
737 414,12 6,32 9,13 6,00 6.654,00 6073
738 414,12 6,32 9,13 6,00 6.663,00 6073
739 414,12 6,32 9,13 6,00 6.672,00 6073
740 414,12 6,32 9,13 6,00 6.681,00 6073
741 414,12 6,32 9,13 6,00 6.690,00 6073
742 414,12 6,32 9,13 6,00 6.699,00 6073
743 414,12 6,32 9,13 6,00 6.708,00 6073
744 414,12 6,32 9,13 6,00 6.717,00 6073
745 414,12 6,32 9,13 6,00 6.726,00 6073
746 414,12 6,32 9,13 6,00 6.735,00 6073
747 414,12 6,32 9,13 6,00 6.744,00 6073
748 414,12 6,32 9,13 6,00 6.753,00 6073
749 414,12 6,32 9,13 6,00 6.762,00 6073
750 414,12 6,32 9,13 1,00 6.771,00 6073
751 414,12 6,32 9,13 1,00 6.780,00 6081
752 414,12 6,32 9,13 1,00 6.789,00 6085
753 414,12 6,32 9,13 1,00 6.798,00 6085
754 414,12 6,32 9,13 1,00 6.807,00 6085
755 414,12 6,32 9,13 1,00 6.816,00 6085
756 414,12 6,32 9,13 1,00 6.825,00 6085
757 414,12 6,32 9,13 1,00 6.834,00 6085
758 414,12 6,32 9,13 1,00 6.843,00 6091
759 414,12 6,32 9,13 1,00 6.852,00 6094
760 414,12 6,32 9,13 1,00 6.861,00 6096
761 414,12 6,32 9,13 1,00 6.870,00 6097
762 414,12 6,32 9,13 1,00 6.879,00 6098
763 414,12 6,32 9,13 1,00 6.888,00 6098
764 414,12 6,32 9,13 1,00 6.897,00 6098
765 414,12 6,32 9,13 1,00 6.906,00 6098
766 414,12 6,32 9,13 1,00 6.915,00 6098
767 414,12 6,32 9,13 1,00 6.924,00 6098
768 414,12 6,32 9,13 1,00 6.933,00 6098
769 414,12 6,32 9,13 1,00 6.942,00 6098
770 414,12 6,32 9,13 1,00 6.951,00 6098
771 414,12 6,32 9,13 1,00 6.960,00 6098
772 414,12 6,32 9,13 1,00 6.969,00 6098
773 414,12 6,32 9,13 1,00 6.978,00 6098
774 414,12 6,32 9,13 1,00 6.987,00 6098
775 414,12 6,32 9,13 1,00 6.996,00 6098
776 414,12 0,06 0,09 1,00 7.005,00 6098
777 414,12 0,06 0,09 1,00 7.014,00 6098
778 414,12 0,06 0,09 1,00 7.023,00 6098
779 414,12 0,06 0,09 1,00 7.032,00 6098
780 414,12 0,06 0,09 99,00 7.041,00 6098
781 414,12 0,06 0,09 99,00 7.050,00 6102
782 414,12 0,06 0,09 99,00 7.059,00 6107
783 414,12 0,06 0,09 99,00 7.068,00 6110
784 414,12 0,06 0,09 99,00 7.077,00 6111
785 414,12 0,06 0,09 99,00 7.086,00 6111
786 414,12 0,06 0,09 99,00 7.095,00 6111
787 414,12 0,06 0,09 99,00 7.104,00 6111
788 414,12 0,06 0,09 99,00 7.113,00 6111
789 414,12 5,76 8,31 99,00 7.122,00 6111
790 414,12 5,76 8,31 99,00 7.131,00 6111
791 414,12 5,76 8,31 99,00 7.140,00 6111
792 414,12 5,76 8,31 99,00 7.149,00 6111
793 414,12 5,76 8,31 99,00 7.158,00 6111
794 414,12 5,76 8,31 99,00 7.167,00 6111
795 414,12 5,76 8,31 99,00 7.176,00 6111
796 414,12 5,76 8,31 99,00 7.185,00 6111
797 414,12 5,76 8,31 99,00 7.194,00 6111
798 414,12 5,76 8,31 99,00 7.203,00 6111
799 414,12 5,76 8,31 99,00 7.212,00 6111
800 414,12 5,76 8,31 99,00 7.221,00 6111
801 414,12 5,76 8,31 99,00 7.230,00 6111
802 414,12 5,76 8,31 99,00 7.239,00 6111
803 414,12 5,76 8,31 99,00 7.248,00 6111
804 414,12 5,76 8,31 99,00 7.257,00 6111
805 414,12 5,76 8,31 99,00 7.266,00 6111
806 414,12 5,76 8,31 99,00 7.275,00 6111
807 414,12 5,63 8,13 99,00 7.284,00 6111
808 414,12 5,63 8,13 99,00 7.293,00 6111
809 414,12 5,61 8,11 99,00 7.302,00 6111
810 414,12 5,61 8,11 3,00 7.311,00 6111
811 414,12 5,61 8,11 3,00 7.320,00 6120
812 414,12 0,17 0,24 3,00 7.329,00 6122
813 414,12 0,17 0,24 3,00 7.338,00 6123
814 414,12 0,17 0,24 3,00 7.347,00 6123
815 414,12 0,17 0,24 3,00 7.356,00 6123
816 414,12 0,17 0,24 3,00 7.365,00 6123
817 414,12 0,17 0,24 3,00 7.374,00 6123
818 414,12 0,17 0,24 3,00 7.383,00 6123
819 414,12 0,17 0,24 3,00 7.392,00 6123
820 414,12 0,17 0,24 3,00 7.401,00 6123
821 414,12 0,17 0,24 3,00 7.410,00 6123
822 414,12 0,17 0,24 3,00 7.419,00 6123
823 414,12 0,17 0,24 3,00 7.428,00 6123
824 414,12 0,17 0,24 3,00 7.437,00 6123
825 414,12 0,17 0,24 3,00 7.446,00 6123
826 414,12 0,17 0,24 3,00 7.455,00 6123
827 414,12 0,17 0,24 3,00 7.464,00 6123
828 414,12 0,17 0,24 3,00 7.473,00 6123
829 414,12 0,17 0,24 3,00 7.482,00 6123
830 414,12 0,17 0,24 3,00 7.491,00 6123
831 414,12 0,17 0,24 3,00 7.500,00 6123
832 414,12 0,17 0,24 3,00 7.509,00 6123
833 414,12 0,17 0,24 3,00 7.518,00 6123
834 414,12 0,17 0,24 3,00 7.527,00 6123
835 414,12 0,17 0,24 3,00 7.536,00 6123
836 414,12 0,17 0,24 3,00 7.545,00 6123
837 414,12 0,17 0,24 3,00 7.554,00 6123
838 414,12 0,17 0,24 3,00 7.563,00 6123
839 414,12 0,17 0,24 3,00 7.572,00 6123
840 414,12 0,17 0,24 101,00 7.581,00 6123
841 414,12 0,17 0,24 101,00 7.590,00 6130
842 414,12 0,17 0,24 101,00 7.599,00 6130
843 414,12 5,50 7,94 101,00 7.608,00 6130
844 414,12 5,49 7,93 101,00 7.617,00 6130
845 414,12 5,49 7,93 101,00 7.626,00 6130
846 414,12 5,49 7,93 101,00 7.635,00 6130
847 414,12 5,49 7,93 101,00 7.644,00 6130
848 414,12 5,49 7,93 101,00 7.653,00 6130
849 414,12 5,49 7,93 101,00 7.662,00 6130
850 414,12 5,49 7,93 101,00 7.671,00 6130
851 414,12 5,49 7,93 101,00 7.680,00 6130
852 414,12 5,49 7,93 101,00 7.689,00 6130
853 414,12 5,49 7,93 101,00 7.698,00 6130
854 414,12 5,49 7,93 101,00 7.707,00 6130
855 414,12 5,49 7,93 101,00 7.716,00 6130
856 414,12 5,49 7,93 101,00 7.725,00 6130
857 414,12 5,49 7,93 101,00 7.734,00 6130
858 414,12 5,49 7,93 101,00 7.743,00 6130
859 414,12 5,49 7,93 101,00 7.752,00 6130
860 414,12 5,49 7,93 101,00 7.761,00 6130
861 414,12 5,49 7,93 101,00 7.770,00 6130
862 414,12 5,38 7,76 101,00 7.779,00 6130
863 414,12 5,38 7,76 101,00 7.788,00 6130
864 414,12 5,36 7,75 101,00 7.797,00 6130
865 414,12 5,36 7,75 101,00 7.806,00 6130
866 414,12 5,36 7,75 101,00 7.815,00 6130
867 414,12 5,36 7,75 101,00 7.824,00 6130
868 414,12 5,36 7,75 101,00 7.833,00 6130
869 414,12 5,36 7,75 101,00 7.842,00 6130
870 414,12 5,36 7,75 5,00 7.851,00 6130
871 414,12 5,36 7,75 5,00 7.860,00 6139
872 414,12 5,36 7,75 5,00 7.869,00 6142
873 414,12 5,36 7,75 5,00 7.878,00 6144
874 414,12 0,26 0,38 5,00 7.887,00 6144
875 414,12 0,26 0,38 5,00 7.896,00 6152
876 414,12 0,26 0,38 5,00 7.905,00 6155
877 414,12 0,26 0,38 5,00 7.914,00 6156
878 414,12 0,26 0,38 5,00 7.923,00 6156
879 414,12 0,26 0,38 5,00 7.932,00 6156
880 414,12 0,26 0,38 5,00 7.941,00 6156
881 414,12 0,26 0,38 5,00 7.950,00 6156
882 414,12 0,26 0,38 5,00 7.959,00 6156
883 414,12 0,26 0,38 5,00 7.968,00 6156
884 414,12 0,26 0,38 5,00 7.977,00 6156
885 414,12 0,26 0,38 5,00 7.986,00 6156
886 414,12 0,26 0,37 5,00 7.995,00 6156
887 414,12 0,26 0,37 5,00 8.004,00 6156
888 414,12 0,26 0,37 5,00 8.013,00 6156
889 414,12 0,26 0,37 5,00 8.022,00 6156
890 414,12 0,26 0,37 5,00 8.031,00 6156
891 414,12 0,26 0,37 5,00 8.040,00 6156
892 414,12 0,26 0,37 5,00 8.049,00 6156
893 414,12 0,26 0,37 5,00 8.058,00 6156
894 414,12 0,26 0,37 5,00 8.067,00 6156
895 414,12 0,26 0,37 5,00 8.076,00 6156
896 414,12 0,26 0,37 5,00 8.085,00 6156
897 414,12 0,26 0,37 5,00 8.094,00 6156
898 414,12 0,26 0,37 5,00 8.103,00 6156
899 414,12 0,26 0,37 5,00 8.112,00 6156
900 414,12 0,26 0,37 99,00 8.121,00 6156
901 414,12 0,26 0,37 99,00 8.130,00 6161
902 414,12 5,04 7,27 99,00 8.139,00 6162
903 414,12 5,04 7,27 99,00 8.148,00 6163
904 414,12 5,04 7,27 99,00 8.157,00 6163
905 414,12 5,04 7,27 99,00 8.166,00 6164
906 414,12 5,02 7,24 99,00 8.175,00 6165
907 414,12 5,02 7,24 99,00 8.184,00 6165
908 414,12 5,02 7,24 99,00 8.193,00 6165
909 414,12 5,02 7,24 99,00 8.202,00 6165
910 414,12 5,02 7,24 99,00 8.211,00 6165
911 414,12 5,02 7,24 99,00 8.220,00 6165
912 414,12 5,02 7,24 99,00 8.229,00 6165
913 414,12 5,02 7,24 99,00 8.238,00 6165
914 414,12 5,02 7,24 99,00 8.247,00 6165
915 414,12 5,02 7,24 99,00 8.256,00 6165
916 414,12 5,02 7,24 99,00 8.265,00 6165
917 414,12 4,96 7,16 99,00 8.274,00 6165
918 414,12 4,96 7,16 99,00 8.283,00 6165
919 414,12 4,96 7,16 99,00 8.292,00 6165
920 414,12 4,96 7,16 99,00 8.301,00 6165
921 414,12 4,96 7,16 99,00 8.310,00 6165
922 414,12 4,96 7,16 99,00 8.319,00 6165
923 414,12 4,96 7,16 99,00 8.328,00 6165
924 414,12 4,96 7,16 99,00 8.337,00 6165
925 414,12 4,96 7,16 99,00 8.346,00 6165
926 414,12 4,91 7,09 99,00 8.355,00 6165
927 414,12 4,91 7,09 99,00 8.364,00 6165
928 414,12 4,91 7,09 99,00 8.373,00 6165
929 414,12 4,91 7,09 99,00 8.382,00 6165
930 414,12 4,91 7,09 7,00 8.391,00 6165
931 414,12 4,91 7,09 7,00 8.400,00 6173
932 414,12 4,91 7,09 7,00 8.409,00 6176
933 414,12 4,91 7,09 7,00 8.418,00 6176
934 414,12 4,91 7,09 7,00 8.427,00 6176
935 414,12 4,91 7,09 7,00 8.436,00 6176
936 414,12 4,91 7,09 7,00 8.445,00 6177
937 414,12 4,91 7,09 7,00 8.454,00 6177
938 414,12 4,91 7,09 7,00 8.463,00 6177
939 414,12 4,91 7,09 7,00 8.472,00 6177
940 414,12 4,91 7,09 7,00 8.481,00 6177
941 414,12 4,91 7,09 7,00 8.490,00 6177
942 414,12 4,91 7,09 7,00 8.499,00 6177
943 414,12 0,34 0,49 7,00 8.508,00 6177
944 414,12 0,34 0,49 7,00 8.517,00 6177
945 414,12 0,34 0,49 7,00 8.526,00 6177
946 414,12 0,34 0,49 7,00 8.535,00 6177
947 414,12 0,34 0,49 7,00 8.544,00 6177
948 414,12 0,34 0,49 7,00 8.553,00 6177
949 414,12 0,34 0,49 7,00 8.562,00 6177
950 414,12 0,34 0,49 7,00 8.571,00 6177
951 414,12 0,34 0,49 7,00 8.580,00 6177
952 414,12 0,34 0,49 7,00 8.589,00 6177
953 414,12 0,34 0,49 7,00 8.598,00 6177
954 414,12 0,34 0,49 7,00 8.607,00 6177
955 414,12 0,34 0,49 7,00 8.616,00 6177
956 414,12 0,34 0,49 7,00 8.625,00 6177
957 414,12 0,34 0,49 7,00 8.634,00 6177
958 414,12 0,34 0,49 7,00 8.643,00 6177
959 414,12 0,34 0,48 7,00 8.652,00 6177
960 414,12 0,34 0,48 101,00 8.661,00 6177
961 414,12 0,34 0,48 101,00 8.670,00 6179
962 414,12 0,34 0,48 101,00 8.679,00 6180
963 414,12 4,81 6,95 101,00 8.688,00 6180
964 414,12 4,81 6,95 101,00 8.697,00 6180
965 414,12 4,81 6,95 101,00 8.706,00 6181
966 414,12 4,81 6,95 101,00 8.715,00 6181
967 414,12 4,81 6,95 101,00 8.724,00 6181
968 414,12 4,81 6,95 101,00 8.733,00 6181
969 414,12 4,81 6,95 101,00 8.742,00 6181
970 414,12 4,81 6,95 101,00 8.751,00 6181
971 414,12 4,81 6,95 101,00 8.760,00 6181
972 414,12 4,77 6,89 101,00 8.769,00 6181
973 414,12 4,77 6,89 101,00 8.778,00 6181
974 414,12 4,77 6,89 101,00 8.787,00 6181
975 414,12 4,77 6,89 101,00 8.796,00 6181
976 414,12 4,77 6,89 101,00 8.805,00 6181
977 414,12 4,77 6,89 101,00 8.814,00 6181
978 414,12 4,77 6,89 101,00 8.823,00 6181
979 414,12 4,74 6,84 101,00 8.832,00 6181
980 414,12 4,74 6,84 101,00 8.841,00 6181
981 414,12 4,74 6,84 101,00 8.850,00 6181
982 414,12 4,74 6,84 101,00 8.859,00 6181
983 414,12 4,74 6,84 101,00 8.868,00 6181
984 414,12 4,71 6,80 101,00 8.877,00 6181
985 414,12 4,71 6,80 101,00 8.886,00 6181
986 414,12 4,71 6,80 101,00 8.895,00 6181
987 414,12 4,71 6,80 101,00 8.904,00 6181
988 414,12 4,71 6,80 101,00 8.913,00 6181
989 414,12 4,71 6,80 101,00 8.922,00 6181
990 414,12 4,71 6,80 7,00 8.931,00 6181
991 414,12 0,32 0,47 7,00 8.940,00 6187
992 414,12 0,32 0,47 7,00 8.949,00 6189
993 414,12 0,32 0,47 7,00 8.958,00 6189
994 414,12 0,32 0,47 7,00 8.967,00 6189
995 414,12 0,32 0,47 7,00 8.976,00 6189
996 414,12 0,32 0,47 7,00 8.985,00 6189
997 414,12 0,32 0,47 7,00 8.994,00 6189
998 414,12 0,32 0,47 7,00 9.003,00 6189
999 414,12 0,32 0,46 7,00 9.012,00 6189
