500
0 384,92 384,92 384,92 1,00 29,00
1 384,92 0,00 0,00 1,00 31,00
2 384,92 769,83 810,01 99,00 44,00
3 384,92 0,00 0,00 1,00 58,00
4 384,92 384,92 306,34 99,00 70,00
5 384,92 0,00 0,00 1,00 84,00
6 384,92 384,92 312,06 99,00 96,00
7 384,92 0,00 0,00 1,00 110,00
8 384,92 0,00 0,00 99,00 112,00
9 384,92 384,92 301,97 197,00 125,00
10 384,92 0,00 0,00 97,00 139,00
11 384,92 384,92 300,00 195,00 151,00
12 384,92 0,00 0,00 95,00 165,00
13 384,92 384,92 318,83 193,00 177,00
14 384,92 0,00 0,00 93,00 191,00
15 384,92 0,00 0,00 191,00 204,00
16 384,92 384,92 314,54 289,00 217,00
17 384,92 0,00 0,00 189,00 231,00
18 384,92 384,92 314,78 287,00 244,00
19 384,92 0,00 0,00 187,00 258,00
20 384,92 384,92 314,51 285,00 271,00
21 384,92 0,00 0,00 185,00 285,00
22 384,92 0,00 0,00 283,00 297,00
23 384,92 384,92 315,55 381,00 310,00
24 384,92 0,00 0,00 281,00 324,00
25 384,92 384,92 315,44 379,00 337,00
26 384,92 0,00 0,00 279,00 351,00
27 384,92 384,92 315,36 377,00 364,00
28 384,92 0,00 0,00 277,00 378,00
29 384,92 0,00 0,00 375,00 389,00
30 384,92 384,92 315,23 473,00 402,00
31 384,92 0,00 0,00 373,00 416,00
32 384,92 384,92 315,67 471,00 429,00
33 384,92 0,00 0,00 371,00 443,00
34 384,92 384,92 316,32 469,00 456,00
35 384,92 0,00 0,00 369,00 470,00
36 384,92 0,00 0,00 467,00 481,00
37 384,92 384,92 316,96 565,00 494,00
38 384,92 0,00 0,00 465,00 508,00
39 384,92 384,92 317,49 563,00 521,00
40 384,92 0,00 0,00 463,00 535,00
41 384,92 384,92 318,20 561,00 548,00
42 384,92 0,00 0,00 461,00 562,00
43 384,92 0,00 0,00 559,00 573,00
44 384,92 384,92 319,26 657,00 586,00
45 384,92 0,00 0,00 557,00 600,00
46 384,92 384,92 319,97 655,00 613,00
47 384,92 0,00 0,00 555,00 627,00
48 384,92 384,92 320,74 653,00 640,00
49 384,92 0,00 0,00 553,00 654,00
50 384,92 0,00 0,00 651,00 665,00
51 384,92 384,92 321,98 749,00 678,00
52 384,92 0,00 0,00 649,00 692,00
53 384,92 384,92 322,80 747,00 705,00
54 384,92 0,00 0,00 647,00 719,00
55 384,92 384,92 323,77 745,00 732,00
56 384,92 0,00 0,00 645,00 746,00
57 384,92 0,00 0,00 743,00 757,00
58 384,92 384,92 325,30 841,00 770,00
59 384,92 0,00 0,00 741,00 784,00
60 384,92 384,92 326,43 839,00 797,00
61 384,92 0,00 0,00 739,00 811,00
62 384,92 384,92 327,59 837,00 824,00
63 384,92 0,00 0,00 737,00 838,00
64 384,92 0,00 0,00 835,00 849,00
65 384,92 384,92 329,43 933,00 862,00
66 384,92 0,00 0,00 833,00 876,00
67 384,92 384,92 330,72 931,00 889,00
68 384,92 0,00 0,00 831,00 903,00
69 384,92 384,92 332,08 929,00 916,00
70 384,92 0,00 0,00 829,00 930,00
71 384,92 0,00 0,00 927,00 941,00
72 384,92 384,92 334,20 1.025,00 954,00
73 384,92 0,00 0,00 925,00 968,00
74 384,92 384,92 335,73 1.023,00 981,00
75 384,92 0,00 0,00 923,00 995,00
76 384,92 384,92 337,30 1.021,00 1.008,00
77 384,92 0,00 0,00 921,00 1.022,00
78 384,92 0,00 0,00 1.019,00 1.033,00
79 384,92 384,92 339,76 1.117,00 1.046,00
80 384,92 0,00 0,00 1.017,00 1.060,00
81 384,92 384,92 341,51 1.115,00 1.073,00
82 384,92 0,00 0,00 1.015,00 1.087,00
83 384,92 384,92 343,29 1.113,00 1.100,00
84 384,92 0,00 0,00 1.013,00 1.114,00
85 384,92 0,00 0,00 1.111,00 1.125,00
86 384,92 384,92 346,05 1.209,00 1.138,00
87 384,92 0,00 0,00 1.109,00 1.152,00
88 384,92 384,92 347,97 1.207,00 1.165,00
89 384,92 0,00 0,00 1.107,00 1.179,00
90 384,92 384,92 349,83 1.205,00 1.192,00
91 384,92 0,00 0,00 1.105,00 1.206,00
92 384,92 0,00 0,00 1.203,00 1.217,00
93 384,92 384,92 352,94 1.301,00 1.230,00
94 384,92 0,00 0,00 1.201,00 1.244,00
95 384,92 384,92 355,08 1.299,00 1.257,00
96 384,92 0,00 0,00 1.199,00 1.271,00
97 384,92 384,92 357,26 1.297,00 1.284,00
98 384,92 0,00 0,00 1.197,00 1.298,00
99 384,92 0,00 0,00 1.295,00 1.309,00
100 384,92 384,92 360,61 1.393,00 1.322,00
101 384,92 0,00 0,00 1.293,00 1.336,00
102 384,92 384,92 362,93 1.391,00 1.349,00
103 384,92 0,00 0,00 1.291,00 1.363,00
104 384,92 384,92 365,30 1.389,00 1.376,00
105 384,92 0,00 0,00 1.289,00 1.390,00
106 384,92 0,00 0,00 1.387,00 1.401,00
107 384,92 384,92 368,97 1.485,00 1.414,00
108 384,92 0,00 0,00 1.385,00 1.428,00
109 384,92 384,92 371,46 1.483,00 1.441,00
110 384,92 0,00 0,00 1.383,00 1.455,00
111 384,92 384,92 374,02 1.481,00 1.468,00
112 384,92 0,00 0,00 1.381,00 1.482,00
113 384,92 0,00 0,00 1.479,00 1.493,00
114 384,92 384,92 377,89 1.577,00 1.506,00
115 384,92 0,00 0,00 1.477,00 1.520,00
116 384,92 384,92 380,67 1.575,00 1.533,00
117 384,92 0,00 0,00 1.475,00 1.547,00
118 384,92 384,92 383,43 1.573,00 1.560,00
119 384,92 0,00 0,00 1.473,00 1.574,00
120 384,92 0,00 0,00 1.571,00 1.585,00
121 384,92 384,92 387,65 1.669,00 1.598,00
122 384,92 0,00 0,00 1.569,00 1.612,00
123 384,92 384,92 390,56 1.667,00 1.625,00
124 384,92 0,00 0,00 1.567,00 1.639,00
125 384,92 384,92 393,51 1.665,00 1.652,00
126 384,92 0,00 0,00 1.565,00 1.666,00
127 384,92 0,00 0,00 1.663,00 1.677,00
128 384,92 384,92 398,08 1.761,00 1.690,00
129 384,92 0,00 0,00 1.661,00 1.704,00
130 384,92 384,92 401,23 1.759,00 1.717,00
131 384,92 0,00 0,00 1.659,00 1.731,00
132 384,92 384,92 404,40 1.757,00 1.744,00
133 384,92 0,00 0,00 1.657,00 1.758,00
134 384,92 0,00 0,00 1.755,00 1.769,00
135 384,92 384,92 409,26 1.853,00 1.782,00
136 384,92 0,00 0,00 1.753,00 1.796,00
137 384,92 384,92 412,52 1.851,00 1.809,00
138 384,92 0,00 0,00 1.751,00 1.823,00
139 384,92 384,92 415,89 1.849,00 1.836,00
140 384,92 0,00 0,00 1.749,00 1.850,00
141 384,92 0,00 0,00 1.847,00 1.861,00
142 384,92 384,92 421,00 1.945,00 1.874,00
143 384,92 0,00 0,00 1.845,00 1.888,00
144 384,92 384,92 424,52 1.943,00 1.901,00
145 384,92 0,00 0,00 1.843,00 1.915,00
146 384,92 384,92 428,09 1.941,00 1.928,00
147 384,92 0,00 0,00 1.841,00 1.942,00
148 384,92 0,00 0,00 1.939,00 1.953,00
149 384,92 384,92 433,57 2.037,00 1.966,00
150 384,92 0,00 0,00 1.937,00 1.980,00
151 384,92 384,92 437,31 2.035,00 1.993,00
152 384,92 0,00 0,00 1.935,00 2.007,00
153 384,92 384,92 441,06 2.033,00 2.020,00
154 384,92 0,00 0,00 1.933,00 2.034,00
155 384,92 0,00 0,00 2.031,00 2.045,00
156 384,92 384,92 446,81 2.129,00 2.058,00
157 384,92 0,00 0,00 2.029,00 2.072,00
158 384,92 384,92 450,71 2.127,00 2.085,00
159 384,92 0,00 0,00 2.027,00 2.099,00
160 384,92 384,92 454,66 2.125,00 2.112,00
161 384,92 0,00 0,00 2.025,00 2.126,00
162 384,92 0,00 0,00 2.123,00 2.137,00
163 384,92 384,92 460,73 2.221,00 2.150,00
164 384,92 0,00 0,00 2.121,00 2.164,00
165 384,92 384,92 464,86 2.219,00 2.177,00
166 384,92 0,00 0,00 2.119,00 2.191,00
167 384,92 384,92 469,02 2.217,00 2.204,00
168 384,92 0,00 0,00 2.117,00 2.218,00
169 384,92 0,00 0,00 2.215,00 2.229,00
170 384,92 384,92 475,31 2.313,00 2.242,00
171 384,92 0,00 0,00 2.213,00 2.256,00
172 384,92 384,92 479,64 2.311,00 2.269,00
173 384,92 0,00 0,00 2.211,00 2.283,00
174 384,92 384,92 483,96 2.309,00 2.296,00
175 384,92 0,00 0,00 2.209,00 2.310,00
176 384,92 0,00 0,00 2.307,00 2.321,00
177 384,92 384,92 490,59 2.405,00 2.334,00
178 384,92 0,00 0,00 2.305,00 2.348,00
179 384,92 384,92 495,12 2.403,00 2.361,00
180 384,92 0,00 0,00 2.303,00 2.375,00
181 384,92 384,92 499,69 2.401,00 2.388,00
182 384,92 0,00 0,00 2.301,00 2.402,00
183 384,92 0,00 0,00 2.399,00 2.413,00
184 384,92 384,92 506,68 2.497,00 2.426,00
185 384,92 0,00 0,00 2.397,00 2.440,00
186 384,92 384,92 511,43 2.495,00 2.453,00
187 384,92 0,00 0,00 2.395,00 2.467,00
188 384,92 384,92 516,20 2.493,00 2.480,00
189 384,92 0,00 0,00 2.393,00 2.494,00
190 384,92 0,00 0,00 2.491,00 2.505,00
191 384,92 384,92 523,46 2.589,00 2.518,00
192 384,92 0,00 0,00 2.489,00 2.532,00
193 384,92 384,92 528,38 2.587,00 2.545,00
194 384,92 0,00 0,00 2.487,00 2.559,00
195 384,92 384,92 533,38 2.585,00 2.572,00
196 384,92 0,00 0,00 2.485,00 2.586,00
197 384,92 0,00 0,00 2.583,00 2.597,00
198 384,92 384,92 540,98 2.681,00 2.610,00
199 384,92 0,00 0,00 2.581,00 2.624,00
200 384,92 384,92 546,11 2.679,00 2.637,00
201 384,92 0,00 0,00 2.579,00 2.651,00
202 384,92 384,92 551,29 2.677,00 2.664,00
203 384,92 0,00 0,00 2.577,00 2.678,00
204 384,92 0,00 0,00 2.675,00 2.689,00
205 384,92 384,92 559,14 2.773,00 2.702,00
206 384,92 0,00 0,00 2.673,00 2.716,00
207 384,92 384,92 564,46 2.771,00 2.729,00
208 384,92 0,00 0,00 2.671,00 2.743,00
209 384,92 384,92 569,80 2.769,00 2.756,00
210 384,92 0,00 0,00 2.669,00 2.770,00
211 384,92 0,00 0,00 2.767,00 2.781,00
212 384,92 384,92 577,97 2.865,00 2.794,00
213 384,92 0,00 0,00 2.765,00 2.808,00
214 384,92 384,92 583,51 2.863,00 2.821,00
215 384,92 0,00 0,00 2.763,00 2.835,00
216 384,92 384,92 589,08 2.861,00 2.848,00
217 384,92 0,00 0,00 2.761,00 2.862,00
218 384,92 0,00 0,00 2.859,00 2.873,00
219 384,92 384,92 597,56 2.957,00 2.886,00
220 384,92 0,00 0,00 2.857,00 2.900,00
221 384,92 384,92 603,31 2.955,00 2.913,00
222 384,92 0,00 0,00 2.855,00 2.927,00
223 384,92 384,92 609,09 2.953,00 2.940,00
224 384,92 0,00 0,00 2.853,00 2.954,00
225 384,92 0,00 0,00 2.951,00 2.965,00
226 384,92 384,92 617,84 3.049,00 2.978,00
227 384,92 0,00 0,00 2.949,00 2.992,00
228 384,92 384,92 623,72 3.047,00 3.005,00
229 384,92 0,00 0,00 2.947,00 3.019,00
230 384,92 384,92 629,70 3.045,00 3.032,00
231 384,92 0,00 0,00 2.945,00 3.046,00
232 384,92 0,00 0,00 3.043,00 3.057,00
233 384,92 384,92 638,81 3.141,00 3.070,00
234 384,92 0,00 0,00 3.041,00 3.084,00
235 384,92 384,92 644,97 3.139,00 3.097,00
236 384,92 0,00 0,00 3.039,00 3.111,00
237 384,92 384,92 651,16 3.137,00 3.124,00
238 384,92 0,00 0,00 3.037,00 3.138,00
239 384,92 0,00 0,00 3.135,00 3.149,00
240 384,92 384,92 660,56 3.233,00 3.162,00
241 384,92 0,00 0,00 3.133,00 3.176,00
242 384,92 384,92 666,91 3.231,00 3.189,00
243 384,92 0,00 0,00 3.131,00 3.203,00
244 384,92 384,92 673,30 3.229,00 3.216,00
245 384,92 0,00 0,00 3.129,00 3.230,00
246 384,92 0,00 0,00 3.227,00 3.241,00
247 384,92 384,92 683,01 3.325,00 3.254,00
248 384,92 0,00 0,00 3.225,00 3.268,00
249 384,92 384,92 689,57 3.323,00 3.281,00
250 384,92 0,00 0,00 3.223,00 3.295,00
251 384,92 384,92 696,16 3.321,00 3.308,00
252 384,92 0,00 0,00 3.221,00 3.322,00
253 384,92 0,00 0,00 3.319,00 3.333,00
254 384,92 384,92 706,15 3.417,00 3.346,00
255 384,92 0,00 0,00 3.317,00 3.360,00
256 384,92 384,92 712,90 3.415,00 3.373,00
257 384,92 0,00 0,00 3.315,00 3.387,00
258 384,92 384,92 719,69 3.413,00 3.400,00
259 384,92 0,00 0,00 3.313,00 3.414,00
260 384,92 0,00 0,00 3.411,00 3.425,00
261 384,92 384,92 729,96 3.509,00 3.438,00
262 384,92 0,00 0,00 3.409,00 3.452,00
263 384,92 384,92 736,90 3.507,00 3.465,00
264 384,92 0,00 0,00 3.407,00 3.479,00
265 384,92 384,92 743,90 3.505,00 3.492,00
266 384,92 0,00 0,00 3.405,00 3.506,00
267 384,92 0,00 0,00 3.503,00 3.517,00
268 384,92 384,92 754,50 3.601,00 3.530,00
269 384,92 0,00 0,00 3.501,00 3.544,00
270 384,92 384,92 761,65 3.599,00 3.557,00
271 384,92 0,00 0,00 3.499,00 3.571,00
272 384,92 384,92 768,84 3.597,00 3.584,00
273 384,92 0,00 0,00 3.497,00 3.598,00
274 384,92 0,00 0,00 3.595,00 3.609,00
275 384,92 384,92 779,70 3.693,00 3.622,00
276 384,92 0,00 0,00 3.593,00 3.636,00
277 384,92 384,92 787,04 3.691,00 3.649,00
278 384,92 0,00 0,00 3.591,00 3.663,00
279 384,92 384,92 794,39 3.689,00 3.676,00
280 384,92 0,00 0,00 3.589,00 3.690,00
281 384,92 0,00 0,00 3.687,00 3.701,00
282 384,92 384,92 805,62 3.785,00 3.714,00
283 384,92 0,00 0,00 3.685,00 3.728,00
284 384,92 384,92 813,18 3.783,00 3.741,00
285 384,92 0,00 0,00 3.683,00 3.755,00
286 384,92 384,92 820,78 3.781,00 3.768,00
287 384,92 0,00 0,00 3.681,00 3.782,00
288 384,92 0,00 0,00 3.779,00 3.793,00
289 384,92 384,92 832,30 3.877,00 3.806,00
290 384,92 0,00 0,00 3.777,00 3.820,00
291 384,92 384,92 840,09 3.875,00 3.833,00
292 384,92 0,00 0,00 3.775,00 3.847,00
293 384,92 384,92 847,91 3.873,00 3.860,00
294 384,92 0,00 0,00 3.773,00 3.874,00
295 384,92 0,00 0,00 3.871,00 3.885,00
296 384,92 384,92 859,71 3.969,00 3.898,00
297 384,92 0,00 0,00 3.869,00 3.912,00
298 384,92 384,92 867,68 3.967,00 3.925,00
299 384,92 0,00 0,00 3.867,00 3.939,00
300 384,92 384,92 875,70 3.965,00 3.952,00
301 384,92 0,00 0,00 3.865,00 3.966,00
302 384,92 0,00 0,00 3.963,00 3.977,00
303 384,92 384,92 887,85 4.061,00 3.990,00
304 384,92 0,00 0,00 3.961,00 4.004,00
305 384,92 384,92 896,03 4.059,00 4.017,00
306 384,92 0,00 0,00 3.959,00 4.031,00
307 384,92 384,92 904,23 4.057,00 4.044,00
308 384,92 0,00 0,00 3.957,00 4.058,00
309 384,92 0,00 0,00 4.055,00 4.069,00
310 384,92 384,92 916,64 4.153,00 4.082,00
311 384,92 0,00 0,00 4.053,00 4.096,00
312 384,92 384,92 925,00 4.151,00 4.109,00
313 384,92 0,00 0,00 4.051,00 4.123,00
314 384,92 384,92 933,41 4.149,00 4.136,00
315 384,92 0,00 0,00 4.049,00 4.150,00
316 384,92 0,00 0,00 4.147,00 4.161,00
317 384,92 384,92 946,16 4.245,00 4.174,00
318 384,92 0,00 0,00 4.145,00 4.188,00
319 384,92 384,92 954,74 4.243,00 4.201,00
320 384,92 0,00 0,00 4.143,00 4.215,00
321 384,92 384,92 963,35 4.241,00 4.228,00
322 384,92 0,00 0,00 4.141,00 4.242,00
323 384,92 0,00 0,00 4.239,00 4.253,00
324 384,92 384,92 976,39 4.337,00 4.266,00
325 384,92 0,00 0,00 4.237,00 4.280,00
326 384,92 384,92 985,16 4.335,00 4.293,00
327 384,92 0,00 0,00 4.235,00 4.307,00
328 384,92 384,92 993,97 4.333,00 4.320,00
329 384,92 0,00 0,00 4.233,00 4.334,00
330 384,92 0,00 0,00 4.331,00 4.345,00
331 384,92 384,92 1.007,29 4.429,00 4.358,00
332 384,92 0,00 0,00 4.329,00 4.372,00
333 384,92 384,92 1.016,27 4.427,00 4.385,00
334 384,92 0,00 0,00 4.327,00 4.399,00
335 384,92 384,92 1.025,30 4.425,00 4.412,00
336 384,92 0,00 0,00 4.325,00 4.426,00
337 384,92 0,00 0,00 4.423,00 4.437,00
338 384,92 384,92 1.038,94 4.521,00 4.450,00
339 384,92 0,00 0,00 4.421,00 4.464,00
340 384,92 384,92 1.048,11 4.519,00 4.477,00
341 384,92 0,00 0,00 4.419,00 4.491,00
342 384,92 384,92 1.057,32 4.517,00 4.504,00
343 384,92 0,00 0,00 4.417,00 4.518,00
344 384,92 0,00 0,00 4.515,00 4.529,00
345 384,92 384,92 1.071,24 4.613,00 4.542,00
346 384,92 0,00 0,00 4.513,00 4.556,00
347 384,92 384,92 1.080,63 4.611,00 4.569,00
348 384,92 0,00 0,00 4.511,00 4.583,00
349 384,92 384,92 1.090,07 4.609,00 4.596,00
350 384,92 0,00 0,00 4.509,00 4.610,00
351 384,92 0,00 0,00 4.607,00 4.621,00
352 384,92 384,92 1.104,33 4.705,00 4.634,00
353 384,92 0,00 0,00 4.605,00 4.648,00
354 384,92 384,92 1.113,91 4.703,00 4.661,00
355 384,92 0,00 0,00 4.603,00 4.675,00
356 384,92 384,92 1.123,55 4.701,00 4.688,00
357 384,92 0,00 0,00 4.601,00 4.702,00
358 384,92 0,00 0,00 4.699,00 4.713,00
359 384,92 384,92 1.138,09 4.797,00 4.726,00
360 384,92 0,00 0,00 4.697,00 4.740,00
361 384,92 384,92 1.147,85 4.795,00 4.753,00
362 384,92 0,00 0,00 4.695,00 4.767,00
363 384,92 384,92 1.157,68 4.793,00 4.780,00
364 384,92 0,00 0,00 4.693,00 4.794,00
365 384,92 0,00 0,00 4.791,00 4.805,00
366 384,92 384,92 1.172,53 4.889,00 4.818,00
367 384,92 0,00 0,00 4.789,00 4.832,00
368 384,92 384,92 1.182,51 4.887,00 4.845,00
369 384,92 0,00 0,00 4.787,00 4.859,00
370 384,92 384,92 1.192,56 4.885,00 4.872,00
371 384,92 0,00 0,00 4.785,00 4.886,00
372 384,92 0,00 0,00 4.883,00 4.897,00
373 384,92 384,92 1.207,70 4.981,00 4.910,00
374 384,92 0,00 0,00 4.881,00 4.924,00
375 384,92 384,92 1.217,90 4.979,00 4.937,00
376 384,92 0,00 0,00 4.879,00 4.951,00
377 384,92 384,92 1.228,11 4.977,00 4.964,00
378 384,92 0,00 0,00 4.877,00 4.978,00
379 384,92 0,00 0,00 4.975,00 4.989,00
380 384,92 384,92 1.243,56 5.073,00 5.002,00
381 384,92 0,00 0,00 4.973,00 5.016,00
382 384,92 384,92 1.253,96 5.071,00 5.029,00
383 384,92 0,00 0,00 4.971,00 5.043,00
384 384,92 384,92 1.264,39 5.069,00 5.056,00
385 384,92 0,00 0,00 4.969,00 5.070,00
386 384,92 0,00 0,00 5.067,00 5.081,00
387 384,92 384,92 1.280,12 5.165,00 5.094,00
388 384,92 0,00 0,00 5.065,00 5.108,00
389 384,92 384,92 1.290,69 5.163,00 5.121,00
390 384,92 0,00 0,00 5.063,00 5.135,00
391 384,92 384,92 1.301,32 5.161,00 5.148,00
392 384,92 0,00 0,00 5.061,00 5.162,00
393 384,92 0,00 0,00 5.159,00 5.173,00
394 384,92 384,92 1.317,37 5.257,00 5.186,00
395 384,92 0,00 0,00 5.157,00 5.200,00
396 384,92 384,92 1.328,14 5.255,00 5.213,00
397 384,92 0,00 0,00 5.155,00 5.227,00
398 384,92 384,92 1.338,96 5.253,00 5.240,00
399 384,92 0,00 0,00 5.153,00 5.254,00
400 384,92 0,00 0,00 5.251,00 5.265,00
401 384,92 384,92 1.355,35 5.349,00 5.278,00
402 384,92 0,00 0,00 5.249,00 5.292,00
403 384,92 384,92 1.366,37 5.347,00 5.305,00
404 384,92 0,00 0,00 5.247,00 5.319,00
405 384,92 384,92 1.377,41 5.345,00 5.332,00
406 384,92 0,00 0,00 5.245,00 5.346,00
407 384,92 0,00 0,00 5.343,00 5.357,00
408 384,92 384,92 1.394,02 5.441,00 5.370,00
409 384,92 0,00 0,00 5.341,00 5.384,00
410 384,92 384,92 1.405,21 5.439,00 5.397,00
411 384,92 0,00 0,00 5.339,00 5.411,00
412 384,92 384,92 1.416,45 5.437,00 5.424,00
413 384,92 0,00 0,00 5.337,00 5.438,00
414 384,92 0,00 0,00 5.435,00 5.449,00
415 384,92 384,92 1.433,40 5.533,00 5.462,00
416 384,92 0,00 0,00 5.433,00 5.476,00
417 384,92 384,92 1.444,82 5.531,00 5.489,00
418 384,92 0,00 0,00 5.431,00 5.503,00
419 384,92 384,92 1.456,26 5.529,00 5.516,00
420 384,92 0,00 0,00 5.429,00 5.530,00
421 384,92 0,00 0,00 5.527,00 5.541,00
422 384,92 384,92 1.473,52 5.625,00 5.554,00
423 384,92 0,00 0,00 5.525,00 5.568,00
424 384,92 384,92 1.485,12 5.623,00 5.581,00
425 384,92 0,00 0,00 5.523,00 5.595,00
426 384,92 384,92 1.496,77 5.621,00 5.608,00
427 384,92 0,00 0,00 5.521,00 5.622,00
428 384,92 0,00 0,00 5.619,00 5.633,00
429 384,92 384,92 1.514,32 5.717,00 5.646,00
430 384,92 0,00 0,00 5.617,00 5.660,00
431 384,92 384,92 1.526,10 5.715,00 5.673,00
432 384,92 0,00 0,00 5.615,00 5.687,00
433 384,92 384,92 1.537,92 5.713,00 5.700,00
434 384,92 0,00 0,00 5.613,00 5.714,00
435 384,92 0,00 0,00 5.711,00 5.725,00
436 384,92 384,92 1.555,79 5.809,00 5.738,00
437 384,92 0,00 0,00 5.709,00 5.752,00
438 384,92 384,92 1.567,78 5.807,00 5.765,00
439 384,92 0,00 0,00 5.707,00 5.779,00
440 384,92 384,92 1.579,80 5.805,00 5.792,00
441 384,92 0,00 0,00 5.705,00 5.806,00
442 384,92 0,00 0,00 5.803,00 5.817,00
443 384,92 384,92 1.597,93 5.901,00 5.830,00
444 384,92 0,00 0,00 5.801,00 5.844,00
445 384,92 384,92 1.610,11 5.899,00 5.857,00
446 384,92 0,00 0,00 5.799,00 5.871,00
447 384,92 384,92 1.622,34 5.897,00 5.884,00
448 384,92 0,00 0,00 5.797,00 5.898,00
449 384,92 0,00 0,00 5.895,00 5.909,00
450 384,92 384,92 1.640,80 5.993,00 5.922,00
451 384,92 0,00 0,00 5.893,00 5.936,00
452 384,92 384,92 1.653,20 5.991,00 5.949,00
453 384,92 0,00 0,00 5.891,00 5.963,00
454 384,92 384,92 1.665,64 5.989,00 5.976,00
455 384,92 0,00 0,00 5.889,00 5.990,00
456 384,92 0,00 0,00 5.987,00 6.001,00
457 384,92 384,92 1.684,40 6.085,00 6.014,00
458 384,92 0,00 0,00 5.985,00 6.028,00
459 384,92 384,92 1.697,00 6.083,00 6.041,00
460 384,92 0,00 0,00 5.983,00 6.055,00
461 384,92 384,92 1.709,64 6.081,00 6.068,00
462 384,92 0,00 0,00 5.981,00 6.082,00
463 384,92 0,00 0,00 6.079,00 6.093,00
464 384,92 384,92 1.728,70 6.177,00 6.106,00
465 384,92 0,00 0,00 6.077,00 6.120,00
466 384,92 384,92 1.741,47 6.175,00 6.133,00
467 384,92 0,00 0,00 6.075,00 6.147,00
468 384,92 384,92 1.754,31 6.173,00 6.160,00
469 384,92 0,00 0,00 6.073,00 6.174,00
470 384,92 0,00 0,00 6.171,00 6.185,00
471 384,92 384,92 1.773,70 6.269,00 6.198,00
472 384,92 0,00 0,00 6.169,00 6.212,00
473 384,92 384,92 1.786,70 6.267,00 6.225,00
474 384,92 0,00 0,00 6.167,00 6.239,00
475 384,92 384,92 1.799,73 6.265,00 6.252,00
476 384,92 0,00 0,00 6.165,00 6.266,00
477 384,92 0,00 0,00 6.263,00 6.277,00
478 384,92 384,92 1.819,37 6.361,00 6.290,00
479 384,92 0,00 0,00 6.261,00 6.304,00
480 384,92 384,92 1.832,55 6.359,00 6.317,00
481 384,92 0,00 0,00 6.259,00 6.331,00
482 384,92 384,92 1.845,76 6.357,00 6.344,00
483 384,92 0,00 0,00 6.257,00 6.358,00
484 384,92 0,00 0,00 6.355,00 6.369,00
485 384,92 384,92 1.865,73 6.453,00 6.382,00
486 384,92 0,00 0,00 6.353,00 6.396,00
487 384,92 384,92 1.879,12 6.451,00 6.409,00
488 384,92 0,00 0,00 6.351,00 6.423,00
489 384,92 384,92 1.892,57 6.449,00 6.436,00
490 384,92 0,00 0,00 6.349,00 6.450,00
491 384,92 0,00 0,00 6.447,00 6.461,00
492 384,92 384,92 1.912,82 6.545,00 6.474,00
493 384,92 0,00 0,00 6.445,00 6.488,00
494 384,92 384,92 1.926,42 6.543,00 6.501,00
495 384,92 0,00 0,00 6.443,00 6.515,00
496 384,92 384,92 1.940,05 6.541,00 6.528,00
497 384,92 0,00 0,00 6.441,00 6.542,00
498 384,92 0,00 0,00 6.539,00 6.553,00
499 384,92 384,92 1.960,60 6.637,00 6.566,00
