500
0 133,75 133,75 133,75 3,00 97,00 0 1
1 133,75 133,75 133,75 3,00 89,00 2034 1
2 133,75 133,75 13,66 1,00 68,00 5373 1
3 133,75 133,75 7,86 3,00 44,00 8224 1
4 133,75 133,75 9,91 1,00 25,00 10634 1
5 133,75 133,75 12,56 1,00 11,00 12916 1
6 133,75 133,75 12,35 3,00 1,00 15418 1
7 133,75 133,75 16,88 1,00 4,00 17536 1
8 133,75 133,75 18,18 1,00 1,00 19639 1
9 133,75 133,75 19,34 1,00 1,00 21808 1
10 133,75 133,75 25,67 1,00 1,00 23907 1
11 133,75 133,75 38,97 1,00 1,00 25930 1
12 133,75 133,75 28,62 1,00 1,00 27892 1
13 133,75 133,75 21,05 1,00 1,00 29850 1
14 133,75 133,75 36,41 1,00 1,00 31599 1
15 133,75 133,75 15,66 2,00 1,00 33497 1
16 133,75 133,75 45,42 1,00 4,00 35789 1
17 133,75 133,75 31,70 1,00 1,00 37955 1
18 133,75 133,75 35,34 2,00 1,00 39952 1
19 133,75 133,75 41,56 1,00 4,00 41766 1
20 133,75 133,75 54,31 1,00 1,00 43660 1
21 133,75 133,75 46,70 1,00 1,00 45373 1
22 133,75 133,75 30,98 1,00 1,00 47124 1
23 133,75 133,75 47,94 1,00 1,00 48807 1
24 133,75 133,75 56,55 1,00 1,00 50463 1
25 133,75 133,75 41,71 1,00 1,00 52047 1
26 133,75 133,75 45,60 1,00 1,00 53795 1
27 133,75 133,75 37,09 1,00 1,00 55520 1
28 133,75 133,75 33,34 2,00 1,00 57190 1
29 133,75 66,88 21,57 2,00 4,00 58778 1
30 133,75 66,88 23,13 1,00 4,00 60394 1
31 133,75 66,88 28,96 2,00 1,00 62105 1
32 133,75 66,88 22,36 2,00 4,00 63934 1
33 133,75 66,88 21,63 1,00 4,00 65556 1
34 133,75 66,88 23,90 2,00 1,00 67081 1
35 133,75 66,88 25,17 1,00 4,00 68549 1
36 133,75 66,88 24,89 1,00 1,00 69881 1
37 133,75 66,88 28,30 1,00 1,00 71145 1
38 133,75 66,88 24,87 1,00 1,00 72579 1
39 133,75 133,75 49,02 1,00 1,00 74208 1
40 133,75 133,75 46,90 1,00 1,00 75718 1
41 133,75 133,75 36,06 1,00 1,00 77166 1
42 133,75 133,75 48,83 1,00 1,00 78878 1
43 133,75 133,75 46,17 1,00 1,00 80555 1
44 133,75 133,75 46,32 1,00 1,00 81773 1
45 133,75 133,75 49,23 1,00 1,00 83109 1
46 133,75 133,75 49,24 1,00 1,00 84434 1
47 133,75 133,75 45,86 1,00 1,00 85600 1
48 133,75 133,75 47,74 1,00 1,00 87143 1
49 133,75 133,75 45,61 1,00 1,00 88485 1
50 133,75 133,75 45,23 1,00 1,00 89667 1
51 133,75 133,75 58,05 1,00 1,00 91101 1
52 133,75 133,75 56,47 1,00 1,00 92490 1
53 133,75 133,75 56,77 1,00 1,00 93718 1
54 133,75 133,75 56,18 1,00 1,00 94913 1
55 133,75 133,75 56,62 1,00 1,00 96246 1
56 133,75 133,75 56,82 1,00 1,00 97603 1
57 133,75 133,75 57,23 1,00 1,00 98885 1
58 133,75 133,75 60,80 1,00 1,00 100402 1
59 133,75 133,75 60,69 1,00 1,00 101741 1
60 133,75 133,75 58,51 1,00 1,00 103074 1
61 133,75 133,75 59,39 1,00 1,00 104418 1
62 133,75 133,75 59,63 1,00 1,00 105536 1
63 133,75 133,75 55,57 1,00 1,00 106810 1
64 133,75 133,75 61,77 1,00 1,00 108412 1
65 133,75 133,75 61,98 1,00 1,00 110148 1
66 133,75 133,75 60,57 1,00 1,00 111691 1
67 133,75 133,75 54,57 1,00 1,00 113010 1
68 133,75 133,75 52,10 1,00 1,00 114244 1
69 133,75 133,75 57,32 1,00 1,00 115821 1
70 133,75 133,75 56,21 1,00 1,00 117266 1
71 133,75 133,75 52,30 1,00 1,00 118561 1
72 133,75 133,75 53,78 1,00 1,00 120013 1
73 133,75 133,75 57,54 1,00 1,00 121298 1
74 133,75 133,75 54,44 1,00 1,00 122549 1
75 133,75 133,75 54,66 1,00 1,00 123751 1
76 133,75 133,75 52,36 1,00 1,00 124905 1
77 133,75 133,75 52,45 1,00 1,00 125986 1
78 133,75 133,75 54,63 1,00 1,00 127318 1
79 133,75 133,75 52,18 1,00 1,00 128543 1
80 133,75 133,75 51,65 1,00 1,00 130074 1
81 133,75 133,75 55,24 1,00 1,00 131439 1
82 133,75 133,75 78,28 1,00 1,00 132580 1
83 133,75 133,75 63,62 1,00 1,00 133739 1
84 133,75 133,75 63,09 1,00 1,00 134818 1
85 133,75 133,75 67,11 1,00 1,00 135948 1
86 133,75 133,75 65,52 1,00 1,00 136970 1
87 133,75 133,75 62,63 1,00 1,00 138018 1
88 133,75 133,75 70,35 1,00 1,00 139066 1
89 133,75 133,75 68,26 1,00 1,00 139999 1
90 133,75 133,75 67,71 1,00 1,00 141020 1
91 133,75 133,75 63,76 1,00 1,00 142167 1
92 133,75 133,75 66,19 1,00 1,00 143191 1
93 133,75 133,75 64,80 1,00 1,00 144073 1
94 133,75 133,75 66,14 1,00 1,00 145023 1
95 133,75 133,75 64,72 1,00 1,00 146050 1
96 133,75 133,75 66,56 1,00 1,00 147033 1
97 133,75 133,75 66,92 1,00 1,00 148185 1
98 133,75 133,75 63,70 1,00 1,00 149496 1
99 133,75 133,75 61,49 1,00 1,00 150789 1
100 133,75 133,75 62,54 1,00 1,00 151913 1
101 133,75 133,75 64,72 1,00 1,00 152923 1
102 133,75 133,75 63,28 1,00 1,00 154100 1
103 133,75 133,75 64,04 1,00 1,00 155304 1
104 133,75 133,75 63,42 1,00 1,00 156501 1
105 133,75 133,75 69,85 1,00 1,00 157770 1
106 133,75 133,75 66,96 1,00 1,00 159019 1
107 133,75 133,75 69,97 1,00 1,00 160099 1
108 133,75 133,75 67,72 1,00 1,00 161070 1
109 133,75 133,75 66,21 1,00 1,00 161897 1
110 133,75 133,75 66,19 1,00 1,00 162626 1
111 133,75 133,75 63,81 1,00 1,00 163252 1
112 133,75 133,75 67,00 1,00 1,00 163915 1
113 133,75 133,75 65,38 1,00 1,00 164484 1
114 133,75 133,75 65,40 1,00 1,00 165028 1
115 133,75 133,75 62,56 1,00 1,00 165663 1
116 133,75 133,75 62,80 1,00 1,00 166330 1
117 133,75 133,75 62,81 1,00 1,00 166906 1
118 133,75 133,75 62,43 1,00 1,00 167421 1
119 133,75 133,75 61,72 1,00 1,00 168035 1
120 133,75 133,75 62,22 1,00 1,00 168861 1
121 133,75 133,75 60,73 1,00 1,00 169578 1
122 133,75 133,75 60,65 1,00 1,00 170224 1
123 133,75 133,75 61,28 1,00 1,00 170893 1
124 133,75 133,75 62,34 1,00 1,00 171582 1
125 133,75 133,75 65,09 1,00 1,00 172216 1
126 133,75 133,75 68,95 1,00 1,00 172756 1
127 133,75 133,75 65,46 1,00 1,00 173305 1
128 133,75 133,75 65,43 1,00 1,00 173840 1
129 133,75 133,75 63,26 1,00 1,00 174427 1
130 133,75 133,75 62,83 1,00 1,00 175026 1
131 133,75 133,75 62,48 1,00 1,00 175704 1
132 133,75 133,75 61,76 1,00 1,00 176270 1
133 133,75 133,75 61,83 1,00 1,00 176881 1
134 133,75 133,75 61,04 1,00 1,00 177431 1
135 133,75 133,75 60,92 1,00 1,00 178005 1
136 133,75 133,75 60,91 1,00 1,00 178566 1
137 133,75 133,75 59,91 1,00 1,00 179265 1
138 133,75 133,75 62,29 1,00 1,00 179894 1
139 133,75 133,75 62,77 1,00 1,00 180482 1
140 133,75 133,75 62,27 1,00 1,00 181063 1
141 133,75 133,75 60,62 1,00 1,00 181637 1
142 133,75 133,75 60,23 1,00 1,00 182152 1
143 133,75 133,75 58,97 1,00 1,00 182626 1
144 133,75 133,75 58,88 1,00 1,00 183097 1
145 133,75 133,75 58,30 1,00 1,00 183576 1
146 133,75 133,75 58,32 1,00 1,00 184032 1
147 133,75 133,75 58,27 1,00 1,00 184511 1
148 133,75 133,75 59,12 1,00 1,00 184974 1
149 133,75 133,75 59,40 1,00 1,00 185531 1
150 133,75 133,75 58,55 1,00 1,00 186058 1
151 133,75 133,75 58,90 1,00 1,00 186631 1
152 133,75 133,75 59,75 1,00 1,00 187173 1
153 133,75 133,75 60,57 1,00 1,00 187653 1
154 133,75 133,75 61,25 1,00 1,00 188087 1
155 133,75 133,75 61,25 1,00 1,00 188478 1
156 133,75 133,75 62,09 1,00 1,00 188781 1
157 133,75 133,75 62,03 1,00 1,00 189113 1
158 133,75 133,75 63,12 1,00 1,00 189431 1
159 133,75 133,75 62,58 1,00 1,00 189747 1
160 133,75 133,75 62,92 1,00 1,00 190001 1
161 133,75 133,75 62,32 1,00 1,00 190235 1
162 133,75 133,75 61,09 1,00 1,00 190426 1
163 133,75 133,75 62,60 1,00 1,00 190604 1
164 133,75 133,75 62,76 1,00 1,00 190779 1
165 133,75 133,75 62,48 1,00 1,00 191045 1
166 133,75 133,75 62,51 1,00 1,00 191280 1
167 133,75 133,75 62,74 1,00 1,00 191593 1
168 133,75 133,75 63,42 1,00 1,00 192025 1
169 133,75 133,75 64,19 1,00 1,00 192568 1
170 133,75 133,75 62,97 1,00 1,00 193073 1
171 133,75 133,75 63,65 1,00 1,00 193588 1
172 133,75 133,75 63,23 1,00 1,00 194218 1
173 133,75 133,75 65,40 1,00 1,00 194884 1
174 133,75 133,75 65,10 1,00 1,00 195676 1
175 133,75 133,75 65,88 1,00 1,00 196337 1
176 133,75 133,75 63,89 1,00 1,00 196899 1
177 133,75 133,75 64,60 1,00 1,00 197325 1
178 133,75 133,75 63,64 1,00 1,00 197802 1
179 133,75 133,75 62,56 1,00 1,00 198275 1
180 133,75 133,75 61,92 1,00 1,00 198921 1
181 133,75 133,75 63,10 1,00 1,00 199549 1
182 133,75 133,75 62,87 1,00 1,00 200208 1
183 133,75 133,75 62,70 1,00 1,00 201052 1
184 133,75 133,75 62,13 1,00 1,00 201970 1
185 133,75 133,75 62,10 1,00 1,00 202680 1
186 133,75 133,75 62,13 1,00 1,00 203342 1
187 133,75 133,75 60,51 1,00 1,00 203905 1
188 133,75 133,75 60,87 1,00 1,00 204414 1
189 133,75 133,75 61,08 1,00 1,00 205267 1
190 133,75 133,75 61,59 1,00 1,00 206148 1
191 133,75 133,75 61,56 1,00 1,00 207071 1
192 133,75 133,75 61,59 1,00 1,00 207853 1
193 133,75 133,75 64,01 1,00 1,00 208707 1
194 133,75 133,75 64,54 1,00 1,00 209442 1
195 133,75 133,75 61,78 1,00 1,00 210092 1
196 133,75 133,75 66,77 1,00 1,00 210836 1
197 133,75 133,75 62,15 1,00 1,00 211520 1
198 133,75 133,75 66,39 1,00 1,00 212143 1
199 133,75 133,75 61,77 1,00 1,00 212798 1
200 133,75 133,75 62,34 1,00 1,00 213398 1
201 133,75 133,75 61,65 1,00 1,00 213972 1
202 133,75 133,75 62,43 1,00 1,00 214446 1
203 133,75 133,75 62,56 1,00 1,00 214886 1
204 133,75 133,75 61,67 1,00 1,00 215331 1
205 133,75 133,75 62,45 1,00 1,00 215711 1
206 133,75 133,75 63,26 1,00 1,00 216069 1
207 133,75 133,75 62,97 1,00 1,00 216426 1
208 133,75 133,75 62,16 1,00 1,00 216691 1
209 133,75 133,75 61,54 1,00 1,00 216851 1
210 133,75 133,75 62,89 1,00 1,00 217021 1
211 133,75 133,75 63,23 1,00 1,00 217235 1
212 133,75 133,75 63,20 1,00 1,00 217428 1
213 133,75 133,75 63,04 1,00 1,00 217613 1
214 133,75 133,75 63,41 1,00 1,00 217786 1
215 133,75 133,75 62,87 1,00 1,00 218014 1
216 133,75 133,75 63,52 1,00 1,00 218241 1
217 133,75 133,75 63,03 1,00 1,00 218632 1
218 133,75 133,75 61,96 1,00 1,00 219065 1
219 133,75 133,75 61,91 1,00 1,00 219510 1
220 133,75 133,75 62,29 1,00 1,00 219834 1
221 133,75 133,75 63,06 1,00 1,00 220118 1
222 133,75 133,75 62,66 1,00 1,00 220457 1
223 133,75 133,75 62,29 1,00 1,00 220780 1
224 133,75 133,75 61,84 1,00 1,00 221084 1
225 133,75 133,75 62,32 1,00 1,00 221368 1
226 133,75 133,75 61,99 1,00 1,00 221678 1
227 133,75 133,75 62,49 1,00 1,00 222006 1
228 133,75 133,75 62,77 1,00 1,00 222403 1
229 133,75 133,75 62,15 1,00 1,00 222737 1
230 133,75 133,75 62,09 1,00 1,00 223035 1
231 133,75 133,75 62,13 1,00 1,00 223321 1
232 133,75 133,75 62,11 1,00 1,00 223592 1
233 133,75 133,75 62,04 1,00 1,00 223825 1
234 133,75 133,75 62,07 1,00 1,00 224068 1
235 133,75 133,75 62,08 1,00 1,00 224238 1
236 133,75 133,75 62,07 1,00 1,00 224458 1
237 133,75 133,75 62,05 1,00 1,00 224715 1
238 133,75 133,75 62,00 1,00 1,00 224963 1
239 133,75 133,75 62,01 1,00 1,00 225171 1
240 133,75 133,75 62,02 1,00 1,00 225419 1
241 133,75 133,75 62,01 1,00 1,00 225651 1
242 133,75 133,75 62,01 1,00 1,00 225874 1
243 133,75 133,75 61,98 1,00 1,00 226049 1
244 133,75 133,75 61,97 1,00 1,00 226240 1
245 133,75 133,75 61,95 1,00 1,00 226509 1
246 133,75 133,75 61,93 1,00 1,00 226809 1
247 133,75 133,75 61,90 1,00 1,00 227215 1
248 133,75 133,75 62,37 1,00 1,00 227639 1
249 133,75 133,75 61,95 1,00 1,00 228105 1
250 133,75 133,75 62,31 1,00 1,00 228636 1
251 133,75 133,75 62,09 1,00 1,00 229213 1
252 133,75 133,75 61,91 1,00 1,00 229674 1
253 133,75 133,75 62,00 1,00 1,00 230044 1
254 133,75 133,75 61,40 1,00 1,00 230450 1
255 133,75 133,75 61,80 1,00 1,00 230803 1
256 133,75 133,75 61,71 1,00 1,00 231184 1
257 133,75 133,75 61,55 1,00 1,00 231585 1
258 133,75 133,75 61,55 1,00 1,00 232098 1
259 133,75 133,75 61,83 1,00 1,00 232617 1
260 133,75 133,75 61,30 1,00 1,00 233264 1
261 133,75 133,75 60,93 1,00 1,00 233979 1
262 133,75 133,75 62,33 1,00 1,00 234613 1
263 133,75 133,75 61,62 1,00 1,00 235212 1
264 133,75 133,75 61,81 1,00 1,00 235817 1
265 133,75 133,75 62,06 1,00 1,00 236398 1
266 133,75 133,75 61,89 1,00 1,00 236895 1
267 133,75 133,75 61,72 1,00 1,00 237510 1
268 133,75 133,75 61,97 1,00 1,00 238092 1
269 133,75 133,75 61,50 1,00 1,00 238725 1
270 133,75 133,75 64,11 1,00 1,00 239224 1
271 133,75 133,75 65,69 1,00 1,00 239797 1
272 133,75 133,75 61,65 1,00 1,00 240308 1
273 133,75 133,75 61,13 1,00 1,00 240800 1
274 133,75 133,75 60,51 1,00 1,00 241319 1
275 133,75 133,75 59,99 1,00 1,00 241758 1
276 133,75 133,75 59,50 1,00 1,00 242166 1
277 133,75 133,75 59,60 1,00 1,00 242581 1
278 133,75 133,75 59,07 1,00 1,00 242909 1
279 133,75 133,75 58,85 1,00 1,00 243219 1
280 133,75 133,75 58,40 1,00 1,00 243464 1
281 133,75 133,75 58,36 1,00 1,00 243676 1
282 133,75 133,75 58,57 1,00 1,00 243930 1
283 133,75 133,75 58,55 1,00 1,00 244170 1
284 133,75 133,75 58,51 1,00 1,00 244381 1
285 133,75 133,75 58,48 1,00 1,00 244581 1
286 133,75 133,75 58,58 1,00 1,00 244881 1
287 133,75 133,75 59,19 1,00 1,00 245197 1
288 133,75 133,75 59,98 1,00 1,00 245608 1
289 133,75 133,75 60,83 1,00 1,00 246088 1
290 133,75 133,75 60,30 1,00 1,00 246639 1
291 133,75 133,75 61,46 1,00 1,00 247156 1
292 133,75 133,75 60,81 1,00 1,00 247714 1
293 133,75 133,75 60,63 1,00 1,00 248241 1
294 133,75 133,75 60,78 1,00 1,00 248810 1
295 133,75 133,75 60,69 1,00 1,00 249419 1
296 133,75 133,75 60,81 1,00 1,00 250007 1
297 133,75 133,75 60,57 1,00 1,00 250497 1
298 133,75 133,75 61,06 1,00 1,00 250954 1
299 133,75 133,75 60,67 1,00 1,00 251457 1
300 133,75 133,75 61,23 1,00 1,00 251857 1
301 133,75 133,75 60,89 1,00 1,00 252267 1
302 133,75 133,75 60,94 1,00 1,00 252574 1
303 133,75 133,75 61,06 1,00 1,00 252830 1
304 133,75 133,75 60,41 1,00 1,00 253107 1
305 133,75 133,75 60,79 1,00 1,00 253377 1
306 133,75 133,75 60,88 1,00 1,00 253614 1
307 133,75 133,75 60,93 1,00 1,00 253802 1
308 133,75 133,75 61,40 1,00 1,00 254049 1
309 133,75 133,75 61,28 1,00 1,00 254401 1
310 133,75 133,75 61,33 1,00 1,00 254778 1
311 133,75 133,75 61,64 1,00 1,00 255271 1
312 133,75 133,75 61,32 1,00 1,00 255757 1
313 133,75 133,75 61,22 1,00 1,00 256168 1
314 133,75 133,75 61,15 1,00 1,00 256672 1
315 133,75 133,75 61,50 1,00 1,00 257185 1
316 133,75 133,75 63,09 1,00 1,00 257712 1
317 133,75 133,75 61,78 1,00 1,00 258122 1
318 133,75 133,75 61,10 1,00 1,00 258667 1
319 133,75 133,75 61,14 1,00 1,00 259142 1
320 133,75 133,75 61,10 1,00 1,00 259646 1
321 133,75 133,75 61,37 1,00 1,00 260162 1
322 133,75 133,75 61,18 1,00 1,00 260676 1
323 133,75 133,75 61,42 1,00 1,00 261138 1
324 133,75 133,75 61,34 1,00 1,00 261651 1
325 133,75 133,75 61,08 1,00 1,00 262097 1
326 133,75 133,75 60,92 1,00 1,00 262489 1
327 133,75 133,75 61,04 1,00 1,00 262843 1
328 133,75 133,75 61,17 1,00 1,00 263159 1
329 133,75 133,75 61,20 1,00 1,00 263421 1
330 133,75 133,75 61,28 1,00 1,00 263619 1
331 133,75 133,75 61,29 1,00 1,00 263843 1
332 133,75 133,75 61,50 1,00 1,00 264118 1
333 133,75 133,75 61,60 1,00 1,00 264399 1
334 133,75 133,75 61,39 1,00 1,00 264633 1
335 133,75 133,75 61,45 1,00 1,00 264897 1
336 133,75 133,75 61,46 1,00 1,00 265071 1
337 133,75 133,75 61,42 1,00 1,00 265325 1
338 133,75 133,75 61,68 1,00 1,00 265624 1
339 133,75 133,75 61,40 1,00 1,00 265881 1
340 133,75 133,75 61,41 1,00 1,00 266159 1
341 133,75 133,75 61,57 1,00 1,00 266407 1
342 133,75 133,75 61,38 1,00 1,00 266608 1
343 133,75 133,75 61,36 1,00 1,00 266826 1
344 133,75 133,75 61,41 1,00 1,00 267021 1
345 133,75 133,75 61,37 1,00 1,00 267267 1
346 133,75 133,75 61,37 1,00 1,00 267522 1
347 133,75 133,75 61,33 1,00 1,00 267800 1
348 133,75 133,75 61,32 1,00 1,00 267983 1
349 133,75 133,75 61,35 1,00 1,00 268149 1
350 133,75 133,75 61,30 1,00 1,00 268298 1
351 133,75 133,75 61,34 1,00 1,00 268420 1
352 133,75 133,75 61,32 1,00 1,00 268528 1
353 133,75 133,75 61,31 1,00 1,00 268604 1
354 133,75 133,75 61,29 1,00 1,00 268675 1
355 133,75 133,75 61,28 1,00 1,00 268771 1
356 133,75 133,75 61,25 1,00 1,00 268866 1
357 133,75 133,75 61,24 1,00 1,00 268992 1
358 133,75 133,75 61,27 1,00 1,00 269085 1
359 133,75 133,75 61,25 1,00 1,00 269183 1
360 133,75 133,75 61,26 1,00 1,00 269292 1
361 133,75 133,75 61,29 1,00 1,00 269492 1
362 133,75 133,75 61,27 1,00 1,00 269676 1
363 133,75 133,75 61,29 1,00 1,00 269862 1
364 133,75 133,75 61,30 1,00 1,00 270024 1
365 133,75 133,75 61,26 1,00 1,00 270194 1
366 133,75 133,75 61,31 1,00 1,00 270340 1
367 133,75 133,75 61,27 1,00 1,00 270507 1
368 133,75 133,75 61,31 1,00 1,00 270654 1
369 133,75 133,75 61,30 1,00 1,00 270777 1
370 133,75 133,75 61,31 1,00 1,00 270904 1
371 133,75 133,75 61,30 1,00 1,00 271036 1
372 133,75 133,75 61,29 1,00 1,00 271172 1
373 133,75 133,75 61,31 1,00 1,00 271283 1
374 133,75 133,75 61,30 1,00 1,00 271382 1
375 133,75 133,75 61,31 1,00 1,00 271457 1
376 133,75 133,75 61,31 1,00 1,00 271539 1
377 133,75 133,75 61,30 1,00 1,00 271646 1
378 133,75 133,75 61,31 1,00 1,00 271773 1
379 133,75 133,75 61,31 1,00 1,00 271893 1
380 133,75 133,75 61,30 1,00 1,00 272037 1
381 133,75 133,75 61,30 1,00 1,00 272202 1
382 133,75 133,75 61,30 1,00 1,00 272338 1
383 133,75 133,75 61,30 1,00 1,00 272459 1
384 133,75 133,75 61,29 1,00 1,00 272592 1
385 133,75 133,75 61,30 1,00 1,00 272715 1
386 133,75 133,75 61,30 1,00 1,00 272819 1
387 133,75 133,75 61,31 1,00 1,00 272909 1
388 133,75 133,75 61,31 1,00 1,00 272984 1
389 133,75 133,75 61,31 1,00 1,00 273060 1
390 133,75 133,75 61,31 1,00 1,00 273130 1
391 133,75 133,75 61,31 1,00 1,00 273200 1
392 133,75 133,75 61,31 1,00 1,00 273255 1
393 133,75 133,75 61,31 1,00 1,00 273325 1
394 133,75 133,75 61,31 1,00 1,00 273396 1
395 133,75 133,75 61,31 1,00 1,00 273468 1
396 133,75 133,75 61,31 1,00 1,00 273534 1
397 133,75 133,75 61,31 1,00 1,00 273607 1
398 133,75 133,75 61,31 1,00 1,00 273669 1
399 133,75 133,75 61,31 1,00 1,00 273741 1
400 133,75 133,75 61,31 1,00 1,00 273814 1
401 133,75 133,75 61,31 1,00 1,00 273888 1
402 133,75 133,75 61,31 1,00 1,00 273977 1
403 133,75 133,75 61,31 1,00 1,00 274059 1
404 133,75 133,75 61,31 1,00 1,00 274169 1
405 133,75 133,75 61,31 1,00 1,00 274272 1
406 133,75 133,75 61,30 1,00 1,00 274391 1
407 133,75 133,75 61,30 1,00 1,00 274514 1
408 133,75 133,75 61,31 1,00 1,00 274605 1
409 133,75 133,75 61,31 1,00 1,00 274690 1
410 133,75 133,75 61,31 1,00 1,00 274777 1
411 133,75 133,75 61,31 1,00 1,00 274881 1
412 133,75 133,75 61,31 1,00 1,00 274988 1
413 133,75 133,75 61,31 1,00 1,00 275096 1
414 133,75 133,75 61,30 1,00 1,00 275203 1
415 133,75 133,75 61,30 1,00 1,00 275294 1
416 133,75 133,75 61,30 1,00 1,00 275366 1
417 133,75 133,75 61,29 1,00 1,00 275439 1
418 133,75 133,75 61,29 1,00 1,00 275506 1
419 133,75 133,75 61,30 1,00 1,00 275568 1
420 133,75 133,75 61,29 1,00 1,00 275608 1
421 133,75 133,75 61,29 1,00 1,00 275655 1
422 133,75 133,75 61,29 1,00 1,00 275694 1
423 133,75 133,75 61,30 1,00 1,00 275738 1
424 133,75 133,75 61,30 1,00 1,00 275786 1
425 133,75 133,75 61,31 1,00 1,00 275834 1
426 133,75 133,75 61,31 1,00 1,00 275905 1
427 133,75 133,75 61,31 1,00 1,00 275978 1
428 133,75 133,75 61,31 1,00 1,00 276040 1
429 133,75 133,75 61,31 1,00 1,00 276089 1
430 133,75 133,75 61,31 1,00 1,00 276136 1
431 133,75 133,75 61,31 1,00 1,00 276202 1
432 133,75 133,75 61,31 1,00 1,00 276263 1
433 133,75 133,75 61,31 1,00 1,00 276339 1
434 133,75 133,75 61,30 1,00 1,00 276430 1
435 133,75 133,75 61,30 1,00 1,00 276471 1
436 133,75 133,75 61,31 1,00 1,00 276551 1
437 133,75 133,75 61,31 1,00 1,00 276623 1
438 133,75 133,75 61,31 1,00 1,00 276703 1
439 133,75 133,75 61,31 1,00 1,00 276776 1
440 133,75 133,75 61,31 1,00 1,00 276831 1
441 133,75 133,75 61,31 1,00 1,00 276912 1
442 133,75 133,75 61,31 1,00 1,00 276981 1
443 133,75 133,75 61,31 1,00 1,00 277029 1
444 133,75 133,75 61,31 1,00 1,00 277094 1
445 133,75 133,75 61,31 1,00 1,00 277155 1
446 133,75 133,75 61,31 1,00 1,00 277209 1
447 133,75 133,75 61,31 1,00 1,00 277276 1
448 133,75 133,75 61,31 1,00 1,00 277346 1
449 133,75 133,75 61,31 1,00 1,00 277419 1
450 133,75 133,75 61,31 1,00 1,00 277480 1
451 133,75 133,75 61,31 1,00 1,00 277546 1
452 133,75 133,75 61,31 1,00 1,00 277633 1
453 133,75 133,75 61,31 1,00 1,00 277699 1
454 133,75 133,75 61,31 1,00 1,00 277753 1
455 133,75 133,75 61,31 1,00 1,00 277794 1
456 133,75 133,75 61,31 1,00 1,00 277831 1
457 133,75 133,75 61,31 1,00 1,00 277866 1
458 133,75 133,75 61,31 1,00 1,00 277907 1
459 133,75 133,75 61,31 1,00 1,00 277956 1
460 133,75 133,75 61,31 1,00 1,00 278010 1
461 133,75 133,75 61,31 1,00 1,00 278052 1
462 133,75 133,75 61,31 1,00 1,00 278092 1
463 133,75 133,75 61,31 1,00 1,00 278136 1
464 133,75 133,75 61,31 1,00 1,00 278171 1
465 133,75 133,75 61,31 1,00 1,00 278215 1
466 133,75 133,75 61,31 1,00 1,00 278256 1
467 133,75 133,75 61,31 1,00 1,00 278310 1
468 133,75 133,75 61,31 1,00 1,00 278372 1
469 133,75 133,75 61,31 1,00 1,00 278422 1
470 133,75 133,75 61,31 1,00 1,00 278480 1
471 133,75 133,75 61,31 1,00 1,00 278532 1
472 133,75 133,75 61,31 1,00 1,00 278583 1
473 133,75 133,75 61,31 1,00 1,00 278628 1
474 133,75 133,75 61,31 1,00 1,00 278661 1
475 133,75 133,75 61,31 1,00 1,00 278697 1
476 133,75 133,75 61,31 1,00 1,00 278747 1
477 133,75 133,75 61,31 1,00 1,00 278809 1
478 133,75 133,75 61,31 1,00 1,00 278860 1
479 133,75 133,75 61,31 1,00 1,00 278924 1
480 133,75 133,75 61,31 1,00 1,00 278971 1
481 133,75 133,75 61,31 1,00 1,00 279018 1
482 133,75 133,75 61,31 1,00 1,00 279043 1
483 133,75 133,75 61,31 1,00 1,00 279071 1
484 133,75 133,75 61,31 1,00 1,00 279098 1
485 133,75 133,75 61,31 1,00 1,00 279123 1
486 133,75 133,75 61,31 1,00 1,00 279191 1
487 133,75 133,75 61,31 1,00 1,00 279255 1
488 133,75 133,75 61,31 1,00 1,00 279281 1
489 133,75 133,75 61,31 1,00 1,00 279305 1
490 133,75 133,75 61,31 1,00 1,00 279344 1
491 133,75 133,75 61,31 1,00 1,00 279378 1
492 133,75 133,75 61,31 1,00 1,00 279421 1
493 133,75 133,75 61,31 1,00 1,00 279458 1
494 133,75 133,75 61,31 1,00 1,00 279509 1
495 133,75 133,75 61,31 1,00 1,00 279558 1
496 133,75 133,75 61,31 1,00 1,00 279608 1
497 133,75 133,75 61,31 1,00 1,00 279665 1
498 133,75 133,75 61,31 1,00 1,00 279720 1
499 133,75 133,75 61,31 1,00 1,00 279792 1
