500
0 188,82 188,82 188,82 1,00 19,00
1 188,82 0,00 0,00 1,00 29,00
2 188,82 377,63 571,42 99,00 43,00
3 188,82 0,00 0,00 1,00 58,00
4 188,82 188,82 241,53 99,00 72,00
5 188,82 0,00 0,00 2,00 87,00
6 188,82 0,00 0,00 100,00 101,00
7 188,82 188,82 223,73 198,00 115,00
8 188,82 0,00 0,00 102,00 130,00
9 188,82 188,82 232,94 200,00 144,00
10 188,82 0,00 0,00 102,00 159,00
11 188,82 188,82 240,27 200,00 173,00
12 188,82 0,00 0,00 100,00 188,00
13 188,82 0,00 0,00 198,00 202,00
14 188,82 188,82 254,40 296,00 216,00
15 188,82 0,00 0,00 196,00 231,00
16 188,82 188,82 249,30 294,00 245,00
17 188,82 0,00 0,00 194,00 260,00
18 188,82 188,82 249,41 292,00 274,00
19 188,82 0,00 0,00 192,00 289,00
20 188,82 0,00 0,00 290,00 303,00
21 188,82 188,82 249,79 388,00 317,00
22 188,82 0,00 0,00 288,00 332,00
23 188,82 188,82 250,04 386,00 346,00
24 188,82 0,00 0,00 286,00 361,00
25 188,82 188,82 250,00 384,00 375,00
26 188,82 0,00 0,00 284,00 390,00
27 188,82 0,00 0,00 382,00 397,00
28 188,82 188,82 249,40 480,00 411,00
29 188,82 0,00 0,00 380,00 426,00
30 188,82 188,82 249,26 478,00 440,00
31 188,82 0,00 0,00 378,00 455,00
32 188,82 188,82 249,14 476,00 469,00
33 188,82 0,00 0,00 376,00 484,00
34 188,82 0,00 0,00 474,00 489,00
35 188,82 188,82 249,31 572,00 503,00
36 188,82 0,00 0,00 472,00 518,00
37 188,82 188,82 249,41 570,00 532,00
38 188,82 0,00 0,00 470,00 547,00
39 188,82 188,82 249,57 568,00 561,00
40 188,82 0,00 0,00 468,00 576,00
41 188,82 0,00 0,00 566,00 581,00
42 188,82 188,82 249,67 664,00 595,00
43 188,82 0,00 0,00 564,00 610,00
44 188,82 188,82 249,88 662,00 624,00
45 188,82 0,00 0,00 562,00 639,00
46 188,82 188,82 250,12 660,00 653,00
47 188,82 0,00 0,00 560,00 668,00
48 188,82 0,00 0,00 658,00 673,00
49 188,82 188,82 250,40 756,00 687,00
50 188,82 0,00 0,00 656,00 702,00
51 188,82 188,82 250,80 754,00 716,00
52 188,82 0,00 0,00 654,00 731,00
53 188,82 188,82 251,27 752,00 745,00
54 188,82 0,00 0,00 652,00 760,00
55 188,82 0,00 0,00 750,00 765,00
56 188,82 188,82 252,05 848,00 779,00
57 188,82 0,00 0,00 748,00 794,00
58 188,82 188,82 252,57 846,00 808,00
59 188,82 0,00 0,00 747,00 823,00
60 188,82 188,82 253,18 845,00 837,00
61 188,82 0,00 0,00 745,00 852,00
62 188,82 0,00 0,00 843,00 858,00
63 188,82 188,82 254,14 941,00 872,00
64 188,82 0,00 0,00 841,00 887,00
65 188,82 188,82 254,77 939,00 901,00
66 188,82 0,00 0,00 839,00 916,00
67 188,82 188,82 255,40 937,00 930,00
68 188,82 0,00 0,00 837,00 945,00
69 188,82 0,00 0,00 935,00 950,00
70 188,82 188,82 256,51 1.033,00 964,00
71 188,82 0,00 0,00 933,00 979,00
72 188,82 188,82 257,30 1.031,00 993,00
73 188,82 0,00 0,00 931,00 1.008,00
74 188,82 188,82 258,17 1.029,00 1.022,00
75 188,82 0,00 0,00 929,00 1.037,00
76 188,82 0,00 0,00 1.027,00 1.042,00
77 188,82 188,82 259,47 1.125,00 1.056,00
78 188,82 0,00 0,00 1.025,00 1.071,00
79 188,82 188,82 260,38 1.123,00 1.085,00
80 188,82 0,00 0,00 1.023,00 1.100,00
81 188,82 188,82 261,37 1.121,00 1.114,00
82 188,82 0,00 0,00 1.021,00 1.129,00
83 188,82 0,00 0,00 1.119,00 1.134,00
84 188,82 188,82 262,88 1.217,00 1.148,00
85 188,82 0,00 0,00 1.117,00 1.163,00
86 188,82 188,82 263,89 1.215,00 1.177,00
87 188,82 0,00 0,00 1.115,00 1.192,00
88 188,82 188,82 265,06 1.213,00 1.206,00
89 188,82 0,00 0,00 1.113,00 1.221,00
90 188,82 0,00 0,00 1.211,00 1.226,00
91 188,82 188,82 266,84 1.309,00 1.240,00
92 188,82 0,00 0,00 1.209,00 1.255,00
93 188,82 188,82 268,03 1.307,00 1.269,00
94 188,82 0,00 0,00 1.207,00 1.284,00
95 188,82 188,82 269,30 1.305,00 1.298,00
96 188,82 0,00 0,00 1.205,00 1.313,00
97 188,82 0,00 0,00 1.303,00 1.318,00
98 188,82 188,82 271,26 1.401,00 1.332,00
99 188,82 0,00 0,00 1.301,00 1.347,00
100 188,82 188,82 272,62 1.399,00 1.361,00
101 188,82 0,00 0,00 1.299,00 1.376,00
102 188,82 188,82 274,08 1.397,00 1.390,00
103 188,82 0,00 0,00 1.297,00 1.405,00
104 188,82 0,00 0,00 1.395,00 1.410,00
105 188,82 188,82 276,30 1.493,00 1.424,00
106 188,82 0,00 0,00 1.393,00 1.439,00
107 188,82 188,82 277,77 1.491,00 1.453,00
108 188,82 0,00 0,00 1.391,00 1.468,00
109 188,82 188,82 279,38 1.489,00 1.482,00
110 188,82 0,00 0,00 1.389,00 1.497,00
111 188,82 0,00 0,00 1.487,00 1.502,00
112 188,82 188,82 281,81 1.585,00 1.516,00
113 188,82 0,00 0,00 1.485,00 1.531,00
114 188,82 188,82 283,51 1.583,00 1.545,00
115 188,82 0,00 0,00 1.484,00 1.560,00
116 188,82 188,82 285,32 1.582,00 1.574,00
117 188,82 0,00 0,00 1.482,00 1.589,00
118 188,82 0,00 0,00 1.580,00 1.595,00
119 188,82 188,82 287,98 1.678,00 1.609,00
120 188,82 0,00 0,00 1.578,00 1.624,00
121 188,82 188,82 289,69 1.676,00 1.638,00
122 188,82 0,00 0,00 1.576,00 1.653,00
123 188,82 188,82 291,51 1.674,00 1.667,00
124 188,82 0,00 0,00 1.574,00 1.682,00
125 188,82 0,00 0,00 1.672,00 1.687,00
126 188,82 188,82 294,28 1.770,00 1.701,00
127 188,82 0,00 0,00 1.670,00 1.716,00
128 188,82 188,82 296,19 1.768,00 1.730,00
129 188,82 0,00 0,00 1.669,00 1.745,00
130 188,82 188,82 298,15 1.767,00 1.759,00
131 188,82 0,00 0,00 1.667,00 1.774,00
132 188,82 0,00 0,00 1.765,00 1.780,00
133 188,82 188,82 301,11 1.863,00 1.794,00
134 188,82 0,00 0,00 1.763,00 1.809,00
135 188,82 188,82 303,19 1.861,00 1.823,00
136 188,82 0,00 0,00 1.761,00 1.838,00
137 188,82 188,82 305,31 1.859,00 1.852,00
138 188,82 0,00 0,00 1.759,00 1.867,00
139 188,82 0,00 0,00 1.857,00 1.872,00
140 188,82 188,82 308,63 1.955,00 1.886,00
141 188,82 0,00 0,00 1.855,00 1.901,00
142 188,82 188,82 310,74 1.953,00 1.915,00
143 188,82 0,00 0,00 1.853,00 1.930,00
144 188,82 188,82 312,91 1.951,00 1.944,00
145 188,82 0,00 0,00 1.851,00 1.959,00
146 188,82 0,00 0,00 1.949,00 1.964,00
147 188,82 188,82 316,27 2.047,00 1.978,00
148 188,82 0,00 0,00 1.947,00 1.993,00
149 188,82 188,82 318,53 2.045,00 2.007,00
150 188,82 0,00 0,00 1.945,00 2.022,00
151 188,82 188,82 320,92 2.043,00 2.036,00
152 188,82 0,00 0,00 1.943,00 2.051,00
153 188,82 0,00 0,00 2.041,00 2.056,00
154 188,82 188,82 324,59 2.139,00 2.070,00
155 188,82 0,00 0,00 2.039,00 2.085,00
156 188,82 188,82 327,08 2.137,00 2.099,00
157 188,82 0,00 0,00 2.037,00 2.114,00
158 188,82 188,82 329,64 2.135,00 2.128,00
159 188,82 0,00 0,00 2.035,00 2.143,00
160 188,82 0,00 0,00 2.133,00 2.148,00
161 188,82 188,82 333,59 2.231,00 2.162,00
162 188,82 0,00 0,00 2.131,00 2.177,00
163 188,82 188,82 336,16 2.229,00 2.191,00
164 188,82 0,00 0,00 2.129,00 2.206,00
165 188,82 188,82 338,80 2.227,00 2.220,00
166 188,82 0,00 0,00 2.127,00 2.235,00
167 188,82 0,00 0,00 2.225,00 2.240,00
168 188,82 188,82 342,78 2.323,00 2.254,00
169 188,82 0,00 0,00 2.223,00 2.269,00
170 188,82 188,82 345,44 2.321,00 2.283,00
171 188,82 0,00 0,00 2.221,00 2.298,00
172 188,82 188,82 348,30 2.319,00 2.312,00
173 188,82 0,00 0,00 2.219,00 2.327,00
174 188,82 0,00 0,00 2.317,00 2.332,00
175 188,82 188,82 352,56 2.415,00 2.346,00
176 188,82 0,00 0,00 2.315,00 2.361,00
177 188,82 188,82 355,40 2.413,00 2.375,00
178 188,82 0,00 0,00 2.314,00 2.390,00
179 188,82 188,82 358,29 2.412,00 2.404,00
180 188,82 0,00 0,00 2.312,00 2.419,00
181 188,82 0,00 0,00 2.410,00 2.425,00
182 188,82 188,82 362,65 2.508,00 2.439,00
183 188,82 0,00 0,00 2.408,00 2.454,00
184 188,82 188,82 365,53 2.506,00 2.468,00
185 188,82 0,00 0,00 2.406,00 2.483,00
186 188,82 188,82 368,50 2.504,00 2.497,00
187 188,82 0,00 0,00 2.404,00 2.512,00
188 188,82 0,00 0,00 2.502,00 2.517,00
189 188,82 188,82 372,96 2.600,00 2.531,00
190 188,82 0,00 0,00 2.500,00 2.546,00
191 188,82 188,82 375,93 2.598,00 2.560,00
192 188,82 0,00 0,00 2.498,00 2.575,00
193 188,82 188,82 378,99 2.596,00 2.589,00
194 188,82 0,00 0,00 2.496,00 2.604,00
195 188,82 0,00 0,00 2.594,00 2.609,00
196 188,82 188,82 383,82 2.692,00 2.623,00
197 188,82 0,00 0,00 2.592,00 2.638,00
198 188,82 188,82 387,03 2.690,00 2.652,00
199 188,82 0,00 0,00 2.590,00 2.667,00
200 188,82 188,82 390,33 2.688,00 2.681,00
201 188,82 0,00 0,00 2.589,00 2.696,00
202 188,82 0,00 0,00 2.687,00 2.702,00
203 188,82 188,82 395,19 2.785,00 2.716,00
204 188,82 0,00 0,00 2.685,00 2.731,00
205 188,82 188,82 398,49 2.783,00 2.745,00
206 188,82 0,00 0,00 2.683,00 2.760,00
207 188,82 188,82 401,92 2.781,00 2.774,00
208 188,82 0,00 0,00 2.681,00 2.789,00
209 188,82 0,00 0,00 2.779,00 2.794,00
210 188,82 188,82 407,09 2.877,00 2.808,00
211 188,82 0,00 0,00 2.777,00 2.823,00
212 188,82 188,82 410,56 2.875,00 2.837,00
213 188,82 0,00 0,00 2.775,00 2.852,00
214 188,82 188,82 414,12 2.873,00 2.866,00
215 188,82 0,00 0,00 2.773,00 2.881,00
216 188,82 0,00 0,00 2.871,00 2.886,00
217 188,82 188,82 419,47 2.969,00 2.900,00
218 188,82 0,00 0,00 2.869,00 2.915,00
219 188,82 188,82 423,09 2.967,00 2.929,00
220 188,82 0,00 0,00 2.867,00 2.944,00
221 188,82 188,82 426,73 2.965,00 2.958,00
222 188,82 0,00 0,00 2.865,00 2.973,00
223 188,82 0,00 0,00 2.963,00 2.978,00
224 188,82 188,82 432,20 3.061,00 2.992,00
225 188,82 0,00 0,00 2.961,00 3.007,00
226 188,82 188,82 435,83 3.059,00 3.021,00
227 188,82 0,00 0,00 2.959,00 3.036,00
228 188,82 188,82 439,50 3.057,00 3.050,00
229 188,82 0,00 0,00 2.957,00 3.065,00
230 188,82 0,00 0,00 3.055,00 3.070,00
231 188,82 188,82 445,02 3.153,00 3.084,00
232 188,82 0,00 0,00 3.053,00 3.099,00
233 188,82 188,82 448,73 3.151,00 3.113,00
234 188,82 0,00 0,00 3.051,00 3.128,00
235 188,82 188,82 452,56 3.149,00 3.142,00
236 188,82 0,00 0,00 3.049,00 3.157,00
237 188,82 0,00 0,00 3.147,00 3.162,00
238 188,82 188,82 458,25 3.245,00 3.176,00
239 188,82 0,00 0,00 3.145,00 3.191,00
240 188,82 188,82 462,10 3.243,00 3.205,00
241 188,82 0,00 0,00 3.143,00 3.220,00
242 188,82 188,82 465,98 3.241,00 3.234,00
243 188,82 0,00 0,00 3.141,00 3.249,00
244 188,82 0,00 0,00 3.239,00 3.254,00
245 188,82 188,82 471,87 3.337,00 3.268,00
246 188,82 0,00 0,00 3.237,00 3.283,00
247 188,82 188,82 475,79 3.335,00 3.297,00
248 188,82 0,00 0,00 3.235,00 3.312,00
249 188,82 188,82 479,86 3.333,00 3.326,00
250 188,82 0,00 0,00 3.233,00 3.341,00
251 188,82 0,00 0,00 3.331,00 3.346,00
252 188,82 188,82 485,89 3.429,00 3.360,00
253 188,82 0,00 0,00 3.329,00 3.375,00
254 188,82 188,82 489,94 3.427,00 3.389,00
255 188,82 0,00 0,00 3.327,00 3.404,00
256 188,82 188,82 494,14 3.425,00 3.418,00
257 188,82 0,00 0,00 3.325,00 3.433,00
258 188,82 0,00 0,00 3.423,00 3.438,00
259 188,82 188,82 500,57 3.521,00 3.452,00
260 188,82 0,00 0,00 3.421,00 3.467,00
261 188,82 188,82 504,79 3.519,00 3.481,00
262 188,82 0,00 0,00 3.419,00 3.496,00
263 188,82 188,82 509,09 3.517,00 3.510,00
264 188,82 0,00 0,00 3.417,00 3.525,00
265 188,82 0,00 0,00 3.515,00 3.530,00
266 188,82 188,82 515,58 3.613,00 3.544,00
267 188,82 0,00 0,00 3.513,00 3.559,00
268 188,82 188,82 519,93 3.611,00 3.573,00
269 188,82 0,00 0,00 3.511,00 3.588,00
270 188,82 188,82 524,38 3.609,00 3.602,00
271 188,82 0,00 0,00 3.509,00 3.617,00
272 188,82 0,00 0,00 3.607,00 3.622,00
273 188,82 188,82 531,12 3.705,00 3.636,00
274 188,82 0,00 0,00 3.605,00 3.651,00
275 188,82 188,82 535,45 3.703,00 3.665,00
276 188,82 0,00 0,00 3.603,00 3.680,00
277 188,82 188,82 539,96 3.701,00 3.694,00
278 188,82 0,00 0,00 3.601,00 3.709,00
279 188,82 0,00 0,00 3.699,00 3.714,00
280 188,82 188,82 546,86 3.797,00 3.728,00
281 188,82 0,00 0,00 3.697,00 3.743,00
282 188,82 188,82 551,27 3.795,00 3.757,00
283 188,82 0,00 0,00 3.695,00 3.772,00
284 188,82 188,82 555,67 3.793,00 3.786,00
285 188,82 0,00 0,00 3.693,00 3.801,00
286 188,82 0,00 0,00 3.791,00 3.806,00
287 188,82 188,82 562,42 3.889,00 3.820,00
288 188,82 0,00 0,00 3.789,00 3.835,00
289 188,82 188,82 566,89 3.887,00 3.849,00
290 188,82 0,00 0,00 3.787,00 3.864,00
291 188,82 188,82 571,61 3.885,00 3.878,00
292 188,82 0,00 0,00 3.785,00 3.893,00
293 188,82 0,00 0,00 3.883,00 3.898,00
294 188,82 188,82 578,74 3.981,00 3.912,00
295 188,82 0,00 0,00 3.881,00 3.927,00
296 188,82 188,82 583,51 3.979,00 3.941,00
297 188,82 0,00 0,00 3.879,00 3.956,00
298 188,82 188,82 588,32 3.977,00 3.970,00
299 188,82 0,00 0,00 3.877,00 3.985,00
300 188,82 0,00 0,00 3.975,00 3.990,00
301 188,82 188,82 595,40 4.073,00 4.004,00
302 188,82 0,00 0,00 3.973,00 4.019,00
303 188,82 188,82 600,11 4.071,00 4.033,00
304 188,82 0,00 0,00 3.971,00 4.048,00
305 188,82 188,82 604,94 4.069,00 4.062,00
306 188,82 0,00 0,00 3.970,00 4.077,00
307 188,82 0,00 0,00 4.068,00 4.083,00
308 188,82 188,82 612,20 4.166,00 4.097,00
309 188,82 0,00 0,00 4.066,00 4.112,00
310 188,82 188,82 617,11 4.164,00 4.126,00
311 188,82 0,00 0,00 4.064,00 4.141,00
312 188,82 188,82 622,11 4.162,00 4.155,00
313 188,82 0,00 0,00 4.062,00 4.170,00
314 188,82 0,00 0,00 4.160,00 4.175,00
315 188,82 188,82 629,86 4.258,00 4.189,00
316 188,82 0,00 0,00 4.158,00 4.204,00
317 188,82 188,82 635,04 4.256,00 4.218,00
318 188,82 0,00 0,00 4.156,00 4.233,00
319 188,82 188,82 640,18 4.254,00 4.247,00
320 188,82 0,00 0,00 4.154,00 4.262,00
321 188,82 0,00 0,00 4.252,00 4.267,00
322 188,82 188,82 647,85 4.350,00 4.281,00
323 188,82 0,00 0,00 4.250,00 4.296,00
324 188,82 188,82 652,93 4.348,00 4.310,00
325 188,82 0,00 0,00 4.248,00 4.325,00
326 188,82 188,82 658,08 4.346,00 4.339,00
327 188,82 0,00 0,00 4.246,00 4.354,00
328 188,82 0,00 0,00 4.344,00 4.359,00
329 188,82 188,82 665,85 4.442,00 4.373,00
330 188,82 0,00 0,00 4.342,00 4.388,00
331 188,82 188,82 670,95 4.440,00 4.402,00
332 188,82 0,00 0,00 4.340,00 4.417,00
333 188,82 188,82 676,23 4.438,00 4.431,00
334 188,82 0,00 0,00 4.338,00 4.446,00
335 188,82 0,00 0,00 4.436,00 4.451,00
336 188,82 188,82 684,06 4.534,00 4.465,00
337 188,82 0,00 0,00 4.434,00 4.480,00
338 188,82 188,82 689,25 4.532,00 4.494,00
339 188,82 0,00 0,00 4.432,00 4.509,00
340 188,82 188,82 694,62 4.530,00 4.523,00
341 188,82 0,00 0,00 4.430,00 4.538,00
342 188,82 0,00 0,00 4.528,00 4.543,00
343 188,82 188,82 702,56 4.626,00 4.557,00
344 188,82 0,00 0,00 4.526,00 4.572,00
345 188,82 188,82 707,74 4.624,00 4.586,00
346 188,82 0,00 0,00 4.524,00 4.601,00
347 188,82 188,82 713,06 4.622,00 4.615,00
348 188,82 0,00 0,00 4.522,00 4.630,00
349 188,82 0,00 0,00 4.620,00 4.635,00
350 188,82 188,82 721,20 4.718,00 4.649,00
351 188,82 0,00 0,00 4.618,00 4.664,00
352 188,82 188,82 726,62 4.716,00 4.678,00
353 188,82 0,00 0,00 4.616,00 4.693,00
354 188,82 188,82 732,09 4.714,00 4.707,00
355 188,82 0,00 0,00 4.614,00 4.722,00
356 188,82 0,00 0,00 4.712,00 4.727,00
357 188,82 188,82 740,41 4.810,00 4.741,00
358 188,82 0,00 0,00 4.710,00 4.756,00
359 188,82 188,82 746,05 4.808,00 4.770,00
360 188,82 0,00 0,00 4.708,00 4.785,00
361 188,82 188,82 751,75 4.806,00 4.799,00
362 188,82 0,00 0,00 4.706,00 4.814,00
363 188,82 0,00 0,00 4.804,00 4.819,00
364 188,82 188,82 760,29 4.902,00 4.833,00
365 188,82 0,00 0,00 4.802,00 4.848,00
366 188,82 188,82 765,92 4.900,00 4.862,00
367 188,82 0,00 0,00 4.800,00 4.877,00
368 188,82 188,82 771,69 4.898,00 4.891,00
369 188,82 0,00 0,00 4.798,00 4.906,00
370 188,82 0,00 0,00 4.896,00 4.911,00
371 188,82 188,82 780,23 4.994,00 4.925,00
372 188,82 0,00 0,00 4.894,00 4.940,00
373 188,82 188,82 785,98 4.992,00 4.954,00
374 188,82 0,00 0,00 4.893,00 4.969,00
375 188,82 188,82 791,96 4.991,00 4.983,00
376 188,82 0,00 0,00 4.891,00 4.998,00
377 188,82 0,00 0,00 4.989,00 5.004,00
378 188,82 188,82 800,81 5.087,00 5.018,00
379 188,82 0,00 0,00 4.987,00 5.033,00
380 188,82 188,82 806,73 5.085,00 5.047,00
381 188,82 0,00 0,00 4.985,00 5.062,00
382 188,82 188,82 812,65 5.083,00 5.076,00
383 188,82 0,00 0,00 4.984,00 5.091,00
384 188,82 0,00 0,00 5.082,00 5.097,00
385 188,82 188,82 821,40 5.180,00 5.111,00
386 188,82 0,00 0,00 5.080,00 5.126,00
387 188,82 188,82 827,16 5.178,00 5.140,00
388 188,82 0,00 0,00 5.078,00 5.155,00
389 188,82 188,82 833,03 5.176,00 5.169,00
390 188,82 0,00 0,00 5.076,00 5.184,00
391 188,82 0,00 0,00 5.174,00 5.189,00
392 188,82 188,82 841,74 5.272,00 5.203,00
393 188,82 0,00 0,00 5.172,00 5.218,00
394 188,82 188,82 847,63 5.270,00 5.232,00
395 188,82 0,00 0,00 5.170,00 5.247,00
396 188,82 188,82 853,57 5.268,00 5.261,00
397 188,82 0,00 0,00 5.168,00 5.276,00
398 188,82 0,00 0,00 5.266,00 5.281,00
399 188,82 188,82 862,58 5.364,00 5.295,00
400 188,82 0,00 0,00 5.264,00 5.310,00
401 188,82 188,82 868,48 5.362,00 5.324,00
402 188,82 0,00 0,00 5.262,00 5.339,00
403 188,82 188,82 874,53 5.360,00 5.353,00
404 188,82 0,00 0,00 5.260,00 5.368,00
405 188,82 0,00 0,00 5.358,00 5.373,00
406 188,82 188,82 883,61 5.456,00 5.387,00
407 188,82 0,00 0,00 5.356,00 5.402,00
408 188,82 188,82 889,49 5.454,00 5.416,00
409 188,82 0,00 0,00 5.354,00 5.431,00
410 188,82 188,82 895,73 5.452,00 5.445,00
411 188,82 0,00 0,00 5.352,00 5.460,00
412 188,82 0,00 0,00 5.450,00 5.465,00
413 188,82 188,82 905,27 5.548,00 5.479,00
414 188,82 0,00 0,00 5.448,00 5.494,00
415 188,82 188,82 911,53 5.546,00 5.508,00
416 188,82 0,00 0,00 5.446,00 5.523,00
417 188,82 188,82 917,87 5.544,00 5.537,00
418 188,82 0,00 0,00 5.444,00 5.552,00
419 188,82 0,00 0,00 5.542,00 5.557,00
420 188,82 188,82 927,33 5.640,00 5.571,00
421 188,82 0,00 0,00 5.540,00 5.586,00
422 188,82 188,82 933,45 5.638,00 5.600,00
423 188,82 0,00 0,00 5.538,00 5.615,00
424 188,82 188,82 939,73 5.636,00 5.629,00
425 188,82 0,00 0,00 5.536,00 5.644,00
426 188,82 0,00 0,00 5.634,00 5.649,00
427 188,82 188,82 949,36 5.732,00 5.663,00
428 188,82 0,00 0,00 5.632,00 5.678,00
429 188,82 188,82 955,72 5.730,00 5.692,00
430 188,82 0,00 0,00 5.631,00 5.707,00
431 188,82 188,82 962,11 5.729,00 5.721,00
432 188,82 0,00 0,00 5.629,00 5.736,00
433 188,82 0,00 0,00 5.727,00 5.742,00
434 188,82 188,82 971,84 5.825,00 5.756,00
435 188,82 0,00 0,00 5.725,00 5.771,00
436 188,82 188,82 978,29 5.823,00 5.785,00
437 188,82 0,00 0,00 5.723,00 5.800,00
438 188,82 188,82 984,67 5.821,00 5.814,00
439 188,82 0,00 0,00 5.721,00 5.829,00
440 188,82 0,00 0,00 5.819,00 5.834,00
441 188,82 188,82 994,10 5.917,00 5.848,00
442 188,82 0,00 0,00 5.817,00 5.863,00
443 188,82 188,82 1.000,28 5.915,00 5.877,00
444 188,82 0,00 0,00 5.815,00 5.892,00
445 188,82 188,82 1.006,63 5.913,00 5.906,00
446 188,82 0,00 0,00 5.813,00 5.921,00
447 188,82 0,00 0,00 5.911,00 5.926,00
448 188,82 188,82 1.016,45 6.009,00 5.940,00
449 188,82 0,00 0,00 5.909,00 5.955,00
450 188,82 188,82 1.022,91 6.007,00 5.969,00
451 188,82 0,00 0,00 5.907,00 5.984,00
452 188,82 188,82 1.029,58 6.005,00 5.998,00
453 188,82 0,00 0,00 5.905,00 6.013,00
454 188,82 0,00 0,00 6.003,00 6.018,00
455 188,82 188,82 1.039,42 6.101,00 6.032,00
456 188,82 0,00 0,00 6.001,00 6.047,00
457 188,82 188,82 1.046,04 6.099,00 6.061,00
458 188,82 0,00 0,00 5.999,00 6.076,00
459 188,82 188,82 1.052,74 6.097,00 6.090,00
460 188,82 0,00 0,00 5.997,00 6.105,00
461 188,82 0,00 0,00 6.095,00 6.110,00
462 188,82 188,82 1.062,74 6.193,00 6.124,00
463 188,82 0,00 0,00 6.093,00 6.139,00
464 188,82 188,82 1.069,28 6.191,00 6.153,00
465 188,82 0,00 0,00 6.091,00 6.168,00
466 188,82 188,82 1.075,99 6.189,00 6.182,00
467 188,82 0,00 0,00 6.089,00 6.197,00
468 188,82 0,00 0,00 6.187,00 6.202,00
469 188,82 188,82 1.086,15 6.285,00 6.216,00
470 188,82 0,00 0,00 6.185,00 6.231,00
471 188,82 188,82 1.092,98 6.283,00 6.245,00
472 188,82 0,00 0,00 6.183,00 6.260,00
473 188,82 188,82 1.099,88 6.281,00 6.274,00
474 188,82 0,00 0,00 6.181,00 6.289,00
475 188,82 0,00 0,00 6.279,00 6.294,00
476 188,82 188,82 1.110,22 6.377,00 6.308,00
477 188,82 0,00 0,00 6.277,00 6.323,00
478 188,82 188,82 1.117,21 6.375,00 6.337,00
479 188,82 0,00 0,00 6.275,00 6.352,00
480 188,82 188,82 1.124,42 6.373,00 6.366,00
481 188,82 0,00 0,00 6.273,00 6.381,00
482 188,82 0,00 0,00 6.371,00 6.386,00
483 188,82 188,82 1.134,72 6.469,00 6.400,00
484 188,82 0,00 0,00 6.369,00 6.415,00
485 188,82 188,82 1.141,53 6.467,00 6.429,00
486 188,82 0,00 0,00 6.367,00 6.444,00
487 188,82 188,82 1.148,47 6.465,00 6.458,00
488 188,82 0,00 0,00 6.365,00 6.473,00
489 188,82 0,00 0,00 6.463,00 6.478,00
490 188,82 188,82 1.158,58 6.561,00 6.492,00
491 188,82 0,00 0,00 6.461,00 6.507,00
492 188,82 188,82 1.165,13 6.559,00 6.521,00
493 188,82 0,00 0,00 6.459,00 6.536,00
494 188,82 188,82 1.172,08 6.557,00 6.550,00
495 188,82 0,00 0,00 6.457,00 6.565,00
496 188,82 0,00 0,00 6.555,00 6.570,00
497 188,82 188,82 1.182,59 6.653,00 6.584,00
498 188,82 0,00 0,00 6.553,00 6.599,00
499 188,82 188,82 1.189,47 6.651,00 6.613,00
