1000
0 488,02 488,02 488,02 1,00 33,00 0
1 488,02 15,25 15,25 1,00 49,00 1235
2 488,02 10,84 4,83 1,00 62,00 1774
3 488,02 10,84 5,06 1,00 79,00 1865
4 488,02 10,84 5,09 1,00 96,00 1875
5 488,02 10,84 5,09 1,00 113,00 1879
6 488,02 10,84 5,10 1,00 130,00 1881
7 488,02 10,84 5,11 1,00 147,00 1881
8 488,02 10,84 5,11 1,00 164,00 1881
9 488,02 10,84 5,11 1,00 181,00 1881
10 488,02 2,46 1,16 1,00 198,00 1881
11 488,02 2,46 1,16 1,00 215,00 1881
12 488,02 2,46 1,16 1,00 232,00 1881
13 488,02 2,46 1,16 1,00 249,00 1881
14 488,02 2,46 1,16 1,00 266,00 1881
15 488,02 2,46 1,16 1,00 283,00 1881
16 488,02 2,46 1,16 1,00 300,00 1881
17 488,02 2,46 1,16 1,00 317,00 1881
18 488,02 2,46 1,16 1,00 334,00 1881
19 488,02 2,46 1,16 1,00 351,00 1881
20 488,02 2,46 1,16 1,00 368,00 1881
21 488,02 2,46 1,16 1,00 385,00 1881
22 488,02 2,46 1,16 1,00 402,00 1881
23 488,02 2,46 1,16 1,00 419,00 1881
24 488,02 2,46 1,16 1,00 436,00 1881
25 488,02 2,46 1,16 1,00 453,00 1881
26 488,02 2,46 1,16 1,00 470,00 1881
27 488,02 2,46 1,16 1,00 487,00 1881
28 488,02 2,46 1,16 1,00 504,00 1881
29 488,02 2,46 1,16 1,00 521,00 1881
30 488,02 2,46 1,16 97,00 538,00 1881
31 488,02 88,48 41,67 97,00 552,00 2704
32 488,02 86,23 37,56 97,00 566,00 3431
33 488,02 83,93 36,84 97,00 581,00 3821
34 488,02 81,62 37,37 97,00 597,00 4072
35 488,02 77,22 36,99 97,00 613,00 4286
36 488,02 77,22 35,66 97,00 630,00 4405
37 488,02 77,22 35,99 97,00 647,00 4558
38 488,02 77,22 36,78 97,00 664,00 4625
39 488,02 69,51 32,49 97,00 681,00 4666
40 488,02 69,51 32,37 97,00 698,00 4711
41 488,02 69,51 32,71 97,00 715,00 4762
42 488,02 69,51 33,07 97,00 732,00 4795
43 488,02 69,51 32,22 97,00 749,00 4831
44 488,02 61,80 29,31 97,00 766,00 4863
45 488,02 61,80 29,31 97,00 783,00 4893
46 488,02 61,80 29,31 97,00 800,00 4918
47 488,02 61,80 29,31 97,00 817,00 4938
48 488,02 61,80 29,31 97,00 834,00 4953
49 488,02 61,80 29,30 97,00 851,00 4969
50 488,02 61,80 29,30 97,00 868,00 4978
51 488,02 61,80 29,30 97,00 885,00 4991
52 488,02 61,80 29,29 97,00 902,00 5006
53 488,02 61,80 29,30 97,00 919,00 5016
54 488,02 50,57 23,97 97,00 936,00 5027
55 488,02 50,57 23,97 97,00 953,00 5033
56 488,02 50,57 23,97 97,00 970,00 5043
57 488,02 50,57 23,97 97,00 987,00 5047
58 488,02 50,57 23,97 97,00 1.004,00 5055
59 488,02 50,57 23,96 97,00 1.021,00 5061
60 488,02 50,57 23,96 1,00 1.038,00 5068
61 488,02 50,57 23,96 1,00 1.055,00 5076
62 488,02 0,46 0,22 1,00 1.072,00 5097
63 488,02 0,46 0,22 1,00 1.089,00 5110
64 488,02 0,46 0,22 1,00 1.106,00 5114
65 488,02 0,46 0,22 1,00 1.123,00 5115
66 488,02 0,46 0,22 1,00 1.140,00 5118
67 488,02 0,43 0,20 1,00 1.156,00 5123
68 488,02 0,43 0,20 1,00 1.173,00 5124
69 488,02 0,43 0,20 1,00 1.190,00 5125
70 488,02 0,43 0,20 1,00 1.207,00 5125
71 488,02 0,43 0,20 1,00 1.224,00 5125
72 488,02 0,43 0,20 1,00 1.241,00 5125
73 488,02 0,43 0,20 1,00 1.258,00 5125
74 488,02 0,43 0,20 1,00 1.275,00 5126
75 488,02 0,43 0,20 1,00 1.292,00 5126
76 488,02 0,43 0,20 1,00 1.309,00 5126
77 488,02 0,43 0,20 1,00 1.326,00 5126
78 488,02 0,36 0,17 1,00 1.343,00 5127
79 488,02 0,36 0,17 1,00 1.360,00 5128
80 488,02 0,36 0,17 1,00 1.377,00 5128
81 488,02 0,36 0,17 1,00 1.394,00 5128
82 488,02 0,36 0,17 1,00 1.411,00 5128
83 488,02 0,36 0,17 1,00 1.428,00 5128
84 488,02 0,36 0,17 1,00 1.445,00 5128
85 488,02 0,36 0,17 1,00 1.462,00 5128
86 488,02 0,36 0,17 1,00 1.479,00 5128
87 488,02 0,36 0,17 1,00 1.496,00 5128
88 488,02 0,36 0,17 1,00 1.513,00 5129
89 488,02 0,36 0,17 1,00 1.530,00 5133
90 488,02 0,36 0,17 99,00 1.547,00 5133
91 488,02 31,25 14,79 99,00 1.563,00 5240
92 488,02 31,25 14,75 99,00 1.580,00 5280
93 488,02 31,25 14,75 99,00 1.597,00 5298
94 488,02 29,93 14,13 99,00 1.614,00 5308
95 488,02 29,93 14,12 99,00 1.631,00 5318
96 488,02 29,93 14,12 99,00 1.648,00 5327
97 488,02 29,93 14,12 99,00 1.665,00 5336
98 488,02 29,93 14,12 99,00 1.682,00 5340
99 488,02 29,93 14,12 99,00 1.699,00 5347
100 488,02 28,16 13,28 99,00 1.716,00 5351
101 488,02 28,16 13,28 99,00 1.733,00 5353
102 488,02 28,16 13,27 99,00 1.750,00 5354
103 488,02 28,16 13,27 99,00 1.767,00 5357
104 488,02 28,16 13,27 99,00 1.784,00 5357
105 488,02 28,16 13,27 99,00 1.801,00 5357
106 488,02 28,16 13,27 99,00 1.818,00 5357
107 488,02 28,16 13,27 99,00 1.835,00 5357
108 488,02 28,16 13,27 99,00 1.852,00 5357
109 488,02 25,85 12,18 99,00 1.869,00 5359
110 488,02 25,62 12,06 99,00 1.886,00 5359
111 488,02 25,62 12,06 99,00 1.903,00 5360
112 488,02 25,62 12,06 99,00 1.920,00 5362
113 488,02 25,62 12,06 99,00 1.937,00 5364
114 488,02 25,62 12,06 99,00 1.954,00 5366
115 488,02 25,62 12,05 99,00 1.971,00 5366
116 488,02 25,62 12,05 99,00 1.988,00 5366
117 488,02 25,62 12,05 99,00 2.005,00 5366
118 488,02 25,62 12,05 99,00 2.022,00 5367
119 488,02 25,62 12,05 99,00 2.039,00 5368
120 488,02 25,62 12,05 5,00 2.056,00 5368
121 488,02 25,62 12,05 5,00 2.073,00 5378
122 488,02 25,62 12,04 5,00 2.090,00 5387
123 488,02 25,62 12,04 5,00 2.107,00 5391
124 488,02 25,62 12,04 5,00 2.124,00 5392
125 488,02 25,62 12,04 5,00 2.141,00 5392
126 488,02 25,62 12,04 5,00 2.158,00 5392
127 488,02 25,62 12,04 5,00 2.175,00 5392
128 488,02 25,62 12,04 5,00 2.192,00 5392
129 488,02 25,62 12,04 5,00 2.209,00 5392
130 488,02 1,10 0,52 5,00 2.226,00 5392
131 488,02 1,10 0,52 5,00 2.243,00 5392
132 488,02 1,10 0,52 5,00 2.260,00 5392
133 488,02 1,10 0,52 5,00 2.277,00 5392
134 488,02 1,10 0,52 5,00 2.294,00 5392
135 488,02 1,10 0,52 5,00 2.311,00 5392
136 488,02 1,10 0,52 5,00 2.328,00 5392
137 488,02 1,10 0,52 5,00 2.345,00 5392
138 488,02 1,10 0,52 5,00 2.362,00 5392
139 488,02 1,10 0,52 5,00 2.379,00 5392
140 488,02 1,10 0,52 5,00 2.396,00 5397
141 488,02 1,10 0,51 5,00 2.413,00 5398
142 488,02 1,10 0,51 5,00 2.430,00 5398
143 488,02 1,10 0,51 5,00 2.447,00 5398
144 488,02 0,99 0,46 5,00 2.464,00 5398
145 488,02 0,99 0,46 5,00 2.481,00 5398
146 488,02 0,99 0,46 5,00 2.498,00 5398
147 488,02 0,99 0,46 5,00 2.515,00 5398
148 488,02 0,99 0,46 5,00 2.532,00 5398
149 488,02 0,99 0,46 5,00 2.549,00 5398
150 488,02 0,99 0,46 99,00 2.566,00 5398
151 488,02 0,99 0,46 99,00 2.583,00 5443
152 488,02 0,99 0,46 99,00 2.600,00 5461
153 488,02 18,47 8,64 99,00 2.616,00 5469
154 488,02 18,47 8,64 99,00 2.633,00 5476
155 488,02 18,47 8,64 99,00 2.650,00 5480
156 488,02 18,47 8,64 99,00 2.667,00 5482
157 488,02 18,47 8,64 99,00 2.684,00 5482
158 488,02 18,47 8,64 99,00 2.701,00 5492
159 488,02 18,47 8,64 99,00 2.718,00 5501
160 488,02 17,67 8,26 99,00 2.735,00 5510
161 488,02 17,67 8,26 99,00 2.752,00 5520
162 488,02 17,67 8,26 99,00 2.769,00 5532
163 488,02 17,34 8,11 99,00 2.786,00 5544
164 488,02 17,34 8,11 99,00 2.803,00 5553
165 488,02 17,34 8,11 99,00 2.820,00 5560
166 488,02 17,34 8,11 99,00 2.837,00 5566
167 488,02 17,34 8,11 99,00 2.854,00 5570
168 488,02 16,83 7,87 99,00 2.871,00 5573
169 488,02 16,83 7,87 99,00 2.888,00 5575
170 488,02 16,83 7,87 99,00 2.905,00 5576
171 488,02 16,83 7,87 99,00 2.922,00 5577
172 488,02 16,83 7,87 99,00 2.939,00 5578
173 488,02 16,83 7,87 99,00 2.956,00 5579
174 488,02 16,83 7,87 99,00 2.973,00 5580
175 488,02 16,83 7,87 99,00 2.990,00 5582
176 488,02 16,83 7,87 99,00 3.007,00 5583
177 488,02 16,83 7,87 99,00 3.024,00 5584
178 488,02 16,83 7,87 99,00 3.041,00 5587
179 488,02 15,80 7,37 99,00 3.058,00 5589
180 488,02 15,80 7,37 10,00 3.075,00 5591
181 488,02 15,80 7,37 10,00 3.092,00 5600
182 488,02 1,57 0,73 10,00 3.109,00 5601
183 488,02 1,57 0,73 10,00 3.126,00 5602
184 488,02 1,57 0,73 10,00 3.143,00 5602
185 488,02 1,57 0,73 10,00 3.160,00 5602
186 488,02 1,57 0,73 10,00 3.177,00 5602
187 488,02 1,57 0,73 10,00 3.194,00 5602
188 488,02 1,57 0,73 10,00 3.211,00 5602
189 488,02 1,57 0,73 10,00 3.228,00 5602
190 488,02 1,57 0,73 10,00 3.245,00 5602
191 488,02 1,57 0,73 10,00 3.262,00 5604
192 488,02 1,57 0,73 10,00 3.279,00 5606
193 488,02 1,57 0,73 10,00 3.296,00 5607
194 488,02 1,47 0,69 10,00 3.313,00 5611
195 488,02 1,47 0,69 10,00 3.330,00 5613
196 488,02 1,47 0,69 10,00 3.347,00 5613
197 488,02 1,47 0,69 10,00 3.364,00 5613
198 488,02 1,47 0,69 10,00 3.381,00 5613
199 488,02 1,47 0,69 10,00 3.398,00 5613
200 488,02 1,47 0,69 10,00 3.415,00 5613
201 488,02 1,47 0,69 10,00 3.432,00 5613
202 488,02 1,47 0,69 10,00 3.449,00 5613
203 488,02 1,47 0,69 10,00 3.466,00 5613
204 488,02 1,47 0,69 10,00 3.483,00 5613
205 488,02 1,47 0,69 10,00 3.500,00 5613
206 488,02 1,47 0,69 10,00 3.517,00 5613
207 488,02 1,47 0,69 10,00 3.534,00 5613
208 488,02 1,47 0,69 10,00 3.551,00 5614
209 488,02 1,47 0,68 10,00 3.568,00 5616
210 488,02 1,47 0,68 86,00 3.585,00 5616
211 488,02 1,47 0,68 86,00 3.602,00 5655
212 488,02 1,47 0,68 86,00 3.619,00 5665
213 488,02 1,47 0,68 86,00 3.636,00 5671
214 488,02 1,47 0,68 86,00 3.653,00 5671
215 488,02 1,47 0,68 86,00 3.670,00 5671
216 488,02 1,47 0,68 86,00 3.687,00 5671
217 488,02 1,47 0,68 86,00 3.704,00 5671
218 488,02 1,47 0,68 86,00 3.721,00 5671
219 488,02 1,47 0,68 86,00 3.738,00 5671
220 488,02 1,47 0,68 86,00 3.755,00 5671
221 488,02 1,47 0,68 86,00 3.772,00 5671
222 488,02 1,47 0,68 86,00 3.789,00 5671
223 488,02 1,47 0,68 86,00 3.806,00 5671
224 488,02 1,47 0,68 86,00 3.823,00 5671
225 488,02 1,47 0,68 86,00 3.840,00 5671
226 488,02 1,47 0,68 86,00 3.857,00 5671
227 488,02 1,47 0,68 86,00 3.874,00 5671
228 488,02 1,47 0,68 86,00 3.891,00 5671
229 488,02 1,47 0,68 86,00 3.908,00 5671
230 488,02 1,47 0,68 86,00 3.925,00 5671
231 488,02 1,47 0,68 86,00 3.942,00 5671
232 488,02 1,47 0,68 86,00 3.959,00 5671
233 488,02 1,47 0,68 86,00 3.976,00 5671
234 488,02 10,51 4,88 86,00 3.993,00 5671
235 488,02 10,51 4,88 86,00 4.010,00 5671
236 488,02 10,51 4,88 86,00 4.027,00 5671
237 488,02 10,51 4,88 86,00 4.044,00 5671
238 488,02 10,51 4,88 86,00 4.061,00 5671
239 488,02 10,51 4,88 86,00 4.078,00 5671
240 488,02 10,25 4,75 7,00 4.095,00 5671
241 488,02 10,25 4,75 7,00 4.112,00 5686
242 488,02 10,25 4,74 7,00 4.129,00 5686
243 488,02 10,25 4,74 7,00 4.146,00 5687
244 488,02 10,25 4,74 7,00 4.163,00 5688
245 488,02 10,25 4,74 7,00 4.180,00 5688
246 488,02 10,25 4,74 7,00 4.197,00 5688
247 488,02 10,25 4,74 7,00 4.214,00 5688
248 488,02 10,25 4,74 7,00 4.231,00 5688
249 488,02 0,80 0,37 7,00 4.248,00 5691
250 488,02 0,80 0,37 7,00 4.265,00 5693
251 488,02 0,80 0,37 7,00 4.282,00 5693
252 488,02 0,79 0,37 7,00 4.299,00 5693
253 488,02 0,79 0,37 7,00 4.316,00 5694
254 488,02 0,79 0,37 7,00 4.333,00 5694
255 488,02 0,79 0,37 7,00 4.350,00 5694
256 488,02 0,79 0,37 7,00 4.367,00 5694
257 488,02 0,79 0,37 7,00 4.384,00 5694
258 488,02 0,79 0,37 7,00 4.401,00 5694
259 488,02 0,79 0,37 7,00 4.418,00 5694
260 488,02 0,79 0,37 7,00 4.435,00 5694
261 488,02 0,79 0,37 7,00 4.452,00 5694
262 488,02 0,79 0,37 7,00 4.469,00 5694
263 488,02 0,79 0,37 7,00 4.486,00 5694
264 488,02 0,79 0,37 7,00 4.503,00 5694
265 488,02 0,79 0,37 7,00 4.520,00 5694
266 488,02 0,79 0,37 7,00 4.537,00 5694
267 488,02 0,79 0,37 7,00 4.554,00 5694
268 488,02 0,79 0,37 7,00 4.571,00 5694
269 488,02 0,79 0,37 7,00 4.588,00 5694
270 488,02 0,79 0,37 101,00 4.605,00 5694
271 488,02 0,79 0,37 101,00 4.622,00 5724
272 488,02 0,79 0,37 101,00 4.639,00 5736
273 488,02 0,79 0,37 101,00 4.656,00 5742
274 488,02 0,79 0,37 101,00 4.673,00 5742
275 488,02 0,79 0,37 101,00 4.690,00 5742
276 488,02 0,79 0,37 101,00 4.707,00 5742
277 488,02 0,79 0,37 101,00 4.724,00 5742
278 488,02 0,79 0,37 101,00 4.741,00 5742
279 488,02 0,79 0,37 101,00 4.758,00 5742
280 488,02 0,79 0,37 101,00 4.775,00 5742
281 488,02 0,79 0,37 101,00 4.792,00 5742
282 488,02 0,79 0,37 101,00 4.809,00 5742
283 488,02 0,79 0,37 101,00 4.826,00 5742
284 488,02 0,79 0,37 101,00 4.843,00 5742
285 488,02 0,79 0,37 101,00 4.860,00 5742
286 488,02 0,79 0,37 101,00 4.877,00 5742
287 488,02 0,79 0,37 101,00 4.894,00 5742
288 488,02 10,04 4,62 101,00 4.911,00 5742
289 488,02 10,04 4,62 101,00 4.928,00 5742
290 488,02 10,04 4,62 101,00 4.945,00 5742
291 488,02 10,04 4,62 101,00 4.962,00 5742
292 488,02 10,04 4,62 101,00 4.979,00 5742
293 488,02 10,04 4,62 101,00 4.996,00 5742
294 488,02 10,04 4,62 101,00 5.013,00 5742
295 488,02 10,04 4,62 101,00 5.030,00 5742
296 488,02 10,04 4,62 101,00 5.047,00 5742
297 488,02 10,04 4,62 101,00 5.064,00 5742
298 488,02 10,04 4,62 101,00 5.081,00 5742
299 488,02 9,67 4,45 101,00 5.098,00 5742
300 488,02 9,67 4,45 21,00 5.115,00 5742
301 488,02 9,67 4,45 21,00 5.132,00 5752
302 488,02 9,67 4,43 21,00 5.149,00 5752
303 488,02 9,67 4,43 21,00 5.166,00 5752
304 488,02 9,67 4,43 21,00 5.183,00 5752
305 488,02 9,67 4,43 21,00 5.200,00 5752
306 488,02 9,67 4,43 21,00 5.217,00 5762
307 488,02 9,67 4,42 21,00 5.234,00 5773
308 488,02 9,67 4,42 21,00 5.251,00 5778
309 488,02 9,67 4,42 21,00 5.268,00 5780
310 488,02 9,67 4,42 21,00 5.285,00 5780
311 488,02 9,67 4,42 21,00 5.302,00 5780
312 488,02 9,67 4,42 21,00 5.319,00 5780
313 488,02 9,67 4,42 21,00 5.336,00 5782
314 488,02 9,67 4,42 21,00 5.353,00 5783
315 488,02 9,67 4,42 21,00 5.370,00 5783
316 488,02 1,90 0,87 21,00 5.387,00 5783
317 488,02 1,90 0,87 21,00 5.404,00 5783
318 488,02 1,90 0,87 21,00 5.421,00 5783
319 488,02 1,90 0,87 21,00 5.438,00 5783
320 488,02 1,90 0,87 21,00 5.455,00 5783
321 488,02 1,90 0,87 21,00 5.472,00 5783
322 488,02 1,87 0,85 21,00 5.489,00 5783
323 488,02 1,87 0,85 21,00 5.506,00 5783
324 488,02 1,87 0,85 21,00 5.523,00 5783
325 488,02 1,85 0,85 21,00 5.540,00 5783
326 488,02 1,85 0,85 21,00 5.557,00 5783
327 488,02 1,85 0,85 21,00 5.574,00 5783
328 488,02 1,83 0,84 21,00 5.591,00 5783
329 488,02 1,83 0,84 21,00 5.608,00 5783
330 488,02 1,83 0,84 79,00 5.625,00 5783
331 488,02 6,83 3,13 79,00 5.642,00 5809
332 488,02 6,83 3,11 79,00 5.659,00 5815
333 488,02 6,83 3,11 79,00 5.676,00 5818
334 488,02 6,83 3,11 79,00 5.693,00 5819
335 488,02 6,83 3,11 79,00 5.710,00 5820
336 488,02 6,83 3,11 79,00 5.727,00 5820
337 488,02 6,83 3,11 79,00 5.744,00 5820
338 488,02 6,69 3,05 79,00 5.761,00 5820
339 488,02 6,69 3,05 79,00 5.778,00 5820
340 488,02 6,69 3,05 79,00 5.795,00 5820
341 488,02 6,69 3,05 79,00 5.812,00 5820
342 488,02 6,69 3,05 79,00 5.829,00 5820
343 488,02 6,69 3,05 79,00 5.846,00 5820
344 488,02 6,69 3,05 79,00 5.863,00 5820
345 488,02 6,69 3,05 79,00 5.880,00 5820
346 488,02 6,69 3,05 79,00 5.897,00 5820
347 488,02 6,69 3,05 79,00 5.914,00 5820
348 488,02 6,69 3,05 79,00 5.931,00 5820
349 488,02 6,48 2,95 79,00 5.948,00 5820
350 488,02 6,48 2,95 79,00 5.965,00 5820
351 488,02 6,48 2,95 79,00 5.982,00 5820
352 488,02 6,48 2,95 79,00 5.999,00 5820
353 488,02 6,48 2,95 79,00 6.016,00 5820
354 488,02 6,48 2,95 79,00 6.033,00 5820
355 488,02 6,48 2,95 79,00 6.050,00 5820
356 488,02 6,48 2,95 79,00 6.067,00 5820
357 488,02 6,48 2,95 79,00 6.084,00 5820
358 488,02 6,48 2,95 79,00 6.101,00 5820
359 488,02 6,48 2,95 79,00 6.118,00 5820
360 488,02 6,48 2,95 7,00 6.135,00 5820
361 488,02 6,48 2,95 7,00 6.152,00 5827
362 488,02 6,48 2,94 7,00 6.169,00 5827
363 488,02 6,48 2,94 7,00 6.186,00 5827
364 488,02 6,48 2,94 7,00 6.203,00 5827
365 488,02 6,48 2,94 7,00 6.220,00 5827
366 488,02 6,48 2,94 7,00 6.237,00 5827
367 488,02 6,48 2,94 7,00 6.254,00 5827
368 488,02 6,48 2,94 7,00 6.271,00 5827
369 488,02 6,48 2,94 7,00 6.288,00 5827
370 488,02 6,48 2,94 7,00 6.305,00 5827
371 488,02 6,48 2,94 7,00 6.322,00 5827
372 488,02 6,48 2,94 7,00 6.339,00 5827
373 488,02 6,48 2,94 7,00 6.356,00 5827
374 488,02 6,48 2,94 7,00 6.373,00 5827
375 488,02 6,48 2,94 7,00 6.390,00 5827
376 488,02 6,48 2,94 7,00 6.407,00 5827
377 488,02 6,48 2,94 7,00 6.424,00 5827
378 488,02 6,48 2,94 7,00 6.441,00 5827
379 488,02 6,48 2,94 7,00 6.458,00 5827
380 488,02 6,48 2,94 7,00 6.475,00 5827
381 488,02 6,48 2,94 7,00 6.492,00 5827
382 488,02 0,52 0,24 7,00 6.509,00 5827
383 488,02 0,52 0,24 7,00 6.526,00 5833
384 488,02 0,52 0,24 7,00 6.543,00 5833
385 488,02 0,52 0,24 7,00 6.560,00 5833
386 488,02 0,52 0,24 7,00 6.577,00 5833
387 488,02 0,52 0,23 7,00 6.594,00 5833
388 488,02 0,52 0,23 7,00 6.611,00 5833
389 488,02 0,52 0,23 7,00 6.628,00 5833
390 488,02 0,52 0,23 101,00 6.645,00 5833
391 488,02 7,40 3,35 101,00 6.662,00 5854
392 488,02 7,40 3,34 101,00 6.679,00 5858
393 488,02 7,40 3,34 101,00 6.696,00 5861
394 488,02 7,40 3,34 101,00 6.713,00 5861
395 488,02 7,40 3,34 101,00 6.730,00 5861
396 488,02 7,40 3,34 101,00 6.747,00 5861
397 488,02 7,40 3,34 101,00 6.764,00 5861
398 488,02 7,40 3,34 101,00 6.781,00 5861
399 488,02 7,40 3,34 101,00 6.798,00 5861
400 488,02 7,23 3,27 101,00 6.815,00 5861
401 488,02 7,23 3,27 101,00 6.832,00 5865
402 488,02 7,23 3,27 101,00 6.849,00 5866
403 488,02 7,23 3,27 101,00 6.866,00 5866
404 488,02 7,23 3,27 101,00 6.883,00 5866
405 488,02 7,23 3,27 101,00 6.900,00 5866
406 488,02 7,23 3,27 101,00 6.917,00 5866
407 488,02 7,23 3,27 101,00 6.934,00 5866
408 488,02 7,23 3,27 101,00 6.951,00 5866
409 488,02 7,07 3,19 101,00 6.968,00 5866
410 488,02 7,07 3,19 101,00 6.985,00 5866
411 488,02 7,07 3,19 101,00 7.002,00 5866
412 488,02 7,07 3,19 101,00 7.019,00 5866
413 488,02 7,07 3,19 101,00 7.036,00 5866
414 488,02 7,07 3,19 101,00 7.053,00 5866
415 488,02 6,97 3,15 101,00 7.070,00 5866
416 488,02 6,97 3,15 101,00 7.087,00 5866
417 488,02 6,94 3,13 101,00 7.104,00 5866
418 488,02 6,94 3,13 101,00 7.121,00 5866
419 488,02 6,94 3,13 101,00 7.138,00 5866
420 488,02 6,94 3,13 23,00 7.155,00 5866
421 488,02 6,94 3,13 23,00 7.172,00 5875
422 488,02 6,94 3,12 23,00 7.189,00 5878
423 488,02 6,94 3,12 23,00 7.206,00 5879
424 488,02 6,94 3,12 23,00 7.223,00 5879
425 488,02 6,94 3,12 23,00 7.240,00 5879
426 488,02 6,94 3,12 23,00 7.257,00 5879
427 488,02 6,94 3,12 23,00 7.274,00 5879
428 488,02 6,94 3,12 23,00 7.291,00 5880
429 488,02 6,94 3,12 23,00 7.308,00 5880
430 488,02 6,94 3,12 23,00 7.325,00 5880
431 488,02 6,94 3,12 23,00 7.342,00 5880
432 488,02 6,94 3,12 23,00 7.359,00 5880
433 488,02 6,94 3,12 23,00 7.376,00 5880
434 488,02 6,94 3,12 23,00 7.393,00 5880
435 488,02 6,94 3,12 23,00 7.410,00 5880
436 488,02 6,94 3,12 23,00 7.427,00 5880
437 488,02 1,51 0,68 23,00 7.444,00 5880
438 488,02 1,51 0,68 23,00 7.461,00 5880
439 488,02 1,51 0,68 23,00 7.478,00 5880
440 488,02 1,50 0,67 23,00 7.495,00 5880
441 488,02 1,50 0,67 23,00 7.512,00 5880
442 488,02 1,50 0,67 23,00 7.529,00 5880
443 488,02 1,50 0,67 23,00 7.546,00 5880
444 488,02 1,50 0,67 23,00 7.563,00 5880
445 488,02 1,50 0,67 23,00 7.580,00 5880
446 488,02 1,50 0,67 23,00 7.597,00 5880
447 488,02 1,50 0,67 23,00 7.614,00 5880
448 488,02 1,50 0,67 23,00 7.631,00 5880
449 488,02 1,50 0,67 23,00 7.648,00 5880
450 488,02 1,50 0,67 85,00 7.665,00 5880
451 488,02 1,50 0,67 85,00 7.682,00 5901
452 488,02 1,50 0,67 85,00 7.699,00 5908
453 488,02 1,50 0,67 85,00 7.716,00 5908
454 488,02 1,50 0,67 85,00 7.733,00 5908
455 488,02 1,50 0,67 85,00 7.750,00 5908
456 488,02 1,50 0,67 85,00 7.767,00 5909
457 488,02 5,33 2,38 85,00 7.784,00 5909
458 488,02 5,33 2,38 85,00 7.801,00 5909
459 488,02 5,33 2,38 85,00 7.818,00 5909
460 488,02 5,29 2,37 85,00 7.835,00 5909
461 488,02 5,29 2,37 85,00 7.852,00 5909
462 488,02 5,29 2,37 85,00 7.869,00 5909
463 488,02 5,29 2,37 85,00 7.886,00 5909
464 488,02 5,29 2,37 85,00 7.903,00 5909
465 488,02 5,29 2,37 85,00 7.920,00 5909
466 488,02 5,29 2,37 85,00 7.937,00 5909
467 488,02 5,29 2,37 85,00 7.954,00 5909
468 488,02 5,29 2,37 85,00 7.971,00 5909
469 488,02 5,29 2,37 85,00 7.988,00 5909
470 488,02 5,29 2,37 85,00 8.005,00 5909
471 488,02 5,29 2,37 85,00 8.022,00 5909
472 488,02 5,29 2,37 85,00 8.039,00 5909
473 488,02 5,29 2,37 85,00 8.056,00 5909
474 488,02 5,29 2,37 85,00 8.073,00 5909
475 488,02 5,29 2,37 85,00 8.090,00 5909
476 488,02 5,29 2,37 85,00 8.107,00 5909
477 488,02 5,29 2,37 85,00 8.124,00 5909
478 488,02 5,29 2,37 85,00 8.141,00 5909
479 488,02 5,29 2,37 85,00 8.158,00 5909
480 488,02 5,07 2,27 27,00 8.175,00 5909
481 488,02 5,07 2,27 27,00 8.192,00 5915
482 488,02 5,07 2,26 27,00 8.209,00 5916
483 488,02 5,07 2,26 27,00 8.226,00 5916
484 488,02 5,07 2,26 27,00 8.243,00 5916
485 488,02 5,07 2,26 27,00 8.260,00 5916
486 488,02 5,07 2,26 27,00 8.277,00 5916
487 488,02 5,07 2,26 27,00 8.294,00 5916
488 488,02 5,07 2,26 27,00 8.311,00 5916
489 488,02 5,07 2,26 27,00 8.328,00 5916
490 488,02 5,07 2,26 27,00 8.345,00 5916
491 488,02 5,07 2,26 27,00 8.362,00 5916
492 488,02 5,07 2,26 27,00 8.379,00 5916
493 488,02 5,07 2,26 27,00 8.396,00 5916
494 488,02 5,07 2,26 27,00 8.413,00 5916
495 488,02 5,07 2,26 27,00 8.430,00 5916
496 488,02 5,07 2,26 27,00 8.447,00 5916
497 488,02 5,07 2,26 27,00 8.464,00 5916
498 488,02 5,07 2,26 27,00 8.481,00 5916
499 488,02 5,07 2,26 27,00 8.498,00 5916
500 488,02 5,07 2,26 27,00 8.515,00 5916
501 488,02 5,07 2,26 27,00 8.532,00 5916
502 488,02 5,07 2,26 27,00 8.549,00 5916
503 488,02 5,07 2,26 27,00 8.566,00 5916
504 488,02 5,07 2,26 27,00 8.583,00 5916
505 488,02 5,07 2,26 27,00 8.600,00 5919
506 488,02 5,07 2,25 27,00 8.617,00 5919
507 488,02 1,53 0,68 27,00 8.634,00 5919
508 488,02 1,52 0,68 27,00 8.651,00 5919
509 488,02 1,52 0,68 27,00 8.668,00 5919
510 488,02 1,52 0,68 89,00 8.685,00 5919
511 488,02 1,52 0,68 89,00 8.702,00 5935
512 488,02 1,52 0,68 89,00 8.719,00 5937
513 488,02 1,52 0,68 89,00 8.736,00 5938
514 488,02 1,52 0,68 89,00 8.753,00 5938
515 488,02 1,52 0,68 89,00 8.770,00 5938
516 488,02 1,52 0,68 89,00 8.787,00 5938
517 488,02 1,52 0,68 89,00 8.804,00 5938
518 488,02 1,52 0,68 89,00 8.821,00 5938
519 488,02 1,52 0,68 89,00 8.838,00 5938
520 488,02 1,52 0,68 89,00 8.855,00 5938
521 488,02 1,52 0,68 89,00 8.872,00 5938
522 488,02 1,52 0,68 89,00 8.889,00 5938
523 488,02 1,52 0,68 89,00 8.906,00 5938
524 488,02 1,52 0,68 89,00 8.923,00 5938
525 488,02 1,52 0,68 89,00 8.940,00 5938
526 488,02 1,52 0,68 89,00 8.957,00 5938
527 488,02 1,52 0,68 89,00 8.974,00 5938
528 488,02 1,52 0,68 89,00 8.991,00 5938
529 488,02 1,52 0,68 89,00 9.008,00 5938
530 488,02 1,52 0,68 89,00 9.025,00 5938
531 488,02 1,52 0,68 89,00 9.042,00 5938
532 488,02 4,79 2,13 89,00 9.059,00 5938
533 488,02 4,79 2,13 89,00 9.076,00 5938
534 488,02 4,79 2,13 89,00 9.093,00 5938
535 488,02 4,77 2,11 89,00 9.110,00 5938
536 488,02 4,77 2,11 89,00 9.127,00 5938
537 488,02 4,77 2,11 89,00 9.144,00 5938
538 488,02 4,77 2,11 89,00 9.161,00 5938
539 488,02 4,77 2,11 89,00 9.178,00 5938
540 488,02 4,77 2,11 36,00 9.195,00 5938
541 488,02 4,77 2,11 36,00 9.212,00 5942
542 488,02 1,90 0,84 36,00 9.229,00 5944
543 488,02 1,90 0,84 36,00 9.246,00 5946
544 488,02 1,90 0,84 36,00 9.263,00 5947
545 488,02 1,90 0,84 36,00 9.280,00 5958
546 488,02 1,90 0,84 36,00 9.297,00 5965
547 488,02 1,90 0,84 36,00 9.314,00 5965
548 488,02 1,90 0,84 36,00 9.331,00 5965
549 488,02 1,90 0,84 36,00 9.348,00 5965
550 488,02 1,90 0,84 36,00 9.365,00 5965
551 488,02 1,90 0,84 36,00 9.382,00 5965
552 488,02 1,90 0,84 36,00 9.399,00 5965
553 488,02 1,90 0,84 36,00 9.416,00 5965
554 488,02 1,90 0,84 36,00 9.433,00 5965
555 488,02 1,90 0,84 36,00 9.450,00 5965
556 488,02 1,86 0,82 36,00 9.467,00 5965
557 488,02 1,86 0,82 36,00 9.484,00 5965
558 488,02 1,86 0,82 36,00 9.501,00 5965
559 488,02 1,86 0,82 36,00 9.518,00 5969
560 488,02 1,86 0,82 36,00 9.535,00 5969
561 488,02 1,86 0,82 36,00 9.552,00 5969
562 488,02 1,86 0,82 36,00 9.569,00 5969
563 488,02 1,86 0,82 36,00 9.586,00 5969
564 488,02 1,86 0,82 36,00 9.603,00 5969
565 488,02 1,86 0,82 36,00 9.620,00 5969
566 488,02 1,86 0,82 36,00 9.637,00 5969
567 488,02 1,86 0,82 36,00 9.654,00 5969
568 488,02 1,86 0,82 36,00 9.671,00 5969
569 488,02 1,86 0,82 36,00 9.688,00 5969
570 488,02 1,86 0,82 80,00 9.705,00 5969
571 488,02 1,86 0,82 80,00 9.722,00 5988
572 488,02 1,86 0,82 80,00 9.739,00 5994
573 488,02 1,86 0,82 80,00 9.756,00 5999
574 488,02 1,86 0,82 80,00 9.773,00 6004
575 488,02 1,86 0,82 80,00 9.790,00 6007
576 488,02 1,86 0,82 80,00 9.807,00 6009
577 488,02 1,86 0,82 80,00 9.824,00 6010
578 488,02 1,86 0,82 80,00 9.841,00 6010
579 488,02 1,86 0,82 80,00 9.858,00 6010
580 488,02 1,86 0,82 80,00 9.875,00 6010
581 488,02 1,86 0,82 80,00 9.892,00 6010
582 488,02 1,86 0,82 80,00 9.909,00 6010
583 488,02 1,86 0,82 80,00 9.926,00 6010
584 488,02 1,86 0,82 80,00 9.943,00 6010
585 488,02 3,92 1,72 80,00 9.960,00 6010
586 488,02 3,92 1,72 80,00 9.977,00 6010
587 488,02 3,92 1,72 80,00 9.994,00 6010
588 488,02 3,92 1,72 80,00 10.011,00 6010
589 488,02 3,89 1,71 80,00 10.028,00 6010
590 488,02 3,89 1,71 80,00 10.045,00 6010
591 488,02 3,89 1,71 80,00 10.062,00 6010
592 488,02 3,89 1,71 80,00 10.079,00 6010
593 488,02 3,89 1,71 80,00 10.096,00 6010
594 488,02 3,86 1,70 80,00 10.113,00 6010
595 488,02 3,86 1,70 80,00 10.130,00 6010
596 488,02 3,86 1,70 80,00 10.147,00 6010
597 488,02 3,84 1,69 80,00 10.164,00 6010
598 488,02 3,84 1,69 80,00 10.181,00 6010
599 488,02 3,84 1,69 80,00 10.198,00 6010
600 488,02 3,84 1,69 20,00 10.215,00 6010
601 488,02 3,84 1,69 20,00 10.232,00 6019
602 488,02 3,84 1,68 20,00 10.249,00 6021
603 488,02 3,84 1,68 20,00 10.266,00 6022
604 488,02 3,84 1,68 20,00 10.283,00 6022
605 488,02 3,84 1,68 20,00 10.300,00 6022
606 488,02 3,84 1,68 20,00 10.317,00 6022
607 488,02 3,84 1,68 20,00 10.334,00 6022
608 488,02 3,84 1,68 20,00 10.351,00 6023
609 488,02 3,84 1,68 20,00 10.368,00 6023
610 488,02 3,84 1,68 20,00 10.385,00 6023
611 488,02 3,84 1,68 20,00 10.402,00 6023
612 488,02 3,84 1,68 20,00 10.419,00 6023
613 488,02 3,84 1,68 20,00 10.436,00 6023
614 488,02 3,84 1,68 20,00 10.453,00 6023
615 488,02 0,93 0,41 20,00 10.470,00 6023
616 488,02 0,93 0,41 20,00 10.487,00 6023
617 488,02 0,93 0,41 20,00 10.504,00 6023
618 488,02 0,93 0,41 20,00 10.521,00 6023
619 488,02 0,93 0,41 20,00 10.538,00 6023
620 488,02 0,92 0,40 20,00 10.555,00 6023
621 488,02 0,92 0,40 20,00 10.572,00 6023
622 488,02 0,92 0,40 20,00 10.589,00 6023
623 488,02 0,92 0,40 20,00 10.606,00 6023
624 488,02 0,92 0,40 20,00 10.623,00 6023
625 488,02 0,92 0,40 20,00 10.640,00 6023
626 488,02 0,92 0,40 20,00 10.657,00 6023
627 488,02 0,92 0,40 20,00 10.674,00 6023
628 488,02 0,92 0,40 20,00 10.691,00 6023
629 488,02 0,92 0,40 20,00 10.708,00 6023
630 488,02 0,92 0,40 100,00 10.725,00 6023
631 488,02 0,92 0,40 100,00 10.742,00 6039
632 488,02 0,92 0,40 100,00 10.759,00 6043
633 488,02 0,92 0,40 100,00 10.776,00 6043
634 488,02 0,92 0,40 100,00 10.793,00 6043
635 488,02 0,92 0,40 100,00 10.810,00 6043
636 488,02 4,51 1,96 100,00 10.827,00 6043
637 488,02 4,51 1,96 100,00 10.844,00 6043
638 488,02 4,51 1,96 100,00 10.861,00 6043
639 488,02 4,51 1,96 100,00 10.878,00 6043
640 488,02 4,51 1,96 100,00 10.895,00 6043
641 488,02 4,47 1,95 100,00 10.912,00 6043
642 488,02 4,47 1,95 100,00 10.929,00 6043
643 488,02 4,47 1,95 100,00 10.946,00 6043
644 488,02 4,47 1,95 100,00 10.963,00 6043
645 488,02 4,47 1,95 100,00 10.980,00 6043
646 488,02 4,47 1,95 100,00 10.997,00 6043
647 488,02 4,47 1,95 100,00 11.014,00 6043
648 488,02 4,47 1,95 100,00 11.031,00 6043
649 488,02 4,47 1,95 100,00 11.048,00 6043
650 488,02 4,47 1,95 100,00 11.065,00 6043
651 488,02 4,47 1,95 100,00 11.082,00 6043
652 488,02 4,40 1,92 100,00 11.099,00 6043
653 488,02 4,40 1,92 100,00 11.116,00 6043
654 488,02 4,38 1,91 100,00 11.133,00 6043
655 488,02 4,38 1,91 100,00 11.150,00 6043
656 488,02 4,38 1,91 100,00 11.167,00 6043
657 488,02 4,38 1,91 100,00 11.184,00 6043
658 488,02 4,38 1,91 100,00 11.201,00 6043
659 488,02 4,38 1,91 100,00 11.218,00 6043
660 488,02 4,38 1,91 27,00 11.235,00 6043
661 488,02 4,38 1,91 27,00 11.252,00 6047
662 488,02 4,38 1,90 27,00 11.269,00 6047
663 488,02 4,38 1,90 27,00 11.286,00 6047
664 488,02 1,17 0,51 27,00 11.303,00 6047
665 488,02 1,17 0,51 27,00 11.320,00 6047
666 488,02 1,17 0,51 27,00 11.337,00 6047
667 488,02 1,17 0,51 27,00 11.354,00 6047
668 488,02 1,17 0,51 27,00 11.371,00 6048
669 488,02 1,17 0,51 27,00 11.388,00 6048
670 488,02 1,17 0,51 27,00 11.405,00 6048
671 488,02 1,17 0,51 27,00 11.422,00 6048
672 488,02 1,17 0,51 27,00 11.439,00 6048
673 488,02 1,15 0,50 27,00 11.456,00 6048
674 488,02 1,15 0,50 27,00 11.473,00 6048
675 488,02 1,15 0,50 27,00 11.490,00 6048
676 488,02 1,15 0,50 27,00 11.507,00 6048
677 488,02 1,15 0,50 27,00 11.524,00 6048
678 488,02 1,15 0,50 27,00 11.541,00 6048
679 488,02 1,15 0,50 27,00 11.558,00 6048
680 488,02 1,15 0,50 27,00 11.575,00 6048
681 488,02 1,15 0,50 27,00 11.592,00 6048
682 488,02 1,15 0,50 27,00 11.609,00 6048
683 488,02 1,13 0,49 27,00 11.626,00 6048
684 488,02 1,13 0,49 27,00 11.643,00 6048
685 488,02 1,13 0,49 27,00 11.660,00 6048
686 488,02 1,13 0,49 27,00 11.677,00 6048
687 488,02 1,13 0,49 27,00 11.694,00 6048
688 488,02 1,13 0,49 27,00 11.711,00 6048
689 488,02 1,13 0,49 27,00 11.728,00 6048
690 488,02 1,12 0,49 99,00 11.745,00 6048
691 488,02 1,12 0,49 99,00 11.762,00 6060
692 488,02 1,12 0,48 99,00 11.779,00 6063
693 488,02 4,10 1,77 99,00 11.796,00 6066
694 488,02 4,10 1,77 99,00 11.813,00 6067
695 488,02 4,08 1,76 99,00 11.830,00 6068
696 488,02 4,08 1,76 99,00 11.847,00 6070
697 488,02 4,08 1,76 99,00 11.864,00 6070
698 488,02 4,08 1,76 99,00 11.881,00 6070
699 488,02 4,08 1,76 99,00 11.898,00 6070
700 488,02 4,08 1,76 99,00 11.915,00 6070
701 488,02 4,08 1,76 99,00 11.932,00 6070
702 488,02 4,08 1,76 99,00 11.949,00 6070
703 488,02 4,04 1,74 99,00 11.966,00 6070
704 488,02 4,04 1,74 99,00 11.983,00 6070
705 488,02 4,04 1,74 99,00 12.000,00 6070
706 488,02 4,04 1,74 99,00 12.017,00 6070
707 488,02 4,04 1,74 99,00 12.034,00 6070
708 488,02 4,04 1,74 99,00 12.051,00 6070
709 488,02 4,04 1,74 99,00 12.068,00 6070
710 488,02 4,04 1,74 99,00 12.085,00 6070
711 488,02 4,04 1,74 99,00 12.102,00 6070
712 488,02 4,04 1,74 99,00 12.119,00 6070
713 488,02 4,04 1,74 99,00 12.136,00 6070
714 488,02 4,04 1,74 99,00 12.153,00 6070
715 488,02 4,04 1,74 99,00 12.170,00 6070
716 488,02 4,04 1,74 99,00 12.187,00 6070
717 488,02 3,96 1,71 99,00 12.204,00 6070
718 488,02 3,96 1,71 99,00 12.221,00 6070
719 488,02 3,96 1,71 99,00 12.238,00 6070
720 488,02 3,94 1,70 33,00 12.255,00 6070
721 488,02 3,94 1,70 33,00 12.272,00 6073
722 488,02 3,94 1,70 33,00 12.289,00 6073
723 488,02 3,94 1,70 33,00 12.306,00 6073
724 488,02 3,94 1,70 33,00 12.323,00 6073
725 488,02 3,94 1,70 33,00 12.340,00 6073
726 488,02 3,94 1,70 33,00 12.357,00 6073
727 488,02 1,30 0,56 33,00 12.374,00 6073
728 488,02 1,30 0,56 33,00 12.391,00 6073
729 488,02 1,30 0,56 33,00 12.408,00 6073
730 488,02 1,30 0,56 33,00 12.425,00 6073
731 488,02 1,30 0,56 33,00 12.442,00 6073
732 488,02 1,30 0,56 33,00 12.459,00 6073
733 488,02 1,29 0,56 33,00 12.476,00 6073
734 488,02 1,29 0,56 33,00 12.493,00 6073
735 488,02 1,29 0,55 33,00 12.510,00 6073
736 488,02 1,29 0,55 33,00 12.527,00 6073
737 488,02 1,29 0,55 33,00 12.544,00 6073
738 488,02 1,29 0,55 33,00 12.561,00 6073
739 488,02 1,28 0,55 33,00 12.578,00 6073
740 488,02 1,28 0,55 33,00 12.595,00 6073
741 488,02 1,28 0,55 33,00 12.612,00 6073
742 488,02 1,28 0,55 33,00 12.629,00 6073
743 488,02 1,28 0,55 33,00 12.646,00 6073
744 488,02 1,28 0,55 33,00 12.663,00 6073
745 488,02 1,28 0,55 33,00 12.680,00 6073
746 488,02 1,28 0,55 33,00 12.697,00 6073
747 488,02 1,28 0,55 33,00 12.714,00 6073
748 488,02 1,28 0,55 33,00 12.731,00 6073
749 488,02 1,28 0,55 33,00 12.748,00 6073
750 488,02 1,26 0,54 91,00 12.765,00 6073
751 488,02 1,26 0,54 91,00 12.782,00 6081
752 488,02 1,26 0,54 91,00 12.799,00 6085
753 488,02 1,26 0,54 91,00 12.816,00 6085
754 488,02 1,26 0,54 91,00 12.833,00 6085
755 488,02 1,26 0,54 91,00 12.850,00 6085
756 488,02 1,26 0,54 91,00 12.867,00 6085
757 488,02 1,26 0,54 91,00 12.884,00 6085
758 488,02 1,26 0,54 91,00 12.901,00 6091
759 488,02 1,26 0,54 91,00 12.918,00 6094
760 488,02 1,26 0,54 91,00 12.935,00 6096
761 488,02 1,26 0,54 91,00 12.952,00 6097
762 488,02 1,26 0,54 91,00 12.969,00 6098
763 488,02 1,26 0,54 91,00 12.986,00 6098
764 488,02 1,26 0,54 91,00 13.003,00 6098
765 488,02 1,26 0,54 91,00 13.020,00 6098
766 488,02 1,26 0,54 91,00 13.037,00 6098
767 488,02 1,26 0,54 91,00 13.054,00 6098
768 488,02 1,26 0,54 91,00 13.071,00 6098
769 488,02 1,26 0,54 91,00 13.088,00 6098
770 488,02 1,26 0,54 91,00 13.105,00 6098
771 488,02 1,26 0,54 91,00 13.122,00 6098
772 488,02 1,26 0,54 91,00 13.139,00 6098
773 488,02 1,26 0,54 91,00 13.156,00 6098
774 488,02 1,26 0,54 91,00 13.173,00 6098
775 488,02 3,37 1,44 91,00 13.190,00 6098
776 488,02 3,37 1,44 91,00 13.207,00 6098
777 488,02 3,37 1,44 91,00 13.224,00 6098
778 488,02 3,37 1,44 91,00 13.241,00 6098
779 488,02 3,37 1,44 91,00 13.258,00 6098
780 488,02 3,37 1,44 37,00 13.275,00 6098
781 488,02 3,37 1,44 37,00 13.292,00 6102
782 488,02 3,37 1,44 37,00 13.309,00 6107
783 488,02 3,37 1,44 37,00 13.326,00 6110
784 488,02 3,37 1,44 37,00 13.343,00 6111
785 488,02 3,37 1,44 37,00 13.360,00 6111
786 488,02 3,37 1,44 37,00 13.377,00 6111
787 488,02 3,37 1,44 37,00 13.394,00 6111
788 488,02 1,35 0,57 37,00 13.411,00 6111
789 488,02 1,34 0,57 37,00 13.428,00 6111
790 488,02 1,34 0,57 37,00 13.445,00 6111
791 488,02 1,34 0,57 37,00 13.462,00 6111
792 488,02 1,34 0,57 37,00 13.479,00 6111
793 488,02 1,34 0,57 37,00 13.496,00 6111
794 488,02 1,34 0,57 37,00 13.513,00 6111
795 488,02 1,34 0,57 37,00 13.530,00 6111
796 488,02 1,34 0,57 37,00 13.547,00 6111
797 488,02 1,34 0,57 37,00 13.564,00 6111
798 488,02 1,34 0,57 37,00 13.581,00 6111
799 488,02 1,34 0,57 37,00 13.598,00 6111
800 488,02 1,34 0,57 37,00 13.615,00 6111
801 488,02 1,34 0,57 37,00 13.632,00 6111
802 488,02 1,32 0,56 37,00 13.649,00 6111
803 488,02 1,32 0,56 37,00 13.666,00 6111
804 488,02 1,32 0,56 37,00 13.683,00 6111
805 488,02 1,32 0,56 37,00 13.700,00 6111
806 488,02 1,32 0,56 37,00 13.717,00 6111
807 488,02 1,32 0,56 37,00 13.734,00 6111
808 488,02 1,32 0,56 37,00 13.751,00 6111
809 488,02 1,32 0,56 37,00 13.768,00 6111
810 488,02 1,32 0,56 89,00 13.785,00 6111
811 488,02 1,32 0,56 89,00 13.802,00 6120
812 488,02 3,14 1,33 89,00 13.819,00 6122
813 488,02 3,14 1,33 89,00 13.836,00 6123
814 488,02 3,14 1,33 89,00 13.853,00 6123
815 488,02 3,14 1,33 89,00 13.870,00 6123
816 488,02 3,14 1,33 89,00 13.887,00 6123
817 488,02 3,14 1,33 89,00 13.904,00 6123
818 488,02 3,14 1,33 89,00 13.921,00 6123
819 488,02 3,14 1,33 89,00 13.938,00 6123
820 488,02 3,14 1,33 89,00 13.955,00 6123
821 488,02 3,14 1,33 89,00 13.972,00 6123
822 488,02 3,14 1,33 89,00 13.989,00 6123
823 488,02 3,14 1,33 89,00 14.006,00 6123
824 488,02 3,10 1,32 89,00 14.023,00 6123
825 488,02 3,10 1,32 89,00 14.040,00 6123
826 488,02 3,10 1,32 89,00 14.057,00 6123
827 488,02 3,10 1,32 89,00 14.074,00 6123
828 488,02 3,10 1,32 89,00 14.091,00 6123
829 488,02 3,08 1,31 89,00 14.108,00 6123
830 488,02 3,08 1,31 89,00 14.125,00 6123
831 488,02 3,08 1,31 89,00 14.142,00 6123
832 488,02 3,08 1,31 89,00 14.159,00 6123
833 488,02 3,08 1,31 89,00 14.176,00 6123
834 488,02 3,08 1,31 89,00 14.193,00 6123
835 488,02 3,08 1,31 89,00 14.210,00 6123
836 488,02 3,08 1,31 89,00 14.227,00 6123
837 488,02 3,08 1,31 89,00 14.244,00 6123
838 488,02 3,08 1,31 89,00 14.261,00 6123
839 488,02 3,08 1,31 89,00 14.278,00 6123
840 488,02 3,08 1,31 43,00 14.295,00 6123
841 488,02 3,08 1,31 43,00 14.312,00 6130
842 488,02 3,08 1,30 43,00 14.329,00 6130
843 488,02 3,08 1,30 43,00 14.346,00 6130
844 488,02 3,08 1,30 43,00 14.363,00 6130
845 488,02 3,08 1,30 43,00 14.380,00 6130
846 488,02 1,46 0,62 43,00 14.397,00 6130
847 488,02 1,46 0,62 43,00 14.414,00 6130
848 488,02 1,46 0,62 43,00 14.431,00 6130
849 488,02 1,46 0,62 43,00 14.448,00 6130
850 488,02 1,46 0,62 43,00 14.465,00 6130
851 488,02 1,46 0,62 43,00 14.482,00 6130
852 488,02 1,46 0,62 43,00 14.499,00 6130
853 488,02 1,46 0,62 43,00 14.516,00 6130
854 488,02 1,46 0,62 43,00 14.533,00 6130
855 488,02 1,46 0,62 43,00 14.550,00 6130
856 488,02 1,46 0,62 43,00 14.567,00 6130
857 488,02 1,46 0,62 43,00 14.584,00 6130
858 488,02 1,46 0,62 43,00 14.601,00 6130
859 488,02 1,46 0,62 43,00 14.618,00 6130
860 488,02 1,46 0,62 43,00 14.635,00 6130
861 488,02 1,46 0,62 43,00 14.652,00 6130
862 488,02 1,46 0,62 43,00 14.669,00 6130
863 488,02 1,46 0,62 43,00 14.686,00 6130
864 488,02 1,46 0,62 43,00 14.703,00 6130
865 488,02 1,43 0,60 43,00 14.720,00 6130
866 488,02 1,42 0,60 43,00 14.737,00 6130
867 488,02 1,42 0,60 43,00 14.754,00 6130
868 488,02 1,42 0,60 43,00 14.771,00 6130
869 488,02 1,42 0,60 43,00 14.788,00 6130
870 488,02 1,42 0,60 91,00 14.805,00 6130
871 488,02 1,42 0,60 91,00 14.822,00 6139
872 488,02 2,99 1,26 91,00 14.839,00 6142
873 488,02 2,99 1,26 91,00 14.856,00 6144
874 488,02 2,99 1,26 91,00 14.873,00 6144
875 488,02 2,99 1,26 91,00 14.890,00 6152
876 488,02 2,99 1,26 91,00 14.907,00 6155
877 488,02 2,99 1,26 91,00 14.924,00 6156
878 488,02 2,99 1,26 91,00 14.941,00 6156
879 488,02 2,99 1,26 91,00 14.958,00 6156
880 488,02 2,97 1,25 91,00 14.975,00 6156
881 488,02 2,97 1,25 91,00 14.992,00 6156
882 488,02 2,97 1,25 91,00 15.009,00 6156
883 488,02 2,97 1,25 91,00 15.026,00 6156
884 488,02 2,97 1,25 91,00 15.043,00 6156
885 488,02 2,95 1,24 91,00 15.060,00 6156
886 488,02 2,95 1,24 91,00 15.077,00 6156
887 488,02 2,95 1,24 91,00 15.094,00 6156
888 488,02 2,95 1,24 91,00 15.111,00 6156
889 488,02 2,95 1,24 91,00 15.128,00 6156
890 488,02 2,95 1,24 91,00 15.145,00 6156
891 488,02 2,95 1,24 91,00 15.162,00 6156
892 488,02 2,93 1,23 91,00 15.179,00 6156
893 488,02 2,92 1,23 91,00 15.196,00 6156
894 488,02 2,92 1,23 91,00 15.213,00 6156
895 488,02 2,92 1,23 91,00 15.230,00 6156
896 488,02 2,92 1,23 91,00 15.247,00 6156
897 488,02 2,92 1,23 91,00 15.264,00 6156
898 488,02 2,92 1,23 91,00 15.281,00 6156
899 488,02 2,92 1,23 91,00 15.298,00 6156
900 488,02 2,92 1,23 27,00 15.315,00 6156
901 488,02 2,92 1,23 27,00 15.332,00 6161
902 488,02 2,92 1,23 27,00 15.349,00 6162
903 488,02 2,92 1,23 27,00 15.366,00 6163
904 488,02 2,92 1,23 27,00 15.383,00 6163
905 488,02 2,92 1,23 27,00 15.400,00 6164
906 488,02 2,92 1,23 27,00 15.417,00 6165
907 488,02 2,92 1,23 27,00 15.434,00 6165
908 488,02 2,92 1,23 27,00 15.451,00 6165
909 488,02 2,92 1,23 27,00 15.468,00 6165
910 488,02 0,85 0,36 27,00 15.485,00 6165
911 488,02 0,85 0,36 27,00 15.502,00 6165
912 488,02 0,85 0,36 27,00 15.519,00 6165
913 488,02 0,85 0,36 27,00 15.536,00 6165
914 488,02 0,85 0,36 27,00 15.553,00 6165
915 488,02 0,85 0,36 27,00 15.570,00 6165
916 488,02 0,85 0,36 27,00 15.587,00 6165
917 488,02 0,85 0,36 27,00 15.604,00 6165
918 488,02 0,85 0,36 27,00 15.621,00 6165
919 488,02 0,85 0,36 27,00 15.638,00 6165
920 488,02 0,85 0,36 27,00 15.655,00 6165
921 488,02 0,85 0,36 27,00 15.672,00 6165
922 488,02 0,85 0,36 27,00 15.689,00 6165
923 488,02 0,84 0,35 27,00 15.706,00 6165
924 488,02 0,84 0,35 27,00 15.723,00 6165
925 488,02 0,84 0,35 27,00 15.740,00 6165
926 488,02 0,84 0,35 27,00 15.757,00 6165
927 488,02 0,84 0,35 27,00 15.774,00 6165
928 488,02 0,84 0,35 27,00 15.791,00 6165
929 488,02 0,84 0,35 27,00 15.808,00 6165
930 488,02 0,83 0,35 103,00 15.825,00 6165
931 488,02 3,17 1,33 103,00 15.842,00 6173
932 488,02 3,17 1,33 103,00 15.859,00 6176
933 488,02 3,17 1,32 103,00 15.876,00 6176
934 488,02 3,17 1,32 103,00 15.893,00 6176
935 488,02 3,16 1,32 103,00 15.910,00 6176
936 488,02 3,16 1,32 103,00 15.927,00 6177
937 488,02 3,16 1,32 103,00 15.944,00 6177
938 488,02 3,16 1,32 103,00 15.961,00 6177
939 488,02 3,16 1,32 103,00 15.978,00 6177
940 488,02 3,16 1,32 103,00 15.995,00 6177
941 488,02 3,14 1,31 103,00 16.012,00 6177
942 488,02 3,14 1,31 103,00 16.029,00 6177
943 488,02 3,14 1,31 103,00 16.046,00 6177
944 488,02 3,14 1,31 103,00 16.063,00 6177
945 488,02 3,13 1,31 103,00 16.080,00 6177
946 488,02 3,13 1,31 103,00 16.097,00 6177
947 488,02 3,13 1,31 103,00 16.114,00 6177
948 488,02 3,12 1,30 103,00 16.131,00 6177
949 488,02 3,12 1,30 103,00 16.148,00 6177
950 488,02 3,12 1,30 103,00 16.165,00 6177
951 488,02 3,12 1,30 103,00 16.182,00 6177
952 488,02 3,12 1,30 103,00 16.199,00 6177
953 488,02 3,12 1,30 103,00 16.216,00 6177
954 488,02 3,12 1,30 103,00 16.233,00 6177
955 488,02 3,12 1,30 103,00 16.250,00 6177
956 488,02 3,09 1,29 103,00 16.267,00 6177
957 488,02 3,09 1,29 103,00 16.284,00 6177
958 488,02 3,09 1,29 103,00 16.301,00 6177
959 488,02 3,09 1,29 103,00 16.318,00 6177
960 488,02 3,09 1,29 43,00 16.335,00 6177
961 488,02 3,09 1,29 43,00 16.352,00 6179
962 488,02 3,09 1,29 43,00 16.369,00 6180
963 488,02 3,09 1,29 43,00 16.386,00 6180
964 488,02 3,09 1,29 43,00 16.403,00 6180
965 488,02 3,09 1,29 43,00 16.420,00 6181
966 488,02 3,09 1,29 43,00 16.437,00 6181
967 488,02 3,09 1,29 43,00 16.454,00 6181
968 488,02 3,09 1,29 43,00 16.471,00 6181
969 488,02 3,09 1,29 43,00 16.488,00 6181
970 488,02 3,09 1,29 43,00 16.505,00 6181
971 488,02 3,09 1,29 43,00 16.522,00 6181
972 488,02 3,09 1,29 43,00 16.539,00 6181
973 488,02 3,09 1,29 43,00 16.556,00 6181
974 488,02 3,09 1,29 43,00 16.573,00 6181
975 488,02 3,09 1,29 43,00 16.590,00 6181
976 488,02 3,09 1,29 43,00 16.607,00 6181
977 488,02 3,09 1,29 43,00 16.624,00 6181
978 488,02 3,09 1,29 43,00 16.641,00 6181
979 488,02 1,26 0,52 43,00 16.658,00 6181
980 488,02 1,26 0,52 43,00 16.675,00 6181
981 488,02 1,26 0,52 43,00 16.692,00 6181
982 488,02 1,26 0,52 43,00 16.709,00 6181
983 488,02 1,26 0,52 43,00 16.726,00 6181
984 488,02 1,26 0,52 43,00 16.743,00 6181
985 488,02 1,26 0,52 43,00 16.760,00 6181
986 488,02 1,26 0,52 43,00 16.777,00 6181
987 488,02 1,26 0,52 43,00 16.794,00 6181
988 488,02 1,26 0,52 43,00 16.811,00 6181
989 488,02 1,26 0,52 43,00 16.828,00 6181
990 488,02 1,26 0,52 87,00 16.845,00 6181
991 488,02 1,26 0,52 87,00 16.862,00 6187
992 488,02 1,26 0,52 87,00 16.879,00 6189
993 488,02 2,51 1,04 87,00 16.896,00 6189
994 488,02 2,51 1,04 87,00 16.913,00 6189
995 488,02 2,51 1,04 87,00 16.930,00 6189
996 488,02 2,51 1,04 87,00 16.947,00 6189
997 488,02 2,51 1,04 87,00 16.964,00 6189
998 488,02 2,51 1,04 87,00 16.981,00 6189
999 488,02 2,51 1,04 87,00 16.998,00 6189
