1000
0 273,58 273,58 273,58 1,00 95,00 0
1 273,58 3,07 3,07 1,00 99,00 1235
2 273,58 3,07 2,15 1,00 109,00 1774
3 273,58 3,07 2,41 1,00 119,00 1865
4 273,58 3,07 2,39 1,00 129,00 1875
5 273,58 1,97 1,53 1,00 139,00 1879
6 273,58 1,97 1,53 1,00 149,00 1881
7 273,58 1,97 1,53 1,00 159,00 1881
8 273,58 1,97 1,53 1,00 169,00 1881
9 273,58 1,97 1,53 1,00 179,00 1881
10 273,58 1,97 1,53 1,00 189,00 1881
11 273,58 1,97 1,53 1,00 199,00 1881
12 273,58 1,97 1,53 1,00 209,00 1881
13 273,58 1,97 1,53 1,00 219,00 1881
14 273,58 1,97 1,53 1,00 229,00 1881
15 273,58 1,14 0,89 1,00 239,00 1881
16 273,58 1,14 0,89 1,00 249,00 1881
17 273,58 1,14 0,89 1,00 259,00 1881
18 273,58 1,02 0,79 1,00 269,00 1881
19 273,58 1,02 0,79 1,00 279,00 1881
20 273,58 1,02 0,79 1,00 289,00 1881
21 273,58 1,02 0,79 1,00 299,00 1881
22 273,58 1,02 0,79 1,00 309,00 1881
23 273,58 1,02 0,79 1,00 319,00 1881
24 273,58 1,02 0,79 1,00 329,00 1881
25 273,58 1,02 0,79 1,00 339,00 1881
26 273,58 1,02 0,79 1,00 349,00 1881
27 273,58 1,02 0,79 1,00 359,00 1881
28 273,58 1,02 0,79 1,00 369,00 1881
29 273,58 1,02 0,79 1,00 379,00 1881
30 273,58 1,02 0,79 99,00 389,00 1881
31 273,58 69,81 54,37 99,00 398,00 2704
32 273,58 68,22 42,46 99,00 407,00 3431
33 273,58 68,22 47,87 99,00 417,00 3821
34 273,58 68,22 48,90 99,00 427,00 4072
35 273,58 68,22 54,33 99,00 437,00 4286
36 273,58 68,22 53,56 99,00 447,00 4405
37 273,58 68,22 53,45 99,00 457,00 4558
38 273,58 68,22 55,32 99,00 467,00 4625
39 273,58 68,22 54,76 99,00 477,00 4666
40 273,58 68,22 54,09 99,00 487,00 4711
41 273,58 68,22 55,15 99,00 497,00 4762
42 273,58 53,42 43,85 99,00 507,00 4795
43 273,58 53,42 42,65 99,00 517,00 4831
44 273,58 53,42 43,94 99,00 527,00 4863
45 273,58 53,42 44,05 99,00 537,00 4893
46 273,58 53,42 43,84 99,00 547,00 4918
47 273,58 53,42 43,84 99,00 557,00 4938
48 273,58 53,42 43,84 99,00 567,00 4953
49 273,58 53,42 43,84 99,00 577,00 4969
50 273,58 53,42 43,84 99,00 587,00 4978
51 273,58 53,42 43,84 99,00 597,00 4991
52 273,58 53,42 43,84 99,00 607,00 5006
53 273,58 53,42 43,83 99,00 617,00 5016
54 273,58 53,42 43,83 99,00 627,00 5027
55 273,58 53,42 43,83 99,00 637,00 5033
56 273,58 53,42 43,83 99,00 647,00 5043
57 273,58 53,42 43,83 99,00 657,00 5047
58 273,58 53,42 43,83 99,00 667,00 5055
59 273,58 53,42 43,83 99,00 677,00 5061
60 273,58 53,42 43,83 1,00 687,00 5068
61 273,58 53,42 43,83 1,00 697,00 5076
62 273,58 53,42 43,83 1,00 707,00 5097
63 273,58 53,42 43,83 1,00 717,00 5110
64 273,58 53,42 43,83 1,00 727,00 5114
65 273,58 53,42 43,83 1,00 737,00 5115
66 273,58 53,42 43,82 1,00 747,00 5118
67 273,58 53,42 43,83 1,00 757,00 5123
68 273,58 0,36 0,29 1,00 767,00 5124
69 273,58 0,36 0,29 1,00 777,00 5125
70 273,58 0,36 0,29 1,00 787,00 5125
71 273,58 0,36 0,29 1,00 797,00 5125
72 273,58 0,36 0,29 1,00 807,00 5125
73 273,58 0,36 0,29 1,00 817,00 5125
74 273,58 0,36 0,29 1,00 827,00 5126
75 273,58 0,36 0,29 1,00 837,00 5126
76 273,58 0,36 0,29 1,00 847,00 5126
77 273,58 0,36 0,29 1,00 857,00 5126
78 273,58 0,36 0,29 1,00 867,00 5127
79 273,58 0,36 0,29 1,00 877,00 5128
80 273,58 0,36 0,29 1,00 887,00 5128
81 273,58 0,36 0,29 1,00 897,00 5128
82 273,58 0,36 0,29 1,00 907,00 5128
83 273,58 0,36 0,29 1,00 917,00 5128
84 273,58 0,30 0,24 1,00 927,00 5128
85 273,58 0,30 0,24 1,00 937,00 5128
86 273,58 0,30 0,24 1,00 947,00 5128
87 273,58 0,29 0,23 1,00 957,00 5128
88 273,58 0,29 0,23 1,00 967,00 5129
89 273,58 0,28 0,23 1,00 977,00 5133
90 273,58 0,28 0,23 99,00 987,00 5133
91 273,58 27,47 22,54 99,00 996,00 5240
92 273,58 27,47 22,54 99,00 1.006,00 5280
93 273,58 27,47 22,54 99,00 1.016,00 5298
94 273,58 27,47 22,54 99,00 1.026,00 5308
95 273,58 27,47 22,54 99,00 1.036,00 5318
96 273,58 27,47 22,54 99,00 1.046,00 5327
97 273,58 27,47 22,54 99,00 1.056,00 5336
98 273,58 27,47 22,54 99,00 1.066,00 5340
99 273,58 25,17 20,66 99,00 1.076,00 5347
100 273,58 25,17 20,66 99,00 1.086,00 5351
101 273,58 25,17 20,66 99,00 1.096,00 5353
102 273,58 25,17 20,66 99,00 1.106,00 5354
103 273,58 25,17 20,66 99,00 1.116,00 5357
104 273,58 25,17 20,66 99,00 1.126,00 5357
105 273,58 25,17 20,66 99,00 1.136,00 5357
106 273,58 25,17 20,66 99,00 1.146,00 5357
107 273,58 25,17 20,66 99,00 1.156,00 5357
108 273,58 25,17 20,66 99,00 1.166,00 5357
109 273,58 25,17 20,66 99,00 1.176,00 5359
110 273,58 25,17 20,65 99,00 1.186,00 5359
111 273,58 22,65 18,58 99,00 1.196,00 5360
112 273,58 22,65 18,58 99,00 1.206,00 5362
113 273,58 22,65 18,58 99,00 1.216,00 5364
114 273,58 22,09 18,13 99,00 1.226,00 5366
115 273,58 22,09 18,13 99,00 1.236,00 5366
116 273,58 22,09 18,13 99,00 1.246,00 5366
117 273,58 22,09 18,13 99,00 1.256,00 5366
118 273,58 22,09 18,13 99,00 1.266,00 5367
119 273,58 22,09 18,13 99,00 1.276,00 5368
120 273,58 22,09 18,13 1,00 1.286,00 5368
121 273,58 22,09 18,13 1,00 1.296,00 5378
122 273,58 22,09 18,13 1,00 1.306,00 5387
123 273,58 22,09 18,13 1,00 1.316,00 5391
124 273,58 0,21 0,17 1,00 1.326,00 5392
125 273,58 0,21 0,17 1,00 1.336,00 5392
126 273,58 0,21 0,17 1,00 1.346,00 5392
127 273,58 0,21 0,17 1,00 1.356,00 5392
128 273,58 0,21 0,17 1,00 1.366,00 5392
129 273,58 0,21 0,17 1,00 1.376,00 5392
130 273,58 0,21 0,17 1,00 1.386,00 5392
131 273,58 0,20 0,16 1,00 1.396,00 5392
132 273,58 0,20 0,16 1,00 1.406,00 5392
133 273,58 0,20 0,16 1,00 1.416,00 5392
134 273,58 0,20 0,16 1,00 1.426,00 5392
135 273,58 0,20 0,16 1,00 1.436,00 5392
136 273,58 0,20 0,16 1,00 1.446,00 5392
137 273,58 0,20 0,16 1,00 1.456,00 5392
138 273,58 0,20 0,16 1,00 1.466,00 5392
139 273,58 0,20 0,16 1,00 1.476,00 5392
140 273,58 0,20 0,16 1,00 1.486,00 5397
141 273,58 0,20 0,16 1,00 1.496,00 5398
142 273,58 0,20 0,16 1,00 1.506,00 5398
143 273,58 0,18 0,15 1,00 1.516,00 5398
144 273,58 0,18 0,15 1,00 1.526,00 5398
145 273,58 0,18 0,15 1,00 1.536,00 5398
146 273,58 0,18 0,15 1,00 1.546,00 5398
147 273,58 0,18 0,15 1,00 1.556,00 5398
148 273,58 0,18 0,15 1,00 1.566,00 5398
149 273,58 0,18 0,15 1,00 1.576,00 5398
150 273,58 0,18 0,15 99,00 1.586,00 5398
151 273,58 17,09 14,02 99,00 1.595,00 5443
152 273,58 17,09 14,02 99,00 1.605,00 5461
153 273,58 17,09 14,02 99,00 1.615,00 5469
154 273,58 17,09 14,02 99,00 1.625,00 5476
155 273,58 17,09 14,02 99,00 1.635,00 5480
156 273,58 17,09 14,02 99,00 1.645,00 5482
157 273,58 17,09 14,02 99,00 1.655,00 5482
158 273,58 17,09 14,02 99,00 1.665,00 5492
159 273,58 17,09 14,02 99,00 1.675,00 5501
160 273,58 17,09 14,02 99,00 1.685,00 5510
161 273,58 17,09 14,02 99,00 1.695,00 5520
162 273,58 17,09 14,02 99,00 1.705,00 5532
163 273,58 17,09 14,02 99,00 1.715,00 5544
164 273,58 17,09 14,02 99,00 1.725,00 5553
165 273,58 17,09 14,02 99,00 1.735,00 5560
166 273,58 17,09 14,02 99,00 1.745,00 5566
167 273,58 17,09 14,02 99,00 1.755,00 5570
168 273,58 17,09 14,02 99,00 1.765,00 5573
169 273,58 17,09 14,02 99,00 1.775,00 5575
170 273,58 17,09 14,02 99,00 1.785,00 5576
171 273,58 17,09 14,02 99,00 1.795,00 5577
172 273,58 17,09 14,02 99,00 1.805,00 5578
173 273,58 17,09 14,02 99,00 1.815,00 5579
174 273,58 17,09 14,02 99,00 1.825,00 5580
175 273,58 17,09 14,02 99,00 1.835,00 5582
176 273,58 14,68 12,05 99,00 1.845,00 5583
177 273,58 14,68 12,05 99,00 1.855,00 5584
178 273,58 14,68 12,05 99,00 1.865,00 5587
179 273,58 14,68 12,05 99,00 1.875,00 5589
180 273,58 14,68 12,05 1,00 1.885,00 5591
181 273,58 14,68 12,05 1,00 1.895,00 5600
182 273,58 14,68 12,05 1,00 1.905,00 5601
183 273,58 14,68 12,05 1,00 1.915,00 5602
184 273,58 14,68 12,05 1,00 1.925,00 5602
185 273,58 14,68 12,05 1,00 1.935,00 5602
186 273,58 14,68 12,05 1,00 1.945,00 5602
187 273,58 14,68 12,05 1,00 1.955,00 5602
188 273,58 14,68 12,05 1,00 1.965,00 5602
189 273,58 14,68 12,05 1,00 1.975,00 5602
190 273,58 14,68 12,05 1,00 1.985,00 5602
191 273,58 14,68 12,05 1,00 1.995,00 5604
192 273,58 14,68 12,05 1,00 2.005,00 5606
193 273,58 14,68 12,05 1,00 2.015,00 5607
194 273,58 14,68 12,05 1,00 2.025,00 5611
195 273,58 14,68 12,05 1,00 2.035,00 5613
196 273,58 14,68 12,05 1,00 2.045,00 5613
197 273,58 14,68 12,05 1,00 2.055,00 5613
198 273,58 14,68 12,05 1,00 2.065,00 5613
199 273,58 0,13 0,11 1,00 2.075,00 5613
200 273,58 0,13 0,11 1,00 2.085,00 5613
201 273,58 0,13 0,11 1,00 2.095,00 5613
202 273,58 0,13 0,11 1,00 2.105,00 5613
203 273,58 0,13 0,11 1,00 2.115,00 5613
204 273,58 0,13 0,11 1,00 2.125,00 5613
205 273,58 0,13 0,11 1,00 2.135,00 5613
206 273,58 0,13 0,11 1,00 2.145,00 5613
207 273,58 0,13 0,11 1,00 2.155,00 5613
208 273,58 0,13 0,11 1,00 2.165,00 5614
209 273,58 0,13 0,11 1,00 2.175,00 5616
210 273,58 0,13 0,11 99,00 2.185,00 5616
211 273,58 12,40 10,18 99,00 2.194,00 5655
212 273,58 12,40 10,18 99,00 2.204,00 5665
213 273,58 12,40 10,18 99,00 2.214,00 5671
214 273,58 12,40 10,18 99,00 2.224,00 5671
215 273,58 12,40 10,18 99,00 2.234,00 5671
216 273,58 12,40 10,18 99,00 2.244,00 5671
217 273,58 12,40 10,18 99,00 2.254,00 5671
218 273,58 12,40 10,18 99,00 2.264,00 5671
219 273,58 12,40 10,18 99,00 2.274,00 5671
220 273,58 12,40 10,18 99,00 2.284,00 5671
221 273,58 11,81 9,69 99,00 2.294,00 5671
222 273,58 11,81 9,69 99,00 2.304,00 5671
223 273,58 11,81 9,69 99,00 2.314,00 5671
224 273,58 11,81 9,69 99,00 2.324,00 5671
225 273,58 11,81 9,69 99,00 2.334,00 5671
226 273,58 11,81 9,69 99,00 2.344,00 5671
227 273,58 11,81 9,69 99,00 2.354,00 5671
228 273,58 11,81 9,69 99,00 2.364,00 5671
229 273,58 11,41 9,36 99,00 2.374,00 5671
230 273,58 11,41 9,36 99,00 2.384,00 5671
231 273,58 11,41 9,36 99,00 2.394,00 5671
232 273,58 11,41 9,36 99,00 2.404,00 5671
233 273,58 11,41 9,36 99,00 2.414,00 5671
234 273,58 11,41 9,36 99,00 2.424,00 5671
235 273,58 11,41 9,36 99,00 2.434,00 5671
236 273,58 11,41 9,36 99,00 2.444,00 5671
237 273,58 11,41 9,36 99,00 2.454,00 5671
238 273,58 10,99 9,02 99,00 2.464,00 5671
239 273,58 10,99 9,02 99,00 2.474,00 5671
240 273,58 10,99 9,02 5,00 2.484,00 5671
241 273,58 10,99 9,02 5,00 2.494,00 5686
242 273,58 10,99 9,02 5,00 2.504,00 5686
243 273,58 10,99 9,02 5,00 2.514,00 5687
244 273,58 10,99 9,02 5,00 2.524,00 5688
245 273,58 10,99 9,02 5,00 2.534,00 5688
246 273,58 10,99 9,02 5,00 2.544,00 5688
247 273,58 10,99 9,02 5,00 2.554,00 5688
248 273,58 0,53 0,44 5,00 2.564,00 5688
249 273,58 0,53 0,44 5,00 2.574,00 5691
250 273,58 0,53 0,44 5,00 2.584,00 5693
251 273,58 0,53 0,44 5,00 2.594,00 5693
252 273,58 0,53 0,44 5,00 2.604,00 5693
253 273,58 0,53 0,44 5,00 2.614,00 5694
254 273,58 0,53 0,44 5,00 2.624,00 5694
255 273,58 0,53 0,44 5,00 2.634,00 5694
256 273,58 0,53 0,44 5,00 2.644,00 5694
257 273,58 0,53 0,44 5,00 2.654,00 5694
258 273,58 0,53 0,44 5,00 2.664,00 5694
259 273,58 0,53 0,44 5,00 2.674,00 5694
260 273,58 0,53 0,44 5,00 2.684,00 5694
261 273,58 0,51 0,42 5,00 2.694,00 5694
262 273,58 0,51 0,42 5,00 2.704,00 5694
263 273,58 0,51 0,42 5,00 2.714,00 5694
264 273,58 0,51 0,42 5,00 2.724,00 5694
265 273,58 0,51 0,42 5,00 2.734,00 5694
266 273,58 0,51 0,42 5,00 2.744,00 5694
267 273,58 0,51 0,42 5,00 2.754,00 5694
268 273,58 0,49 0,41 5,00 2.764,00 5694
269 273,58 0,49 0,41 5,00 2.774,00 5694
270 273,58 0,49 0,41 99,00 2.784,00 5694
271 273,58 0,49 0,41 99,00 2.794,00 5724
272 273,58 9,66 7,93 99,00 2.804,00 5736
273 273,58 9,66 7,93 99,00 2.814,00 5742
274 273,58 9,66 7,93 99,00 2.824,00 5742
275 273,58 9,66 7,93 99,00 2.834,00 5742
276 273,58 9,66 7,93 99,00 2.844,00 5742
277 273,58 9,66 7,93 99,00 2.854,00 5742
278 273,58 9,66 7,93 99,00 2.864,00 5742
279 273,58 9,42 7,73 99,00 2.874,00 5742
280 273,58 9,42 7,73 99,00 2.884,00 5742
281 273,58 9,42 7,73 99,00 2.894,00 5742
282 273,58 9,42 7,73 99,00 2.904,00 5742
283 273,58 9,29 7,63 99,00 2.914,00 5742
284 273,58 9,29 7,63 99,00 2.924,00 5742
285 273,58 9,23 7,57 99,00 2.934,00 5742
286 273,58 9,23 7,57 99,00 2.944,00 5742
287 273,58 9,17 7,52 99,00 2.954,00 5742
288 273,58 9,17 7,52 99,00 2.964,00 5742
289 273,58 9,17 7,52 99,00 2.974,00 5742
290 273,58 9,17 7,52 99,00 2.984,00 5742
291 273,58 9,17 7,52 99,00 2.994,00 5742
292 273,58 9,17 7,52 99,00 3.004,00 5742
293 273,58 9,17 7,52 99,00 3.014,00 5742
294 273,58 9,17 7,52 99,00 3.024,00 5742
295 273,58 9,17 7,52 99,00 3.034,00 5742
296 273,58 9,17 7,52 99,00 3.044,00 5742
297 273,58 9,17 7,52 99,00 3.054,00 5742
298 273,58 9,17 7,52 99,00 3.064,00 5742
299 273,58 9,17 7,52 99,00 3.074,00 5742
300 273,58 9,17 7,52 3,00 3.084,00 5742
301 273,58 9,17 7,52 3,00 3.094,00 5752
302 273,58 9,17 7,52 3,00 3.104,00 5752
303 273,58 9,17 7,52 3,00 3.114,00 5752
304 273,58 9,17 7,52 3,00 3.124,00 5752
305 273,58 9,17 7,52 3,00 3.134,00 5752
306 273,58 9,17 7,52 3,00 3.144,00 5762
307 273,58 0,26 0,21 3,00 3.154,00 5773
308 273,58 0,26 0,21 3,00 3.164,00 5778
309 273,58 0,26 0,21 3,00 3.174,00 5780
310 273,58 0,26 0,21 3,00 3.184,00 5780
311 273,58 0,26 0,21 3,00 3.194,00 5780
312 273,58 0,26 0,21 3,00 3.204,00 5780
313 273,58 0,26 0,21 3,00 3.214,00 5782
314 273,58 0,25 0,21 3,00 3.224,00 5783
315 273,58 0,25 0,21 3,00 3.234,00 5783
316 273,58 0,25 0,21 3,00 3.244,00 5783
317 273,58 0,25 0,21 3,00 3.254,00 5783
318 273,58 0,25 0,21 3,00 3.264,00 5783
319 273,58 0,25 0,21 3,00 3.274,00 5783
320 273,58 0,25 0,21 3,00 3.284,00 5783
321 273,58 0,25 0,21 3,00 3.294,00 5783
322 273,58 0,25 0,21 3,00 3.304,00 5783
323 273,58 0,25 0,20 3,00 3.314,00 5783
324 273,58 0,25 0,20 3,00 3.324,00 5783
325 273,58 0,25 0,20 3,00 3.334,00 5783
326 273,58 0,25 0,20 3,00 3.344,00 5783
327 273,58 0,24 0,20 3,00 3.354,00 5783
328 273,58 0,24 0,20 3,00 3.364,00 5783
329 273,58 0,24 0,20 3,00 3.374,00 5783
330 273,58 0,24 0,20 99,00 3.384,00 5783
331 273,58 0,24 0,20 99,00 3.394,00 5809
332 273,58 0,24 0,20 99,00 3.404,00 5815
333 273,58 0,24 0,20 99,00 3.414,00 5818
334 273,58 0,24 0,20 99,00 3.424,00 5819
335 273,58 0,24 0,20 99,00 3.434,00 5820
336 273,58 0,24 0,20 99,00 3.444,00 5820
337 273,58 0,24 0,20 99,00 3.454,00 5820
338 273,58 0,24 0,20 99,00 3.464,00 5820
339 273,58 0,24 0,20 99,00 3.474,00 5820
340 273,58 0,24 0,20 99,00 3.484,00 5820
341 273,58 0,24 0,20 99,00 3.494,00 5820
342 273,58 0,24 0,20 99,00 3.504,00 5820
343 273,58 0,24 0,20 99,00 3.514,00 5820
344 273,58 0,24 0,20 99,00 3.524,00 5820
345 273,58 0,24 0,20 99,00 3.534,00 5820
346 273,58 0,24 0,20 99,00 3.544,00 5820
347 273,58 0,24 0,20 99,00 3.554,00 5820
348 273,58 0,24 0,20 99,00 3.564,00 5820
349 273,58 0,24 0,20 99,00 3.574,00 5820
350 273,58 0,24 0,20 99,00 3.584,00 5820
351 273,58 0,24 0,20 99,00 3.594,00 5820
352 273,58 0,24 0,20 99,00 3.604,00 5820
353 273,58 0,24 0,20 99,00 3.614,00 5820
354 273,58 0,24 0,20 99,00 3.624,00 5820
355 273,58 7,45 6,12 99,00 3.634,00 5820
356 273,58 7,45 6,12 99,00 3.644,00 5820
357 273,58 7,45 6,12 99,00 3.654,00 5820
358 273,58 7,45 6,12 99,00 3.664,00 5820
359 273,58 7,45 6,12 99,00 3.674,00 5820
360 273,58 7,45 6,12 14,00 3.684,00 5820
361 273,58 7,45 6,12 14,00 3.694,00 5827
362 273,58 7,45 6,12 14,00 3.704,00 5827
363 273,58 1,03 0,85 14,00 3.714,00 5827
364 273,58 1,03 0,85 14,00 3.724,00 5827
365 273,58 1,03 0,85 14,00 3.734,00 5827
366 273,58 1,03 0,85 14,00 3.744,00 5827
367 273,58 1,03 0,85 14,00 3.754,00 5827
368 273,58 1,03 0,85 14,00 3.764,00 5827
369 273,58 1,01 0,83 14,00 3.774,00 5827
370 273,58 1,01 0,83 14,00 3.784,00 5827
371 273,58 1,01 0,83 14,00 3.794,00 5827
372 273,58 1,01 0,83 14,00 3.804,00 5827
373 273,58 1,01 0,83 14,00 3.814,00 5827
374 273,58 1,01 0,83 14,00 3.824,00 5827
375 273,58 1,01 0,83 14,00 3.834,00 5827
376 273,58 1,01 0,83 14,00 3.844,00 5827
377 273,58 1,01 0,83 14,00 3.854,00 5827
378 273,58 1,01 0,83 14,00 3.864,00 5827
379 273,58 1,01 0,83 14,00 3.874,00 5827
380 273,58 1,01 0,83 14,00 3.884,00 5827
381 273,58 1,01 0,83 14,00 3.894,00 5827
382 273,58 1,01 0,83 14,00 3.904,00 5827
383 273,58 1,01 0,83 14,00 3.914,00 5833
384 273,58 0,98 0,80 14,00 3.924,00 5833
385 273,58 0,98 0,80 14,00 3.934,00 5833
386 273,58 0,98 0,80 14,00 3.944,00 5833
387 273,58 0,98 0,80 14,00 3.954,00 5833
388 273,58 0,98 0,80 14,00 3.964,00 5833
389 273,58 0,98 0,80 14,00 3.974,00 5833
390 273,58 0,98 0,80 96,00 3.984,00 5833
391 273,58 0,98 0,80 96,00 3.994,00 5854
392 273,58 6,56 5,38 96,00 4.004,00 5858
393 273,58 6,56 5,38 96,00 4.014,00 5861
394 273,58 6,56 5,38 96,00 4.024,00 5861
395 273,58 6,56 5,38 96,00 4.034,00 5861
396 273,58 6,56 5,38 96,00 4.044,00 5861
397 273,58 6,56 5,38 96,00 4.054,00 5861
398 273,58 6,56 5,38 96,00 4.064,00 5861
399 273,58 6,56 5,38 96,00 4.074,00 5861
400 273,58 6,56 5,38 96,00 4.084,00 5861
401 273,58 6,42 5,26 96,00 4.094,00 5865
402 273,58 6,40 5,25 96,00 4.104,00 5866
403 273,58 6,40 5,25 96,00 4.114,00 5866
404 273,58 6,40 5,25 96,00 4.124,00 5866
405 273,58 6,35 5,21 96,00 4.134,00 5866
406 273,58 6,34 5,20 96,00 4.144,00 5866
407 273,58 6,34 5,20 96,00 4.154,00 5866
408 273,58 6,34 5,20 96,00 4.164,00 5866
409 273,58 6,34 5,20 96,00 4.174,00 5866
410 273,58 6,28 5,15 96,00 4.184,00 5866
411 273,58 6,28 5,15 96,00 4.194,00 5866
412 273,58 6,28 5,15 96,00 4.204,00 5866
413 273,58 6,28 5,15 96,00 4.214,00 5866
414 273,58 6,28 5,15 96,00 4.224,00 5866
415 273,58 6,28 5,15 96,00 4.234,00 5866
416 273,58 6,28 5,15 96,00 4.244,00 5866
417 273,58 6,28 5,15 96,00 4.254,00 5866
418 273,58 6,28 5,15 96,00 4.264,00 5866
419 273,58 6,28 5,15 96,00 4.274,00 5866
420 273,58 6,28 5,15 6,00 4.284,00 5866
421 273,58 6,28 5,15 6,00 4.294,00 5875
422 273,58 0,38 0,31 6,00 4.304,00 5878
423 273,58 0,38 0,31 6,00 4.314,00 5879
424 273,58 0,38 0,31 6,00 4.324,00 5879
425 273,58 0,38 0,31 6,00 4.334,00 5879
426 273,58 0,38 0,31 6,00 4.344,00 5879
427 273,58 0,38 0,31 6,00 4.354,00 5879
428 273,58 0,38 0,31 6,00 4.364,00 5880
429 273,58 0,38 0,31 6,00 4.374,00 5880
430 273,58 0,38 0,31 6,00 4.384,00 5880
431 273,58 0,38 0,31 6,00 4.394,00 5880
432 273,58 0,38 0,31 6,00 4.404,00 5880
433 273,58 0,38 0,31 6,00 4.414,00 5880
434 273,58 0,38 0,31 6,00 4.424,00 5880
435 273,58 0,38 0,31 6,00 4.434,00 5880
436 273,58 0,38 0,31 6,00 4.444,00 5880
437 273,58 0,37 0,30 6,00 4.454,00 5880
438 273,58 0,37 0,30 6,00 4.464,00 5880
439 273,58 0,37 0,30 6,00 4.474,00 5880
440 273,58 0,37 0,30 6,00 4.484,00 5880
441 273,58 0,37 0,30 6,00 4.494,00 5880
442 273,58 0,37 0,30 6,00 4.504,00 5880
443 273,58 0,36 0,30 6,00 4.514,00 5880
444 273,58 0,36 0,30 6,00 4.524,00 5880
445 273,58 0,36 0,30 6,00 4.534,00 5880
446 273,58 0,36 0,30 6,00 4.544,00 5880
447 273,58 0,36 0,30 6,00 4.554,00 5880
448 273,58 0,36 0,30 6,00 4.564,00 5880
449 273,58 0,36 0,30 6,00 4.574,00 5880
450 273,58 0,36 0,29 98,00 4.584,00 5880
451 273,58 0,36 0,29 98,00 4.594,00 5901
452 273,58 5,82 4,78 98,00 4.604,00 5908
453 273,58 5,82 4,78 98,00 4.614,00 5908
454 273,58 5,82 4,78 98,00 4.624,00 5908
455 273,58 5,82 4,78 98,00 4.634,00 5908
456 273,58 5,82 4,78 98,00 4.644,00 5909
457 273,58 5,82 4,78 98,00 4.654,00 5909
458 273,58 5,82 4,78 98,00 4.664,00 5909
459 273,58 5,82 4,78 98,00 4.674,00 5909
460 273,58 5,82 4,78 98,00 4.684,00 5909
461 273,58 5,82 4,78 98,00 4.694,00 5909
462 273,58 5,82 4,78 98,00 4.704,00 5909
463 273,58 5,82 4,78 98,00 4.714,00 5909
464 273,58 5,82 4,78 98,00 4.724,00 5909
465 273,58 5,82 4,78 98,00 4.734,00 5909
466 273,58 5,82 4,78 98,00 4.744,00 5909
467 273,58 5,82 4,78 98,00 4.754,00 5909
468 273,58 5,82 4,78 98,00 4.764,00 5909
469 273,58 5,82 4,78 98,00 4.774,00 5909
470 273,58 5,82 4,78 98,00 4.784,00 5909
471 273,58 5,82 4,78 98,00 4.794,00 5909
472 273,58 5,82 4,78 98,00 4.804,00 5909
473 273,58 5,82 4,78 98,00 4.814,00 5909
474 273,58 5,82 4,78 98,00 4.824,00 5909
475 273,58 5,82 4,78 98,00 4.834,00 5909
476 273,58 5,82 4,78 98,00 4.844,00 5909
477 273,58 5,82 4,78 98,00 4.854,00 5909
478 273,58 5,82 4,78 98,00 4.864,00 5909
479 273,58 5,82 4,78 98,00 4.874,00 5909
480 273,58 5,49 4,50 6,00 4.884,00 5909
481 273,58 5,49 4,50 6,00 4.894,00 5915
482 273,58 5,49 4,50 6,00 4.904,00 5916
483 273,58 5,49 4,50 6,00 4.914,00 5916
484 273,58 0,33 0,27 6,00 4.924,00 5916
485 273,58 0,33 0,27 6,00 4.934,00 5916
486 273,58 0,33 0,27 6,00 4.944,00 5916
487 273,58 0,33 0,27 6,00 4.954,00 5916
488 273,58 0,33 0,27 6,00 4.964,00 5916
489 273,58 0,33 0,27 6,00 4.974,00 5916
490 273,58 0,33 0,27 6,00 4.984,00 5916
491 273,58 0,33 0,27 6,00 4.994,00 5916
492 273,58 0,33 0,27 6,00 5.004,00 5916
493 273,58 0,33 0,27 6,00 5.014,00 5916
494 273,58 0,33 0,27 6,00 5.024,00 5916
495 273,58 0,33 0,27 6,00 5.034,00 5916
496 273,58 0,33 0,27 6,00 5.044,00 5916
497 273,58 0,33 0,27 6,00 5.054,00 5916
498 273,58 0,32 0,27 6,00 5.064,00 5916
499 273,58 0,32 0,27 6,00 5.074,00 5916
500 273,58 0,32 0,26 6,00 5.084,00 5916
501 273,58 0,32 0,26 6,00 5.094,00 5916
502 273,58 0,32 0,26 6,00 5.104,00 5916
503 273,58 0,32 0,26 6,00 5.114,00 5916
504 273,58 0,32 0,26 6,00 5.124,00 5916
505 273,58 0,32 0,26 6,00 5.134,00 5919
506 273,58 0,32 0,26 6,00 5.144,00 5919
507 273,58 0,32 0,26 6,00 5.154,00 5919
508 273,58 0,32 0,26 6,00 5.164,00 5919
509 273,58 0,32 0,26 6,00 5.174,00 5919
510 273,58 0,32 0,26 98,00 5.184,00 5919
511 273,58 0,32 0,26 98,00 5.194,00 5935
512 273,58 0,32 0,26 98,00 5.204,00 5937
513 273,58 0,32 0,26 98,00 5.214,00 5938
514 273,58 0,32 0,26 98,00 5.224,00 5938
515 273,58 0,32 0,26 98,00 5.234,00 5938
516 273,58 0,32 0,26 98,00 5.244,00 5938
517 273,58 0,32 0,26 98,00 5.254,00 5938
518 273,58 0,32 0,26 98,00 5.264,00 5938
519 273,58 0,32 0,26 98,00 5.274,00 5938
520 273,58 0,32 0,26 98,00 5.284,00 5938
521 273,58 0,32 0,26 98,00 5.294,00 5938
522 273,58 0,32 0,26 98,00 5.304,00 5938
523 273,58 0,32 0,26 98,00 5.314,00 5938
524 273,58 0,32 0,26 98,00 5.324,00 5938
525 273,58 0,32 0,26 98,00 5.334,00 5938
526 273,58 0,32 0,26 98,00 5.344,00 5938
527 273,58 0,32 0,26 98,00 5.354,00 5938
528 273,58 0,32 0,26 98,00 5.364,00 5938
529 273,58 0,32 0,26 98,00 5.374,00 5938
530 273,58 4,98 4,09 98,00 5.384,00 5938
531 273,58 4,97 4,08 98,00 5.394,00 5938
532 273,58 4,97 4,08 98,00 5.404,00 5938
533 273,58 4,97 4,08 98,00 5.414,00 5938
534 273,58 4,97 4,08 98,00 5.424,00 5938
535 273,58 4,97 4,08 98,00 5.434,00 5938
536 273,58 4,97 4,08 98,00 5.444,00 5938
537 273,58 4,97 4,08 98,00 5.454,00 5938
538 273,58 4,91 4,03 98,00 5.464,00 5938
539 273,58 4,90 4,02 98,00 5.474,00 5938
540 273,58 4,90 4,02 14,00 5.484,00 5938
541 273,58 0,70 0,57 14,00 5.494,00 5942
542 273,58 0,70 0,57 14,00 5.504,00 5944
543 273,58 0,70 0,57 14,00 5.514,00 5946
544 273,58 0,70 0,57 14,00 5.524,00 5947
545 273,58 0,70 0,57 14,00 5.534,00 5958
546 273,58 0,70 0,57 14,00 5.544,00 5965
547 273,58 0,70 0,57 14,00 5.554,00 5965
548 273,58 0,70 0,57 14,00 5.564,00 5965
549 273,58 0,70 0,57 14,00 5.574,00 5965
550 273,58 0,70 0,57 14,00 5.584,00 5965
551 273,58 0,70 0,57 14,00 5.594,00 5965
552 273,58 0,70 0,57 14,00 5.604,00 5965
553 273,58 0,70 0,57 14,00 5.614,00 5965
554 273,58 0,70 0,57 14,00 5.624,00 5965
555 273,58 0,70 0,57 14,00 5.634,00 5965
556 273,58 0,70 0,57 14,00 5.644,00 5965
557 273,58 0,70 0,57 14,00 5.654,00 5965
558 273,58 0,70 0,57 14,00 5.664,00 5965
559 273,58 0,70 0,57 14,00 5.674,00 5969
560 273,58 0,70 0,57 14,00 5.684,00 5969
561 273,58 0,70 0,57 14,00 5.694,00 5969
562 273,58 0,70 0,57 14,00 5.704,00 5969
563 273,58 0,70 0,57 14,00 5.714,00 5969
564 273,58 0,70 0,57 14,00 5.724,00 5969
565 273,58 0,70 0,57 14,00 5.734,00 5969
566 273,58 0,70 0,57 14,00 5.744,00 5969
567 273,58 0,70 0,57 14,00 5.754,00 5969
568 273,58 0,70 0,57 14,00 5.764,00 5969
569 273,58 0,66 0,54 14,00 5.774,00 5969
570 273,58 0,66 0,54 90,00 5.784,00 5969
571 273,58 0,66 0,54 90,00 5.794,00 5988
572 273,58 4,24 3,48 90,00 5.804,00 5994
573 273,58 4,24 3,48 90,00 5.814,00 5999
574 273,58 4,24 3,48 90,00 5.824,00 6004
575 273,58 4,24 3,48 90,00 5.834,00 6007
576 273,58 4,24 3,48 90,00 5.844,00 6009
577 273,58 4,24 3,48 90,00 5.854,00 6010
578 273,58 4,24 3,48 90,00 5.864,00 6010
579 273,58 4,24 3,48 90,00 5.874,00 6010
580 273,58 4,24 3,48 90,00 5.884,00 6010
581 273,58 4,24 3,48 90,00 5.894,00 6010
582 273,58 4,24 3,48 90,00 5.904,00 6010
583 273,58 4,16 3,42 90,00 5.914,00 6010
584 273,58 4,16 3,42 90,00 5.924,00 6010
585 273,58 4,16 3,42 90,00 5.934,00 6010
586 273,58 4,16 3,42 90,00 5.944,00 6010
587 273,58 4,16 3,42 90,00 5.954,00 6010
588 273,58 4,16 3,42 90,00 5.964,00 6010
589 273,58 4,16 3,42 90,00 5.974,00 6010
590 273,58 4,16 3,42 90,00 5.984,00 6010
591 273,58 4,16 3,42 90,00 5.994,00 6010
592 273,58 4,16 3,42 90,00 6.004,00 6010
593 273,58 4,16 3,42 90,00 6.014,00 6010
594 273,58 4,16 3,42 90,00 6.024,00 6010
595 273,58 4,16 3,42 90,00 6.034,00 6010
596 273,58 4,16 3,42 90,00 6.044,00 6010
597 273,58 4,16 3,42 90,00 6.054,00 6010
598 273,58 4,16 3,42 90,00 6.064,00 6010
599 273,58 4,16 3,42 90,00 6.074,00 6010
600 273,58 4,16 3,42 3,00 6.084,00 6010
601 273,58 4,16 3,42 3,00 6.094,00 6019
602 273,58 4,16 3,42 3,00 6.104,00 6021
603 273,58 4,16 3,42 3,00 6.114,00 6022
604 273,58 4,16 3,42 3,00 6.124,00 6022
605 273,58 4,16 3,42 3,00 6.134,00 6022
606 273,58 4,16 3,42 3,00 6.144,00 6022
607 273,58 4,16 3,42 3,00 6.154,00 6022
608 273,58 4,16 3,42 3,00 6.164,00 6023
609 273,58 4,16 3,42 3,00 6.174,00 6023
610 273,58 4,16 3,42 3,00 6.184,00 6023
611 273,58 4,16 3,42 3,00 6.194,00 6023
612 273,58 4,16 3,42 3,00 6.204,00 6023
613 273,58 4,16 3,42 3,00 6.214,00 6023
614 273,58 4,16 3,42 3,00 6.224,00 6023
615 273,58 4,16 3,42 3,00 6.234,00 6023
616 273,58 4,16 3,42 3,00 6.244,00 6023
617 273,58 4,16 3,42 3,00 6.254,00 6023
618 273,58 4,16 3,42 3,00 6.264,00 6023
619 273,58 4,16 3,42 3,00 6.274,00 6023
620 273,58 4,16 3,42 3,00 6.284,00 6023
621 273,58 4,16 3,42 3,00 6.294,00 6023
622 273,58 4,16 3,42 3,00 6.304,00 6023
623 273,58 4,16 3,42 3,00 6.314,00 6023
624 273,58 4,16 3,42 3,00 6.324,00 6023
625 273,58 0,13 0,11 3,00 6.334,00 6023
626 273,58 0,13 0,11 3,00 6.344,00 6023
627 273,58 0,13 0,11 3,00 6.354,00 6023
628 273,58 0,13 0,11 3,00 6.364,00 6023
629 273,58 0,13 0,11 3,00 6.374,00 6023
630 273,58 0,13 0,11 101,00 6.384,00 6023
631 273,58 0,13 0,11 101,00 6.394,00 6039
632 273,58 0,13 0,11 101,00 6.404,00 6043
633 273,58 0,13 0,11 101,00 6.414,00 6043
634 273,58 0,13 0,11 101,00 6.424,00 6043
635 273,58 0,13 0,11 101,00 6.434,00 6043
636 273,58 0,13 0,11 101,00 6.444,00 6043
637 273,58 0,13 0,11 101,00 6.454,00 6043
638 273,58 0,13 0,11 101,00 6.464,00 6043
639 273,58 0,13 0,11 101,00 6.474,00 6043
640 273,58 0,13 0,11 101,00 6.484,00 6043
641 273,58 0,13 0,11 101,00 6.494,00 6043
642 273,58 0,13 0,11 101,00 6.504,00 6043
643 273,58 0,13 0,11 101,00 6.514,00 6043
644 273,58 0,13 0,11 101,00 6.524,00 6043
645 273,58 4,23 3,47 101,00 6.534,00 6043
646 273,58 4,23 3,47 101,00 6.544,00 6043
647 273,58 4,23 3,47 101,00 6.554,00 6043
648 273,58 4,23 3,47 101,00 6.564,00 6043
649 273,58 4,23 3,47 101,00 6.574,00 6043
650 273,58 4,23 3,47 101,00 6.584,00 6043
651 273,58 4,19 3,44 101,00 6.594,00 6043
652 273,58 4,19 3,44 101,00 6.604,00 6043
653 273,58 4,19 3,44 101,00 6.614,00 6043
654 273,58 4,19 3,44 101,00 6.624,00 6043
655 273,58 4,19 3,44 101,00 6.634,00 6043
656 273,58 4,19 3,44 101,00 6.644,00 6043
657 273,58 4,19 3,44 101,00 6.654,00 6043
658 273,58 4,19 3,44 101,00 6.664,00 6043
659 273,58 4,19 3,44 101,00 6.674,00 6043
660 273,58 4,19 3,44 11,00 6.684,00 6043
661 273,58 4,19 3,44 11,00 6.694,00 6047
662 273,58 4,19 3,44 11,00 6.704,00 6047
663 273,58 4,19 3,44 11,00 6.714,00 6047
664 273,58 4,19 3,44 11,00 6.724,00 6047
665 273,58 4,19 3,44 11,00 6.734,00 6047
666 273,58 4,19 3,44 11,00 6.744,00 6047
667 273,58 4,19 3,44 11,00 6.754,00 6047
668 273,58 0,44 0,37 11,00 6.764,00 6048
669 273,58 0,44 0,36 11,00 6.774,00 6048
670 273,58 0,44 0,36 11,00 6.784,00 6048
671 273,58 0,44 0,36 11,00 6.794,00 6048
672 273,58 0,44 0,36 11,00 6.804,00 6048
673 273,58 0,44 0,36 11,00 6.814,00 6048
674 273,58 0,44 0,36 11,00 6.824,00 6048
675 273,58 0,44 0,36 11,00 6.834,00 6048
676 273,58 0,44 0,36 11,00 6.844,00 6048
677 273,58 0,44 0,36 11,00 6.854,00 6048
678 273,58 0,44 0,36 11,00 6.864,00 6048
679 273,58 0,44 0,36 11,00 6.874,00 6048
680 273,58 0,44 0,36 11,00 6.884,00 6048
681 273,58 0,44 0,36 11,00 6.894,00 6048
682 273,58 0,44 0,36 11,00 6.904,00 6048
683 273,58 0,44 0,36 11,00 6.914,00 6048
684 273,58 0,44 0,36 11,00 6.924,00 6048
685 273,58 0,43 0,36 11,00 6.934,00 6048
686 273,58 0,43 0,36 11,00 6.944,00 6048
687 273,58 0,43 0,36 11,00 6.954,00 6048
688 273,58 0,43 0,36 11,00 6.964,00 6048
689 273,58 0,43 0,36 11,00 6.974,00 6048
690 273,58 0,43 0,36 99,00 6.984,00 6048
691 273,58 0,43 0,36 99,00 6.994,00 6060
692 273,58 3,87 3,17 99,00 7.004,00 6063
693 273,58 3,87 3,17 99,00 7.014,00 6066
694 273,58 3,87 3,17 99,00 7.024,00 6067
695 273,58 3,87 3,17 99,00 7.034,00 6068
696 273,58 3,87 3,17 99,00 7.044,00 6070
697 273,58 3,87 3,17 99,00 7.054,00 6070
698 273,58 3,83 3,15 99,00 7.064,00 6070
699 273,58 3,83 3,15 99,00 7.074,00 6070
700 273,58 3,83 3,15 99,00 7.084,00 6070
701 273,58 3,83 3,15 99,00 7.094,00 6070
702 273,58 3,81 3,13 99,00 7.104,00 6070
703 273,58 3,81 3,13 99,00 7.114,00 6070
704 273,58 3,81 3,13 99,00 7.124,00 6070
705 273,58 3,81 3,13 99,00 7.134,00 6070
706 273,58 3,81 3,13 99,00 7.144,00 6070
707 273,58 3,81 3,13 99,00 7.154,00 6070
708 273,58 3,78 3,10 99,00 7.164,00 6070
709 273,58 3,78 3,10 99,00 7.174,00 6070
710 273,58 3,78 3,10 99,00 7.184,00 6070
711 273,58 3,78 3,10 99,00 7.194,00 6070
712 273,58 3,78 3,10 99,00 7.204,00 6070
713 273,58 3,78 3,10 99,00 7.214,00 6070
714 273,58 3,75 3,08 99,00 7.224,00 6070
715 273,58 3,75 3,08 99,00 7.234,00 6070
716 273,58 3,75 3,08 99,00 7.244,00 6070
717 273,58 3,75 3,08 99,00 7.254,00 6070
718 273,58 3,75 3,08 99,00 7.264,00 6070
719 273,58 3,75 3,08 99,00 7.274,00 6070
720 273,58 3,75 3,08 13,00 7.284,00 6070
721 273,58 3,75 3,08 13,00 7.294,00 6073
722 273,58 0,49 0,40 13,00 7.304,00 6073
723 273,58 0,49 0,40 13,00 7.314,00 6073
724 273,58 0,49 0,40 13,00 7.324,00 6073
725 273,58 0,49 0,40 13,00 7.334,00 6073
726 273,58 0,49 0,40 13,00 7.344,00 6073
727 273,58 0,49 0,40 13,00 7.354,00 6073
728 273,58 0,49 0,40 13,00 7.364,00 6073
729 273,58 0,49 0,40 13,00 7.374,00 6073
730 273,58 0,49 0,40 13,00 7.384,00 6073
731 273,58 0,49 0,40 13,00 7.394,00 6073
732 273,58 0,49 0,40 13,00 7.404,00 6073
733 273,58 0,49 0,40 13,00 7.414,00 6073
734 273,58 0,48 0,39 13,00 7.424,00 6073
735 273,58 0,48 0,39 13,00 7.434,00 6073
736 273,58 0,48 0,39 13,00 7.444,00 6073
737 273,58 0,48 0,39 13,00 7.454,00 6073
738 273,58 0,48 0,39 13,00 7.464,00 6073
739 273,58 0,48 0,39 13,00 7.474,00 6073
740 273,58 0,48 0,39 13,00 7.484,00 6073
741 273,58 0,48 0,39 13,00 7.494,00 6073
742 273,58 0,48 0,39 13,00 7.504,00 6073
743 273,58 0,47 0,39 13,00 7.514,00 6073
744 273,58 0,47 0,39 13,00 7.524,00 6073
745 273,58 0,47 0,39 13,00 7.534,00 6073
746 273,58 0,47 0,39 13,00 7.544,00 6073
747 273,58 0,47 0,39 13,00 7.554,00 6073
748 273,58 0,47 0,39 13,00 7.564,00 6073
749 273,58 0,47 0,39 13,00 7.574,00 6073
750 273,58 0,47 0,38 93,00 7.584,00 6073
751 273,58 3,35 2,75 93,00 7.594,00 6081
752 273,58 3,35 2,75 93,00 7.604,00 6085
753 273,58 3,35 2,75 93,00 7.614,00 6085
754 273,58 3,35 2,75 93,00 7.624,00 6085
755 273,58 3,35 2,75 93,00 7.634,00 6085
756 273,58 3,35 2,75 93,00 7.644,00 6085
757 273,58 3,35 2,75 93,00 7.654,00 6085
758 273,58 3,35 2,75 93,00 7.664,00 6091
759 273,58 3,35 2,75 93,00 7.674,00 6094
760 273,58 3,31 2,72 93,00 7.684,00 6096
761 273,58 3,31 2,72 93,00 7.694,00 6097
762 273,58 3,31 2,72 93,00 7.704,00 6098
763 273,58 3,31 2,72 93,00 7.714,00 6098
764 273,58 3,31 2,72 93,00 7.724,00 6098
765 273,58 3,31 2,72 93,00 7.734,00 6098
766 273,58 3,31 2,72 93,00 7.744,00 6098
767 273,58 3,31 2,72 93,00 7.754,00 6098
768 273,58 3,28 2,69 93,00 7.764,00 6098
769 273,58 3,28 2,69 93,00 7.774,00 6098
770 273,58 3,28 2,69 93,00 7.784,00 6098
771 273,58 3,28 2,69 93,00 7.794,00 6098
772 273,58 3,28 2,69 93,00 7.804,00 6098
773 273,58 3,28 2,69 93,00 7.814,00 6098
774 273,58 3,28 2,69 93,00 7.824,00 6098
775 273,58 3,28 2,69 93,00 7.834,00 6098
776 273,58 3,24 2,66 93,00 7.844,00 6098
777 273,58 3,24 2,66 93,00 7.854,00 6098
778 273,58 3,24 2,66 93,00 7.864,00 6098
779 273,58 3,24 2,66 93,00 7.874,00 6098
780 273,58 3,23 2,65 7,00 7.884,00 6098
781 273,58 3,23 2,65 7,00 7.894,00 6102
782 273,58 3,23 2,65 7,00 7.904,00 6107
783 273,58 3,23 2,65 7,00 7.914,00 6110
784 273,58 3,23 2,65 7,00 7.924,00 6111
785 273,58 3,23 2,65 7,00 7.934,00 6111
786 273,58 3,23 2,65 7,00 7.944,00 6111
787 273,58 0,24 0,20 7,00 7.954,00 6111
788 273,58 0,24 0,20 7,00 7.964,00 6111
789 273,58 0,24 0,20 7,00 7.974,00 6111
790 273,58 0,24 0,20 7,00 7.984,00 6111
791 273,58 0,24 0,20 7,00 7.994,00 6111
792 273,58 0,24 0,20 7,00 8.004,00 6111
793 273,58 0,24 0,20 7,00 8.014,00 6111
794 273,58 0,24 0,20 7,00 8.024,00 6111
795 273,58 0,24 0,20 7,00 8.034,00 6111
796 273,58 0,24 0,20 7,00 8.044,00 6111
797 273,58 0,24 0,20 7,00 8.054,00 6111
798 273,58 0,24 0,20 7,00 8.064,00 6111
799 273,58 0,24 0,20 7,00 8.074,00 6111
800 273,58 0,24 0,20 7,00 8.084,00 6111
801 273,58 0,24 0,20 7,00 8.094,00 6111
802 273,58 0,24 0,20 7,00 8.104,00 6111
803 273,58 0,24 0,20 7,00 8.114,00 6111
804 273,58 0,24 0,20 7,00 8.124,00 6111
805 273,58 0,24 0,20 7,00 8.134,00 6111
806 273,58 0,24 0,20 7,00 8.144,00 6111
807 273,58 0,23 0,19 7,00 8.154,00 6111
808 273,58 0,23 0,19 7,00 8.164,00 6111
809 273,58 0,23 0,19 7,00 8.174,00 6111
810 273,58 0,23 0,19 105,00 8.184,00 6111
811 273,58 0,23 0,19 105,00 8.194,00 6120
812 273,58 3,50 2,87 105,00 8.204,00 6122
813 273,58 3,50 2,87 105,00 8.214,00 6123
814 273,58 3,50 2,87 105,00 8.224,00 6123
815 273,58 3,50 2,87 105,00 8.234,00 6123
816 273,58 3,50 2,87 105,00 8.244,00 6123
817 273,58 3,50 2,87 105,00 8.254,00 6123
818 273,58 3,50 2,87 105,00 8.264,00 6123
819 273,58 3,50 2,87 105,00 8.274,00 6123
820 273,58 3,50 2,87 105,00 8.284,00 6123
821 273,58 3,50 2,87 105,00 8.294,00 6123
822 273,58 3,50 2,87 105,00 8.304,00 6123
823 273,58 3,50 2,87 105,00 8.314,00 6123
824 273,58 3,50 2,87 105,00 8.324,00 6123
825 273,58 3,50 2,87 105,00 8.334,00 6123
826 273,58 3,50 2,87 105,00 8.344,00 6123
827 273,58 3,50 2,87 105,00 8.354,00 6123
828 273,58 3,50 2,87 105,00 8.364,00 6123
829 273,58 3,50 2,87 105,00 8.374,00 6123
830 273,58 3,50 2,87 105,00 8.384,00 6123
831 273,58 3,50 2,87 105,00 8.394,00 6123
832 273,58 3,50 2,87 105,00 8.404,00 6123
833 273,58 3,50 2,87 105,00 8.414,00 6123
834 273,58 3,41 2,80 105,00 8.424,00 6123
835 273,58 3,41 2,80 105,00 8.434,00 6123
836 273,58 3,40 2,79 105,00 8.444,00 6123
837 273,58 3,40 2,79 105,00 8.454,00 6123
838 273,58 3,39 2,78 105,00 8.464,00 6123
839 273,58 3,39 2,78 105,00 8.474,00 6123
840 273,58 3,39 2,78 9,00 8.484,00 6123
841 273,58 3,39 2,78 9,00 8.494,00 6130
842 273,58 3,39 2,78 9,00 8.504,00 6130
843 273,58 3,39 2,78 9,00 8.514,00 6130
844 273,58 3,39 2,78 9,00 8.524,00 6130
845 273,58 3,39 2,78 9,00 8.534,00 6130
846 273,58 3,39 2,78 9,00 8.544,00 6130
847 273,58 3,39 2,78 9,00 8.554,00 6130
848 273,58 3,39 2,78 9,00 8.564,00 6130
849 273,58 3,39 2,78 9,00 8.574,00 6130
850 273,58 3,39 2,78 9,00 8.584,00 6130
851 273,58 3,39 2,78 9,00 8.594,00 6130
852 273,58 3,39 2,78 9,00 8.604,00 6130
853 273,58 3,39 2,78 9,00 8.614,00 6130
854 273,58 3,39 2,78 9,00 8.624,00 6130
855 273,58 3,39 2,78 9,00 8.634,00 6130
856 273,58 3,39 2,78 9,00 8.644,00 6130
857 273,58 3,39 2,78 9,00 8.654,00 6130
858 273,58 3,39 2,78 9,00 8.664,00 6130
859 273,58 3,39 2,78 9,00 8.674,00 6130
860 273,58 0,28 0,23 9,00 8.684,00 6130
861 273,58 0,28 0,23 9,00 8.694,00 6130
862 273,58 0,28 0,23 9,00 8.704,00 6130
863 273,58 0,28 0,23 9,00 8.714,00 6130
864 273,58 0,28 0,23 9,00 8.724,00 6130
865 273,58 0,28 0,23 9,00 8.734,00 6130
866 273,58 0,28 0,23 9,00 8.744,00 6130
867 273,58 0,28 0,23 9,00 8.754,00 6130
868 273,58 0,28 0,23 9,00 8.764,00 6130
869 273,58 0,28 0,23 9,00 8.774,00 6130
870 273,58 0,28 0,23 101,00 8.784,00 6130
871 273,58 3,14 2,58 101,00 8.794,00 6139
872 273,58 3,14 2,58 101,00 8.804,00 6142
873 273,58 3,14 2,58 101,00 8.814,00 6144
874 273,58 3,14 2,58 101,00 8.824,00 6144
875 273,58 3,13 2,57 101,00 8.834,00 6152
876 273,58 3,13 2,57 101,00 8.844,00 6155
877 273,58 3,12 2,56 101,00 8.854,00 6156
878 273,58 3,12 2,56 101,00 8.864,00 6156
879 273,58 3,12 2,56 101,00 8.874,00 6156
880 273,58 3,12 2,56 101,00 8.884,00 6156
881 273,58 3,12 2,56 101,00 8.894,00 6156
882 273,58 3,12 2,56 101,00 8.904,00 6156
883 273,58 3,12 2,56 101,00 8.914,00 6156
884 273,58 3,12 2,56 101,00 8.924,00 6156
885 273,58 3,12 2,56 101,00 8.934,00 6156
886 273,58 3,12 2,56 101,00 8.944,00 6156
887 273,58 3,12 2,56 101,00 8.954,00 6156
888 273,58 3,12 2,56 101,00 8.964,00 6156
889 273,58 3,12 2,56 101,00 8.974,00 6156
890 273,58 3,12 2,56 101,00 8.984,00 6156
891 273,58 3,12 2,56 101,00 8.994,00 6156
892 273,58 3,12 2,56 101,00 9.004,00 6156
893 273,58 3,12 2,56 101,00 9.014,00 6156
894 273,58 3,12 2,56 101,00 9.024,00 6156
895 273,58 3,12 2,56 101,00 9.034,00 6156
896 273,58 3,12 2,56 101,00 9.044,00 6156
897 273,58 3,12 2,56 101,00 9.054,00 6156
898 273,58 3,12 2,56 101,00 9.064,00 6156
899 273,58 3,12 2,56 101,00 9.074,00 6156
900 273,58 3,12 2,56 17,00 9.084,00 6156
901 273,58 3,12 2,56 17,00 9.094,00 6161
902 273,58 3,12 2,56 17,00 9.104,00 6162
903 273,58 3,12 2,56 17,00 9.114,00 6163
904 273,58 3,12 2,56 17,00 9.124,00 6163
905 273,58 3,12 2,56 17,00 9.134,00 6164
906 273,58 3,12 2,56 17,00 9.144,00 6165
907 273,58 3,12 2,56 17,00 9.154,00 6165
908 273,58 3,12 2,56 17,00 9.164,00 6165
909 273,58 3,12 2,56 17,00 9.174,00 6165
910 273,58 3,12 2,56 17,00 9.184,00 6165
911 273,58 3,12 2,56 17,00 9.194,00 6165
912 273,58 3,12 2,56 17,00 9.204,00 6165
913 273,58 3,12 2,56 17,00 9.214,00 6165
914 273,58 3,12 2,56 17,00 9.224,00 6165
915 273,58 3,12 2,56 17,00 9.234,00 6165
916 273,58 3,12 2,56 17,00 9.244,00 6165
917 273,58 0,50 0,41 17,00 9.254,00 6165
918 273,58 0,50 0,41 17,00 9.264,00 6165
919 273,58 0,50 0,41 17,00 9.274,00 6165
920 273,58 0,50 0,41 17,00 9.284,00 6165
921 273,58 0,50 0,41 17,00 9.294,00 6165
922 273,58 0,50 0,41 17,00 9.304,00 6165
923 273,58 0,50 0,41 17,00 9.314,00 6165
924 273,58 0,50 0,41 17,00 9.324,00 6165
925 273,58 0,50 0,41 17,00 9.334,00 6165
926 273,58 0,50 0,41 17,00 9.344,00 6165
927 273,58 0,50 0,41 17,00 9.354,00 6165
928 273,58 0,50 0,41 17,00 9.364,00 6165
929 273,58 0,50 0,41 17,00 9.374,00 6165
930 273,58 0,50 0,41 95,00 9.384,00 6165
931 273,58 0,50 0,41 95,00 9.394,00 6173
932 273,58 0,50 0,41 95,00 9.404,00 6176
933 273,58 0,50 0,41 95,00 9.414,00 6176
934 273,58 0,50 0,41 95,00 9.424,00 6176
935 273,58 0,50 0,41 95,00 9.434,00 6176
936 273,58 2,75 2,26 95,00 9.444,00 6177
937 273,58 2,75 2,26 95,00 9.454,00 6177
938 273,58 2,75 2,26 95,00 9.464,00 6177
939 273,58 2,75 2,26 95,00 9.474,00 6177
940 273,58 2,75 2,26 95,00 9.484,00 6177
941 273,58 2,75 2,26 95,00 9.494,00 6177
942 273,58 2,75 2,26 95,00 9.504,00 6177
943 273,58 2,75 2,26 95,00 9.514,00 6177
944 273,58 2,75 2,26 95,00 9.524,00 6177
945 273,58 2,75 2,26 95,00 9.534,00 6177
946 273,58 2,75 2,26 95,00 9.544,00 6177
947 273,58 2,75 2,26 95,00 9.554,00 6177
948 273,58 2,75 2,26 95,00 9.564,00 6177
949 273,58 2,75 2,26 95,00 9.574,00 6177
950 273,58 2,75 2,26 95,00 9.584,00 6177
951 273,58 2,75 2,26 95,00 9.594,00 6177
952 273,58 2,75 2,26 95,00 9.604,00 6177
953 273,58 2,75 2,26 95,00 9.614,00 6177
954 273,58 2,75 2,26 95,00 9.624,00 6177
955 273,58 2,75 2,26 95,00 9.634,00 6177
956 273,58 2,75 2,26 95,00 9.644,00 6177
957 273,58 2,69 2,21 95,00 9.654,00 6177
958 273,58 2,69 2,21 95,00 9.664,00 6177
959 273,58 2,69 2,21 95,00 9.674,00 6177
960 273,58 2,69 2,21 17,00 9.684,00 6177
961 273,58 0,48 0,39 17,00 9.694,00 6179
962 273,58 0,48 0,39 17,00 9.704,00 6180
963 273,58 0,48 0,39 17,00 9.714,00 6180
964 273,58 0,48 0,39 17,00 9.724,00 6180
965 273,58 0,48 0,39 17,00 9.734,00 6181
966 273,58 0,48 0,39 17,00 9.744,00 6181
967 273,58 0,48 0,39 17,00 9.754,00 6181
968 273,58 0,48 0,39 17,00 9.764,00 6181
969 273,58 0,48 0,39 17,00 9.774,00 6181
970 273,58 0,48 0,39 17,00 9.784,00 6181
971 273,58 0,48 0,39 17,00 9.794,00 6181
972 273,58 0,48 0,39 17,00 9.804,00 6181
973 273,58 0,48 0,39 17,00 9.814,00 6181
974 273,58 0,48 0,39 17,00 9.824,00 6181
975 273,58 0,47 0,39 17,00 9.834,00 6181
976 273,58 0,47 0,39 17,00 9.844,00 6181
977 273,58 0,47 0,39 17,00 9.854,00 6181
978 273,58 0,47 0,39 17,00 9.864,00 6181
979 273,58 0,47 0,39 17,00 9.874,00 6181
980 273,58 0,47 0,39 17,00 9.884,00 6181
981 273,58 0,47 0,39 17,00 9.894,00 6181
982 273,58 0,47 0,39 17,00 9.904,00 6181
983 273,58 0,47 0,39 17,00 9.914,00 6181
984 273,58 0,47 0,39 17,00 9.924,00 6181
985 273,58 0,47 0,39 17,00 9.934,00 6181
986 273,58 0,47 0,39 17,00 9.944,00 6181
987 273,58 0,47 0,39 17,00 9.954,00 6181
988 273,58 0,47 0,39 17,00 9.964,00 6181
989 273,58 0,47 0,39 17,00 9.974,00 6181
990 273,58 0,47 0,39 93,00 9.984,00 6181
991 273,58 2,55 2,09 93,00 9.994,00 6187
992 273,58 2,55 2,09 93,00 10.004,00 6189
993 273,58 2,55 2,09 93,00 10.014,00 6189
994 273,58 2,55 2,09 93,00 10.024,00 6189
995 273,58 2,54 2,08 93,00 10.034,00 6189
996 273,58 2,54 2,08 93,00 10.044,00 6189
997 273,58 2,54 2,08 93,00 10.054,00 6189
998 273,58 2,54 2,08 93,00 10.064,00 6189
999 273,58 2,54 2,08 93,00 10.074,00 6189
