500
0 470,45 470,45 470,45 1,00 87,00
1 470,45 0,00 0,00 1,00 94,00
2 470,45 0,00 0,00 99,00 100,00
3 470,45 470,45 470,45 197,00 103,00
4 470,45 0,00 0,00 98,00 110,00
5 470,45 470,45 470,45 196,00 116,00
6 470,45 0,00 0,00 96,00 123,00
7 470,45 470,45 470,45 194,00 129,00
8 470,45 0,00 0,00 94,00 136,00
9 470,45 470,45 470,45 192,00 142,00
10 470,45 0,00 0,00 92,00 149,00
11 470,45 470,45 470,45 190,00 155,00
12 470,45 0,00 0,00 90,00 162,00
13 470,45 470,45 470,45 188,00 168,00
14 470,45 0,00 0,00 88,00 175,00
15 470,45 470,45 470,45 186,00 181,00
16 470,45 0,00 0,00 86,00 188,00
17 470,45 0,00 0,00 184,00 191,00
18 470,45 470,45 470,45 282,00 197,00
19 470,45 0,00 0,00 182,00 204,00
20 470,45 470,45 470,45 280,00 210,00
21 470,45 0,00 0,00 180,00 217,00
22 470,45 470,45 470,45 278,00 223,00
23 470,45 0,00 0,00 178,00 230,00
24 470,45 470,45 470,45 276,00 236,00
25 470,45 0,00 0,00 176,00 243,00
26 470,45 470,45 470,45 274,00 249,00
27 470,45 0,00 0,00 174,00 256,00
28 470,45 470,45 470,45 272,00 262,00
29 470,45 0,00 0,00 172,00 269,00
30 470,45 0,00 0,00 270,00 275,00
31 470,45 470,45 470,45 368,00 281,00
32 470,45 0,00 0,00 268,00 288,00
33 470,45 470,45 470,45 366,00 294,00
34 470,45 0,00 0,00 266,00 301,00
35 470,45 470,45 470,45 364,00 307,00
36 470,45 0,00 0,00 264,00 314,00
37 470,45 470,45 470,45 362,00 320,00
38 470,45 0,00 0,00 262,00 327,00
39 470,45 470,45 470,45 360,00 333,00
40 470,45 0,00 0,00 260,00 340,00
41 470,45 470,45 470,45 358,00 346,00
42 470,45 0,00 0,00 258,00 353,00
43 470,45 0,00 0,00 356,00 359,00
44 470,45 470,45 470,45 454,00 365,00
45 470,45 0,00 0,00 354,00 372,00
46 470,45 470,45 470,45 452,00 378,00
47 470,45 0,00 0,00 352,00 385,00
48 470,45 470,45 470,45 450,00 391,00
49 470,45 0,00 0,00 350,00 398,00
50 470,45 470,45 470,45 448,00 404,00
51 470,45 0,00 0,00 348,00 411,00
52 470,45 470,45 470,45 446,00 417,00
53 470,45 0,00 0,00 346,00 424,00
54 470,45 470,45 470,45 444,00 430,00
55 470,45 0,00 0,00 344,00 437,00
56 470,45 0,00 0,00 442,00 443,00
57 470,45 470,45 470,45 540,00 449,00
58 470,45 0,00 0,00 440,00 456,00
59 470,45 470,45 470,45 538,00 462,00
60 470,45 0,00 0,00 438,00 469,00
61 470,45 470,45 470,45 536,00 475,00
62 470,45 0,00 0,00 436,00 482,00
63 470,45 470,45 470,45 534,00 488,00
64 470,45 0,00 0,00 434,00 495,00
65 470,45 470,45 470,45 532,00 501,00
66 470,45 0,00 0,00 432,00 508,00
67 470,45 470,45 470,45 530,00 514,00
68 470,45 0,00 0,00 430,00 521,00
69 470,45 470,45 470,45 528,00 527,00
70 470,45 0,00 0,00 428,00 534,00
71 470,45 0,00 0,00 526,00 533,00
72 470,45 470,45 470,45 624,00 539,00
73 470,45 0,00 0,00 524,00 546,00
74 470,45 470,45 470,45 622,00 552,00
75 470,45 0,00 0,00 522,00 559,00
76 470,45 470,45 470,45 620,00 565,00
77 470,45 0,00 0,00 520,00 572,00
78 470,45 470,45 470,45 618,00 578,00
79 470,45 0,00 0,00 518,00 585,00
80 470,45 470,45 470,45 616,00 591,00
81 470,45 0,00 0,00 516,00 598,00
82 470,45 470,45 470,45 614,00 604,00
83 470,45 0,00 0,00 514,00 611,00
84 470,45 0,00 0,00 612,00 617,00
85 470,45 470,45 470,45 710,00 623,00
86 470,45 0,00 0,00 610,00 630,00
87 470,45 470,45 470,45 708,00 636,00
88 470,45 0,00 0,00 608,00 643,00
89 470,45 470,45 470,45 706,00 649,00
90 470,45 0,00 0,00 606,00 656,00
91 470,45 470,45 470,45 704,00 662,00
92 470,45 0,00 0,00 604,00 669,00
93 470,45 470,45 470,45 702,00 675,00
94 470,45 0,00 0,00 602,00 682,00
95 470,45 470,45 470,45 700,00 688,00
96 470,45 0,00 0,00 600,00 695,00
97 470,45 0,00 0,00 698,00 701,00
98 470,45 470,45 470,45 796,00 707,00
99 470,45 0,00 0,00 696,00 714,00
100 470,45 470,45 470,45 794,00 720,00
101 470,45 0,00 0,00 694,00 727,00
102 470,45 470,45 470,45 792,00 733,00
103 470,45 0,00 0,00 692,00 740,00
104 470,45 470,45 470,45 790,00 746,00
105 470,45 0,00 0,00 690,00 753,00
106 470,45 470,45 470,45 788,00 759,00
107 470,45 0,00 0,00 688,00 766,00
108 470,45 470,45 470,45 786,00 772,00
109 470,45 0,00 0,00 686,00 779,00
110 470,45 0,00 0,00 784,00 785,00
111 470,45 470,45 470,45 882,00 791,00
112 470,45 0,00 0,00 782,00 798,00
113 470,45 470,45 470,45 880,00 804,00
114 470,45 0,00 0,00 780,00 811,00
115 470,45 470,45 470,45 878,00 817,00
116 470,45 0,00 0,00 778,00 824,00
117 470,45 470,45 470,45 876,00 830,00
118 470,45 0,00 0,00 776,00 837,00
119 470,45 470,45 470,45 874,00 843,00
120 470,45 0,00 0,00 774,00 850,00
121 470,45 470,45 470,45 872,00 856,00
122 470,45 0,00 0,00 772,00 863,00
123 470,45 470,45 470,45 870,00 869,00
124 470,45 0,00 0,00 770,00 876,00
125 470,45 0,00 0,00 868,00 875,00
126 470,45 470,45 470,45 966,00 881,00
127 470,45 0,00 0,00 866,00 888,00
128 470,45 470,45 470,45 964,00 894,00
129 470,45 0,00 0,00 864,00 901,00
130 470,45 470,45 470,45 962,00 907,00
131 470,45 0,00 0,00 862,00 914,00
132 470,45 470,45 470,45 960,00 920,00
133 470,45 0,00 0,00 860,00 927,00
134 470,45 470,45 470,45 958,00 933,00
135 470,45 0,00 0,00 858,00 940,00
136 470,45 470,45 470,45 956,00 946,00
137 470,45 0,00 0,00 856,00 953,00
138 470,45 0,00 0,00 954,00 959,00
139 470,45 470,45 470,45 1.052,00 965,00
140 470,45 0,00 0,00 952,00 972,00
141 470,45 470,45 470,45 1.050,00 978,00
142 470,45 0,00 0,00 950,00 985,00
143 470,45 470,45 470,45 1.048,00 991,00
144 470,45 0,00 0,00 948,00 998,00
145 470,45 470,45 470,45 1.046,00 1.004,00
146 470,45 0,00 0,00 946,00 1.011,00
147 470,45 470,45 470,45 1.044,00 1.017,00
148 470,45 0,00 0,00 944,00 1.024,00
149 470,45 470,45 470,45 1.042,00 1.030,00
150 470,45 0,00 0,00 942,00 1.037,00
151 470,45 0,00 0,00 1.040,00 1.043,00
152 470,45 470,45 470,45 1.138,00 1.049,00
153 470,45 0,00 0,00 1.038,00 1.056,00
154 470,45 470,45 470,45 1.136,00 1.062,00
155 470,45 0,00 0,00 1.036,00 1.069,00
156 470,45 470,45 470,45 1.134,00 1.075,00
157 470,45 0,00 0,00 1.034,00 1.082,00
158 470,45 470,45 470,45 1.132,00 1.088,00
159 470,45 0,00 0,00 1.032,00 1.095,00
160 470,45 470,45 470,45 1.130,00 1.101,00
161 470,45 0,00 0,00 1.030,00 1.108,00
162 470,45 470,45 470,45 1.128,00 1.114,00
163 470,45 0,00 0,00 1.028,00 1.121,00
164 470,45 0,00 0,00 1.126,00 1.127,00
165 470,45 470,45 470,45 1.224,00 1.133,00
166 470,45 0,00 0,00 1.124,00 1.140,00
167 470,45 470,45 470,45 1.222,00 1.146,00
168 470,45 0,00 0,00 1.122,00 1.153,00
169 470,45 470,45 470,45 1.220,00 1.159,00
170 470,45 0,00 0,00 1.120,00 1.166,00
171 470,45 470,45 470,45 1.218,00 1.172,00
172 470,45 0,00 0,00 1.118,00 1.179,00
173 470,45 470,45 470,45 1.216,00 1.185,00
174 470,45 0,00 0,00 1.116,00 1.192,00
175 470,45 470,45 470,45 1.214,00 1.198,00
176 470,45 0,00 0,00 1.114,00 1.205,00
177 470,45 470,45 470,45 1.212,00 1.211,00
178 470,45 0,00 0,00 1.112,00 1.218,00
179 470,45 0,00 0,00 1.210,00 1.217,00
180 470,45 470,45 470,45 1.308,00 1.223,00
181 470,45 0,00 0,00 1.208,00 1.230,00
182 470,45 470,45 470,45 1.306,00 1.236,00
183 470,45 0,00 0,00 1.206,00 1.243,00
184 470,45 470,45 470,45 1.304,00 1.249,00
185 470,45 0,00 0,00 1.204,00 1.256,00
186 470,45 470,45 470,45 1.302,00 1.262,00
187 470,45 0,00 0,00 1.202,00 1.269,00
188 470,45 470,45 470,45 1.300,00 1.275,00
189 470,45 0,00 0,00 1.200,00 1.282,00
190 470,45 470,45 470,45 1.298,00 1.288,00
191 470,45 0,00 0,00 1.198,00 1.295,00
192 470,45 0,00 0,00 1.296,00 1.301,00
193 470,45 470,45 470,45 1.394,00 1.307,00
194 470,45 0,00 0,00 1.294,00 1.314,00
195 470,45 470,45 470,45 1.392,00 1.320,00
196 470,45 0,00 0,00 1.292,00 1.327,00
197 470,45 470,45 470,45 1.390,00 1.333,00
198 470,45 0,00 0,00 1.290,00 1.340,00
199 470,45 470,45 470,45 1.388,00 1.346,00
200 470,45 0,00 0,00 1.288,00 1.353,00
201 470,45 470,45 470,45 1.386,00 1.359,00
202 470,45 0,00 0,00 1.286,00 1.366,00
203 470,45 470,45 470,45 1.384,00 1.372,00
204 470,45 0,00 0,00 1.284,00 1.379,00
205 470,45 0,00 0,00 1.382,00 1.385,00
206 470,45 470,45 470,45 1.480,00 1.391,00
207 470,45 0,00 0,00 1.380,00 1.398,00
208 470,45 470,45 470,45 1.478,00 1.404,00
209 470,45 0,00 0,00 1.378,00 1.411,00
210 470,45 470,45 470,45 1.476,00 1.417,00
211 470,45 0,00 0,00 1.376,00 1.424,00
212 470,45 470,45 470,45 1.474,00 1.430,00
213 470,45 0,00 0,00 1.374,00 1.437,00
214 470,45 470,45 470,45 1.472,00 1.443,00
215 470,45 0,00 0,00 1.372,00 1.450,00
216 470,45 470,45 470,45 1.470,00 1.456,00
217 470,45 0,00 0,00 1.370,00 1.463,00
218 470,45 0,00 0,00 1.468,00 1.469,00
219 470,45 470,45 470,45 1.566,00 1.475,00
220 470,45 0,00 0,00 1.466,00 1.482,00
221 470,45 470,45 470,45 1.564,00 1.488,00
222 470,45 0,00 0,00 1.464,00 1.495,00
223 470,45 470,45 470,45 1.562,00 1.501,00
224 470,45 0,00 0,00 1.462,00 1.508,00
225 470,45 470,45 470,45 1.560,00 1.514,00
226 470,45 0,00 0,00 1.460,00 1.521,00
227 470,45 470,45 470,45 1.558,00 1.527,00
228 470,45 0,00 0,00 1.458,00 1.534,00
229 470,45 470,45 470,45 1.556,00 1.540,00
230 470,45 0,00 0,00 1.456,00 1.547,00
231 470,45 470,45 470,45 1.554,00 1.553,00
232 470,45 0,00 0,00 1.454,00 1.560,00
233 470,45 0,00 0,00 1.552,00 1.559,00
234 470,45 470,45 470,45 1.650,00 1.565,00
235 470,45 0,00 0,00 1.550,00 1.572,00
236 470,45 470,45 470,45 1.648,00 1.578,00
237 470,45 0,00 0,00 1.548,00 1.585,00
238 470,45 470,45 470,45 1.646,00 1.591,00
239 470,45 0,00 0,00 1.546,00 1.598,00
240 470,45 470,45 470,45 1.644,00 1.604,00
241 470,45 0,00 0,00 1.544,00 1.611,00
242 470,45 470,45 470,45 1.642,00 1.617,00
243 470,45 0,00 0,00 1.542,00 1.624,00
244 470,45 470,45 470,45 1.640,00 1.630,00
245 470,45 0,00 0,00 1.540,00 1.637,00
246 470,45 0,00 0,00 1.638,00 1.643,00
247 470,45 470,45 470,45 1.736,00 1.649,00
248 470,45 0,00 0,00 1.636,00 1.656,00
249 470,45 470,45 470,45 1.734,00 1.662,00
250 470,45 0,00 0,00 1.634,00 1.669,00
251 470,45 470,45 470,45 1.732,00 1.675,00
252 470,45 0,00 0,00 1.632,00 1.682,00
253 470,45 470,45 470,45 1.730,00 1.688,00
254 470,45 0,00 0,00 1.630,00 1.695,00
255 470,45 470,45 470,45 1.728,00 1.701,00
256 470,45 0,00 0,00 1.628,00 1.708,00
257 470,45 470,45 470,45 1.726,00 1.714,00
258 470,45 0,00 0,00 1.626,00 1.721,00
259 470,45 0,00 0,00 1.724,00 1.727,00
260 470,45 470,45 470,45 1.822,00 1.733,00
261 470,45 0,00 0,00 1.722,00 1.740,00
262 470,45 470,45 470,45 1.820,00 1.746,00
263 470,45 0,00 0,00 1.720,00 1.753,00
264 470,45 470,45 470,45 1.818,00 1.759,00
265 470,45 0,00 0,00 1.718,00 1.766,00
266 470,45 470,45 470,45 1.816,00 1.772,00
267 470,45 0,00 0,00 1.716,00 1.779,00
268 470,45 470,45 470,45 1.814,00 1.785,00
269 470,45 0,00 0,00 1.714,00 1.792,00
270 470,45 470,45 470,45 1.812,00 1.798,00
271 470,45 0,00 0,00 1.712,00 1.805,00
272 470,45 0,00 0,00 1.810,00 1.811,00
273 470,45 470,45 470,45 1.908,00 1.817,00
274 470,45 0,00 0,00 1.808,00 1.824,00
275 470,45 470,45 470,45 1.906,00 1.830,00
276 470,45 0,00 0,00 1.806,00 1.837,00
277 470,45 470,45 470,45 1.904,00 1.843,00
278 470,45 0,00 0,00 1.804,00 1.850,00
279 470,45 470,45 470,45 1.902,00 1.856,00
280 470,45 0,00 0,00 1.802,00 1.863,00
281 470,45 470,45 470,45 1.900,00 1.869,00
282 470,45 0,00 0,00 1.800,00 1.876,00
283 470,45 470,45 470,45 1.898,00 1.882,00
284 470,45 0,00 0,00 1.798,00 1.889,00
285 470,45 470,45 470,45 1.896,00 1.895,00
286 470,45 0,00 0,00 1.796,00 1.902,00
287 470,45 0,00 0,00 1.894,00 1.901,00
288 470,45 470,45 470,45 1.992,00 1.907,00
289 470,45 0,00 0,00 1.892,00 1.914,00
290 470,45 470,45 470,45 1.990,00 1.920,00
291 470,45 0,00 0,00 1.890,00 1.927,00
292 470,45 470,45 470,45 1.988,00 1.933,00
293 470,45 0,00 0,00 1.888,00 1.940,00
294 470,45 470,45 470,45 1.986,00 1.946,00
295 470,45 0,00 0,00 1.886,00 1.953,00
296 470,45 470,45 470,45 1.984,00 1.959,00
297 470,45 0,00 0,00 1.884,00 1.966,00
298 470,45 470,45 470,45 1.982,00 1.972,00
299 470,45 0,00 0,00 1.882,00 1.979,00
300 470,45 0,00 0,00 1.980,00 1.985,00
301 470,45 470,45 470,45 2.078,00 1.991,00
302 470,45 0,00 0,00 1.978,00 1.998,00
303 470,45 470,45 470,45 2.076,00 2.004,00
304 470,45 0,00 0,00 1.976,00 2.011,00
305 470,45 470,45 470,45 2.074,00 2.017,00
306 470,45 0,00 0,00 1.974,00 2.024,00
307 470,45 470,45 470,45 2.072,00 2.030,00
308 470,45 0,00 0,00 1.972,00 2.037,00
309 470,45 470,45 470,45 2.070,00 2.043,00
310 470,45 0,00 0,00 1.970,00 2.050,00
311 470,45 470,45 470,45 2.068,00 2.056,00
312 470,45 0,00 0,00 1.968,00 2.063,00
313 470,45 0,00 0,00 2.066,00 2.069,00
314 470,45 470,45 470,45 2.164,00 2.075,00
315 470,45 0,00 0,00 2.064,00 2.082,00
316 470,45 470,45 470,45 2.162,00 2.088,00
317 470,45 0,00 0,00 2.062,00 2.095,00
318 470,45 470,45 470,45 2.160,00 2.101,00
319 470,45 0,00 0,00 2.060,00 2.108,00
320 470,45 470,45 470,45 2.158,00 2.114,00
321 470,45 0,00 0,00 2.058,00 2.121,00
322 470,45 470,45 470,45 2.156,00 2.127,00
323 470,45 0,00 0,00 2.056,00 2.134,00
324 470,45 470,45 470,45 2.154,00 2.140,00
325 470,45 0,00 0,00 2.054,00 2.147,00
326 470,45 0,00 0,00 2.152,00 2.153,00
327 470,45 470,45 470,45 2.250,00 2.159,00
328 470,45 0,00 0,00 2.150,00 2.166,00
329 470,45 470,45 470,45 2.248,00 2.172,00
330 470,45 0,00 0,00 2.148,00 2.179,00
331 470,45 470,45 470,45 2.246,00 2.185,00
332 470,45 0,00 0,00 2.146,00 2.192,00
333 470,45 470,45 470,45 2.244,00 2.198,00
334 470,45 0,00 0,00 2.144,00 2.205,00
335 470,45 470,45 470,45 2.242,00 2.211,00
336 470,45 0,00 0,00 2.142,00 2.218,00
337 470,45 470,45 470,45 2.240,00 2.224,00
338 470,45 0,00 0,00 2.140,00 2.231,00
339 470,45 470,45 470,45 2.238,00 2.237,00
340 470,45 0,00 0,00 2.138,00 2.244,00
341 470,45 0,00 0,00 2.236,00 2.243,00
342 470,45 470,45 470,45 2.334,00 2.249,00
343 470,45 0,00 0,00 2.234,00 2.256,00
344 470,45 470,45 470,45 2.332,00 2.262,00
345 470,45 0,00 0,00 2.232,00 2.269,00
346 470,45 470,45 470,45 2.330,00 2.275,00
347 470,45 0,00 0,00 2.230,00 2.282,00
348 470,45 470,45 470,45 2.328,00 2.288,00
349 470,45 0,00 0,00 2.228,00 2.295,00
350 470,45 470,45 470,45 2.326,00 2.301,00
351 470,45 0,00 0,00 2.226,00 2.308,00
352 470,45 470,45 470,45 2.324,00 2.314,00
353 470,45 0,00 0,00 2.224,00 2.321,00
354 470,45 0,00 0,00 2.322,00 2.327,00
355 470,45 470,45 470,45 2.420,00 2.333,00
356 470,45 0,00 0,00 2.320,00 2.340,00
357 470,45 470,45 470,45 2.418,00 2.346,00
358 470,45 0,00 0,00 2.318,00 2.353,00
359 470,45 470,45 470,45 2.416,00 2.359,00
360 470,45 0,00 0,00 2.316,00 2.366,00
361 470,45 470,45 470,45 2.414,00 2.372,00
362 470,45 0,00 0,00 2.314,00 2.379,00
363 470,45 470,45 470,45 2.412,00 2.385,00
364 470,45 0,00 0,00 2.312,00 2.392,00
365 470,45 470,45 470,45 2.410,00 2.398,00
366 470,45 0,00 0,00 2.310,00 2.405,00
367 470,45 0,00 0,00 2.408,00 2.411,00
368 470,45 470,45 470,45 2.506,00 2.417,00
369 470,45 0,00 0,00 2.406,00 2.424,00
370 470,45 470,45 470,45 2.504,00 2.430,00
371 470,45 0,00 0,00 2.404,00 2.437,00
372 470,45 470,45 470,45 2.502,00 2.443,00
373 470,45 0,00 0,00 2.402,00 2.450,00
374 470,45 470,45 470,45 2.500,00 2.456,00
375 470,45 0,00 0,00 2.400,00 2.463,00
376 470,45 470,45 470,45 2.498,00 2.469,00
377 470,45 0,00 0,00 2.398,00 2.476,00
378 470,45 470,45 470,45 2.496,00 2.482,00
379 470,45 0,00 0,00 2.396,00 2.489,00
380 470,45 0,00 0,00 2.494,00 2.495,00
381 470,45 470,45 470,45 2.592,00 2.501,00
382 470,45 0,00 0,00 2.492,00 2.508,00
383 470,45 470,45 470,45 2.590,00 2.514,00
384 470,45 0,00 0,00 2.490,00 2.521,00
385 470,45 470,45 470,45 2.588,00 2.527,00
386 470,45 0,00 0,00 2.488,00 2.534,00
387 470,45 470,45 470,45 2.586,00 2.540,00
388 470,45 0,00 0,00 2.486,00 2.547,00
389 470,45 470,45 470,45 2.584,00 2.553,00
390 470,45 0,00 0,00 2.484,00 2.560,00
391 470,45 470,45 470,45 2.582,00 2.566,00
392 470,45 0,00 0,00 2.482,00 2.573,00
393 470,45 470,45 470,45 2.580,00 2.579,00
394 470,45 0,00 0,00 2.480,00 2.586,00
395 470,45 0,00 0,00 2.578,00 2.585,00
396 470,45 470,45 470,45 2.676,00 2.591,00
397 470,45 0,00 0,00 2.576,00 2.598,00
398 470,45 470,45 470,45 2.674,00 2.604,00
399 470,45 0,00 0,00 2.574,00 2.611,00
400 470,45 470,45 470,45 2.672,00 2.617,00
401 470,45 0,00 0,00 2.572,00 2.624,00
402 470,45 470,45 470,45 2.670,00 2.630,00
403 470,45 0,00 0,00 2.570,00 2.637,00
404 470,45 470,45 470,45 2.668,00 2.643,00
405 470,45 0,00 0,00 2.568,00 2.650,00
406 470,45 470,45 470,45 2.666,00 2.656,00
407 470,45 0,00 0,00 2.566,00 2.663,00
408 470,45 0,00 0,00 2.664,00 2.669,00
409 470,45 470,45 470,45 2.762,00 2.675,00
410 470,45 0,00 0,00 2.662,00 2.682,00
411 470,45 470,45 470,45 2.760,00 2.688,00
412 470,45 0,00 0,00 2.660,00 2.695,00
413 470,45 470,45 470,45 2.758,00 2.701,00
414 470,45 0,00 0,00 2.658,00 2.708,00
415 470,45 470,45 470,45 2.756,00 2.714,00
416 470,45 0,00 0,00 2.656,00 2.721,00
417 470,45 470,45 470,45 2.754,00 2.727,00
418 470,45 0,00 0,00 2.654,00 2.734,00
419 470,45 470,45 470,45 2.752,00 2.740,00
420 470,45 0,00 0,00 2.652,00 2.747,00
421 470,45 0,00 0,00 2.750,00 2.753,00
422 470,45 470,45 470,45 2.848,00 2.759,00
423 470,45 0,00 0,00 2.748,00 2.766,00
424 470,45 470,45 470,45 2.846,00 2.772,00
425 470,45 0,00 0,00 2.746,00 2.779,00
426 470,45 470,45 470,45 2.844,00 2.785,00
427 470,45 0,00 0,00 2.744,00 2.792,00
428 470,45 470,45 470,45 2.842,00 2.798,00
429 470,45 0,00 0,00 2.742,00 2.805,00
430 470,45 470,45 470,45 2.840,00 2.811,00
431 470,45 0,00 0,00 2.740,00 2.818,00
432 470,45 470,45 470,45 2.838,00 2.824,00
433 470,45 0,00 0,00 2.738,00 2.831,00
434 470,45 0,00 0,00 2.836,00 2.837,00
435 470,45 470,45 470,45 2.934,00 2.843,00
436 470,45 0,00 0,00 2.834,00 2.850,00
437 470,45 470,45 470,45 2.932,00 2.856,00
438 470,45 0,00 0,00 2.832,00 2.863,00
439 470,45 470,45 470,45 2.930,00 2.869,00
440 470,45 0,00 0,00 2.830,00 2.876,00
441 470,45 470,45 470,45 2.928,00 2.882,00
442 470,45 0,00 0,00 2.828,00 2.889,00
443 470,45 470,45 470,45 2.926,00 2.895,00
444 470,45 0,00 0,00 2.826,00 2.902,00
445 470,45 470,45 470,45 2.924,00 2.908,00
446 470,45 0,00 0,00 2.824,00 2.915,00
447 470,45 470,45 470,45 2.922,00 2.921,00
448 470,45 0,00 0,00 2.822,00 2.928,00
449 470,45 0,00 0,00 2.920,00 2.927,00
450 470,45 470,45 470,45 3.018,00 2.933,00
451 470,45 0,00 0,00 2.918,00 2.940,00
452 470,45 470,45 470,45 3.016,00 2.946,00
453 470,45 0,00 0,00 2.916,00 2.953,00
454 470,45 470,45 470,45 3.014,00 2.959,00
455 470,45 0,00 0,00 2.914,00 2.966,00
456 470,45 470,45 470,45 3.012,00 2.972,00
457 470,45 0,00 0,00 2.912,00 2.979,00
458 470,45 470,45 470,45 3.010,00 2.985,00
459 470,45 0,00 0,00 2.910,00 2.992,00
460 470,45 470,45 470,45 3.008,00 2.998,00
461 470,45 0,00 0,00 2.908,00 3.005,00
462 470,45 0,00 0,00 3.006,00 3.011,00
463 470,45 470,45 470,45 3.104,00 3.017,00
464 470,45 0,00 0,00 3.004,00 3.024,00
465 470,45 470,45 470,45 3.102,00 3.030,00
466 470,45 0,00 0,00 3.002,00 3.037,00
467 470,45 470,45 470,45 3.100,00 3.043,00
468 470,45 0,00 0,00 3.000,00 3.050,00
469 470,45 470,45 470,45 3.098,00 3.056,00
470 470,45 0,00 0,00 2.998,00 3.063,00
471 470,45 470,45 470,45 3.096,00 3.069,00
472 470,45 0,00 0,00 2.996,00 3.076,00
473 470,45 470,45 470,45 3.094,00 3.082,00
474 470,45 0,00 0,00 2.994,00 3.089,00
475 470,45 0,00 0,00 3.092,00 3.095,00
476 470,45 470,45 470,45 3.190,00 3.101,00
477 470,45 0,00 0,00 3.090,00 3.108,00
478 470,45 470,45 470,45 3.188,00 3.114,00
479 470,45 0,00 0,00 3.088,00 3.121,00
480 470,45 470,45 470,45 3.186,00 3.127,00
481 470,45 0,00 0,00 3.086,00 3.134,00
482 470,45 470,45 470,45 3.184,00 3.140,00
483 470,45 0,00 0,00 3.084,00 3.147,00
484 470,45 470,45 470,45 3.182,00 3.153,00
485 470,45 0,00 0,00 3.082,00 3.160,00
486 470,45 470,45 470,45 3.180,00 3.166,00
487 470,45 0,00 0,00 3.080,00 3.173,00
488 470,45 0,00 0,00 3.178,00 3.179,00
489 470,45 470,45 470,45 3.276,00 3.185,00
490 470,45 0,00 0,00 3.176,00 3.192,00
491 470,45 470,45 470,45 3.274,00 3.198,00
492 470,45 0,00 0,00 3.174,00 3.205,00
493 470,45 470,45 470,45 3.272,00 3.211,00
494 470,45 0,00 0,00 3.172,00 3.218,00
495 470,45 470,45 470,45 3.270,00 3.224,00
496 470,45 0,00 0,00 3.170,00 3.231,00
497 470,45 470,45 470,45 3.268,00 3.237,00
498 470,45 0,00 0,00 3.168,00 3.244,00
499 470,45 470,45 470,45 3.266,00 3.250,00
