500
0 328,01 328,01 328,01 1,00 9,00
1 328,01 0,00 0,00 1,00 24,00
2 328,01 656,02 614,63 99,00 39,00
3 328,01 0,00 0,00 1,00 55,00
4 328,01 328,01 278,26 99,00 70,00
5 328,01 0,00 0,00 1,00 86,00
6 328,01 0,00 0,00 99,00 101,00
7 328,01 328,01 245,13 197,00 116,00
8 328,01 0,00 0,00 97,00 132,00
9 328,01 328,01 249,73 195,00 147,00
10 328,01 0,00 0,00 95,00 163,00
11 328,01 328,01 253,28 193,00 178,00
12 328,01 0,00 0,00 93,00 194,00
13 328,01 0,00 0,00 191,00 207,00
14 328,01 328,01 264,29 289,00 222,00
15 328,01 0,00 0,00 189,00 238,00
16 328,01 328,01 262,91 287,00 253,00
17 328,01 0,00 0,00 187,00 269,00
18 328,01 328,01 262,73 285,00 284,00
19 328,01 0,00 0,00 185,00 300,00
20 328,01 0,00 0,00 283,00 299,00
21 328,01 328,01 261,92 381,00 314,00
22 328,01 0,00 0,00 281,00 330,00
23 328,01 328,01 262,17 379,00 345,00
24 328,01 0,00 0,00 279,00 361,00
25 328,01 328,01 262,31 377,00 376,00
26 328,01 0,00 0,00 277,00 392,00
27 328,01 0,00 0,00 375,00 391,00
28 328,01 328,01 262,43 473,00 406,00
29 328,01 0,00 0,00 373,00 422,00
30 328,01 328,01 262,57 471,00 437,00
31 328,01 0,00 0,00 371,00 453,00
32 328,01 328,01 262,74 469,00 468,00
33 328,01 0,00 0,00 369,00 484,00
34 328,01 0,00 0,00 467,00 483,00
35 328,01 328,01 263,12 565,00 498,00
36 328,01 0,00 0,00 465,00 514,00
37 328,01 328,01 263,45 563,00 529,00
38 328,01 0,00 0,00 463,00 545,00
39 328,01 328,01 263,80 561,00 560,00
40 328,01 0,00 0,00 461,00 576,00
41 328,01 0,00 0,00 559,00 575,00
42 328,01 328,01 264,41 657,00 590,00
43 328,01 0,00 0,00 557,00 606,00
44 328,01 328,01 264,88 655,00 621,00
45 328,01 0,00 0,00 555,00 637,00
46 328,01 328,01 265,39 653,00 652,00
47 328,01 0,00 0,00 553,00 668,00
48 328,01 0,00 0,00 651,00 667,00
49 328,01 328,01 266,20 749,00 682,00
50 328,01 0,00 0,00 649,00 698,00
51 328,01 328,01 266,84 747,00 713,00
52 328,01 0,00 0,00 647,00 729,00
53 328,01 328,01 267,52 745,00 744,00
54 328,01 0,00 0,00 645,00 760,00
55 328,01 0,00 0,00 743,00 759,00
56 328,01 328,01 268,62 841,00 774,00
57 328,01 0,00 0,00 741,00 790,00
58 328,01 328,01 269,41 839,00 805,00
59 328,01 0,00 0,00 739,00 821,00
60 328,01 328,01 270,27 837,00 836,00
61 328,01 0,00 0,00 737,00 852,00
62 328,01 0,00 0,00 835,00 851,00
63 328,01 328,01 271,63 933,00 866,00
64 328,01 0,00 0,00 833,00 882,00
65 328,01 328,01 272,59 931,00 897,00
66 328,01 0,00 0,00 831,00 913,00
67 328,01 328,01 273,59 929,00 928,00
68 328,01 0,00 0,00 829,00 944,00
69 328,01 0,00 0,00 927,00 943,00
70 328,01 328,01 275,19 1.025,00 958,00
71 328,01 0,00 0,00 925,00 974,00
72 328,01 328,01 276,31 1.023,00 989,00
73 328,01 0,00 0,00 923,00 1.005,00
74 328,01 328,01 277,52 1.021,00 1.020,00
75 328,01 0,00 0,00 921,00 1.036,00
76 328,01 0,00 0,00 1.019,00 1.035,00
77 328,01 328,01 279,39 1.117,00 1.050,00
78 328,01 0,00 0,00 1.017,00 1.066,00
79 328,01 328,01 280,72 1.115,00 1.081,00
80 328,01 0,00 0,00 1.015,00 1.097,00
81 328,01 328,01 282,11 1.113,00 1.112,00
82 328,01 0,00 0,00 1.013,00 1.128,00
83 328,01 0,00 0,00 1.111,00 1.127,00
84 328,01 328,01 284,23 1.209,00 1.142,00
85 328,01 0,00 0,00 1.109,00 1.158,00
86 328,01 328,01 285,71 1.207,00 1.173,00
87 328,01 0,00 0,00 1.107,00 1.189,00
88 328,01 328,01 287,25 1.205,00 1.204,00
89 328,01 0,00 0,00 1.105,00 1.220,00
90 328,01 0,00 0,00 1.203,00 1.219,00
91 328,01 328,01 289,61 1.301,00 1.234,00
92 328,01 0,00 0,00 1.201,00 1.250,00
93 328,01 328,01 291,24 1.299,00 1.265,00
94 328,01 0,00 0,00 1.199,00 1.281,00
95 328,01 328,01 292,94 1.297,00 1.296,00
96 328,01 0,00 0,00 1.197,00 1.312,00
97 328,01 0,00 0,00 1.295,00 1.311,00
98 328,01 328,01 295,57 1.393,00 1.326,00
99 328,01 0,00 0,00 1.293,00 1.342,00
100 328,01 328,01 297,36 1.391,00 1.357,00
101 328,01 0,00 0,00 1.291,00 1.373,00
102 328,01 328,01 299,21 1.389,00 1.388,00
103 328,01 0,00 0,00 1.289,00 1.404,00
104 328,01 0,00 0,00 1.387,00 1.403,00
105 328,01 328,01 302,07 1.485,00 1.418,00
106 328,01 0,00 0,00 1.385,00 1.434,00
107 328,01 328,01 304,03 1.483,00 1.449,00
108 328,01 0,00 0,00 1.383,00 1.465,00
109 328,01 328,01 306,04 1.481,00 1.480,00
110 328,01 0,00 0,00 1.381,00 1.496,00
111 328,01 0,00 0,00 1.479,00 1.495,00
112 328,01 328,01 309,15 1.577,00 1.510,00
113 328,01 0,00 0,00 1.477,00 1.526,00
114 328,01 328,01 311,29 1.575,00 1.541,00
115 328,01 0,00 0,00 1.475,00 1.557,00
116 328,01 328,01 313,50 1.573,00 1.572,00
117 328,01 0,00 0,00 1.473,00 1.588,00
118 328,01 0,00 0,00 1.571,00 1.587,00
119 328,01 328,01 316,85 1.669,00 1.602,00
120 328,01 0,00 0,00 1.569,00 1.618,00
121 328,01 328,01 319,16 1.667,00 1.633,00
122 328,01 0,00 0,00 1.567,00 1.649,00
123 328,01 328,01 321,52 1.665,00 1.664,00
124 328,01 0,00 0,00 1.565,00 1.680,00
125 328,01 0,00 0,00 1.663,00 1.679,00
126 328,01 328,01 325,14 1.761,00 1.694,00
127 328,01 0,00 0,00 1.661,00 1.710,00
128 328,01 328,01 327,65 1.759,00 1.725,00
129 328,01 0,00 0,00 1.659,00 1.741,00
130 328,01 328,01 330,21 1.757,00 1.756,00
131 328,01 0,00 0,00 1.657,00 1.772,00
132 328,01 0,00 0,00 1.755,00 1.771,00
133 328,01 328,01 334,10 1.853,00 1.786,00
134 328,01 0,00 0,00 1.753,00 1.802,00
135 328,01 328,01 336,75 1.851,00 1.817,00
136 328,01 0,00 0,00 1.751,00 1.833,00
137 328,01 328,01 339,46 1.849,00 1.848,00
138 328,01 0,00 0,00 1.749,00 1.864,00
139 328,01 0,00 0,00 1.847,00 1.863,00
140 328,01 328,01 343,60 1.945,00 1.878,00
141 328,01 0,00 0,00 1.845,00 1.894,00
142 328,01 328,01 346,43 1.943,00 1.909,00
143 328,01 0,00 0,00 1.843,00 1.925,00
144 328,01 328,01 349,31 1.941,00 1.940,00
145 328,01 0,00 0,00 1.841,00 1.956,00
146 328,01 0,00 0,00 1.939,00 1.955,00
147 328,01 328,01 353,70 2.037,00 1.970,00
148 328,01 0,00 0,00 1.937,00 1.986,00
149 328,01 328,01 356,70 2.035,00 2.001,00
150 328,01 0,00 0,00 1.935,00 2.017,00
151 328,01 328,01 359,76 2.033,00 2.032,00
152 328,01 0,00 0,00 1.933,00 2.048,00
153 328,01 0,00 0,00 2.031,00 2.047,00
154 328,01 328,01 364,38 2.129,00 2.062,00
155 328,01 0,00 0,00 2.029,00 2.078,00
156 328,01 328,01 367,51 2.127,00 2.093,00
157 328,01 0,00 0,00 2.027,00 2.109,00
158 328,01 328,01 370,70 2.125,00 2.124,00
159 328,01 0,00 0,00 2.025,00 2.140,00
160 328,01 0,00 0,00 2.123,00 2.139,00
161 328,01 328,01 375,57 2.221,00 2.154,00
162 328,01 0,00 0,00 2.121,00 2.170,00
163 328,01 328,01 378,91 2.219,00 2.185,00
164 328,01 0,00 0,00 2.119,00 2.201,00
165 328,01 328,01 382,30 2.217,00 2.216,00
166 328,01 0,00 0,00 2.117,00 2.232,00
167 328,01 0,00 0,00 2.215,00 2.231,00
168 328,01 328,01 387,43 2.313,00 2.246,00
169 328,01 0,00 0,00 2.213,00 2.262,00
170 328,01 328,01 390,93 2.311,00 2.277,00
171 328,01 0,00 0,00 2.211,00 2.293,00
172 328,01 328,01 394,48 2.309,00 2.308,00
173 328,01 0,00 0,00 2.209,00 2.324,00
174 328,01 0,00 0,00 2.307,00 2.323,00
175 328,01 328,01 399,88 2.405,00 2.338,00
176 328,01 0,00 0,00 2.305,00 2.354,00
177 328,01 328,01 403,53 2.403,00 2.369,00
178 328,01 0,00 0,00 2.303,00 2.385,00
179 328,01 328,01 407,26 2.401,00 2.400,00
180 328,01 0,00 0,00 2.301,00 2.416,00
181 328,01 0,00 0,00 2.399,00 2.415,00
182 328,01 328,01 412,92 2.497,00 2.430,00
183 328,01 0,00 0,00 2.397,00 2.446,00
184 328,01 328,01 416,77 2.495,00 2.461,00
185 328,01 0,00 0,00 2.395,00 2.477,00
186 328,01 328,01 420,67 2.493,00 2.492,00
187 328,01 0,00 0,00 2.393,00 2.508,00
188 328,01 0,00 0,00 2.491,00 2.507,00
189 328,01 328,01 426,57 2.589,00 2.522,00
190 328,01 0,00 0,00 2.489,00 2.538,00
191 328,01 328,01 430,56 2.587,00 2.553,00
192 328,01 0,00 0,00 2.487,00 2.569,00
193 328,01 328,01 434,62 2.585,00 2.584,00
194 328,01 0,00 0,00 2.485,00 2.600,00
195 328,01 0,00 0,00 2.583,00 2.599,00
196 328,01 328,01 440,79 2.681,00 2.614,00
197 328,01 0,00 0,00 2.581,00 2.630,00
198 328,01 328,01 444,98 2.679,00 2.645,00
199 328,01 0,00 0,00 2.579,00 2.661,00
200 328,01 328,01 449,20 2.677,00 2.676,00
201 328,01 0,00 0,00 2.577,00 2.692,00
202 328,01 0,00 0,00 2.675,00 2.691,00
203 328,01 328,01 455,60 2.773,00 2.706,00
204 328,01 0,00 0,00 2.673,00 2.722,00
205 328,01 328,01 459,92 2.771,00 2.737,00
206 328,01 0,00 0,00 2.671,00 2.753,00
207 328,01 328,01 464,29 2.769,00 2.768,00
208 328,01 0,00 0,00 2.669,00 2.784,00
209 328,01 0,00 0,00 2.767,00 2.783,00
210 328,01 328,01 470,94 2.865,00 2.798,00
211 328,01 0,00 0,00 2.765,00 2.814,00
212 328,01 328,01 475,44 2.863,00 2.829,00
213 328,01 0,00 0,00 2.763,00 2.845,00
214 328,01 328,01 479,99 2.861,00 2.860,00
215 328,01 0,00 0,00 2.761,00 2.876,00
216 328,01 0,00 0,00 2.859,00 2.875,00
217 328,01 328,01 486,88 2.957,00 2.890,00
218 328,01 0,00 0,00 2.857,00 2.906,00
219 328,01 328,01 491,56 2.955,00 2.921,00
220 328,01 0,00 0,00 2.855,00 2.937,00
221 328,01 328,01 496,29 2.953,00 2.952,00
222 328,01 0,00 0,00 2.853,00 2.968,00
223 328,01 0,00 0,00 2.951,00 2.967,00
224 328,01 328,01 503,42 3.049,00 2.982,00
225 328,01 0,00 0,00 2.949,00 2.998,00
226 328,01 328,01 508,24 3.047,00 3.013,00
227 328,01 0,00 0,00 2.947,00 3.029,00
228 328,01 328,01 513,10 3.045,00 3.044,00
229 328,01 0,00 0,00 2.945,00 3.060,00
230 328,01 0,00 0,00 3.043,00 3.059,00
231 328,01 328,01 520,51 3.141,00 3.074,00
232 328,01 0,00 0,00 3.041,00 3.090,00
233 328,01 328,01 525,52 3.139,00 3.105,00
234 328,01 0,00 0,00 3.039,00 3.121,00
235 328,01 328,01 530,58 3.137,00 3.136,00
236 328,01 0,00 0,00 3.037,00 3.152,00
237 328,01 0,00 0,00 3.135,00 3.151,00
238 328,01 328,01 538,24 3.233,00 3.166,00
239 328,01 0,00 0,00 3.133,00 3.182,00
240 328,01 328,01 543,41 3.231,00 3.197,00
241 328,01 0,00 0,00 3.131,00 3.213,00
242 328,01 328,01 548,64 3.229,00 3.228,00
243 328,01 0,00 0,00 3.129,00 3.244,00
244 328,01 0,00 0,00 3.227,00 3.243,00
245 328,01 328,01 556,53 3.325,00 3.258,00
246 328,01 0,00 0,00 3.225,00 3.274,00
247 328,01 328,01 561,88 3.323,00 3.289,00
248 328,01 0,00 0,00 3.223,00 3.305,00
249 328,01 328,01 567,28 3.321,00 3.320,00
250 328,01 0,00 0,00 3.221,00 3.336,00
251 328,01 0,00 0,00 3.319,00 3.335,00
252 328,01 328,01 575,42 3.417,00 3.350,00
253 328,01 0,00 0,00 3.317,00 3.366,00
254 328,01 328,01 580,92 3.415,00 3.381,00
255 328,01 0,00 0,00 3.315,00 3.397,00
256 328,01 328,01 586,47 3.413,00 3.412,00
257 328,01 0,00 0,00 3.313,00 3.428,00
258 328,01 0,00 0,00 3.411,00 3.427,00
259 328,01 328,01 594,86 3.509,00 3.442,00
260 328,01 0,00 0,00 3.409,00 3.458,00
261 328,01 328,01 600,50 3.507,00 3.473,00
262 328,01 0,00 0,00 3.407,00 3.489,00
263 328,01 328,01 606,22 3.505,00 3.504,00
264 328,01 0,00 0,00 3.405,00 3.520,00
265 328,01 0,00 0,00 3.503,00 3.519,00
266 328,01 328,01 614,86 3.601,00 3.534,00
267 328,01 0,00 0,00 3.501,00 3.550,00
268 328,01 328,01 620,69 3.599,00 3.565,00
269 328,01 0,00 0,00 3.499,00 3.581,00
270 328,01 328,01 626,58 3.597,00 3.596,00
271 328,01 0,00 0,00 3.497,00 3.612,00
272 328,01 0,00 0,00 3.595,00 3.611,00
273 328,01 328,01 635,45 3.693,00 3.626,00
274 328,01 0,00 0,00 3.593,00 3.642,00
275 328,01 328,01 641,43 3.691,00 3.657,00
276 328,01 0,00 0,00 3.591,00 3.673,00
277 328,01 328,01 647,46 3.689,00 3.688,00
278 328,01 0,00 0,00 3.589,00 3.704,00
279 328,01 0,00 0,00 3.687,00 3.703,00
280 328,01 328,01 656,61 3.785,00 3.718,00
281 328,01 0,00 0,00 3.685,00 3.734,00
282 328,01 328,01 662,77 3.783,00 3.749,00
283 328,01 0,00 0,00 3.683,00 3.765,00
284 328,01 328,01 668,99 3.781,00 3.780,00
285 328,01 0,00 0,00 3.681,00 3.796,00
286 328,01 0,00 0,00 3.779,00 3.795,00
287 328,01 328,01 678,40 3.877,00 3.810,00
288 328,01 0,00 0,00 3.777,00 3.826,00
289 328,01 328,01 684,73 3.875,00 3.841,00
290 328,01 0,00 0,00 3.775,00 3.857,00
291 328,01 328,01 691,13 3.873,00 3.872,00
292 328,01 0,00 0,00 3.773,00 3.888,00
293 328,01 0,00 0,00 3.871,00 3.887,00
294 328,01 328,01 700,79 3.969,00 3.902,00
295 328,01 0,00 0,00 3.869,00 3.918,00
296 328,01 328,01 707,28 3.967,00 3.933,00
297 328,01 0,00 0,00 3.867,00 3.949,00
298 328,01 328,01 713,84 3.965,00 3.964,00
299 328,01 0,00 0,00 3.865,00 3.980,00
300 328,01 0,00 0,00 3.963,00 3.979,00
301 328,01 328,01 723,74 4.061,00 3.994,00
302 328,01 0,00 0,00 3.961,00 4.010,00
303 328,01 328,01 730,43 4.059,00 4.025,00
304 328,01 0,00 0,00 3.959,00 4.041,00
305 328,01 328,01 737,15 4.057,00 4.056,00
306 328,01 0,00 0,00 3.957,00 4.072,00
307 328,01 0,00 0,00 4.055,00 4.071,00
308 328,01 328,01 747,29 4.153,00 4.086,00
309 328,01 0,00 0,00 4.053,00 4.102,00
310 328,01 328,01 754,11 4.151,00 4.117,00
311 328,01 0,00 0,00 4.051,00 4.133,00
312 328,01 328,01 760,99 4.149,00 4.148,00
313 328,01 0,00 0,00 4.049,00 4.164,00
314 328,01 0,00 0,00 4.147,00 4.163,00
315 328,01 328,01 771,39 4.245,00 4.178,00
316 328,01 0,00 0,00 4.145,00 4.194,00
317 328,01 328,01 778,40 4.243,00 4.209,00
318 328,01 0,00 0,00 4.143,00 4.225,00
319 328,01 328,01 785,46 4.241,00 4.240,00
320 328,01 0,00 0,00 4.141,00 4.256,00
321 328,01 0,00 0,00 4.239,00 4.255,00
322 328,01 328,01 796,10 4.337,00 4.270,00
323 328,01 0,00 0,00 4.237,00 4.286,00
324 328,01 328,01 803,27 4.335,00 4.301,00
325 328,01 0,00 0,00 4.235,00 4.317,00
326 328,01 328,01 810,48 4.333,00 4.332,00
327 328,01 0,00 0,00 4.233,00 4.348,00
328 328,01 0,00 0,00 4.331,00 4.347,00
329 328,01 328,01 821,37 4.429,00 4.362,00
330 328,01 0,00 0,00 4.329,00 4.378,00
331 328,01 328,01 828,69 4.427,00 4.393,00
332 328,01 0,00 0,00 4.327,00 4.409,00
333 328,01 328,01 836,08 4.425,00 4.424,00
334 328,01 0,00 0,00 4.325,00 4.440,00
335 328,01 0,00 0,00 4.423,00 4.439,00
336 328,01 328,01 847,23 4.521,00 4.454,00
337 328,01 0,00 0,00 4.421,00 4.470,00
338 328,01 328,01 854,73 4.519,00 4.485,00
339 328,01 0,00 0,00 4.419,00 4.501,00
340 328,01 328,01 862,27 4.517,00 4.516,00
341 328,01 0,00 0,00 4.417,00 4.532,00
342 328,01 0,00 0,00 4.515,00 4.531,00
343 328,01 328,01 873,65 4.613,00 4.546,00
344 328,01 0,00 0,00 4.513,00 4.562,00
345 328,01 328,01 881,30 4.611,00 4.577,00
346 328,01 0,00 0,00 4.511,00 4.593,00
347 328,01 328,01 889,03 4.609,00 4.608,00
348 328,01 0,00 0,00 4.509,00 4.624,00
349 328,01 0,00 0,00 4.607,00 4.623,00
350 328,01 328,01 900,69 4.705,00 4.638,00
351 328,01 0,00 0,00 4.605,00 4.654,00
352 328,01 328,01 908,52 4.703,00 4.669,00
353 328,01 0,00 0,00 4.603,00 4.685,00
354 328,01 328,01 916,40 4.701,00 4.700,00
355 328,01 0,00 0,00 4.601,00 4.716,00
356 328,01 0,00 0,00 4.699,00 4.715,00
357 328,01 328,01 928,31 4.797,00 4.730,00
358 328,01 0,00 0,00 4.697,00 4.746,00
359 328,01 328,01 936,30 4.795,00 4.761,00
360 328,01 0,00 0,00 4.695,00 4.777,00
361 328,01 328,01 944,33 4.793,00 4.792,00
362 328,01 0,00 0,00 4.693,00 4.808,00
363 328,01 0,00 0,00 4.791,00 4.807,00
364 328,01 328,01 956,46 4.889,00 4.822,00
365 328,01 0,00 0,00 4.789,00 4.838,00
366 328,01 328,01 964,63 4.887,00 4.853,00
367 328,01 0,00 0,00 4.787,00 4.869,00
368 328,01 328,01 972,85 4.885,00 4.884,00
369 328,01 0,00 0,00 4.785,00 4.900,00
370 328,01 0,00 0,00 4.883,00 4.899,00
371 328,01 328,01 985,25 4.981,00 4.914,00
372 328,01 0,00 0,00 4.881,00 4.930,00
373 328,01 328,01 993,57 4.979,00 4.945,00
374 328,01 0,00 0,00 4.879,00 4.961,00
375 328,01 328,01 1.001,95 4.977,00 4.976,00
376 328,01 0,00 0,00 4.877,00 4.992,00
377 328,01 0,00 0,00 4.975,00 4.991,00
378 328,01 328,01 1.014,58 5.073,00 5.006,00
379 328,01 0,00 0,00 4.973,00 5.022,00
380 328,01 328,01 1.023,07 5.071,00 5.037,00
381 328,01 0,00 0,00 4.971,00 5.053,00
382 328,01 328,01 1.031,62 5.069,00 5.068,00
383 328,01 0,00 0,00 4.969,00 5.084,00
384 328,01 0,00 0,00 5.067,00 5.083,00
385 328,01 328,01 1.044,50 5.165,00 5.098,00
386 328,01 0,00 0,00 5.065,00 5.114,00
387 328,01 328,01 1.053,14 5.163,00 5.129,00
388 328,01 0,00 0,00 5.063,00 5.145,00
389 328,01 328,01 1.061,84 5.161,00 5.160,00
390 328,01 0,00 0,00 5.061,00 5.176,00
391 328,01 0,00 0,00 5.159,00 5.175,00
392 328,01 328,01 1.074,97 5.257,00 5.190,00
393 328,01 0,00 0,00 5.157,00 5.206,00
394 328,01 328,01 1.083,79 5.255,00 5.221,00
395 328,01 0,00 0,00 5.155,00 5.237,00
396 328,01 328,01 1.092,65 5.253,00 5.252,00
397 328,01 0,00 0,00 5.153,00 5.268,00
398 328,01 0,00 0,00 5.251,00 5.267,00
399 328,01 328,01 1.106,03 5.349,00 5.282,00
400 328,01 0,00 0,00 5.249,00 5.298,00
401 328,01 328,01 1.115,04 5.347,00 5.313,00
402 328,01 0,00 0,00 5.247,00 5.329,00
403 328,01 328,01 1.124,10 5.345,00 5.344,00
404 328,01 0,00 0,00 5.245,00 5.360,00
405 328,01 0,00 0,00 5.343,00 5.359,00
406 328,01 328,01 1.137,73 5.441,00 5.374,00
407 328,01 0,00 0,00 5.341,00 5.390,00
408 328,01 328,01 1.146,88 5.439,00 5.405,00
409 328,01 0,00 0,00 5.339,00 5.421,00
410 328,01 328,01 1.156,08 5.437,00 5.436,00
411 328,01 0,00 0,00 5.337,00 5.452,00
412 328,01 0,00 0,00 5.435,00 5.451,00
413 328,01 328,01 1.169,96 5.533,00 5.466,00
414 328,01 0,00 0,00 5.433,00 5.482,00
415 328,01 328,01 1.179,27 5.531,00 5.497,00
416 328,01 0,00 0,00 5.431,00 5.513,00
417 328,01 328,01 1.188,67 5.529,00 5.528,00
418 328,01 0,00 0,00 5.429,00 5.544,00
419 328,01 0,00 0,00 5.527,00 5.543,00
420 328,01 328,01 1.202,80 5.625,00 5.558,00
421 328,01 0,00 0,00 5.525,00 5.574,00
422 328,01 328,01 1.212,28 5.623,00 5.589,00
423 328,01 0,00 0,00 5.523,00 5.605,00
424 328,01 328,01 1.221,83 5.621,00 5.620,00
425 328,01 0,00 0,00 5.521,00 5.636,00
426 328,01 0,00 0,00 5.619,00 5.635,00
427 328,01 328,01 1.236,21 5.717,00 5.650,00
428 328,01 0,00 0,00 5.617,00 5.666,00
429 328,01 328,01 1.245,85 5.715,00 5.681,00
430 328,01 0,00 0,00 5.615,00 5.697,00
431 328,01 328,01 1.255,54 5.713,00 5.712,00
432 328,01 0,00 0,00 5.613,00 5.728,00
433 328,01 0,00 0,00 5.711,00 5.727,00
434 328,01 328,01 1.270,15 5.809,00 5.742,00
435 328,01 0,00 0,00 5.709,00 5.758,00
436 328,01 328,01 1.279,97 5.807,00 5.773,00
437 328,01 0,00 0,00 5.707,00 5.789,00
438 328,01 328,01 1.289,83 5.805,00 5.804,00
439 328,01 0,00 0,00 5.705,00 5.820,00
440 328,01 0,00 0,00 5.803,00 5.819,00
441 328,01 328,01 1.304,68 5.901,00 5.834,00
442 328,01 0,00 0,00 5.801,00 5.850,00
443 328,01 328,01 1.314,64 5.899,00 5.865,00
444 328,01 0,00 0,00 5.799,00 5.881,00
445 328,01 328,01 1.324,65 5.897,00 5.896,00
446 328,01 0,00 0,00 5.797,00 5.912,00
447 328,01 0,00 0,00 5.895,00 5.911,00
448 328,01 328,01 1.339,77 5.993,00 5.926,00
449 328,01 0,00 0,00 5.893,00 5.942,00
450 328,01 328,01 1.349,91 5.991,00 5.957,00
451 328,01 0,00 0,00 5.891,00 5.973,00
452 328,01 328,01 1.360,11 5.989,00 5.988,00
453 328,01 0,00 0,00 5.889,00 6.004,00
454 328,01 0,00 0,00 5.987,00 6.003,00
455 328,01 328,01 1.375,47 6.085,00 6.018,00
456 328,01 0,00 0,00 5.985,00 6.034,00
457 328,01 328,01 1.385,77 6.083,00 6.049,00
458 328,01 0,00 0,00 5.983,00 6.065,00
459 328,01 328,01 1.396,14 6.081,00 6.080,00
460 328,01 0,00 0,00 5.981,00 6.096,00
461 328,01 0,00 0,00 6.079,00 6.095,00
462 328,01 328,01 1.411,76 6.177,00 6.110,00
463 328,01 0,00 0,00 6.077,00 6.126,00
464 328,01 328,01 1.422,22 6.175,00 6.141,00
465 328,01 0,00 0,00 6.075,00 6.157,00
466 328,01 328,01 1.432,73 6.173,00 6.172,00
467 328,01 0,00 0,00 6.073,00 6.188,00
468 328,01 0,00 0,00 6.171,00 6.187,00
469 328,01 328,01 1.448,59 6.269,00 6.202,00
470 328,01 0,00 0,00 6.169,00 6.218,00
471 328,01 328,01 1.459,24 6.267,00 6.233,00
472 328,01 0,00 0,00 6.167,00 6.249,00
473 328,01 328,01 1.469,94 6.265,00 6.264,00
474 328,01 0,00 0,00 6.165,00 6.280,00
475 328,01 0,00 0,00 6.263,00 6.279,00
476 328,01 328,01 1.486,03 6.361,00 6.294,00
477 328,01 0,00 0,00 6.261,00 6.310,00
478 328,01 328,01 1.496,82 6.359,00 6.325,00
479 328,01 0,00 0,00 6.259,00 6.341,00
480 328,01 328,01 1.507,66 6.357,00 6.356,00
481 328,01 0,00 0,00 6.257,00 6.372,00
482 328,01 0,00 0,00 6.355,00 6.371,00
483 328,01 328,01 1.523,98 6.453,00 6.386,00
484 328,01 0,00 0,00 6.353,00 6.402,00
485 328,01 328,01 1.534,95 6.451,00 6.417,00
486 328,01 0,00 0,00 6.351,00 6.433,00
487 328,01 328,01 1.545,98 6.449,00 6.448,00
488 328,01 0,00 0,00 6.349,00 6.464,00
489 328,01 0,00 0,00 6.447,00 6.463,00
490 328,01 328,01 1.562,58 6.545,00 6.478,00
491 328,01 0,00 0,00 6.445,00 6.494,00
492 328,01 328,01 1.573,70 6.543,00 6.509,00
493 328,01 0,00 0,00 6.443,00 6.525,00
494 328,01 328,01 1.584,89 6.541,00 6.540,00
495 328,01 0,00 0,00 6.441,00 6.556,00
496 328,01 0,00 0,00 6.539,00 6.555,00
497 328,01 328,01 1.601,72 6.637,00 6.570,00
498 328,01 0,00 0,00 6.537,00 6.586,00
499 328,01 328,01 1.613,01 6.635,00 6.601,00
