1000
0 33,35 33,35 33,35 1,00 50,00 0
1 33,35 0,86 0,86 1,00 43,00 1235
2 33,35 0,83 0,45 1,00 44,00 1774
3 33,35 0,83 0,46 1,00 48,00 1865
4 33,35 0,83 0,47 1,00 52,00 1875
5 33,35 0,83 0,47 1,00 56,00 1879
6 33,35 0,83 0,47 1,00 60,00 1881
7 33,35 0,83 0,47 1,00 64,00 1881
8 33,35 0,83 0,47 1,00 68,00 1881
9 33,35 0,83 0,47 1,00 72,00 1881
10 33,35 0,83 0,47 1,00 76,00 1881
11 33,35 0,83 0,47 1,00 80,00 1881
12 33,35 0,83 0,47 1,00 84,00 1881
13 33,35 0,83 0,47 1,00 88,00 1881
14 33,35 0,83 0,47 1,00 92,00 1881
15 33,35 0,83 0,47 1,00 96,00 1881
16 33,35 0,83 0,47 1,00 100,00 1881
17 33,35 0,83 0,47 1,00 104,00 1881
18 33,35 0,83 0,47 1,00 108,00 1881
19 33,35 0,83 0,47 1,00 112,00 1881
20 33,35 0,83 0,47 1,00 116,00 1881
21 33,35 0,83 0,47 1,00 120,00 1881
22 33,35 0,83 0,47 1,00 124,00 1881
23 33,35 0,83 0,47 1,00 128,00 1881
24 33,35 0,83 0,47 1,00 132,00 1881
25 33,35 0,83 0,47 1,00 136,00 1881
26 33,35 0,83 0,47 1,00 140,00 1881
27 33,35 0,83 0,47 1,00 144,00 1881
28 33,35 0,83 0,47 1,00 148,00 1881
29 33,35 0,83 0,47 1,00 152,00 1881
30 33,35 0,83 0,47 93,00 156,00 1881
31 33,35 20,01 11,22 93,00 159,00 2704
32 33,35 19,63 16,18 93,00 162,00 3431
33 33,35 19,63 13,37 93,00 166,00 3821
34 33,35 19,63 14,31 93,00 170,00 4072
35 33,35 19,63 15,46 93,00 174,00 4286
36 33,35 17,43 12,75 93,00 178,00 4405
37 33,35 17,43 13,30 93,00 182,00 4558
38 33,35 17,43 13,07 93,00 186,00 4625
39 33,35 17,43 12,88 93,00 190,00 4666
40 33,35 17,43 12,69 93,00 194,00 4711
41 33,35 17,43 12,86 93,00 198,00 4762
42 33,35 17,43 12,82 93,00 202,00 4795
43 33,35 17,43 12,49 93,00 206,00 4831
44 33,35 17,43 12,78 93,00 210,00 4863
45 33,35 17,43 12,79 93,00 214,00 4893
46 33,35 17,43 12,79 93,00 218,00 4918
47 33,35 17,43 12,80 93,00 222,00 4938
48 33,35 17,43 12,80 93,00 226,00 4953
49 33,35 17,43 12,80 93,00 230,00 4969
50 33,35 17,43 12,80 93,00 234,00 4978
51 33,35 17,43 12,80 93,00 238,00 4991
52 33,35 17,43 12,80 93,00 242,00 5006
53 33,35 17,43 12,80 93,00 246,00 5016
54 33,35 17,43 12,80 93,00 250,00 5027
55 33,35 12,21 8,97 93,00 254,00 5033
56 33,35 12,21 8,97 93,00 258,00 5043
57 33,35 12,21 8,97 93,00 262,00 5047
58 33,35 12,21 8,97 93,00 266,00 5055
59 33,35 12,21 8,97 93,00 270,00 5061
60 33,35 11,32 8,32 1,00 274,00 5068
61 33,35 11,32 8,32 1,00 278,00 5076
62 33,35 11,32 8,32 1,00 282,00 5097
63 33,35 11,32 8,32 1,00 286,00 5110
64 33,35 11,32 8,32 1,00 290,00 5114
65 33,35 11,32 8,32 1,00 294,00 5115
66 33,35 11,32 8,32 1,00 298,00 5118
67 33,35 11,32 8,32 1,00 302,00 5123
68 33,35 11,32 8,32 1,00 306,00 5124
69 33,35 11,32 8,32 1,00 310,00 5125
70 33,35 11,32 8,32 1,00 314,00 5125
71 33,35 11,32 8,32 1,00 318,00 5125
72 33,35 0,10 0,08 1,00 322,00 5125
73 33,35 0,10 0,08 1,00 326,00 5125
74 33,35 0,10 0,08 1,00 330,00 5126
75 33,35 0,10 0,08 1,00 334,00 5126
76 33,35 0,10 0,08 1,00 338,00 5126
77 33,35 0,10 0,08 1,00 342,00 5126
78 33,35 0,10 0,07 1,00 346,00 5127
79 33,35 0,10 0,07 1,00 350,00 5128
80 33,35 0,10 0,07 1,00 354,00 5128
81 33,35 0,10 0,07 1,00 358,00 5128
82 33,35 0,10 0,07 1,00 362,00 5128
83 33,35 0,10 0,07 1,00 366,00 5128
84 33,35 0,10 0,07 1,00 370,00 5128
85 33,35 0,10 0,07 1,00 374,00 5128
86 33,35 0,10 0,07 1,00 378,00 5128
87 33,35 0,10 0,07 1,00 382,00 5128
88 33,35 0,09 0,06 1,00 386,00 5129
89 33,35 0,09 0,06 1,00 390,00 5133
90 33,35 0,09 0,06 99,00 394,00 5133
91 33,35 8,40 6,17 99,00 397,00 5240
92 33,35 8,40 6,17 99,00 401,00 5280
93 33,35 8,40 6,17 99,00 405,00 5298
94 33,35 8,40 6,17 99,00 409,00 5308
95 33,35 8,40 6,17 99,00 413,00 5318
96 33,35 8,40 6,17 99,00 417,00 5327
97 33,35 8,40 6,17 99,00 421,00 5336
98 33,35 8,40 6,17 99,00 425,00 5340
99 33,35 8,40 6,17 99,00 429,00 5347
100 33,35 7,63 5,60 99,00 433,00 5351
101 33,35 7,63 5,60 99,00 437,00 5353
102 33,35 7,63 5,60 99,00 441,00 5354
103 33,35 7,63 5,60 99,00 445,00 5357
104 33,35 7,63 5,60 99,00 449,00 5357
105 33,35 7,63 5,60 99,00 453,00 5357
106 33,35 7,63 5,60 99,00 457,00 5357
107 33,35 7,63 5,60 99,00 461,00 5357
108 33,35 7,63 5,60 99,00 465,00 5357
109 33,35 7,63 5,60 99,00 469,00 5359
110 33,35 7,63 5,60 99,00 473,00 5359
111 33,35 7,63 5,60 99,00 477,00 5360
112 33,35 7,63 5,60 99,00 481,00 5362
113 33,35 7,63 5,60 99,00 485,00 5364
114 33,35 7,63 5,60 99,00 489,00 5366
115 33,35 7,63 5,60 99,00 493,00 5366
116 33,35 7,63 5,60 99,00 497,00 5366
117 33,35 7,63 5,60 99,00 501,00 5366
118 33,35 7,63 5,60 99,00 505,00 5367
119 33,35 7,63 5,60 99,00 509,00 5368
120 33,35 7,63 5,60 1,00 513,00 5368
121 33,35 7,63 5,60 1,00 517,00 5378
122 33,35 7,63 5,60 1,00 521,00 5387
123 33,35 7,63 5,60 1,00 525,00 5391
124 33,35 7,63 5,60 1,00 529,00 5392
125 33,35 7,63 5,60 1,00 533,00 5392
126 33,35 7,63 5,60 1,00 537,00 5392
127 33,35 7,63 5,60 1,00 541,00 5392
128 33,35 0,06 0,04 1,00 545,00 5392
129 33,35 0,06 0,04 1,00 549,00 5392
130 33,35 0,06 0,04 1,00 553,00 5392
131 33,35 0,06 0,04 1,00 557,00 5392
132 33,35 0,06 0,04 1,00 561,00 5392
133 33,35 0,06 0,04 1,00 565,00 5392
134 33,35 0,06 0,04 1,00 569,00 5392
135 33,35 0,06 0,04 1,00 573,00 5392
136 33,35 0,06 0,04 1,00 577,00 5392
137 33,35 0,06 0,04 1,00 581,00 5392
138 33,35 0,06 0,04 1,00 585,00 5392
139 33,35 0,06 0,04 1,00 589,00 5392
140 33,35 0,06 0,04 1,00 593,00 5397
141 33,35 0,06 0,04 1,00 597,00 5398
142 33,35 0,06 0,04 1,00 601,00 5398
143 33,35 0,06 0,04 1,00 605,00 5398
144 33,35 0,06 0,04 1,00 609,00 5398
145 33,35 0,06 0,04 1,00 613,00 5398
146 33,35 0,06 0,04 1,00 617,00 5398
147 33,35 0,06 0,04 1,00 621,00 5398
148 33,35 0,06 0,04 1,00 625,00 5398
149 33,35 0,06 0,04 1,00 629,00 5398
150 33,35 0,06 0,04 99,00 633,00 5398
151 33,35 5,22 3,84 99,00 636,00 5443
152 33,35 5,22 3,84 99,00 640,00 5461
153 33,35 5,22 3,84 99,00 644,00 5469
154 33,35 5,10 3,74 99,00 648,00 5476
155 33,35 5,10 3,74 99,00 652,00 5480
156 33,35 5,03 3,70 99,00 656,00 5482
157 33,35 5,03 3,70 99,00 660,00 5482
158 33,35 5,03 3,70 99,00 664,00 5492
159 33,35 5,03 3,70 99,00 668,00 5501
160 33,35 5,03 3,70 99,00 672,00 5510
161 33,35 5,03 3,70 99,00 676,00 5520
162 33,35 5,03 3,70 99,00 680,00 5532
163 33,35 5,03 3,70 99,00 684,00 5544
164 33,35 4,80 3,53 99,00 688,00 5553
165 33,35 4,80 3,53 99,00 692,00 5560
166 33,35 4,80 3,53 99,00 696,00 5566
167 33,35 4,80 3,53 99,00 700,00 5570
168 33,35 4,80 3,53 99,00 704,00 5573
169 33,35 4,80 3,53 99,00 708,00 5575
170 33,35 4,80 3,53 99,00 712,00 5576
171 33,35 4,80 3,53 99,00 716,00 5577
172 33,35 4,80 3,53 99,00 720,00 5578
173 33,35 4,56 3,35 99,00 724,00 5579
174 33,35 4,56 3,35 99,00 728,00 5580
175 33,35 4,56 3,35 99,00 732,00 5582
176 33,35 4,56 3,35 99,00 736,00 5583
177 33,35 4,56 3,35 99,00 740,00 5584
178 33,35 4,56 3,35 99,00 744,00 5587
179 33,35 4,56 3,35 99,00 748,00 5589
180 33,35 4,56 3,35 2,00 752,00 5591
181 33,35 0,09 0,06 2,00 756,00 5600
182 33,35 0,09 0,06 2,00 759,00 5601
183 33,35 0,09 0,06 2,00 762,00 5602
184 33,35 0,09 0,06 2,00 766,00 5602
185 33,35 0,09 0,06 2,00 770,00 5602
186 33,35 0,09 0,06 2,00 774,00 5602
187 33,35 0,09 0,06 2,00 778,00 5602
188 33,35 0,09 0,06 2,00 782,00 5602
189 33,35 0,09 0,06 2,00 786,00 5602
190 33,35 0,09 0,06 2,00 790,00 5602
191 33,35 0,09 0,06 2,00 794,00 5604
192 33,35 0,09 0,06 2,00 798,00 5606
193 33,35 0,09 0,06 2,00 802,00 5607
194 33,35 0,09 0,06 2,00 806,00 5611
195 33,35 0,09 0,06 2,00 810,00 5613
196 33,35 0,09 0,06 2,00 814,00 5613
197 33,35 0,09 0,06 2,00 818,00 5613
198 33,35 0,09 0,06 2,00 822,00 5613
199 33,35 0,09 0,06 2,00 826,00 5613
200 33,35 0,09 0,06 2,00 830,00 5613
201 33,35 0,09 0,06 2,00 834,00 5613
202 33,35 0,09 0,06 2,00 838,00 5613
203 33,35 0,09 0,06 2,00 842,00 5613
204 33,35 0,09 0,06 2,00 846,00 5613
205 33,35 0,09 0,06 2,00 850,00 5613
206 33,35 0,09 0,06 2,00 854,00 5613
207 33,35 0,09 0,06 2,00 858,00 5613
208 33,35 0,09 0,06 2,00 862,00 5614
209 33,35 0,09 0,06 2,00 866,00 5616
210 33,35 0,09 0,06 98,00 870,00 5616
211 33,35 3,76 2,76 98,00 873,00 5655
212 33,35 3,76 2,76 98,00 877,00 5665
213 33,35 3,71 2,73 98,00 881,00 5671
214 33,35 3,71 2,73 98,00 885,00 5671
215 33,35 3,68 2,70 98,00 889,00 5671
216 33,35 3,68 2,70 98,00 893,00 5671
217 33,35 3,68 2,70 98,00 897,00 5671
218 33,35 3,68 2,70 98,00 901,00 5671
219 33,35 3,68 2,70 98,00 905,00 5671
220 33,35 3,68 2,70 98,00 909,00 5671
221 33,35 3,68 2,70 98,00 913,00 5671
222 33,35 3,68 2,70 98,00 917,00 5671
223 33,35 3,68 2,70 98,00 921,00 5671
224 33,35 3,68 2,70 98,00 925,00 5671
225 33,35 3,68 2,70 98,00 929,00 5671
226 33,35 3,68 2,70 98,00 933,00 5671
227 33,35 3,68 2,70 98,00 937,00 5671
228 33,35 3,47 2,55 98,00 941,00 5671
229 33,35 3,47 2,55 98,00 945,00 5671
230 33,35 3,47 2,55 98,00 949,00 5671
231 33,35 3,47 2,55 98,00 953,00 5671
232 33,35 3,47 2,55 98,00 957,00 5671
233 33,35 3,47 2,55 98,00 961,00 5671
234 33,35 3,47 2,55 98,00 965,00 5671
235 33,35 3,47 2,55 98,00 969,00 5671
236 33,35 3,47 2,55 98,00 973,00 5671
237 33,35 3,47 2,55 98,00 977,00 5671
238 33,35 3,47 2,55 98,00 981,00 5671
239 33,35 3,47 2,55 98,00 985,00 5671
240 33,35 3,47 2,55 4,00 989,00 5671
241 33,35 3,47 2,55 4,00 993,00 5686
242 33,35 3,47 2,55 4,00 997,00 5686
243 33,35 3,47 2,55 4,00 1.001,00 5687
244 33,35 3,47 2,55 4,00 1.005,00 5688
245 33,35 3,47 2,55 4,00 1.009,00 5688
246 33,35 3,47 2,55 4,00 1.013,00 5688
247 33,35 3,47 2,55 4,00 1.017,00 5688
248 33,35 3,47 2,55 4,00 1.021,00 5688
249 33,35 3,47 2,55 4,00 1.025,00 5691
250 33,35 3,47 2,55 4,00 1.029,00 5693
251 33,35 3,47 2,55 4,00 1.033,00 5693
252 33,35 3,47 2,55 4,00 1.037,00 5693
253 33,35 3,47 2,55 4,00 1.041,00 5694
254 33,35 3,47 2,55 4,00 1.045,00 5694
255 33,35 3,47 2,55 4,00 1.049,00 5694
256 33,35 3,47 2,55 4,00 1.053,00 5694
257 33,35 3,47 2,55 4,00 1.057,00 5694
258 33,35 3,47 2,55 4,00 1.061,00 5694
259 33,35 3,47 2,55 4,00 1.065,00 5694
260 33,35 3,47 2,55 4,00 1.069,00 5694
261 33,35 3,47 2,55 4,00 1.073,00 5694
262 33,35 3,47 2,55 4,00 1.077,00 5694
263 33,35 3,47 2,55 4,00 1.081,00 5694
264 33,35 3,47 2,55 4,00 1.085,00 5694
265 33,35 3,47 2,55 4,00 1.089,00 5694
266 33,35 3,47 2,55 4,00 1.093,00 5694
267 33,35 3,47 2,55 4,00 1.097,00 5694
268 33,35 3,47 2,55 4,00 1.101,00 5694
269 33,35 3,47 2,55 4,00 1.105,00 5694
270 33,35 0,12 0,09 102,00 1.109,00 5694
271 33,35 3,07 2,26 102,00 1.112,00 5724
272 33,35 3,07 2,26 102,00 1.116,00 5736
273 33,35 3,07 2,26 102,00 1.120,00 5742
274 33,35 3,03 2,22 102,00 1.124,00 5742
275 33,35 3,03 2,22 102,00 1.128,00 5742
276 33,35 3,03 2,22 102,00 1.132,00 5742
277 33,35 3,03 2,22 102,00 1.136,00 5742
278 33,35 3,03 2,22 102,00 1.140,00 5742
279 33,35 3,03 2,22 102,00 1.144,00 5742
280 33,35 3,03 2,22 102,00 1.148,00 5742
281 33,35 3,03 2,22 102,00 1.152,00 5742
282 33,35 3,03 2,22 102,00 1.156,00 5742
283 33,35 3,03 2,22 102,00 1.160,00 5742
284 33,35 3,03 2,22 102,00 1.164,00 5742
285 33,35 3,03 2,22 102,00 1.168,00 5742
286 33,35 3,03 2,22 102,00 1.172,00 5742
287 33,35 3,03 2,22 102,00 1.176,00 5742
288 33,35 3,03 2,22 102,00 1.180,00 5742
289 33,35 3,03 2,22 102,00 1.184,00 5742
290 33,35 3,03 2,22 102,00 1.188,00 5742
291 33,35 3,03 2,22 102,00 1.192,00 5742
292 33,35 3,03 2,22 102,00 1.196,00 5742
293 33,35 3,03 2,22 102,00 1.200,00 5742
294 33,35 3,03 2,22 102,00 1.204,00 5742
295 33,35 3,03 2,22 102,00 1.208,00 5742
296 33,35 3,03 2,22 102,00 1.212,00 5742
297 33,35 3,03 2,22 102,00 1.216,00 5742
298 33,35 3,03 2,22 102,00 1.220,00 5742
299 33,35 3,03 2,22 102,00 1.224,00 5742
300 33,35 3,03 2,22 6,00 1.228,00 5742
301 33,35 3,03 2,22 6,00 1.232,00 5752
302 33,35 0,16 0,12 6,00 1.236,00 5752
303 33,35 0,16 0,12 6,00 1.240,00 5752
304 33,35 0,16 0,12 6,00 1.244,00 5752
305 33,35 0,16 0,12 6,00 1.248,00 5752
306 33,35 0,16 0,12 6,00 1.252,00 5762
307 33,35 0,16 0,12 6,00 1.256,00 5773
308 33,35 0,16 0,12 6,00 1.260,00 5778
309 33,35 0,16 0,12 6,00 1.264,00 5780
310 33,35 0,16 0,12 6,00 1.268,00 5780
311 33,35 0,16 0,12 6,00 1.272,00 5780
312 33,35 0,16 0,12 6,00 1.276,00 5780
313 33,35 0,16 0,12 6,00 1.280,00 5782
314 33,35 0,16 0,12 6,00 1.284,00 5783
315 33,35 0,16 0,12 6,00 1.288,00 5783
316 33,35 0,16 0,12 6,00 1.292,00 5783
317 33,35 0,16 0,12 6,00 1.296,00 5783
318 33,35 0,16 0,12 6,00 1.300,00 5783
319 33,35 0,16 0,12 6,00 1.304,00 5783
320 33,35 0,16 0,12 6,00 1.308,00 5783
321 33,35 0,16 0,12 6,00 1.312,00 5783
322 33,35 0,16 0,12 6,00 1.316,00 5783
323 33,35 0,16 0,12 6,00 1.320,00 5783
324 33,35 0,15 0,11 6,00 1.324,00 5783
325 33,35 0,15 0,11 6,00 1.328,00 5783
326 33,35 0,15 0,11 6,00 1.332,00 5783
327 33,35 0,15 0,11 6,00 1.336,00 5783
328 33,35 0,15 0,11 6,00 1.340,00 5783
329 33,35 0,15 0,11 6,00 1.344,00 5783
330 33,35 0,15 0,11 100,00 1.348,00 5783
331 33,35 2,48 1,82 100,00 1.351,00 5809
332 33,35 2,48 1,82 100,00 1.355,00 5815
333 33,35 2,48 1,82 100,00 1.359,00 5818
334 33,35 2,48 1,82 100,00 1.363,00 5819
335 33,35 2,48 1,82 100,00 1.367,00 5820
336 33,35 2,48 1,82 100,00 1.371,00 5820
337 33,35 2,48 1,82 100,00 1.375,00 5820
338 33,35 2,48 1,82 100,00 1.379,00 5820
339 33,35 2,48 1,82 100,00 1.383,00 5820
340 33,35 2,48 1,82 100,00 1.387,00 5820
341 33,35 2,48 1,82 100,00 1.391,00 5820
342 33,35 2,48 1,82 100,00 1.395,00 5820
343 33,35 2,48 1,82 100,00 1.399,00 5820
344 33,35 2,48 1,82 100,00 1.403,00 5820
345 33,35 2,48 1,82 100,00 1.407,00 5820
346 33,35 2,48 1,82 100,00 1.411,00 5820
347 33,35 2,48 1,82 100,00 1.415,00 5820
348 33,35 2,48 1,82 100,00 1.419,00 5820
349 33,35 2,48 1,82 100,00 1.423,00 5820
350 33,35 2,48 1,82 100,00 1.427,00 5820
351 33,35 2,48 1,82 100,00 1.431,00 5820
352 33,35 2,48 1,82 100,00 1.435,00 5820
353 33,35 2,48 1,82 100,00 1.439,00 5820
354 33,35 2,48 1,82 100,00 1.443,00 5820
355 33,35 2,48 1,82 100,00 1.447,00 5820
356 33,35 2,48 1,82 100,00 1.451,00 5820
357 33,35 2,48 1,82 100,00 1.455,00 5820
358 33,35 2,48 1,82 100,00 1.459,00 5820
359 33,35 2,48 1,82 100,00 1.463,00 5820
360 33,35 2,27 1,67 18,00 1.467,00 5820
361 33,35 2,27 1,67 18,00 1.471,00 5827
362 33,35 2,27 1,67 18,00 1.475,00 5827
363 33,35 2,27 1,67 18,00 1.479,00 5827
364 33,35 2,27 1,67 18,00 1.483,00 5827
365 33,35 2,27 1,67 18,00 1.487,00 5827
366 33,35 2,27 1,67 18,00 1.491,00 5827
367 33,35 2,27 1,67 18,00 1.495,00 5827
368 33,35 2,27 1,67 18,00 1.499,00 5827
369 33,35 2,27 1,67 18,00 1.503,00 5827
370 33,35 2,27 1,67 18,00 1.507,00 5827
371 33,35 2,27 1,67 18,00 1.511,00 5827
372 33,35 2,27 1,67 18,00 1.515,00 5827
373 33,35 2,27 1,67 18,00 1.519,00 5827
374 33,35 2,27 1,67 18,00 1.523,00 5827
375 33,35 2,27 1,67 18,00 1.527,00 5827
376 33,35 2,27 1,67 18,00 1.531,00 5827
377 33,35 2,27 1,67 18,00 1.535,00 5827
378 33,35 2,27 1,67 18,00 1.539,00 5827
379 33,35 2,27 1,67 18,00 1.543,00 5827
380 33,35 2,27 1,67 18,00 1.547,00 5827
381 33,35 2,27 1,67 18,00 1.551,00 5827
382 33,35 2,27 1,67 18,00 1.555,00 5827
383 33,35 2,27 1,67 18,00 1.559,00 5833
384 33,35 2,27 1,67 18,00 1.563,00 5833
385 33,35 2,27 1,67 18,00 1.567,00 5833
386 33,35 2,27 1,67 18,00 1.571,00 5833
387 33,35 2,27 1,67 18,00 1.575,00 5833
388 33,35 0,38 0,28 18,00 1.579,00 5833
389 33,35 0,38 0,28 18,00 1.583,00 5833
390 33,35 0,38 0,28 86,00 1.587,00 5833
391 33,35 0,38 0,28 86,00 1.591,00 5854
392 33,35 0,38 0,28 86,00 1.595,00 5858
393 33,35 0,38 0,28 86,00 1.599,00 5861
394 33,35 0,38 0,28 86,00 1.603,00 5861
395 33,35 0,38 0,28 86,00 1.607,00 5861
396 33,35 0,38 0,28 86,00 1.611,00 5861
397 33,35 0,38 0,28 86,00 1.615,00 5861
398 33,35 1,77 1,30 86,00 1.619,00 5861
399 33,35 1,77 1,30 86,00 1.623,00 5861
400 33,35 1,76 1,30 86,00 1.627,00 5861
401 33,35 1,76 1,30 86,00 1.631,00 5865
402 33,35 1,76 1,30 86,00 1.635,00 5866
403 33,35 1,76 1,30 86,00 1.639,00 5866
404 33,35 1,76 1,30 86,00 1.643,00 5866
405 33,35 1,76 1,30 86,00 1.647,00 5866
406 33,35 1,76 1,30 86,00 1.651,00 5866
407 33,35 1,76 1,30 86,00 1.655,00 5866
408 33,35 1,76 1,30 86,00 1.659,00 5866
409 33,35 1,76 1,30 86,00 1.663,00 5866
410 33,35 1,72 1,26 86,00 1.667,00 5866
411 33,35 1,72 1,26 86,00 1.671,00 5866
412 33,35 1,72 1,26 86,00 1.675,00 5866
413 33,35 1,72 1,26 86,00 1.679,00 5866
414 33,35 1,72 1,26 86,00 1.683,00 5866
415 33,35 1,72 1,26 86,00 1.687,00 5866
416 33,35 1,72 1,26 86,00 1.691,00 5866
417 33,35 1,72 1,26 86,00 1.695,00 5866
418 33,35 1,69 1,24 86,00 1.699,00 5866
419 33,35 1,69 1,24 86,00 1.703,00 5866
420 33,35 1,69 1,24 9,00 1.707,00 5866
421 33,35 1,69 1,24 9,00 1.711,00 5875
422 33,35 1,69 1,24 9,00 1.715,00 5878
423 33,35 1,69 1,24 9,00 1.719,00 5879
424 33,35 1,69 1,24 9,00 1.723,00 5879
425 33,35 1,69 1,24 9,00 1.727,00 5879
426 33,35 1,69 1,24 9,00 1.731,00 5879
427 33,35 1,69 1,24 9,00 1.735,00 5879
428 33,35 1,69 1,24 9,00 1.739,00 5880
429 33,35 1,69 1,24 9,00 1.743,00 5880
430 33,35 0,17 0,13 9,00 1.747,00 5880
431 33,35 0,17 0,13 9,00 1.751,00 5880
432 33,35 0,17 0,13 9,00 1.755,00 5880
433 33,35 0,17 0,13 9,00 1.759,00 5880
434 33,35 0,17 0,13 9,00 1.763,00 5880
435 33,35 0,17 0,13 9,00 1.767,00 5880
436 33,35 0,17 0,13 9,00 1.771,00 5880
437 33,35 0,17 0,12 9,00 1.775,00 5880
438 33,35 0,17 0,12 9,00 1.779,00 5880
439 33,35 0,17 0,12 9,00 1.783,00 5880
440 33,35 0,17 0,12 9,00 1.787,00 5880
441 33,35 0,17 0,12 9,00 1.791,00 5880
442 33,35 0,17 0,12 9,00 1.795,00 5880
443 33,35 0,17 0,12 9,00 1.799,00 5880
444 33,35 0,17 0,12 9,00 1.803,00 5880
445 33,35 0,17 0,12 9,00 1.807,00 5880
446 33,35 0,17 0,12 9,00 1.811,00 5880
447 33,35 0,17 0,12 9,00 1.815,00 5880
448 33,35 0,17 0,12 9,00 1.819,00 5880
449 33,35 0,17 0,12 9,00 1.823,00 5880
450 33,35 0,17 0,12 95,00 1.827,00 5880
451 33,35 0,17 0,12 95,00 1.831,00 5901
452 33,35 0,17 0,12 95,00 1.835,00 5908
453 33,35 0,17 0,12 95,00 1.839,00 5908
454 33,35 0,17 0,12 95,00 1.843,00 5908
455 33,35 1,72 1,26 95,00 1.847,00 5908
456 33,35 1,72 1,26 95,00 1.851,00 5909
457 33,35 1,72 1,26 95,00 1.855,00 5909
458 33,35 1,70 1,25 95,00 1.859,00 5909
459 33,35 1,70 1,25 95,00 1.863,00 5909
460 33,35 1,70 1,25 95,00 1.867,00 5909
461 33,35 1,70 1,25 95,00 1.871,00 5909
462 33,35 1,70 1,25 95,00 1.875,00 5909
463 33,35 1,70 1,25 95,00 1.879,00 5909
464 33,35 1,70 1,25 95,00 1.883,00 5909
465 33,35 1,70 1,25 95,00 1.887,00 5909
466 33,35 1,68 1,23 95,00 1.891,00 5909
467 33,35 1,68 1,23 95,00 1.895,00 5909
468 33,35 1,68 1,23 95,00 1.899,00 5909
469 33,35 1,68 1,23 95,00 1.903,00 5909
470 33,35 1,68 1,23 95,00 1.907,00 5909
471 33,35 1,68 1,23 95,00 1.911,00 5909
472 33,35 1,68 1,23 95,00 1.915,00 5909
473 33,35 1,68 1,23 95,00 1.919,00 5909
474 33,35 1,68 1,23 95,00 1.923,00 5909
475 33,35 1,68 1,23 95,00 1.927,00 5909
476 33,35 1,68 1,23 95,00 1.931,00 5909
477 33,35 1,68 1,23 95,00 1.935,00 5909
478 33,35 1,68 1,23 95,00 1.939,00 5909
479 33,35 1,63 1,20 95,00 1.943,00 5909
480 33,35 1,63 1,20 13,00 1.947,00 5909
481 33,35 1,63 1,20 13,00 1.951,00 5915
482 33,35 1,63 1,20 13,00 1.955,00 5916
483 33,35 1,63 1,20 13,00 1.959,00 5916
484 33,35 1,63 1,20 13,00 1.963,00 5916
485 33,35 1,63 1,20 13,00 1.967,00 5916
486 33,35 0,22 0,16 13,00 1.971,00 5916
487 33,35 0,22 0,16 13,00 1.975,00 5916
488 33,35 0,22 0,16 13,00 1.979,00 5916
489 33,35 0,22 0,16 13,00 1.983,00 5916
490 33,35 0,22 0,16 13,00 1.987,00 5916
491 33,35 0,22 0,16 13,00 1.991,00 5916
492 33,35 0,22 0,16 13,00 1.995,00 5916
493 33,35 0,22 0,16 13,00 1.999,00 5916
494 33,35 0,22 0,16 13,00 2.003,00 5916
495 33,35 0,22 0,16 13,00 2.007,00 5916
496 33,35 0,22 0,16 13,00 2.011,00 5916
497 33,35 0,22 0,16 13,00 2.015,00 5916
498 33,35 0,22 0,16 13,00 2.019,00 5916
499 33,35 0,22 0,16 13,00 2.023,00 5916
500 33,35 0,22 0,16 13,00 2.027,00 5916
501 33,35 0,22 0,16 13,00 2.031,00 5916
502 33,35 0,22 0,16 13,00 2.035,00 5916
503 33,35 0,22 0,16 13,00 2.039,00 5916
504 33,35 0,22 0,16 13,00 2.043,00 5916
505 33,35 0,21 0,16 13,00 2.047,00 5919
506 33,35 0,21 0,16 13,00 2.051,00 5919
507 33,35 0,21 0,16 13,00 2.055,00 5919
508 33,35 0,21 0,16 13,00 2.059,00 5919
509 33,35 0,21 0,16 13,00 2.063,00 5919
510 33,35 0,21 0,16 95,00 2.067,00 5919
511 33,35 0,21 0,16 95,00 2.071,00 5935
512 33,35 0,21 0,16 95,00 2.075,00 5937
513 33,35 0,21 0,16 95,00 2.079,00 5938
514 33,35 0,21 0,16 95,00 2.083,00 5938
515 33,35 0,21 0,16 95,00 2.087,00 5938
516 33,35 0,21 0,16 95,00 2.091,00 5938
517 33,35 0,21 0,16 95,00 2.095,00 5938
518 33,35 0,21 0,16 95,00 2.099,00 5938
519 33,35 1,51 1,11 95,00 2.103,00 5938
520 33,35 1,51 1,11 95,00 2.107,00 5938
521 33,35 1,51 1,11 95,00 2.111,00 5938
522 33,35 1,51 1,11 95,00 2.115,00 5938
523 33,35 1,51 1,11 95,00 2.119,00 5938
524 33,35 1,51 1,11 95,00 2.123,00 5938
525 33,35 1,51 1,11 95,00 2.127,00 5938
526 33,35 1,51 1,11 95,00 2.131,00 5938
527 33,35 1,51 1,11 95,00 2.135,00 5938
528 33,35 1,51 1,11 95,00 2.139,00 5938
529 33,35 1,48 1,09 95,00 2.143,00 5938
530 33,35 1,48 1,09 95,00 2.147,00 5938
531 33,35 1,48 1,09 95,00 2.151,00 5938
532 33,35 1,48 1,09 95,00 2.155,00 5938
533 33,35 1,48 1,09 95,00 2.159,00 5938
534 33,35 1,48 1,09 95,00 2.163,00 5938
535 33,35 1,48 1,09 95,00 2.167,00 5938
536 33,35 1,48 1,09 95,00 2.171,00 5938
537 33,35 1,48 1,09 95,00 2.175,00 5938
538 33,35 1,48 1,09 95,00 2.179,00 5938
539 33,35 1,48 1,09 95,00 2.183,00 5938
540 33,35 1,48 1,09 19,00 2.187,00 5938
541 33,35 1,48 1,09 19,00 2.191,00 5942
542 33,35 1,48 1,09 19,00 2.195,00 5944
543 33,35 0,29 0,21 19,00 2.199,00 5946
544 33,35 0,29 0,21 19,00 2.203,00 5947
545 33,35 0,29 0,21 19,00 2.207,00 5958
546 33,35 0,29 0,21 19,00 2.211,00 5965
547 33,35 0,29 0,21 19,00 2.215,00 5965
548 33,35 0,29 0,21 19,00 2.219,00 5965
549 33,35 0,29 0,21 19,00 2.223,00 5965
550 33,35 0,29 0,21 19,00 2.227,00 5965
551 33,35 0,29 0,21 19,00 2.231,00 5965
552 33,35 0,28 0,21 19,00 2.235,00 5965
553 33,35 0,28 0,21 19,00 2.239,00 5965
554 33,35 0,28 0,21 19,00 2.243,00 5965
555 33,35 0,28 0,21 19,00 2.247,00 5965
556 33,35 0,28 0,21 19,00 2.251,00 5965
557 33,35 0,28 0,21 19,00 2.255,00 5965
558 33,35 0,28 0,21 19,00 2.259,00 5965
559 33,35 0,28 0,21 19,00 2.263,00 5969
560 33,35 0,28 0,21 19,00 2.267,00 5969
561 33,35 0,28 0,21 19,00 2.271,00 5969
562 33,35 0,28 0,21 19,00 2.275,00 5969
563 33,35 0,28 0,21 19,00 2.279,00 5969
564 33,35 0,28 0,21 19,00 2.283,00 5969
565 33,35 0,28 0,21 19,00 2.287,00 5969
566 33,35 0,28 0,21 19,00 2.291,00 5969
567 33,35 0,28 0,21 19,00 2.295,00 5969
568 33,35 0,28 0,21 19,00 2.299,00 5969
569 33,35 0,28 0,21 19,00 2.303,00 5969
570 33,35 0,28 0,21 87,00 2.307,00 5969
571 33,35 0,28 0,21 87,00 2.311,00 5988
572 33,35 0,28 0,21 87,00 2.315,00 5994
573 33,35 0,28 0,21 87,00 2.319,00 5999
574 33,35 1,25 0,92 87,00 2.323,00 6004
575 33,35 1,25 0,92 87,00 2.327,00 6007
576 33,35 1,25 0,92 87,00 2.331,00 6009
577 33,35 1,25 0,92 87,00 2.335,00 6010
578 33,35 1,25 0,92 87,00 2.339,00 6010
579 33,35 1,25 0,92 87,00 2.343,00 6010
580 33,35 1,25 0,92 87,00 2.347,00 6010
581 33,35 1,25 0,92 87,00 2.351,00 6010
582 33,35 1,25 0,92 87,00 2.355,00 6010
583 33,35 1,23 0,90 87,00 2.359,00 6010
584 33,35 1,23 0,90 87,00 2.363,00 6010
585 33,35 1,23 0,90 87,00 2.367,00 6010
586 33,35 1,23 0,90 87,00 2.371,00 6010
587 33,35 1,23 0,90 87,00 2.375,00 6010
588 33,35 1,23 0,90 87,00 2.379,00 6010
589 33,35 1,23 0,90 87,00 2.383,00 6010
590 33,35 1,23 0,90 87,00 2.387,00 6010
591 33,35 1,23 0,90 87,00 2.391,00 6010
592 33,35 1,23 0,90 87,00 2.395,00 6010
593 33,35 1,23 0,90 87,00 2.399,00 6010
594 33,35 1,23 0,90 87,00 2.403,00 6010
595 33,35 1,23 0,90 87,00 2.407,00 6010
596 33,35 1,23 0,90 87,00 2.411,00 6010
597 33,35 1,23 0,90 87,00 2.415,00 6010
598 33,35 1,23 0,90 87,00 2.419,00 6010
599 33,35 1,23 0,90 87,00 2.423,00 6010
600 33,35 1,23 0,90 5,00 2.427,00 6010
601 33,35 0,07 0,05 5,00 2.431,00 6019
602 33,35 0,07 0,05 5,00 2.435,00 6021
603 33,35 0,07 0,05 5,00 2.439,00 6022
604 33,35 0,07 0,05 5,00 2.443,00 6022
605 33,35 0,07 0,05 5,00 2.447,00 6022
606 33,35 0,07 0,05 5,00 2.451,00 6022
607 33,35 0,07 0,05 5,00 2.455,00 6022
608 33,35 0,07 0,05 5,00 2.459,00 6023
609 33,35 0,07 0,05 5,00 2.463,00 6023
610 33,35 0,07 0,05 5,00 2.467,00 6023
611 33,35 0,07 0,05 5,00 2.471,00 6023
612 33,35 0,07 0,05 5,00 2.475,00 6023
613 33,35 0,07 0,05 5,00 2.479,00 6023
614 33,35 0,07 0,05 5,00 2.483,00 6023
615 33,35 0,07 0,05 5,00 2.487,00 6023
616 33,35 0,07 0,05 5,00 2.491,00 6023
617 33,35 0,07 0,05 5,00 2.495,00 6023
618 33,35 0,07 0,05 5,00 2.499,00 6023
619 33,35 0,07 0,05 5,00 2.503,00 6023
620 33,35 0,07 0,05 5,00 2.507,00 6023
621 33,35 0,07 0,05 5,00 2.511,00 6023
622 33,35 0,07 0,05 5,00 2.515,00 6023
623 33,35 0,07 0,05 5,00 2.519,00 6023
624 33,35 0,07 0,05 5,00 2.523,00 6023
625 33,35 0,07 0,05 5,00 2.527,00 6023
626 33,35 0,07 0,05 5,00 2.531,00 6023
627 33,35 0,07 0,05 5,00 2.535,00 6023
628 33,35 0,07 0,05 5,00 2.539,00 6023
629 33,35 0,07 0,05 5,00 2.543,00 6023
630 33,35 0,07 0,05 103,00 2.547,00 6023
631 33,35 0,07 0,05 103,00 2.551,00 6039
632 33,35 1,34 0,99 103,00 2.555,00 6043
633 33,35 1,34 0,99 103,00 2.559,00 6043
634 33,35 1,34 0,99 103,00 2.563,00 6043
635 33,35 1,34 0,99 103,00 2.567,00 6043
636 33,35 1,34 0,99 103,00 2.571,00 6043
637 33,35 1,34 0,99 103,00 2.575,00 6043
638 33,35 1,34 0,99 103,00 2.579,00 6043
639 33,35 1,34 0,99 103,00 2.583,00 6043
640 33,35 1,34 0,99 103,00 2.587,00 6043
641 33,35 1,34 0,99 103,00 2.591,00 6043
642 33,35 1,34 0,99 103,00 2.595,00 6043
643 33,35 1,34 0,99 103,00 2.599,00 6043
644 33,35 1,34 0,99 103,00 2.603,00 6043
645 33,35 1,34 0,99 103,00 2.607,00 6043
646 33,35 1,34 0,99 103,00 2.611,00 6043
647 33,35 1,34 0,99 103,00 2.615,00 6043
648 33,35 1,34 0,99 103,00 2.619,00 6043
649 33,35 1,34 0,99 103,00 2.623,00 6043
650 33,35 1,34 0,99 103,00 2.627,00 6043
651 33,35 1,34 0,99 103,00 2.631,00 6043
652 33,35 1,34 0,99 103,00 2.635,00 6043
653 33,35 1,34 0,99 103,00 2.639,00 6043
654 33,35 1,34 0,99 103,00 2.643,00 6043
655 33,35 1,34 0,99 103,00 2.647,00 6043
656 33,35 1,30 0,95 103,00 2.651,00 6043
657 33,35 1,30 0,95 103,00 2.655,00 6043
658 33,35 1,30 0,95 103,00 2.659,00 6043
659 33,35 1,30 0,95 103,00 2.663,00 6043
660 33,35 1,30 0,95 26,00 2.667,00 6043
661 33,35 1,30 0,95 26,00 2.671,00 6047
662 33,35 1,30 0,95 26,00 2.675,00 6047
663 33,35 1,30 0,95 26,00 2.679,00 6047
664 33,35 0,32 0,24 26,00 2.683,00 6047
665 33,35 0,32 0,24 26,00 2.687,00 6047
666 33,35 0,32 0,24 26,00 2.691,00 6047
667 33,35 0,32 0,24 26,00 2.695,00 6047
668 33,35 0,32 0,24 26,00 2.699,00 6048
669 33,35 0,32 0,24 26,00 2.703,00 6048
670 33,35 0,32 0,24 26,00 2.707,00 6048
671 33,35 0,32 0,24 26,00 2.711,00 6048
672 33,35 0,32 0,23 26,00 2.715,00 6048
673 33,35 0,32 0,23 26,00 2.719,00 6048
674 33,35 0,32 0,23 26,00 2.723,00 6048
675 33,35 0,32 0,23 26,00 2.727,00 6048
676 33,35 0,32 0,23 26,00 2.731,00 6048
677 33,35 0,32 0,23 26,00 2.735,00 6048
678 33,35 0,32 0,23 26,00 2.739,00 6048
679 33,35 0,32 0,23 26,00 2.743,00 6048
680 33,35 0,32 0,23 26,00 2.747,00 6048
681 33,35 0,32 0,23 26,00 2.751,00 6048
682 33,35 0,32 0,23 26,00 2.755,00 6048
683 33,35 0,32 0,23 26,00 2.759,00 6048
684 33,35 0,32 0,23 26,00 2.763,00 6048
685 33,35 0,32 0,23 26,00 2.767,00 6048
686 33,35 0,32 0,23 26,00 2.771,00 6048
687 33,35 0,32 0,23 26,00 2.775,00 6048
688 33,35 0,31 0,23 26,00 2.779,00 6048
689 33,35 0,31 0,23 26,00 2.783,00 6048
690 33,35 0,31 0,23 96,00 2.787,00 6048
691 33,35 0,31 0,23 96,00 2.791,00 6060
692 33,35 1,15 0,84 96,00 2.795,00 6063
693 33,35 1,15 0,84 96,00 2.799,00 6066
694 33,35 1,14 0,84 96,00 2.803,00 6067
695 33,35 1,14 0,84 96,00 2.807,00 6068
696 33,35 1,14 0,84 96,00 2.811,00 6070
697 33,35 1,14 0,84 96,00 2.815,00 6070
698 33,35 1,14 0,83 96,00 2.819,00 6070
699 33,35 1,14 0,83 96,00 2.823,00 6070
700 33,35 1,14 0,83 96,00 2.827,00 6070
701 33,35 1,14 0,83 96,00 2.831,00 6070
702 33,35 1,14 0,83 96,00 2.835,00 6070
703 33,35 1,14 0,83 96,00 2.839,00 6070
704 33,35 1,13 0,83 96,00 2.843,00 6070
705 33,35 1,13 0,83 96,00 2.847,00 6070
706 33,35 1,13 0,83 96,00 2.851,00 6070
707 33,35 1,13 0,83 96,00 2.855,00 6070
708 33,35 1,13 0,83 96,00 2.859,00 6070
709 33,35 1,13 0,83 96,00 2.863,00 6070
710 33,35 1,13 0,83 96,00 2.867,00 6070
711 33,35 1,13 0,83 96,00 2.871,00 6070
712 33,35 1,13 0,83 96,00 2.875,00 6070
713 33,35 1,13 0,83 96,00 2.879,00 6070
714 33,35 1,13 0,83 96,00 2.883,00 6070
715 33,35 1,13 0,83 96,00 2.887,00 6070
716 33,35 1,13 0,83 96,00 2.891,00 6070
717 33,35 1,13 0,83 96,00 2.895,00 6070
718 33,35 1,13 0,83 96,00 2.899,00 6070
719 33,35 1,13 0,83 96,00 2.903,00 6070
720 33,35 1,13 0,83 16,00 2.907,00 6070
721 33,35 1,13 0,83 16,00 2.911,00 6073
722 33,35 1,13 0,83 16,00 2.915,00 6073
723 33,35 1,13 0,83 16,00 2.919,00 6073
724 33,35 1,13 0,83 16,00 2.923,00 6073
725 33,35 1,13 0,83 16,00 2.927,00 6073
726 33,35 1,13 0,83 16,00 2.931,00 6073
727 33,35 1,13 0,83 16,00 2.935,00 6073
728 33,35 0,18 0,13 16,00 2.939,00 6073
729 33,35 0,18 0,13 16,00 2.943,00 6073
730 33,35 0,18 0,13 16,00 2.947,00 6073
731 33,35 0,18 0,13 16,00 2.951,00 6073
732 33,35 0,18 0,13 16,00 2.955,00 6073
733 33,35 0,18 0,13 16,00 2.959,00 6073
734 33,35 0,18 0,13 16,00 2.963,00 6073
735 33,35 0,18 0,13 16,00 2.967,00 6073
736 33,35 0,18 0,13 16,00 2.971,00 6073
737 33,35 0,18 0,13 16,00 2.975,00 6073
738 33,35 0,18 0,13 16,00 2.979,00 6073
739 33,35 0,18 0,13 16,00 2.983,00 6073
740 33,35 0,18 0,13 16,00 2.987,00 6073
741 33,35 0,18 0,13 16,00 2.991,00 6073
742 33,35 0,18 0,13 16,00 2.995,00 6073
743 33,35 0,18 0,13 16,00 2.999,00 6073
744 33,35 0,18 0,13 16,00 3.003,00 6073
745 33,35 0,18 0,13 16,00 3.007,00 6073
746 33,35 0,18 0,13 16,00 3.011,00 6073
747 33,35 0,18 0,13 16,00 3.015,00 6073
748 33,35 0,18 0,13 16,00 3.019,00 6073
749 33,35 0,18 0,13 16,00 3.023,00 6073
750 33,35 0,18 0,13 96,00 3.027,00 6073
751 33,35 0,18 0,13 96,00 3.031,00 6081
752 33,35 0,18 0,13 96,00 3.035,00 6085
753 33,35 0,18 0,13 96,00 3.039,00 6085
754 33,35 0,18 0,13 96,00 3.043,00 6085
755 33,35 0,18 0,13 96,00 3.047,00 6085
756 33,35 0,18 0,13 96,00 3.051,00 6085
757 33,35 0,18 0,13 96,00 3.055,00 6085
758 33,35 0,18 0,13 96,00 3.059,00 6091
759 33,35 0,18 0,13 96,00 3.063,00 6094
760 33,35 0,18 0,13 96,00 3.067,00 6096
761 33,35 0,18 0,13 96,00 3.071,00 6097
762 33,35 0,18 0,13 96,00 3.075,00 6098
763 33,35 0,18 0,13 96,00 3.079,00 6098
764 33,35 0,18 0,13 96,00 3.083,00 6098
765 33,35 0,18 0,13 96,00 3.087,00 6098
766 33,35 0,18 0,13 96,00 3.091,00 6098
767 33,35 0,18 0,13 96,00 3.095,00 6098
768 33,35 0,18 0,13 96,00 3.099,00 6098
769 33,35 0,18 0,13 96,00 3.103,00 6098
770 33,35 0,18 0,13 96,00 3.107,00 6098
771 33,35 0,18 0,13 96,00 3.111,00 6098
772 33,35 1,03 0,76 96,00 3.115,00 6098
773 33,35 1,03 0,76 96,00 3.119,00 6098
774 33,35 1,03 0,75 96,00 3.123,00 6098
775 33,35 1,03 0,75 96,00 3.127,00 6098
776 33,35 1,03 0,75 96,00 3.131,00 6098
777 33,35 1,03 0,75 96,00 3.135,00 6098
778 33,35 1,03 0,75 96,00 3.139,00 6098
779 33,35 1,03 0,75 96,00 3.143,00 6098
780 33,35 1,03 0,75 15,00 3.147,00 6098
781 33,35 1,03 0,75 15,00 3.151,00 6102
782 33,35 1,03 0,75 15,00 3.155,00 6107
783 33,35 1,03 0,75 15,00 3.159,00 6110
784 33,35 0,16 0,12 15,00 3.163,00 6111
785 33,35 0,16 0,12 15,00 3.167,00 6111
786 33,35 0,16 0,12 15,00 3.171,00 6111
787 33,35 0,16 0,12 15,00 3.175,00 6111
788 33,35 0,16 0,12 15,00 3.179,00 6111
789 33,35 0,16 0,12 15,00 3.183,00 6111
790 33,35 0,16 0,12 15,00 3.187,00 6111
791 33,35 0,16 0,12 15,00 3.191,00 6111
792 33,35 0,16 0,12 15,00 3.195,00 6111
793 33,35 0,16 0,12 15,00 3.199,00 6111
794 33,35 0,16 0,12 15,00 3.203,00 6111
795 33,35 0,16 0,12 15,00 3.207,00 6111
796 33,35 0,16 0,12 15,00 3.211,00 6111
797 33,35 0,16 0,12 15,00 3.215,00 6111
798 33,35 0,16 0,12 15,00 3.219,00 6111
799 33,35 0,16 0,12 15,00 3.223,00 6111
800 33,35 0,16 0,12 15,00 3.227,00 6111
801 33,35 0,16 0,12 15,00 3.231,00 6111
802 33,35 0,16 0,12 15,00 3.235,00 6111
803 33,35 0,16 0,12 15,00 3.239,00 6111
804 33,35 0,16 0,12 15,00 3.243,00 6111
805 33,35 0,16 0,12 15,00 3.247,00 6111
806 33,35 0,16 0,12 15,00 3.251,00 6111
807 33,35 0,16 0,12 15,00 3.255,00 6111
808 33,35 0,15 0,11 15,00 3.259,00 6111
809 33,35 0,15 0,11 15,00 3.263,00 6111
810 33,35 0,15 0,11 99,00 3.267,00 6111
811 33,35 0,15 0,11 99,00 3.271,00 6120
812 33,35 0,15 0,11 99,00 3.275,00 6122
813 33,35 0,15 0,11 99,00 3.279,00 6123
814 33,35 0,15 0,11 99,00 3.283,00 6123
815 33,35 0,15 0,11 99,00 3.287,00 6123
816 33,35 0,15 0,11 99,00 3.291,00 6123
817 33,35 0,15 0,11 99,00 3.295,00 6123
818 33,35 0,15 0,11 99,00 3.299,00 6123
819 33,35 0,15 0,11 99,00 3.303,00 6123
820 33,35 0,15 0,11 99,00 3.307,00 6123
821 33,35 0,15 0,11 99,00 3.311,00 6123
822 33,35 0,15 0,11 99,00 3.315,00 6123
823 33,35 0,15 0,11 99,00 3.319,00 6123
824 33,35 0,15 0,11 99,00 3.323,00 6123
825 33,35 0,15 0,11 99,00 3.327,00 6123
826 33,35 0,15 0,11 99,00 3.331,00 6123
827 33,35 0,15 0,11 99,00 3.335,00 6123
828 33,35 0,15 0,11 99,00 3.339,00 6123
829 33,35 0,99 0,73 99,00 3.343,00 6123
830 33,35 0,99 0,73 99,00 3.347,00 6123
831 33,35 0,99 0,72 99,00 3.351,00 6123
832 33,35 0,99 0,72 99,00 3.355,00 6123
833 33,35 0,98 0,72 99,00 3.359,00 6123
834 33,35 0,98 0,72 99,00 3.363,00 6123
835 33,35 0,98 0,72 99,00 3.367,00 6123
836 33,35 0,98 0,72 99,00 3.371,00 6123
837 33,35 0,98 0,72 99,00 3.375,00 6123
838 33,35 0,98 0,72 99,00 3.379,00 6123
839 33,35 0,98 0,72 99,00 3.383,00 6123
840 33,35 0,98 0,72 25,00 3.387,00 6123
841 33,35 0,25 0,18 25,00 3.391,00 6130
842 33,35 0,25 0,18 25,00 3.395,00 6130
843 33,35 0,25 0,18 25,00 3.399,00 6130
844 33,35 0,25 0,18 25,00 3.403,00 6130
845 33,35 0,25 0,18 25,00 3.407,00 6130
846 33,35 0,24 0,18 25,00 3.411,00 6130
847 33,35 0,24 0,18 25,00 3.415,00 6130
848 33,35 0,24 0,18 25,00 3.419,00 6130
849 33,35 0,24 0,18 25,00 3.423,00 6130
850 33,35 0,24 0,18 25,00 3.427,00 6130
851 33,35 0,24 0,18 25,00 3.431,00 6130
852 33,35 0,24 0,18 25,00 3.435,00 6130
853 33,35 0,24 0,18 25,00 3.439,00 6130
854 33,35 0,24 0,18 25,00 3.443,00 6130
855 33,35 0,24 0,18 25,00 3.447,00 6130
856 33,35 0,24 0,18 25,00 3.451,00 6130
857 33,35 0,24 0,18 25,00 3.455,00 6130
858 33,35 0,24 0,18 25,00 3.459,00 6130
859 33,35 0,24 0,18 25,00 3.463,00 6130
860 33,35 0,24 0,18 25,00 3.467,00 6130
861 33,35 0,24 0,18 25,00 3.471,00 6130
862 33,35 0,24 0,18 25,00 3.475,00 6130
863 33,35 0,24 0,18 25,00 3.479,00 6130
864 33,35 0,24 0,18 25,00 3.483,00 6130
865 33,35 0,24 0,18 25,00 3.487,00 6130
866 33,35 0,24 0,18 25,00 3.491,00 6130
867 33,35 0,24 0,18 25,00 3.495,00 6130
868 33,35 0,24 0,18 25,00 3.499,00 6130
869 33,35 0,24 0,18 25,00 3.503,00 6130
870 33,35 0,24 0,18 95,00 3.507,00 6130
871 33,35 0,24 0,18 95,00 3.511,00 6139
872 33,35 0,24 0,18 95,00 3.515,00 6142
873 33,35 0,24 0,18 95,00 3.519,00 6144
874 33,35 0,90 0,66 95,00 3.523,00 6144
875 33,35 0,90 0,66 95,00 3.527,00 6152
876 33,35 0,90 0,66 95,00 3.531,00 6155
877 33,35 0,90 0,66 95,00 3.535,00 6156
878 33,35 0,90 0,66 95,00 3.539,00 6156
879 33,35 0,90 0,66 95,00 3.543,00 6156
880 33,35 0,90 0,66 95,00 3.547,00 6156
881 33,35 0,90 0,66 95,00 3.551,00 6156
882 33,35 0,90 0,66 95,00 3.555,00 6156
883 33,35 0,90 0,66 95,00 3.559,00 6156
884 33,35 0,90 0,66 95,00 3.563,00 6156
885 33,35 0,90 0,66 95,00 3.567,00 6156
886 33,35 0,90 0,66 95,00 3.571,00 6156
887 33,35 0,90 0,66 95,00 3.575,00 6156
888 33,35 0,90 0,66 95,00 3.579,00 6156
889 33,35 0,90 0,66 95,00 3.583,00 6156
890 33,35 0,88 0,65 95,00 3.587,00 6156
891 33,35 0,88 0,65 95,00 3.591,00 6156
892 33,35 0,88 0,65 95,00 3.595,00 6156
893 33,35 0,88 0,65 95,00 3.599,00 6156
894 33,35 0,88 0,65 95,00 3.603,00 6156
895 33,35 0,88 0,65 95,00 3.607,00 6156
896 33,35 0,88 0,65 95,00 3.611,00 6156
897 33,35 0,88 0,65 95,00 3.615,00 6156
898 33,35 0,88 0,65 95,00 3.619,00 6156
899 33,35 0,88 0,65 95,00 3.623,00 6156
900 33,35 0,88 0,65 21,00 3.627,00 6156
901 33,35 0,88 0,65 21,00 3.631,00 6161
902 33,35 0,88 0,65 21,00 3.635,00 6162
903 33,35 0,88 0,65 21,00 3.639,00 6163
904 33,35 0,88 0,65 21,00 3.643,00 6163
905 33,35 0,88 0,65 21,00 3.647,00 6164
906 33,35 0,88 0,65 21,00 3.651,00 6165
907 33,35 0,88 0,65 21,00 3.655,00 6165
908 33,35 0,88 0,65 21,00 3.659,00 6165
909 33,35 0,88 0,65 21,00 3.663,00 6165
910 33,35 0,19 0,14 21,00 3.667,00 6165
911 33,35 0,19 0,14 21,00 3.671,00 6165
912 33,35 0,19 0,14 21,00 3.675,00 6165
913 33,35 0,19 0,14 21,00 3.679,00 6165
914 33,35 0,19 0,14 21,00 3.683,00 6165
915 33,35 0,19 0,14 21,00 3.687,00 6165
916 33,35 0,19 0,14 21,00 3.691,00 6165
917 33,35 0,19 0,14 21,00 3.695,00 6165
918 33,35 0,19 0,14 21,00 3.699,00 6165
919 33,35 0,19 0,14 21,00 3.703,00 6165
920 33,35 0,19 0,14 21,00 3.707,00 6165
921 33,35 0,19 0,14 21,00 3.711,00 6165
922 33,35 0,19 0,14 21,00 3.715,00 6165
923 33,35 0,19 0,14 21,00 3.719,00 6165
924 33,35 0,19 0,14 21,00 3.723,00 6165
925 33,35 0,19 0,14 21,00 3.727,00 6165
926 33,35 0,19 0,14 21,00 3.731,00 6165
927 33,35 0,19 0,14 21,00 3.735,00 6165
928 33,35 0,19 0,14 21,00 3.739,00 6165
929 33,35 0,19 0,14 21,00 3.743,00 6165
930 33,35 0,19 0,14 99,00 3.747,00 6165
931 33,35 0,19 0,14 99,00 3.751,00 6173
932 33,35 0,19 0,14 99,00 3.755,00 6176
933 33,35 0,88 0,65 99,00 3.759,00 6176
934 33,35 0,88 0,65 99,00 3.763,00 6176
935 33,35 0,88 0,64 99,00 3.767,00 6176
936 33,35 0,88 0,64 99,00 3.771,00 6177
937 33,35 0,88 0,64 99,00 3.775,00 6177
938 33,35 0,87 0,64 99,00 3.779,00 6177
939 33,35 0,87 0,64 99,00 3.783,00 6177
940 33,35 0,87 0,64 99,00 3.787,00 6177
941 33,35 0,87 0,64 99,00 3.791,00 6177
942 33,35 0,87 0,64 99,00 3.795,00 6177
943 33,35 0,87 0,64 99,00 3.799,00 6177
944 33,35 0,87 0,64 99,00 3.803,00 6177
945 33,35 0,87 0,64 99,00 3.807,00 6177
946 33,35 0,87 0,64 99,00 3.811,00 6177
947 33,35 0,87 0,64 99,00 3.815,00 6177
948 33,35 0,87 0,64 99,00 3.819,00 6177
949 33,35 0,87 0,64 99,00 3.823,00 6177
950 33,35 0,87 0,64 99,00 3.827,00 6177
951 33,35 0,87 0,64 99,00 3.831,00 6177
952 33,35 0,87 0,64 99,00 3.835,00 6177
953 33,35 0,87 0,64 99,00 3.839,00 6177
954 33,35 0,87 0,64 99,00 3.843,00 6177
955 33,35 0,87 0,64 99,00 3.847,00 6177
956 33,35 0,87 0,64 99,00 3.851,00 6177
957 33,35 0,87 0,64 99,00 3.855,00 6177
958 33,35 0,87 0,64 99,00 3.859,00 6177
959 33,35 0,87 0,64 99,00 3.863,00 6177
960 33,35 0,87 0,64 25,00 3.867,00 6177
961 33,35 0,87 0,64 25,00 3.871,00 6179
962 33,35 0,87 0,64 25,00 3.875,00 6180
963 33,35 0,87 0,64 25,00 3.879,00 6180
964 33,35 0,87 0,64 25,00 3.883,00 6180
965 33,35 0,21 0,16 25,00 3.887,00 6181
966 33,35 0,21 0,16 25,00 3.891,00 6181
967 33,35 0,21 0,16 25,00 3.895,00 6181
968 33,35 0,21 0,16 25,00 3.899,00 6181
969 33,35 0,21 0,16 25,00 3.903,00 6181
970 33,35 0,21 0,16 25,00 3.907,00 6181
971 33,35 0,21 0,16 25,00 3.911,00 6181
972 33,35 0,21 0,16 25,00 3.915,00 6181
973 33,35 0,21 0,16 25,00 3.919,00 6181
974 33,35 0,21 0,16 25,00 3.923,00 6181
975 33,35 0,21 0,16 25,00 3.927,00 6181
976 33,35 0,21 0,16 25,00 3.931,00 6181
977 33,35 0,21 0,16 25,00 3.935,00 6181
978 33,35 0,21 0,16 25,00 3.939,00 6181
979 33,35 0,21 0,16 25,00 3.943,00 6181
980 33,35 0,21 0,16 25,00 3.947,00 6181
981 33,35 0,21 0,16 25,00 3.951,00 6181
982 33,35 0,21 0,16 25,00 3.955,00 6181
983 33,35 0,21 0,16 25,00 3.959,00 6181
984 33,35 0,21 0,15 25,00 3.963,00 6181
985 33,35 0,21 0,15 25,00 3.967,00 6181
986 33,35 0,21 0,15 25,00 3.971,00 6181
987 33,35 0,21 0,15 25,00 3.975,00 6181
988 33,35 0,21 0,15 25,00 3.979,00 6181
989 33,35 0,21 0,15 25,00 3.983,00 6181
990 33,35 0,21 0,15 97,00 3.987,00 6181
991 33,35 0,21 0,15 97,00 3.991,00 6187
992 33,35 0,21 0,15 97,00 3.995,00 6189
993 33,35 0,21 0,15 97,00 3.999,00 6189
994 33,35 0,21 0,15 97,00 4.003,00 6189
995 33,35 0,21 0,15 97,00 4.007,00 6189
996 33,35 0,21 0,15 97,00 4.011,00 6189
997 33,35 0,21 0,15 97,00 4.015,00 6189
998 33,35 0,81 0,59 97,00 4.019,00 6189
999 33,35 0,81 0,59 97,00 4.023,00 6189
