500
0 360,08 360,08 360,08 2,00 22,00 0 2
1 360,08 360,08 360,08 1,00 14,00 2034 2
2 360,08 360,08 52,53 1,00 1,00 5373 2
3 360,08 360,08 57,35 3,00 1,00 8224 2
4 360,08 360,08 54,41 1,00 13,00 10634 2
5 360,08 360,08 61,90 1,00 5,00 12916 2
6 360,08 360,08 65,56 3,00 1,00 15418 2
7 360,08 360,08 68,06 1,00 13,00 17536 2
8 360,08 120,03 28,79 10,00 3,00 19639 2
9 360,08 120,03 37,05 3,00 13,00 21808 2
10 360,08 120,03 33,45 4,00 13,00 23907 2
11 360,08 120,03 40,87 7,00 13,00 25930 2
12 360,08 193,89 74,41 1,00 13,00 27892 2
13 360,08 193,89 83,90 1,00 1,00 29850 2
14 360,08 193,89 116,74 2,00 1,00 31599 2
15 360,08 193,89 61,56 2,00 13,00 33497 2
16 360,08 55,40 39,49 14,00 13,00 35789 2
17 360,08 55,40 41,99 14,00 13,00 37955 2
18 360,08 55,40 37,97 20,00 13,00 39952 2
19 360,08 55,40 37,11 10,00 13,00 41766 2
20 360,08 276,99 196,76 1,00 13,00 43660 2
21 360,08 276,99 201,52 1,00 1,00 45373 2
22 360,08 276,99 193,84 1,00 1,00 47124 2
23 360,08 276,99 216,63 1,00 1,00 48807 2
24 360,08 276,99 237,67 1,00 1,00 50463 2
25 360,08 276,99 243,16 2,00 1,00 52047 2
26 360,08 55,40 52,11 3,00 13,00 53795 2
27 360,08 55,40 47,61 1,00 13,00 55520 2
28 360,08 55,40 42,94 3,00 1,00 57190 2
29 360,08 55,40 55,03 3,00 13,00 58778 2
30 360,08 55,40 61,15 3,00 13,00 60394 2
31 360,08 55,40 59,61 9,00 13,00 62105 2
32 360,08 55,40 51,34 5,00 13,00 63934 2
33 360,08 55,40 50,92 1,00 13,00 65556 2
34 360,08 55,40 54,17 2,00 1,00 67081 2
35 360,08 55,40 55,51 3,00 13,00 68549 2
36 360,08 55,40 54,27 6,00 13,00 69881 2
37 360,08 166,19 166,20 1,00 13,00 71145 2
38 360,08 166,19 163,56 1,00 3,00 72579 2
39 360,08 166,19 164,05 1,00 1,00 74208 2
40 360,08 360,08 338,56 1,00 1,00 75718 2
41 360,08 360,08 259,78 1,00 1,00 77166 2
42 360,08 360,08 339,35 1,00 1,00 78878 2
43 360,08 360,08 323,35 1,00 1,00 80555 2
44 360,08 360,08 323,33 1,00 1,00 81773 2
45 360,08 360,08 325,63 1,00 1,00 83109 2
46 360,08 360,08 333,00 1,00 1,00 84434 2
47 360,08 360,08 327,55 1,00 1,00 85600 2
48 360,08 360,08 330,63 1,00 1,00 87143 2
49 360,08 360,08 328,92 1,00 1,00 88485 2
50 360,08 360,08 324,26 1,00 1,00 89667 2
51 360,08 360,08 388,97 1,00 1,00 91101 2
52 360,08 360,08 396,79 1,00 1,00 92490 2
53 360,08 360,08 391,42 1,00 1,00 93718 2
54 360,08 360,08 389,57 1,00 1,00 94913 2
55 360,08 360,08 398,27 1,00 1,00 96246 2
56 360,08 360,08 401,31 1,00 1,00 97603 2
57 360,08 360,08 393,69 1,00 1,00 98885 2
58 360,08 360,08 407,31 1,00 1,00 100402 2
59 360,08 360,08 396,53 1,00 1,00 101741 2
60 360,08 360,08 405,51 1,00 1,00 103074 2
61 360,08 360,08 406,99 1,00 1,00 104418 2
62 360,08 360,08 403,39 1,00 1,00 105536 2
63 360,08 360,08 400,43 1,00 1,00 106810 2
64 360,08 360,08 396,95 1,00 1,00 108412 2
65 360,08 360,08 391,47 1,00 1,00 110148 2
66 360,08 360,08 395,71 1,00 1,00 111691 2
67 360,08 360,08 390,52 1,00 1,00 113010 2
68 360,08 360,08 380,11 1,00 1,00 114244 2
69 360,08 360,08 387,52 1,00 1,00 115821 2
70 360,08 360,08 381,75 1,00 1,00 117266 2
71 360,08 360,08 386,78 1,00 1,00 118561 2
72 360,08 360,08 385,14 1,00 1,00 120013 2
73 360,08 360,08 386,39 1,00 1,00 121298 2
74 360,08 360,08 385,57 1,00 1,00 122549 2
75 360,08 360,08 383,24 1,00 1,00 123751 2
76 360,08 360,08 378,64 1,00 1,00 124905 2
77 360,08 360,08 375,12 1,00 1,00 125986 2
78 360,08 360,08 375,13 1,00 1,00 127318 2
79 360,08 360,08 370,09 1,00 1,00 128543 2
80 360,08 360,08 301,50 1,00 1,00 130074 2
81 360,08 360,08 299,07 1,00 1,00 131439 2
82 360,08 360,08 382,66 1,00 1,00 132580 2
83 360,08 360,08 367,49 1,00 1,00 133739 2
84 360,08 360,08 370,35 1,00 1,00 134818 2
85 360,08 360,08 364,00 1,00 1,00 135948 2
86 360,08 360,08 386,47 1,00 1,00 136970 2
87 360,08 360,08 383,88 1,00 1,00 138018 2
88 360,08 360,08 392,40 1,00 1,00 139066 2
89 360,08 360,08 394,45 1,00 1,00 139999 2
90 360,08 360,08 389,89 1,00 1,00 141020 2
91 360,08 360,08 392,05 1,00 1,00 142167 2
92 360,08 360,08 379,76 1,00 1,00 143191 2
93 360,08 360,08 384,63 1,00 1,00 144073 2
94 360,08 360,08 389,27 1,00 1,00 145023 2
95 360,08 360,08 395,87 1,00 1,00 146050 2
96 360,08 360,08 390,22 1,00 1,00 147033 2
97 360,08 360,08 385,00 1,00 1,00 148185 2
98 360,08 360,08 385,84 1,00 1,00 149496 2
99 360,08 360,08 361,87 1,00 1,00 150789 2
100 360,08 360,08 374,09 1,00 1,00 151913 2
101 360,08 360,08 371,55 1,00 1,00 152923 2
102 360,08 360,08 373,13 1,00 1,00 154100 2
103 360,08 360,08 367,76 1,00 1,00 155304 2
104 360,08 360,08 383,25 1,00 1,00 156501 2
105 360,08 360,08 406,20 1,00 1,00 157770 2
106 360,08 360,08 411,22 1,00 1,00 159019 2
107 360,08 360,08 402,78 1,00 1,00 160099 2
108 360,08 360,08 399,87 1,00 1,00 161070 2
109 360,08 360,08 400,64 1,00 1,00 161897 2
110 360,08 360,08 396,03 1,00 1,00 162626 2
111 360,08 360,08 395,79 1,00 1,00 163252 2
112 360,08 360,08 396,87 1,00 1,00 163915 2
113 360,08 360,08 394,49 1,00 1,00 164484 2
114 360,08 360,08 394,93 1,00 1,00 165028 2
115 360,08 360,08 394,97 1,00 1,00 165663 2
116 360,08 360,08 395,52 1,00 1,00 166330 2
117 360,08 360,08 396,05 1,00 1,00 166906 2
118 360,08 360,08 394,90 1,00 1,00 167421 2
119 360,08 360,08 393,21 1,00 1,00 168035 2
120 360,08 360,08 388,98 1,00 1,00 168861 2
121 360,08 360,08 390,90 1,00 1,00 169578 2
122 360,08 360,08 390,02 1,00 1,00 170224 2
123 360,08 360,08 391,35 1,00 1,00 170893 2
124 360,08 360,08 389,17 1,00 1,00 171582 2
125 360,08 360,08 389,73 1,00 1,00 172216 2
126 360,08 360,08 393,21 1,00 1,00 172756 2
127 360,08 360,08 395,17 1,00 1,00 173305 2
128 360,08 360,08 391,38 1,00 1,00 173840 2
129 360,08 360,08 387,01 1,00 1,00 174427 2
130 360,08 360,08 387,02 1,00 1,00 175026 2
131 360,08 360,08 388,84 1,00 1,00 175704 2
132 360,08 360,08 389,48 1,00 1,00 176270 2
133 360,08 360,08 387,83 1,00 1,00 176881 2
134 360,08 360,08 386,90 1,00 1,00 177431 2
135 360,08 360,08 387,03 1,00 1,00 178005 2
136 360,08 360,08 387,33 1,00 1,00 178566 2
137 360,08 360,08 377,55 1,00 1,00 179265 2
138 360,08 360,08 379,71 1,00 1,00 179894 2
139 360,08 360,08 381,00 1,00 1,00 180482 2
140 360,08 360,08 384,79 1,00 1,00 181063 2
141 360,08 360,08 377,12 1,00 1,00 181637 2
142 360,08 360,08 373,11 1,00 1,00 182152 2
143 360,08 360,08 370,56 1,00 1,00 182626 2
144 360,08 360,08 369,92 1,00 1,00 183097 2
145 360,08 360,08 366,02 1,00 1,00 183576 2
146 360,08 360,08 364,00 1,00 1,00 184032 2
147 360,08 360,08 363,11 1,00 1,00 184511 2
148 360,08 360,08 363,76 1,00 1,00 184974 2
149 360,08 360,08 365,81 1,00 1,00 185531 2
150 360,08 360,08 363,90 1,00 1,00 186058 2
151 360,08 360,08 364,96 1,00 1,00 186631 2
152 360,08 360,08 369,08 1,00 1,00 187173 2
153 360,08 360,08 375,80 1,00 1,00 187653 2
154 360,08 360,08 379,67 1,00 1,00 188087 2
155 360,08 360,08 383,54 1,00 1,00 188478 2
156 360,08 360,08 385,97 1,00 1,00 188781 2
157 360,08 360,08 385,89 1,00 1,00 189113 2
158 360,08 360,08 387,49 1,00 1,00 189431 2
159 360,08 360,08 388,12 1,00 1,00 189747 2
160 360,08 360,08 387,69 1,00 1,00 190001 2
161 360,08 360,08 385,67 1,00 1,00 190235 2
162 360,08 360,08 382,14 1,00 1,00 190426 2
163 360,08 360,08 385,01 1,00 1,00 190604 2
164 360,08 360,08 387,00 1,00 1,00 190779 2
165 360,08 360,08 389,69 1,00 1,00 191045 2
166 360,08 360,08 390,65 1,00 1,00 191280 2
167 360,08 360,08 390,58 1,00 1,00 191593 2
168 360,08 360,08 392,48 1,00 1,00 192025 2
169 360,08 360,08 391,99 1,00 1,00 192568 2
170 360,08 360,08 390,49 1,00 1,00 193073 2
171 360,08 360,08 390,48 1,00 1,00 193588 2
172 360,08 360,08 390,46 1,00 1,00 194218 2
173 360,08 360,08 390,63 1,00 1,00 194884 2
174 360,08 360,08 391,09 1,00 1,00 195676 2
175 360,08 360,08 388,27 1,00 1,00 196337 2
176 360,08 360,08 386,35 1,00 1,00 196899 2
177 360,08 360,08 387,09 1,00 1,00 197325 2
178 360,08 360,08 387,46 1,00 1,00 197802 2
179 360,08 360,08 384,75 1,00 1,00 198275 2
180 360,08 360,08 385,69 1,00 1,00 198921 2
181 360,08 360,08 387,32 1,00 1,00 199549 2
182 360,08 360,08 392,19 1,00 1,00 200208 2
183 360,08 360,08 387,31 1,00 1,00 201052 2
184 360,08 360,08 388,26 1,00 1,00 201970 2
185 360,08 360,08 392,86 1,00 1,00 202680 2
186 360,08 360,08 388,11 1,00 1,00 203342 2
187 360,08 360,08 379,06 1,00 1,00 203905 2
188 360,08 360,08 382,05 1,00 1,00 204414 2
189 360,08 360,08 384,34 1,00 1,00 205267 2
190 360,08 360,08 388,26 1,00 1,00 206148 2
191 360,08 360,08 387,50 1,00 1,00 207071 2
192 360,08 360,08 393,09 1,00 1,00 207853 2
193 360,08 360,08 391,11 1,00 1,00 208707 2
194 360,08 360,08 393,35 1,00 1,00 209442 2
195 360,08 360,08 397,11 1,00 1,00 210092 2
196 360,08 360,08 389,02 1,00 1,00 210836 2
197 360,08 360,08 387,79 1,00 1,00 211520 2
198 360,08 360,08 387,86 1,00 1,00 212143 2
199 360,08 360,08 389,34 1,00 1,00 212798 2
200 360,08 360,08 390,06 1,00 1,00 213398 2
201 360,08 360,08 388,43 1,00 1,00 213972 2
202 360,08 360,08 388,44 1,00 1,00 214446 2
203 360,08 360,08 388,78 1,00 1,00 214886 2
204 360,08 360,08 382,37 1,00 1,00 215331 2
205 360,08 360,08 388,96 1,00 1,00 215711 2
206 360,08 360,08 391,17 1,00 1,00 216069 2
207 360,08 360,08 391,55 1,00 1,00 216426 2
208 360,08 360,08 391,81 1,00 1,00 216691 2
209 360,08 360,08 385,64 1,00 1,00 216851 2
210 360,08 360,08 393,23 1,00 1,00 217021 2
211 360,08 360,08 394,29 1,00 1,00 217235 2
212 360,08 360,08 392,36 1,00 1,00 217428 2
213 360,08 360,08 393,33 1,00 1,00 217613 2
214 360,08 360,08 395,79 1,00 1,00 217786 2
215 360,08 360,08 394,63 1,00 1,00 218014 2
216 360,08 360,08 393,09 1,00 1,00 218241 2
217 360,08 360,08 393,50 1,00 1,00 218632 2
218 360,08 360,08 390,05 1,00 1,00 219065 2
219 360,08 360,08 387,93 1,00 1,00 219510 2
220 360,08 360,08 391,22 1,00 1,00 219834 2
221 360,08 360,08 393,00 1,00 1,00 220118 2
222 360,08 360,08 393,37 1,00 1,00 220457 2
223 360,08 360,08 391,46 1,00 1,00 220780 2
224 360,08 360,08 390,41 1,00 1,00 221084 2
225 360,08 360,08 390,72 1,00 1,00 221368 2
226 360,08 360,08 389,21 1,00 1,00 221678 2
227 360,08 360,08 390,66 1,00 1,00 222006 2
228 360,08 360,08 391,34 1,00 1,00 222403 2
229 360,08 360,08 391,14 1,00 1,00 222737 2
230 360,08 360,08 392,41 1,00 1,00 223035 2
231 360,08 360,08 393,43 1,00 1,00 223321 2
232 360,08 360,08 392,35 1,00 1,00 223592 2
233 360,08 360,08 392,34 1,00 1,00 223825 2
234 360,08 360,08 393,00 1,00 1,00 224068 2
235 360,08 360,08 393,00 1,00 1,00 224238 2
236 360,08 360,08 392,56 1,00 1,00 224458 2
237 360,08 360,08 391,81 1,00 1,00 224715 2
238 360,08 360,08 392,26 1,00 1,00 224963 2
239 360,08 360,08 392,52 1,00 1,00 225171 2
240 360,08 360,08 392,74 1,00 1,00 225419 2
241 360,08 360,08 392,79 1,00 1,00 225651 2
242 360,08 360,08 392,22 1,00 1,00 225874 2
243 360,08 360,08 393,39 1,00 1,00 226049 2
244 360,08 360,08 393,30 1,00 1,00 226240 2
245 360,08 360,08 391,87 1,00 1,00 226509 2
246 360,08 360,08 393,70 1,00 1,00 226809 2
247 360,08 360,08 393,14 1,00 1,00 227215 2
248 360,08 360,08 392,25 1,00 1,00 227639 2
249 360,08 360,08 392,21 1,00 1,00 228105 2
250 360,08 360,08 393,65 1,00 1,00 228636 2
251 360,08 360,08 391,83 1,00 1,00 229213 2
252 360,08 360,08 390,64 1,00 1,00 229674 2
253 360,08 360,08 392,96 1,00 1,00 230044 2
254 360,08 360,08 391,30 1,00 1,00 230450 2
255 360,08 360,08 393,69 1,00 1,00 230803 2
256 360,08 360,08 392,99 1,00 1,00 231184 2
257 360,08 360,08 391,56 1,00 1,00 231585 2
258 360,08 360,08 392,87 1,00 1,00 232098 2
259 360,08 360,08 390,28 1,00 1,00 232617 2
260 360,08 360,08 388,08 1,00 1,00 233264 2
261 360,08 360,08 386,85 1,00 1,00 233979 2
262 360,08 360,08 390,64 1,00 1,00 234613 2
263 360,08 360,08 390,09 1,00 1,00 235212 2
264 360,08 360,08 392,30 1,00 1,00 235817 2
265 360,08 360,08 389,12 1,00 1,00 236398 2
266 360,08 360,08 390,34 1,00 1,00 236895 2
267 360,08 360,08 390,67 1,00 1,00 237510 2
268 360,08 360,08 390,07 1,00 1,00 238092 2
269 360,08 360,08 389,85 1,00 1,00 238725 2
270 360,08 360,08 389,70 1,00 1,00 239224 2
271 360,08 360,08 386,49 1,00 1,00 239797 2
272 360,08 360,08 386,37 1,00 1,00 240308 2
273 360,08 360,08 384,49 1,00 1,00 240800 2
274 360,08 360,08 380,82 1,00 1,00 241319 2
275 360,08 360,08 378,14 1,00 1,00 241758 2
276 360,08 360,08 375,63 1,00 1,00 242166 2
277 360,08 360,08 376,51 1,00 1,00 242581 2
278 360,08 360,08 373,66 1,00 1,00 242909 2
279 360,08 360,08 372,36 1,00 1,00 243219 2
280 360,08 360,08 369,52 1,00 1,00 243464 2
281 360,08 360,08 369,40 1,00 1,00 243676 2
282 360,08 360,08 370,79 1,00 1,00 243930 2
283 360,08 360,08 370,66 1,00 1,00 244170 2
284 360,08 360,08 370,49 1,00 1,00 244381 2
285 360,08 360,08 370,35 1,00 1,00 244581 2
286 360,08 360,08 371,04 1,00 1,00 244881 2
287 360,08 360,08 375,50 1,00 1,00 245197 2
288 360,08 360,08 376,79 1,00 1,00 245608 2
289 360,08 360,08 380,83 1,00 1,00 246088 2
290 360,08 360,08 383,07 1,00 1,00 246639 2
291 360,08 360,08 384,30 1,00 1,00 247156 2
292 360,08 360,08 384,70 1,00 1,00 247714 2
293 360,08 360,08 385,11 1,00 1,00 248241 2
294 360,08 360,08 387,25 1,00 1,00 248810 2
295 360,08 360,08 386,74 1,00 1,00 249419 2
296 360,08 360,08 386,61 1,00 1,00 250007 2
297 360,08 360,08 386,12 1,00 1,00 250497 2
298 360,08 360,08 390,80 1,00 1,00 250954 2
299 360,08 360,08 385,66 1,00 1,00 251457 2
300 360,08 360,08 390,84 1,00 1,00 251857 2
301 360,08 360,08 388,92 1,00 1,00 252267 2
302 360,08 360,08 388,06 1,00 1,00 252574 2
303 360,08 360,08 388,25 1,00 1,00 252830 2
304 360,08 360,08 383,75 1,00 1,00 253107 2
305 360,08 360,08 385,86 1,00 1,00 253377 2
306 360,08 360,08 386,41 1,00 1,00 253614 2
307 360,08 360,08 386,65 1,00 1,00 253802 2
308 360,08 360,08 390,11 1,00 1,00 254049 2
309 360,08 360,08 387,65 1,00 1,00 254401 2
310 360,08 360,08 388,98 1,00 1,00 254778 2
311 360,08 360,08 389,78 1,00 1,00 255271 2
312 360,08 360,08 388,70 1,00 1,00 255757 2
313 360,08 360,08 388,75 1,00 1,00 256168 2
314 360,08 360,08 388,80 1,00 1,00 256672 2
315 360,08 360,08 386,72 1,00 1,00 257185 2
316 360,08 360,08 389,23 1,00 1,00 257712 2
317 360,08 360,08 387,64 1,00 1,00 258122 2
318 360,08 360,08 387,33 1,00 1,00 258667 2
319 360,08 360,08 387,60 1,00 1,00 259142 2
320 360,08 360,08 386,59 1,00 1,00 259646 2
321 360,08 360,08 388,72 1,00 1,00 260162 2
322 360,08 360,08 387,33 1,00 1,00 260676 2
323 360,08 360,08 388,63 1,00 1,00 261138 2
324 360,08 360,08 388,99 1,00 1,00 261651 2
325 360,08 360,08 387,95 1,00 1,00 262097 2
326 360,08 360,08 386,77 1,00 1,00 262489 2
327 360,08 360,08 387,43 1,00 1,00 262843 2
328 360,08 360,08 388,22 1,00 1,00 263159 2
329 360,08 360,08 388,35 1,00 1,00 263421 2
330 360,08 360,08 388,77 1,00 1,00 263619 2
331 360,08 360,08 388,77 1,00 1,00 263843 2
332 360,08 360,08 389,12 1,00 1,00 264118 2
333 360,08 360,08 389,04 1,00 1,00 264399 2
334 360,08 360,08 389,33 1,00 1,00 264633 2
335 360,08 360,08 389,32 1,00 1,00 264897 2
336 360,08 360,08 389,18 1,00 1,00 265071 2
337 360,08 360,08 388,99 1,00 1,00 265325 2
338 360,08 360,08 389,31 1,00 1,00 265624 2
339 360,08 360,08 389,35 1,00 1,00 265881 2
340 360,08 360,08 389,04 1,00 1,00 266159 2
341 360,08 360,08 389,06 1,00 1,00 266407 2
342 360,08 360,08 389,23 1,00 1,00 266608 2
343 360,08 360,08 389,06 1,00 1,00 266826 2
344 360,08 360,08 388,99 1,00 1,00 267021 2
345 360,08 360,08 388,95 1,00 1,00 267267 2
346 360,08 360,08 389,01 1,00 1,00 267522 2
347 360,08 360,08 388,95 1,00 1,00 267800 2
348 360,08 360,08 388,96 1,00 1,00 267983 2
349 360,08 360,08 389,08 1,00 1,00 268149 2
350 360,08 360,08 388,79 1,00 1,00 268298 2
351 360,08 360,08 389,11 1,00 1,00 268420 2
352 360,08 360,08 388,95 1,00 1,00 268528 2
353 360,08 360,08 388,92 1,00 1,00 268604 2
354 360,08 360,08 388,77 1,00 1,00 268675 2
355 360,08 360,08 388,74 1,00 1,00 268771 2
356 360,08 360,08 388,56 1,00 1,00 268866 2
357 360,08 360,08 388,43 1,00 1,00 268992 2
358 360,08 360,08 388,64 1,00 1,00 269085 2
359 360,08 360,08 388,55 1,00 1,00 269183 2
360 360,08 360,08 388,52 1,00 1,00 269292 2
361 360,08 360,08 388,73 1,00 1,00 269492 2
362 360,08 360,08 388,57 1,00 1,00 269676 2
363 360,08 360,08 388,67 1,00 1,00 269862 2
364 360,08 360,08 388,71 1,00 1,00 270024 2
365 360,08 360,08 388,38 1,00 1,00 270194 2
366 360,08 360,08 388,65 1,00 1,00 270340 2
367 360,08 360,08 388,46 1,00 1,00 270507 2
368 360,08 360,08 388,65 1,00 1,00 270654 2
369 360,08 360,08 388,71 1,00 1,00 270777 2
370 360,08 360,08 388,68 1,00 1,00 270904 2
371 360,08 360,08 388,65 1,00 1,00 271036 2
372 360,08 360,08 388,55 1,00 1,00 271172 2
373 360,08 360,08 388,69 1,00 1,00 271283 2
374 360,08 360,08 388,71 1,00 1,00 271382 2
375 360,08 360,08 388,69 1,00 1,00 271457 2
376 360,08 360,08 388,67 1,00 1,00 271539 2
377 360,08 360,08 388,62 1,00 1,00 271646 2
378 360,08 360,08 388,70 1,00 1,00 271773 2
379 360,08 360,08 388,74 1,00 1,00 271893 2
380 360,08 360,08 388,64 1,00 1,00 272037 2
381 360,08 360,08 388,65 1,00 1,00 272202 2
382 360,08 360,08 388,60 1,00 1,00 272338 2
383 360,08 360,08 388,60 1,00 1,00 272459 2
384 360,08 360,08 388,58 1,00 1,00 272592 2
385 360,08 360,08 388,60 1,00 1,00 272715 2
386 360,08 360,08 388,65 1,00 1,00 272819 2
387 360,08 360,08 388,71 1,00 1,00 272909 2
388 360,08 360,08 388,70 1,00 1,00 272984 2
389 360,08 360,08 388,69 1,00 1,00 273060 2
390 360,08 360,08 388,69 1,00 1,00 273130 2
391 360,08 360,08 388,69 1,00 1,00 273200 2
392 360,08 360,08 388,70 1,00 1,00 273255 2
393 360,08 360,08 388,68 1,00 1,00 273325 2
394 360,08 360,08 388,70 1,00 1,00 273396 2
395 360,08 360,08 388,71 1,00 1,00 273468 2
396 360,08 360,08 388,70 1,00 1,00 273534 2
397 360,08 360,08 388,70 1,00 1,00 273607 2
398 360,08 360,08 388,70 1,00 1,00 273669 2
399 360,08 360,08 388,69 1,00 1,00 273741 2
400 360,08 360,08 388,70 1,00 1,00 273814 2
401 360,08 360,08 388,70 1,00 1,00 273888 2
402 360,08 360,08 388,69 1,00 1,00 273977 2
403 360,08 360,08 388,69 1,00 1,00 274059 2
404 360,08 360,08 388,69 1,00 1,00 274169 2
405 360,08 360,08 388,69 1,00 1,00 274272 2
406 360,08 360,08 388,66 1,00 1,00 274391 2
407 360,08 360,08 388,65 1,00 1,00 274514 2
408 360,08 360,08 388,69 1,00 1,00 274605 2
409 360,08 360,08 388,67 1,00 1,00 274690 2
410 360,08 360,08 388,66 1,00 1,00 274777 2
411 360,08 360,08 388,67 1,00 1,00 274881 2
412 360,08 360,08 388,70 1,00 1,00 274988 2
413 360,08 360,08 388,67 1,00 1,00 275096 2
414 360,08 360,08 388,66 1,00 1,00 275203 2
415 360,08 360,08 388,64 1,00 1,00 275294 2
416 360,08 360,08 388,64 1,00 1,00 275366 2
417 360,08 360,08 388,61 1,00 1,00 275439 2
418 360,08 360,08 388,62 1,00 1,00 275506 2
419 360,08 360,08 388,62 1,00 1,00 275568 2
420 360,08 360,08 388,60 1,00 1,00 275608 2
421 360,08 360,08 388,59 1,00 1,00 275655 2
422 360,08 360,08 388,59 1,00 1,00 275694 2
423 360,08 360,08 388,61 1,00 1,00 275738 2
424 360,08 360,08 388,65 1,00 1,00 275786 2
425 360,08 360,08 388,66 1,00 1,00 275834 2
426 360,08 360,08 388,69 1,00 1,00 275905 2
427 360,08 360,08 388,65 1,00 1,00 275978 2
428 360,08 360,08 388,66 1,00 1,00 276040 2
429 360,08 360,08 388,67 1,00 1,00 276089 2
430 360,08 360,08 388,68 1,00 1,00 276136 2
431 360,08 360,08 388,67 1,00 1,00 276202 2
432 360,08 360,08 388,67 1,00 1,00 276263 2
433 360,08 360,08 388,66 1,00 1,00 276339 2
434 360,08 360,08 388,66 1,00 1,00 276430 2
435 360,08 360,08 388,64 1,00 1,00 276471 2
436 360,08 360,08 388,68 1,00 1,00 276551 2
437 360,08 360,08 388,66 1,00 1,00 276623 2
438 360,08 360,08 388,68 1,00 1,00 276703 2
439 360,08 360,08 388,67 1,00 1,00 276776 2
440 360,08 360,08 388,68 1,00 1,00 276831 2
441 360,08 360,08 388,69 1,00 1,00 276912 2
442 360,08 360,08 388,69 1,00 1,00 276981 2
443 360,08 360,08 388,68 1,00 1,00 277029 2
444 360,08 360,08 388,70 1,00 1,00 277094 2
445 360,08 360,08 388,69 1,00 1,00 277155 2
446 360,08 360,08 388,70 1,00 1,00 277209 2
447 360,08 360,08 388,69 1,00 1,00 277276 2
448 360,08 360,08 388,69 1,00 1,00 277346 2
449 360,08 360,08 388,69 1,00 1,00 277419 2
450 360,08 360,08 388,68 1,00 1,00 277480 2
451 360,08 360,08 388,69 1,00 1,00 277546 2
452 360,08 360,08 388,69 1,00 1,00 277633 2
453 360,08 360,08 388,68 1,00 1,00 277699 2
454 360,08 360,08 388,69 1,00 1,00 277753 2
455 360,08 360,08 388,69 1,00 1,00 277794 2
456 360,08 360,08 388,69 1,00 1,00 277831 2
457 360,08 360,08 388,69 1,00 1,00 277866 2
458 360,08 360,08 388,69 1,00 1,00 277907 2
459 360,08 360,08 388,69 1,00 1,00 277956 2
460 360,08 360,08 388,70 1,00 1,00 278010 2
461 360,08 360,08 388,70 1,00 1,00 278052 2
462 360,08 360,08 388,70 1,00 1,00 278092 2
463 360,08 360,08 388,70 1,00 1,00 278136 2
464 360,08 360,08 388,69 1,00 1,00 278171 2
465 360,08 360,08 388,69 1,00 1,00 278215 2
466 360,08 360,08 388,69 1,00 1,00 278256 2
467 360,08 360,08 388,69 1,00 1,00 278310 2
468 360,08 360,08 388,70 1,00 1,00 278372 2
469 360,08 360,08 388,69 1,00 1,00 278422 2
470 360,08 360,08 388,68 1,00 1,00 278480 2
471 360,08 360,08 388,68 1,00 1,00 278532 2
472 360,08 360,08 388,68 1,00 1,00 278583 2
473 360,08 360,08 388,68 1,00 1,00 278628 2
474 360,08 360,08 388,69 1,00 1,00 278661 2
475 360,08 360,08 388,68 1,00 1,00 278697 2
476 360,08 360,08 388,68 1,00 1,00 278747 2
477 360,08 360,08 388,69 1,00 1,00 278809 2
478 360,08 360,08 388,69 1,00 1,00 278860 2
479 360,08 360,08 388,68 1,00 1,00 278924 2
480 360,08 360,08 388,68 1,00 1,00 278971 2
481 360,08 360,08 388,68 1,00 1,00 279018 2
482 360,08 360,08 388,68 1,00 1,00 279043 2
483 360,08 360,08 388,69 1,00 1,00 279071 2
484 360,08 360,08 388,69 1,00 1,00 279098 2
485 360,08 360,08 388,69 1,00 1,00 279123 2
486 360,08 360,08 388,70 1,00 1,00 279191 2
487 360,08 360,08 388,69 1,00 1,00 279255 2
488 360,08 360,08 388,70 1,00 1,00 279281 2
489 360,08 360,08 388,71 1,00 1,00 279305 2
490 360,08 360,08 388,70 1,00 1,00 279344 2
491 360,08 360,08 388,70 1,00 1,00 279378 2
492 360,08 360,08 388,70 1,00 1,00 279421 2
493 360,08 360,08 388,70 1,00 1,00 279458 2
494 360,08 360,08 388,70 1,00 1,00 279509 2
495 360,08 360,08 388,71 1,00 1,00 279558 2
496 360,08 360,08 388,70 1,00 1,00 279608 2
497 360,08 360,08 388,69 1,00 1,00 279665 2
498 360,08 360,08 388,69 1,00 1,00 279720 2
499 360,08 360,08 388,69 1,00 1,00 279792 2
