1000
0 378,91 378,91 378,91 1,00 41,00 0
1 378,91 378,91 378,91 1,00 58,00 1235
2 378,91 378,91 280,55 1,00 75,00 1774
3 378,91 378,91 293,13 1,00 92,00 1865
4 378,91 378,91 296,25 1,00 109,00 1875
5 378,91 378,91 297,76 1,00 126,00 1879
6 378,91 2,65 2,10 1,00 143,00 1881
7 378,91 2,65 2,11 1,00 160,00 1881
8 378,91 2,65 2,11 1,00 177,00 1881
9 378,91 2,65 2,11 1,00 194,00 1881
10 378,91 2,65 2,11 1,00 211,00 1881
11 378,91 2,65 2,11 1,00 228,00 1881
12 378,91 1,55 1,23 1,00 245,00 1881
13 378,91 1,45 1,15 1,00 262,00 1881
14 378,91 1,45 1,15 1,00 279,00 1881
15 378,91 1,45 1,15 1,00 296,00 1881
16 378,91 1,45 1,15 1,00 313,00 1881
17 378,91 1,45 1,15 1,00 330,00 1881
18 378,91 1,45 1,15 1,00 347,00 1881
19 378,91 1,45 1,15 1,00 364,00 1881
20 378,91 1,45 1,15 1,00 381,00 1881
21 378,91 1,45 1,15 1,00 398,00 1881
22 378,91 1,45 1,15 1,00 415,00 1881
23 378,91 1,45 1,15 1,00 432,00 1881
24 378,91 1,45 1,15 1,00 449,00 1881
25 378,91 1,45 1,15 1,00 466,00 1881
26 378,91 1,45 1,15 1,00 483,00 1881
27 378,91 1,45 1,15 1,00 500,00 1881
28 378,91 1,45 1,15 1,00 517,00 1881
29 378,91 1,45 1,15 1,00 534,00 1881
30 378,91 0,69 0,55 99,00 551,00 1881
31 378,91 68,20 54,32 99,00 567,00 2704
32 378,91 66,28 58,60 99,00 583,00 3431
33 378,91 66,28 60,67 99,00 600,00 3821
34 378,91 66,28 66,95 99,00 617,00 4072
35 378,91 66,28 71,19 99,00 634,00 4286
36 378,91 66,28 69,21 99,00 651,00 4405
37 378,91 66,28 68,80 99,00 668,00 4558
38 378,91 66,28 70,96 99,00 685,00 4625
39 378,91 66,28 70,20 99,00 702,00 4666
40 378,91 66,28 69,99 99,00 719,00 4711
41 378,91 66,28 70,89 99,00 736,00 4762
42 378,91 66,28 71,84 99,00 753,00 4795
43 378,91 66,28 70,11 99,00 770,00 4831
44 378,91 66,28 71,77 99,00 787,00 4863
45 378,91 66,28 71,79 99,00 804,00 4893
46 378,91 66,28 71,79 99,00 821,00 4918
47 378,91 66,28 71,79 99,00 838,00 4938
48 378,91 66,28 71,79 99,00 855,00 4953
49 378,91 66,28 71,79 99,00 872,00 4969
50 378,91 42,20 45,70 99,00 889,00 4978
51 378,91 42,20 45,70 99,00 906,00 4991
52 378,91 42,20 45,70 99,00 923,00 5006
53 378,91 42,20 45,70 99,00 940,00 5016
54 378,91 42,20 45,70 99,00 957,00 5027
55 378,91 42,20 45,70 99,00 974,00 5033
56 378,91 42,20 45,70 99,00 991,00 5043
57 378,91 42,20 45,70 99,00 1.008,00 5047
58 378,91 42,20 45,70 99,00 1.025,00 5055
59 378,91 42,20 45,70 99,00 1.042,00 5061
60 378,91 35,42 38,36 3,00 1.059,00 5068
61 378,91 35,42 38,36 3,00 1.076,00 5076
62 378,91 35,42 38,36 3,00 1.093,00 5097
63 378,91 35,42 38,37 3,00 1.110,00 5110
64 378,91 35,42 38,37 3,00 1.127,00 5114
65 378,91 35,42 38,37 3,00 1.144,00 5115
66 378,91 35,42 38,36 3,00 1.161,00 5118
67 378,91 35,42 38,36 3,00 1.178,00 5123
68 378,91 35,42 38,37 3,00 1.195,00 5124
69 378,91 35,42 38,37 3,00 1.212,00 5125
70 378,91 35,42 38,37 3,00 1.229,00 5125
71 378,91 35,42 38,37 3,00 1.246,00 5125
72 378,91 35,42 38,37 3,00 1.263,00 5125
73 378,91 35,42 38,37 3,00 1.280,00 5125
74 378,91 35,42 38,37 3,00 1.297,00 5126
75 378,91 35,42 38,37 3,00 1.314,00 5126
76 378,91 0,85 0,93 3,00 1.331,00 5126
77 378,91 0,85 0,93 3,00 1.348,00 5126
78 378,91 0,85 0,93 3,00 1.365,00 5127
79 378,91 0,85 0,93 3,00 1.382,00 5128
80 378,91 0,85 0,93 3,00 1.399,00 5128
81 378,91 0,85 0,93 3,00 1.416,00 5128
82 378,91 0,85 0,93 3,00 1.433,00 5128
83 378,91 0,85 0,93 3,00 1.450,00 5128
84 378,91 0,85 0,93 3,00 1.467,00 5128
85 378,91 0,85 0,93 3,00 1.484,00 5128
86 378,91 0,76 0,82 3,00 1.501,00 5128
87 378,91 0,76 0,82 3,00 1.518,00 5128
88 378,91 0,76 0,82 3,00 1.535,00 5129
89 378,91 0,73 0,79 3,00 1.552,00 5133
90 378,91 0,73 0,79 101,00 1.569,00 5133
91 378,91 0,73 0,79 101,00 1.586,00 5240
92 378,91 0,73 0,79 101,00 1.603,00 5280
93 378,91 0,73 0,79 101,00 1.620,00 5298
94 378,91 0,73 0,79 101,00 1.637,00 5308
95 378,91 0,73 0,79 101,00 1.654,00 5318
96 378,91 22,90 24,81 101,00 1.671,00 5327
97 378,91 22,90 24,81 101,00 1.688,00 5336
98 378,91 22,45 24,31 101,00 1.705,00 5340
99 378,91 22,45 24,31 101,00 1.722,00 5347
100 378,91 22,45 24,31 101,00 1.739,00 5351
101 378,91 22,45 24,31 101,00 1.756,00 5353
102 378,91 22,45 24,31 101,00 1.773,00 5354
103 378,91 22,45 24,31 101,00 1.790,00 5357
104 378,91 22,45 24,31 101,00 1.807,00 5357
105 378,91 20,98 22,72 101,00 1.824,00 5357
106 378,91 20,98 22,72 101,00 1.841,00 5357
107 378,91 20,98 22,72 101,00 1.858,00 5357
108 378,91 20,98 22,72 101,00 1.875,00 5357
109 378,91 20,98 22,72 101,00 1.892,00 5359
110 378,91 20,05 21,71 101,00 1.909,00 5359
111 378,91 20,05 21,71 101,00 1.926,00 5360
112 378,91 20,05 21,71 101,00 1.943,00 5362
113 378,91 20,05 21,71 101,00 1.960,00 5364
114 378,91 20,05 21,71 101,00 1.977,00 5366
115 378,91 19,19 20,79 101,00 1.994,00 5366
116 378,91 19,19 20,79 101,00 2.011,00 5366
117 378,91 19,19 20,79 101,00 2.028,00 5366
118 378,91 19,19 20,79 101,00 2.045,00 5367
119 378,91 19,19 20,79 101,00 2.062,00 5368
120 378,91 19,19 20,79 11,00 2.079,00 5368
121 378,91 19,19 20,79 11,00 2.096,00 5378
122 378,91 19,19 20,79 11,00 2.113,00 5387
123 378,91 19,19 20,79 11,00 2.130,00 5391
124 378,91 19,19 20,79 11,00 2.147,00 5392
125 378,91 19,19 20,79 11,00 2.164,00 5392
126 378,91 19,19 20,79 11,00 2.181,00 5392
127 378,91 19,19 20,79 11,00 2.198,00 5392
128 378,91 19,19 20,79 11,00 2.215,00 5392
129 378,91 19,19 20,79 11,00 2.232,00 5392
130 378,91 19,19 20,79 11,00 2.249,00 5392
131 378,91 19,19 20,79 11,00 2.266,00 5392
132 378,91 19,19 20,79 11,00 2.283,00 5392
133 378,91 19,19 20,79 11,00 2.300,00 5392
134 378,91 19,19 20,79 11,00 2.317,00 5392
135 378,91 19,19 20,79 11,00 2.334,00 5392
136 378,91 19,19 20,79 11,00 2.351,00 5392
137 378,91 19,19 20,79 11,00 2.368,00 5392
138 378,91 19,19 20,79 11,00 2.385,00 5392
139 378,91 19,19 20,79 11,00 2.402,00 5392
140 378,91 19,19 20,79 11,00 2.419,00 5397
141 378,91 19,19 20,79 11,00 2.436,00 5398
142 378,91 1,70 1,84 11,00 2.453,00 5398
143 378,91 1,70 1,84 11,00 2.470,00 5398
144 378,91 1,70 1,84 11,00 2.487,00 5398
145 378,91 1,70 1,84 11,00 2.504,00 5398
146 378,91 1,70 1,84 11,00 2.521,00 5398
147 378,91 1,70 1,84 11,00 2.538,00 5398
148 378,91 1,70 1,84 11,00 2.555,00 5398
149 378,91 1,70 1,84 11,00 2.572,00 5398
150 378,91 1,70 1,84 97,00 2.589,00 5398
151 378,91 1,70 1,84 97,00 2.606,00 5443
152 378,91 14,01 15,18 97,00 2.623,00 5461
153 378,91 14,01 15,18 97,00 2.640,00 5469
154 378,91 13,83 14,98 97,00 2.657,00 5476
155 378,91 13,83 14,98 97,00 2.674,00 5480
156 378,91 13,83 14,98 97,00 2.691,00 5482
157 378,91 13,83 14,98 97,00 2.708,00 5482
158 378,91 13,83 14,98 97,00 2.725,00 5492
159 378,91 13,83 14,98 97,00 2.742,00 5501
160 378,91 13,83 14,98 97,00 2.759,00 5510
161 378,91 13,83 14,98 97,00 2.776,00 5520
162 378,91 13,83 14,98 97,00 2.793,00 5532
163 378,91 13,83 14,98 97,00 2.810,00 5544
164 378,91 13,83 14,98 97,00 2.827,00 5553
165 378,91 13,83 14,98 97,00 2.844,00 5560
166 378,91 13,83 14,98 97,00 2.861,00 5566
167 378,91 13,83 14,98 97,00 2.878,00 5570
168 378,91 13,83 14,98 97,00 2.895,00 5573
169 378,91 13,83 14,98 97,00 2.912,00 5575
170 378,91 12,55 13,59 97,00 2.929,00 5576
171 378,91 12,55 13,59 97,00 2.946,00 5577
172 378,91 12,55 13,59 97,00 2.963,00 5578
173 378,91 12,33 13,36 97,00 2.980,00 5579
174 378,91 12,33 13,36 97,00 2.997,00 5580
175 378,91 12,19 13,21 97,00 3.014,00 5582
176 378,91 12,19 13,21 97,00 3.031,00 5583
177 378,91 12,19 13,21 97,00 3.048,00 5584
178 378,91 12,19 13,21 97,00 3.065,00 5587
179 378,91 12,19 13,21 97,00 3.082,00 5589
180 378,91 12,19 13,21 15,00 3.099,00 5591
181 378,91 12,19 13,21 15,00 3.116,00 5600
182 378,91 12,19 13,21 15,00 3.133,00 5601
183 378,91 1,80 1,95 15,00 3.150,00 5602
184 378,91 1,79 1,94 15,00 3.167,00 5602
185 378,91 1,79 1,94 15,00 3.184,00 5602
186 378,91 1,79 1,94 15,00 3.201,00 5602
187 378,91 1,79 1,94 15,00 3.218,00 5602
188 378,91 1,79 1,94 15,00 3.235,00 5602
189 378,91 1,79 1,94 15,00 3.252,00 5602
190 378,91 1,79 1,94 15,00 3.269,00 5602
191 378,91 1,79 1,94 15,00 3.286,00 5604
192 378,91 1,79 1,94 15,00 3.303,00 5606
193 378,91 1,79 1,94 15,00 3.320,00 5607
194 378,91 1,79 1,94 15,00 3.337,00 5611
195 378,91 1,79 1,94 15,00 3.354,00 5613
196 378,91 1,79 1,94 15,00 3.371,00 5613
197 378,91 1,79 1,94 15,00 3.388,00 5613
198 378,91 1,79 1,94 15,00 3.405,00 5613
199 378,91 1,66 1,80 15,00 3.422,00 5613
200 378,91 1,66 1,80 15,00 3.439,00 5613
201 378,91 1,64 1,78 15,00 3.456,00 5613
202 378,91 1,64 1,77 15,00 3.473,00 5613
203 378,91 1,63 1,76 15,00 3.490,00 5613
204 378,91 1,63 1,76 15,00 3.507,00 5613
205 378,91 1,63 1,76 15,00 3.524,00 5613
206 378,91 1,63 1,76 15,00 3.541,00 5613
207 378,91 1,63 1,76 15,00 3.558,00 5613
208 378,91 1,63 1,76 15,00 3.575,00 5614
209 378,91 1,63 1,76 15,00 3.592,00 5616
210 378,91 1,63 1,76 81,00 3.609,00 5616
211 378,91 1,63 1,76 81,00 3.626,00 5655
212 378,91 1,63 1,76 81,00 3.643,00 5665
213 378,91 1,63 1,76 81,00 3.660,00 5671
214 378,91 1,63 1,76 81,00 3.677,00 5671
215 378,91 1,63 1,76 81,00 3.694,00 5671
216 378,91 1,63 1,76 81,00 3.711,00 5671
217 378,91 1,63 1,76 81,00 3.728,00 5671
218 378,91 1,63 1,76 81,00 3.745,00 5671
219 378,91 1,63 1,76 81,00 3.762,00 5671
220 378,91 8,12 8,80 81,00 3.779,00 5671
221 378,91 8,12 8,80 81,00 3.796,00 5671
222 378,91 8,12 8,80 81,00 3.813,00 5671
223 378,91 8,12 8,80 81,00 3.830,00 5671
224 378,91 8,12 8,80 81,00 3.847,00 5671
225 378,91 8,12 8,80 81,00 3.864,00 5671
226 378,91 7,91 8,57 81,00 3.881,00 5671
227 378,91 7,91 8,57 81,00 3.898,00 5671
228 378,91 7,91 8,57 81,00 3.915,00 5671
229 378,91 7,91 8,57 81,00 3.932,00 5671
230 378,91 7,91 8,57 81,00 3.949,00 5671
231 378,91 7,91 8,57 81,00 3.966,00 5671
232 378,91 7,91 8,57 81,00 3.983,00 5671
233 378,91 7,91 8,57 81,00 4.000,00 5671
234 378,91 7,91 8,57 81,00 4.017,00 5671
235 378,91 7,91 8,57 81,00 4.034,00 5671
236 378,91 7,91 8,57 81,00 4.051,00 5671
237 378,91 7,91 8,57 81,00 4.068,00 5671
238 378,91 7,91 8,57 81,00 4.085,00 5671
239 378,91 7,91 8,57 81,00 4.102,00 5671
240 378,91 7,91 8,57 18,00 4.119,00 5671
241 378,91 7,91 8,57 18,00 4.136,00 5686
242 378,91 1,64 1,78 18,00 4.153,00 5686
243 378,91 1,64 1,78 18,00 4.170,00 5687
244 378,91 1,64 1,78 18,00 4.187,00 5688
245 378,91 1,64 1,78 18,00 4.204,00 5688
246 378,91 1,64 1,78 18,00 4.221,00 5688
247 378,91 1,61 1,74 18,00 4.238,00 5688
248 378,91 1,61 1,74 18,00 4.255,00 5688
249 378,91 1,61 1,74 18,00 4.272,00 5691
250 378,91 1,61 1,74 18,00 4.289,00 5693
251 378,91 1,61 1,74 18,00 4.306,00 5693
252 378,91 1,61 1,74 18,00 4.323,00 5693
253 378,91 1,61 1,74 18,00 4.340,00 5694
254 378,91 1,57 1,70 18,00 4.357,00 5694
255 378,91 1,56 1,69 18,00 4.374,00 5694
256 378,91 1,55 1,68 18,00 4.391,00 5694
257 378,91 1,55 1,68 18,00 4.408,00 5694
258 378,91 1,55 1,68 18,00 4.425,00 5694
259 378,91 1,55 1,68 18,00 4.442,00 5694
260 378,91 1,55 1,68 18,00 4.459,00 5694
261 378,91 1,55 1,68 18,00 4.476,00 5694
262 378,91 1,55 1,68 18,00 4.493,00 5694
263 378,91 1,55 1,68 18,00 4.510,00 5694
264 378,91 1,55 1,68 18,00 4.527,00 5694
265 378,91 1,55 1,68 18,00 4.544,00 5694
266 378,91 1,55 1,68 18,00 4.561,00 5694
267 378,91 1,55 1,68 18,00 4.578,00 5694
268 378,91 1,55 1,68 18,00 4.595,00 5694
269 378,91 1,55 1,68 18,00 4.612,00 5694
270 378,91 1,55 1,68 94,00 4.629,00 5694
271 378,91 1,55 1,68 94,00 4.646,00 5724
272 378,91 1,55 1,68 94,00 4.663,00 5736
273 378,91 1,55 1,68 94,00 4.680,00 5742
274 378,91 1,55 1,68 94,00 4.697,00 5742
275 378,91 1,55 1,68 94,00 4.714,00 5742
276 378,91 1,55 1,68 94,00 4.731,00 5742
277 378,91 1,55 1,68 94,00 4.748,00 5742
278 378,91 1,55 1,68 94,00 4.765,00 5742
279 378,91 1,55 1,68 94,00 4.782,00 5742
280 378,91 1,55 1,68 94,00 4.799,00 5742
281 378,91 1,55 1,68 94,00 4.816,00 5742
282 378,91 1,55 1,68 94,00 4.833,00 5742
283 378,91 1,55 1,68 94,00 4.850,00 5742
284 378,91 1,55 1,68 94,00 4.867,00 5742
285 378,91 1,55 1,68 94,00 4.884,00 5742
286 378,91 7,27 7,87 94,00 4.901,00 5742
287 378,91 7,27 7,87 94,00 4.918,00 5742
288 378,91 7,27 7,87 94,00 4.935,00 5742
289 378,91 7,27 7,87 94,00 4.952,00 5742
290 378,91 7,27 7,87 94,00 4.969,00 5742
291 378,91 7,27 7,87 94,00 4.986,00 5742
292 378,91 7,27 7,87 94,00 5.003,00 5742
293 378,91 7,27 7,87 94,00 5.020,00 5742
294 378,91 7,27 7,87 94,00 5.037,00 5742
295 378,91 7,27 7,87 94,00 5.054,00 5742
296 378,91 7,27 7,87 94,00 5.071,00 5742
297 378,91 7,27 7,87 94,00 5.088,00 5742
298 378,91 7,27 7,87 94,00 5.105,00 5742
299 378,91 7,27 7,87 94,00 5.122,00 5742
300 378,91 7,27 7,87 26,00 5.139,00 5742
301 378,91 1,91 2,07 26,00 5.156,00 5752
302 378,91 1,91 2,07 26,00 5.173,00 5752
303 378,91 1,90 2,06 26,00 5.190,00 5752
304 378,91 1,90 2,06 26,00 5.207,00 5752
305 378,91 1,90 2,06 26,00 5.224,00 5752
306 378,91 1,90 2,06 26,00 5.241,00 5762
307 378,91 1,90 2,06 26,00 5.258,00 5773
308 378,91 1,87 2,02 26,00 5.275,00 5778
309 378,91 1,87 2,02 26,00 5.292,00 5780
310 378,91 1,87 2,02 26,00 5.309,00 5780
311 378,91 1,87 2,02 26,00 5.326,00 5780
312 378,91 1,87 2,02 26,00 5.343,00 5780
313 378,91 1,87 2,02 26,00 5.360,00 5782
314 378,91 1,87 2,02 26,00 5.377,00 5783
315 378,91 1,87 2,02 26,00 5.394,00 5783
316 378,91 1,87 2,02 26,00 5.411,00 5783
317 378,91 1,87 2,02 26,00 5.428,00 5783
318 378,91 1,81 1,96 26,00 5.445,00 5783
319 378,91 1,81 1,96 26,00 5.462,00 5783
320 378,91 1,81 1,96 26,00 5.479,00 5783
321 378,91 1,81 1,96 26,00 5.496,00 5783
322 378,91 1,81 1,96 26,00 5.513,00 5783
323 378,91 1,81 1,96 26,00 5.530,00 5783
324 378,91 1,81 1,96 26,00 5.547,00 5783
325 378,91 1,81 1,96 26,00 5.564,00 5783
326 378,91 1,81 1,96 26,00 5.581,00 5783
327 378,91 1,81 1,96 26,00 5.598,00 5783
328 378,91 1,81 1,96 26,00 5.615,00 5783
329 378,91 1,81 1,96 26,00 5.632,00 5783
330 378,91 1,81 1,96 82,00 5.649,00 5783
331 378,91 1,81 1,96 82,00 5.666,00 5809
332 378,91 1,81 1,96 82,00 5.683,00 5815
333 378,91 1,81 1,96 82,00 5.700,00 5818
334 378,91 1,81 1,96 82,00 5.717,00 5819
335 378,91 1,81 1,96 82,00 5.734,00 5820
336 378,91 1,81 1,96 82,00 5.751,00 5820
337 378,91 5,39 5,83 82,00 5.768,00 5820
338 378,91 5,39 5,83 82,00 5.785,00 5820
339 378,91 5,39 5,83 82,00 5.802,00 5820
340 378,91 5,39 5,83 82,00 5.819,00 5820
341 378,91 5,39 5,83 82,00 5.836,00 5820
342 378,91 5,39 5,83 82,00 5.853,00 5820
343 378,91 5,39 5,83 82,00 5.870,00 5820
344 378,91 5,28 5,72 82,00 5.887,00 5820
345 378,91 5,28 5,72 82,00 5.904,00 5820
346 378,91 5,28 5,72 82,00 5.921,00 5820
347 378,91 5,28 5,72 82,00 5.938,00 5820
348 378,91 5,28 5,72 82,00 5.955,00 5820
349 378,91 5,28 5,72 82,00 5.972,00 5820
350 378,91 5,28 5,72 82,00 5.989,00 5820
351 378,91 5,28 5,72 82,00 6.006,00 5820
352 378,91 5,28 5,72 82,00 6.023,00 5820
353 378,91 5,28 5,72 82,00 6.040,00 5820
354 378,91 5,28 5,72 82,00 6.057,00 5820
355 378,91 5,28 5,72 82,00 6.074,00 5820
356 378,91 5,28 5,72 82,00 6.091,00 5820
357 378,91 5,28 5,72 82,00 6.108,00 5820
358 378,91 5,28 5,72 82,00 6.125,00 5820
359 378,91 5,28 5,72 82,00 6.142,00 5820
360 378,91 5,04 5,46 20,00 6.159,00 5820
361 378,91 5,04 5,46 20,00 6.176,00 5827
362 378,91 5,04 5,46 20,00 6.193,00 5827
363 378,91 5,04 5,46 20,00 6.210,00 5827
364 378,91 5,04 5,46 20,00 6.227,00 5827
365 378,91 5,04 5,46 20,00 6.244,00 5827
366 378,91 5,04 5,46 20,00 6.261,00 5827
367 378,91 5,04 5,46 20,00 6.278,00 5827
368 378,91 5,04 5,46 20,00 6.295,00 5827
369 378,91 5,04 5,46 20,00 6.312,00 5827
370 378,91 5,04 5,46 20,00 6.329,00 5827
371 378,91 5,04 5,46 20,00 6.346,00 5827
372 378,91 1,19 1,29 20,00 6.363,00 5827
373 378,91 1,19 1,29 20,00 6.380,00 5827
374 378,91 1,19 1,29 20,00 6.397,00 5827
375 378,91 1,19 1,29 20,00 6.414,00 5827
376 378,91 1,19 1,29 20,00 6.431,00 5827
377 378,91 1,19 1,29 20,00 6.448,00 5827
378 378,91 1,19 1,29 20,00 6.465,00 5827
379 378,91 1,19 1,29 20,00 6.482,00 5827
380 378,91 1,19 1,29 20,00 6.499,00 5827
381 378,91 1,19 1,29 20,00 6.516,00 5827
382 378,91 1,19 1,29 20,00 6.533,00 5827
383 378,91 1,19 1,29 20,00 6.550,00 5833
384 378,91 1,19 1,29 20,00 6.567,00 5833
385 378,91 1,19 1,29 20,00 6.584,00 5833
386 378,91 1,19 1,29 20,00 6.601,00 5833
387 378,91 1,19 1,29 20,00 6.618,00 5833
388 378,91 1,19 1,29 20,00 6.635,00 5833
389 378,91 1,19 1,29 20,00 6.652,00 5833
390 378,91 1,19 1,29 96,00 6.669,00 5833
391 378,91 5,44 5,89 96,00 6.686,00 5854
392 378,91 5,44 5,89 96,00 6.703,00 5858
393 378,91 5,44 5,89 96,00 6.720,00 5861
394 378,91 5,44 5,89 96,00 6.737,00 5861
395 378,91 5,44 5,89 96,00 6.754,00 5861
396 378,91 5,44 5,89 96,00 6.771,00 5861
397 378,91 5,44 5,89 96,00 6.788,00 5861
398 378,91 5,44 5,89 96,00 6.805,00 5861
399 378,91 5,44 5,89 96,00 6.822,00 5861
400 378,91 5,44 5,89 96,00 6.839,00 5861
401 378,91 5,44 5,89 96,00 6.856,00 5865
402 378,91 5,44 5,89 96,00 6.873,00 5866
403 378,91 5,44 5,89 96,00 6.890,00 5866
404 378,91 5,44 5,89 96,00 6.907,00 5866
405 378,91 5,44 5,89 96,00 6.924,00 5866
406 378,91 5,44 5,89 96,00 6.941,00 5866
407 378,91 5,44 5,89 96,00 6.958,00 5866
408 378,91 5,44 5,89 96,00 6.975,00 5866
409 378,91 5,44 5,89 96,00 6.992,00 5866
410 378,91 5,19 5,62 96,00 7.009,00 5866
411 378,91 5,19 5,62 96,00 7.026,00 5866
412 378,91 5,19 5,62 96,00 7.043,00 5866
413 378,91 5,19 5,62 96,00 7.060,00 5866
414 378,91 5,14 5,57 96,00 7.077,00 5866
415 378,91 5,14 5,57 96,00 7.094,00 5866
416 378,91 5,14 5,57 96,00 7.111,00 5866
417 378,91 5,10 5,53 96,00 7.128,00 5866
418 378,91 5,10 5,53 96,00 7.145,00 5866
419 378,91 5,10 5,53 96,00 7.162,00 5866
420 378,91 5,10 5,53 29,00 7.179,00 5866
421 378,91 5,10 5,53 29,00 7.196,00 5875
422 378,91 5,10 5,53 29,00 7.213,00 5878
423 378,91 5,10 5,53 29,00 7.230,00 5879
424 378,91 5,10 5,53 29,00 7.247,00 5879
425 378,91 5,10 5,53 29,00 7.264,00 5879
426 378,91 5,10 5,53 29,00 7.281,00 5879
427 378,91 5,10 5,53 29,00 7.298,00 5879
428 378,91 5,10 5,53 29,00 7.315,00 5880
429 378,91 5,10 5,53 29,00 7.332,00 5880
430 378,91 1,50 1,62 29,00 7.349,00 5880
431 378,91 1,50 1,62 29,00 7.366,00 5880
432 378,91 1,50 1,62 29,00 7.383,00 5880
433 378,91 1,50 1,62 29,00 7.400,00 5880
434 378,91 1,50 1,62 29,00 7.417,00 5880
435 378,91 1,50 1,62 29,00 7.434,00 5880
436 378,91 1,50 1,62 29,00 7.451,00 5880
437 378,91 1,50 1,62 29,00 7.468,00 5880
438 378,91 1,50 1,62 29,00 7.485,00 5880
439 378,91 1,50 1,62 29,00 7.502,00 5880
440 378,91 1,50 1,62 29,00 7.519,00 5880
441 378,91 1,50 1,62 29,00 7.536,00 5880
442 378,91 1,50 1,62 29,00 7.553,00 5880
443 378,91 1,50 1,62 29,00 7.570,00 5880
444 378,91 1,50 1,62 29,00 7.587,00 5880
445 378,91 1,50 1,62 29,00 7.604,00 5880
446 378,91 1,50 1,62 29,00 7.621,00 5880
447 378,91 1,50 1,62 29,00 7.638,00 5880
448 378,91 1,50 1,62 29,00 7.655,00 5880
449 378,91 1,43 1,55 29,00 7.672,00 5880
450 378,91 1,43 1,55 89,00 7.689,00 5880
451 378,91 1,43 1,55 89,00 7.706,00 5901
452 378,91 1,43 1,55 89,00 7.723,00 5908
453 378,91 1,43 1,55 89,00 7.740,00 5908
454 378,91 1,43 1,55 89,00 7.757,00 5908
455 378,91 1,43 1,55 89,00 7.774,00 5908
456 378,91 1,43 1,55 89,00 7.791,00 5909
457 378,91 1,43 1,55 89,00 7.808,00 5909
458 378,91 1,43 1,55 89,00 7.825,00 5909
459 378,91 1,43 1,55 89,00 7.842,00 5909
460 378,91 1,43 1,55 89,00 7.859,00 5909
461 378,91 1,43 1,55 89,00 7.876,00 5909
462 378,91 1,43 1,55 89,00 7.893,00 5909
463 378,91 1,43 1,55 89,00 7.910,00 5909
464 378,91 1,43 1,55 89,00 7.927,00 5909
465 378,91 1,43 1,55 89,00 7.944,00 5909
466 378,91 1,43 1,55 89,00 7.961,00 5909
467 378,91 1,43 1,55 89,00 7.978,00 5909
468 378,91 1,43 1,55 89,00 7.995,00 5909
469 378,91 1,43 1,55 89,00 8.012,00 5909
470 378,91 1,43 1,55 89,00 8.029,00 5909
471 378,91 4,19 4,54 89,00 8.046,00 5909
472 378,91 4,19 4,54 89,00 8.063,00 5909
473 378,91 4,19 4,54 89,00 8.080,00 5909
474 378,91 4,16 4,51 89,00 8.097,00 5909
475 378,91 4,16 4,51 89,00 8.114,00 5909
476 378,91 4,16 4,51 89,00 8.131,00 5909
477 378,91 4,16 4,51 89,00 8.148,00 5909
478 378,91 4,16 4,51 89,00 8.165,00 5909
479 378,91 4,16 4,51 89,00 8.182,00 5909
480 378,91 4,11 4,45 41,00 8.199,00 5909
481 378,91 4,11 4,45 41,00 8.216,00 5915
482 378,91 4,11 4,45 41,00 8.233,00 5916
483 378,91 4,11 4,45 41,00 8.250,00 5916
484 378,91 4,11 4,45 41,00 8.267,00 5916
485 378,91 4,11 4,45 41,00 8.284,00 5916
486 378,91 4,11 4,45 41,00 8.301,00 5916
487 378,91 4,11 4,45 41,00 8.318,00 5916
488 378,91 4,11 4,45 41,00 8.335,00 5916
489 378,91 4,11 4,45 41,00 8.352,00 5916
490 378,91 4,11 4,45 41,00 8.369,00 5916
491 378,91 4,11 4,45 41,00 8.386,00 5916
492 378,91 4,11 4,45 41,00 8.403,00 5916
493 378,91 4,11 4,45 41,00 8.420,00 5916
494 378,91 4,11 4,45 41,00 8.437,00 5916
495 378,91 4,11 4,45 41,00 8.454,00 5916
496 378,91 4,11 4,45 41,00 8.471,00 5916
497 378,91 4,11 4,45 41,00 8.488,00 5916
498 378,91 4,11 4,45 41,00 8.505,00 5916
499 378,91 1,82 1,97 41,00 8.522,00 5916
500 378,91 1,82 1,97 41,00 8.539,00 5916
501 378,91 1,82 1,97 41,00 8.556,00 5916
502 378,91 1,82 1,97 41,00 8.573,00 5916
503 378,91 1,82 1,97 41,00 8.590,00 5916
504 378,91 1,82 1,97 41,00 8.607,00 5916
505 378,91 1,82 1,97 41,00 8.624,00 5919
506 378,91 1,80 1,95 41,00 8.641,00 5919
507 378,91 1,80 1,95 41,00 8.658,00 5919
508 378,91 1,79 1,94 41,00 8.675,00 5919
509 378,91 1,79 1,94 41,00 8.692,00 5919
510 378,91 1,79 1,94 93,00 8.709,00 5919
511 378,91 1,79 1,94 93,00 8.726,00 5935
512 378,91 1,79 1,94 93,00 8.743,00 5937
513 378,91 1,79 1,94 93,00 8.760,00 5938
514 378,91 4,01 4,35 93,00 8.777,00 5938
515 378,91 4,01 4,35 93,00 8.794,00 5938
516 378,91 4,01 4,35 93,00 8.811,00 5938
517 378,91 4,01 4,35 93,00 8.828,00 5938
518 378,91 4,01 4,35 93,00 8.845,00 5938
519 378,91 4,01 4,35 93,00 8.862,00 5938
520 378,91 4,01 4,35 93,00 8.879,00 5938
521 378,91 4,01 4,35 93,00 8.896,00 5938
522 378,91 4,01 4,35 93,00 8.913,00 5938
523 378,91 4,01 4,35 93,00 8.930,00 5938
524 378,91 4,01 4,35 93,00 8.947,00 5938
525 378,91 4,01 4,35 93,00 8.964,00 5938
526 378,91 4,01 4,35 93,00 8.981,00 5938
527 378,91 4,01 4,35 93,00 8.998,00 5938
528 378,91 4,01 4,35 93,00 9.015,00 5938
529 378,91 4,01 4,35 93,00 9.032,00 5938
530 378,91 4,01 4,35 93,00 9.049,00 5938
531 378,91 4,01 4,35 93,00 9.066,00 5938
532 378,91 4,01 4,35 93,00 9.083,00 5938
533 378,91 4,01 4,35 93,00 9.100,00 5938
534 378,91 4,01 4,35 93,00 9.117,00 5938
535 378,91 3,86 4,18 93,00 9.134,00 5938
536 378,91 3,85 4,17 93,00 9.151,00 5938
537 378,91 3,85 4,17 93,00 9.168,00 5938
538 378,91 3,85 4,17 93,00 9.185,00 5938
539 378,91 3,85 4,17 93,00 9.202,00 5938
540 378,91 3,85 4,17 50,00 9.219,00 5938
541 378,91 3,85 4,17 50,00 9.236,00 5942
542 378,91 3,85 4,17 50,00 9.253,00 5944
543 378,91 3,85 4,17 50,00 9.270,00 5946
544 378,91 3,85 4,17 50,00 9.287,00 5947
545 378,91 3,85 4,17 50,00 9.304,00 5958
546 378,91 3,85 4,17 50,00 9.321,00 5965
547 378,91 3,85 4,17 50,00 9.338,00 5965
548 378,91 3,85 4,17 50,00 9.355,00 5965
549 378,91 3,85 4,17 50,00 9.372,00 5965
550 378,91 3,85 4,17 50,00 9.389,00 5965
551 378,91 3,85 4,17 50,00 9.406,00 5965
552 378,91 3,85 4,17 50,00 9.423,00 5965
553 378,91 3,85 4,17 50,00 9.440,00 5965
554 378,91 3,85 4,17 50,00 9.457,00 5965
555 378,91 3,85 4,17 50,00 9.474,00 5965
556 378,91 3,85 4,17 50,00 9.491,00 5965
557 378,91 3,85 4,17 50,00 9.508,00 5965
558 378,91 3,85 4,17 50,00 9.525,00 5965
559 378,91 3,85 4,17 50,00 9.542,00 5969
560 378,91 3,85 4,17 50,00 9.559,00 5969
561 378,91 3,85 4,17 50,00 9.576,00 5969
562 378,91 3,85 4,17 50,00 9.593,00 5969
563 378,91 3,85 4,17 50,00 9.610,00 5969
564 378,91 1,97 2,13 50,00 9.627,00 5969
565 378,91 1,97 2,13 50,00 9.644,00 5969
566 378,91 1,97 2,13 50,00 9.661,00 5969
567 378,91 1,97 2,13 50,00 9.678,00 5969
568 378,91 1,97 2,13 50,00 9.695,00 5969
569 378,91 1,97 2,13 50,00 9.712,00 5969
570 378,91 1,97 2,13 77,00 9.729,00 5969
571 378,91 1,97 2,13 77,00 9.746,00 5988
572 378,91 1,97 2,13 77,00 9.763,00 5994
573 378,91 1,97 2,13 77,00 9.780,00 5999
574 378,91 2,98 3,23 77,00 9.797,00 6004
575 378,91 2,98 3,23 77,00 9.814,00 6007
576 378,91 2,98 3,23 77,00 9.831,00 6009
577 378,91 2,98 3,23 77,00 9.848,00 6010
578 378,91 2,98 3,23 77,00 9.865,00 6010
579 378,91 2,98 3,23 77,00 9.882,00 6010
580 378,91 2,98 3,23 77,00 9.899,00 6010
581 378,91 2,98 3,23 77,00 9.916,00 6010
582 378,91 2,98 3,23 77,00 9.933,00 6010
583 378,91 2,98 3,23 77,00 9.950,00 6010
584 378,91 2,98 3,23 77,00 9.967,00 6010
585 378,91 2,98 3,23 77,00 9.984,00 6010
586 378,91 2,98 3,23 77,00 10.001,00 6010
587 378,91 2,98 3,23 77,00 10.018,00 6010
588 378,91 2,98 3,23 77,00 10.035,00 6010
589 378,91 2,98 3,23 77,00 10.052,00 6010
590 378,91 2,98 3,23 77,00 10.069,00 6010
591 378,91 2,98 3,23 77,00 10.086,00 6010
592 378,91 2,98 3,23 77,00 10.103,00 6010
593 378,91 2,98 3,23 77,00 10.120,00 6010
594 378,91 2,98 3,23 77,00 10.137,00 6010
595 378,91 2,98 3,23 77,00 10.154,00 6010
596 378,91 2,98 3,23 77,00 10.171,00 6010
597 378,91 2,98 3,23 77,00 10.188,00 6010
598 378,91 2,98 3,23 77,00 10.205,00 6010
599 378,91 2,98 3,23 77,00 10.222,00 6010
600 378,91 2,98 3,23 41,00 10.239,00 6010
601 378,91 2,98 3,23 41,00 10.256,00 6019
602 378,91 2,98 3,23 41,00 10.273,00 6021
603 378,91 2,98 3,23 41,00 10.290,00 6022
604 378,91 2,98 3,23 41,00 10.307,00 6022
605 378,91 2,98 3,23 41,00 10.324,00 6022
606 378,91 2,98 3,23 41,00 10.341,00 6022
607 378,91 2,98 3,23 41,00 10.358,00 6022
608 378,91 1,50 1,62 41,00 10.375,00 6023
609 378,91 1,50 1,62 41,00 10.392,00 6023
610 378,91 1,50 1,62 41,00 10.409,00 6023
611 378,91 1,50 1,62 41,00 10.426,00 6023
612 378,91 1,50 1,62 41,00 10.443,00 6023
613 378,91 1,50 1,62 41,00 10.460,00 6023
614 378,91 1,50 1,62 41,00 10.477,00 6023
615 378,91 1,50 1,62 41,00 10.494,00 6023
616 378,91 1,50 1,62 41,00 10.511,00 6023
617 378,91 1,50 1,62 41,00 10.528,00 6023
618 378,91 1,50 1,62 41,00 10.545,00 6023
619 378,91 1,50 1,62 41,00 10.562,00 6023
620 378,91 1,50 1,62 41,00 10.579,00 6023
621 378,91 1,50 1,62 41,00 10.596,00 6023
622 378,91 1,50 1,62 41,00 10.613,00 6023
623 378,91 1,46 1,58 41,00 10.630,00 6023
624 378,91 1,46 1,58 41,00 10.647,00 6023
625 378,91 1,46 1,58 41,00 10.664,00 6023
626 378,91 1,45 1,58 41,00 10.681,00 6023
627 378,91 1,45 1,58 41,00 10.698,00 6023
628 378,91 1,45 1,57 41,00 10.715,00 6023
629 378,91 1,45 1,57 41,00 10.732,00 6023
630 378,91 1,45 1,57 91,00 10.749,00 6023
631 378,91 1,45 1,57 91,00 10.766,00 6039
632 378,91 1,45 1,57 91,00 10.783,00 6043
633 378,91 1,45 1,57 91,00 10.800,00 6043
634 378,91 1,45 1,57 91,00 10.817,00 6043
635 378,91 1,45 1,57 91,00 10.834,00 6043
636 378,91 1,45 1,57 91,00 10.851,00 6043
637 378,91 1,45 1,57 91,00 10.868,00 6043
638 378,91 1,45 1,57 91,00 10.885,00 6043
639 378,91 1,45 1,57 91,00 10.902,00 6043
640 378,91 1,45 1,57 91,00 10.919,00 6043
641 378,91 1,45 1,57 91,00 10.936,00 6043
642 378,91 1,45 1,57 91,00 10.953,00 6043
643 378,91 1,45 1,57 91,00 10.970,00 6043
644 378,91 1,45 1,57 91,00 10.987,00 6043
645 378,91 1,45 1,57 91,00 11.004,00 6043
646 378,91 1,45 1,57 91,00 11.021,00 6043
647 378,91 1,45 1,57 91,00 11.038,00 6043
648 378,91 1,45 1,57 91,00 11.055,00 6043
649 378,91 1,45 1,57 91,00 11.072,00 6043
650 378,91 1,45 1,57 91,00 11.089,00 6043
651 378,91 1,45 1,57 91,00 11.106,00 6043
652 378,91 1,45 1,57 91,00 11.123,00 6043
653 378,91 1,45 1,57 91,00 11.140,00 6043
654 378,91 1,45 1,57 91,00 11.157,00 6043
655 378,91 1,45 1,57 91,00 11.174,00 6043
656 378,91 1,45 1,57 91,00 11.191,00 6043
657 378,91 1,45 1,57 91,00 11.208,00 6043
658 378,91 1,45 1,57 91,00 11.225,00 6043
659 378,91 1,45 1,57 91,00 11.242,00 6043
660 378,91 1,45 1,57 137,00 11.259,00 6043
661 378,91 1,45 1,57 137,00 11.276,00 6047
662 378,91 1,45 1,57 137,00 11.293,00 6047
663 378,91 1,45 1,57 137,00 11.310,00 6047
664 378,91 1,45 1,57 137,00 11.327,00 6047
665 378,91 1,45 1,57 137,00 11.344,00 6047
666 378,91 1,45 1,57 137,00 11.361,00 6047
667 378,91 1,45 1,57 137,00 11.378,00 6047
668 378,91 1,45 1,57 137,00 11.395,00 6048
669 378,91 1,45 1,57 137,00 11.412,00 6048
670 378,91 1,45 1,57 137,00 11.429,00 6048
671 378,91 1,45 1,57 137,00 11.446,00 6048
672 378,91 1,45 1,57 137,00 11.463,00 6048
673 378,91 1,45 1,57 137,00 11.480,00 6048
674 378,91 1,45 1,57 137,00 11.497,00 6048
675 378,91 1,45 1,57 137,00 11.514,00 6048
676 378,91 1,45 1,57 137,00 11.531,00 6048
677 378,91 1,45 1,57 137,00 11.548,00 6048
678 378,91 4,49 4,86 137,00 11.565,00 6048
679 378,91 4,48 4,85 137,00 11.582,00 6048
680 378,91 4,48 4,85 137,00 11.599,00 6048
681 378,91 4,48 4,85 137,00 11.616,00 6048
682 378,91 4,48 4,85 137,00 11.633,00 6048
683 378,91 4,48 4,85 137,00 11.650,00 6048
684 378,91 4,48 4,85 137,00 11.667,00 6048
685 378,91 4,48 4,85 137,00 11.684,00 6048
686 378,91 4,48 4,85 137,00 11.701,00 6048
687 378,91 4,43 4,80 137,00 11.718,00 6048
688 378,91 4,43 4,80 137,00 11.735,00 6048
689 378,91 4,43 4,80 137,00 11.752,00 6048
690 378,91 4,43 4,80 58,00 11.769,00 6048
691 378,91 1,86 2,02 58,00 11.786,00 6060
692 378,91 1,86 2,02 58,00 11.803,00 6063
693 378,91 1,86 2,02 58,00 11.820,00 6066
694 378,91 1,86 2,02 58,00 11.837,00 6067
695 378,91 1,86 2,02 58,00 11.854,00 6068
696 378,91 1,86 2,02 58,00 11.871,00 6070
697 378,91 1,86 2,02 58,00 11.888,00 6070
698 378,91 1,86 2,02 58,00 11.905,00 6070
699 378,91 1,86 2,02 58,00 11.922,00 6070
700 378,91 1,86 2,02 58,00 11.939,00 6070
701 378,91 1,86 2,02 58,00 11.956,00 6070
702 378,91 1,86 2,02 58,00 11.973,00 6070
703 378,91 1,86 2,02 58,00 11.990,00 6070
704 378,91 1,86 2,02 58,00 12.007,00 6070
705 378,91 1,86 2,02 58,00 12.024,00 6070
706 378,91 1,86 2,02 58,00 12.041,00 6070
707 378,91 1,86 2,02 58,00 12.058,00 6070
708 378,91 1,86 2,02 58,00 12.075,00 6070
709 378,91 1,86 2,02 58,00 12.092,00 6070
710 378,91 1,86 2,02 58,00 12.109,00 6070
711 378,91 1,86 2,02 58,00 12.126,00 6070
712 378,91 1,86 2,02 58,00 12.143,00 6070
713 378,91 1,86 2,02 58,00 12.160,00 6070
714 378,91 1,86 2,02 58,00 12.177,00 6070
715 378,91 1,86 2,02 58,00 12.194,00 6070
716 378,91 1,86 2,02 58,00 12.211,00 6070
717 378,91 1,86 2,02 58,00 12.228,00 6070
718 378,91 1,86 2,02 58,00 12.245,00 6070
719 378,91 1,86 2,02 58,00 12.262,00 6070
720 378,91 1,79 1,94 94,00 12.279,00 6070
721 378,91 1,79 1,94 94,00 12.296,00 6073
722 378,91 1,79 1,94 94,00 12.313,00 6073
723 378,91 1,79 1,94 94,00 12.330,00 6073
724 378,91 2,88 3,12 94,00 12.347,00 6073
725 378,91 2,88 3,12 94,00 12.364,00 6073
726 378,91 2,88 3,12 94,00 12.381,00 6073
727 378,91 2,88 3,12 94,00 12.398,00 6073
728 378,91 2,88 3,12 94,00 12.415,00 6073
729 378,91 2,88 3,12 94,00 12.432,00 6073
730 378,91 2,86 3,10 94,00 12.449,00 6073
731 378,91 2,86 3,10 94,00 12.466,00 6073
732 378,91 2,86 3,10 94,00 12.483,00 6073
733 378,91 2,86 3,10 94,00 12.500,00 6073
734 378,91 2,86 3,10 94,00 12.517,00 6073
735 378,91 2,86 3,10 94,00 12.534,00 6073
736 378,91 2,86 3,10 94,00 12.551,00 6073
737 378,91 2,86 3,10 94,00 12.568,00 6073
738 378,91 2,86 3,10 94,00 12.585,00 6073
739 378,91 2,86 3,10 94,00 12.602,00 6073
740 378,91 2,86 3,10 94,00 12.619,00 6073
741 378,91 2,86 3,10 94,00 12.636,00 6073
742 378,91 2,86 3,10 94,00 12.653,00 6073
743 378,91 2,86 3,10 94,00 12.670,00 6073
744 378,91 2,86 3,10 94,00 12.687,00 6073
745 378,91 2,86 3,10 94,00 12.704,00 6073
746 378,91 2,86 3,10 94,00 12.721,00 6073
747 378,91 2,86 3,10 94,00 12.738,00 6073
748 378,91 2,79 3,02 94,00 12.755,00 6073
749 378,91 2,79 3,02 94,00 12.772,00 6073
750 378,91 2,79 3,02 58,00 12.789,00 6073
751 378,91 2,79 3,02 58,00 12.806,00 6081
752 378,91 2,79 3,02 58,00 12.823,00 6085
753 378,91 2,79 3,02 58,00 12.840,00 6085
754 378,91 2,79 3,02 58,00 12.857,00 6085
755 378,91 2,79 3,02 58,00 12.874,00 6085
756 378,91 2,79 3,02 58,00 12.891,00 6085
757 378,91 2,79 3,02 58,00 12.908,00 6085
758 378,91 2,79 3,02 58,00 12.925,00 6091
759 378,91 2,79 3,02 58,00 12.942,00 6094
760 378,91 2,79 3,02 58,00 12.959,00 6096
761 378,91 2,79 3,02 58,00 12.976,00 6097
762 378,91 2,79 3,02 58,00 12.993,00 6098
763 378,91 2,79 3,02 58,00 13.010,00 6098
764 378,91 2,79 3,02 58,00 13.027,00 6098
765 378,91 2,79 3,02 58,00 13.044,00 6098
766 378,91 2,79 3,02 58,00 13.061,00 6098
767 378,91 2,79 3,02 58,00 13.078,00 6098
768 378,91 2,79 3,02 58,00 13.095,00 6098
769 378,91 2,79 3,02 58,00 13.112,00 6098
770 378,91 2,79 3,02 58,00 13.129,00 6098
771 378,91 2,79 3,02 58,00 13.146,00 6098
772 378,91 2,79 3,02 58,00 13.163,00 6098
773 378,91 2,79 3,02 58,00 13.180,00 6098
774 378,91 2,79 3,02 58,00 13.197,00 6098
775 378,91 2,79 3,02 58,00 13.214,00 6098
776 378,91 2,79 3,02 58,00 13.231,00 6098
777 378,91 2,79 3,02 58,00 13.248,00 6098
778 378,91 2,79 3,02 58,00 13.265,00 6098
779 378,91 1,65 1,79 58,00 13.282,00 6098
780 378,91 1,65 1,79 88,00 13.299,00 6098
781 378,91 1,65 1,79 88,00 13.316,00 6102
782 378,91 1,65 1,79 88,00 13.333,00 6107
783 378,91 1,65 1,79 88,00 13.350,00 6110
784 378,91 1,65 1,79 88,00 13.367,00 6111
785 378,91 1,65 1,79 88,00 13.384,00 6111
786 378,91 1,65 1,79 88,00 13.401,00 6111
787 378,91 1,65 1,79 88,00 13.418,00 6111
788 378,91 2,48 2,69 88,00 13.435,00 6111
789 378,91 2,48 2,69 88,00 13.452,00 6111
790 378,91 2,48 2,69 88,00 13.469,00 6111
791 378,91 2,48 2,69 88,00 13.486,00 6111
792 378,91 2,48 2,69 88,00 13.503,00 6111
793 378,91 2,48 2,69 88,00 13.520,00 6111
794 378,91 2,48 2,69 88,00 13.537,00 6111
795 378,91 2,48 2,69 88,00 13.554,00 6111
796 378,91 2,48 2,69 88,00 13.571,00 6111
797 378,91 2,45 2,66 88,00 13.588,00 6111
798 378,91 2,45 2,66 88,00 13.605,00 6111
799 378,91 2,45 2,66 88,00 13.622,00 6111
800 378,91 2,45 2,66 88,00 13.639,00 6111
801 378,91 2,45 2,66 88,00 13.656,00 6111
802 378,91 2,45 2,66 88,00 13.673,00 6111
803 378,91 2,45 2,66 88,00 13.690,00 6111
804 378,91 2,45 2,66 88,00 13.707,00 6111
805 378,91 2,45 2,66 88,00 13.724,00 6111
806 378,91 2,45 2,66 88,00 13.741,00 6111
807 378,91 2,45 2,66 88,00 13.758,00 6111
808 378,91 2,45 2,66 88,00 13.775,00 6111
809 378,91 2,45 2,66 88,00 13.792,00 6111
810 378,91 2,45 2,66 59,00 13.809,00 6111
811 378,91 2,45 2,66 59,00 13.826,00 6120
812 378,91 2,45 2,66 59,00 13.843,00 6122
813 378,91 2,45 2,66 59,00 13.860,00 6123
814 378,91 2,45 2,66 59,00 13.877,00 6123
815 378,91 2,45 2,66 59,00 13.894,00 6123
816 378,91 2,45 2,66 59,00 13.911,00 6123
817 378,91 2,45 2,66 59,00 13.928,00 6123
818 378,91 2,45 2,66 59,00 13.945,00 6123
819 378,91 2,45 2,66 59,00 13.962,00 6123
820 378,91 2,45 2,66 59,00 13.979,00 6123
821 378,91 2,45 2,66 59,00 13.996,00 6123
822 378,91 2,45 2,66 59,00 14.013,00 6123
823 378,91 1,59 1,73 59,00 14.030,00 6123
824 378,91 1,59 1,73 59,00 14.047,00 6123
825 378,91 1,59 1,73 59,00 14.064,00 6123
826 378,91 1,59 1,73 59,00 14.081,00 6123
827 378,91 1,59 1,73 59,00 14.098,00 6123
828 378,91 1,59 1,73 59,00 14.115,00 6123
829 378,91 1,59 1,73 59,00 14.132,00 6123
830 378,91 1,59 1,73 59,00 14.149,00 6123
831 378,91 1,59 1,73 59,00 14.166,00 6123
832 378,91 1,59 1,73 59,00 14.183,00 6123
833 378,91 1,59 1,73 59,00 14.200,00 6123
834 378,91 1,59 1,73 59,00 14.217,00 6123
835 378,91 1,59 1,73 59,00 14.234,00 6123
836 378,91 1,59 1,73 59,00 14.251,00 6123
837 378,91 1,59 1,73 59,00 14.268,00 6123
838 378,91 1,59 1,73 59,00 14.285,00 6123
839 378,91 1,59 1,73 59,00 14.302,00 6123
840 378,91 1,59 1,73 86,00 14.319,00 6123
841 378,91 1,59 1,73 86,00 14.336,00 6130
842 378,91 1,59 1,73 86,00 14.353,00 6130
843 378,91 1,59 1,73 86,00 14.370,00 6130
844 378,91 1,59 1,73 86,00 14.387,00 6130
845 378,91 1,59 1,73 86,00 14.404,00 6130
846 378,91 2,26 2,45 86,00 14.421,00 6130
847 378,91 2,26 2,45 86,00 14.438,00 6130
848 378,91 2,25 2,44 86,00 14.455,00 6130
849 378,91 2,25 2,44 86,00 14.472,00 6130
850 378,91 2,25 2,44 86,00 14.489,00 6130
851 378,91 2,25 2,44 86,00 14.506,00 6130
852 378,91 2,24 2,43 86,00 14.523,00 6130
853 378,91 2,24 2,43 86,00 14.540,00 6130
854 378,91 2,24 2,43 86,00 14.557,00 6130
855 378,91 2,24 2,43 86,00 14.574,00 6130
856 378,91 2,24 2,43 86,00 14.591,00 6130
857 378,91 2,23 2,42 86,00 14.608,00 6130
858 378,91 2,23 2,42 86,00 14.625,00 6130
859 378,91 2,23 2,42 86,00 14.642,00 6130
860 378,91 2,23 2,42 86,00 14.659,00 6130
861 378,91 2,23 2,42 86,00 14.676,00 6130
862 378,91 2,23 2,42 86,00 14.693,00 6130
863 378,91 2,23 2,42 86,00 14.710,00 6130
864 378,91 2,23 2,42 86,00 14.727,00 6130
865 378,91 2,23 2,42 86,00 14.744,00 6130
866 378,91 2,23 2,42 86,00 14.761,00 6130
867 378,91 2,21 2,39 86,00 14.778,00 6130
868 378,91 2,21 2,39 86,00 14.795,00 6130
869 378,91 2,20 2,38 86,00 14.812,00 6130
870 378,91 2,20 2,38 64,00 14.829,00 6130
871 378,91 2,20 2,38 64,00 14.846,00 6139
872 378,91 2,20 2,38 64,00 14.863,00 6142
873 378,91 2,20 2,38 64,00 14.880,00 6144
874 378,91 2,20 2,38 64,00 14.897,00 6144
875 378,91 2,20 2,38 64,00 14.914,00 6152
876 378,91 2,20 2,38 64,00 14.931,00 6155
877 378,91 2,20 2,38 64,00 14.948,00 6156
878 378,91 2,20 2,38 64,00 14.965,00 6156
879 378,91 2,20 2,38 64,00 14.982,00 6156
880 378,91 2,20 2,38 64,00 14.999,00 6156
881 378,91 2,20 2,38 64,00 15.016,00 6156
882 378,91 2,20 2,38 64,00 15.033,00 6156
883 378,91 2,20 2,38 64,00 15.050,00 6156
884 378,91 2,20 2,38 64,00 15.067,00 6156
885 378,91 2,20 2,38 64,00 15.084,00 6156
886 378,91 2,20 2,38 64,00 15.101,00 6156
887 378,91 2,20 2,38 64,00 15.118,00 6156
888 378,91 2,20 2,38 64,00 15.135,00 6156
889 378,91 2,20 2,38 64,00 15.152,00 6156
890 378,91 1,60 1,73 64,00 15.169,00 6156
891 378,91 1,60 1,73 64,00 15.186,00 6156
892 378,91 1,60 1,73 64,00 15.203,00 6156
893 378,91 1,60 1,73 64,00 15.220,00 6156
894 378,91 1,60 1,73 64,00 15.237,00 6156
895 378,91 1,60 1,73 64,00 15.254,00 6156
896 378,91 1,60 1,73 64,00 15.271,00 6156
897 378,91 1,60 1,73 64,00 15.288,00 6156
898 378,91 1,60 1,73 64,00 15.305,00 6156
899 378,91 1,60 1,73 64,00 15.322,00 6156
900 378,91 1,60 1,73 70,00 15.339,00 6156
901 378,91 1,60 1,73 70,00 15.356,00 6161
902 378,91 1,60 1,73 70,00 15.373,00 6162
903 378,91 1,60 1,73 70,00 15.390,00 6163
904 378,91 1,60 1,73 70,00 15.407,00 6163
905 378,91 1,60 1,73 70,00 15.424,00 6164
906 378,91 1,60 1,73 70,00 15.441,00 6165
907 378,91 1,60 1,73 70,00 15.458,00 6165
908 378,91 1,60 1,73 70,00 15.475,00 6165
909 378,91 1,60 1,73 70,00 15.492,00 6165
910 378,91 1,60 1,73 70,00 15.509,00 6165
911 378,91 1,60 1,73 70,00 15.526,00 6165
912 378,91 1,71 1,85 70,00 15.543,00 6165
913 378,91 1,70 1,85 70,00 15.560,00 6165
914 378,91 1,70 1,85 70,00 15.577,00 6165
915 378,91 1,70 1,85 70,00 15.594,00 6165
916 378,91 1,70 1,85 70,00 15.611,00 6165
917 378,91 1,70 1,85 70,00 15.628,00 6165
918 378,91 1,70 1,85 70,00 15.645,00 6165
919 378,91 1,70 1,85 70,00 15.662,00 6165
920 378,91 1,70 1,85 70,00 15.679,00 6165
921 378,91 1,69 1,83 70,00 15.696,00 6165
922 378,91 1,69 1,83 70,00 15.713,00 6165
923 378,91 1,69 1,83 70,00 15.730,00 6165
924 378,91 1,69 1,83 70,00 15.747,00 6165
925 378,91 1,69 1,83 70,00 15.764,00 6165
926 378,91 1,69 1,83 70,00 15.781,00 6165
927 378,91 1,68 1,82 70,00 15.798,00 6165
928 378,91 1,68 1,82 70,00 15.815,00 6165
929 378,91 1,68 1,81 70,00 15.832,00 6165
930 378,91 1,68 1,81 80,00 15.849,00 6165
931 378,91 1,68 1,81 80,00 15.866,00 6173
932 378,91 1,68 1,81 80,00 15.883,00 6176
933 378,91 1,68 1,81 80,00 15.900,00 6176
934 378,91 1,68 1,81 80,00 15.917,00 6176
935 378,91 1,68 1,81 80,00 15.934,00 6176
936 378,91 1,68 1,81 80,00 15.951,00 6177
937 378,91 1,68 1,81 80,00 15.968,00 6177
938 378,91 1,68 1,81 80,00 15.985,00 6177
939 378,91 1,68 1,81 80,00 16.002,00 6177
940 378,91 1,68 1,81 80,00 16.019,00 6177
941 378,91 1,68 1,81 80,00 16.036,00 6177
942 378,91 1,68 1,81 80,00 16.053,00 6177
943 378,91 1,68 1,81 80,00 16.070,00 6177
944 378,91 1,68 1,81 80,00 16.087,00 6177
945 378,91 1,68 1,81 80,00 16.104,00 6177
946 378,91 1,88 2,04 80,00 16.121,00 6177
947 378,91 1,88 2,04 80,00 16.138,00 6177
948 378,91 1,88 2,04 80,00 16.155,00 6177
949 378,91 1,88 2,04 80,00 16.172,00 6177
950 378,91 1,88 2,04 80,00 16.189,00 6177
951 378,91 1,87 2,03 80,00 16.206,00 6177
952 378,91 1,87 2,03 80,00 16.223,00 6177
953 378,91 1,87 2,02 80,00 16.240,00 6177
954 378,91 1,86 2,02 80,00 16.257,00 6177
955 378,91 1,86 2,02 80,00 16.274,00 6177
956 378,91 1,86 2,02 80,00 16.291,00 6177
957 378,91 1,86 2,02 80,00 16.308,00 6177
958 378,91 1,86 2,02 80,00 16.325,00 6177
959 378,91 1,86 2,02 80,00 16.342,00 6177
960 378,91 1,86 2,02 84,00 16.359,00 6177
961 378,91 1,86 2,02 84,00 16.376,00 6179
962 378,91 1,86 2,02 84,00 16.393,00 6180
963 378,91 1,86 2,02 84,00 16.410,00 6180
964 378,91 1,86 2,02 84,00 16.427,00 6180
965 378,91 1,86 2,02 84,00 16.444,00 6181
966 378,91 1,86 2,02 84,00 16.461,00 6181
967 378,91 1,86 2,02 84,00 16.478,00 6181
968 378,91 1,86 2,02 84,00 16.495,00 6181
969 378,91 1,86 2,02 84,00 16.512,00 6181
970 378,91 1,86 2,02 84,00 16.529,00 6181
971 378,91 1,86 2,02 84,00 16.546,00 6181
972 378,91 1,86 2,02 84,00 16.563,00 6181
973 378,91 1,86 2,02 84,00 16.580,00 6181
974 378,91 1,92 2,08 84,00 16.597,00 6181
975 378,91 1,92 2,08 84,00 16.614,00 6181
976 378,91 1,92 2,08 84,00 16.631,00 6181
977 378,91 1,92 2,08 84,00 16.648,00 6181
978 378,91 1,92 2,08 84,00 16.665,00 6181
979 378,91 1,92 2,08 84,00 16.682,00 6181
980 378,91 1,92 2,08 84,00 16.699,00 6181
981 378,91 1,92 2,08 84,00 16.716,00 6181
982 378,91 1,92 2,08 84,00 16.733,00 6181
983 378,91 1,92 2,08 84,00 16.750,00 6181
984 378,91 1,92 2,08 84,00 16.767,00 6181
985 378,91 1,92 2,08 84,00 16.784,00 6181
986 378,91 1,92 2,08 84,00 16.801,00 6181
987 378,91 1,92 2,08 84,00 16.818,00 6181
988 378,91 1,92 2,08 84,00 16.835,00 6181
989 378,91 1,92 2,08 84,00 16.852,00 6181
990 378,91 1,92 2,08 71,00 16.869,00 6181
991 378,91 1,92 2,08 71,00 16.886,00 6187
992 378,91 1,92 2,08 71,00 16.903,00 6189
993 378,91 1,92 2,08 71,00 16.920,00 6189
994 378,91 1,92 2,08 71,00 16.937,00 6189
995 378,91 1,92 2,08 71,00 16.954,00 6189
996 378,91 1,92 2,08 71,00 16.971,00 6189
997 378,91 1,92 2,08 71,00 16.988,00 6189
998 378,91 1,92 2,08 71,00 17.005,00 6189
999 378,91 1,92 2,08 71,00 17.022,00 6189
