1000
0 18,94 18,94 18,94 1,00 97,00 0
1 18,94 0,26 0,26 1,00 82,00 1235
2 18,94 0,26 0,14 1,00 84,00 1774
3 18,94 0,23 0,13 1,00 92,00 1865
4 18,94 0,21 0,12 1,00 101,00 1875
5 18,94 0,19 0,11 1,00 110,00 1879
6 18,94 0,19 0,11 1,00 120,00 1881
7 18,94 0,19 0,11 1,00 130,00 1881
8 18,94 0,19 0,11 1,00 140,00 1881
9 18,94 0,19 0,11 1,00 150,00 1881
10 18,94 0,19 0,11 1,00 160,00 1881
11 18,94 0,19 0,11 1,00 170,00 1881
12 18,94 0,19 0,11 1,00 180,00 1881
13 18,94 0,19 0,11 1,00 190,00 1881
14 18,94 0,19 0,11 1,00 200,00 1881
15 18,94 0,19 0,11 1,00 210,00 1881
16 18,94 0,19 0,11 1,00 220,00 1881
17 18,94 0,19 0,11 1,00 230,00 1881
18 18,94 0,19 0,11 1,00 240,00 1881
19 18,94 0,19 0,11 1,00 250,00 1881
20 18,94 0,19 0,11 1,00 260,00 1881
21 18,94 0,19 0,11 1,00 270,00 1881
22 18,94 0,07 0,04 1,00 280,00 1881
23 18,94 0,07 0,04 1,00 290,00 1881
24 18,94 0,07 0,04 1,00 300,00 1881
25 18,94 0,07 0,04 1,00 310,00 1881
26 18,94 0,07 0,04 1,00 320,00 1881
27 18,94 0,07 0,04 1,00 330,00 1881
28 18,94 0,07 0,04 1,00 340,00 1881
29 18,94 0,07 0,04 1,00 350,00 1881
30 18,94 0,07 0,04 99,00 360,00 1881
31 18,94 5,25 2,94 99,00 367,00 2704
32 18,94 5,12 4,22 99,00 376,00 3431
33 18,94 5,00 3,41 99,00 385,00 3821
34 18,94 5,00 3,65 99,00 395,00 4072
35 18,94 5,00 3,94 99,00 405,00 4286
36 18,94 5,00 3,66 99,00 415,00 4405
37 18,94 4,41 3,37 99,00 425,00 4558
38 18,94 4,42 3,32 99,00 434,00 4625
39 18,94 4,42 3,27 99,00 444,00 4666
40 18,94 4,42 3,22 99,00 454,00 4711
41 18,94 4,42 3,26 99,00 464,00 4762
42 18,94 4,05 2,98 99,00 473,00 4795
43 18,94 4,05 2,90 99,00 483,00 4831
44 18,94 3,89 2,85 99,00 492,00 4863
45 18,94 3,89 2,85 99,00 502,00 4893
46 18,94 3,89 2,85 99,00 512,00 4918
47 18,94 3,59 2,64 99,00 522,00 4938
48 18,94 3,59 2,64 99,00 532,00 4953
49 18,94 3,59 2,64 99,00 542,00 4969
50 18,94 3,59 2,64 99,00 552,00 4978
51 18,94 3,34 2,45 99,00 562,00 4991
52 18,94 3,34 2,45 99,00 572,00 5006
53 18,94 3,28 2,41 99,00 581,00 5016
54 18,94 3,17 2,33 99,00 591,00 5027
55 18,94 3,17 2,33 99,00 601,00 5033
56 18,94 3,17 2,33 99,00 611,00 5043
57 18,94 3,17 2,33 99,00 621,00 5047
58 18,94 3,17 2,33 99,00 631,00 5055
59 18,94 3,17 2,33 99,00 641,00 5061
60 18,94 3,17 2,33 66,00 651,00 5068
61 18,94 1,92 1,41 66,00 660,00 5076
62 18,94 1,92 1,41 66,00 670,00 5097
63 18,94 1,92 1,41 66,00 680,00 5110
64 18,94 1,92 1,41 66,00 690,00 5114
65 18,94 1,92 1,41 66,00 700,00 5115
66 18,94 1,92 1,41 66,00 710,00 5118
67 18,94 1,92 1,41 66,00 720,00 5123
68 18,94 1,92 1,41 66,00 730,00 5124
69 18,94 1,92 1,41 66,00 740,00 5125
70 18,94 1,92 1,41 66,00 750,00 5125
71 18,94 1,92 1,41 66,00 760,00 5125
72 18,94 1,62 1,19 66,00 770,00 5125
73 18,94 1,62 1,19 66,00 780,00 5125
74 18,94 1,62 1,19 66,00 790,00 5126
75 18,94 1,62 1,19 66,00 800,00 5126
76 18,94 1,62 1,19 66,00 810,00 5126
77 18,94 1,62 1,19 66,00 820,00 5126
78 18,94 1,62 1,19 66,00 830,00 5127
79 18,94 1,62 1,19 66,00 840,00 5128
80 18,94 1,62 1,19 66,00 850,00 5128
81 18,94 1,62 1,19 66,00 860,00 5128
82 18,94 1,62 1,19 66,00 870,00 5128
83 18,94 1,62 1,19 66,00 880,00 5128
84 18,94 1,40 1,03 66,00 890,00 5128
85 18,94 1,39 1,02 66,00 900,00 5128
86 18,94 1,39 1,02 66,00 910,00 5128
87 18,94 1,39 1,02 66,00 920,00 5128
88 18,94 1,39 1,02 66,00 930,00 5129
89 18,94 1,39 1,02 66,00 940,00 5133
90 18,94 1,32 0,97 112,00 950,00 5133
91 18,94 2,23 1,64 112,00 959,00 5240
92 18,94 2,23 1,64 112,00 969,00 5280
93 18,94 2,23 1,64 112,00 979,00 5298
94 18,94 2,23 1,64 112,00 989,00 5308
95 18,94 2,23 1,64 112,00 999,00 5318
96 18,94 2,23 1,64 112,00 1.009,00 5327
97 18,94 2,23 1,64 112,00 1.019,00 5336
98 18,94 2,23 1,64 112,00 1.029,00 5340
99 18,94 2,23 1,64 112,00 1.039,00 5347
100 18,94 2,23 1,64 112,00 1.049,00 5351
101 18,94 2,00 1,47 112,00 1.059,00 5353
102 18,94 2,00 1,47 112,00 1.069,00 5354
103 18,94 2,00 1,47 112,00 1.079,00 5357
104 18,94 2,00 1,47 112,00 1.089,00 5357
105 18,94 2,00 1,47 112,00 1.099,00 5357
106 18,94 1,91 1,41 112,00 1.109,00 5357
107 18,94 1,91 1,41 112,00 1.119,00 5357
108 18,94 1,91 1,41 112,00 1.129,00 5357
109 18,94 1,86 1,37 112,00 1.139,00 5359
110 18,94 1,86 1,37 112,00 1.149,00 5359
111 18,94 1,83 1,34 112,00 1.159,00 5360
112 18,94 1,83 1,34 112,00 1.169,00 5362
113 18,94 1,83 1,34 112,00 1.179,00 5364
114 18,94 1,83 1,34 112,00 1.189,00 5366
115 18,94 1,83 1,34 112,00 1.199,00 5366
116 18,94 1,83 1,34 112,00 1.209,00 5366
117 18,94 1,74 1,28 112,00 1.219,00 5366
118 18,94 1,74 1,28 112,00 1.229,00 5367
119 18,94 1,74 1,28 112,00 1.239,00 5368
120 18,94 1,74 1,28 68,00 1.249,00 5368
121 18,94 1,74 1,28 68,00 1.259,00 5378
122 18,94 1,74 1,28 68,00 1.269,00 5387
123 18,94 1,74 1,28 68,00 1.279,00 5391
124 18,94 1,74 1,28 68,00 1.289,00 5392
125 18,94 1,74 1,28 68,00 1.299,00 5392
126 18,94 1,74 1,28 68,00 1.309,00 5392
127 18,94 1,74 1,28 68,00 1.319,00 5392
128 18,94 1,74 1,28 68,00 1.329,00 5392
129 18,94 1,74 1,28 68,00 1.339,00 5392
130 18,94 1,74 1,28 68,00 1.349,00 5392
131 18,94 1,74 1,28 68,00 1.359,00 5392
132 18,94 1,74 1,28 68,00 1.369,00 5392
133 18,94 1,74 1,28 68,00 1.379,00 5392
134 18,94 1,74 1,28 68,00 1.389,00 5392
135 18,94 1,74 1,28 68,00 1.399,00 5392
136 18,94 1,74 1,28 68,00 1.409,00 5392
137 18,94 1,74 1,28 68,00 1.419,00 5392
138 18,94 1,74 1,28 68,00 1.429,00 5392
139 18,94 1,74 1,28 68,00 1.439,00 5392
140 18,94 1,74 1,28 68,00 1.449,00 5397
141 18,94 1,74 1,28 68,00 1.459,00 5398
142 18,94 1,74 1,28 68,00 1.469,00 5398
143 18,94 1,74 1,28 68,00 1.479,00 5398
144 18,94 1,74 1,28 68,00 1.489,00 5398
145 18,94 1,74 1,28 68,00 1.499,00 5398
146 18,94 1,74 1,28 68,00 1.509,00 5398
147 18,94 1,74 1,28 68,00 1.519,00 5398
148 18,94 1,74 1,28 68,00 1.529,00 5398
149 18,94 1,74 1,28 68,00 1.539,00 5398
150 18,94 1,74 1,28 24,00 1.549,00 5398
151 18,94 1,74 1,28 24,00 1.559,00 5443
152 18,94 1,74 1,28 24,00 1.569,00 5461
153 18,94 1,74 1,28 24,00 1.579,00 5469
154 18,94 1,74 1,28 24,00 1.589,00 5476
155 18,94 1,74 1,28 24,00 1.599,00 5480
156 18,94 1,74 1,28 24,00 1.609,00 5482
157 18,94 1,74 1,28 24,00 1.619,00 5482
158 18,94 1,74 1,28 24,00 1.629,00 5492
159 18,94 1,74 1,28 24,00 1.639,00 5501
160 18,94 0,28 0,20 24,00 1.649,00 5510
161 18,94 0,28 0,20 24,00 1.657,00 5520
162 18,94 0,27 0,20 24,00 1.666,00 5532
163 18,94 0,27 0,20 24,00 1.675,00 5544
164 18,94 0,27 0,20 24,00 1.685,00 5553
165 18,94 0,27 0,20 24,00 1.695,00 5560
166 18,94 0,27 0,20 24,00 1.705,00 5566
167 18,94 0,27 0,20 24,00 1.715,00 5570
168 18,94 0,27 0,20 24,00 1.725,00 5573
169 18,94 0,27 0,20 24,00 1.735,00 5575
170 18,94 0,27 0,20 24,00 1.745,00 5576
171 18,94 0,27 0,20 24,00 1.755,00 5577
172 18,94 0,27 0,20 24,00 1.765,00 5578
173 18,94 0,27 0,20 24,00 1.775,00 5579
174 18,94 0,27 0,20 24,00 1.785,00 5580
175 18,94 0,27 0,20 24,00 1.795,00 5582
176 18,94 0,25 0,18 24,00 1.805,00 5583
177 18,94 0,25 0,18 24,00 1.815,00 5584
178 18,94 0,25 0,18 24,00 1.825,00 5587
179 18,94 0,25 0,18 24,00 1.835,00 5589
180 18,94 0,25 0,18 102,00 1.845,00 5591
181 18,94 1,05 0,77 102,00 1.854,00 5600
182 18,94 1,05 0,77 102,00 1.864,00 5601
183 18,94 1,05 0,77 102,00 1.874,00 5602
184 18,94 1,05 0,77 102,00 1.884,00 5602
185 18,94 1,05 0,77 102,00 1.894,00 5602
186 18,94 1,05 0,77 102,00 1.904,00 5602
187 18,94 1,05 0,77 102,00 1.914,00 5602
188 18,94 1,05 0,77 102,00 1.924,00 5602
189 18,94 1,05 0,77 102,00 1.934,00 5602
190 18,94 1,05 0,77 102,00 1.944,00 5602
191 18,94 1,05 0,77 102,00 1.954,00 5604
192 18,94 1,05 0,77 102,00 1.964,00 5606
193 18,94 1,05 0,77 102,00 1.974,00 5607
194 18,94 1,05 0,77 102,00 1.984,00 5611
195 18,94 1,05 0,77 102,00 1.994,00 5613
196 18,94 1,05 0,77 102,00 2.004,00 5613
197 18,94 1,05 0,77 102,00 2.014,00 5613
198 18,94 1,05 0,77 102,00 2.024,00 5613
199 18,94 1,05 0,77 102,00 2.034,00 5613
200 18,94 1,05 0,77 102,00 2.044,00 5613
201 18,94 1,05 0,77 102,00 2.054,00 5613
202 18,94 0,94 0,69 102,00 2.064,00 5613
203 18,94 0,94 0,69 102,00 2.074,00 5613
204 18,94 0,94 0,69 102,00 2.084,00 5613
205 18,94 0,94 0,69 102,00 2.094,00 5613
206 18,94 0,94 0,69 102,00 2.104,00 5613
207 18,94 0,94 0,69 102,00 2.114,00 5613
208 18,94 0,94 0,69 102,00 2.124,00 5614
209 18,94 0,94 0,69 102,00 2.134,00 5616
210 18,94 0,90 0,66 114,00 2.144,00 5616
211 18,94 1,00 0,74 114,00 2.154,00 5655
212 18,94 1,00 0,74 114,00 2.164,00 5665
213 18,94 1,00 0,74 114,00 2.174,00 5671
214 18,94 1,00 0,74 114,00 2.184,00 5671
215 18,94 1,00 0,74 114,00 2.194,00 5671
216 18,94 1,00 0,74 114,00 2.204,00 5671
217 18,94 1,00 0,74 114,00 2.214,00 5671
218 18,94 1,00 0,74 114,00 2.224,00 5671
219 18,94 1,00 0,74 114,00 2.234,00 5671
220 18,94 1,00 0,74 114,00 2.244,00 5671
221 18,94 1,00 0,74 114,00 2.254,00 5671
222 18,94 0,95 0,70 114,00 2.264,00 5671
223 18,94 0,95 0,70 114,00 2.274,00 5671
224 18,94 0,95 0,70 114,00 2.284,00 5671
225 18,94 0,95 0,70 114,00 2.294,00 5671
226 18,94 0,95 0,70 114,00 2.304,00 5671
227 18,94 0,95 0,70 114,00 2.314,00 5671
228 18,94 0,95 0,70 114,00 2.324,00 5671
229 18,94 0,95 0,70 114,00 2.334,00 5671
230 18,94 0,95 0,70 114,00 2.344,00 5671
231 18,94 0,95 0,70 114,00 2.354,00 5671
232 18,94 0,95 0,70 114,00 2.364,00 5671
233 18,94 0,95 0,70 114,00 2.374,00 5671
234 18,94 0,95 0,70 114,00 2.384,00 5671
235 18,94 0,95 0,70 114,00 2.394,00 5671
236 18,94 0,95 0,70 114,00 2.404,00 5671
237 18,94 0,95 0,70 114,00 2.414,00 5671
238 18,94 0,89 0,65 114,00 2.424,00 5671
239 18,94 0,89 0,65 114,00 2.434,00 5671
240 18,94 0,89 0,65 120,00 2.444,00 5671
241 18,94 0,89 0,65 120,00 2.454,00 5686
242 18,94 0,89 0,65 120,00 2.464,00 5686
243 18,94 0,89 0,65 120,00 2.474,00 5687
244 18,94 0,91 0,67 120,00 2.484,00 5688
245 18,94 0,91 0,67 120,00 2.494,00 5688
246 18,94 0,91 0,67 120,00 2.504,00 5688
247 18,94 0,91 0,67 120,00 2.514,00 5688
248 18,94 0,91 0,67 120,00 2.524,00 5688
249 18,94 0,90 0,66 120,00 2.534,00 5691
250 18,94 0,89 0,66 120,00 2.544,00 5693
251 18,94 0,89 0,66 120,00 2.554,00 5693
252 18,94 0,89 0,66 120,00 2.564,00 5693
253 18,94 0,89 0,66 120,00 2.574,00 5694
254 18,94 0,89 0,66 120,00 2.584,00 5694
255 18,94 0,89 0,66 120,00 2.594,00 5694
256 18,94 0,89 0,66 120,00 2.604,00 5694
257 18,94 0,89 0,66 120,00 2.614,00 5694
258 18,94 0,89 0,66 120,00 2.624,00 5694
259 18,94 0,89 0,66 120,00 2.634,00 5694
260 18,94 0,89 0,66 120,00 2.644,00 5694
261 18,94 0,89 0,66 120,00 2.654,00 5694
262 18,94 0,89 0,66 120,00 2.664,00 5694
263 18,94 0,89 0,66 120,00 2.674,00 5694
264 18,94 0,89 0,66 120,00 2.684,00 5694
265 18,94 0,89 0,66 120,00 2.694,00 5694
266 18,94 0,89 0,66 120,00 2.704,00 5694
267 18,94 0,84 0,62 120,00 2.714,00 5694
268 18,94 0,84 0,62 120,00 2.724,00 5694
269 18,94 0,84 0,62 120,00 2.734,00 5694
270 18,94 0,84 0,62 125,00 2.744,00 5694
271 18,94 0,84 0,62 125,00 2.754,00 5724
272 18,94 0,84 0,62 125,00 2.764,00 5736
273 18,94 0,84 0,62 125,00 2.774,00 5742
274 18,94 0,84 0,62 125,00 2.784,00 5742
275 18,94 0,84 0,62 125,00 2.794,00 5742
276 18,94 0,84 0,62 125,00 2.804,00 5742
277 18,94 0,84 0,62 125,00 2.814,00 5742
278 18,94 0,84 0,62 125,00 2.824,00 5742
279 18,94 0,84 0,62 125,00 2.834,00 5742
280 18,94 0,83 0,61 125,00 2.844,00 5742
281 18,94 0,83 0,61 125,00 2.854,00 5742
282 18,94 0,83 0,61 125,00 2.864,00 5742
283 18,94 0,83 0,61 125,00 2.874,00 5742
284 18,94 0,83 0,61 125,00 2.884,00 5742
285 18,94 0,83 0,61 125,00 2.894,00 5742
286 18,94 0,83 0,61 125,00 2.904,00 5742
287 18,94 0,83 0,61 125,00 2.914,00 5742
288 18,94 0,83 0,61 125,00 2.924,00 5742
289 18,94 0,83 0,61 125,00 2.934,00 5742
290 18,94 0,83 0,61 125,00 2.944,00 5742
291 18,94 0,83 0,61 125,00 2.954,00 5742
292 18,94 0,83 0,61 125,00 2.964,00 5742
293 18,94 0,83 0,61 125,00 2.974,00 5742
294 18,94 0,83 0,61 125,00 2.984,00 5742
295 18,94 0,83 0,61 125,00 2.994,00 5742
296 18,94 0,83 0,61 125,00 3.004,00 5742
297 18,94 0,83 0,61 125,00 3.014,00 5742
298 18,94 0,83 0,61 125,00 3.024,00 5742
299 18,94 0,83 0,61 125,00 3.034,00 5742
300 18,94 0,83 0,61 116,00 3.044,00 5742
301 18,94 0,83 0,61 116,00 3.054,00 5752
302 18,94 0,72 0,53 116,00 3.064,00 5752
303 18,94 0,72 0,53 116,00 3.074,00 5752
304 18,94 0,72 0,53 116,00 3.084,00 5752
305 18,94 0,72 0,53 116,00 3.094,00 5752
306 18,94 0,72 0,53 116,00 3.104,00 5762
307 18,94 0,72 0,53 116,00 3.114,00 5773
308 18,94 0,70 0,52 116,00 3.124,00 5778
309 18,94 0,70 0,52 116,00 3.134,00 5780
310 18,94 0,70 0,52 116,00 3.144,00 5780
311 18,94 0,70 0,51 116,00 3.154,00 5780
312 18,94 0,70 0,51 116,00 3.164,00 5780
313 18,94 0,70 0,51 116,00 3.174,00 5782
314 18,94 0,70 0,51 116,00 3.184,00 5783
315 18,94 0,70 0,51 116,00 3.194,00 5783
316 18,94 0,70 0,51 116,00 3.204,00 5783
317 18,94 0,70 0,51 116,00 3.214,00 5783
318 18,94 0,70 0,51 116,00 3.224,00 5783
319 18,94 0,70 0,51 116,00 3.234,00 5783
320 18,94 0,68 0,50 116,00 3.244,00 5783
321 18,94 0,68 0,50 116,00 3.254,00 5783
322 18,94 0,68 0,50 116,00 3.264,00 5783
323 18,94 0,68 0,50 116,00 3.274,00 5783
324 18,94 0,68 0,50 116,00 3.284,00 5783
325 18,94 0,68 0,50 116,00 3.294,00 5783
326 18,94 0,66 0,49 116,00 3.304,00 5783
327 18,94 0,66 0,49 116,00 3.314,00 5783
328 18,94 0,66 0,49 116,00 3.324,00 5783
329 18,94 0,66 0,48 116,00 3.334,00 5783
330 18,94 0,66 0,48 125,00 3.344,00 5783
331 18,94 0,66 0,48 125,00 3.354,00 5809
332 18,94 0,66 0,48 125,00 3.364,00 5815
333 18,94 0,70 0,52 125,00 3.374,00 5818
334 18,94 0,70 0,52 125,00 3.384,00 5819
335 18,94 0,70 0,52 125,00 3.394,00 5820
336 18,94 0,70 0,52 125,00 3.404,00 5820
337 18,94 0,70 0,52 125,00 3.414,00 5820
338 18,94 0,70 0,52 125,00 3.424,00 5820
339 18,94 0,70 0,52 125,00 3.434,00 5820
340 18,94 0,70 0,52 125,00 3.444,00 5820
341 18,94 0,70 0,52 125,00 3.454,00 5820
342 18,94 0,68 0,50 125,00 3.464,00 5820
343 18,94 0,68 0,50 125,00 3.474,00 5820
344 18,94 0,68 0,50 125,00 3.484,00 5820
345 18,94 0,68 0,50 125,00 3.494,00 5820
346 18,94 0,68 0,50 125,00 3.504,00 5820
347 18,94 0,68 0,50 125,00 3.514,00 5820
348 18,94 0,67 0,49 125,00 3.524,00 5820
349 18,94 0,67 0,49 125,00 3.534,00 5820
350 18,94 0,67 0,49 125,00 3.544,00 5820
351 18,94 0,67 0,49 125,00 3.554,00 5820
352 18,94 0,67 0,49 125,00 3.564,00 5820
353 18,94 0,67 0,49 125,00 3.574,00 5820
354 18,94 0,67 0,49 125,00 3.584,00 5820
355 18,94 0,67 0,49 125,00 3.594,00 5820
356 18,94 0,67 0,49 125,00 3.604,00 5820
357 18,94 0,67 0,49 125,00 3.614,00 5820
358 18,94 0,67 0,49 125,00 3.624,00 5820
359 18,94 0,67 0,49 125,00 3.634,00 5820
360 18,94 0,67 0,49 125,00 3.644,00 5820
361 18,94 0,65 0,48 125,00 3.654,00 5827
362 18,94 0,65 0,48 125,00 3.664,00 5827
363 18,94 0,65 0,48 125,00 3.674,00 5827
364 18,94 0,65 0,48 125,00 3.684,00 5827
365 18,94 0,65 0,48 125,00 3.694,00 5827
366 18,94 0,65 0,48 125,00 3.704,00 5827
367 18,94 0,65 0,48 125,00 3.714,00 5827
368 18,94 0,65 0,48 125,00 3.724,00 5827
369 18,94 0,65 0,48 125,00 3.734,00 5827
370 18,94 0,65 0,48 125,00 3.744,00 5827
371 18,94 0,65 0,48 125,00 3.754,00 5827
372 18,94 0,65 0,48 125,00 3.764,00 5827
373 18,94 0,65 0,48 125,00 3.774,00 5827
374 18,94 0,65 0,48 125,00 3.784,00 5827
375 18,94 0,65 0,48 125,00 3.794,00 5827
376 18,94 0,65 0,48 125,00 3.804,00 5827
377 18,94 0,65 0,48 125,00 3.814,00 5827
378 18,94 0,62 0,45 125,00 3.824,00 5827
379 18,94 0,62 0,45 125,00 3.834,00 5827
380 18,94 0,62 0,45 125,00 3.844,00 5827
381 18,94 0,61 0,45 125,00 3.854,00 5827
382 18,94 0,61 0,45 125,00 3.864,00 5827
383 18,94 0,61 0,45 125,00 3.874,00 5833
384 18,94 0,61 0,45 125,00 3.884,00 5833
385 18,94 0,61 0,45 125,00 3.894,00 5833
386 18,94 0,61 0,45 125,00 3.904,00 5833
387 18,94 0,61 0,45 125,00 3.914,00 5833
388 18,94 0,61 0,45 125,00 3.924,00 5833
389 18,94 0,61 0,45 125,00 3.934,00 5833
390 18,94 0,61 0,45 132,00 3.944,00 5833
391 18,94 0,61 0,45 132,00 3.954,00 5854
392 18,94 0,61 0,45 132,00 3.964,00 5858
393 18,94 0,61 0,45 132,00 3.974,00 5861
394 18,94 0,61 0,45 132,00 3.984,00 5861
395 18,94 0,61 0,45 132,00 3.994,00 5861
396 18,94 0,61 0,45 132,00 4.004,00 5861
397 18,94 0,61 0,45 132,00 4.014,00 5861
398 18,94 0,61 0,45 132,00 4.024,00 5861
399 18,94 0,61 0,45 132,00 4.034,00 5861
400 18,94 0,61 0,45 132,00 4.044,00 5861
401 18,94 0,61 0,45 132,00 4.054,00 5865
402 18,94 0,61 0,45 132,00 4.064,00 5866
403 18,94 0,61 0,45 132,00 4.074,00 5866
404 18,94 0,61 0,45 132,00 4.084,00 5866
405 18,94 0,61 0,45 132,00 4.094,00 5866
406 18,94 0,61 0,45 132,00 4.104,00 5866
407 18,94 0,61 0,45 132,00 4.114,00 5866
408 18,94 0,61 0,45 132,00 4.124,00 5866
409 18,94 0,60 0,44 132,00 4.134,00 5866
410 18,94 0,60 0,44 132,00 4.144,00 5866
411 18,94 0,60 0,44 132,00 4.154,00 5866
412 18,94 0,60 0,44 132,00 4.164,00 5866
413 18,94 0,60 0,44 132,00 4.174,00 5866
414 18,94 0,60 0,44 132,00 4.184,00 5866
415 18,94 0,60 0,44 132,00 4.194,00 5866
416 18,94 0,60 0,44 132,00 4.204,00 5866
417 18,94 0,60 0,44 132,00 4.214,00 5866
418 18,94 0,60 0,44 132,00 4.224,00 5866
419 18,94 0,60 0,44 132,00 4.234,00 5866
420 18,94 0,60 0,44 128,00 4.244,00 5866
421 18,94 0,60 0,44 128,00 4.254,00 5875
422 18,94 0,60 0,44 128,00 4.264,00 5878
423 18,94 0,60 0,44 128,00 4.274,00 5879
424 18,94 0,60 0,44 128,00 4.284,00 5879
425 18,94 0,60 0,44 128,00 4.294,00 5879
426 18,94 0,60 0,44 128,00 4.304,00 5879
427 18,94 0,60 0,44 128,00 4.314,00 5879
428 18,94 0,60 0,44 128,00 4.324,00 5880
429 18,94 0,60 0,44 128,00 4.334,00 5880
430 18,94 0,60 0,44 128,00 4.344,00 5880
431 18,94 0,60 0,44 128,00 4.354,00 5880
432 18,94 0,60 0,44 128,00 4.364,00 5880
433 18,94 0,60 0,44 128,00 4.374,00 5880
434 18,94 0,60 0,44 128,00 4.384,00 5880
435 18,94 0,60 0,44 128,00 4.394,00 5880
436 18,94 0,60 0,44 128,00 4.404,00 5880
437 18,94 0,60 0,44 128,00 4.414,00 5880
438 18,94 0,60 0,44 128,00 4.424,00 5880
439 18,94 0,60 0,44 128,00 4.434,00 5880
440 18,94 0,60 0,44 128,00 4.444,00 5880
441 18,94 0,60 0,44 128,00 4.454,00 5880
442 18,94 0,60 0,44 128,00 4.464,00 5880
443 18,94 0,54 0,40 128,00 4.474,00 5880
444 18,94 0,54 0,40 128,00 4.484,00 5880
445 18,94 0,54 0,40 128,00 4.494,00 5880
446 18,94 0,54 0,40 128,00 4.504,00 5880
447 18,94 0,54 0,40 128,00 4.514,00 5880
448 18,94 0,54 0,40 128,00 4.524,00 5880
449 18,94 0,54 0,40 128,00 4.534,00 5880
450 18,94 0,54 0,40 140,00 4.544,00 5880
451 18,94 0,54 0,40 140,00 4.554,00 5901
452 18,94 0,54 0,40 140,00 4.564,00 5908
453 18,94 0,58 0,43 140,00 4.574,00 5908
454 18,94 0,58 0,43 140,00 4.584,00 5908
455 18,94 0,58 0,43 140,00 4.594,00 5908
456 18,94 0,58 0,43 140,00 4.604,00 5909
457 18,94 0,58 0,43 140,00 4.614,00 5909
458 18,94 0,58 0,43 140,00 4.624,00 5909
459 18,94 0,57 0,42 140,00 4.634,00 5909
460 18,94 0,57 0,42 140,00 4.644,00 5909
461 18,94 0,57 0,42 140,00 4.654,00 5909
462 18,94 0,57 0,42 140,00 4.664,00 5909
463 18,94 0,57 0,42 140,00 4.674,00 5909
464 18,94 0,57 0,42 140,00 4.684,00 5909
465 18,94 0,57 0,42 140,00 4.694,00 5909
466 18,94 0,57 0,42 140,00 4.704,00 5909
467 18,94 0,57 0,42 140,00 4.714,00 5909
468 18,94 0,57 0,42 140,00 4.724,00 5909
469 18,94 0,57 0,42 140,00 4.734,00 5909
470 18,94 0,57 0,42 140,00 4.744,00 5909
471 18,94 0,57 0,42 140,00 4.754,00 5909
472 18,94 0,57 0,42 140,00 4.764,00 5909
473 18,94 0,57 0,42 140,00 4.774,00 5909
474 18,94 0,55 0,41 140,00 4.784,00 5909
475 18,94 0,55 0,41 140,00 4.794,00 5909
476 18,94 0,55 0,41 140,00 4.804,00 5909
477 18,94 0,55 0,41 140,00 4.814,00 5909
478 18,94 0,55 0,41 140,00 4.824,00 5909
479 18,94 0,55 0,41 140,00 4.834,00 5909
480 18,94 0,55 0,41 146,00 4.844,00 5909
481 18,94 0,55 0,41 146,00 4.854,00 5915
482 18,94 0,57 0,42 146,00 4.864,00 5916
483 18,94 0,57 0,42 146,00 4.874,00 5916
484 18,94 0,57 0,42 146,00 4.884,00 5916
485 18,94 0,57 0,42 146,00 4.894,00 5916
486 18,94 0,57 0,42 146,00 4.904,00 5916
487 18,94 0,57 0,42 146,00 4.914,00 5916
488 18,94 0,57 0,42 146,00 4.924,00 5916
489 18,94 0,57 0,42 146,00 4.934,00 5916
490 18,94 0,57 0,42 146,00 4.944,00 5916
491 18,94 0,57 0,42 146,00 4.954,00 5916
492 18,94 0,57 0,42 146,00 4.964,00 5916
493 18,94 0,57 0,42 146,00 4.974,00 5916
494 18,94 0,57 0,42 146,00 4.984,00 5916
495 18,94 0,55 0,41 146,00 4.994,00 5916
496 18,94 0,55 0,41 146,00 5.004,00 5916
497 18,94 0,55 0,41 146,00 5.014,00 5916
498 18,94 0,55 0,40 146,00 5.024,00 5916
499 18,94 0,55 0,40 146,00 5.034,00 5916
500 18,94 0,55 0,40 146,00 5.044,00 5916
501 18,94 0,55 0,40 146,00 5.054,00 5916
502 18,94 0,55 0,40 146,00 5.064,00 5916
503 18,94 0,54 0,40 146,00 5.074,00 5916
504 18,94 0,54 0,40 146,00 5.084,00 5916
505 18,94 0,54 0,40 146,00 5.094,00 5919
506 18,94 0,54 0,40 146,00 5.104,00 5919
507 18,94 0,54 0,40 146,00 5.114,00 5919
508 18,94 0,54 0,40 146,00 5.124,00 5919
509 18,94 0,54 0,40 146,00 5.134,00 5919
510 18,94 0,54 0,40 158,00 5.144,00 5919
511 18,94 0,58 0,43 158,00 5.154,00 5935
512 18,94 0,58 0,43 158,00 5.164,00 5937
513 18,94 0,58 0,43 158,00 5.174,00 5938
514 18,94 0,58 0,43 158,00 5.184,00 5938
515 18,94 0,58 0,42 158,00 5.194,00 5938
516 18,94 0,58 0,42 158,00 5.204,00 5938
517 18,94 0,58 0,42 158,00 5.214,00 5938
518 18,94 0,58 0,42 158,00 5.224,00 5938
519 18,94 0,58 0,42 158,00 5.234,00 5938
520 18,94 0,58 0,42 158,00 5.244,00 5938
521 18,94 0,58 0,42 158,00 5.254,00 5938
522 18,94 0,58 0,42 158,00 5.264,00 5938
523 18,94 0,58 0,42 158,00 5.274,00 5938
524 18,94 0,57 0,42 158,00 5.284,00 5938
525 18,94 0,57 0,42 158,00 5.294,00 5938
526 18,94 0,57 0,42 158,00 5.304,00 5938
527 18,94 0,57 0,42 158,00 5.314,00 5938
528 18,94 0,57 0,42 158,00 5.324,00 5938
529 18,94 0,57 0,42 158,00 5.334,00 5938
530 18,94 0,57 0,42 158,00 5.344,00 5938
531 18,94 0,57 0,42 158,00 5.354,00 5938
532 18,94 0,57 0,42 158,00 5.364,00 5938
533 18,94 0,57 0,42 158,00 5.374,00 5938
534 18,94 0,57 0,42 158,00 5.384,00 5938
535 18,94 0,57 0,42 158,00 5.394,00 5938
536 18,94 0,57 0,42 158,00 5.404,00 5938
537 18,94 0,57 0,42 158,00 5.414,00 5938
538 18,94 0,57 0,42 158,00 5.424,00 5938
539 18,94 0,57 0,42 158,00 5.434,00 5938
540 18,94 0,57 0,42 158,00 5.444,00 5938
541 18,94 0,57 0,42 158,00 5.454,00 5942
542 18,94 0,55 0,40 158,00 5.464,00 5944
543 18,94 0,55 0,40 158,00 5.474,00 5946
544 18,94 0,55 0,40 158,00 5.484,00 5947
545 18,94 0,55 0,40 158,00 5.494,00 5958
546 18,94 0,55 0,40 158,00 5.504,00 5965
547 18,94 0,55 0,40 158,00 5.514,00 5965
548 18,94 0,55 0,40 158,00 5.524,00 5965
549 18,94 0,55 0,40 158,00 5.534,00 5965
550 18,94 0,55 0,40 158,00 5.544,00 5965
551 18,94 0,55 0,40 158,00 5.554,00 5965
552 18,94 0,54 0,40 158,00 5.564,00 5965
553 18,94 0,54 0,40 158,00 5.574,00 5965
554 18,94 0,54 0,40 158,00 5.584,00 5965
555 18,94 0,53 0,39 158,00 5.594,00 5965
556 18,94 0,53 0,39 158,00 5.604,00 5965
557 18,94 0,53 0,39 158,00 5.614,00 5965
558 18,94 0,53 0,39 158,00 5.624,00 5965
559 18,94 0,53 0,39 158,00 5.634,00 5969
560 18,94 0,53 0,39 158,00 5.644,00 5969
561 18,94 0,53 0,39 158,00 5.654,00 5969
562 18,94 0,53 0,39 158,00 5.664,00 5969
563 18,94 0,53 0,39 158,00 5.674,00 5969
564 18,94 0,53 0,39 158,00 5.684,00 5969
565 18,94 0,53 0,39 158,00 5.694,00 5969
566 18,94 0,53 0,39 158,00 5.704,00 5969
567 18,94 0,53 0,39 158,00 5.714,00 5969
568 18,94 0,53 0,39 158,00 5.724,00 5969
569 18,94 0,52 0,38 158,00 5.734,00 5969
570 18,94 0,52 0,38 160,00 5.744,00 5969
571 18,94 0,52 0,38 160,00 5.754,00 5988
572 18,94 0,52 0,38 160,00 5.764,00 5994
573 18,94 0,52 0,38 160,00 5.774,00 5999
574 18,94 0,52 0,38 160,00 5.784,00 6004
575 18,94 0,52 0,38 160,00 5.794,00 6007
576 18,94 0,52 0,38 160,00 5.804,00 6009
577 18,94 0,52 0,38 160,00 5.814,00 6010
578 18,94 0,52 0,38 160,00 5.824,00 6010
579 18,94 0,52 0,38 160,00 5.834,00 6010
580 18,94 0,52 0,38 160,00 5.844,00 6010
581 18,94 0,52 0,38 160,00 5.854,00 6010
582 18,94 0,52 0,38 160,00 5.864,00 6010
583 18,94 0,52 0,38 160,00 5.874,00 6010
584 18,94 0,52 0,38 160,00 5.884,00 6010
585 18,94 0,52 0,38 160,00 5.894,00 6010
586 18,94 0,52 0,38 160,00 5.904,00 6010
587 18,94 0,52 0,38 160,00 5.914,00 6010
588 18,94 0,51 0,38 160,00 5.924,00 6010
589 18,94 0,51 0,38 160,00 5.934,00 6010
590 18,94 0,51 0,38 160,00 5.944,00 6010
591 18,94 0,51 0,38 160,00 5.954,00 6010
592 18,94 0,51 0,38 160,00 5.964,00 6010
593 18,94 0,51 0,38 160,00 5.974,00 6010
594 18,94 0,51 0,38 160,00 5.984,00 6010
595 18,94 0,51 0,38 160,00 5.994,00 6010
596 18,94 0,51 0,38 160,00 6.004,00 6010
597 18,94 0,51 0,38 160,00 6.014,00 6010
598 18,94 0,51 0,38 160,00 6.024,00 6010
599 18,94 0,51 0,38 160,00 6.034,00 6010
600 18,94 0,51 0,38 154,00 6.044,00 6010
601 18,94 0,51 0,38 154,00 6.054,00 6019
602 18,94 0,51 0,38 154,00 6.064,00 6021
603 18,94 0,48 0,35 154,00 6.074,00 6022
604 18,94 0,48 0,35 154,00 6.084,00 6022
605 18,94 0,48 0,35 154,00 6.094,00 6022
606 18,94 0,48 0,35 154,00 6.104,00 6022
607 18,94 0,48 0,35 154,00 6.114,00 6022
608 18,94 0,48 0,35 154,00 6.124,00 6023
609 18,94 0,48 0,35 154,00 6.134,00 6023
610 18,94 0,48 0,35 154,00 6.144,00 6023
611 18,94 0,48 0,35 154,00 6.154,00 6023
612 18,94 0,48 0,35 154,00 6.164,00 6023
613 18,94 0,48 0,35 154,00 6.174,00 6023
614 18,94 0,48 0,35 154,00 6.184,00 6023
615 18,94 0,48 0,35 154,00 6.194,00 6023
616 18,94 0,48 0,35 154,00 6.204,00 6023
617 18,94 0,48 0,35 154,00 6.214,00 6023
618 18,94 0,48 0,35 154,00 6.224,00 6023
619 18,94 0,48 0,35 154,00 6.234,00 6023
620 18,94 0,48 0,35 154,00 6.244,00 6023
621 18,94 0,48 0,35 154,00 6.254,00 6023
622 18,94 0,47 0,34 154,00 6.264,00 6023
623 18,94 0,47 0,34 154,00 6.274,00 6023
624 18,94 0,47 0,34 154,00 6.284,00 6023
625 18,94 0,47 0,34 154,00 6.294,00 6023
626 18,94 0,47 0,34 154,00 6.304,00 6023
627 18,94 0,47 0,34 154,00 6.314,00 6023
628 18,94 0,47 0,34 154,00 6.324,00 6023
629 18,94 0,47 0,34 154,00 6.334,00 6023
630 18,94 0,47 0,34 161,00 6.344,00 6023
631 18,94 0,47 0,34 161,00 6.354,00 6039
632 18,94 0,47 0,34 161,00 6.364,00 6043
633 18,94 0,48 0,35 161,00 6.374,00 6043
634 18,94 0,48 0,35 161,00 6.384,00 6043
635 18,94 0,48 0,35 161,00 6.394,00 6043
636 18,94 0,48 0,35 161,00 6.404,00 6043
637 18,94 0,48 0,35 161,00 6.414,00 6043
638 18,94 0,48 0,35 161,00 6.424,00 6043
639 18,94 0,48 0,35 161,00 6.434,00 6043
640 18,94 0,48 0,35 161,00 6.444,00 6043
641 18,94 0,48 0,35 161,00 6.454,00 6043
642 18,94 0,48 0,35 161,00 6.464,00 6043
643 18,94 0,48 0,35 161,00 6.474,00 6043
644 18,94 0,48 0,35 161,00 6.484,00 6043
645 18,94 0,48 0,35 161,00 6.494,00 6043
646 18,94 0,48 0,35 161,00 6.504,00 6043
647 18,94 0,48 0,35 161,00 6.514,00 6043
648 18,94 0,48 0,35 161,00 6.524,00 6043
649 18,94 0,48 0,35 161,00 6.534,00 6043
650 18,94 0,48 0,35 161,00 6.544,00 6043
651 18,94 0,48 0,35 161,00 6.554,00 6043
652 18,94 0,48 0,35 161,00 6.564,00 6043
653 18,94 0,48 0,35 161,00 6.574,00 6043
654 18,94 0,48 0,35 161,00 6.584,00 6043
655 18,94 0,48 0,35 161,00 6.594,00 6043
656 18,94 0,48 0,35 161,00 6.604,00 6043
657 18,94 0,46 0,34 161,00 6.614,00 6043
658 18,94 0,46 0,34 161,00 6.624,00 6043
659 18,94 0,46 0,34 161,00 6.634,00 6043
660 18,94 0,46 0,34 170,00 6.644,00 6043
661 18,94 0,48 0,36 170,00 6.654,00 6047
662 18,94 0,48 0,36 170,00 6.664,00 6047
663 18,94 0,48 0,36 170,00 6.674,00 6047
664 18,94 0,48 0,36 170,00 6.684,00 6047
665 18,94 0,48 0,36 170,00 6.694,00 6047
666 18,94 0,48 0,36 170,00 6.704,00 6047
667 18,94 0,48 0,36 170,00 6.714,00 6047
668 18,94 0,48 0,36 170,00 6.724,00 6048
669 18,94 0,48 0,36 170,00 6.734,00 6048
670 18,94 0,48 0,36 170,00 6.744,00 6048
671 18,94 0,48 0,36 170,00 6.754,00 6048
672 18,94 0,48 0,36 170,00 6.764,00 6048
673 18,94 0,48 0,36 170,00 6.774,00 6048
674 18,94 0,48 0,36 170,00 6.784,00 6048
675 18,94 0,48 0,36 170,00 6.794,00 6048
676 18,94 0,48 0,36 170,00 6.804,00 6048
677 18,94 0,48 0,36 170,00 6.814,00 6048
678 18,94 0,48 0,36 170,00 6.824,00 6048
679 18,94 0,48 0,36 170,00 6.834,00 6048
680 18,94 0,48 0,36 170,00 6.844,00 6048
681 18,94 0,48 0,36 170,00 6.854,00 6048
682 18,94 0,48 0,36 170,00 6.864,00 6048
683 18,94 0,47 0,34 170,00 6.874,00 6048
684 18,94 0,47 0,34 170,00 6.884,00 6048
685 18,94 0,47 0,34 170,00 6.894,00 6048
686 18,94 0,47 0,34 170,00 6.904,00 6048
687 18,94 0,47 0,34 170,00 6.914,00 6048
688 18,94 0,46 0,34 170,00 6.924,00 6048
689 18,94 0,46 0,34 170,00 6.934,00 6048
690 18,94 0,46 0,34 183,00 6.944,00 6048
691 18,94 0,46 0,34 183,00 6.954,00 6060
692 18,94 0,46 0,34 183,00 6.964,00 6063
693 18,94 0,46 0,34 183,00 6.974,00 6066
694 18,94 0,46 0,34 183,00 6.984,00 6067
695 18,94 0,50 0,36 183,00 6.994,00 6068
696 18,94 0,49 0,36 183,00 7.004,00 6070
697 18,94 0,49 0,36 183,00 7.014,00 6070
698 18,94 0,49 0,36 183,00 7.024,00 6070
699 18,94 0,49 0,36 183,00 7.034,00 6070
700 18,94 0,49 0,36 183,00 7.044,00 6070
701 18,94 0,49 0,36 183,00 7.054,00 6070
702 18,94 0,49 0,36 183,00 7.064,00 6070
703 18,94 0,49 0,36 183,00 7.074,00 6070
704 18,94 0,49 0,36 183,00 7.084,00 6070
705 18,94 0,49 0,36 183,00 7.094,00 6070
706 18,94 0,49 0,36 183,00 7.104,00 6070
707 18,94 0,49 0,36 183,00 7.114,00 6070
708 18,94 0,49 0,36 183,00 7.124,00 6070
709 18,94 0,49 0,36 183,00 7.134,00 6070
710 18,94 0,49 0,36 183,00 7.144,00 6070
711 18,94 0,48 0,36 183,00 7.154,00 6070
712 18,94 0,48 0,36 183,00 7.164,00 6070
713 18,94 0,48 0,36 183,00 7.174,00 6070
714 18,94 0,48 0,36 183,00 7.184,00 6070
715 18,94 0,48 0,36 183,00 7.194,00 6070
716 18,94 0,48 0,36 183,00 7.204,00 6070
717 18,94 0,48 0,36 183,00 7.214,00 6070
718 18,94 0,48 0,36 183,00 7.224,00 6070
719 18,94 0,48 0,36 183,00 7.234,00 6070
720 18,94 0,48 0,36 174,00 7.244,00 6070
721 18,94 0,45 0,33 174,00 7.254,00 6073
722 18,94 0,45 0,33 174,00 7.264,00 6073
723 18,94 0,45 0,33 174,00 7.274,00 6073
724 18,94 0,45 0,33 174,00 7.284,00 6073
725 18,94 0,45 0,33 174,00 7.294,00 6073
726 18,94 0,45 0,33 174,00 7.304,00 6073
727 18,94 0,45 0,33 174,00 7.314,00 6073
728 18,94 0,45 0,33 174,00 7.324,00 6073
729 18,94 0,45 0,33 174,00 7.334,00 6073
730 18,94 0,45 0,33 174,00 7.344,00 6073
731 18,94 0,45 0,33 174,00 7.354,00 6073
732 18,94 0,45 0,33 174,00 7.364,00 6073
733 18,94 0,45 0,33 174,00 7.374,00 6073
734 18,94 0,45 0,33 174,00 7.384,00 6073
735 18,94 0,45 0,33 174,00 7.394,00 6073
736 18,94 0,45 0,33 174,00 7.404,00 6073
737 18,94 0,45 0,33 174,00 7.414,00 6073
738 18,94 0,45 0,33 174,00 7.424,00 6073
739 18,94 0,45 0,33 174,00 7.434,00 6073
740 18,94 0,45 0,33 174,00 7.444,00 6073
741 18,94 0,45 0,33 174,00 7.454,00 6073
742 18,94 0,45 0,33 174,00 7.464,00 6073
743 18,94 0,44 0,32 174,00 7.474,00 6073
744 18,94 0,44 0,32 174,00 7.484,00 6073
745 18,94 0,44 0,32 174,00 7.494,00 6073
746 18,94 0,44 0,32 174,00 7.504,00 6073
747 18,94 0,44 0,32 174,00 7.514,00 6073
748 18,94 0,44 0,32 174,00 7.524,00 6073
749 18,94 0,44 0,32 174,00 7.534,00 6073
750 18,94 0,44 0,32 181,00 7.544,00 6073
751 18,94 0,44 0,32 181,00 7.554,00 6081
752 18,94 0,44 0,32 181,00 7.564,00 6085
753 18,94 0,44 0,32 181,00 7.574,00 6085
754 18,94 0,44 0,32 181,00 7.584,00 6085
755 18,94 0,44 0,32 181,00 7.594,00 6085
756 18,94 0,44 0,32 181,00 7.604,00 6085
757 18,94 0,44 0,32 181,00 7.614,00 6085
758 18,94 0,44 0,32 181,00 7.624,00 6091
759 18,94 0,45 0,33 181,00 7.634,00 6094
760 18,94 0,45 0,33 181,00 7.644,00 6096
761 18,94 0,45 0,33 181,00 7.654,00 6097
762 18,94 0,45 0,33 181,00 7.664,00 6098
763 18,94 0,45 0,33 181,00 7.674,00 6098
764 18,94 0,45 0,33 181,00 7.684,00 6098
765 18,94 0,45 0,33 181,00 7.694,00 6098
766 18,94 0,45 0,33 181,00 7.704,00 6098
767 18,94 0,45 0,33 181,00 7.714,00 6098
768 18,94 0,45 0,33 181,00 7.724,00 6098
769 18,94 0,45 0,33 181,00 7.734,00 6098
770 18,94 0,45 0,33 181,00 7.744,00 6098
771 18,94 0,45 0,33 181,00 7.754,00 6098
772 18,94 0,44 0,32 181,00 7.764,00 6098
773 18,94 0,44 0,32 181,00 7.774,00 6098
774 18,94 0,44 0,32 181,00 7.784,00 6098
775 18,94 0,44 0,32 181,00 7.794,00 6098
776 18,94 0,44 0,32 181,00 7.804,00 6098
777 18,94 0,44 0,32 181,00 7.814,00 6098
778 18,94 0,44 0,32 181,00 7.824,00 6098
779 18,94 0,44 0,32 181,00 7.834,00 6098
780 18,94 0,44 0,32 181,00 7.844,00 6098
781 18,94 0,44 0,32 181,00 7.854,00 6102
782 18,94 0,44 0,32 181,00 7.864,00 6107
783 18,94 0,44 0,32 181,00 7.874,00 6110
784 18,94 0,44 0,32 181,00 7.884,00 6111
785 18,94 0,44 0,32 181,00 7.894,00 6111
786 18,94 0,44 0,32 181,00 7.904,00 6111
787 18,94 0,44 0,32 181,00 7.914,00 6111
788 18,94 0,44 0,32 181,00 7.924,00 6111
789 18,94 0,44 0,32 181,00 7.934,00 6111
790 18,94 0,44 0,32 181,00 7.944,00 6111
791 18,94 0,43 0,32 181,00 7.954,00 6111
792 18,94 0,43 0,32 181,00 7.964,00 6111
793 18,94 0,43 0,32 181,00 7.974,00 6111
794 18,94 0,43 0,32 181,00 7.984,00 6111
795 18,94 0,43 0,32 181,00 7.994,00 6111
796 18,94 0,43 0,32 181,00 8.004,00 6111
797 18,94 0,43 0,31 181,00 8.014,00 6111
798 18,94 0,43 0,31 181,00 8.024,00 6111
799 18,94 0,43 0,31 181,00 8.034,00 6111
800 18,94 0,43 0,31 181,00 8.044,00 6111
801 18,94 0,43 0,31 181,00 8.054,00 6111
802 18,94 0,43 0,31 181,00 8.064,00 6111
803 18,94 0,43 0,31 181,00 8.074,00 6111
804 18,94 0,43 0,31 181,00 8.084,00 6111
805 18,94 0,43 0,31 181,00 8.094,00 6111
806 18,94 0,43 0,31 181,00 8.104,00 6111
807 18,94 0,43 0,31 181,00 8.114,00 6111
808 18,94 0,43 0,31 181,00 8.124,00 6111
809 18,94 0,43 0,31 181,00 8.134,00 6111
810 18,94 0,43 0,31 183,00 8.144,00 6111
811 18,94 0,43 0,31 183,00 8.154,00 6120
812 18,94 0,43 0,31 183,00 8.164,00 6122
813 18,94 0,43 0,31 183,00 8.174,00 6123
814 18,94 0,43 0,31 183,00 8.184,00 6123
815 18,94 0,43 0,31 183,00 8.194,00 6123
816 18,94 0,43 0,31 183,00 8.204,00 6123
817 18,94 0,43 0,31 183,00 8.214,00 6123
818 18,94 0,43 0,31 183,00 8.224,00 6123
819 18,94 0,43 0,31 183,00 8.234,00 6123
820 18,94 0,43 0,31 183,00 8.244,00 6123
821 18,94 0,43 0,31 183,00 8.254,00 6123
822 18,94 0,43 0,31 183,00 8.264,00 6123
823 18,94 0,43 0,31 183,00 8.274,00 6123
824 18,94 0,42 0,31 183,00 8.284,00 6123
825 18,94 0,42 0,31 183,00 8.294,00 6123
826 18,94 0,42 0,31 183,00 8.304,00 6123
827 18,94 0,42 0,31 183,00 8.314,00 6123
828 18,94 0,42 0,31 183,00 8.324,00 6123
829 18,94 0,42 0,31 183,00 8.334,00 6123
830 18,94 0,42 0,31 183,00 8.344,00 6123
831 18,94 0,42 0,31 183,00 8.354,00 6123
832 18,94 0,42 0,31 183,00 8.364,00 6123
833 18,94 0,42 0,31 183,00 8.374,00 6123
834 18,94 0,42 0,31 183,00 8.384,00 6123
835 18,94 0,42 0,31 183,00 8.394,00 6123
836 18,94 0,42 0,31 183,00 8.404,00 6123
837 18,94 0,42 0,31 183,00 8.414,00 6123
838 18,94 0,42 0,31 183,00 8.424,00 6123
839 18,94 0,42 0,31 183,00 8.434,00 6123
840 18,94 0,42 0,31 194,00 8.444,00 6123
841 18,94 0,42 0,31 194,00 8.454,00 6130
842 18,94 0,42 0,31 194,00 8.464,00 6130
843 18,94 0,43 0,32 194,00 8.474,00 6130
844 18,94 0,43 0,32 194,00 8.484,00 6130
845 18,94 0,43 0,32 194,00 8.494,00 6130
846 18,94 0,43 0,32 194,00 8.504,00 6130
847 18,94 0,43 0,32 194,00 8.514,00 6130
848 18,94 0,43 0,32 194,00 8.524,00 6130
849 18,94 0,43 0,32 194,00 8.534,00 6130
850 18,94 0,43 0,32 194,00 8.544,00 6130
851 18,94 0,43 0,32 194,00 8.554,00 6130
852 18,94 0,43 0,32 194,00 8.564,00 6130
853 18,94 0,43 0,32 194,00 8.574,00 6130
854 18,94 0,43 0,32 194,00 8.584,00 6130
855 18,94 0,43 0,32 194,00 8.594,00 6130
856 18,94 0,43 0,32 194,00 8.604,00 6130
857 18,94 0,43 0,32 194,00 8.614,00 6130
858 18,94 0,43 0,32 194,00 8.624,00 6130
859 18,94 0,43 0,32 194,00 8.634,00 6130
860 18,94 0,43 0,32 194,00 8.644,00 6130
861 18,94 0,43 0,32 194,00 8.654,00 6130
862 18,94 0,43 0,32 194,00 8.664,00 6130
863 18,94 0,43 0,32 194,00 8.674,00 6130
864 18,94 0,43 0,32 194,00 8.684,00 6130
865 18,94 0,43 0,32 194,00 8.694,00 6130
866 18,94 0,43 0,32 194,00 8.704,00 6130
867 18,94 0,43 0,32 194,00 8.714,00 6130
868 18,94 0,43 0,32 194,00 8.724,00 6130
869 18,94 0,43 0,32 194,00 8.734,00 6130
870 18,94 0,43 0,32 192,00 8.744,00 6130
871 18,94 0,43 0,32 192,00 8.754,00 6139
872 18,94 0,43 0,32 192,00 8.764,00 6142
873 18,94 0,43 0,32 192,00 8.774,00 6144
874 18,94 0,43 0,32 192,00 8.784,00 6144
875 18,94 0,43 0,32 192,00 8.794,00 6152
876 18,94 0,43 0,32 192,00 8.804,00 6155
877 18,94 0,41 0,30 192,00 8.814,00 6156
878 18,94 0,41 0,30 192,00 8.824,00 6156
879 18,94 0,41 0,30 192,00 8.834,00 6156
880 18,94 0,41 0,30 192,00 8.844,00 6156
881 18,94 0,41 0,30 192,00 8.854,00 6156
882 18,94 0,41 0,30 192,00 8.864,00 6156
883 18,94 0,41 0,30 192,00 8.874,00 6156
884 18,94 0,41 0,30 192,00 8.884,00 6156
885 18,94 0,41 0,30 192,00 8.894,00 6156
886 18,94 0,41 0,30 192,00 8.904,00 6156
887 18,94 0,41 0,30 192,00 8.914,00 6156
888 18,94 0,41 0,30 192,00 8.924,00 6156
889 18,94 0,41 0,30 192,00 8.934,00 6156
890 18,94 0,41 0,30 192,00 8.944,00 6156
891 18,94 0,41 0,30 192,00 8.954,00 6156
892 18,94 0,41 0,30 192,00 8.964,00 6156
893 18,94 0,41 0,30 192,00 8.974,00 6156
894 18,94 0,40 0,30 192,00 8.984,00 6156
895 18,94 0,40 0,30 192,00 8.994,00 6156
896 18,94 0,40 0,30 192,00 9.004,00 6156
897 18,94 0,40 0,30 192,00 9.014,00 6156
898 18,94 0,40 0,30 192,00 9.024,00 6156
899 18,94 0,40 0,30 192,00 9.034,00 6156
900 18,94 0,40 0,30 188,00 9.044,00 6156
901 18,94 0,40 0,30 188,00 9.054,00 6161
902 18,94 0,39 0,29 188,00 9.064,00 6162
903 18,94 0,39 0,29 188,00 9.074,00 6163
904 18,94 0,39 0,29 188,00 9.084,00 6163
905 18,94 0,39 0,29 188,00 9.094,00 6164
906 18,94 0,39 0,29 188,00 9.104,00 6165
907 18,94 0,39 0,29 188,00 9.114,00 6165
908 18,94 0,39 0,29 188,00 9.124,00 6165
909 18,94 0,39 0,29 188,00 9.134,00 6165
910 18,94 0,39 0,29 188,00 9.144,00 6165
911 18,94 0,39 0,29 188,00 9.154,00 6165
912 18,94 0,39 0,29 188,00 9.164,00 6165
913 18,94 0,39 0,29 188,00 9.174,00 6165
914 18,94 0,39 0,29 188,00 9.184,00 6165
915 18,94 0,39 0,29 188,00 9.194,00 6165
916 18,94 0,39 0,29 188,00 9.204,00 6165
917 18,94 0,39 0,29 188,00 9.214,00 6165
918 18,94 0,39 0,29 188,00 9.224,00 6165
919 18,94 0,39 0,29 188,00 9.234,00 6165
920 18,94 0,39 0,29 188,00 9.244,00 6165
921 18,94 0,39 0,29 188,00 9.254,00 6165
922 18,94 0,39 0,29 188,00 9.264,00 6165
923 18,94 0,39 0,29 188,00 9.274,00 6165
924 18,94 0,39 0,29 188,00 9.284,00 6165
925 18,94 0,39 0,29 188,00 9.294,00 6165
926 18,94 0,38 0,28 188,00 9.304,00 6165
927 18,94 0,38 0,28 188,00 9.314,00 6165
928 18,94 0,38 0,28 188,00 9.324,00 6165
929 18,94 0,38 0,28 188,00 9.334,00 6165
930 18,94 0,38 0,28 198,00 9.344,00 6165
931 18,94 0,40 0,29 198,00 9.354,00 6173
932 18,94 0,40 0,29 198,00 9.364,00 6176
933 18,94 0,40 0,29 198,00 9.374,00 6176
934 18,94 0,40 0,29 198,00 9.384,00 6176
935 18,94 0,40 0,29 198,00 9.394,00 6176
936 18,94 0,40 0,29 198,00 9.404,00 6177
937 18,94 0,40 0,29 198,00 9.414,00 6177
938 18,94 0,40 0,29 198,00 9.424,00 6177
939 18,94 0,40 0,29 198,00 9.434,00 6177
940 18,94 0,40 0,29 198,00 9.444,00 6177
941 18,94 0,40 0,29 198,00 9.454,00 6177
942 18,94 0,40 0,29 198,00 9.464,00 6177
943 18,94 0,40 0,29 198,00 9.474,00 6177
944 18,94 0,40 0,29 198,00 9.484,00 6177
945 18,94 0,40 0,29 198,00 9.494,00 6177
946 18,94 0,40 0,29 198,00 9.504,00 6177
947 18,94 0,40 0,29 198,00 9.514,00 6177
948 18,94 0,40 0,29 198,00 9.524,00 6177
949 18,94 0,40 0,29 198,00 9.534,00 6177
950 18,94 0,40 0,29 198,00 9.544,00 6177
951 18,94 0,39 0,29 198,00 9.554,00 6177
952 18,94 0,39 0,29 198,00 9.564,00 6177
953 18,94 0,39 0,29 198,00 9.574,00 6177
954 18,94 0,39 0,29 198,00 9.584,00 6177
955 18,94 0,39 0,29 198,00 9.594,00 6177
956 18,94 0,39 0,29 198,00 9.604,00 6177
957 18,94 0,39 0,29 198,00 9.614,00 6177
958 18,94 0,39 0,29 198,00 9.624,00 6177
959 18,94 0,39 0,29 198,00 9.634,00 6177
960 18,94 0,39 0,29 205,00 9.644,00 6177
961 18,94 0,39 0,29 205,00 9.654,00 6179
962 18,94 0,39 0,29 205,00 9.664,00 6180
963 18,94 0,39 0,29 205,00 9.674,00 6180
964 18,94 0,39 0,29 205,00 9.684,00 6180
965 18,94 0,39 0,29 205,00 9.694,00 6181
966 18,94 0,39 0,29 205,00 9.704,00 6181
967 18,94 0,39 0,29 205,00 9.714,00 6181
968 18,94 0,39 0,29 205,00 9.724,00 6181
969 18,94 0,39 0,29 205,00 9.734,00 6181
970 18,94 0,39 0,29 205,00 9.744,00 6181
971 18,94 0,39 0,29 205,00 9.754,00 6181
972 18,94 0,39 0,29 205,00 9.764,00 6181
973 18,94 0,39 0,29 205,00 9.774,00 6181
974 18,94 0,39 0,29 205,00 9.784,00 6181
975 18,94 0,39 0,29 205,00 9.794,00 6181
976 18,94 0,39 0,29 205,00 9.804,00 6181
977 18,94 0,39 0,29 205,00 9.814,00 6181
978 18,94 0,39 0,29 205,00 9.824,00 6181
979 18,94 0,39 0,29 205,00 9.834,00 6181
980 18,94 0,39 0,29 205,00 9.844,00 6181
981 18,94 0,39 0,29 205,00 9.854,00 6181
982 18,94 0,39 0,29 205,00 9.864,00 6181
983 18,94 0,39 0,29 205,00 9.874,00 6181
984 18,94 0,39 0,29 205,00 9.884,00 6181
985 18,94 0,39 0,29 205,00 9.894,00 6181
986 18,94 0,39 0,29 205,00 9.904,00 6181
987 18,94 0,39 0,29 205,00 9.914,00 6181
988 18,94 0,39 0,29 205,00 9.924,00 6181
989 18,94 0,39 0,29 205,00 9.934,00 6181
990 18,94 0,39 0,29 211,00 9.944,00 6181
991 18,94 0,39 0,29 211,00 9.954,00 6187
992 18,94 0,39 0,29 211,00 9.964,00 6189
993 18,94 0,39 0,29 211,00 9.974,00 6189
994 18,94 0,39 0,29 211,00 9.984,00 6189
995 18,94 0,39 0,29 211,00 9.994,00 6189
996 18,94 0,39 0,29 211,00 10.004,00 6189
997 18,94 0,39 0,29 211,00 10.014,00 6189
998 18,94 0,39 0,29 211,00 10.024,00 6189
999 18,94 0,39 0,29 211,00 10.034,00 6189
