500
0 401,75 401,75 401,75 1,00 26,00
1 401,75 0,00 0,00 1,00 29,00
2 401,75 803,49 803,49 99,00 34,00
3 401,75 0,00 0,00 1,00 40,00
4 401,75 803,49 803,49 99,00 45,00
5 401,75 0,00 0,00 1,00 51,00
6 401,75 401,75 401,75 99,00 56,00
7 401,75 0,00 0,00 1,00 62,00
8 401,75 401,75 401,75 99,00 67,00
9 401,75 0,00 0,00 1,00 73,00
10 401,75 401,75 401,75 99,00 78,00
11 401,75 0,00 0,00 1,00 84,00
12 401,75 401,75 401,75 99,00 89,00
13 401,75 0,00 0,00 1,00 95,00
14 401,75 0,00 0,00 99,00 100,00
15 401,75 401,75 401,75 197,00 105,00
16 401,75 0,00 0,00 97,00 111,00
17 401,75 401,75 401,75 195,00 116,00
18 401,75 0,00 0,00 95,00 122,00
19 401,75 401,75 401,75 193,00 127,00
20 401,75 0,00 0,00 93,00 133,00
21 401,75 401,75 401,75 191,00 138,00
22 401,75 0,00 0,00 91,00 144,00
23 401,75 401,75 401,75 189,00 149,00
24 401,75 0,00 0,00 89,00 155,00
25 401,75 401,75 401,75 187,00 160,00
26 401,75 0,00 0,00 87,00 166,00
27 401,75 401,75 401,75 185,00 171,00
28 401,75 0,00 0,00 85,00 177,00
29 401,75 401,75 401,75 183,00 182,00
30 401,75 0,00 0,00 83,00 188,00
31 401,75 0,00 0,00 181,00 187,00
32 401,75 401,75 401,75 279,00 192,00
33 401,75 0,00 0,00 179,00 198,00
34 401,75 401,75 401,75 277,00 203,00
35 401,75 0,00 0,00 177,00 209,00
36 401,75 401,75 401,75 275,00 214,00
37 401,75 0,00 0,00 175,00 220,00
38 401,75 401,75 401,75 273,00 225,00
39 401,75 0,00 0,00 173,00 231,00
40 401,75 401,75 401,75 271,00 236,00
41 401,75 0,00 0,00 171,00 242,00
42 401,75 401,75 401,75 269,00 247,00
43 401,75 0,00 0,00 169,00 253,00
44 401,75 401,75 401,75 267,00 258,00
45 401,75 0,00 0,00 167,00 264,00
46 401,75 0,00 0,00 265,00 269,00
47 401,75 401,75 401,75 363,00 274,00
48 401,75 0,00 0,00 263,00 280,00
49 401,75 401,75 401,75 361,00 285,00
50 401,75 0,00 0,00 261,00 291,00
51 401,75 401,75 401,75 359,00 296,00
52 401,75 0,00 0,00 259,00 302,00
53 401,75 401,75 401,75 357,00 307,00
54 401,75 0,00 0,00 257,00 313,00
55 401,75 401,75 401,75 355,00 318,00
56 401,75 0,00 0,00 255,00 324,00
57 401,75 401,75 401,75 353,00 329,00
58 401,75 0,00 0,00 253,00 335,00
59 401,75 401,75 401,75 351,00 340,00
60 401,75 0,00 0,00 251,00 346,00
61 401,75 0,00 0,00 349,00 351,00
62 401,75 401,75 401,75 447,00 356,00
63 401,75 0,00 0,00 347,00 362,00
64 401,75 401,75 401,75 445,00 367,00
65 401,75 0,00 0,00 345,00 373,00
66 401,75 401,75 401,75 443,00 378,00
67 401,75 0,00 0,00 343,00 384,00
68 401,75 401,75 401,75 441,00 389,00
69 401,75 0,00 0,00 341,00 395,00
70 401,75 401,75 401,75 439,00 400,00
71 401,75 0,00 0,00 339,00 406,00
72 401,75 401,75 401,75 437,00 411,00
73 401,75 0,00 0,00 337,00 417,00
74 401,75 401,75 401,75 435,00 422,00
75 401,75 0,00 0,00 335,00 428,00
76 401,75 401,75 401,75 433,00 433,00
77 401,75 0,00 0,00 333,00 439,00
78 401,75 0,00 0,00 431,00 437,00
79 401,75 401,75 401,75 529,00 442,00
80 401,75 0,00 0,00 429,00 448,00
81 401,75 401,75 401,75 527,00 453,00
82 401,75 0,00 0,00 427,00 459,00
83 401,75 401,75 401,75 525,00 464,00
84 401,75 0,00 0,00 425,00 470,00
85 401,75 401,75 401,75 523,00 475,00
86 401,75 0,00 0,00 423,00 481,00
87 401,75 401,75 401,75 521,00 486,00
88 401,75 0,00 0,00 421,00 492,00
89 401,75 401,75 401,75 519,00 497,00
90 401,75 0,00 0,00 419,00 503,00
91 401,75 401,75 401,75 517,00 508,00
92 401,75 0,00 0,00 417,00 514,00
93 401,75 0,00 0,00 515,00 519,00
94 401,75 401,75 401,75 613,00 524,00
95 401,75 0,00 0,00 513,00 530,00
96 401,75 401,75 401,75 611,00 535,00
97 401,75 0,00 0,00 511,00 541,00
98 401,75 401,75 401,75 609,00 546,00
99 401,75 0,00 0,00 509,00 552,00
100 401,75 401,75 401,75 607,00 557,00
101 401,75 0,00 0,00 507,00 563,00
102 401,75 401,75 401,75 605,00 568,00
103 401,75 0,00 0,00 505,00 574,00
104 401,75 401,75 401,75 603,00 579,00
105 401,75 0,00 0,00 503,00 585,00
106 401,75 401,75 401,75 601,00 590,00
107 401,75 0,00 0,00 501,00 596,00
108 401,75 0,00 0,00 599,00 601,00
109 401,75 401,75 401,75 697,00 606,00
110 401,75 0,00 0,00 597,00 612,00
111 401,75 401,75 401,75 695,00 617,00
112 401,75 0,00 0,00 595,00 623,00
113 401,75 401,75 401,75 693,00 628,00
114 401,75 0,00 0,00 593,00 634,00
115 401,75 401,75 401,75 691,00 639,00
116 401,75 0,00 0,00 591,00 645,00
117 401,75 401,75 401,75 689,00 650,00
118 401,75 0,00 0,00 589,00 656,00
119 401,75 401,75 401,75 687,00 661,00
120 401,75 0,00 0,00 587,00 667,00
121 401,75 401,75 401,75 685,00 672,00
122 401,75 0,00 0,00 585,00 678,00
123 401,75 401,75 401,75 683,00 683,00
124 401,75 0,00 0,00 583,00 689,00
125 401,75 0,00 0,00 681,00 687,00
126 401,75 401,75 401,75 779,00 692,00
127 401,75 0,00 0,00 679,00 698,00
128 401,75 401,75 401,75 777,00 703,00
129 401,75 0,00 0,00 677,00 709,00
130 401,75 401,75 401,75 775,00 714,00
131 401,75 0,00 0,00 675,00 720,00
132 401,75 401,75 401,75 773,00 725,00
133 401,75 0,00 0,00 673,00 731,00
134 401,75 401,75 401,75 771,00 736,00
135 401,75 0,00 0,00 671,00 742,00
136 401,75 401,75 401,75 769,00 747,00
137 401,75 0,00 0,00 669,00 753,00
138 401,75 401,75 401,75 767,00 758,00
139 401,75 0,00 0,00 667,00 764,00
140 401,75 0,00 0,00 765,00 769,00
141 401,75 401,75 401,75 863,00 774,00
142 401,75 0,00 0,00 763,00 780,00
143 401,75 401,75 401,75 861,00 785,00
144 401,75 0,00 0,00 761,00 791,00
145 401,75 401,75 401,75 859,00 796,00
146 401,75 0,00 0,00 759,00 802,00
147 401,75 401,75 401,75 857,00 807,00
148 401,75 0,00 0,00 757,00 813,00
149 401,75 401,75 401,75 855,00 818,00
150 401,75 0,00 0,00 755,00 824,00
151 401,75 401,75 401,75 853,00 829,00
152 401,75 0,00 0,00 753,00 835,00
153 401,75 401,75 401,75 851,00 840,00
154 401,75 0,00 0,00 751,00 846,00
155 401,75 0,00 0,00 849,00 851,00
156 401,75 401,75 401,75 947,00 856,00
157 401,75 0,00 0,00 847,00 862,00
158 401,75 401,75 401,75 945,00 867,00
159 401,75 0,00 0,00 845,00 873,00
160 401,75 401,75 401,75 943,00 878,00
161 401,75 0,00 0,00 843,00 884,00
162 401,75 401,75 401,75 941,00 889,00
163 401,75 0,00 0,00 841,00 895,00
164 401,75 401,75 401,75 939,00 900,00
165 401,75 0,00 0,00 839,00 906,00
166 401,75 401,75 401,75 937,00 911,00
167 401,75 0,00 0,00 837,00 917,00
168 401,75 401,75 401,75 935,00 922,00
169 401,75 0,00 0,00 835,00 928,00
170 401,75 401,75 401,75 933,00 933,00
171 401,75 0,00 0,00 833,00 939,00
172 401,75 0,00 0,00 931,00 937,00
173 401,75 401,75 401,75 1.029,00 942,00
174 401,75 0,00 0,00 929,00 948,00
175 401,75 401,75 401,75 1.027,00 953,00
176 401,75 0,00 0,00 927,00 959,00
177 401,75 401,75 401,75 1.025,00 964,00
178 401,75 0,00 0,00 925,00 970,00
179 401,75 401,75 401,75 1.023,00 975,00
180 401,75 0,00 0,00 923,00 981,00
181 401,75 401,75 401,75 1.021,00 986,00
182 401,75 0,00 0,00 921,00 992,00
183 401,75 401,75 401,75 1.019,00 997,00
184 401,75 0,00 0,00 919,00 1.003,00
185 401,75 401,75 401,75 1.017,00 1.008,00
186 401,75 0,00 0,00 917,00 1.014,00
187 401,75 0,00 0,00 1.015,00 1.019,00
188 401,75 401,75 401,75 1.113,00 1.024,00
189 401,75 0,00 0,00 1.013,00 1.030,00
190 401,75 401,75 401,75 1.111,00 1.035,00
191 401,75 0,00 0,00 1.011,00 1.041,00
192 401,75 401,75 401,75 1.109,00 1.046,00
193 401,75 0,00 0,00 1.009,00 1.052,00
194 401,75 401,75 401,75 1.107,00 1.057,00
195 401,75 0,00 0,00 1.007,00 1.063,00
196 401,75 401,75 401,75 1.105,00 1.068,00
197 401,75 0,00 0,00 1.005,00 1.074,00
198 401,75 401,75 401,75 1.103,00 1.079,00
199 401,75 0,00 0,00 1.003,00 1.085,00
200 401,75 401,75 401,75 1.101,00 1.090,00
201 401,75 0,00 0,00 1.001,00 1.096,00
202 401,75 0,00 0,00 1.099,00 1.101,00
203 401,75 401,75 401,75 1.197,00 1.106,00
204 401,75 0,00 0,00 1.097,00 1.112,00
205 401,75 401,75 401,75 1.195,00 1.117,00
206 401,75 0,00 0,00 1.095,00 1.123,00
207 401,75 401,75 401,75 1.193,00 1.128,00
208 401,75 0,00 0,00 1.093,00 1.134,00
209 401,75 401,75 401,75 1.191,00 1.139,00
210 401,75 0,00 0,00 1.091,00 1.145,00
211 401,75 401,75 401,75 1.189,00 1.150,00
212 401,75 0,00 0,00 1.089,00 1.156,00
213 401,75 401,75 401,75 1.187,00 1.161,00
214 401,75 0,00 0,00 1.087,00 1.167,00
215 401,75 401,75 401,75 1.185,00 1.172,00
216 401,75 0,00 0,00 1.085,00 1.178,00
217 401,75 401,75 401,75 1.183,00 1.183,00
218 401,75 0,00 0,00 1.083,00 1.189,00
219 401,75 0,00 0,00 1.181,00 1.187,00
220 401,75 401,75 401,75 1.279,00 1.192,00
221 401,75 0,00 0,00 1.179,00 1.198,00
222 401,75 401,75 401,75 1.277,00 1.203,00
223 401,75 0,00 0,00 1.177,00 1.209,00
224 401,75 401,75 401,75 1.275,00 1.214,00
225 401,75 0,00 0,00 1.175,00 1.220,00
226 401,75 401,75 401,75 1.273,00 1.225,00
227 401,75 0,00 0,00 1.173,00 1.231,00
228 401,75 401,75 401,75 1.271,00 1.236,00
229 401,75 0,00 0,00 1.171,00 1.242,00
230 401,75 401,75 401,75 1.269,00 1.247,00
231 401,75 0,00 0,00 1.169,00 1.253,00
232 401,75 401,75 401,75 1.267,00 1.258,00
233 401,75 0,00 0,00 1.167,00 1.264,00
234 401,75 0,00 0,00 1.265,00 1.269,00
235 401,75 401,75 401,75 1.363,00 1.274,00
236 401,75 0,00 0,00 1.263,00 1.280,00
237 401,75 401,75 401,75 1.361,00 1.285,00
238 401,75 0,00 0,00 1.261,00 1.291,00
239 401,75 401,75 401,75 1.359,00 1.296,00
240 401,75 0,00 0,00 1.259,00 1.302,00
241 401,75 401,75 401,75 1.357,00 1.307,00
242 401,75 0,00 0,00 1.257,00 1.313,00
243 401,75 401,75 401,75 1.355,00 1.318,00
244 401,75 0,00 0,00 1.255,00 1.324,00
245 401,75 401,75 401,75 1.353,00 1.329,00
246 401,75 0,00 0,00 1.253,00 1.335,00
247 401,75 401,75 401,75 1.351,00 1.340,00
248 401,75 0,00 0,00 1.251,00 1.346,00
249 401,75 0,00 0,00 1.349,00 1.351,00
250 401,75 401,75 401,75 1.447,00 1.356,00
251 401,75 0,00 0,00 1.347,00 1.362,00
252 401,75 401,75 401,75 1.445,00 1.367,00
253 401,75 0,00 0,00 1.345,00 1.373,00
254 401,75 401,75 401,75 1.443,00 1.378,00
255 401,75 0,00 0,00 1.343,00 1.384,00
256 401,75 401,75 401,75 1.441,00 1.389,00
257 401,75 0,00 0,00 1.341,00 1.395,00
258 401,75 401,75 401,75 1.439,00 1.400,00
259 401,75 0,00 0,00 1.339,00 1.406,00
260 401,75 401,75 401,75 1.437,00 1.411,00
261 401,75 0,00 0,00 1.337,00 1.417,00
262 401,75 401,75 401,75 1.435,00 1.422,00
263 401,75 0,00 0,00 1.335,00 1.428,00
264 401,75 401,75 401,75 1.433,00 1.433,00
265 401,75 0,00 0,00 1.333,00 1.439,00
266 401,75 0,00 0,00 1.431,00 1.437,00
267 401,75 401,75 401,75 1.529,00 1.442,00
268 401,75 0,00 0,00 1.429,00 1.448,00
269 401,75 401,75 401,75 1.527,00 1.453,00
270 401,75 0,00 0,00 1.427,00 1.459,00
271 401,75 401,75 401,75 1.525,00 1.464,00
272 401,75 0,00 0,00 1.425,00 1.470,00
273 401,75 401,75 401,75 1.523,00 1.475,00
274 401,75 0,00 0,00 1.423,00 1.481,00
275 401,75 401,75 401,75 1.521,00 1.486,00
276 401,75 0,00 0,00 1.421,00 1.492,00
277 401,75 401,75 401,75 1.519,00 1.497,00
278 401,75 0,00 0,00 1.419,00 1.503,00
279 401,75 401,75 401,75 1.517,00 1.508,00
280 401,75 0,00 0,00 1.417,00 1.514,00
281 401,75 0,00 0,00 1.515,00 1.519,00
282 401,75 401,75 401,75 1.613,00 1.524,00
283 401,75 0,00 0,00 1.513,00 1.530,00
284 401,75 401,75 401,75 1.611,00 1.535,00
285 401,75 0,00 0,00 1.511,00 1.541,00
286 401,75 401,75 401,75 1.609,00 1.546,00
287 401,75 0,00 0,00 1.509,00 1.552,00
288 401,75 401,75 401,75 1.607,00 1.557,00
289 401,75 0,00 0,00 1.507,00 1.563,00
290 401,75 401,75 401,75 1.605,00 1.568,00
291 401,75 0,00 0,00 1.505,00 1.574,00
292 401,75 401,75 401,75 1.603,00 1.579,00
293 401,75 0,00 0,00 1.503,00 1.585,00
294 401,75 401,75 401,75 1.601,00 1.590,00
295 401,75 0,00 0,00 1.501,00 1.596,00
296 401,75 0,00 0,00 1.599,00 1.601,00
297 401,75 401,75 401,75 1.697,00 1.606,00
298 401,75 0,00 0,00 1.597,00 1.612,00
299 401,75 401,75 401,75 1.695,00 1.617,00
300 401,75 0,00 0,00 1.595,00 1.623,00
301 401,75 401,75 401,75 1.693,00 1.628,00
302 401,75 0,00 0,00 1.593,00 1.634,00
303 401,75 401,75 401,75 1.691,00 1.639,00
304 401,75 0,00 0,00 1.591,00 1.645,00
305 401,75 401,75 401,75 1.689,00 1.650,00
306 401,75 0,00 0,00 1.589,00 1.656,00
307 401,75 401,75 401,75 1.687,00 1.661,00
308 401,75 0,00 0,00 1.587,00 1.667,00
309 401,75 401,75 401,75 1.685,00 1.672,00
310 401,75 0,00 0,00 1.585,00 1.678,00
311 401,75 401,75 401,75 1.683,00 1.683,00
312 401,75 0,00 0,00 1.583,00 1.689,00
313 401,75 0,00 0,00 1.681,00 1.687,00
314 401,75 401,75 401,75 1.779,00 1.692,00
315 401,75 0,00 0,00 1.679,00 1.698,00
316 401,75 401,75 401,75 1.777,00 1.703,00
317 401,75 0,00 0,00 1.677,00 1.709,00
318 401,75 401,75 401,75 1.775,00 1.714,00
319 401,75 0,00 0,00 1.675,00 1.720,00
320 401,75 401,75 401,75 1.773,00 1.725,00
321 401,75 0,00 0,00 1.673,00 1.731,00
322 401,75 401,75 401,75 1.771,00 1.736,00
323 401,75 0,00 0,00 1.671,00 1.742,00
324 401,75 401,75 401,75 1.769,00 1.747,00
325 401,75 0,00 0,00 1.669,00 1.753,00
326 401,75 401,75 401,75 1.767,00 1.758,00
327 401,75 0,00 0,00 1.667,00 1.764,00
328 401,75 0,00 0,00 1.765,00 1.769,00
329 401,75 401,75 401,75 1.863,00 1.774,00
330 401,75 0,00 0,00 1.763,00 1.780,00
331 401,75 401,75 401,75 1.861,00 1.785,00
332 401,75 0,00 0,00 1.761,00 1.791,00
333 401,75 401,75 401,75 1.859,00 1.796,00
334 401,75 0,00 0,00 1.759,00 1.802,00
335 401,75 401,75 401,75 1.857,00 1.807,00
336 401,75 0,00 0,00 1.757,00 1.813,00
337 401,75 401,75 401,75 1.855,00 1.818,00
338 401,75 0,00 0,00 1.755,00 1.824,00
339 401,75 401,75 401,75 1.853,00 1.829,00
340 401,75 0,00 0,00 1.753,00 1.835,00
341 401,75 401,75 401,75 1.851,00 1.840,00
342 401,75 0,00 0,00 1.751,00 1.846,00
343 401,75 0,00 0,00 1.849,00 1.851,00
344 401,75 401,75 401,75 1.947,00 1.856,00
345 401,75 0,00 0,00 1.847,00 1.862,00
346 401,75 401,75 401,75 1.945,00 1.867,00
347 401,75 0,00 0,00 1.845,00 1.873,00
348 401,75 401,75 401,75 1.943,00 1.878,00
349 401,75 0,00 0,00 1.843,00 1.884,00
350 401,75 401,75 401,75 1.941,00 1.889,00
351 401,75 0,00 0,00 1.841,00 1.895,00
352 401,75 401,75 401,75 1.939,00 1.900,00
353 401,75 0,00 0,00 1.839,00 1.906,00
354 401,75 401,75 401,75 1.937,00 1.911,00
355 401,75 0,00 0,00 1.837,00 1.917,00
356 401,75 401,75 401,75 1.935,00 1.922,00
357 401,75 0,00 0,00 1.835,00 1.928,00
358 401,75 401,75 401,75 1.933,00 1.933,00
359 401,75 0,00 0,00 1.833,00 1.939,00
360 401,75 0,00 0,00 1.931,00 1.937,00
361 401,75 401,75 401,75 2.029,00 1.942,00
362 401,75 0,00 0,00 1.929,00 1.948,00
363 401,75 401,75 401,75 2.027,00 1.953,00
364 401,75 0,00 0,00 1.927,00 1.959,00
365 401,75 401,75 401,75 2.025,00 1.964,00
366 401,75 0,00 0,00 1.925,00 1.970,00
367 401,75 401,75 401,75 2.023,00 1.975,00
368 401,75 0,00 0,00 1.923,00 1.981,00
369 401,75 401,75 401,75 2.021,00 1.986,00
370 401,75 0,00 0,00 1.921,00 1.992,00
371 401,75 401,75 401,75 2.019,00 1.997,00
372 401,75 0,00 0,00 1.919,00 2.003,00
373 401,75 401,75 401,75 2.017,00 2.008,00
374 401,75 0,00 0,00 1.917,00 2.014,00
375 401,75 0,00 0,00 2.015,00 2.019,00
376 401,75 401,75 401,75 2.113,00 2.024,00
377 401,75 0,00 0,00 2.013,00 2.030,00
378 401,75 401,75 401,75 2.111,00 2.035,00
379 401,75 0,00 0,00 2.011,00 2.041,00
380 401,75 401,75 401,75 2.109,00 2.046,00
381 401,75 0,00 0,00 2.009,00 2.052,00
382 401,75 401,75 401,75 2.107,00 2.057,00
383 401,75 0,00 0,00 2.007,00 2.063,00
384 401,75 401,75 401,75 2.105,00 2.068,00
385 401,75 0,00 0,00 2.005,00 2.074,00
386 401,75 401,75 401,75 2.103,00 2.079,00
387 401,75 0,00 0,00 2.003,00 2.085,00
388 401,75 401,75 401,75 2.101,00 2.090,00
389 401,75 0,00 0,00 2.001,00 2.096,00
390 401,75 0,00 0,00 2.099,00 2.101,00
391 401,75 401,75 401,75 2.197,00 2.106,00
392 401,75 0,00 0,00 2.097,00 2.112,00
393 401,75 401,75 401,75 2.195,00 2.117,00
394 401,75 0,00 0,00 2.095,00 2.123,00
395 401,75 401,75 401,75 2.193,00 2.128,00
396 401,75 0,00 0,00 2.093,00 2.134,00
397 401,75 401,75 401,75 2.191,00 2.139,00
398 401,75 0,00 0,00 2.091,00 2.145,00
399 401,75 401,75 401,75 2.189,00 2.150,00
400 401,75 0,00 0,00 2.089,00 2.156,00
401 401,75 401,75 401,75 2.187,00 2.161,00
402 401,75 0,00 0,00 2.087,00 2.167,00
403 401,75 401,75 401,75 2.185,00 2.172,00
404 401,75 0,00 0,00 2.085,00 2.178,00
405 401,75 401,75 401,75 2.183,00 2.183,00
406 401,75 0,00 0,00 2.083,00 2.189,00
407 401,75 0,00 0,00 2.181,00 2.187,00
408 401,75 401,75 401,75 2.279,00 2.192,00
409 401,75 0,00 0,00 2.179,00 2.198,00
410 401,75 401,75 401,75 2.277,00 2.203,00
411 401,75 0,00 0,00 2.177,00 2.209,00
412 401,75 401,75 401,75 2.275,00 2.214,00
413 401,75 0,00 0,00 2.175,00 2.220,00
414 401,75 401,75 401,75 2.273,00 2.225,00
415 401,75 0,00 0,00 2.173,00 2.231,00
416 401,75 401,75 401,75 2.271,00 2.236,00
417 401,75 0,00 0,00 2.171,00 2.242,00
418 401,75 401,75 401,75 2.269,00 2.247,00
419 401,75 0,00 0,00 2.169,00 2.253,00
420 401,75 401,75 401,75 2.267,00 2.258,00
421 401,75 0,00 0,00 2.167,00 2.264,00
422 401,75 0,00 0,00 2.265,00 2.269,00
423 401,75 401,75 401,75 2.363,00 2.274,00
424 401,75 0,00 0,00 2.263,00 2.280,00
425 401,75 401,75 401,75 2.361,00 2.285,00
426 401,75 0,00 0,00 2.261,00 2.291,00
427 401,75 401,75 401,75 2.359,00 2.296,00
428 401,75 0,00 0,00 2.259,00 2.302,00
429 401,75 401,75 401,75 2.357,00 2.307,00
430 401,75 0,00 0,00 2.257,00 2.313,00
431 401,75 401,75 401,75 2.355,00 2.318,00
432 401,75 0,00 0,00 2.255,00 2.324,00
433 401,75 401,75 401,75 2.353,00 2.329,00
434 401,75 0,00 0,00 2.253,00 2.335,00
435 401,75 401,75 401,75 2.351,00 2.340,00
436 401,75 0,00 0,00 2.251,00 2.346,00
437 401,75 0,00 0,00 2.349,00 2.351,00
438 401,75 401,75 401,75 2.447,00 2.356,00
439 401,75 0,00 0,00 2.347,00 2.362,00
440 401,75 401,75 401,75 2.445,00 2.367,00
441 401,75 0,00 0,00 2.345,00 2.373,00
442 401,75 401,75 401,75 2.443,00 2.378,00
443 401,75 0,00 0,00 2.343,00 2.384,00
444 401,75 401,75 401,75 2.441,00 2.389,00
445 401,75 0,00 0,00 2.341,00 2.395,00
446 401,75 401,75 401,75 2.439,00 2.400,00
447 401,75 0,00 0,00 2.339,00 2.406,00
448 401,75 401,75 401,75 2.437,00 2.411,00
449 401,75 0,00 0,00 2.337,00 2.417,00
450 401,75 401,75 401,75 2.435,00 2.422,00
451 401,75 0,00 0,00 2.335,00 2.428,00
452 401,75 401,75 401,75 2.433,00 2.433,00
453 401,75 0,00 0,00 2.333,00 2.439,00
454 401,75 0,00 0,00 2.431,00 2.437,00
455 401,75 401,75 401,75 2.529,00 2.442,00
456 401,75 0,00 0,00 2.429,00 2.448,00
457 401,75 401,75 401,75 2.527,00 2.453,00
458 401,75 0,00 0,00 2.427,00 2.459,00
459 401,75 401,75 401,75 2.525,00 2.464,00
460 401,75 0,00 0,00 2.425,00 2.470,00
461 401,75 401,75 401,75 2.523,00 2.475,00
462 401,75 0,00 0,00 2.423,00 2.481,00
463 401,75 401,75 401,75 2.521,00 2.486,00
464 401,75 0,00 0,00 2.421,00 2.492,00
465 401,75 401,75 401,75 2.519,00 2.497,00
466 401,75 0,00 0,00 2.419,00 2.503,00
467 401,75 401,75 401,75 2.517,00 2.508,00
468 401,75 0,00 0,00 2.417,00 2.514,00
469 401,75 0,00 0,00 2.515,00 2.519,00
470 401,75 401,75 401,75 2.613,00 2.524,00
471 401,75 0,00 0,00 2.513,00 2.530,00
472 401,75 401,75 401,75 2.611,00 2.535,00
473 401,75 0,00 0,00 2.511,00 2.541,00
474 401,75 401,75 401,75 2.609,00 2.546,00
475 401,75 0,00 0,00 2.509,00 2.552,00
476 401,75 401,75 401,75 2.607,00 2.557,00
477 401,75 0,00 0,00 2.507,00 2.563,00
478 401,75 401,75 401,75 2.605,00 2.568,00
479 401,75 0,00 0,00 2.505,00 2.574,00
480 401,75 401,75 401,75 2.603,00 2.579,00
481 401,75 0,00 0,00 2.503,00 2.585,00
482 401,75 401,75 401,75 2.601,00 2.590,00
483 401,75 0,00 0,00 2.501,00 2.596,00
484 401,75 0,00 0,00 2.599,00 2.601,00
485 401,75 401,75 401,75 2.697,00 2.606,00
486 401,75 0,00 0,00 2.597,00 2.612,00
487 401,75 401,75 401,75 2.695,00 2.617,00
488 401,75 0,00 0,00 2.595,00 2.623,00
489 401,75 401,75 401,75 2.693,00 2.628,00
490 401,75 0,00 0,00 2.593,00 2.634,00
491 401,75 401,75 401,75 2.691,00 2.639,00
492 401,75 0,00 0,00 2.591,00 2.645,00
493 401,75 401,75 401,75 2.689,00 2.650,00
494 401,75 0,00 0,00 2.589,00 2.656,00
495 401,75 401,75 401,75 2.687,00 2.661,00
496 401,75 0,00 0,00 2.587,00 2.667,00
497 401,75 401,75 401,75 2.685,00 2.672,00
498 401,75 0,00 0,00 2.585,00 2.678,00
499 401,75 401,75 401,75 2.683,00 2.683,00
