500
0 141,87 141,87 141,87 1,00 12,00
1 141,87 0,00 0,00 1,00 20,00
2 141,87 283,73 303,53 99,00 38,00
3 141,87 0,00 0,00 1,00 57,00
4 141,87 141,87 127,29 99,00 75,00
5 141,87 0,00 0,00 1,00 94,00
6 141,87 0,00 0,00 99,00 112,00
7 141,87 141,87 119,77 197,00 129,00
8 141,87 0,00 0,00 99,00 148,00
9 141,87 141,87 120,46 197,00 165,00
10 141,87 0,00 0,00 99,00 184,00
11 141,87 0,00 0,00 197,00 202,00
12 141,87 141,87 128,27 295,00 220,00
13 141,87 0,00 0,00 195,00 239,00
14 141,87 141,87 129,01 293,00 257,00
15 141,87 0,00 0,00 194,00 276,00
16 141,87 0,00 0,00 292,00 294,00
17 141,87 141,87 128,27 390,00 312,00
18 141,87 0,00 0,00 290,00 331,00
19 141,87 141,87 127,67 388,00 349,00
20 141,87 0,00 0,00 288,00 368,00
21 141,87 141,87 127,32 386,00 386,00
22 141,87 0,00 0,00 286,00 405,00
23 141,87 0,00 0,00 384,00 403,00
24 141,87 141,87 127,18 482,00 421,00
25 141,87 0,00 0,00 382,00 440,00
26 141,87 141,87 126,82 480,00 458,00
27 141,87 0,00 0,00 380,00 477,00
28 141,87 0,00 0,00 478,00 495,00
29 141,87 141,87 126,36 576,00 513,00
30 141,87 0,00 0,00 476,00 532,00
31 141,87 141,87 126,07 574,00 550,00
32 141,87 0,00 0,00 474,00 569,00
33 141,87 0,00 0,00 572,00 587,00
34 141,87 141,87 125,80 670,00 605,00
35 141,87 0,00 0,00 571,00 624,00
36 141,87 141,87 125,53 669,00 642,00
37 141,87 0,00 0,00 570,00 661,00
38 141,87 0,00 0,00 668,00 679,00
39 141,87 141,87 125,10 766,00 697,00
40 141,87 0,00 0,00 666,00 716,00
41 141,87 141,87 124,84 764,00 734,00
42 141,87 0,00 0,00 664,00 753,00
43 141,87 0,00 0,00 762,00 771,00
44 141,87 141,87 124,45 860,00 789,00
45 141,87 0,00 0,00 760,00 808,00
46 141,87 141,87 124,18 858,00 826,00
47 141,87 0,00 0,00 758,00 845,00
48 141,87 0,00 0,00 856,00 863,00
49 141,87 141,87 123,76 954,00 881,00
50 141,87 0,00 0,00 854,00 900,00
51 141,87 141,87 123,50 952,00 918,00
52 141,87 0,00 0,00 852,00 937,00
53 141,87 0,00 0,00 950,00 955,00
54 141,87 141,87 123,10 1.048,00 973,00
55 141,87 0,00 0,00 948,00 992,00
56 141,87 141,87 122,83 1.046,00 1.010,00
57 141,87 0,00 0,00 946,00 1.029,00
58 141,87 0,00 0,00 1.044,00 1.047,00
59 141,87 141,87 122,45 1.142,00 1.065,00
60 141,87 0,00 0,00 1.042,00 1.084,00
61 141,87 141,87 122,18 1.140,00 1.102,00
62 141,87 0,00 0,00 1.040,00 1.121,00
63 141,87 0,00 0,00 1.138,00 1.139,00
64 141,87 141,87 121,77 1.236,00 1.157,00
65 141,87 0,00 0,00 1.136,00 1.176,00
66 141,87 141,87 121,50 1.234,00 1.194,00
67 141,87 0,00 0,00 1.134,00 1.213,00
68 141,87 141,87 121,25 1.232,00 1.231,00
69 141,87 0,00 0,00 1.132,00 1.250,00
70 141,87 0,00 0,00 1.230,00 1.249,00
71 141,87 141,87 120,85 1.328,00 1.267,00
72 141,87 0,00 0,00 1.229,00 1.286,00
73 141,87 141,87 120,58 1.327,00 1.304,00
74 141,87 0,00 0,00 1.227,00 1.323,00
75 141,87 0,00 0,00 1.325,00 1.341,00
76 141,87 141,87 120,19 1.423,00 1.359,00
77 141,87 0,00 0,00 1.323,00 1.378,00
78 141,87 141,87 119,94 1.421,00 1.396,00
79 141,87 0,00 0,00 1.322,00 1.415,00
80 141,87 0,00 0,00 1.420,00 1.433,00
81 141,87 141,87 119,58 1.518,00 1.451,00
82 141,87 0,00 0,00 1.419,00 1.470,00
83 141,87 141,87 119,34 1.517,00 1.488,00
84 141,87 0,00 0,00 1.417,00 1.507,00
85 141,87 0,00 0,00 1.515,00 1.525,00
86 141,87 141,87 118,98 1.613,00 1.543,00
87 141,87 0,00 0,00 1.513,00 1.562,00
88 141,87 141,87 118,75 1.611,00 1.580,00
89 141,87 0,00 0,00 1.512,00 1.599,00
90 141,87 0,00 0,00 1.610,00 1.617,00
91 141,87 141,87 118,38 1.708,00 1.635,00
92 141,87 0,00 0,00 1.608,00 1.654,00
93 141,87 141,87 118,15 1.706,00 1.672,00
94 141,87 0,00 0,00 1.606,00 1.691,00
95 141,87 0,00 0,00 1.704,00 1.709,00
96 141,87 141,87 117,82 1.802,00 1.727,00
97 141,87 0,00 0,00 1.702,00 1.746,00
98 141,87 141,87 117,58 1.800,00 1.764,00
99 141,87 0,00 0,00 1.700,00 1.783,00
100 141,87 0,00 0,00 1.798,00 1.801,00
101 141,87 141,87 117,24 1.896,00 1.819,00
102 141,87 0,00 0,00 1.797,00 1.838,00
103 141,87 141,87 117,02 1.895,00 1.856,00
104 141,87 0,00 0,00 1.796,00 1.875,00
105 141,87 141,87 116,80 1.894,00 1.893,00
106 141,87 0,00 0,00 1.794,00 1.912,00
107 141,87 0,00 0,00 1.892,00 1.911,00
108 141,87 141,87 116,48 1.990,00 1.929,00
109 141,87 0,00 0,00 1.891,00 1.948,00
110 141,87 141,87 116,26 1.989,00 1.966,00
111 141,87 0,00 0,00 1.890,00 1.985,00
112 141,87 0,00 0,00 1.988,00 2.003,00
113 141,87 141,87 115,95 2.086,00 2.021,00
114 141,87 0,00 0,00 1.986,00 2.040,00
115 141,87 141,87 115,73 2.084,00 2.058,00
116 141,87 0,00 0,00 1.984,00 2.077,00
117 141,87 0,00 0,00 2.082,00 2.095,00
118 141,87 141,87 115,41 2.180,00 2.113,00
119 141,87 0,00 0,00 2.080,00 2.132,00
120 141,87 141,87 115,21 2.178,00 2.150,00
121 141,87 0,00 0,00 2.078,00 2.169,00
122 141,87 0,00 0,00 2.176,00 2.187,00
123 141,87 141,87 114,89 2.274,00 2.205,00
124 141,87 0,00 0,00 2.174,00 2.224,00
125 141,87 141,87 114,69 2.272,00 2.242,00
126 141,87 0,00 0,00 2.172,00 2.261,00
127 141,87 0,00 0,00 2.270,00 2.279,00
128 141,87 141,87 114,41 2.368,00 2.297,00
129 141,87 0,00 0,00 2.268,00 2.316,00
130 141,87 141,87 114,23 2.366,00 2.334,00
131 141,87 0,00 0,00 2.266,00 2.353,00
132 141,87 0,00 0,00 2.364,00 2.371,00
133 141,87 141,87 113,97 2.462,00 2.389,00
134 141,87 0,00 0,00 2.362,00 2.408,00
135 141,87 141,87 113,80 2.460,00 2.426,00
136 141,87 0,00 0,00 2.360,00 2.445,00
137 141,87 0,00 0,00 2.458,00 2.463,00
138 141,87 141,87 113,54 2.556,00 2.481,00
139 141,87 0,00 0,00 2.457,00 2.500,00
140 141,87 141,87 113,38 2.555,00 2.518,00
141 141,87 0,00 0,00 2.456,00 2.537,00
142 141,87 0,00 0,00 2.554,00 2.555,00
143 141,87 141,87 113,14 2.652,00 2.573,00
144 141,87 0,00 0,00 2.553,00 2.592,00
145 141,87 141,87 112,98 2.651,00 2.610,00
146 141,87 0,00 0,00 2.552,00 2.629,00
147 141,87 141,87 112,82 2.650,00 2.647,00
148 141,87 0,00 0,00 2.550,00 2.666,00
149 141,87 0,00 0,00 2.648,00 2.667,00
150 141,87 141,87 112,61 2.746,00 2.685,00
151 141,87 0,00 0,00 2.646,00 2.704,00
152 141,87 141,87 112,46 2.744,00 2.722,00
153 141,87 0,00 0,00 2.644,00 2.741,00
154 141,87 0,00 0,00 2.742,00 2.759,00
155 141,87 141,87 112,24 2.840,00 2.777,00
156 141,87 0,00 0,00 2.740,00 2.796,00
157 141,87 141,87 112,09 2.838,00 2.814,00
158 141,87 0,00 0,00 2.739,00 2.833,00
159 141,87 0,00 0,00 2.837,00 2.851,00
160 141,87 141,87 111,87 2.935,00 2.869,00
161 141,87 0,00 0,00 2.835,00 2.888,00
162 141,87 141,87 111,74 2.933,00 2.906,00
163 141,87 0,00 0,00 2.834,00 2.925,00
164 141,87 0,00 0,00 2.932,00 2.943,00
165 141,87 141,87 111,54 3.030,00 2.961,00
166 141,87 0,00 0,00 2.930,00 2.980,00
167 141,87 141,87 111,40 3.028,00 2.998,00
168 141,87 0,00 0,00 2.928,00 3.017,00
169 141,87 0,00 0,00 3.026,00 3.035,00
170 141,87 141,87 111,20 3.124,00 3.053,00
171 141,87 0,00 0,00 3.024,00 3.072,00
172 141,87 141,87 111,08 3.122,00 3.090,00
173 141,87 0,00 0,00 3.022,00 3.109,00
174 141,87 0,00 0,00 3.120,00 3.127,00
175 141,87 141,87 110,89 3.218,00 3.145,00
176 141,87 0,00 0,00 3.118,00 3.164,00
177 141,87 141,87 110,77 3.216,00 3.182,00
178 141,87 0,00 0,00 3.117,00 3.201,00
179 141,87 0,00 0,00 3.215,00 3.219,00
180 141,87 141,87 110,60 3.313,00 3.237,00
181 141,87 0,00 0,00 3.214,00 3.256,00
182 141,87 141,87 110,49 3.312,00 3.274,00
183 141,87 0,00 0,00 3.212,00 3.293,00
184 141,87 0,00 0,00 3.310,00 3.311,00
185 141,87 141,87 110,34 3.408,00 3.329,00
186 141,87 0,00 0,00 3.308,00 3.348,00
187 141,87 141,87 110,24 3.406,00 3.366,00
188 141,87 0,00 0,00 3.306,00 3.385,00
189 141,87 141,87 110,14 3.404,00 3.403,00
190 141,87 0,00 0,00 3.304,00 3.422,00
191 141,87 0,00 0,00 3.402,00 3.421,00
192 141,87 141,87 109,99 3.500,00 3.439,00
193 141,87 0,00 0,00 3.400,00 3.458,00
194 141,87 141,87 109,90 3.498,00 3.476,00
195 141,87 0,00 0,00 3.398,00 3.495,00
196 141,87 0,00 0,00 3.496,00 3.513,00
197 141,87 141,87 109,76 3.594,00 3.531,00
198 141,87 0,00 0,00 3.494,00 3.550,00
199 141,87 141,87 109,67 3.592,00 3.568,00
200 141,87 0,00 0,00 3.493,00 3.587,00
201 141,87 0,00 0,00 3.591,00 3.605,00
202 141,87 141,87 109,55 3.689,00 3.623,00
203 141,87 0,00 0,00 3.589,00 3.642,00
204 141,87 141,87 109,46 3.687,00 3.660,00
205 141,87 0,00 0,00 3.587,00 3.679,00
206 141,87 0,00 0,00 3.685,00 3.697,00
207 141,87 141,87 109,33 3.783,00 3.715,00
208 141,87 0,00 0,00 3.683,00 3.734,00
209 141,87 141,87 109,25 3.781,00 3.752,00
210 141,87 0,00 0,00 3.682,00 3.771,00
211 141,87 0,00 0,00 3.780,00 3.789,00
212 141,87 141,87 109,13 3.878,00 3.807,00
213 141,87 0,00 0,00 3.778,00 3.826,00
214 141,87 141,87 109,06 3.876,00 3.844,00
215 141,87 0,00 0,00 3.777,00 3.863,00
216 141,87 0,00 0,00 3.875,00 3.881,00
217 141,87 141,87 108,94 3.973,00 3.899,00
218 141,87 0,00 0,00 3.874,00 3.918,00
219 141,87 141,87 108,86 3.972,00 3.936,00
220 141,87 0,00 0,00 3.873,00 3.955,00
221 141,87 0,00 0,00 3.971,00 3.973,00
222 141,87 141,87 108,76 4.069,00 3.991,00
223 141,87 0,00 0,00 3.969,00 4.010,00
224 141,87 141,87 108,69 4.067,00 4.028,00
225 141,87 0,00 0,00 3.968,00 4.047,00
226 141,87 141,87 108,62 4.066,00 4.065,00
227 141,87 0,00 0,00 3.966,00 4.084,00
228 141,87 0,00 0,00 4.064,00 4.083,00
229 141,87 141,87 108,52 4.162,00 4.101,00
230 141,87 0,00 0,00 4.062,00 4.120,00
231 141,87 141,87 108,46 4.160,00 4.138,00
232 141,87 0,00 0,00 4.060,00 4.157,00
233 141,87 0,00 0,00 4.158,00 4.175,00
234 141,87 141,87 108,37 4.256,00 4.193,00
235 141,87 0,00 0,00 4.156,00 4.212,00
236 141,87 141,87 108,32 4.254,00 4.230,00
237 141,87 0,00 0,00 4.155,00 4.249,00
238 141,87 0,00 0,00 4.253,00 4.267,00
239 141,87 141,87 108,24 4.351,00 4.285,00
240 141,87 0,00 0,00 4.251,00 4.304,00
241 141,87 141,87 108,18 4.349,00 4.322,00
242 141,87 0,00 0,00 4.249,00 4.341,00
243 141,87 0,00 0,00 4.347,00 4.359,00
244 141,87 141,87 108,10 4.445,00 4.377,00
245 141,87 0,00 0,00 4.345,00 4.396,00
246 141,87 141,87 108,05 4.443,00 4.414,00
247 141,87 0,00 0,00 4.343,00 4.433,00
248 141,87 0,00 0,00 4.441,00 4.451,00
249 141,87 141,87 107,99 4.539,00 4.469,00
250 141,87 0,00 0,00 4.439,00 4.488,00
251 141,87 141,87 107,94 4.537,00 4.506,00
252 141,87 0,00 0,00 4.437,00 4.525,00
253 141,87 0,00 0,00 4.535,00 4.543,00
254 141,87 141,87 107,87 4.633,00 4.561,00
255 141,87 0,00 0,00 4.533,00 4.580,00
256 141,87 141,87 107,83 4.631,00 4.598,00
257 141,87 0,00 0,00 4.532,00 4.617,00
258 141,87 0,00 0,00 4.630,00 4.635,00
259 141,87 141,87 107,77 4.728,00 4.653,00
260 141,87 0,00 0,00 4.628,00 4.672,00
261 141,87 141,87 107,72 4.726,00 4.690,00
262 141,87 0,00 0,00 4.626,00 4.709,00
263 141,87 0,00 0,00 4.724,00 4.727,00
264 141,87 141,87 107,66 4.822,00 4.745,00
265 141,87 0,00 0,00 4.723,00 4.764,00
266 141,87 141,87 107,62 4.821,00 4.782,00
267 141,87 0,00 0,00 4.721,00 4.801,00
268 141,87 141,87 107,58 4.819,00 4.819,00
269 141,87 0,00 0,00 4.719,00 4.838,00
270 141,87 0,00 0,00 4.817,00 4.836,00
271 141,87 141,87 107,52 4.915,00 4.854,00
272 141,87 0,00 0,00 4.815,00 4.873,00
273 141,87 141,87 107,48 4.913,00 4.891,00
274 141,87 0,00 0,00 4.813,00 4.910,00
275 141,87 0,00 0,00 4.911,00 4.928,00
276 141,87 141,87 107,43 5.009,00 4.946,00
277 141,87 0,00 0,00 4.909,00 4.965,00
278 141,87 141,87 107,39 5.007,00 4.983,00
279 141,87 0,00 0,00 4.907,00 5.002,00
280 141,87 0,00 0,00 5.005,00 5.020,00
281 141,87 141,87 107,34 5.103,00 5.038,00
282 141,87 0,00 0,00 5.003,00 5.057,00
283 141,87 141,87 107,30 5.101,00 5.075,00
284 141,87 0,00 0,00 5.001,00 5.094,00
285 141,87 0,00 0,00 5.099,00 5.112,00
286 141,87 141,87 107,26 5.197,00 5.130,00
287 141,87 0,00 0,00 5.097,00 5.149,00
288 141,87 141,87 107,23 5.195,00 5.167,00
289 141,87 0,00 0,00 5.096,00 5.186,00
290 141,87 0,00 0,00 5.194,00 5.204,00
291 141,87 141,87 107,19 5.292,00 5.222,00
292 141,87 0,00 0,00 5.193,00 5.241,00
293 141,87 141,87 107,16 5.291,00 5.259,00
294 141,87 0,00 0,00 5.191,00 5.278,00
295 141,87 0,00 0,00 5.289,00 5.296,00
296 141,87 141,87 107,12 5.387,00 5.314,00
297 141,87 0,00 0,00 5.287,00 5.333,00
298 141,87 141,87 107,10 5.385,00 5.351,00
299 141,87 0,00 0,00 5.286,00 5.370,00
300 141,87 0,00 0,00 5.384,00 5.388,00
301 141,87 141,87 107,07 5.482,00 5.406,00
302 141,87 0,00 0,00 5.382,00 5.425,00
303 141,87 141,87 107,05 5.480,00 5.443,00
304 141,87 0,00 0,00 5.380,00 5.462,00
305 141,87 0,00 0,00 5.478,00 5.480,00
306 141,87 141,87 107,03 5.576,00 5.498,00
307 141,87 0,00 0,00 5.476,00 5.517,00
308 141,87 141,87 107,00 5.574,00 5.535,00
309 141,87 0,00 0,00 5.474,00 5.554,00
310 141,87 141,87 106,98 5.572,00 5.572,00
311 141,87 0,00 0,00 5.472,00 5.591,00
312 141,87 0,00 0,00 5.570,00 5.589,00
313 141,87 141,87 106,95 5.668,00 5.607,00
314 141,87 0,00 0,00 5.569,00 5.626,00
315 141,87 141,87 106,93 5.667,00 5.644,00
316 141,87 0,00 0,00 5.567,00 5.663,00
317 141,87 0,00 0,00 5.665,00 5.681,00
318 141,87 141,87 106,91 5.763,00 5.699,00
319 141,87 0,00 0,00 5.663,00 5.718,00
320 141,87 141,87 106,89 5.761,00 5.736,00
321 141,87 0,00 0,00 5.661,00 5.755,00
322 141,87 0,00 0,00 5.759,00 5.773,00
323 141,87 141,87 106,87 5.857,00 5.791,00
324 141,87 0,00 0,00 5.757,00 5.810,00
325 141,87 141,87 106,85 5.855,00 5.828,00
326 141,87 0,00 0,00 5.756,00 5.847,00
327 141,87 0,00 0,00 5.854,00 5.865,00
328 141,87 141,87 106,82 5.952,00 5.883,00
329 141,87 0,00 0,00 5.853,00 5.902,00
330 141,87 141,87 106,80 5.951,00 5.920,00
331 141,87 0,00 0,00 5.851,00 5.939,00
332 141,87 0,00 0,00 5.949,00 5.957,00
333 141,87 141,87 106,78 6.047,00 5.975,00
334 141,87 0,00 0,00 5.948,00 5.994,00
335 141,87 141,87 106,77 6.046,00 6.012,00
336 141,87 0,00 0,00 5.946,00 6.031,00
337 141,87 0,00 0,00 6.044,00 6.049,00
338 141,87 141,87 106,75 6.142,00 6.067,00
339 141,87 0,00 0,00 6.043,00 6.086,00
340 141,87 141,87 106,74 6.141,00 6.104,00
341 141,87 0,00 0,00 6.042,00 6.123,00
342 141,87 0,00 0,00 6.140,00 6.141,00
343 141,87 141,87 106,72 6.238,00 6.159,00
344 141,87 0,00 0,00 6.138,00 6.178,00
345 141,87 141,87 106,71 6.236,00 6.196,00
346 141,87 0,00 0,00 6.136,00 6.215,00
347 141,87 141,87 106,70 6.234,00 6.233,00
348 141,87 0,00 0,00 6.134,00 6.252,00
349 141,87 0,00 0,00 6.232,00 6.251,00
350 141,87 141,87 106,69 6.330,00 6.269,00
351 141,87 0,00 0,00 6.230,00 6.288,00
352 141,87 141,87 106,68 6.328,00 6.306,00
353 141,87 0,00 0,00 6.228,00 6.325,00
354 141,87 0,00 0,00 6.326,00 6.343,00
355 141,87 141,87 106,67 6.424,00 6.361,00
356 141,87 0,00 0,00 6.324,00 6.380,00
357 141,87 141,87 106,67 6.422,00 6.398,00
358 141,87 0,00 0,00 6.322,00 6.417,00
359 141,87 0,00 0,00 6.420,00 6.435,00
360 141,87 141,87 106,65 6.518,00 6.453,00
361 141,87 0,00 0,00 6.418,00 6.472,00
362 141,87 141,87 106,64 6.516,00 6.490,00
363 141,87 0,00 0,00 6.416,00 6.509,00
364 141,87 0,00 0,00 6.514,00 6.527,00
365 141,87 141,87 106,63 6.612,00 6.545,00
366 141,87 0,00 0,00 6.512,00 6.564,00
367 141,87 141,87 106,62 6.610,00 6.582,00
368 141,87 0,00 0,00 6.510,00 6.601,00
369 141,87 0,00 0,00 6.608,00 6.619,00
370 141,87 141,87 106,62 6.706,00 6.637,00
371 141,87 0,00 0,00 6.606,00 6.656,00
372 141,87 141,87 106,61 6.704,00 6.674,00
373 141,87 0,00 0,00 6.604,00 6.693,00
374 141,87 0,00 0,00 6.702,00 6.711,00
375 141,87 141,87 106,60 6.800,00 6.729,00
376 141,87 0,00 0,00 6.700,00 6.748,00
377 141,87 141,87 106,59 6.798,00 6.766,00
378 141,87 0,00 0,00 6.698,00 6.785,00
379 141,87 0,00 0,00 6.796,00 6.803,00
380 141,87 141,87 106,58 6.894,00 6.821,00
381 141,87 0,00 0,00 6.794,00 6.840,00
382 141,87 141,87 106,58 6.892,00 6.858,00
383 141,87 0,00 0,00 6.792,00 6.877,00
384 141,87 0,00 0,00 6.890,00 6.895,00
385 141,87 141,87 106,57 6.988,00 6.913,00
386 141,87 0,00 0,00 6.888,00 6.932,00
387 141,87 141,87 106,57 6.986,00 6.950,00
388 141,87 0,00 0,00 6.886,00 6.969,00
389 141,87 0,00 0,00 6.984,00 6.987,00
390 141,87 141,87 106,56 7.082,00 7.005,00
391 141,87 0,00 0,00 6.982,00 7.024,00
392 141,87 141,87 106,56 7.080,00 7.042,00
393 141,87 0,00 0,00 6.980,00 7.061,00
394 141,87 0,00 0,00 7.078,00 7.079,00
395 141,87 141,87 106,55 7.176,00 7.097,00
396 141,87 0,00 0,00 7.077,00 7.116,00
397 141,87 141,87 106,55 7.175,00 7.134,00
398 141,87 0,00 0,00 7.075,00 7.153,00
399 141,87 141,87 106,55 7.173,00 7.171,00
400 141,87 0,00 0,00 7.073,00 7.190,00
401 141,87 0,00 0,00 7.171,00 7.190,00
402 141,87 141,87 106,55 7.269,00 7.208,00
403 141,87 0,00 0,00 7.170,00 7.227,00
404 141,87 141,87 106,55 7.268,00 7.245,00
405 141,87 0,00 0,00 7.169,00 7.264,00
406 141,87 0,00 0,00 7.267,00 7.282,00
407 141,87 141,87 106,55 7.365,00 7.300,00
408 141,87 0,00 0,00 7.266,00 7.319,00
409 141,87 141,87 106,55 7.364,00 7.337,00
410 141,87 0,00 0,00 7.264,00 7.356,00
411 141,87 0,00 0,00 7.362,00 7.374,00
412 141,87 141,87 106,55 7.460,00 7.392,00
413 141,87 0,00 0,00 7.360,00 7.411,00
414 141,87 141,87 106,55 7.458,00 7.429,00
415 141,87 0,00 0,00 7.358,00 7.448,00
416 141,87 0,00 0,00 7.456,00 7.466,00
417 141,87 141,87 106,55 7.554,00 7.484,00
418 141,87 0,00 0,00 7.454,00 7.503,00
419 141,87 141,87 106,55 7.552,00 7.521,00
420 141,87 0,00 0,00 7.453,00 7.540,00
421 141,87 0,00 0,00 7.551,00 7.558,00
422 141,87 141,87 106,55 7.649,00 7.576,00
423 141,87 0,00 0,00 7.549,00 7.595,00
424 141,87 141,87 106,56 7.647,00 7.613,00
425 141,87 0,00 0,00 7.547,00 7.632,00
426 141,87 0,00 0,00 7.645,00 7.650,00
427 141,87 141,87 106,56 7.743,00 7.668,00
428 141,87 0,00 0,00 7.643,00 7.687,00
429 141,87 141,87 106,56 7.741,00 7.705,00
430 141,87 0,00 0,00 7.642,00 7.724,00
431 141,87 0,00 0,00 7.740,00 7.742,00
432 141,87 141,87 106,56 7.838,00 7.760,00
433 141,87 0,00 0,00 7.738,00 7.779,00
434 141,87 141,87 106,56 7.836,00 7.797,00
435 141,87 0,00 0,00 7.736,00 7.816,00
436 141,87 141,87 106,56 7.834,00 7.834,00
437 141,87 0,00 0,00 7.734,00 7.853,00
438 141,87 0,00 0,00 7.832,00 7.851,00
439 141,87 141,87 106,56 7.930,00 7.869,00
440 141,87 0,00 0,00 7.831,00 7.888,00
441 141,87 141,87 106,56 7.929,00 7.906,00
442 141,87 0,00 0,00 7.829,00 7.925,00
443 141,87 0,00 0,00 7.927,00 7.943,00
444 141,87 141,87 106,56 8.025,00 7.961,00
445 141,87 0,00 0,00 7.925,00 7.980,00
446 141,87 141,87 106,56 8.023,00 7.998,00
447 141,87 0,00 0,00 7.923,00 8.017,00
448 141,87 0,00 0,00 8.021,00 8.035,00
449 141,87 141,87 106,56 8.119,00 8.053,00
450 141,87 0,00 0,00 8.020,00 8.072,00
451 141,87 141,87 106,57 8.118,00 8.090,00
452 141,87 0,00 0,00 8.019,00 8.109,00
453 141,87 0,00 0,00 8.117,00 8.127,00
454 141,87 141,87 106,57 8.215,00 8.145,00
455 141,87 0,00 0,00 8.116,00 8.164,00
456 141,87 141,87 106,58 8.214,00 8.182,00
457 141,87 0,00 0,00 8.115,00 8.201,00
458 141,87 0,00 0,00 8.213,00 8.219,00
459 141,87 141,87 106,58 8.311,00 8.237,00
460 141,87 0,00 0,00 8.212,00 8.256,00
461 141,87 141,87 106,58 8.310,00 8.274,00
462 141,87 0,00 0,00 8.210,00 8.293,00
463 141,87 0,00 0,00 8.308,00 8.311,00
464 141,87 141,87 106,59 8.406,00 8.329,00
465 141,87 0,00 0,00 8.306,00 8.348,00
466 141,87 141,87 106,59 8.404,00 8.366,00
467 141,87 0,00 0,00 8.305,00 8.385,00
468 141,87 141,87 106,59 8.403,00 8.403,00
469 141,87 0,00 0,00 8.303,00 8.422,00
470 141,87 0,00 0,00 8.401,00 8.420,00
471 141,87 141,87 106,60 8.499,00 8.438,00
472 141,87 0,00 0,00 8.399,00 8.457,00
473 141,87 141,87 106,60 8.497,00 8.475,00
474 141,87 0,00 0,00 8.397,00 8.494,00
475 141,87 0,00 0,00 8.495,00 8.512,00
476 141,87 141,87 106,61 8.593,00 8.530,00
477 141,87 0,00 0,00 8.494,00 8.549,00
478 141,87 141,87 106,61 8.592,00 8.567,00
479 141,87 0,00 0,00 8.492,00 8.586,00
480 141,87 0,00 0,00 8.590,00 8.604,00
481 141,87 141,87 106,61 8.688,00 8.622,00
482 141,87 0,00 0,00 8.588,00 8.641,00
483 141,87 141,87 106,61 8.686,00 8.659,00
484 141,87 0,00 0,00 8.586,00 8.678,00
485 141,87 0,00 0,00 8.684,00 8.696,00
486 141,87 141,87 106,62 8.782,00 8.714,00
487 141,87 0,00 0,00 8.682,00 8.733,00
488 141,87 141,87 106,62 8.780,00 8.751,00
489 141,87 0,00 0,00 8.680,00 8.770,00
490 141,87 0,00 0,00 8.778,00 8.788,00
491 141,87 141,87 106,63 8.876,00 8.806,00
492 141,87 0,00 0,00 8.776,00 8.825,00
493 141,87 141,87 106,64 8.874,00 8.843,00
494 141,87 0,00 0,00 8.774,00 8.862,00
495 141,87 0,00 0,00 8.872,00 8.880,00
496 141,87 141,87 106,64 8.970,00 8.898,00
497 141,87 0,00 0,00 8.871,00 8.917,00
498 141,87 141,87 106,65 8.969,00 8.935,00
499 141,87 0,00 0,00 8.870,00 8.954,00
