1000
0 57,02 57,02 57,02 1,00 19,00 0
1 57,02 7,13 7,13 1,00 15,00 1235
2 57,02 5,18 5,18 1,00 18,00 1774
3 57,02 3,35 3,35 1,00 24,00 1865
4 57,02 1,84 1,84 1,00 31,00 1875
5 57,02 1,84 1,84 1,00 38,00 1879
6 57,02 1,84 1,84 1,00 45,00 1881
7 57,02 1,10 1,10 1,00 52,00 1881
8 57,02 1,10 1,10 1,00 59,00 1881
9 57,02 1,10 1,10 1,00 66,00 1881
10 57,02 0,78 0,78 1,00 73,00 1881
11 57,02 0,78 0,78 1,00 80,00 1881
12 57,02 0,78 0,78 1,00 87,00 1881
13 57,02 0,78 0,78 1,00 94,00 1881
14 57,02 0,78 0,78 1,00 101,00 1881
15 57,02 0,78 0,78 1,00 108,00 1881
16 57,02 0,78 0,78 1,00 115,00 1881
17 57,02 0,78 0,78 1,00 122,00 1881
18 57,02 0,78 0,78 1,00 129,00 1881
19 57,02 0,78 0,78 1,00 136,00 1881
20 57,02 0,78 0,78 1,00 143,00 1881
21 57,02 0,78 0,78 1,00 150,00 1881
22 57,02 0,78 0,78 1,00 157,00 1881
23 57,02 0,78 0,78 1,00 164,00 1881
24 57,02 0,78 0,78 1,00 171,00 1881
25 57,02 0,78 0,78 1,00 178,00 1881
26 57,02 0,78 0,78 1,00 185,00 1881
27 57,02 0,78 0,78 1,00 192,00 1881
28 57,02 0,29 0,29 1,00 199,00 1881
29 57,02 0,29 0,29 1,00 206,00 1881
30 57,02 0,27 0,27 99,00 213,00 1881
31 57,02 26,63 26,63 99,00 219,00 2704
32 57,02 25,89 25,89 99,00 225,00 3431
33 57,02 25,89 25,89 99,00 232,00 3821
34 57,02 25,89 25,89 99,00 239,00 4072
35 57,02 25,89 25,89 99,00 246,00 4286
36 57,02 22,31 22,31 99,00 253,00 4405
37 57,02 22,31 22,31 99,00 260,00 4558
38 57,02 22,31 22,31 99,00 267,00 4625
39 57,02 22,31 22,31 99,00 274,00 4666
40 57,02 22,31 22,31 99,00 281,00 4711
41 57,02 19,60 19,60 99,00 288,00 4762
42 57,02 19,60 19,60 99,00 295,00 4795
43 57,02 19,60 19,60 99,00 302,00 4831
44 57,02 19,60 19,60 99,00 309,00 4863
45 57,02 19,60 19,60 99,00 316,00 4893
46 57,02 19,60 19,60 99,00 323,00 4918
47 57,02 19,60 19,60 99,00 330,00 4938
48 57,02 16,75 16,75 99,00 337,00 4953
49 57,02 16,75 16,75 99,00 344,00 4969
50 57,02 16,75 16,75 99,00 351,00 4978
51 57,02 16,75 16,75 99,00 358,00 4991
52 57,02 16,75 16,75 99,00 365,00 5006
53 57,02 16,75 16,75 99,00 372,00 5016
54 57,02 16,75 16,75 99,00 379,00 5027
55 57,02 16,75 16,75 99,00 386,00 5033
56 57,02 14,36 14,36 99,00 393,00 5043
57 57,02 14,36 14,36 99,00 400,00 5047
58 57,02 14,36 14,36 99,00 407,00 5055
59 57,02 14,36 14,36 99,00 414,00 5061
60 57,02 14,36 14,36 1,00 421,00 5068
61 57,02 0,13 0,13 1,00 428,00 5076
62 57,02 0,13 0,13 1,00 434,00 5097
63 57,02 0,13 0,13 1,00 441,00 5110
64 57,02 0,13 0,13 1,00 448,00 5114
65 57,02 0,13 0,13 1,00 455,00 5115
66 57,02 0,13 0,13 1,00 462,00 5118
67 57,02 0,13 0,13 1,00 469,00 5123
68 57,02 0,13 0,13 1,00 476,00 5124
69 57,02 0,12 0,12 1,00 483,00 5125
70 57,02 0,12 0,12 1,00 490,00 5125
71 57,02 0,12 0,12 1,00 497,00 5125
72 57,02 0,12 0,12 1,00 504,00 5125
73 57,02 0,12 0,12 1,00 511,00 5125
74 57,02 0,12 0,12 1,00 518,00 5126
75 57,02 0,12 0,12 1,00 525,00 5126
76 57,02 0,12 0,12 1,00 532,00 5126
77 57,02 0,12 0,12 1,00 539,00 5126
78 57,02 0,12 0,12 1,00 546,00 5127
79 57,02 0,12 0,12 1,00 553,00 5128
80 57,02 0,12 0,12 1,00 560,00 5128
81 57,02 0,12 0,12 1,00 567,00 5128
82 57,02 0,12 0,12 1,00 574,00 5128
83 57,02 0,12 0,12 1,00 581,00 5128
84 57,02 0,12 0,12 1,00 588,00 5128
85 57,02 0,12 0,12 1,00 595,00 5128
86 57,02 0,12 0,12 1,00 602,00 5128
87 57,02 0,12 0,12 1,00 609,00 5128
88 57,02 0,12 0,12 1,00 616,00 5129
89 57,02 0,12 0,12 1,00 623,00 5133
90 57,02 0,12 0,12 99,00 630,00 5133
91 57,02 8,97 8,97 99,00 636,00 5240
92 57,02 8,97 8,97 99,00 643,00 5280
93 57,02 8,97 8,97 99,00 650,00 5298
94 57,02 8,97 8,97 99,00 657,00 5308
95 57,02 8,97 8,97 99,00 664,00 5318
96 57,02 8,97 8,97 99,00 671,00 5327
97 57,02 8,97 8,97 99,00 678,00 5336
98 57,02 8,97 8,97 99,00 685,00 5340
99 57,02 8,97 8,97 99,00 692,00 5347
100 57,02 8,97 8,97 99,00 699,00 5351
101 57,02 8,97 8,97 99,00 706,00 5353
102 57,02 8,97 8,97 99,00 713,00 5354
103 57,02 8,97 8,97 99,00 720,00 5357
104 57,02 8,97 8,97 99,00 727,00 5357
105 57,02 8,97 8,97 99,00 734,00 5357
106 57,02 8,97 8,97 99,00 741,00 5357
107 57,02 8,97 8,97 99,00 748,00 5357
108 57,02 8,97 8,97 99,00 755,00 5357
109 57,02 8,97 8,97 99,00 762,00 5359
110 57,02 8,97 8,97 99,00 769,00 5359
111 57,02 7,27 7,27 99,00 776,00 5360
112 57,02 7,27 7,27 99,00 783,00 5362
113 57,02 7,27 7,27 99,00 790,00 5364
114 57,02 7,27 7,27 99,00 797,00 5366
115 57,02 7,27 7,27 99,00 804,00 5366
116 57,02 6,96 6,96 99,00 811,00 5366
117 57,02 6,96 6,96 99,00 818,00 5366
118 57,02 6,96 6,96 99,00 825,00 5367
119 57,02 6,96 6,96 99,00 832,00 5368
120 57,02 6,73 6,73 9,00 839,00 5368
121 57,02 6,73 6,73 9,00 846,00 5378
122 57,02 6,73 6,73 9,00 853,00 5387
123 57,02 6,73 6,73 9,00 860,00 5391
124 57,02 6,73 6,73 9,00 867,00 5392
125 57,02 6,73 6,73 9,00 874,00 5392
126 57,02 6,73 6,73 9,00 881,00 5392
127 57,02 6,73 6,73 9,00 888,00 5392
128 57,02 6,73 6,73 9,00 895,00 5392
129 57,02 6,73 6,73 9,00 902,00 5392
130 57,02 6,73 6,73 9,00 909,00 5392
131 57,02 6,73 6,73 9,00 916,00 5392
132 57,02 6,73 6,73 9,00 923,00 5392
133 57,02 6,73 6,73 9,00 930,00 5392
134 57,02 6,73 6,73 9,00 937,00 5392
135 57,02 6,73 6,73 9,00 944,00 5392
136 57,02 0,54 0,54 9,00 951,00 5392
137 57,02 0,54 0,54 9,00 958,00 5392
138 57,02 0,53 0,53 9,00 965,00 5392
139 57,02 0,53 0,53 9,00 972,00 5392
140 57,02 0,53 0,53 9,00 979,00 5397
141 57,02 0,53 0,53 9,00 986,00 5398
142 57,02 0,53 0,53 9,00 993,00 5398
143 57,02 0,53 0,53 9,00 1.000,00 5398
144 57,02 0,53 0,53 9,00 1.007,00 5398
145 57,02 0,51 0,51 9,00 1.014,00 5398
146 57,02 0,51 0,51 9,00 1.021,00 5398
147 57,02 0,50 0,50 9,00 1.028,00 5398
148 57,02 0,50 0,50 9,00 1.035,00 5398
149 57,02 0,50 0,50 9,00 1.042,00 5398
150 57,02 0,50 0,50 95,00 1.049,00 5398
151 57,02 0,50 0,50 95,00 1.056,00 5443
152 57,02 0,50 0,50 95,00 1.063,00 5461
153 57,02 0,50 0,50 95,00 1.070,00 5469
154 57,02 0,50 0,50 95,00 1.077,00 5476
155 57,02 0,50 0,50 95,00 1.084,00 5480
156 57,02 0,50 0,50 95,00 1.091,00 5482
157 57,02 4,93 4,93 95,00 1.098,00 5482
158 57,02 4,90 4,90 95,00 1.105,00 5492
159 57,02 4,90 4,90 95,00 1.112,00 5501
160 57,02 4,90 4,90 95,00 1.119,00 5510
161 57,02 4,90 4,90 95,00 1.126,00 5520
162 57,02 4,90 4,90 95,00 1.133,00 5532
163 57,02 4,90 4,90 95,00 1.140,00 5544
164 57,02 4,90 4,90 95,00 1.147,00 5553
165 57,02 4,90 4,90 95,00 1.154,00 5560
166 57,02 4,90 4,90 95,00 1.161,00 5566
167 57,02 4,90 4,90 95,00 1.168,00 5570
168 57,02 4,90 4,90 95,00 1.175,00 5573
169 57,02 4,90 4,90 95,00 1.182,00 5575
170 57,02 4,90 4,90 95,00 1.189,00 5576
171 57,02 4,90 4,90 95,00 1.196,00 5577
172 57,02 4,90 4,90 95,00 1.203,00 5578
173 57,02 4,90 4,90 95,00 1.210,00 5579
174 57,02 4,90 4,90 95,00 1.217,00 5580
175 57,02 4,90 4,90 95,00 1.224,00 5582
176 57,02 4,90 4,90 95,00 1.231,00 5583
177 57,02 4,90 4,90 95,00 1.238,00 5584
178 57,02 4,90 4,90 95,00 1.245,00 5587
179 57,02 4,90 4,90 95,00 1.252,00 5589
180 57,02 4,90 4,90 8,00 1.259,00 5591
181 57,02 0,36 0,36 8,00 1.266,00 5600
182 57,02 0,36 0,36 8,00 1.273,00 5601
183 57,02 0,36 0,36 8,00 1.280,00 5602
184 57,02 0,36 0,36 8,00 1.287,00 5602
185 57,02 0,35 0,35 8,00 1.294,00 5602
186 57,02 0,35 0,35 8,00 1.301,00 5602
187 57,02 0,35 0,35 8,00 1.308,00 5602
188 57,02 0,35 0,35 8,00 1.315,00 5602
189 57,02 0,35 0,35 8,00 1.322,00 5602
190 57,02 0,35 0,35 8,00 1.329,00 5602
191 57,02 0,35 0,35 8,00 1.336,00 5604
192 57,02 0,35 0,35 8,00 1.343,00 5606
193 57,02 0,34 0,34 8,00 1.350,00 5607
194 57,02 0,34 0,34 8,00 1.357,00 5611
195 57,02 0,34 0,34 8,00 1.364,00 5613
196 57,02 0,33 0,33 8,00 1.371,00 5613
197 57,02 0,33 0,33 8,00 1.378,00 5613
198 57,02 0,33 0,33 8,00 1.385,00 5613
199 57,02 0,33 0,33 8,00 1.392,00 5613
200 57,02 0,33 0,33 8,00 1.399,00 5613
201 57,02 0,33 0,33 8,00 1.406,00 5613
202 57,02 0,33 0,33 8,00 1.413,00 5613
203 57,02 0,33 0,33 8,00 1.420,00 5613
204 57,02 0,33 0,33 8,00 1.427,00 5613
205 57,02 0,32 0,32 8,00 1.434,00 5613
206 57,02 0,32 0,32 8,00 1.441,00 5613
207 57,02 0,32 0,32 8,00 1.448,00 5613
208 57,02 0,32 0,32 8,00 1.455,00 5614
209 57,02 0,32 0,32 8,00 1.462,00 5616
210 57,02 0,32 0,32 96,00 1.469,00 5616
211 57,02 0,32 0,32 96,00 1.476,00 5655
212 57,02 3,69 3,69 96,00 1.483,00 5665
213 57,02 3,69 3,69 96,00 1.490,00 5671
214 57,02 3,69 3,69 96,00 1.497,00 5671
215 57,02 3,69 3,69 96,00 1.504,00 5671
216 57,02 3,69 3,69 96,00 1.511,00 5671
217 57,02 3,69 3,69 96,00 1.518,00 5671
218 57,02 3,69 3,69 96,00 1.525,00 5671
219 57,02 3,69 3,69 96,00 1.532,00 5671
220 57,02 3,69 3,69 96,00 1.539,00 5671
221 57,02 3,69 3,69 96,00 1.546,00 5671
222 57,02 3,69 3,69 96,00 1.553,00 5671
223 57,02 3,69 3,69 96,00 1.560,00 5671
224 57,02 3,69 3,69 96,00 1.567,00 5671
225 57,02 3,69 3,69 96,00 1.574,00 5671
226 57,02 3,69 3,69 96,00 1.581,00 5671
227 57,02 3,69 3,69 96,00 1.588,00 5671
228 57,02 3,69 3,69 96,00 1.595,00 5671
229 57,02 3,69 3,69 96,00 1.602,00 5671
230 57,02 3,69 3,69 96,00 1.609,00 5671
231 57,02 3,39 3,39 96,00 1.616,00 5671
232 57,02 3,39 3,39 96,00 1.623,00 5671
233 57,02 3,39 3,39 96,00 1.630,00 5671
234 57,02 3,39 3,39 96,00 1.637,00 5671
235 57,02 3,39 3,39 96,00 1.644,00 5671
236 57,02 3,32 3,32 96,00 1.651,00 5671
237 57,02 3,30 3,30 96,00 1.658,00 5671
238 57,02 3,29 3,29 96,00 1.665,00 5671
239 57,02 3,29 3,29 96,00 1.672,00 5671
240 57,02 3,26 3,26 22,00 1.679,00 5671
241 57,02 3,26 3,26 22,00 1.686,00 5686
242 57,02 3,26 3,26 22,00 1.693,00 5686
243 57,02 3,26 3,26 22,00 1.700,00 5687
244 57,02 3,26 3,26 22,00 1.707,00 5688
245 57,02 3,26 3,26 22,00 1.714,00 5688
246 57,02 3,26 3,26 22,00 1.721,00 5688
247 57,02 0,73 0,73 22,00 1.728,00 5688
248 57,02 0,73 0,73 22,00 1.735,00 5688
249 57,02 0,73 0,73 22,00 1.742,00 5691
250 57,02 0,73 0,73 22,00 1.749,00 5693
251 57,02 0,73 0,73 22,00 1.756,00 5693
252 57,02 0,73 0,73 22,00 1.763,00 5693
253 57,02 0,73 0,73 22,00 1.770,00 5694
254 57,02 0,71 0,71 22,00 1.777,00 5694
255 57,02 0,70 0,70 22,00 1.784,00 5694
256 57,02 0,70 0,70 22,00 1.791,00 5694
257 57,02 0,70 0,70 22,00 1.798,00 5694
258 57,02 0,70 0,70 22,00 1.805,00 5694
259 57,02 0,70 0,70 22,00 1.812,00 5694
260 57,02 0,70 0,70 22,00 1.819,00 5694
261 57,02 0,70 0,70 22,00 1.826,00 5694
262 57,02 0,70 0,70 22,00 1.833,00 5694
263 57,02 0,68 0,68 22,00 1.840,00 5694
264 57,02 0,68 0,68 22,00 1.847,00 5694
265 57,02 0,68 0,68 22,00 1.854,00 5694
266 57,02 0,67 0,67 22,00 1.861,00 5694
267 57,02 0,67 0,67 22,00 1.868,00 5694
268 57,02 0,67 0,67 22,00 1.875,00 5694
269 57,02 0,67 0,67 22,00 1.882,00 5694
270 57,02 0,67 0,67 96,00 1.889,00 5694
271 57,02 0,67 0,67 96,00 1.896,00 5724
272 57,02 0,67 0,67 96,00 1.903,00 5736
273 57,02 0,67 0,67 96,00 1.910,00 5742
274 57,02 0,67 0,67 96,00 1.917,00 5742
275 57,02 0,67 0,67 96,00 1.924,00 5742
276 57,02 0,67 0,67 96,00 1.931,00 5742
277 57,02 0,67 0,67 96,00 1.938,00 5742
278 57,02 0,67 0,67 96,00 1.945,00 5742
279 57,02 0,67 0,67 96,00 1.952,00 5742
280 57,02 0,67 0,67 96,00 1.959,00 5742
281 57,02 0,67 0,67 96,00 1.966,00 5742
282 57,02 0,67 0,67 96,00 1.973,00 5742
283 57,02 0,67 0,67 96,00 1.980,00 5742
284 57,02 0,67 0,67 96,00 1.987,00 5742
285 57,02 0,67 0,67 96,00 1.994,00 5742
286 57,02 0,67 0,67 96,00 2.001,00 5742
287 57,02 0,67 0,67 96,00 2.008,00 5742
288 57,02 0,67 0,67 96,00 2.015,00 5742
289 57,02 0,67 0,67 96,00 2.022,00 5742
290 57,02 0,67 0,67 96,00 2.029,00 5742
291 57,02 0,67 0,67 96,00 2.036,00 5742
292 57,02 2,68 2,68 96,00 2.043,00 5742
293 57,02 2,68 2,68 96,00 2.050,00 5742
294 57,02 2,68 2,68 96,00 2.057,00 5742
295 57,02 2,65 2,65 96,00 2.064,00 5742
296 57,02 2,65 2,65 96,00 2.071,00 5742
297 57,02 2,65 2,65 96,00 2.078,00 5742
298 57,02 2,65 2,65 96,00 2.085,00 5742
299 57,02 2,65 2,65 96,00 2.092,00 5742
300 57,02 2,65 2,65 31,00 2.099,00 5742
301 57,02 2,65 2,65 31,00 2.106,00 5752
302 57,02 2,65 2,65 31,00 2.113,00 5752
303 57,02 2,65 2,65 31,00 2.120,00 5752
304 57,02 2,65 2,65 31,00 2.127,00 5752
305 57,02 2,65 2,65 31,00 2.134,00 5752
306 57,02 2,65 2,65 31,00 2.141,00 5762
307 57,02 2,65 2,65 31,00 2.148,00 5773
308 57,02 2,65 2,65 31,00 2.155,00 5778
309 57,02 2,65 2,65 31,00 2.162,00 5780
310 57,02 2,65 2,65 31,00 2.169,00 5780
311 57,02 2,65 2,65 31,00 2.176,00 5780
312 57,02 2,65 2,65 31,00 2.183,00 5780
313 57,02 2,65 2,65 31,00 2.190,00 5782
314 57,02 2,65 2,65 31,00 2.197,00 5783
315 57,02 2,65 2,65 31,00 2.204,00 5783
316 57,02 0,80 0,80 31,00 2.211,00 5783
317 57,02 0,80 0,80 31,00 2.218,00 5783
318 57,02 0,80 0,80 31,00 2.225,00 5783
319 57,02 0,80 0,80 31,00 2.232,00 5783
320 57,02 0,80 0,80 31,00 2.239,00 5783
321 57,02 0,80 0,80 31,00 2.246,00 5783
322 57,02 0,80 0,80 31,00 2.253,00 5783
323 57,02 0,80 0,80 31,00 2.260,00 5783
324 57,02 0,80 0,80 31,00 2.267,00 5783
325 57,02 0,80 0,80 31,00 2.274,00 5783
326 57,02 0,80 0,80 31,00 2.281,00 5783
327 57,02 0,80 0,80 31,00 2.288,00 5783
328 57,02 0,80 0,80 31,00 2.295,00 5783
329 57,02 0,80 0,80 31,00 2.302,00 5783
330 57,02 0,80 0,80 72,00 2.309,00 5783
331 57,02 0,80 0,80 72,00 2.316,00 5809
332 57,02 0,80 0,80 72,00 2.323,00 5815
333 57,02 0,80 0,80 72,00 2.330,00 5818
334 57,02 1,76 1,76 72,00 2.337,00 5819
335 57,02 1,76 1,76 72,00 2.344,00 5820
336 57,02 1,76 1,76 72,00 2.351,00 5820
337 57,02 1,76 1,76 72,00 2.358,00 5820
338 57,02 1,76 1,76 72,00 2.365,00 5820
339 57,02 1,76 1,76 72,00 2.372,00 5820
340 57,02 1,76 1,76 72,00 2.379,00 5820
341 57,02 1,76 1,76 72,00 2.386,00 5820
342 57,02 1,72 1,72 72,00 2.393,00 5820
343 57,02 1,72 1,72 72,00 2.400,00 5820
344 57,02 1,71 1,71 72,00 2.407,00 5820
345 57,02 1,71 1,71 72,00 2.414,00 5820
346 57,02 1,71 1,71 72,00 2.421,00 5820
347 57,02 1,71 1,71 72,00 2.428,00 5820
348 57,02 1,71 1,71 72,00 2.435,00 5820
349 57,02 1,71 1,71 72,00 2.442,00 5820
350 57,02 1,71 1,71 72,00 2.449,00 5820
351 57,02 1,71 1,71 72,00 2.456,00 5820
352 57,02 1,71 1,71 72,00 2.463,00 5820
353 57,02 1,71 1,71 72,00 2.470,00 5820
354 57,02 1,71 1,71 72,00 2.477,00 5820
355 57,02 1,71 1,71 72,00 2.484,00 5820
356 57,02 1,71 1,71 72,00 2.491,00 5820
357 57,02 1,71 1,71 72,00 2.498,00 5820
358 57,02 1,71 1,71 72,00 2.505,00 5820
359 57,02 1,71 1,71 72,00 2.512,00 5820
360 57,02 1,71 1,71 27,00 2.519,00 5820
361 57,02 1,71 1,71 27,00 2.526,00 5827
362 57,02 1,71 1,71 27,00 2.533,00 5827
363 57,02 1,71 1,71 27,00 2.540,00 5827
364 57,02 1,71 1,71 27,00 2.547,00 5827
365 57,02 1,71 1,71 27,00 2.554,00 5827
366 57,02 1,71 1,71 27,00 2.561,00 5827
367 57,02 0,60 0,60 27,00 2.568,00 5827
368 57,02 0,60 0,60 27,00 2.575,00 5827
369 57,02 0,60 0,60 27,00 2.582,00 5827
370 57,02 0,60 0,60 27,00 2.589,00 5827
371 57,02 0,60 0,60 27,00 2.596,00 5827
372 57,02 0,60 0,60 27,00 2.603,00 5827
373 57,02 0,60 0,60 27,00 2.610,00 5827
374 57,02 0,59 0,59 27,00 2.617,00 5827
375 57,02 0,59 0,59 27,00 2.624,00 5827
376 57,02 0,59 0,59 27,00 2.631,00 5827
377 57,02 0,59 0,59 27,00 2.638,00 5827
378 57,02 0,59 0,59 27,00 2.645,00 5827
379 57,02 0,59 0,59 27,00 2.652,00 5827
380 57,02 0,59 0,59 27,00 2.659,00 5827
381 57,02 0,59 0,59 27,00 2.666,00 5827
382 57,02 0,59 0,59 27,00 2.673,00 5827
383 57,02 0,59 0,59 27,00 2.680,00 5833
384 57,02 0,59 0,59 27,00 2.687,00 5833
385 57,02 0,59 0,59 27,00 2.694,00 5833
386 57,02 0,59 0,59 27,00 2.701,00 5833
387 57,02 0,59 0,59 27,00 2.708,00 5833
388 57,02 0,59 0,59 27,00 2.715,00 5833
389 57,02 0,57 0,57 27,00 2.722,00 5833
390 57,02 0,57 0,57 93,00 2.729,00 5833
391 57,02 0,57 0,57 93,00 2.736,00 5854
392 57,02 0,57 0,57 93,00 2.743,00 5858
393 57,02 0,57 0,57 93,00 2.750,00 5861
394 57,02 1,92 1,92 93,00 2.757,00 5861
395 57,02 1,92 1,92 93,00 2.764,00 5861
396 57,02 1,92 1,92 93,00 2.771,00 5861
397 57,02 1,92 1,92 93,00 2.778,00 5861
398 57,02 1,92 1,92 93,00 2.785,00 5861
399 57,02 1,92 1,92 93,00 2.792,00 5861
400 57,02 1,92 1,92 93,00 2.799,00 5861
401 57,02 1,92 1,92 93,00 2.806,00 5865
402 57,02 1,92 1,92 93,00 2.813,00 5866
403 57,02 1,92 1,92 93,00 2.820,00 5866
404 57,02 1,92 1,92 93,00 2.827,00 5866
405 57,02 1,92 1,92 93,00 2.834,00 5866
406 57,02 1,92 1,92 93,00 2.841,00 5866
407 57,02 1,92 1,92 93,00 2.848,00 5866
408 57,02 1,92 1,92 93,00 2.855,00 5866
409 57,02 1,92 1,92 93,00 2.862,00 5866
410 57,02 1,92 1,92 93,00 2.869,00 5866
411 57,02 1,92 1,92 93,00 2.876,00 5866
412 57,02 1,92 1,92 93,00 2.883,00 5866
413 57,02 1,83 1,83 93,00 2.890,00 5866
414 57,02 1,83 1,83 93,00 2.897,00 5866
415 57,02 1,83 1,83 93,00 2.904,00 5866
416 57,02 1,83 1,83 93,00 2.911,00 5866
417 57,02 1,83 1,83 93,00 2.918,00 5866
418 57,02 1,83 1,83 93,00 2.925,00 5866
419 57,02 1,83 1,83 93,00 2.932,00 5866
420 57,02 1,83 1,83 35,00 2.939,00 5866
421 57,02 1,83 1,83 35,00 2.946,00 5875
422 57,02 1,83 1,83 35,00 2.953,00 5878
423 57,02 1,83 1,83 35,00 2.960,00 5879
424 57,02 1,83 1,83 35,00 2.967,00 5879
425 57,02 1,83 1,83 35,00 2.974,00 5879
426 57,02 0,67 0,67 35,00 2.981,00 5879
427 57,02 0,67 0,67 35,00 2.988,00 5879
428 57,02 0,67 0,67 35,00 2.995,00 5880
429 57,02 0,67 0,67 35,00 3.002,00 5880
430 57,02 0,66 0,66 35,00 3.009,00 5880
431 57,02 0,66 0,66 35,00 3.016,00 5880
432 57,02 0,66 0,66 35,00 3.023,00 5880
433 57,02 0,66 0,66 35,00 3.030,00 5880
434 57,02 0,66 0,66 35,00 3.037,00 5880
435 57,02 0,66 0,66 35,00 3.044,00 5880
436 57,02 0,66 0,66 35,00 3.051,00 5880
437 57,02 0,65 0,65 35,00 3.058,00 5880
438 57,02 0,65 0,65 35,00 3.065,00 5880
439 57,02 0,65 0,65 35,00 3.072,00 5880
440 57,02 0,65 0,65 35,00 3.079,00 5880
441 57,02 0,65 0,65 35,00 3.086,00 5880
442 57,02 0,65 0,65 35,00 3.093,00 5880
443 57,02 0,64 0,64 35,00 3.100,00 5880
444 57,02 0,64 0,64 35,00 3.107,00 5880
445 57,02 0,64 0,64 35,00 3.114,00 5880
446 57,02 0,64 0,64 35,00 3.121,00 5880
447 57,02 0,64 0,64 35,00 3.128,00 5880
448 57,02 0,64 0,64 35,00 3.135,00 5880
449 57,02 0,64 0,64 35,00 3.142,00 5880
450 57,02 0,64 0,64 91,00 3.149,00 5880
451 57,02 0,64 0,64 91,00 3.156,00 5901
452 57,02 0,64 0,64 91,00 3.163,00 5908
453 57,02 0,64 0,64 91,00 3.170,00 5908
454 57,02 0,64 0,64 91,00 3.177,00 5908
455 57,02 0,64 0,64 91,00 3.184,00 5908
456 57,02 0,64 0,64 91,00 3.191,00 5909
457 57,02 0,64 0,64 91,00 3.198,00 5909
458 57,02 0,64 0,64 91,00 3.205,00 5909
459 57,02 0,64 0,64 91,00 3.212,00 5909
460 57,02 0,64 0,64 91,00 3.219,00 5909
461 57,02 0,64 0,64 91,00 3.226,00 5909
462 57,02 1,60 1,60 91,00 3.233,00 5909
463 57,02 1,60 1,60 91,00 3.240,00 5909
464 57,02 1,60 1,60 91,00 3.247,00 5909
465 57,02 1,59 1,59 91,00 3.254,00 5909
466 57,02 1,59 1,59 91,00 3.261,00 5909
467 57,02 1,59 1,59 91,00 3.268,00 5909
468 57,02 1,59 1,59 91,00 3.275,00 5909
469 57,02 1,58 1,58 91,00 3.282,00 5909
470 57,02 1,58 1,58 91,00 3.289,00 5909
471 57,02 1,58 1,58 91,00 3.296,00 5909
472 57,02 1,58 1,58 91,00 3.303,00 5909
473 57,02 1,58 1,58 91,00 3.310,00 5909
474 57,02 1,58 1,58 91,00 3.317,00 5909
475 57,02 1,58 1,58 91,00 3.324,00 5909
476 57,02 1,58 1,58 91,00 3.331,00 5909
477 57,02 1,58 1,58 91,00 3.338,00 5909
478 57,02 1,58 1,58 91,00 3.345,00 5909
479 57,02 1,58 1,58 91,00 3.352,00 5909
480 57,02 1,54 1,54 43,00 3.359,00 5909
481 57,02 1,54 1,54 43,00 3.366,00 5915
482 57,02 1,54 1,54 43,00 3.373,00 5916
483 57,02 0,73 0,73 43,00 3.380,00 5916
484 57,02 0,73 0,73 43,00 3.387,00 5916
485 57,02 0,73 0,73 43,00 3.394,00 5916
486 57,02 0,73 0,73 43,00 3.401,00 5916
487 57,02 0,73 0,73 43,00 3.408,00 5916
488 57,02 0,73 0,73 43,00 3.415,00 5916
489 57,02 0,73 0,73 43,00 3.422,00 5916
490 57,02 0,73 0,73 43,00 3.429,00 5916
491 57,02 0,73 0,73 43,00 3.436,00 5916
492 57,02 0,73 0,73 43,00 3.443,00 5916
493 57,02 0,73 0,73 43,00 3.450,00 5916
494 57,02 0,73 0,73 43,00 3.457,00 5916
495 57,02 0,73 0,73 43,00 3.464,00 5916
496 57,02 0,73 0,73 43,00 3.471,00 5916
497 57,02 0,73 0,73 43,00 3.478,00 5916
498 57,02 0,73 0,73 43,00 3.485,00 5916
499 57,02 0,73 0,73 43,00 3.492,00 5916
500 57,02 0,73 0,73 43,00 3.499,00 5916
501 57,02 0,70 0,70 43,00 3.506,00 5916
502 57,02 0,70 0,70 43,00 3.513,00 5916
503 57,02 0,70 0,70 43,00 3.520,00 5916
504 57,02 0,70 0,70 43,00 3.527,00 5916
505 57,02 0,70 0,70 43,00 3.534,00 5919
506 57,02 0,70 0,70 43,00 3.541,00 5919
507 57,02 0,70 0,70 43,00 3.548,00 5919
508 57,02 0,70 0,70 43,00 3.555,00 5919
509 57,02 0,70 0,70 43,00 3.562,00 5919
510 57,02 0,70 0,70 96,00 3.569,00 5919
511 57,02 0,70 0,70 96,00 3.576,00 5935
512 57,02 0,70 0,70 96,00 3.583,00 5937
513 57,02 0,70 0,70 96,00 3.590,00 5938
514 57,02 0,70 0,70 96,00 3.597,00 5938
515 57,02 0,70 0,70 96,00 3.604,00 5938
516 57,02 0,70 0,70 96,00 3.611,00 5938
517 57,02 1,51 1,51 96,00 3.618,00 5938
518 57,02 1,51 1,51 96,00 3.625,00 5938
519 57,02 1,51 1,51 96,00 3.632,00 5938
520 57,02 1,51 1,51 96,00 3.639,00 5938
521 57,02 1,51 1,51 96,00 3.646,00 5938
522 57,02 1,51 1,51 96,00 3.653,00 5938
523 57,02 1,51 1,51 96,00 3.660,00 5938
524 57,02 1,51 1,51 96,00 3.667,00 5938
525 57,02 1,51 1,51 96,00 3.674,00 5938
526 57,02 1,51 1,51 96,00 3.681,00 5938
527 57,02 1,48 1,48 96,00 3.688,00 5938
528 57,02 1,48 1,48 96,00 3.695,00 5938
529 57,02 1,48 1,48 96,00 3.702,00 5938
530 57,02 1,48 1,48 96,00 3.709,00 5938
531 57,02 1,47 1,47 96,00 3.716,00 5938
532 57,02 1,47 1,47 96,00 3.723,00 5938
533 57,02 1,47 1,47 96,00 3.730,00 5938
534 57,02 1,47 1,47 96,00 3.737,00 5938
535 57,02 1,47 1,47 96,00 3.744,00 5938
536 57,02 1,47 1,47 96,00 3.751,00 5938
537 57,02 1,47 1,47 96,00 3.758,00 5938
538 57,02 1,47 1,47 96,00 3.765,00 5938
539 57,02 1,47 1,47 96,00 3.772,00 5938
540 57,02 1,47 1,47 53,00 3.779,00 5938
541 57,02 0,80 0,80 53,00 3.786,00 5942
542 57,02 0,80 0,80 53,00 3.793,00 5944
543 57,02 0,80 0,80 53,00 3.800,00 5946
544 57,02 0,80 0,80 53,00 3.807,00 5947
545 57,02 0,80 0,80 53,00 3.814,00 5958
546 57,02 0,80 0,80 53,00 3.821,00 5965
547 57,02 0,80 0,80 53,00 3.828,00 5965
548 57,02 0,80 0,80 53,00 3.835,00 5965
549 57,02 0,80 0,80 53,00 3.842,00 5965
550 57,02 0,79 0,79 53,00 3.849,00 5965
551 57,02 0,79 0,79 53,00 3.856,00 5965
552 57,02 0,79 0,79 53,00 3.863,00 5965
553 57,02 0,79 0,79 53,00 3.870,00 5965
554 57,02 0,79 0,79 53,00 3.877,00 5965
555 57,02 0,79 0,79 53,00 3.884,00 5965
556 57,02 0,79 0,79 53,00 3.891,00 5965
557 57,02 0,79 0,79 53,00 3.898,00 5965
558 57,02 0,79 0,79 53,00 3.905,00 5965
559 57,02 0,79 0,79 53,00 3.912,00 5969
560 57,02 0,79 0,79 53,00 3.919,00 5969
561 57,02 0,79 0,79 53,00 3.926,00 5969
562 57,02 0,79 0,79 53,00 3.933,00 5969
563 57,02 0,79 0,79 53,00 3.940,00 5969
564 57,02 0,79 0,79 53,00 3.947,00 5969
565 57,02 0,79 0,79 53,00 3.954,00 5969
566 57,02 0,79 0,79 53,00 3.961,00 5969
567 57,02 0,79 0,79 53,00 3.968,00 5969
568 57,02 0,79 0,79 53,00 3.975,00 5969
569 57,02 0,79 0,79 53,00 3.982,00 5969
570 57,02 0,79 0,79 78,00 3.989,00 5969
571 57,02 0,79 0,79 78,00 3.996,00 5988
572 57,02 0,79 0,79 78,00 4.003,00 5994
573 57,02 0,79 0,79 78,00 4.010,00 5999
574 57,02 1,11 1,11 78,00 4.017,00 6004
575 57,02 1,11 1,11 78,00 4.024,00 6007
576 57,02 1,11 1,11 78,00 4.031,00 6009
577 57,02 1,11 1,11 78,00 4.038,00 6010
578 57,02 1,11 1,11 78,00 4.045,00 6010
579 57,02 1,11 1,11 78,00 4.052,00 6010
580 57,02 1,11 1,11 78,00 4.059,00 6010
581 57,02 1,11 1,11 78,00 4.066,00 6010
582 57,02 1,11 1,11 78,00 4.073,00 6010
583 57,02 1,09 1,09 78,00 4.080,00 6010
584 57,02 1,09 1,09 78,00 4.087,00 6010
585 57,02 1,09 1,09 78,00 4.094,00 6010
586 57,02 1,09 1,09 78,00 4.101,00 6010
587 57,02 1,09 1,09 78,00 4.108,00 6010
588 57,02 1,09 1,09 78,00 4.115,00 6010
589 57,02 1,09 1,09 78,00 4.122,00 6010
590 57,02 1,09 1,09 78,00 4.129,00 6010
591 57,02 1,09 1,09 78,00 4.136,00 6010
592 57,02 1,09 1,09 78,00 4.143,00 6010
593 57,02 1,09 1,09 78,00 4.150,00 6010
594 57,02 1,07 1,07 78,00 4.157,00 6010
595 57,02 1,07 1,07 78,00 4.164,00 6010
596 57,02 1,07 1,07 78,00 4.171,00 6010
597 57,02 1,07 1,07 78,00 4.178,00 6010
598 57,02 1,07 1,07 78,00 4.185,00 6010
599 57,02 1,07 1,07 78,00 4.192,00 6010
600 57,02 1,07 1,07 46,00 4.199,00 6010
601 57,02 1,07 1,07 46,00 4.206,00 6019
602 57,02 1,07 1,07 46,00 4.213,00 6021
603 57,02 1,07 1,07 46,00 4.220,00 6022
604 57,02 1,07 1,07 46,00 4.227,00 6022
605 57,02 1,07 1,07 46,00 4.234,00 6022
606 57,02 1,07 1,07 46,00 4.241,00 6022
607 57,02 1,07 1,07 46,00 4.248,00 6022
608 57,02 1,07 1,07 46,00 4.255,00 6023
609 57,02 0,62 0,62 46,00 4.262,00 6023
610 57,02 0,62 0,62 46,00 4.269,00 6023
611 57,02 0,62 0,62 46,00 4.276,00 6023
612 57,02 0,62 0,62 46,00 4.283,00 6023
613 57,02 0,61 0,61 46,00 4.290,00 6023
614 57,02 0,61 0,61 46,00 4.297,00 6023
615 57,02 0,61 0,61 46,00 4.304,00 6023
616 57,02 0,61 0,61 46,00 4.311,00 6023
617 57,02 0,61 0,61 46,00 4.318,00 6023
618 57,02 0,61 0,61 46,00 4.325,00 6023
619 57,02 0,61 0,61 46,00 4.332,00 6023
620 57,02 0,60 0,60 46,00 4.339,00 6023
621 57,02 0,60 0,60 46,00 4.346,00 6023
622 57,02 0,60 0,60 46,00 4.353,00 6023
623 57,02 0,60 0,60 46,00 4.360,00 6023
624 57,02 0,60 0,60 46,00 4.367,00 6023
625 57,02 0,60 0,60 46,00 4.374,00 6023
626 57,02 0,60 0,60 46,00 4.381,00 6023
627 57,02 0,60 0,60 46,00 4.388,00 6023
628 57,02 0,60 0,60 46,00 4.395,00 6023
629 57,02 0,60 0,60 46,00 4.402,00 6023
630 57,02 0,59 0,59 92,00 4.409,00 6023
631 57,02 0,59 0,59 92,00 4.416,00 6039
632 57,02 0,59 0,59 92,00 4.423,00 6043
633 57,02 0,59 0,59 92,00 4.430,00 6043
634 57,02 0,59 0,59 92,00 4.437,00 6043
635 57,02 0,59 0,59 92,00 4.444,00 6043
636 57,02 0,59 0,59 92,00 4.451,00 6043
637 57,02 0,59 0,59 92,00 4.458,00 6043
638 57,02 0,59 0,59 92,00 4.465,00 6043
639 57,02 0,59 0,59 92,00 4.472,00 6043
640 57,02 0,59 0,59 92,00 4.479,00 6043
641 57,02 0,59 0,59 92,00 4.486,00 6043
642 57,02 1,17 1,17 92,00 4.493,00 6043
643 57,02 1,17 1,17 92,00 4.500,00 6043
644 57,02 1,17 1,17 92,00 4.507,00 6043
645 57,02 1,17 1,17 92,00 4.514,00 6043
646 57,02 1,17 1,17 92,00 4.521,00 6043
647 57,02 1,17 1,17 92,00 4.528,00 6043
648 57,02 1,17 1,17 92,00 4.535,00 6043
649 57,02 1,17 1,17 92,00 4.542,00 6043
650 57,02 1,17 1,17 92,00 4.549,00 6043
651 57,02 1,17 1,17 92,00 4.556,00 6043
652 57,02 1,17 1,17 92,00 4.563,00 6043
653 57,02 1,17 1,17 92,00 4.570,00 6043
654 57,02 1,17 1,17 92,00 4.577,00 6043
655 57,02 1,17 1,17 92,00 4.584,00 6043
656 57,02 1,17 1,17 92,00 4.591,00 6043
657 57,02 1,17 1,17 92,00 4.598,00 6043
658 57,02 1,17 1,17 92,00 4.605,00 6043
659 57,02 1,17 1,17 92,00 4.612,00 6043
660 57,02 1,17 1,17 52,00 4.619,00 6043
661 57,02 1,17 1,17 52,00 4.626,00 6047
662 57,02 1,17 1,17 52,00 4.633,00 6047
663 57,02 1,17 1,17 52,00 4.640,00 6047
664 57,02 1,17 1,17 52,00 4.647,00 6047
665 57,02 1,17 1,17 52,00 4.654,00 6047
666 57,02 1,17 1,17 52,00 4.661,00 6047
667 57,02 0,64 0,64 52,00 4.668,00 6047
668 57,02 0,64 0,64 52,00 4.675,00 6048
669 57,02 0,64 0,64 52,00 4.682,00 6048
670 57,02 0,64 0,64 52,00 4.689,00 6048
671 57,02 0,64 0,64 52,00 4.696,00 6048
672 57,02 0,64 0,64 52,00 4.703,00 6048
673 57,02 0,64 0,64 52,00 4.710,00 6048
674 57,02 0,64 0,64 52,00 4.717,00 6048
675 57,02 0,64 0,64 52,00 4.724,00 6048
676 57,02 0,64 0,64 52,00 4.731,00 6048
677 57,02 0,64 0,64 52,00 4.738,00 6048
678 57,02 0,64 0,64 52,00 4.745,00 6048
679 57,02 0,64 0,64 52,00 4.752,00 6048
680 57,02 0,64 0,64 52,00 4.759,00 6048
681 57,02 0,64 0,64 52,00 4.766,00 6048
682 57,02 0,64 0,64 52,00 4.773,00 6048
683 57,02 0,64 0,64 52,00 4.780,00 6048
684 57,02 0,62 0,62 52,00 4.787,00 6048
685 57,02 0,62 0,62 52,00 4.794,00 6048
686 57,02 0,62 0,62 52,00 4.801,00 6048
687 57,02 0,62 0,62 52,00 4.808,00 6048
688 57,02 0,62 0,62 52,00 4.815,00 6048
689 57,02 0,62 0,62 52,00 4.822,00 6048
690 57,02 0,62 0,62 96,00 4.829,00 6048
691 57,02 0,62 0,62 96,00 4.836,00 6060
692 57,02 0,62 0,62 96,00 4.843,00 6063
693 57,02 0,62 0,62 96,00 4.850,00 6066
694 57,02 0,62 0,62 96,00 4.857,00 6067
695 57,02 0,62 0,62 96,00 4.864,00 6068
696 57,02 0,62 0,62 96,00 4.871,00 6070
697 57,02 1,12 1,12 96,00 4.878,00 6070
698 57,02 1,12 1,12 96,00 4.885,00 6070
699 57,02 1,12 1,12 96,00 4.892,00 6070
700 57,02 1,12 1,12 96,00 4.899,00 6070
701 57,02 1,12 1,12 96,00 4.906,00 6070
702 57,02 1,12 1,12 96,00 4.913,00 6070
703 57,02 1,12 1,12 96,00 4.920,00 6070
704 57,02 1,12 1,12 96,00 4.927,00 6070
705 57,02 1,12 1,12 96,00 4.934,00 6070
706 57,02 1,12 1,12 96,00 4.941,00 6070
707 57,02 1,12 1,12 96,00 4.948,00 6070
708 57,02 1,12 1,12 96,00 4.955,00 6070
709 57,02 1,12 1,12 96,00 4.962,00 6070
710 57,02 1,12 1,12 96,00 4.969,00 6070
711 57,02 1,12 1,12 96,00 4.976,00 6070
712 57,02 1,12 1,12 96,00 4.983,00 6070
713 57,02 1,12 1,12 96,00 4.990,00 6070
714 57,02 1,12 1,12 96,00 4.997,00 6070
715 57,02 1,12 1,12 96,00 5.004,00 6070
716 57,02 1,12 1,12 96,00 5.011,00 6070
717 57,02 1,09 1,09 96,00 5.018,00 6070
718 57,02 1,09 1,09 96,00 5.025,00 6070
719 57,02 1,09 1,09 96,00 5.032,00 6070
720 57,02 1,09 1,09 58,00 5.039,00 6070
721 57,02 1,09 1,09 58,00 5.046,00 6073
722 57,02 1,09 1,09 58,00 5.053,00 6073
723 57,02 1,09 1,09 58,00 5.060,00 6073
724 57,02 1,09 1,09 58,00 5.067,00 6073
725 57,02 1,09 1,09 58,00 5.074,00 6073
726 57,02 1,09 1,09 58,00 5.081,00 6073
727 57,02 0,65 0,65 58,00 5.088,00 6073
728 57,02 0,65 0,65 58,00 5.095,00 6073
729 57,02 0,65 0,65 58,00 5.102,00 6073
730 57,02 0,65 0,65 58,00 5.109,00 6073
731 57,02 0,65 0,65 58,00 5.116,00 6073
732 57,02 0,65 0,65 58,00 5.123,00 6073
733 57,02 0,65 0,65 58,00 5.130,00 6073
734 57,02 0,65 0,65 58,00 5.137,00 6073
735 57,02 0,64 0,64 58,00 5.144,00 6073
736 57,02 0,64 0,64 58,00 5.151,00 6073
737 57,02 0,64 0,64 58,00 5.158,00 6073
738 57,02 0,64 0,64 58,00 5.165,00 6073
739 57,02 0,64 0,64 58,00 5.172,00 6073
740 57,02 0,64 0,64 58,00 5.179,00 6073
741 57,02 0,64 0,64 58,00 5.186,00 6073
742 57,02 0,64 0,64 58,00 5.193,00 6073
743 57,02 0,64 0,64 58,00 5.200,00 6073
744 57,02 0,64 0,64 58,00 5.207,00 6073
745 57,02 0,64 0,64 58,00 5.214,00 6073
746 57,02 0,64 0,64 58,00 5.221,00 6073
747 57,02 0,64 0,64 58,00 5.228,00 6073
748 57,02 0,64 0,64 58,00 5.235,00 6073
749 57,02 0,64 0,64 58,00 5.242,00 6073
750 57,02 0,64 0,64 92,00 5.249,00 6073
751 57,02 0,64 0,64 92,00 5.256,00 6081
752 57,02 0,64 0,64 92,00 5.263,00 6085
753 57,02 0,64 0,64 92,00 5.270,00 6085
754 57,02 0,99 0,99 92,00 5.277,00 6085
755 57,02 0,99 0,99 92,00 5.284,00 6085
756 57,02 0,99 0,99 92,00 5.291,00 6085
757 57,02 0,99 0,99 92,00 5.298,00 6085
758 57,02 0,99 0,99 92,00 5.305,00 6091
759 57,02 0,99 0,99 92,00 5.312,00 6094
760 57,02 0,99 0,99 92,00 5.319,00 6096
761 57,02 0,99 0,99 92,00 5.326,00 6097
762 57,02 0,99 0,99 92,00 5.333,00 6098
763 57,02 0,98 0,98 92,00 5.340,00 6098
764 57,02 0,98 0,98 92,00 5.347,00 6098
765 57,02 0,98 0,98 92,00 5.354,00 6098
766 57,02 0,98 0,98 92,00 5.361,00 6098
767 57,02 0,98 0,98 92,00 5.368,00 6098
768 57,02 0,98 0,98 92,00 5.375,00 6098
769 57,02 0,98 0,98 92,00 5.382,00 6098
770 57,02 0,98 0,98 92,00 5.389,00 6098
771 57,02 0,98 0,98 92,00 5.396,00 6098
772 57,02 0,98 0,98 92,00 5.403,00 6098
773 57,02 0,98 0,98 92,00 5.410,00 6098
774 57,02 0,98 0,98 92,00 5.417,00 6098
775 57,02 0,98 0,98 92,00 5.424,00 6098
776 57,02 0,98 0,98 92,00 5.431,00 6098
777 57,02 0,98 0,98 92,00 5.438,00 6098
778 57,02 0,98 0,98 92,00 5.445,00 6098
779 57,02 0,98 0,98 92,00 5.452,00 6098
780 57,02 0,98 0,98 59,00 5.459,00 6098
781 57,02 0,98 0,98 59,00 5.466,00 6102
782 57,02 0,98 0,98 59,00 5.473,00 6107
783 57,02 0,98 0,98 59,00 5.480,00 6110
784 57,02 0,98 0,98 59,00 5.487,00 6111
785 57,02 0,98 0,98 59,00 5.494,00 6111
786 57,02 0,98 0,98 59,00 5.501,00 6111
787 57,02 0,98 0,98 59,00 5.508,00 6111
788 57,02 0,61 0,61 59,00 5.515,00 6111
789 57,02 0,61 0,61 59,00 5.522,00 6111
790 57,02 0,61 0,61 59,00 5.529,00 6111
791 57,02 0,61 0,61 59,00 5.536,00 6111
792 57,02 0,61 0,61 59,00 5.543,00 6111
793 57,02 0,61 0,61 59,00 5.550,00 6111
794 57,02 0,61 0,61 59,00 5.557,00 6111
795 57,02 0,60 0,60 59,00 5.564,00 6111
796 57,02 0,60 0,60 59,00 5.571,00 6111
797 57,02 0,60 0,60 59,00 5.578,00 6111
798 57,02 0,60 0,60 59,00 5.585,00 6111
799 57,02 0,60 0,60 59,00 5.592,00 6111
800 57,02 0,60 0,60 59,00 5.599,00 6111
801 57,02 0,60 0,60 59,00 5.606,00 6111
802 57,02 0,60 0,60 59,00 5.613,00 6111
803 57,02 0,60 0,60 59,00 5.620,00 6111
804 57,02 0,60 0,60 59,00 5.627,00 6111
805 57,02 0,60 0,60 59,00 5.634,00 6111
806 57,02 0,60 0,60 59,00 5.641,00 6111
807 57,02 0,60 0,60 59,00 5.648,00 6111
808 57,02 0,60 0,60 59,00 5.655,00 6111
809 57,02 0,60 0,60 59,00 5.662,00 6111
810 57,02 0,60 0,60 95,00 5.669,00 6111
811 57,02 0,60 0,60 95,00 5.676,00 6120
812 57,02 0,60 0,60 95,00 5.683,00 6122
813 57,02 0,60 0,60 95,00 5.690,00 6123
814 57,02 0,60 0,60 95,00 5.697,00 6123
815 57,02 0,60 0,60 95,00 5.704,00 6123
816 57,02 0,60 0,60 95,00 5.711,00 6123
817 57,02 0,60 0,60 95,00 5.718,00 6123
818 57,02 0,60 0,60 95,00 5.725,00 6123
819 57,02 0,60 0,60 95,00 5.732,00 6123
820 57,02 0,60 0,60 95,00 5.739,00 6123
821 57,02 0,60 0,60 95,00 5.746,00 6123
822 57,02 0,60 0,60 95,00 5.753,00 6123
823 57,02 0,60 0,60 95,00 5.760,00 6123
824 57,02 0,60 0,60 95,00 5.767,00 6123
825 57,02 0,94 0,94 95,00 5.774,00 6123
826 57,02 0,94 0,94 95,00 5.781,00 6123
827 57,02 0,94 0,94 95,00 5.788,00 6123
828 57,02 0,94 0,94 95,00 5.795,00 6123
829 57,02 0,93 0,93 95,00 5.802,00 6123
830 57,02 0,93 0,93 95,00 5.809,00 6123
831 57,02 0,93 0,93 95,00 5.816,00 6123
832 57,02 0,93 0,93 95,00 5.823,00 6123
833 57,02 0,93 0,93 95,00 5.830,00 6123
834 57,02 0,93 0,93 95,00 5.837,00 6123
835 57,02 0,93 0,93 95,00 5.844,00 6123
836 57,02 0,93 0,93 95,00 5.851,00 6123
837 57,02 0,93 0,93 95,00 5.858,00 6123
838 57,02 0,93 0,93 95,00 5.865,00 6123
839 57,02 0,93 0,93 95,00 5.872,00 6123
840 57,02 0,92 0,92 64,00 5.879,00 6123
841 57,02 0,92 0,92 64,00 5.886,00 6130
842 57,02 0,92 0,92 64,00 5.893,00 6130
843 57,02 0,92 0,92 64,00 5.900,00 6130
844 57,02 0,92 0,92 64,00 5.907,00 6130
845 57,02 0,92 0,92 64,00 5.914,00 6130
846 57,02 0,92 0,92 64,00 5.921,00 6130
847 57,02 0,92 0,92 64,00 5.928,00 6130
848 57,02 0,92 0,92 64,00 5.935,00 6130
849 57,02 0,92 0,92 64,00 5.942,00 6130
850 57,02 0,92 0,92 64,00 5.949,00 6130
851 57,02 0,92 0,92 64,00 5.956,00 6130
852 57,02 0,92 0,92 64,00 5.963,00 6130
853 57,02 0,92 0,92 64,00 5.970,00 6130
854 57,02 0,92 0,92 64,00 5.977,00 6130
855 57,02 0,92 0,92 64,00 5.984,00 6130
856 57,02 0,92 0,92 64,00 5.991,00 6130
857 57,02 0,92 0,92 64,00 5.998,00 6130
858 57,02 0,92 0,92 64,00 6.005,00 6130
859 57,02 0,92 0,92 64,00 6.012,00 6130
860 57,02 0,92 0,92 64,00 6.019,00 6130
861 57,02 0,92 0,92 64,00 6.026,00 6130
862 57,02 0,60 0,60 64,00 6.033,00 6130
863 57,02 0,60 0,60 64,00 6.040,00 6130
864 57,02 0,60 0,60 64,00 6.047,00 6130
865 57,02 0,60 0,60 64,00 6.054,00 6130
866 57,02 0,60 0,60 64,00 6.061,00 6130
867 57,02 0,60 0,60 64,00 6.068,00 6130
868 57,02 0,60 0,60 64,00 6.075,00 6130
869 57,02 0,60 0,60 64,00 6.082,00 6130
870 57,02 0,60 0,60 98,00 6.089,00 6130
871 57,02 0,60 0,60 98,00 6.096,00 6139
872 57,02 0,92 0,92 98,00 6.103,00 6142
873 57,02 0,92 0,92 98,00 6.110,00 6144
874 57,02 0,92 0,92 98,00 6.117,00 6144
875 57,02 0,92 0,92 98,00 6.124,00 6152
876 57,02 0,91 0,91 98,00 6.131,00 6155
877 57,02 0,91 0,91 98,00 6.138,00 6156
878 57,02 0,91 0,91 98,00 6.145,00 6156
879 57,02 0,91 0,91 98,00 6.152,00 6156
880 57,02 0,91 0,91 98,00 6.159,00 6156
881 57,02 0,91 0,91 98,00 6.166,00 6156
882 57,02 0,91 0,91 98,00 6.173,00 6156
883 57,02 0,91 0,91 98,00 6.180,00 6156
884 57,02 0,91 0,91 98,00 6.187,00 6156
885 57,02 0,91 0,91 98,00 6.194,00 6156
886 57,02 0,91 0,91 98,00 6.201,00 6156
887 57,02 0,91 0,91 98,00 6.208,00 6156
888 57,02 0,91 0,91 98,00 6.215,00 6156
889 57,02 0,91 0,91 98,00 6.222,00 6156
890 57,02 0,91 0,91 98,00 6.229,00 6156
891 57,02 0,91 0,91 98,00 6.236,00 6156
892 57,02 0,91 0,91 98,00 6.243,00 6156
893 57,02 0,91 0,91 98,00 6.250,00 6156
894 57,02 0,91 0,91 98,00 6.257,00 6156
895 57,02 0,91 0,91 98,00 6.264,00 6156
896 57,02 0,91 0,91 98,00 6.271,00 6156
897 57,02 0,91 0,91 98,00 6.278,00 6156
898 57,02 0,91 0,91 98,00 6.285,00 6156
899 57,02 0,91 0,91 98,00 6.292,00 6156
900 57,02 0,91 0,91 46,00 6.299,00 6156
901 57,02 0,91 0,91 46,00 6.306,00 6161
902 57,02 0,91 0,91 46,00 6.313,00 6162
903 57,02 0,91 0,91 46,00 6.320,00 6163
904 57,02 0,91 0,91 46,00 6.327,00 6163
905 57,02 0,41 0,41 46,00 6.334,00 6164
906 57,02 0,41 0,41 46,00 6.341,00 6165
907 57,02 0,41 0,41 46,00 6.348,00 6165
908 57,02 0,41 0,41 46,00 6.355,00 6165
909 57,02 0,41 0,41 46,00 6.362,00 6165
910 57,02 0,41 0,41 46,00 6.369,00 6165
911 57,02 0,41 0,41 46,00 6.376,00 6165
912 57,02 0,41 0,41 46,00 6.383,00 6165
913 57,02 0,41 0,41 46,00 6.390,00 6165
914 57,02 0,41 0,41 46,00 6.397,00 6165
915 57,02 0,41 0,41 46,00 6.404,00 6165
916 57,02 0,41 0,41 46,00 6.411,00 6165
917 57,02 0,41 0,41 46,00 6.418,00 6165
918 57,02 0,41 0,41 46,00 6.425,00 6165
919 57,02 0,41 0,41 46,00 6.432,00 6165
920 57,02 0,41 0,41 46,00 6.439,00 6165
921 57,02 0,41 0,41 46,00 6.446,00 6165
922 57,02 0,41 0,41 46,00 6.453,00 6165
923 57,02 0,41 0,41 46,00 6.460,00 6165
924 57,02 0,41 0,41 46,00 6.467,00 6165
925 57,02 0,41 0,41 46,00 6.474,00 6165
926 57,02 0,41 0,41 46,00 6.481,00 6165
927 57,02 0,41 0,41 46,00 6.488,00 6165
928 57,02 0,41 0,41 46,00 6.495,00 6165
929 57,02 0,40 0,40 46,00 6.502,00 6165
930 57,02 0,40 0,40 96,00 6.509,00 6165
931 57,02 0,40 0,40 96,00 6.516,00 6173
932 57,02 0,40 0,40 96,00 6.523,00 6176
933 57,02 0,40 0,40 96,00 6.530,00 6176
934 57,02 0,40 0,40 96,00 6.537,00 6176
935 57,02 0,40 0,40 96,00 6.544,00 6176
936 57,02 0,84 0,84 96,00 6.551,00 6177
937 57,02 0,84 0,84 96,00 6.558,00 6177
938 57,02 0,84 0,84 96,00 6.565,00 6177
939 57,02 0,84 0,84 96,00 6.572,00 6177
940 57,02 0,84 0,84 96,00 6.579,00 6177
941 57,02 0,84 0,84 96,00 6.586,00 6177
942 57,02 0,84 0,84 96,00 6.593,00 6177
943 57,02 0,84 0,84 96,00 6.600,00 6177
944 57,02 0,84 0,84 96,00 6.607,00 6177
945 57,02 0,84 0,84 96,00 6.614,00 6177
946 57,02 0,84 0,84 96,00 6.621,00 6177
947 57,02 0,84 0,84 96,00 6.628,00 6177
948 57,02 0,84 0,84 96,00 6.635,00 6177
949 57,02 0,84 0,84 96,00 6.642,00 6177
950 57,02 0,84 0,84 96,00 6.649,00 6177
951 57,02 0,84 0,84 96,00 6.656,00 6177
952 57,02 0,84 0,84 96,00 6.663,00 6177
953 57,02 0,84 0,84 96,00 6.670,00 6177
954 57,02 0,84 0,84 96,00 6.677,00 6177
955 57,02 0,84 0,84 96,00 6.684,00 6177
956 57,02 0,84 0,84 96,00 6.691,00 6177
957 57,02 0,84 0,84 96,00 6.698,00 6177
958 57,02 0,84 0,84 96,00 6.705,00 6177
959 57,02 0,82 0,82 96,00 6.712,00 6177
960 57,02 0,82 0,82 68,00 6.719,00 6177
961 57,02 0,58 0,58 68,00 6.726,00 6179
962 57,02 0,58 0,58 68,00 6.733,00 6180
963 57,02 0,58 0,58 68,00 6.740,00 6180
964 57,02 0,57 0,57 68,00 6.747,00 6180
965 57,02 0,57 0,57 68,00 6.754,00 6181
966 57,02 0,57 0,57 68,00 6.761,00 6181
967 57,02 0,57 0,57 68,00 6.768,00 6181
968 57,02 0,57 0,57 68,00 6.775,00 6181
969 57,02 0,57 0,57 68,00 6.782,00 6181
970 57,02 0,57 0,57 68,00 6.789,00 6181
971 57,02 0,57 0,57 68,00 6.796,00 6181
972 57,02 0,57 0,57 68,00 6.803,00 6181
973 57,02 0,57 0,57 68,00 6.810,00 6181
974 57,02 0,57 0,57 68,00 6.817,00 6181
975 57,02 0,57 0,57 68,00 6.824,00 6181
976 57,02 0,57 0,57 68,00 6.831,00 6181
977 57,02 0,57 0,57 68,00 6.838,00 6181
978 57,02 0,57 0,57 68,00 6.845,00 6181
979 57,02 0,57 0,57 68,00 6.852,00 6181
980 57,02 0,57 0,57 68,00 6.859,00 6181
981 57,02 0,57 0,57 68,00 6.866,00 6181
982 57,02 0,57 0,57 68,00 6.873,00 6181
983 57,02 0,57 0,57 68,00 6.880,00 6181
984 57,02 0,57 0,57 68,00 6.887,00 6181
985 57,02 0,57 0,57 68,00 6.894,00 6181
986 57,02 0,57 0,57 68,00 6.901,00 6181
987 57,02 0,57 0,57 68,00 6.908,00 6181
988 57,02 0,56 0,56 68,00 6.915,00 6181
989 57,02 0,56 0,56 68,00 6.922,00 6181
990 57,02 0,56 0,56 90,00 6.929,00 6181
991 57,02 0,74 0,74 90,00 6.936,00 6187
992 57,02 0,74 0,74 90,00 6.943,00 6189
993 57,02 0,74 0,74 90,00 6.950,00 6189
994 57,02 0,74 0,74 90,00 6.957,00 6189
995 57,02 0,74 0,74 90,00 6.964,00 6189
996 57,02 0,74 0,74 90,00 6.971,00 6189
997 57,02 0,74 0,74 90,00 6.978,00 6189
998 57,02 0,74 0,74 90,00 6.985,00 6189
999 57,02 0,74 0,74 90,00 6.992,00 6189
