500
0 377,28 377,28 377,28 1,00 57,00 0 1
1 377,28 377,28 377,28 1,00 57,00 2034 1
2 377,28 377,28 218,64 1,00 53,00 5373 1
3 377,28 377,28 306,13 2,00 52,00 8224 1
4 377,28 14,51 15,91 136,00 52,00 10634 1
5 377,28 14,51 17,80 274,00 28,00 12916 1
6 377,28 14,51 23,27 398,00 10,00 15418 1
7 377,28 14,51 28,05 512,00 10,00 17536 1
8 377,28 14,51 33,02 632,00 10,00 19639 1
9 377,28 14,51 39,83 722,00 10,00 21808 1
10 377,28 14,51 38,64 804,00 10,00 23907 1
11 377,28 14,51 41,30 898,00 10,00 25930 1
12 377,28 14,51 39,30 956,00 10,00 27892 1
13 377,28 14,51 41,76 1.022,00 10,00 29850 1
14 377,28 14,51 52,19 1.072,00 10,00 31599 1
15 377,28 14,51 24,73 1.138,00 10,00 33497 1
16 377,28 42.933,96 134.241,27 938,00 10,00 35789 1
17 377,28 42.933,96 116.317,95 738,00 19,00 37955 1
18 377,28 42.933,96 101.438,89 538,00 28,00 39952 1
19 377,28 42.933,96 85.101,27 338,00 37,00 41766 1
20 377,28 42.933,96 86.756,41 138,00 46,00 43660 1
21 377,28 42.933,96 74.545,32 1,00 55,00 45373 1
22 377,28 42.933,96 59.177,26 1,00 55,00 47124 1
23 377,28 42.933,96 64.725,93 1,00 55,00 48807 1
24 377,28 42.933,96 60.884,20 1,00 55,00 50463 1
25 377,28 42.933,96 54.283,81 1,00 55,00 52047 1
26 377,28 6,86 7,40 131,00 55,00 53795 1
27 377,28 6,86 6,21 263,00 22,00 55520 1
28 377,28 6,86 5,60 389,00 10,00 57190 1
29 377,28 6,86 7,14 507,00 10,00 58778 1
30 377,28 6,86 8,39 627,00 10,00 60394 1
31 377,28 23.655,18 26.764,97 427,00 10,00 62105 1
32 377,28 23.655,18 22.910,83 227,00 19,00 63934 1
33 377,28 23.655,18 23.035,13 27,00 28,00 65556 1
34 377,28 363,80 373,11 1,00 28,00 67081 1
35 377,28 363,80 391,69 1,00 27,00 68549 1
36 377,28 363,80 392,38 1,00 27,00 69881 1
37 377,28 363,80 386,99 1,00 27,00 71145 1
38 377,28 363,80 391,22 1,00 27,00 72579 1
39 377,28 363,80 382,68 1,00 26,00 74208 1
40 377,28 363,80 368,96 1,00 26,00 75718 1
41 377,28 363,80 284,94 1,00 26,00 77166 1
42 377,28 363,80 368,89 1,00 25,00 78878 1
43 377,28 363,80 356,77 1,00 25,00 80555 1
44 377,28 363,80 351,83 1,00 25,00 81773 1
45 377,28 15,09 14,32 18,00 25,00 83109 1
46 377,28 15,09 14,18 2,00 10,00 84434 1
47 377,28 15,09 13,87 6,00 10,00 85600 1
48 377,28 15,09 13,70 10,00 10,00 87143 1
49 377,28 15,09 13,53 2,00 10,00 88485 1
50 377,28 75,46 66,25 1,00 10,00 89667 1
51 377,28 75,46 77,98 1,00 1,00 91101 1
52 377,28 75,46 79,92 1,00 1,00 92490 1
53 377,28 75,46 78,07 1,00 1,00 93718 1
54 377,28 377,28 381,67 1,00 1,00 94913 1
55 377,28 377,28 378,46 1,00 1,00 96246 1
56 377,28 377,28 378,13 1,00 1,00 97603 1
57 377,28 377,28 365,53 1,00 1,00 98885 1
58 377,28 377,28 369,69 1,00 1,00 100402 1
59 377,28 377,28 358,87 1,00 1,00 101741 1
60 377,28 377,28 356,63 1,00 1,00 103074 1
61 377,28 377,28 352,30 1,00 1,00 104418 1
62 377,28 377,28 345,25 1,00 1,00 105536 1
63 377,28 377,28 340,01 1,00 1,00 106810 1
64 377,28 377,28 331,54 1,00 1,00 108412 1
65 377,28 377,28 323,83 1,00 1,00 110148 1
66 377,28 377,28 326,72 1,00 1,00 111691 1
67 377,28 377,28 322,86 1,00 1,00 113010 1
68 377,28 377,28 307,65 1,00 1,00 114244 1
69 377,28 377,28 317,75 1,00 1,00 115821 1
70 377,28 377,28 305,90 1,00 1,00 117266 1
71 377,28 377,28 298,76 1,00 1,00 118561 1
72 377,28 377,28 300,17 1,00 1,00 120013 1
73 377,28 377,28 298,12 1,00 1,00 121298 1
74 377,28 377,28 293,59 1,00 1,00 122549 1
75 377,28 377,28 289,37 1,00 1,00 123751 1
76 377,28 377,28 283,95 1,00 1,00 124905 1
77 377,28 377,28 278,59 1,00 1,00 125986 1
78 377,28 377,28 277,41 1,00 1,00 127318 1
79 377,28 377,28 270,82 1,00 1,00 128543 1
80 377,28 377,28 272,33 1,00 1,00 130074 1
81 377,28 377,28 272,72 1,00 1,00 131439 1
82 377,28 377,28 351,39 1,00 1,00 132580 1
83 377,28 377,28 337,45 1,00 1,00 133739 1
84 377,28 377,28 336,70 1,00 1,00 134818 1
85 377,28 377,28 330,16 1,00 1,00 135948 1
86 377,28 377,28 344,46 1,00 1,00 136970 1
87 377,28 377,28 340,51 1,00 1,00 138018 1
88 377,28 377,28 346,66 1,00 1,00 139066 1
89 377,28 377,28 353,13 1,00 1,00 139999 1
90 377,28 377,28 348,30 1,00 1,00 141020 1
91 377,28 377,28 348,68 1,00 1,00 142167 1
92 377,28 377,28 336,01 1,00 1,00 143191 1
93 377,28 377,28 327,15 1,00 1,00 144073 1
94 377,28 377,28 339,23 1,00 1,00 145023 1
95 377,28 377,28 336,29 1,00 1,00 146050 1
96 377,28 377,28 337,03 1,00 1,00 147033 1
97 377,28 377,28 328,13 1,00 1,00 148185 1
98 377,28 377,28 329,18 1,00 1,00 149496 1
99 377,28 377,28 312,75 1,00 1,00 150789 1
100 377,28 377,28 319,16 1,00 1,00 151913 1
101 377,28 377,28 301,98 1,00 1,00 152923 1
102 377,28 377,28 294,95 1,00 1,00 154100 1
103 377,28 377,28 292,34 1,00 1,00 155304 1
104 377,28 377,28 288,41 1,00 1,00 156501 1
105 377,28 377,28 293,24 1,00 1,00 157770 1
106 377,28 377,28 304,08 1,00 1,00 159019 1
107 377,28 377,28 296,25 1,00 1,00 160099 1
108 377,28 377,28 288,32 1,00 1,00 161070 1
109 377,28 377,28 288,84 1,00 1,00 161897 1
110 377,28 377,28 285,85 1,00 1,00 162626 1
111 377,28 377,28 284,05 1,00 1,00 163252 1
112 377,28 377,28 283,87 1,00 1,00 163915 1
113 377,28 377,28 281,34 1,00 1,00 164484 1
114 377,28 377,28 281,58 1,00 1,00 165028 1
115 377,28 377,28 282,11 1,00 1,00 165663 1
116 377,28 377,28 282,90 1,00 1,00 166330 1
117 377,28 377,28 284,39 1,00 1,00 166906 1
118 377,28 377,28 283,91 1,00 1,00 167421 1
119 377,28 377,28 284,16 1,00 1,00 168035 1
120 377,28 377,28 281,81 1,00 1,00 168861 1
121 377,28 377,28 283,71 1,00 1,00 169578 1
122 377,28 377,28 284,17 1,00 1,00 170224 1
123 377,28 377,28 285,94 1,00 1,00 170893 1
124 377,28 377,28 284,81 1,00 1,00 171582 1
125 377,28 377,28 285,92 1,00 1,00 172216 1
126 377,28 377,28 290,00 1,00 1,00 172756 1
127 377,28 377,28 290,90 1,00 1,00 173305 1
128 377,28 377,28 289,45 1,00 1,00 173840 1
129 377,28 377,28 286,78 1,00 1,00 174427 1
130 377,28 377,28 287,13 1,00 1,00 175026 1
131 377,28 377,28 287,37 1,00 1,00 175704 1
132 377,28 377,28 285,19 1,00 1,00 176270 1
133 377,28 377,28 286,64 1,00 1,00 176881 1
134 377,28 377,28 284,49 1,00 1,00 177431 1
135 377,28 377,28 284,81 1,00 1,00 178005 1
136 377,28 377,28 284,84 1,00 1,00 178566 1
137 377,28 377,28 279,44 1,00 1,00 179265 1
138 377,28 377,28 281,88 1,00 1,00 179894 1
139 377,28 377,28 281,94 1,00 1,00 180482 1
140 377,28 377,28 285,06 1,00 1,00 181063 1
141 377,28 377,28 279,62 1,00 1,00 181637 1
142 377,28 377,28 275,37 1,00 1,00 182152 1
143 377,28 377,28 274,14 1,00 1,00 182626 1
144 377,28 377,28 273,90 1,00 1,00 183097 1
145 377,28 377,28 271,06 1,00 1,00 183576 1
146 377,28 377,28 271,42 1,00 1,00 184032 1
147 377,28 377,28 270,47 1,00 1,00 184511 1
148 377,28 377,28 270,61 1,00 1,00 184974 1
149 377,28 377,28 271,57 1,00 1,00 185531 1
150 377,28 377,28 272,13 1,00 1,00 186058 1
151 377,28 377,28 272,02 1,00 1,00 186631 1
152 377,28 377,28 275,08 1,00 1,00 187173 1
153 377,28 377,28 279,06 1,00 1,00 187653 1
154 377,28 377,28 283,27 1,00 1,00 188087 1
155 377,28 377,28 286,81 1,00 1,00 188478 1
156 377,28 377,28 285,98 1,00 1,00 188781 1
157 377,28 377,28 285,63 1,00 1,00 189113 1
158 377,28 377,28 287,18 1,00 1,00 189431 1
159 377,28 377,28 286,80 1,00 1,00 189747 1
160 377,28 377,28 286,83 1,00 1,00 190001 1
161 377,28 377,28 287,08 1,00 1,00 190235 1
162 377,28 377,28 283,92 1,00 1,00 190426 1
163 377,28 377,28 284,88 1,00 1,00 190604 1
164 377,28 377,28 285,89 1,00 1,00 190779 1
165 377,28 377,28 287,50 1,00 1,00 191045 1
166 377,28 377,28 288,49 1,00 1,00 191280 1
167 377,28 377,28 288,59 1,00 1,00 191593 1
168 377,28 377,28 289,54 1,00 1,00 192025 1
169 377,28 377,28 288,27 1,00 1,00 192568 1
170 377,28 377,28 287,24 1,00 1,00 193073 1
171 377,28 377,28 287,60 1,00 1,00 193588 1
172 377,28 377,28 288,54 1,00 1,00 194218 1
173 377,28 377,28 288,29 1,00 1,00 194884 1
174 377,28 377,28 288,53 1,00 1,00 195676 1
175 377,28 377,28 288,81 1,00 1,00 196337 1
176 377,28 377,28 287,66 1,00 1,00 196899 1
177 377,28 377,28 287,55 1,00 1,00 197325 1
178 377,28 377,28 286,72 1,00 1,00 197802 1
179 377,28 377,28 286,26 1,00 1,00 198275 1
180 377,28 377,28 286,09 1,00 1,00 198921 1
181 377,28 377,28 286,96 1,00 1,00 199549 1
182 377,28 377,28 288,07 1,00 1,00 200208 1
183 377,28 377,28 284,41 1,00 1,00 201052 1
184 377,28 377,28 285,66 1,00 1,00 201970 1
185 377,28 377,28 287,61 1,00 1,00 202680 1
186 377,28 377,28 287,53 1,00 1,00 203342 1
187 377,28 377,28 279,42 1,00 1,00 203905 1
188 377,28 377,28 282,86 1,00 1,00 204414 1
189 377,28 377,28 286,44 1,00 1,00 205267 1
190 377,28 377,28 287,21 1,00 1,00 206148 1
191 377,28 377,28 287,25 1,00 1,00 207071 1
192 377,28 377,28 287,74 1,00 1,00 207853 1
193 377,28 377,28 288,13 1,00 1,00 208707 1
194 377,28 377,28 290,17 1,00 1,00 209442 1
195 377,28 377,28 290,60 1,00 1,00 210092 1
196 377,28 377,28 289,19 1,00 1,00 210836 1
197 377,28 377,28 288,09 1,00 1,00 211520 1
198 377,28 377,28 288,76 1,00 1,00 212143 1
199 377,28 377,28 291,42 1,00 1,00 212798 1
200 377,28 377,28 290,55 1,00 1,00 213398 1
201 377,28 377,28 289,91 1,00 1,00 213972 1
202 377,28 377,28 291,93 1,00 1,00 214446 1
203 377,28 377,28 291,86 1,00 1,00 214886 1
204 377,28 377,28 288,81 1,00 1,00 215331 1
205 377,28 377,28 295,41 1,00 1,00 215711 1
206 377,28 377,28 296,89 1,00 1,00 216069 1
207 377,28 377,28 298,21 1,00 1,00 216426 1
208 377,28 377,28 299,13 1,00 1,00 216691 1
209 377,28 377,28 294,61 1,00 1,00 216851 1
210 377,28 377,28 299,80 1,00 1,00 217021 1
211 377,28 377,28 298,95 1,00 1,00 217235 1
212 377,28 377,28 301,08 1,00 1,00 217428 1
213 377,28 377,28 302,06 1,00 1,00 217613 1
214 377,28 377,28 302,57 1,00 1,00 217786 1
215 377,28 377,28 304,29 1,00 1,00 218014 1
216 377,28 377,28 306,64 1,00 1,00 218241 1
217 377,28 377,28 306,21 1,00 1,00 218632 1
218 377,28 377,28 303,79 1,00 1,00 219065 1
219 377,28 377,28 301,79 1,00 1,00 219510 1
220 377,28 377,28 304,60 1,00 1,00 219834 1
221 377,28 377,28 305,88 1,00 1,00 220118 1
222 377,28 377,28 307,16 1,00 1,00 220457 1
223 377,28 377,28 306,99 1,00 1,00 220780 1
224 377,28 377,28 306,79 1,00 1,00 221084 1
225 377,28 377,28 307,43 1,00 1,00 221368 1
226 377,28 377,28 306,61 1,00 1,00 221678 1
227 377,28 377,28 308,20 1,00 1,00 222006 1
228 377,28 377,28 307,36 1,00 1,00 222403 1
229 377,28 377,28 307,56 1,00 1,00 222737 1
230 377,28 377,28 307,96 1,00 1,00 223035 1
231 377,28 377,28 308,11 1,00 1,00 223321 1
232 377,28 377,28 308,48 1,00 1,00 223592 1
233 377,28 377,28 308,96 1,00 1,00 223825 1
234 377,28 377,28 308,64 1,00 1,00 224068 1
235 377,28 377,28 308,62 1,00 1,00 224238 1
236 377,28 377,28 308,30 1,00 1,00 224458 1
237 377,28 377,28 308,72 1,00 1,00 224715 1
238 377,28 377,28 307,30 1,00 1,00 224963 1
239 377,28 377,28 306,96 1,00 1,00 225171 1
240 377,28 377,28 306,06 1,00 1,00 225419 1
241 377,28 377,28 305,71 1,00 1,00 225651 1
242 377,28 377,28 306,00 1,00 1,00 225874 1
243 377,28 377,28 305,45 1,00 1,00 226049 1
244 377,28 377,28 304,73 1,00 1,00 226240 1
245 377,28 377,28 304,40 1,00 1,00 226509 1
246 377,28 377,28 304,13 1,00 1,00 226809 1
247 377,28 377,28 304,06 1,00 1,00 227215 1
248 377,28 377,28 303,66 1,00 1,00 227639 1
249 377,28 377,28 302,58 1,00 1,00 228105 1
250 377,28 377,28 302,70 1,00 1,00 228636 1
251 377,28 377,28 300,69 1,00 1,00 229213 1
252 377,28 377,28 300,23 1,00 1,00 229674 1
253 377,28 377,28 301,20 1,00 1,00 230044 1
254 377,28 377,28 299,00 1,00 1,00 230450 1
255 377,28 377,28 301,13 1,00 1,00 230803 1
256 377,28 377,28 300,46 1,00 1,00 231184 1
257 377,28 377,28 299,31 1,00 1,00 231585 1
258 377,28 377,28 298,84 1,00 1,00 232098 1
259 377,28 377,28 296,69 1,00 1,00 232617 1
260 377,28 377,28 294,02 1,00 1,00 233264 1
261 377,28 377,28 292,52 1,00 1,00 233979 1
262 377,28 377,28 295,72 1,00 1,00 234613 1
263 377,28 377,28 294,57 1,00 1,00 235212 1
264 377,28 377,28 295,87 1,00 1,00 235817 1
265 377,28 377,28 293,46 1,00 1,00 236398 1
266 377,28 377,28 293,78 1,00 1,00 236895 1
267 377,28 377,28 293,19 1,00 1,00 237510 1
268 377,28 377,28 292,13 1,00 1,00 238092 1
269 377,28 377,28 290,66 1,00 1,00 238725 1
270 377,28 377,28 289,36 1,00 1,00 239224 1
271 377,28 377,28 287,65 1,00 1,00 239797 1
272 377,28 377,28 286,75 1,00 1,00 240308 1
273 377,28 377,28 284,89 1,00 1,00 240800 1
274 377,28 377,28 282,30 1,00 1,00 241319 1
275 377,28 377,28 279,88 1,00 1,00 241758 1
276 377,28 377,28 277,93 1,00 1,00 242166 1
277 377,28 377,28 278,22 1,00 1,00 242581 1
278 377,28 377,28 275,25 1,00 1,00 242909 1
279 377,28 377,28 274,21 1,00 1,00 243219 1
280 377,28 377,28 272,00 1,00 1,00 243464 1
281 377,28 377,28 271,83 1,00 1,00 243676 1
282 377,28 377,28 272,77 1,00 1,00 243930 1
283 377,28 377,28 272,14 1,00 1,00 244170 1
284 377,28 377,28 271,67 1,00 1,00 244381 1
285 377,28 377,28 271,52 1,00 1,00 244581 1
286 377,28 377,28 272,07 1,00 1,00 244881 1
287 377,28 377,28 274,22 1,00 1,00 245197 1
288 377,28 377,28 276,11 1,00 1,00 245608 1
289 377,28 377,28 278,21 1,00 1,00 246088 1
290 377,28 377,28 280,10 1,00 1,00 246639 1
291 377,28 377,28 280,27 1,00 1,00 247156 1
292 377,28 377,28 281,10 1,00 1,00 247714 1
293 377,28 377,28 281,43 1,00 1,00 248241 1
294 377,28 377,28 282,35 1,00 1,00 248810 1
295 377,28 377,28 282,03 1,00 1,00 249419 1
296 377,28 377,28 282,33 1,00 1,00 250007 1
297 377,28 377,28 281,99 1,00 1,00 250497 1
298 377,28 377,28 284,27 1,00 1,00 250954 1
299 377,28 377,28 281,51 1,00 1,00 251457 1
300 377,28 377,28 284,86 1,00 1,00 251857 1
301 377,28 377,28 283,33 1,00 1,00 252267 1
302 377,28 377,28 283,51 1,00 1,00 252574 1
303 377,28 377,28 284,02 1,00 1,00 252830 1
304 377,28 377,28 280,92 1,00 1,00 253107 1
305 377,28 377,28 282,65 1,00 1,00 253377 1
306 377,28 377,28 283,06 1,00 1,00 253614 1
307 377,28 377,28 283,36 1,00 1,00 253802 1
308 377,28 377,28 285,59 1,00 1,00 254049 1
309 377,28 377,28 284,04 1,00 1,00 254401 1
310 377,28 377,28 285,62 1,00 1,00 254778 1
311 377,28 377,28 285,70 1,00 1,00 255271 1
312 377,28 377,28 284,84 1,00 1,00 255757 1
313 377,28 377,28 284,38 1,00 1,00 256168 1
314 377,28 377,28 284,76 1,00 1,00 256672 1
315 377,28 377,28 283,42 1,00 1,00 257185 1
316 377,28 377,28 284,88 1,00 1,00 257712 1
317 377,28 377,28 284,11 1,00 1,00 258122 1
318 377,28 377,28 284,07 1,00 1,00 258667 1
319 377,28 377,28 284,01 1,00 1,00 259142 1
320 377,28 377,28 283,44 1,00 1,00 259646 1
321 377,28 377,28 284,84 1,00 1,00 260162 1
322 377,28 377,28 283,72 1,00 1,00 260676 1
323 377,28 377,28 284,46 1,00 1,00 261138 1
324 377,28 377,28 285,21 1,00 1,00 261651 1
325 377,28 377,28 284,43 1,00 1,00 262097 1
326 377,28 377,28 283,82 1,00 1,00 262489 1
327 377,28 377,28 284,42 1,00 1,00 262843 1
328 377,28 377,28 284,94 1,00 1,00 263159 1
329 377,28 377,28 284,96 1,00 1,00 263421 1
330 377,28 377,28 285,23 1,00 1,00 263619 1
331 377,28 377,28 285,29 1,00 1,00 263843 1
332 377,28 377,28 285,38 1,00 1,00 264118 1
333 377,28 377,28 285,30 1,00 1,00 264399 1
334 377,28 377,28 285,44 1,00 1,00 264633 1
335 377,28 377,28 285,63 1,00 1,00 264897 1
336 377,28 377,28 285,65 1,00 1,00 265071 1
337 377,28 377,28 285,78 1,00 1,00 265325 1
338 377,28 377,28 285,61 1,00 1,00 265624 1
339 377,28 377,28 285,62 1,00 1,00 265881 1
340 377,28 377,28 285,58 1,00 1,00 266159 1
341 377,28 377,28 285,56 1,00 1,00 266407 1
342 377,28 377,28 285,57 1,00 1,00 266608 1
343 377,28 377,28 285,60 1,00 1,00 266826 1
344 377,28 377,28 285,53 1,00 1,00 267021 1
345 377,28 377,28 285,50 1,00 1,00 267267 1
346 377,28 377,28 285,52 1,00 1,00 267522 1
347 377,28 377,28 285,57 1,00 1,00 267800 1
348 377,28 377,28 285,44 1,00 1,00 267983 1
349 377,28 377,28 285,58 1,00 1,00 268149 1
350 377,28 377,28 285,24 1,00 1,00 268298 1
351 377,28 377,28 285,39 1,00 1,00 268420 1
352 377,28 377,28 285,28 1,00 1,00 268528 1
353 377,28 377,28 285,23 1,00 1,00 268604 1
354 377,28 377,28 285,14 1,00 1,00 268675 1
355 377,28 377,28 285,11 1,00 1,00 268771 1
356 377,28 377,28 284,99 1,00 1,00 268866 1
357 377,28 377,28 284,95 1,00 1,00 268992 1
358 377,28 377,28 285,08 1,00 1,00 269085 1
359 377,28 377,28 285,00 1,00 1,00 269183 1
360 377,28 377,28 285,09 1,00 1,00 269292 1
361 377,28 377,28 285,18 1,00 1,00 269492 1
362 377,28 377,28 285,05 1,00 1,00 269676 1
363 377,28 377,28 285,17 1,00 1,00 269862 1
364 377,28 377,28 285,21 1,00 1,00 270024 1
365 377,28 377,28 284,98 1,00 1,00 270194 1
366 377,28 377,28 285,17 1,00 1,00 270340 1
367 377,28 377,28 285,01 1,00 1,00 270507 1
368 377,28 377,28 285,19 1,00 1,00 270654 1
369 377,28 377,28 285,18 1,00 1,00 270777 1
370 377,28 377,28 285,18 1,00 1,00 270904 1
371 377,28 377,28 285,18 1,00 1,00 271036 1
372 377,28 377,28 285,10 1,00 1,00 271172 1
373 377,28 377,28 285,19 1,00 1,00 271283 1
374 377,28 377,28 285,16 1,00 1,00 271382 1
375 377,28 377,28 285,19 1,00 1,00 271457 1
376 377,28 377,28 285,18 1,00 1,00 271539 1
377 377,28 377,28 285,14 1,00 1,00 271646 1
378 377,28 377,28 285,18 1,00 1,00 271773 1
379 377,28 377,28 285,19 1,00 1,00 271893 1
380 377,28 377,28 285,14 1,00 1,00 272037 1
381 377,28 377,28 285,17 1,00 1,00 272202 1
382 377,28 377,28 285,15 1,00 1,00 272338 1
383 377,28 377,28 285,15 1,00 1,00 272459 1
384 377,28 377,28 285,13 1,00 1,00 272592 1
385 377,28 377,28 285,12 1,00 1,00 272715 1
386 377,28 377,28 285,16 1,00 1,00 272819 1
387 377,28 377,28 285,19 1,00 1,00 272909 1
388 377,28 377,28 285,18 1,00 1,00 272984 1
389 377,28 377,28 285,19 1,00 1,00 273060 1
390 377,28 377,28 285,19 1,00 1,00 273130 1
391 377,28 377,28 285,19 1,00 1,00 273200 1
392 377,28 377,28 285,20 1,00 1,00 273255 1
393 377,28 377,28 285,18 1,00 1,00 273325 1
394 377,28 377,28 285,19 1,00 1,00 273396 1
395 377,28 377,28 285,20 1,00 1,00 273468 1
396 377,28 377,28 285,20 1,00 1,00 273534 1
397 377,28 377,28 285,19 1,00 1,00 273607 1
398 377,28 377,28 285,19 1,00 1,00 273669 1
399 377,28 377,28 285,18 1,00 1,00 273741 1
400 377,28 377,28 285,19 1,00 1,00 273814 1
401 377,28 377,28 285,19 1,00 1,00 273888 1
402 377,28 377,28 285,18 1,00 1,00 273977 1
403 377,28 377,28 285,19 1,00 1,00 274059 1
404 377,28 377,28 285,19 1,00 1,00 274169 1
405 377,28 377,28 285,19 1,00 1,00 274272 1
406 377,28 377,28 285,16 1,00 1,00 274391 1
407 377,28 377,28 285,15 1,00 1,00 274514 1
408 377,28 377,28 285,19 1,00 1,00 274605 1
409 377,28 377,28 285,17 1,00 1,00 274690 1
410 377,28 377,28 285,16 1,00 1,00 274777 1
411 377,28 377,28 285,17 1,00 1,00 274881 1
412 377,28 377,28 285,19 1,00 1,00 274988 1
413 377,28 377,28 285,17 1,00 1,00 275096 1
414 377,28 377,28 285,16 1,00 1,00 275203 1
415 377,28 377,28 285,15 1,00 1,00 275294 1
416 377,28 377,28 285,14 1,00 1,00 275366 1
417 377,28 377,28 285,11 1,00 1,00 275439 1
418 377,28 377,28 285,11 1,00 1,00 275506 1
419 377,28 377,28 285,12 1,00 1,00 275568 1
420 377,28 377,28 285,11 1,00 1,00 275608 1
421 377,28 377,28 285,11 1,00 1,00 275655 1
422 377,28 377,28 285,10 1,00 1,00 275694 1
423 377,28 377,28 285,13 1,00 1,00 275738 1
424 377,28 377,28 285,14 1,00 1,00 275786 1
425 377,28 377,28 285,15 1,00 1,00 275834 1
426 377,28 377,28 285,18 1,00 1,00 275905 1
427 377,28 377,28 285,15 1,00 1,00 275978 1
428 377,28 377,28 285,16 1,00 1,00 276040 1
429 377,28 377,28 285,16 1,00 1,00 276089 1
430 377,28 377,28 285,16 1,00 1,00 276136 1
431 377,28 377,28 285,16 1,00 1,00 276202 1
432 377,28 377,28 285,17 1,00 1,00 276263 1
433 377,28 377,28 285,17 1,00 1,00 276339 1
434 377,28 377,28 285,16 1,00 1,00 276430 1
435 377,28 377,28 285,14 1,00 1,00 276471 1
436 377,28 377,28 285,17 1,00 1,00 276551 1
437 377,28 377,28 285,16 1,00 1,00 276623 1
438 377,28 377,28 285,18 1,00 1,00 276703 1
439 377,28 377,28 285,18 1,00 1,00 276776 1
440 377,28 377,28 285,18 1,00 1,00 276831 1
441 377,28 377,28 285,20 1,00 1,00 276912 1
442 377,28 377,28 285,20 1,00 1,00 276981 1
443 377,28 377,28 285,18 1,00 1,00 277029 1
444 377,28 377,28 285,19 1,00 1,00 277094 1
445 377,28 377,28 285,19 1,00 1,00 277155 1
446 377,28 377,28 285,19 1,00 1,00 277209 1
447 377,28 377,28 285,19 1,00 1,00 277276 1
448 377,28 377,28 285,18 1,00 1,00 277346 1
449 377,28 377,28 285,19 1,00 1,00 277419 1
450 377,28 377,28 285,18 1,00 1,00 277480 1
451 377,28 377,28 285,19 1,00 1,00 277546 1
452 377,28 377,28 285,18 1,00 1,00 277633 1
453 377,28 377,28 285,18 1,00 1,00 277699 1
454 377,28 377,28 285,18 1,00 1,00 277753 1
455 377,28 377,28 285,18 1,00 1,00 277794 1
456 377,28 377,28 285,18 1,00 1,00 277831 1
457 377,28 377,28 285,19 1,00 1,00 277866 1
458 377,28 377,28 285,19 1,00 1,00 277907 1
459 377,28 377,28 285,18 1,00 1,00 277956 1
460 377,28 377,28 285,19 1,00 1,00 278010 1
461 377,28 377,28 285,19 1,00 1,00 278052 1
462 377,28 377,28 285,19 1,00 1,00 278092 1
463 377,28 377,28 285,19 1,00 1,00 278136 1
464 377,28 377,28 285,19 1,00 1,00 278171 1
465 377,28 377,28 285,19 1,00 1,00 278215 1
466 377,28 377,28 285,19 1,00 1,00 278256 1
467 377,28 377,28 285,19 1,00 1,00 278310 1
468 377,28 377,28 285,19 1,00 1,00 278372 1
469 377,28 377,28 285,19 1,00 1,00 278422 1
470 377,28 377,28 285,18 1,00 1,00 278480 1
471 377,28 377,28 285,18 1,00 1,00 278532 1
472 377,28 377,28 285,18 1,00 1,00 278583 1
473 377,28 377,28 285,18 1,00 1,00 278628 1
474 377,28 377,28 285,19 1,00 1,00 278661 1
475 377,28 377,28 285,18 1,00 1,00 278697 1
476 377,28 377,28 285,18 1,00 1,00 278747 1
477 377,28 377,28 285,19 1,00 1,00 278809 1
478 377,28 377,28 285,18 1,00 1,00 278860 1
479 377,28 377,28 285,18 1,00 1,00 278924 1
480 377,28 377,28 285,18 1,00 1,00 278971 1
481 377,28 377,28 285,18 1,00 1,00 279018 1
482 377,28 377,28 285,18 1,00 1,00 279043 1
483 377,28 377,28 285,19 1,00 1,00 279071 1
484 377,28 377,28 285,19 1,00 1,00 279098 1
485 377,28 377,28 285,19 1,00 1,00 279123 1
486 377,28 377,28 285,19 1,00 1,00 279191 1
487 377,28 377,28 285,19 1,00 1,00 279255 1
488 377,28 377,28 285,19 1,00 1,00 279281 1
489 377,28 377,28 285,19 1,00 1,00 279305 1
490 377,28 377,28 285,19 1,00 1,00 279344 1
491 377,28 377,28 285,19 1,00 1,00 279378 1
492 377,28 377,28 285,19 1,00 1,00 279421 1
493 377,28 377,28 285,19 1,00 1,00 279458 1
494 377,28 377,28 285,19 1,00 1,00 279509 1
495 377,28 377,28 285,19 1,00 1,00 279558 1
496 377,28 377,28 285,19 1,00 1,00 279608 1
497 377,28 377,28 285,18 1,00 1,00 279665 1
498 377,28 377,28 285,19 1,00 1,00 279720 1
499 377,28 377,28 285,18 1,00 1,00 279792 1
