500
0 155,31 155,31 155,31 1,00 88,00
1 155,31 0,00 0,00 1,00 100,00
2 155,31 0,00 0,00 99,00 118,00
3 155,31 155,31 190,25 197,00 127,00
4 155,31 0,00 0,00 98,00 146,00
5 155,31 155,31 172,41 196,00 163,00
6 155,31 0,00 0,00 97,00 182,00
7 155,31 0,00 0,00 195,00 200,00
8 155,31 155,31 220,70 293,00 218,00
9 155,31 0,00 0,00 193,00 237,00
10 155,31 155,31 209,82 291,00 255,00
11 155,31 0,00 0,00 191,00 274,00
12 155,31 0,00 0,00 289,00 292,00
13 155,31 155,31 209,79 387,00 310,00
14 155,31 0,00 0,00 288,00 329,00
15 155,31 155,31 209,54 386,00 347,00
16 155,31 0,00 0,00 286,00 366,00
17 155,31 155,31 207,32 384,00 384,00
18 155,31 0,00 0,00 284,00 403,00
19 155,31 0,00 0,00 382,00 401,00
20 155,31 155,31 204,96 480,00 419,00
21 155,31 0,00 0,00 380,00 438,00
22 155,31 155,31 205,51 478,00 456,00
23 155,31 0,00 0,00 378,00 475,00
24 155,31 0,00 0,00 476,00 493,00
25 155,31 155,31 205,64 574,00 511,00
26 155,31 0,00 0,00 474,00 530,00
27 155,31 155,31 205,45 572,00 548,00
28 155,31 0,00 0,00 472,00 567,00
29 155,31 0,00 0,00 570,00 585,00
30 155,31 155,31 205,03 668,00 603,00
31 155,31 0,00 0,00 568,00 622,00
32 155,31 155,31 204,94 666,00 640,00
33 155,31 0,00 0,00 566,00 659,00
34 155,31 0,00 0,00 664,00 677,00
35 155,31 155,31 205,07 762,00 695,00
36 155,31 0,00 0,00 662,00 714,00
37 155,31 155,31 205,15 760,00 732,00
38 155,31 0,00 0,00 660,00 751,00
39 155,31 0,00 0,00 758,00 769,00
40 155,31 155,31 205,26 856,00 787,00
41 155,31 0,00 0,00 756,00 806,00
42 155,31 155,31 205,37 854,00 824,00
43 155,31 0,00 0,00 754,00 843,00
44 155,31 0,00 0,00 852,00 861,00
45 155,31 155,31 205,61 950,00 879,00
46 155,31 0,00 0,00 850,00 898,00
47 155,31 155,31 205,77 948,00 916,00
48 155,31 0,00 0,00 848,00 935,00
49 155,31 0,00 0,00 946,00 953,00
50 155,31 155,31 206,13 1.044,00 971,00
51 155,31 0,00 0,00 944,00 990,00
52 155,31 155,31 206,48 1.042,00 1.008,00
53 155,31 0,00 0,00 942,00 1.027,00
54 155,31 0,00 0,00 1.040,00 1.045,00
55 155,31 155,31 207,09 1.138,00 1.063,00
56 155,31 0,00 0,00 1.038,00 1.082,00
57 155,31 155,31 207,55 1.136,00 1.100,00
58 155,31 0,00 0,00 1.036,00 1.119,00
59 155,31 0,00 0,00 1.134,00 1.137,00
60 155,31 155,31 208,26 1.232,00 1.155,00
61 155,31 0,00 0,00 1.132,00 1.174,00
62 155,31 155,31 208,75 1.230,00 1.192,00
63 155,31 0,00 0,00 1.130,00 1.211,00
64 155,31 0,00 0,00 1.228,00 1.229,00
65 155,31 155,31 209,56 1.326,00 1.247,00
66 155,31 0,00 0,00 1.226,00 1.266,00
67 155,31 155,31 210,08 1.324,00 1.284,00
68 155,31 0,00 0,00 1.224,00 1.303,00
69 155,31 155,31 210,70 1.322,00 1.321,00
70 155,31 0,00 0,00 1.222,00 1.340,00
71 155,31 0,00 0,00 1.320,00 1.339,00
72 155,31 155,31 211,65 1.418,00 1.357,00
73 155,31 0,00 0,00 1.318,00 1.376,00
74 155,31 155,31 212,37 1.416,00 1.394,00
75 155,31 0,00 0,00 1.316,00 1.413,00
76 155,31 0,00 0,00 1.414,00 1.431,00
77 155,31 155,31 213,43 1.512,00 1.449,00
78 155,31 0,00 0,00 1.412,00 1.468,00
79 155,31 155,31 214,18 1.510,00 1.486,00
80 155,31 0,00 0,00 1.410,00 1.505,00
81 155,31 0,00 0,00 1.508,00 1.523,00
82 155,31 155,31 215,42 1.606,00 1.541,00
83 155,31 0,00 0,00 1.506,00 1.560,00
84 155,31 155,31 216,24 1.604,00 1.578,00
85 155,31 0,00 0,00 1.504,00 1.597,00
86 155,31 0,00 0,00 1.602,00 1.615,00
87 155,31 155,31 217,55 1.700,00 1.633,00
88 155,31 0,00 0,00 1.600,00 1.652,00
89 155,31 155,31 218,51 1.698,00 1.670,00
90 155,31 0,00 0,00 1.598,00 1.689,00
91 155,31 0,00 0,00 1.696,00 1.707,00
92 155,31 155,31 219,96 1.794,00 1.725,00
93 155,31 0,00 0,00 1.694,00 1.744,00
94 155,31 155,31 220,97 1.792,00 1.762,00
95 155,31 0,00 0,00 1.692,00 1.781,00
96 155,31 0,00 0,00 1.790,00 1.799,00
97 155,31 155,31 222,62 1.888,00 1.817,00
98 155,31 0,00 0,00 1.788,00 1.836,00
99 155,31 155,31 223,72 1.886,00 1.854,00
100 155,31 0,00 0,00 1.786,00 1.873,00
101 155,31 0,00 0,00 1.884,00 1.891,00
102 155,31 155,31 225,45 1.982,00 1.909,00
103 155,31 0,00 0,00 1.882,00 1.928,00
104 155,31 155,31 226,65 1.980,00 1.946,00
105 155,31 0,00 0,00 1.880,00 1.965,00
106 155,31 0,00 0,00 1.978,00 1.983,00
107 155,31 155,31 228,49 2.076,00 2.001,00
108 155,31 0,00 0,00 1.976,00 2.020,00
109 155,31 155,31 229,81 2.074,00 2.038,00
110 155,31 0,00 0,00 1.974,00 2.057,00
111 155,31 0,00 0,00 2.072,00 2.075,00
112 155,31 155,31 231,81 2.170,00 2.093,00
113 155,31 0,00 0,00 2.070,00 2.112,00
114 155,31 155,31 233,20 2.168,00 2.130,00
115 155,31 0,00 0,00 2.068,00 2.149,00
116 155,31 0,00 0,00 2.166,00 2.167,00
117 155,31 155,31 235,44 2.264,00 2.185,00
118 155,31 0,00 0,00 2.164,00 2.204,00
119 155,31 155,31 236,88 2.262,00 2.222,00
120 155,31 0,00 0,00 2.162,00 2.241,00
121 155,31 155,31 238,29 2.260,00 2.259,00
122 155,31 0,00 0,00 2.160,00 2.278,00
123 155,31 0,00 0,00 2.258,00 2.277,00
124 155,31 155,31 240,55 2.356,00 2.295,00
125 155,31 0,00 0,00 2.256,00 2.314,00
126 155,31 155,31 242,07 2.354,00 2.332,00
127 155,31 0,00 0,00 2.254,00 2.351,00
128 155,31 0,00 0,00 2.352,00 2.369,00
129 155,31 155,31 244,43 2.450,00 2.387,00
130 155,31 0,00 0,00 2.350,00 2.406,00
131 155,31 155,31 246,08 2.448,00 2.424,00
132 155,31 0,00 0,00 2.348,00 2.443,00
133 155,31 0,00 0,00 2.446,00 2.461,00
134 155,31 155,31 248,54 2.544,00 2.479,00
135 155,31 0,00 0,00 2.444,00 2.498,00
136 155,31 155,31 250,26 2.542,00 2.516,00
137 155,31 0,00 0,00 2.442,00 2.535,00
138 155,31 0,00 0,00 2.540,00 2.553,00
139 155,31 155,31 252,93 2.638,00 2.571,00
140 155,31 0,00 0,00 2.538,00 2.590,00
141 155,31 155,31 254,76 2.636,00 2.608,00
142 155,31 0,00 0,00 2.536,00 2.627,00
143 155,31 0,00 0,00 2.634,00 2.645,00
144 155,31 155,31 257,39 2.732,00 2.663,00
145 155,31 0,00 0,00 2.632,00 2.682,00
146 155,31 155,31 259,24 2.730,00 2.700,00
147 155,31 0,00 0,00 2.630,00 2.719,00
148 155,31 0,00 0,00 2.728,00 2.737,00
149 155,31 155,31 262,01 2.826,00 2.755,00
150 155,31 0,00 0,00 2.726,00 2.774,00
151 155,31 155,31 263,98 2.824,00 2.792,00
152 155,31 0,00 0,00 2.724,00 2.811,00
153 155,31 0,00 0,00 2.822,00 2.829,00
154 155,31 155,31 266,99 2.920,00 2.847,00
155 155,31 0,00 0,00 2.820,00 2.866,00
156 155,31 155,31 269,04 2.918,00 2.884,00
157 155,31 0,00 0,00 2.818,00 2.903,00
158 155,31 0,00 0,00 2.916,00 2.921,00
159 155,31 155,31 272,26 3.014,00 2.939,00
160 155,31 0,00 0,00 2.914,00 2.958,00
161 155,31 155,31 274,40 3.012,00 2.976,00
162 155,31 0,00 0,00 2.912,00 2.995,00
163 155,31 0,00 0,00 3.010,00 3.013,00
164 155,31 155,31 277,60 3.108,00 3.031,00
165 155,31 0,00 0,00 3.008,00 3.050,00
166 155,31 155,31 279,78 3.106,00 3.068,00
167 155,31 0,00 0,00 3.006,00 3.087,00
168 155,31 0,00 0,00 3.104,00 3.105,00
169 155,31 155,31 283,04 3.202,00 3.123,00
170 155,31 0,00 0,00 3.102,00 3.142,00
171 155,31 155,31 285,31 3.200,00 3.160,00
172 155,31 0,00 0,00 3.100,00 3.179,00
173 155,31 155,31 287,68 3.198,00 3.197,00
174 155,31 0,00 0,00 3.098,00 3.216,00
175 155,31 0,00 0,00 3.196,00 3.215,00
176 155,31 155,31 291,19 3.294,00 3.233,00
177 155,31 0,00 0,00 3.194,00 3.252,00
178 155,31 155,31 293,53 3.292,00 3.270,00
179 155,31 0,00 0,00 3.192,00 3.289,00
180 155,31 0,00 0,00 3.290,00 3.307,00
181 155,31 155,31 297,12 3.388,00 3.325,00
182 155,31 0,00 0,00 3.288,00 3.344,00
183 155,31 155,31 299,49 3.386,00 3.362,00
184 155,31 0,00 0,00 3.286,00 3.381,00
185 155,31 0,00 0,00 3.384,00 3.399,00
186 155,31 155,31 303,12 3.482,00 3.417,00
187 155,31 0,00 0,00 3.382,00 3.436,00
188 155,31 155,31 305,57 3.480,00 3.454,00
189 155,31 0,00 0,00 3.380,00 3.473,00
190 155,31 0,00 0,00 3.478,00 3.491,00
191 155,31 155,31 309,23 3.576,00 3.509,00
192 155,31 0,00 0,00 3.476,00 3.528,00
193 155,31 155,31 311,75 3.574,00 3.546,00
194 155,31 0,00 0,00 3.474,00 3.565,00
195 155,31 0,00 0,00 3.572,00 3.583,00
196 155,31 155,31 315,72 3.670,00 3.601,00
197 155,31 0,00 0,00 3.570,00 3.620,00
198 155,31 155,31 318,36 3.668,00 3.638,00
199 155,31 0,00 0,00 3.568,00 3.657,00
200 155,31 0,00 0,00 3.666,00 3.675,00
201 155,31 155,31 322,42 3.764,00 3.693,00
202 155,31 0,00 0,00 3.664,00 3.712,00
203 155,31 155,31 325,07 3.762,00 3.730,00
204 155,31 0,00 0,00 3.662,00 3.749,00
205 155,31 0,00 0,00 3.760,00 3.767,00
206 155,31 155,31 329,18 3.858,00 3.785,00
207 155,31 0,00 0,00 3.758,00 3.804,00
208 155,31 155,31 332,04 3.856,00 3.822,00
209 155,31 0,00 0,00 3.756,00 3.841,00
210 155,31 0,00 0,00 3.854,00 3.859,00
211 155,31 155,31 336,27 3.952,00 3.877,00
212 155,31 0,00 0,00 3.852,00 3.896,00
213 155,31 155,31 339,19 3.950,00 3.914,00
214 155,31 0,00 0,00 3.850,00 3.933,00
215 155,31 0,00 0,00 3.948,00 3.951,00
216 155,31 155,31 343,55 4.046,00 3.969,00
217 155,31 0,00 0,00 3.946,00 3.988,00
218 155,31 155,31 346,53 4.044,00 4.006,00
219 155,31 0,00 0,00 3.944,00 4.025,00
220 155,31 0,00 0,00 4.042,00 4.043,00
221 155,31 155,31 351,02 4.140,00 4.061,00
222 155,31 0,00 0,00 4.040,00 4.080,00
223 155,31 155,31 354,00 4.138,00 4.098,00
224 155,31 0,00 0,00 4.038,00 4.117,00
225 155,31 155,31 357,01 4.136,00 4.135,00
226 155,31 0,00 0,00 4.036,00 4.154,00
227 155,31 0,00 0,00 4.134,00 4.153,00
228 155,31 155,31 361,51 4.232,00 4.171,00
229 155,31 0,00 0,00 4.132,00 4.190,00
230 155,31 155,31 364,50 4.230,00 4.208,00
231 155,31 0,00 0,00 4.130,00 4.227,00
232 155,31 0,00 0,00 4.228,00 4.245,00
233 155,31 155,31 369,11 4.326,00 4.263,00
234 155,31 0,00 0,00 4.226,00 4.282,00
235 155,31 155,31 372,26 4.324,00 4.300,00
236 155,31 0,00 0,00 4.224,00 4.319,00
237 155,31 0,00 0,00 4.322,00 4.337,00
238 155,31 155,31 376,94 4.420,00 4.355,00
239 155,31 0,00 0,00 4.320,00 4.374,00
240 155,31 155,31 380,11 4.418,00 4.392,00
241 155,31 0,00 0,00 4.318,00 4.411,00
242 155,31 0,00 0,00 4.416,00 4.429,00
243 155,31 155,31 384,93 4.514,00 4.447,00
244 155,31 0,00 0,00 4.414,00 4.466,00
245 155,31 155,31 388,15 4.512,00 4.484,00
246 155,31 0,00 0,00 4.412,00 4.503,00
247 155,31 0,00 0,00 4.510,00 4.521,00
248 155,31 155,31 393,02 4.608,00 4.539,00
249 155,31 0,00 0,00 4.508,00 4.558,00
250 155,31 155,31 396,39 4.606,00 4.576,00
251 155,31 0,00 0,00 4.506,00 4.595,00
252 155,31 0,00 0,00 4.604,00 4.613,00
253 155,31 155,31 401,33 4.702,00 4.631,00
254 155,31 0,00 0,00 4.602,00 4.650,00
255 155,31 155,31 404,73 4.700,00 4.668,00
256 155,31 0,00 0,00 4.600,00 4.687,00
257 155,31 0,00 0,00 4.698,00 4.705,00
258 155,31 155,31 409,98 4.796,00 4.723,00
259 155,31 0,00 0,00 4.696,00 4.742,00
260 155,31 155,31 413,51 4.794,00 4.760,00
261 155,31 0,00 0,00 4.694,00 4.779,00
262 155,31 0,00 0,00 4.792,00 4.797,00
263 155,31 155,31 418,76 4.890,00 4.815,00
264 155,31 0,00 0,00 4.790,00 4.834,00
265 155,31 155,31 422,34 4.888,00 4.852,00
266 155,31 0,00 0,00 4.788,00 4.871,00
267 155,31 0,00 0,00 4.886,00 4.889,00
268 155,31 155,31 427,68 4.984,00 4.907,00
269 155,31 0,00 0,00 4.884,00 4.926,00
270 155,31 155,31 431,33 4.982,00 4.944,00
271 155,31 0,00 0,00 4.882,00 4.963,00
272 155,31 0,00 0,00 4.980,00 4.981,00
273 155,31 155,31 436,88 5.078,00 4.999,00
274 155,31 0,00 0,00 4.978,00 5.018,00
275 155,31 155,31 440,45 5.076,00 5.036,00
276 155,31 0,00 0,00 4.976,00 5.055,00
277 155,31 155,31 444,16 5.074,00 5.073,00
278 155,31 0,00 0,00 4.974,00 5.092,00
279 155,31 0,00 0,00 5.072,00 5.091,00
280 155,31 155,31 449,83 5.170,00 5.109,00
281 155,31 0,00 0,00 5.070,00 5.128,00
282 155,31 155,31 453,45 5.168,00 5.146,00
283 155,31 0,00 0,00 5.068,00 5.165,00
284 155,31 0,00 0,00 5.166,00 5.183,00
285 155,31 155,31 458,93 5.264,00 5.201,00
286 155,31 0,00 0,00 5.164,00 5.220,00
287 155,31 155,31 462,63 5.262,00 5.238,00
288 155,31 0,00 0,00 5.162,00 5.257,00
289 155,31 0,00 0,00 5.260,00 5.275,00
290 155,31 155,31 468,22 5.358,00 5.293,00
291 155,31 0,00 0,00 5.258,00 5.312,00
292 155,31 155,31 472,14 5.356,00 5.330,00
293 155,31 0,00 0,00 5.256,00 5.349,00
294 155,31 0,00 0,00 5.354,00 5.367,00
295 155,31 155,31 478,02 5.452,00 5.385,00
296 155,31 0,00 0,00 5.352,00 5.404,00
297 155,31 155,31 481,95 5.450,00 5.422,00
298 155,31 0,00 0,00 5.350,00 5.441,00
299 155,31 0,00 0,00 5.448,00 5.459,00
300 155,31 155,31 487,84 5.546,00 5.477,00
301 155,31 0,00 0,00 5.446,00 5.496,00
302 155,31 155,31 491,67 5.544,00 5.514,00
303 155,31 0,00 0,00 5.444,00 5.533,00
304 155,31 0,00 0,00 5.542,00 5.551,00
305 155,31 155,31 497,60 5.640,00 5.569,00
306 155,31 0,00 0,00 5.540,00 5.588,00
307 155,31 155,31 501,60 5.638,00 5.606,00
308 155,31 0,00 0,00 5.538,00 5.625,00
309 155,31 0,00 0,00 5.636,00 5.643,00
310 155,31 155,31 507,61 5.734,00 5.661,00
311 155,31 0,00 0,00 5.634,00 5.680,00
312 155,31 155,31 511,73 5.732,00 5.698,00
313 155,31 0,00 0,00 5.632,00 5.717,00
314 155,31 0,00 0,00 5.730,00 5.735,00
315 155,31 155,31 518,10 5.828,00 5.753,00
316 155,31 0,00 0,00 5.728,00 5.772,00
317 155,31 155,31 522,36 5.826,00 5.790,00
318 155,31 0,00 0,00 5.726,00 5.809,00
319 155,31 0,00 0,00 5.824,00 5.827,00
320 155,31 155,31 528,76 5.922,00 5.845,00
321 155,31 0,00 0,00 5.822,00 5.864,00
322 155,31 155,31 532,90 5.920,00 5.882,00
323 155,31 0,00 0,00 5.820,00 5.901,00
324 155,31 0,00 0,00 5.918,00 5.919,00
325 155,31 155,31 539,19 6.016,00 5.937,00
326 155,31 0,00 0,00 5.916,00 5.956,00
327 155,31 155,31 543,46 6.014,00 5.974,00
328 155,31 0,00 0,00 5.914,00 5.993,00
329 155,31 155,31 547,71 6.012,00 6.011,00
330 155,31 0,00 0,00 5.912,00 6.030,00
331 155,31 0,00 0,00 6.010,00 6.029,00
332 155,31 155,31 554,11 6.108,00 6.047,00
333 155,31 0,00 0,00 6.008,00 6.066,00
334 155,31 155,31 558,40 6.106,00 6.084,00
335 155,31 0,00 0,00 6.006,00 6.103,00
336 155,31 0,00 0,00 6.104,00 6.121,00
337 155,31 155,31 564,80 6.202,00 6.139,00
338 155,31 0,00 0,00 6.102,00 6.158,00
339 155,31 155,31 569,18 6.200,00 6.176,00
340 155,31 0,00 0,00 6.100,00 6.195,00
341 155,31 0,00 0,00 6.198,00 6.213,00
342 155,31 155,31 575,73 6.296,00 6.231,00
343 155,31 0,00 0,00 6.196,00 6.250,00
344 155,31 155,31 580,03 6.294,00 6.268,00
345 155,31 0,00 0,00 6.194,00 6.287,00
346 155,31 0,00 0,00 6.292,00 6.305,00
347 155,31 155,31 586,54 6.390,00 6.323,00
348 155,31 0,00 0,00 6.290,00 6.342,00
349 155,31 155,31 591,00 6.388,00 6.360,00
350 155,31 0,00 0,00 6.288,00 6.379,00
351 155,31 0,00 0,00 6.386,00 6.397,00
352 155,31 155,31 597,69 6.484,00 6.415,00
353 155,31 0,00 0,00 6.384,00 6.434,00
354 155,31 155,31 602,20 6.482,00 6.452,00
355 155,31 0,00 0,00 6.382,00 6.471,00
356 155,31 0,00 0,00 6.480,00 6.489,00
357 155,31 155,31 609,04 6.578,00 6.507,00
358 155,31 0,00 0,00 6.478,00 6.526,00
359 155,31 155,31 613,67 6.576,00 6.544,00
360 155,31 0,00 0,00 6.476,00 6.563,00
361 155,31 0,00 0,00 6.574,00 6.581,00
362 155,31 155,31 620,70 6.672,00 6.599,00
363 155,31 0,00 0,00 6.572,00 6.618,00
364 155,31 155,31 625,39 6.670,00 6.636,00
365 155,31 0,00 0,00 6.570,00 6.655,00
366 155,31 0,00 0,00 6.668,00 6.673,00
367 155,31 155,31 632,39 6.766,00 6.691,00
368 155,31 0,00 0,00 6.666,00 6.710,00
369 155,31 155,31 637,18 6.764,00 6.728,00
370 155,31 0,00 0,00 6.664,00 6.747,00
371 155,31 0,00 0,00 6.762,00 6.765,00
372 155,31 155,31 644,16 6.860,00 6.783,00
373 155,31 0,00 0,00 6.760,00 6.802,00
374 155,31 155,31 648,93 6.858,00 6.820,00
375 155,31 0,00 0,00 6.758,00 6.839,00
376 155,31 0,00 0,00 6.856,00 6.857,00
377 155,31 155,31 656,30 6.954,00 6.875,00
378 155,31 0,00 0,00 6.854,00 6.894,00
379 155,31 155,31 661,16 6.952,00 6.912,00
380 155,31 0,00 0,00 6.852,00 6.931,00
381 155,31 155,31 666,03 6.950,00 6.949,00
382 155,31 0,00 0,00 6.850,00 6.968,00
383 155,31 0,00 0,00 6.948,00 6.967,00
384 155,31 155,31 673,30 7.046,00 6.985,00
385 155,31 0,00 0,00 6.946,00 7.004,00
386 155,31 155,31 677,99 7.044,00 7.022,00
387 155,31 0,00 0,00 6.944,00 7.041,00
388 155,31 0,00 0,00 7.042,00 7.059,00
389 155,31 155,31 685,22 7.140,00 7.077,00
390 155,31 0,00 0,00 7.040,00 7.096,00
391 155,31 155,31 689,96 7.138,00 7.114,00
392 155,31 0,00 0,00 7.038,00 7.133,00
393 155,31 0,00 0,00 7.136,00 7.151,00
394 155,31 155,31 697,23 7.234,00 7.169,00
395 155,31 0,00 0,00 7.134,00 7.188,00
396 155,31 155,31 702,12 7.232,00 7.206,00
397 155,31 0,00 0,00 7.132,00 7.225,00
398 155,31 0,00 0,00 7.230,00 7.243,00
399 155,31 155,31 709,53 7.328,00 7.261,00
400 155,31 0,00 0,00 7.228,00 7.280,00
401 155,31 155,31 714,38 7.326,00 7.298,00
402 155,31 0,00 0,00 7.226,00 7.317,00
403 155,31 0,00 0,00 7.324,00 7.335,00
404 155,31 155,31 721,88 7.422,00 7.353,00
405 155,31 0,00 0,00 7.322,00 7.372,00
406 155,31 155,31 726,83 7.420,00 7.390,00
407 155,31 0,00 0,00 7.320,00 7.409,00
408 155,31 0,00 0,00 7.418,00 7.427,00
409 155,31 155,31 734,21 7.516,00 7.445,00
410 155,31 0,00 0,00 7.416,00 7.464,00
411 155,31 155,31 739,42 7.514,00 7.482,00
412 155,31 0,00 0,00 7.414,00 7.501,00
413 155,31 0,00 0,00 7.512,00 7.519,00
414 155,31 155,31 747,21 7.610,00 7.537,00
415 155,31 0,00 0,00 7.510,00 7.556,00
416 155,31 155,31 752,42 7.608,00 7.574,00
417 155,31 0,00 0,00 7.508,00 7.593,00
418 155,31 0,00 0,00 7.606,00 7.611,00
419 155,31 155,31 760,16 7.704,00 7.629,00
420 155,31 0,00 0,00 7.604,00 7.648,00
421 155,31 155,31 765,32 7.702,00 7.666,00
422 155,31 0,00 0,00 7.602,00 7.685,00
423 155,31 0,00 0,00 7.700,00 7.703,00
424 155,31 155,31 772,99 7.798,00 7.721,00
425 155,31 0,00 0,00 7.698,00 7.740,00
426 155,31 155,31 778,24 7.796,00 7.758,00
427 155,31 0,00 0,00 7.696,00 7.777,00
428 155,31 0,00 0,00 7.794,00 7.795,00
429 155,31 155,31 786,14 7.892,00 7.813,00
430 155,31 0,00 0,00 7.792,00 7.832,00
431 155,31 155,31 791,40 7.890,00 7.850,00
432 155,31 0,00 0,00 7.790,00 7.869,00
433 155,31 155,31 796,74 7.888,00 7.887,00
434 155,31 0,00 0,00 7.788,00 7.906,00
435 155,31 0,00 0,00 7.886,00 7.905,00
436 155,31 155,31 804,71 7.984,00 7.923,00
437 155,31 0,00 0,00 7.884,00 7.942,00
438 155,31 155,31 809,96 7.982,00 7.960,00
439 155,31 0,00 0,00 7.882,00 7.979,00
440 155,31 0,00 0,00 7.980,00 7.997,00
441 155,31 155,31 817,71 8.078,00 8.015,00
442 155,31 0,00 0,00 7.978,00 8.034,00
443 155,31 155,31 822,80 8.076,00 8.052,00
444 155,31 0,00 0,00 7.976,00 8.071,00
445 155,31 0,00 0,00 8.074,00 8.089,00
446 155,31 155,31 830,66 8.172,00 8.107,00
447 155,31 0,00 0,00 8.072,00 8.126,00
448 155,31 155,31 836,10 8.170,00 8.144,00
449 155,31 0,00 0,00 8.070,00 8.163,00
450 155,31 0,00 0,00 8.168,00 8.181,00
451 155,31 155,31 844,15 8.266,00 8.199,00
452 155,31 0,00 0,00 8.166,00 8.218,00
453 155,31 155,31 849,61 8.264,00 8.236,00
454 155,31 0,00 0,00 8.164,00 8.255,00
455 155,31 0,00 0,00 8.262,00 8.273,00
456 155,31 155,31 857,72 8.360,00 8.291,00
457 155,31 0,00 0,00 8.260,00 8.310,00
458 155,31 155,31 863,21 8.358,00 8.328,00
459 155,31 0,00 0,00 8.258,00 8.347,00
460 155,31 0,00 0,00 8.356,00 8.365,00
461 155,31 155,31 871,43 8.454,00 8.383,00
462 155,31 0,00 0,00 8.354,00 8.402,00
463 155,31 155,31 876,85 8.452,00 8.420,00
464 155,31 0,00 0,00 8.352,00 8.439,00
465 155,31 0,00 0,00 8.450,00 8.457,00
466 155,31 155,31 885,08 8.548,00 8.475,00
467 155,31 0,00 0,00 8.448,00 8.494,00
468 155,31 155,31 890,66 8.546,00 8.512,00
469 155,31 0,00 0,00 8.446,00 8.531,00
470 155,31 0,00 0,00 8.544,00 8.549,00
471 155,31 155,31 899,05 8.642,00 8.567,00
472 155,31 0,00 0,00 8.542,00 8.586,00
473 155,31 155,31 904,72 8.640,00 8.604,00
474 155,31 0,00 0,00 8.540,00 8.623,00
475 155,31 0,00 0,00 8.638,00 8.641,00
476 155,31 155,31 913,23 8.736,00 8.659,00
477 155,31 0,00 0,00 8.636,00 8.678,00
478 155,31 155,31 918,98 8.734,00 8.696,00
479 155,31 0,00 0,00 8.634,00 8.715,00
480 155,31 0,00 0,00 8.732,00 8.733,00
481 155,31 155,31 927,77 8.830,00 8.751,00
482 155,31 0,00 0,00 8.730,00 8.770,00
483 155,31 155,31 933,38 8.828,00 8.788,00
484 155,31 0,00 0,00 8.728,00 8.807,00
485 155,31 155,31 938,99 8.826,00 8.825,00
486 155,31 0,00 0,00 8.726,00 8.844,00
487 155,31 0,00 0,00 8.824,00 8.843,00
488 155,31 155,31 947,55 8.922,00 8.861,00
489 155,31 0,00 0,00 8.822,00 8.880,00
490 155,31 155,31 953,01 8.920,00 8.898,00
491 155,31 0,00 0,00 8.820,00 8.917,00
492 155,31 0,00 0,00 8.918,00 8.935,00
493 155,31 155,31 961,23 9.016,00 8.953,00
494 155,31 0,00 0,00 8.916,00 8.972,00
495 155,31 155,31 966,99 9.014,00 8.990,00
496 155,31 0,00 0,00 8.914,00 9.009,00
497 155,31 0,00 0,00 9.012,00 9.027,00
498 155,31 155,31 975,61 9.110,00 9.045,00
499 155,31 0,00 0,00 9.010,00 9.064,00
