1000
0 223,93 223,93 223,93 1,00 65,00 0
1 223,93 3,03 3,03 1,00 74,00 1235
2 223,93 3,15 1,41 1,00 85,00 1774
3 223,93 3,15 1,47 1,00 99,00 1865
4 223,93 3,15 1,48 1,00 113,00 1875
5 223,93 3,15 1,48 1,00 127,00 1879
6 223,93 3,15 1,48 1,00 141,00 1881
7 223,93 3,15 1,49 1,00 155,00 1881
8 223,93 3,15 1,49 1,00 169,00 1881
9 223,93 3,15 1,49 1,00 183,00 1881
10 223,93 3,15 1,49 1,00 197,00 1881
11 223,93 3,15 1,49 1,00 211,00 1881
12 223,93 3,15 1,49 1,00 225,00 1881
13 223,93 3,15 1,49 1,00 239,00 1881
14 223,93 3,15 1,49 1,00 253,00 1881
15 223,93 3,15 1,49 1,00 267,00 1881
16 223,93 3,15 1,49 1,00 281,00 1881
17 223,93 0,76 0,36 1,00 295,00 1881
18 223,93 0,76 0,36 1,00 309,00 1881
19 223,93 0,76 0,36 1,00 323,00 1881
20 223,93 0,76 0,36 1,00 337,00 1881
21 223,93 0,76 0,36 1,00 351,00 1881
22 223,93 0,76 0,36 1,00 365,00 1881
23 223,93 0,76 0,36 1,00 379,00 1881
24 223,93 0,76 0,36 1,00 393,00 1881
25 223,93 0,76 0,36 1,00 407,00 1881
26 223,93 0,76 0,36 1,00 421,00 1881
27 223,93 0,76 0,36 1,00 435,00 1881
28 223,93 0,76 0,36 1,00 449,00 1881
29 223,93 0,76 0,36 1,00 463,00 1881
30 223,93 0,47 0,22 99,00 477,00 1881
31 223,93 46,57 21,93 99,00 490,00 2704
32 223,93 45,43 19,79 99,00 502,00 3431
33 223,93 44,25 19,42 99,00 515,00 3821
34 223,93 44,25 20,26 99,00 529,00 4072
35 223,93 44,25 21,20 99,00 543,00 4286
36 223,93 44,25 20,43 99,00 557,00 4405
37 223,93 44,25 20,62 99,00 571,00 4558
38 223,93 37,90 18,05 99,00 585,00 4625
39 223,93 37,90 17,71 99,00 599,00 4666
40 223,93 37,90 17,65 99,00 613,00 4711
41 223,93 37,90 17,83 99,00 627,00 4762
42 223,93 37,90 18,03 99,00 641,00 4795
43 223,93 37,90 17,56 99,00 655,00 4831
44 223,93 37,90 17,97 99,00 669,00 4863
45 223,93 37,90 17,97 99,00 683,00 4893
46 223,93 37,90 17,97 99,00 697,00 4918
47 223,93 37,90 17,97 99,00 711,00 4938
48 223,93 37,90 17,97 99,00 725,00 4953
49 223,93 37,90 17,97 99,00 739,00 4969
50 223,93 29,44 13,96 99,00 753,00 4978
51 223,93 29,44 13,96 99,00 767,00 4991
52 223,93 29,44 13,95 99,00 781,00 5006
53 223,93 29,44 13,96 99,00 795,00 5016
54 223,93 29,44 13,95 99,00 809,00 5027
55 223,93 29,44 13,95 99,00 823,00 5033
56 223,93 29,44 13,95 99,00 837,00 5043
57 223,93 29,44 13,95 99,00 851,00 5047
58 223,93 29,44 13,95 99,00 865,00 5055
59 223,93 29,44 13,95 99,00 879,00 5061
60 223,93 24,83 11,76 3,00 893,00 5068
61 223,93 24,83 11,76 3,00 907,00 5076
62 223,93 24,83 11,76 3,00 921,00 5097
63 223,93 24,83 11,76 3,00 935,00 5110
64 223,93 24,83 11,76 3,00 949,00 5114
65 223,93 24,83 11,76 3,00 963,00 5115
66 223,93 24,83 11,75 3,00 977,00 5118
67 223,93 24,83 11,75 3,00 991,00 5123
68 223,93 24,83 11,75 3,00 1.005,00 5124
69 223,93 24,83 11,75 3,00 1.019,00 5125
70 223,93 24,83 11,75 3,00 1.033,00 5125
71 223,93 24,83 11,75 3,00 1.047,00 5125
72 223,93 24,83 11,75 3,00 1.061,00 5125
73 223,93 24,83 11,75 3,00 1.075,00 5125
74 223,93 24,83 11,75 3,00 1.089,00 5126
75 223,93 24,83 11,75 3,00 1.103,00 5126
76 223,93 24,83 11,75 3,00 1.117,00 5126
77 223,93 24,83 11,75 3,00 1.131,00 5126
78 223,93 24,83 11,75 3,00 1.145,00 5127
79 223,93 24,83 11,75 3,00 1.159,00 5128
80 223,93 24,83 11,75 3,00 1.173,00 5128
81 223,93 24,83 11,75 3,00 1.187,00 5128
82 223,93 24,83 11,75 3,00 1.201,00 5128
83 223,93 24,83 11,75 3,00 1.215,00 5128
84 223,93 24,83 11,75 3,00 1.229,00 5128
85 223,93 24,83 11,75 3,00 1.243,00 5128
86 223,93 24,83 11,75 3,00 1.257,00 5128
87 223,93 24,83 11,75 3,00 1.271,00 5128
88 223,93 0,52 0,25 3,00 1.285,00 5129
89 223,93 0,52 0,25 3,00 1.299,00 5133
90 223,93 0,52 0,25 101,00 1.313,00 5133
91 223,93 17,24 8,16 101,00 1.326,00 5240
92 223,93 17,24 8,14 101,00 1.340,00 5280
93 223,93 17,24 8,13 101,00 1.354,00 5298
94 223,93 17,24 8,14 101,00 1.368,00 5308
95 223,93 17,24 8,13 101,00 1.382,00 5318
96 223,93 16,20 7,64 101,00 1.396,00 5327
97 223,93 16,20 7,64 101,00 1.410,00 5336
98 223,93 16,20 7,64 101,00 1.424,00 5340
99 223,93 16,20 7,64 101,00 1.438,00 5347
100 223,93 16,20 7,64 101,00 1.452,00 5351
101 223,93 16,20 7,64 101,00 1.466,00 5353
102 223,93 16,20 7,64 101,00 1.480,00 5354
103 223,93 16,20 7,64 101,00 1.494,00 5357
104 223,93 15,00 7,07 101,00 1.508,00 5357
105 223,93 15,00 7,07 101,00 1.522,00 5357
106 223,93 15,00 7,07 101,00 1.536,00 5357
107 223,93 15,00 7,07 101,00 1.550,00 5357
108 223,93 15,00 7,07 101,00 1.564,00 5357
109 223,93 15,00 7,07 101,00 1.578,00 5359
110 223,93 15,00 7,06 101,00 1.592,00 5359
111 223,93 15,00 7,06 101,00 1.606,00 5360
112 223,93 15,00 7,06 101,00 1.620,00 5362
113 223,93 15,00 7,06 101,00 1.634,00 5364
114 223,93 15,00 7,06 101,00 1.648,00 5366
115 223,93 15,00 7,06 101,00 1.662,00 5366
116 223,93 13,49 6,35 101,00 1.676,00 5366
117 223,93 13,49 6,35 101,00 1.690,00 5366
118 223,93 13,49 6,35 101,00 1.704,00 5367
119 223,93 13,49 6,35 101,00 1.718,00 5368
120 223,93 13,49 6,35 11,00 1.732,00 5368
121 223,93 13,49 6,35 11,00 1.746,00 5378
122 223,93 13,49 6,34 11,00 1.760,00 5387
123 223,93 13,49 6,34 11,00 1.774,00 5391
124 223,93 13,49 6,34 11,00 1.788,00 5392
125 223,93 13,49 6,34 11,00 1.802,00 5392
126 223,93 13,49 6,34 11,00 1.816,00 5392
127 223,93 13,49 6,34 11,00 1.830,00 5392
128 223,93 13,49 6,34 11,00 1.844,00 5392
129 223,93 1,33 0,62 11,00 1.858,00 5392
130 223,93 1,33 0,62 11,00 1.872,00 5392
131 223,93 1,33 0,62 11,00 1.886,00 5392
132 223,93 1,33 0,62 11,00 1.900,00 5392
133 223,93 1,33 0,62 11,00 1.914,00 5392
134 223,93 1,33 0,62 11,00 1.928,00 5392
135 223,93 1,33 0,62 11,00 1.942,00 5392
136 223,93 1,33 0,62 11,00 1.956,00 5392
137 223,93 1,33 0,62 11,00 1.970,00 5392
138 223,93 1,33 0,62 11,00 1.984,00 5392
139 223,93 1,33 0,62 11,00 1.998,00 5392
140 223,93 1,33 0,62 11,00 2.012,00 5397
141 223,93 1,33 0,62 11,00 2.026,00 5398
142 223,93 1,33 0,62 11,00 2.040,00 5398
143 223,93 1,33 0,62 11,00 2.054,00 5398
144 223,93 1,33 0,62 11,00 2.068,00 5398
145 223,93 1,33 0,62 11,00 2.082,00 5398
146 223,93 1,33 0,62 11,00 2.096,00 5398
147 223,93 1,33 0,62 11,00 2.110,00 5398
148 223,93 1,33 0,62 11,00 2.124,00 5398
149 223,93 1,33 0,62 11,00 2.138,00 5398
150 223,93 1,33 0,62 97,00 2.152,00 5398
151 223,93 1,33 0,62 97,00 2.166,00 5443
152 223,93 1,33 0,62 97,00 2.180,00 5461
153 223,93 1,33 0,62 97,00 2.194,00 5469
154 223,93 1,33 0,62 97,00 2.208,00 5476
155 223,93 1,33 0,62 97,00 2.222,00 5480
156 223,93 1,33 0,62 97,00 2.236,00 5482
157 223,93 9,65 4,52 97,00 2.250,00 5482
158 223,93 9,65 4,52 97,00 2.264,00 5492
159 223,93 9,65 4,51 97,00 2.278,00 5501
160 223,93 9,65 4,51 97,00 2.292,00 5510
161 223,93 9,42 4,40 97,00 2.306,00 5520
162 223,93 9,42 4,40 97,00 2.320,00 5532
163 223,93 9,42 4,40 97,00 2.334,00 5544
164 223,93 9,42 4,40 97,00 2.348,00 5553
165 223,93 9,42 4,40 97,00 2.362,00 5560
166 223,93 9,42 4,40 97,00 2.376,00 5566
167 223,93 9,42 4,40 97,00 2.390,00 5570
168 223,93 9,42 4,40 97,00 2.404,00 5573
169 223,93 9,42 4,40 97,00 2.418,00 5575
170 223,93 9,42 4,40 97,00 2.432,00 5576
171 223,93 9,42 4,40 97,00 2.446,00 5577
172 223,93 9,42 4,40 97,00 2.460,00 5578
173 223,93 9,42 4,40 97,00 2.474,00 5579
174 223,93 9,42 4,40 97,00 2.488,00 5580
175 223,93 9,42 4,40 97,00 2.502,00 5582
176 223,93 9,42 4,40 97,00 2.516,00 5583
177 223,93 9,42 4,40 97,00 2.530,00 5584
178 223,93 9,42 4,40 97,00 2.544,00 5587
179 223,93 9,42 4,39 97,00 2.558,00 5589
180 223,93 9,42 4,39 14,00 2.572,00 5591
181 223,93 9,42 4,39 14,00 2.586,00 5600
182 223,93 9,42 4,39 14,00 2.600,00 5601
183 223,93 9,42 4,39 14,00 2.614,00 5602
184 223,93 9,42 4,39 14,00 2.628,00 5602
185 223,93 1,19 0,55 14,00 2.642,00 5602
186 223,93 1,19 0,55 14,00 2.656,00 5602
187 223,93 1,17 0,55 14,00 2.670,00 5602
188 223,93 1,17 0,55 14,00 2.684,00 5602
189 223,93 1,16 0,54 14,00 2.698,00 5602
190 223,93 1,16 0,54 14,00 2.712,00 5602
191 223,93 1,16 0,54 14,00 2.726,00 5604
192 223,93 1,16 0,54 14,00 2.740,00 5606
193 223,93 1,16 0,54 14,00 2.754,00 5607
194 223,93 1,16 0,54 14,00 2.768,00 5611
195 223,93 1,16 0,54 14,00 2.782,00 5613
196 223,93 1,12 0,52 14,00 2.796,00 5613
197 223,93 1,12 0,52 14,00 2.810,00 5613
198 223,93 1,11 0,52 14,00 2.824,00 5613
199 223,93 1,10 0,51 14,00 2.838,00 5613
200 223,93 1,10 0,51 14,00 2.852,00 5613
201 223,93 1,10 0,51 14,00 2.866,00 5613
202 223,93 1,10 0,51 14,00 2.880,00 5613
203 223,93 1,10 0,51 14,00 2.894,00 5613
204 223,93 1,10 0,51 14,00 2.908,00 5613
205 223,93 1,10 0,51 14,00 2.922,00 5613
206 223,93 1,10 0,51 14,00 2.936,00 5613
207 223,93 1,06 0,49 14,00 2.950,00 5613
208 223,93 1,06 0,49 14,00 2.964,00 5614
209 223,93 1,06 0,49 14,00 2.978,00 5616
210 223,93 1,05 0,49 88,00 2.992,00 5616
211 223,93 6,56 3,04 88,00 3.006,00 5655
212 223,93 6,56 3,04 88,00 3.020,00 5665
213 223,93 6,56 3,04 88,00 3.034,00 5671
214 223,93 6,56 3,04 88,00 3.048,00 5671
215 223,93 6,56 3,04 88,00 3.062,00 5671
216 223,93 6,56 3,04 88,00 3.076,00 5671
217 223,93 6,56 3,04 88,00 3.090,00 5671
218 223,93 6,56 3,04 88,00 3.104,00 5671
219 223,93 6,56 3,04 88,00 3.118,00 5671
220 223,93 6,56 3,04 88,00 3.132,00 5671
221 223,93 6,56 3,04 88,00 3.146,00 5671
222 223,93 6,56 3,04 88,00 3.160,00 5671
223 223,93 6,56 3,04 88,00 3.174,00 5671
224 223,93 6,56 3,04 88,00 3.188,00 5671
225 223,93 6,56 3,04 88,00 3.202,00 5671
226 223,93 6,56 3,04 88,00 3.216,00 5671
227 223,93 6,56 3,04 88,00 3.230,00 5671
228 223,93 6,56 3,04 88,00 3.244,00 5671
229 223,93 6,56 3,04 88,00 3.258,00 5671
230 223,93 6,56 3,04 88,00 3.272,00 5671
231 223,93 6,56 3,04 88,00 3.286,00 5671
232 223,93 6,56 3,04 88,00 3.300,00 5671
233 223,93 6,56 3,04 88,00 3.314,00 5671
234 223,93 6,56 3,04 88,00 3.328,00 5671
235 223,93 6,56 3,04 88,00 3.342,00 5671
236 223,93 6,56 3,04 88,00 3.356,00 5671
237 223,93 6,56 3,04 88,00 3.370,00 5671
238 223,93 6,56 3,04 88,00 3.384,00 5671
239 223,93 6,56 3,04 88,00 3.398,00 5671
240 223,93 6,56 3,04 18,00 3.412,00 5671
241 223,93 6,56 3,04 18,00 3.426,00 5686
242 223,93 6,56 3,03 18,00 3.440,00 5686
243 223,93 6,56 3,03 18,00 3.454,00 5687
244 223,93 6,56 3,03 18,00 3.468,00 5688
245 223,93 6,56 3,03 18,00 3.482,00 5688
246 223,93 6,56 3,03 18,00 3.496,00 5688
247 223,93 6,56 3,03 18,00 3.510,00 5688
248 223,93 6,56 3,03 18,00 3.524,00 5688
249 223,93 6,56 3,03 18,00 3.538,00 5691
250 223,93 6,56 3,03 18,00 3.552,00 5693
251 223,93 1,13 0,52 18,00 3.566,00 5693
252 223,93 1,13 0,52 18,00 3.580,00 5693
253 223,93 1,13 0,52 18,00 3.594,00 5694
254 223,93 1,13 0,52 18,00 3.608,00 5694
255 223,93 1,13 0,52 18,00 3.622,00 5694
256 223,93 1,11 0,51 18,00 3.636,00 5694
257 223,93 1,11 0,51 18,00 3.650,00 5694
258 223,93 1,11 0,51 18,00 3.664,00 5694
259 223,93 1,10 0,51 18,00 3.678,00 5694
260 223,93 1,10 0,51 18,00 3.692,00 5694
261 223,93 1,10 0,51 18,00 3.706,00 5694
262 223,93 1,10 0,51 18,00 3.720,00 5694
263 223,93 1,10 0,51 18,00 3.734,00 5694
264 223,93 1,10 0,51 18,00 3.748,00 5694
265 223,93 1,10 0,51 18,00 3.762,00 5694
266 223,93 1,10 0,51 18,00 3.776,00 5694
267 223,93 1,10 0,51 18,00 3.790,00 5694
268 223,93 1,10 0,51 18,00 3.804,00 5694
269 223,93 1,10 0,51 18,00 3.818,00 5694
270 223,93 1,10 0,51 94,00 3.832,00 5694
271 223,93 1,10 0,51 94,00 3.846,00 5724
272 223,93 5,45 2,51 94,00 3.860,00 5736
273 223,93 5,45 2,51 94,00 3.874,00 5742
274 223,93 5,45 2,51 94,00 3.888,00 5742
275 223,93 5,45 2,51 94,00 3.902,00 5742
276 223,93 5,45 2,51 94,00 3.916,00 5742
277 223,93 5,45 2,51 94,00 3.930,00 5742
278 223,93 5,45 2,51 94,00 3.944,00 5742
279 223,93 5,45 2,51 94,00 3.958,00 5742
280 223,93 5,45 2,51 94,00 3.972,00 5742
281 223,93 5,45 2,51 94,00 3.986,00 5742
282 223,93 5,26 2,42 94,00 4.000,00 5742
283 223,93 5,26 2,42 94,00 4.014,00 5742
284 223,93 5,26 2,42 94,00 4.028,00 5742
285 223,93 5,26 2,42 94,00 4.042,00 5742
286 223,93 5,26 2,42 94,00 4.056,00 5742
287 223,93 5,26 2,42 94,00 4.070,00 5742
288 223,93 5,26 2,42 94,00 4.084,00 5742
289 223,93 5,26 2,42 94,00 4.098,00 5742
290 223,93 5,26 2,42 94,00 4.112,00 5742
291 223,93 5,26 2,42 94,00 4.126,00 5742
292 223,93 5,26 2,42 94,00 4.140,00 5742
293 223,93 5,26 2,42 94,00 4.154,00 5742
294 223,93 5,05 2,32 94,00 4.168,00 5742
295 223,93 5,05 2,32 94,00 4.182,00 5742
296 223,93 5,05 2,32 94,00 4.196,00 5742
297 223,93 5,05 2,32 94,00 4.210,00 5742
298 223,93 5,05 2,32 94,00 4.224,00 5742
299 223,93 5,05 2,32 94,00 4.238,00 5742
300 223,93 5,05 2,32 33,00 4.252,00 5742
301 223,93 5,05 2,32 33,00 4.266,00 5752
302 223,93 5,05 2,31 33,00 4.280,00 5752
303 223,93 5,05 2,31 33,00 4.294,00 5752
304 223,93 5,05 2,31 33,00 4.308,00 5752
305 223,93 5,05 2,31 33,00 4.322,00 5752
306 223,93 5,05 2,31 33,00 4.336,00 5762
307 223,93 5,05 2,31 33,00 4.350,00 5773
308 223,93 5,05 2,31 33,00 4.364,00 5778
309 223,93 5,05 2,31 33,00 4.378,00 5780
310 223,93 5,05 2,31 33,00 4.392,00 5780
311 223,93 5,05 2,31 33,00 4.406,00 5780
312 223,93 1,67 0,76 33,00 4.420,00 5780
313 223,93 1,67 0,76 33,00 4.434,00 5782
314 223,93 1,67 0,76 33,00 4.448,00 5783
315 223,93 1,67 0,76 33,00 4.462,00 5783
316 223,93 1,67 0,76 33,00 4.476,00 5783
317 223,93 1,67 0,76 33,00 4.490,00 5783
318 223,93 1,67 0,76 33,00 4.504,00 5783
319 223,93 1,67 0,76 33,00 4.518,00 5783
320 223,93 1,67 0,76 33,00 4.532,00 5783
321 223,93 1,63 0,74 33,00 4.546,00 5783
322 223,93 1,63 0,74 33,00 4.560,00 5783
323 223,93 1,63 0,74 33,00 4.574,00 5783
324 223,93 1,63 0,74 33,00 4.588,00 5783
325 223,93 1,63 0,74 33,00 4.602,00 5783
326 223,93 1,63 0,74 33,00 4.616,00 5783
327 223,93 1,63 0,74 33,00 4.630,00 5783
328 223,93 1,63 0,74 33,00 4.644,00 5783
329 223,93 1,63 0,74 33,00 4.658,00 5783
330 223,93 1,63 0,74 73,00 4.672,00 5783
331 223,93 1,63 0,74 73,00 4.686,00 5809
332 223,93 1,63 0,74 73,00 4.700,00 5815
333 223,93 1,63 0,74 73,00 4.714,00 5818
334 223,93 1,63 0,74 73,00 4.728,00 5819
335 223,93 1,63 0,74 73,00 4.742,00 5820
336 223,93 1,63 0,74 73,00 4.756,00 5820
337 223,93 1,63 0,74 73,00 4.770,00 5820
338 223,93 1,63 0,74 73,00 4.784,00 5820
339 223,93 1,63 0,74 73,00 4.798,00 5820
340 223,93 1,63 0,74 73,00 4.812,00 5820
341 223,93 1,63 0,74 73,00 4.826,00 5820
342 223,93 1,63 0,74 73,00 4.840,00 5820
343 223,93 1,63 0,74 73,00 4.854,00 5820
344 223,93 1,63 0,74 73,00 4.868,00 5820
345 223,93 1,63 0,74 73,00 4.882,00 5820
346 223,93 1,63 0,74 73,00 4.896,00 5820
347 223,93 1,63 0,74 73,00 4.910,00 5820
348 223,93 1,63 0,74 73,00 4.924,00 5820
349 223,93 1,63 0,74 73,00 4.938,00 5820
350 223,93 1,63 0,74 73,00 4.952,00 5820
351 223,93 3,29 1,50 73,00 4.966,00 5820
352 223,93 3,29 1,50 73,00 4.980,00 5820
353 223,93 3,29 1,50 73,00 4.994,00 5820
354 223,93 3,29 1,50 73,00 5.008,00 5820
355 223,93 3,29 1,50 73,00 5.022,00 5820
356 223,93 3,29 1,50 73,00 5.036,00 5820
357 223,93 3,29 1,50 73,00 5.050,00 5820
358 223,93 3,29 1,50 73,00 5.064,00 5820
359 223,93 3,29 1,50 73,00 5.078,00 5820
360 223,93 3,29 1,50 35,00 5.092,00 5820
361 223,93 3,29 1,50 35,00 5.106,00 5827
362 223,93 3,29 1,49 35,00 5.120,00 5827
363 223,93 1,53 0,69 35,00 5.134,00 5827
364 223,93 1,52 0,69 35,00 5.148,00 5827
365 223,93 1,52 0,69 35,00 5.162,00 5827
366 223,93 1,51 0,69 35,00 5.176,00 5827
367 223,93 1,51 0,69 35,00 5.190,00 5827
368 223,93 1,51 0,69 35,00 5.204,00 5827
369 223,93 1,51 0,69 35,00 5.218,00 5827
370 223,93 1,51 0,69 35,00 5.232,00 5827
371 223,93 1,51 0,69 35,00 5.246,00 5827
372 223,93 1,51 0,69 35,00 5.260,00 5827
373 223,93 1,51 0,69 35,00 5.274,00 5827
374 223,93 1,51 0,69 35,00 5.288,00 5827
375 223,93 1,48 0,67 35,00 5.302,00 5827
376 223,93 1,48 0,67 35,00 5.316,00 5827
377 223,93 1,48 0,67 35,00 5.330,00 5827
378 223,93 1,48 0,67 35,00 5.344,00 5827
379 223,93 1,48 0,67 35,00 5.358,00 5827
380 223,93 1,48 0,67 35,00 5.372,00 5827
381 223,93 1,48 0,67 35,00 5.386,00 5827
382 223,93 1,48 0,67 35,00 5.400,00 5827
383 223,93 1,48 0,67 35,00 5.414,00 5833
384 223,93 1,48 0,67 35,00 5.428,00 5833
385 223,93 1,48 0,67 35,00 5.442,00 5833
386 223,93 1,44 0,65 35,00 5.456,00 5833
387 223,93 1,44 0,65 35,00 5.470,00 5833
388 223,93 1,44 0,65 35,00 5.484,00 5833
389 223,93 1,43 0,64 35,00 5.498,00 5833
390 223,93 1,43 0,64 93,00 5.512,00 5833
391 223,93 1,43 0,64 93,00 5.526,00 5854
392 223,93 3,76 1,70 93,00 5.540,00 5858
393 223,93 3,75 1,69 93,00 5.554,00 5861
394 223,93 3,75 1,69 93,00 5.568,00 5861
395 223,93 3,75 1,69 93,00 5.582,00 5861
396 223,93 3,75 1,69 93,00 5.596,00 5861
397 223,93 3,75 1,69 93,00 5.610,00 5861
398 223,93 3,75 1,69 93,00 5.624,00 5861
399 223,93 3,75 1,69 93,00 5.638,00 5861
400 223,93 3,75 1,69 93,00 5.652,00 5861
401 223,93 3,75 1,69 93,00 5.666,00 5865
402 223,93 3,75 1,69 93,00 5.680,00 5866
403 223,93 3,75 1,69 93,00 5.694,00 5866
404 223,93 3,75 1,69 93,00 5.708,00 5866
405 223,93 3,75 1,69 93,00 5.722,00 5866
406 223,93 3,75 1,69 93,00 5.736,00 5866
407 223,93 3,75 1,69 93,00 5.750,00 5866
408 223,93 3,75 1,69 93,00 5.764,00 5866
409 223,93 3,75 1,69 93,00 5.778,00 5866
410 223,93 3,75 1,69 93,00 5.792,00 5866
411 223,93 3,75 1,69 93,00 5.806,00 5866
412 223,93 3,75 1,69 93,00 5.820,00 5866
413 223,93 3,57 1,61 93,00 5.834,00 5866
414 223,93 3,57 1,61 93,00 5.848,00 5866
415 223,93 3,57 1,61 93,00 5.862,00 5866
416 223,93 3,57 1,61 93,00 5.876,00 5866
417 223,93 3,57 1,61 93,00 5.890,00 5866
418 223,93 3,57 1,61 93,00 5.904,00 5866
419 223,93 3,57 1,61 93,00 5.918,00 5866
420 223,93 3,57 1,61 39,00 5.932,00 5866
421 223,93 3,57 1,61 39,00 5.946,00 5875
422 223,93 3,57 1,60 39,00 5.960,00 5878
423 223,93 3,57 1,60 39,00 5.974,00 5879
424 223,93 3,57 1,60 39,00 5.988,00 5879
425 223,93 3,57 1,60 39,00 6.002,00 5879
426 223,93 3,57 1,60 39,00 6.016,00 5879
427 223,93 1,45 0,65 39,00 6.030,00 5879
428 223,93 1,45 0,65 39,00 6.044,00 5880
429 223,93 1,45 0,65 39,00 6.058,00 5880
430 223,93 1,45 0,65 39,00 6.072,00 5880
431 223,93 1,45 0,65 39,00 6.086,00 5880
432 223,93 1,45 0,65 39,00 6.100,00 5880
433 223,93 1,45 0,65 39,00 6.114,00 5880
434 223,93 1,45 0,65 39,00 6.128,00 5880
435 223,93 1,42 0,64 39,00 6.142,00 5880
436 223,93 1,42 0,64 39,00 6.156,00 5880
437 223,93 1,42 0,64 39,00 6.170,00 5880
438 223,93 1,42 0,64 39,00 6.184,00 5880
439 223,93 1,42 0,64 39,00 6.198,00 5880
440 223,93 1,42 0,64 39,00 6.212,00 5880
441 223,93 1,42 0,64 39,00 6.226,00 5880
442 223,93 1,42 0,64 39,00 6.240,00 5880
443 223,93 1,42 0,64 39,00 6.254,00 5880
444 223,93 1,42 0,64 39,00 6.268,00 5880
445 223,93 1,42 0,64 39,00 6.282,00 5880
446 223,93 1,42 0,64 39,00 6.296,00 5880
447 223,93 1,42 0,64 39,00 6.310,00 5880
448 223,93 1,42 0,64 39,00 6.324,00 5880
449 223,93 1,42 0,64 39,00 6.338,00 5880
450 223,93 1,42 0,64 85,00 6.352,00 5880
451 223,93 1,42 0,64 85,00 6.366,00 5901
452 223,93 1,42 0,64 85,00 6.380,00 5908
453 223,93 1,42 0,64 85,00 6.394,00 5908
454 223,93 1,42 0,64 85,00 6.408,00 5908
455 223,93 1,42 0,64 85,00 6.422,00 5908
456 223,93 1,42 0,64 85,00 6.436,00 5909
457 223,93 1,42 0,64 85,00 6.450,00 5909
458 223,93 1,42 0,64 85,00 6.464,00 5909
459 223,93 1,42 0,64 85,00 6.478,00 5909
460 223,93 1,42 0,64 85,00 6.492,00 5909
461 223,93 1,42 0,64 85,00 6.506,00 5909
462 223,93 2,92 1,31 85,00 6.520,00 5909
463 223,93 2,92 1,31 85,00 6.534,00 5909
464 223,93 2,92 1,31 85,00 6.548,00 5909
465 223,93 2,92 1,31 85,00 6.562,00 5909
466 223,93 2,92 1,31 85,00 6.576,00 5909
467 223,93 2,92 1,31 85,00 6.590,00 5909
468 223,93 2,92 1,31 85,00 6.604,00 5909
469 223,93 2,92 1,31 85,00 6.618,00 5909
470 223,93 2,92 1,31 85,00 6.632,00 5909
471 223,93 2,92 1,31 85,00 6.646,00 5909
472 223,93 2,92 1,31 85,00 6.660,00 5909
473 223,93 2,92 1,31 85,00 6.674,00 5909
474 223,93 2,85 1,27 85,00 6.688,00 5909
475 223,93 2,85 1,27 85,00 6.702,00 5909
476 223,93 2,85 1,27 85,00 6.716,00 5909
477 223,93 2,85 1,27 85,00 6.730,00 5909
478 223,93 2,85 1,27 85,00 6.744,00 5909
479 223,93 2,85 1,27 85,00 6.758,00 5909
480 223,93 2,81 1,26 48,00 6.772,00 5909
481 223,93 2,81 1,26 48,00 6.786,00 5915
482 223,93 2,81 1,25 48,00 6.800,00 5916
483 223,93 2,81 1,25 48,00 6.814,00 5916
484 223,93 2,81 1,25 48,00 6.828,00 5916
485 223,93 2,81 1,25 48,00 6.842,00 5916
486 223,93 2,81 1,25 48,00 6.856,00 5916
487 223,93 1,56 0,70 48,00 6.870,00 5916
488 223,93 1,56 0,70 48,00 6.884,00 5916
489 223,93 1,56 0,70 48,00 6.898,00 5916
490 223,93 1,56 0,70 48,00 6.912,00 5916
491 223,93 1,56 0,70 48,00 6.926,00 5916
492 223,93 1,56 0,70 48,00 6.940,00 5916
493 223,93 1,56 0,70 48,00 6.954,00 5916
494 223,93 1,56 0,70 48,00 6.968,00 5916
495 223,93 1,56 0,70 48,00 6.982,00 5916
496 223,93 1,56 0,70 48,00 6.996,00 5916
497 223,93 1,56 0,70 48,00 7.010,00 5916
498 223,93 1,56 0,70 48,00 7.024,00 5916
499 223,93 1,56 0,70 48,00 7.038,00 5916
500 223,93 1,56 0,70 48,00 7.052,00 5916
501 223,93 1,56 0,70 48,00 7.066,00 5916
502 223,93 1,56 0,70 48,00 7.080,00 5916
503 223,93 1,52 0,68 48,00 7.094,00 5916
504 223,93 1,52 0,68 48,00 7.108,00 5916
505 223,93 1,52 0,68 48,00 7.122,00 5919
506 223,93 1,52 0,67 48,00 7.136,00 5919
507 223,93 1,52 0,67 48,00 7.150,00 5919
508 223,93 1,52 0,67 48,00 7.164,00 5919
509 223,93 1,52 0,67 48,00 7.178,00 5919
510 223,93 1,52 0,67 84,00 7.192,00 5919
511 223,93 1,52 0,67 84,00 7.206,00 5935
512 223,93 1,52 0,67 84,00 7.220,00 5937
513 223,93 1,52 0,67 84,00 7.234,00 5938
514 223,93 1,52 0,67 84,00 7.248,00 5938
515 223,93 1,52 0,67 84,00 7.262,00 5938
516 223,93 1,52 0,67 84,00 7.276,00 5938
517 223,93 1,52 0,67 84,00 7.290,00 5938
518 223,93 1,52 0,67 84,00 7.304,00 5938
519 223,93 1,52 0,67 84,00 7.318,00 5938
520 223,93 1,52 0,67 84,00 7.332,00 5938
521 223,93 1,52 0,67 84,00 7.346,00 5938
522 223,93 1,52 0,67 84,00 7.360,00 5938
523 223,93 1,52 0,67 84,00 7.374,00 5938
524 223,93 1,52 0,67 84,00 7.388,00 5938
525 223,93 1,52 0,67 84,00 7.402,00 5938
526 223,93 1,52 0,67 84,00 7.416,00 5938
527 223,93 1,52 0,67 84,00 7.430,00 5938
528 223,93 1,52 0,67 84,00 7.444,00 5938
529 223,93 1,52 0,67 84,00 7.458,00 5938
530 223,93 1,52 0,67 84,00 7.472,00 5938
531 223,93 1,52 0,67 84,00 7.486,00 5938
532 223,93 1,52 0,67 84,00 7.500,00 5938
533 223,93 1,52 0,67 84,00 7.514,00 5938
534 223,93 1,52 0,67 84,00 7.528,00 5938
535 223,93 1,52 0,67 84,00 7.542,00 5938
536 223,93 1,52 0,67 84,00 7.556,00 5938
537 223,93 1,52 0,67 84,00 7.570,00 5938
538 223,93 1,52 0,67 84,00 7.584,00 5938
539 223,93 1,52 0,67 84,00 7.598,00 5938
540 223,93 1,52 0,67 117,00 7.612,00 5938
541 223,93 1,52 0,67 117,00 7.626,00 5942
542 223,93 1,52 0,67 117,00 7.640,00 5944
543 223,93 1,52 0,67 117,00 7.654,00 5946
544 223,93 1,52 0,67 117,00 7.668,00 5947
545 223,93 1,52 0,67 117,00 7.682,00 5958
546 223,93 1,52 0,67 117,00 7.696,00 5965
547 223,93 1,52 0,67 117,00 7.710,00 5965
548 223,93 3,39 1,50 117,00 7.724,00 5965
549 223,93 3,39 1,50 117,00 7.738,00 5965
550 223,93 3,39 1,50 117,00 7.752,00 5965
551 223,93 3,39 1,50 117,00 7.766,00 5965
552 223,93 3,39 1,50 117,00 7.780,00 5965
553 223,93 3,39 1,50 117,00 7.794,00 5965
554 223,93 3,39 1,50 117,00 7.808,00 5965
555 223,93 3,39 1,50 117,00 7.822,00 5965
556 223,93 3,39 1,50 117,00 7.836,00 5965
557 223,93 3,39 1,50 117,00 7.850,00 5965
558 223,93 3,39 1,50 117,00 7.864,00 5965
559 223,93 3,39 1,50 117,00 7.878,00 5969
560 223,93 3,39 1,49 117,00 7.892,00 5969
561 223,93 3,31 1,46 117,00 7.906,00 5969
562 223,93 3,31 1,46 117,00 7.920,00 5969
563 223,93 3,30 1,45 117,00 7.934,00 5969
564 223,93 3,30 1,45 117,00 7.948,00 5969
565 223,93 3,30 1,45 117,00 7.962,00 5969
566 223,93 3,30 1,45 117,00 7.976,00 5969
567 223,93 3,28 1,44 117,00 7.990,00 5969
568 223,93 3,28 1,44 117,00 8.004,00 5969
569 223,93 3,28 1,44 117,00 8.018,00 5969
570 223,93 3,28 1,44 41,00 8.032,00 5969
571 223,93 3,28 1,44 41,00 8.046,00 5988
572 223,93 3,28 1,44 41,00 8.060,00 5994
573 223,93 3,28 1,44 41,00 8.074,00 5999
574 223,93 3,28 1,44 41,00 8.088,00 6004
575 223,93 3,28 1,44 41,00 8.102,00 6007
576 223,93 3,28 1,44 41,00 8.116,00 6009
577 223,93 3,28 1,44 41,00 8.130,00 6010
578 223,93 3,28 1,44 41,00 8.144,00 6010
579 223,93 3,28 1,44 41,00 8.158,00 6010
580 223,93 3,28 1,44 41,00 8.172,00 6010
581 223,93 3,28 1,44 41,00 8.186,00 6010
582 223,93 3,28 1,44 41,00 8.200,00 6010
583 223,93 3,28 1,44 41,00 8.214,00 6010
584 223,93 3,28 1,44 41,00 8.228,00 6010
585 223,93 3,28 1,44 41,00 8.242,00 6010
586 223,93 3,28 1,44 41,00 8.256,00 6010
587 223,93 3,28 1,44 41,00 8.270,00 6010
588 223,93 3,28 1,44 41,00 8.284,00 6010
589 223,93 3,28 1,44 41,00 8.298,00 6010
590 223,93 3,28 1,44 41,00 8.312,00 6010
591 223,93 3,28 1,44 41,00 8.326,00 6010
592 223,93 1,10 0,48 41,00 8.340,00 6010
593 223,93 1,10 0,48 41,00 8.354,00 6010
594 223,93 1,10 0,48 41,00 8.368,00 6010
595 223,93 1,10 0,48 41,00 8.382,00 6010
596 223,93 1,10 0,48 41,00 8.396,00 6010
597 223,93 1,10 0,48 41,00 8.410,00 6010
598 223,93 1,10 0,48 41,00 8.424,00 6010
599 223,93 1,10 0,48 41,00 8.438,00 6010
600 223,93 1,09 0,48 89,00 8.452,00 6010
601 223,93 1,09 0,48 89,00 8.466,00 6019
602 223,93 1,09 0,48 89,00 8.480,00 6021
603 223,93 1,09 0,48 89,00 8.494,00 6022
604 223,93 1,09 0,48 89,00 8.508,00 6022
605 223,93 1,09 0,48 89,00 8.522,00 6022
606 223,93 1,09 0,48 89,00 8.536,00 6022
607 223,93 1,09 0,48 89,00 8.550,00 6022
608 223,93 1,09 0,48 89,00 8.564,00 6023
609 223,93 1,09 0,48 89,00 8.578,00 6023
610 223,93 1,09 0,48 89,00 8.592,00 6023
611 223,93 1,09 0,48 89,00 8.606,00 6023
612 223,93 2,31 1,01 89,00 8.620,00 6023
613 223,93 2,31 1,01 89,00 8.634,00 6023
614 223,93 2,31 1,01 89,00 8.648,00 6023
615 223,93 2,31 1,01 89,00 8.662,00 6023
616 223,93 2,31 1,01 89,00 8.676,00 6023
617 223,93 2,31 1,01 89,00 8.690,00 6023
618 223,93 2,31 1,01 89,00 8.704,00 6023
619 223,93 2,31 1,01 89,00 8.718,00 6023
620 223,93 2,31 1,01 89,00 8.732,00 6023
621 223,93 2,31 1,01 89,00 8.746,00 6023
622 223,93 2,31 1,01 89,00 8.760,00 6023
623 223,93 2,31 1,01 89,00 8.774,00 6023
624 223,93 2,31 1,01 89,00 8.788,00 6023
625 223,93 2,31 1,01 89,00 8.802,00 6023
626 223,93 2,31 1,01 89,00 8.816,00 6023
627 223,93 2,31 1,01 89,00 8.830,00 6023
628 223,93 2,31 1,01 89,00 8.844,00 6023
629 223,93 2,31 1,01 89,00 8.858,00 6023
630 223,93 2,31 1,01 48,00 8.872,00 6023
631 223,93 2,31 1,01 48,00 8.886,00 6039
632 223,93 2,31 1,01 48,00 8.900,00 6043
633 223,93 2,31 1,01 48,00 8.914,00 6043
634 223,93 2,31 1,01 48,00 8.928,00 6043
635 223,93 1,20 0,52 48,00 8.942,00 6043
636 223,93 1,20 0,52 48,00 8.956,00 6043
637 223,93 1,20 0,52 48,00 8.970,00 6043
638 223,93 1,20 0,52 48,00 8.984,00 6043
639 223,93 1,20 0,52 48,00 8.998,00 6043
640 223,93 1,20 0,52 48,00 9.012,00 6043
641 223,93 1,19 0,52 48,00 9.026,00 6043
642 223,93 1,19 0,52 48,00 9.040,00 6043
643 223,93 1,19 0,52 48,00 9.054,00 6043
644 223,93 1,19 0,52 48,00 9.068,00 6043
645 223,93 1,19 0,52 48,00 9.082,00 6043
646 223,93 1,19 0,52 48,00 9.096,00 6043
647 223,93 1,19 0,52 48,00 9.110,00 6043
648 223,93 1,18 0,51 48,00 9.124,00 6043
649 223,93 1,18 0,51 48,00 9.138,00 6043
650 223,93 1,17 0,51 48,00 9.152,00 6043
651 223,93 1,17 0,51 48,00 9.166,00 6043
652 223,93 1,17 0,51 48,00 9.180,00 6043
653 223,93 1,17 0,51 48,00 9.194,00 6043
654 223,93 1,17 0,51 48,00 9.208,00 6043
655 223,93 1,17 0,51 48,00 9.222,00 6043
656 223,93 1,17 0,51 48,00 9.236,00 6043
657 223,93 1,17 0,51 48,00 9.250,00 6043
658 223,93 1,17 0,51 48,00 9.264,00 6043
659 223,93 1,17 0,51 48,00 9.278,00 6043
660 223,93 1,17 0,51 92,00 9.292,00 6043
661 223,93 1,17 0,51 92,00 9.306,00 6047
662 223,93 1,17 0,51 92,00 9.320,00 6047
663 223,93 1,17 0,51 92,00 9.334,00 6047
664 223,93 1,17 0,51 92,00 9.348,00 6047
665 223,93 1,17 0,51 92,00 9.362,00 6047
666 223,93 1,17 0,51 92,00 9.376,00 6047
667 223,93 1,17 0,51 92,00 9.390,00 6047
668 223,93 1,17 0,51 92,00 9.404,00 6048
669 223,93 1,17 0,51 92,00 9.418,00 6048
670 223,93 1,17 0,51 92,00 9.432,00 6048
671 223,93 1,17 0,51 92,00 9.446,00 6048
672 223,93 1,17 0,51 92,00 9.460,00 6048
673 223,93 1,17 0,51 92,00 9.474,00 6048
674 223,93 2,17 0,94 92,00 9.488,00 6048
675 223,93 2,17 0,94 92,00 9.502,00 6048
676 223,93 2,16 0,94 92,00 9.516,00 6048
677 223,93 2,16 0,94 92,00 9.530,00 6048
678 223,93 2,16 0,94 92,00 9.544,00 6048
679 223,93 2,16 0,94 92,00 9.558,00 6048
680 223,93 2,16 0,94 92,00 9.572,00 6048
681 223,93 2,16 0,94 92,00 9.586,00 6048
682 223,93 2,16 0,94 92,00 9.600,00 6048
683 223,93 2,16 0,94 92,00 9.614,00 6048
684 223,93 2,16 0,94 92,00 9.628,00 6048
685 223,93 2,16 0,94 92,00 9.642,00 6048
686 223,93 2,16 0,94 92,00 9.656,00 6048
687 223,93 2,16 0,94 92,00 9.670,00 6048
688 223,93 2,16 0,94 92,00 9.684,00 6048
689 223,93 2,16 0,94 92,00 9.698,00 6048
690 223,93 2,16 0,94 65,00 9.712,00 6048
691 223,93 2,16 0,94 65,00 9.726,00 6060
692 223,93 2,16 0,94 65,00 9.740,00 6063
693 223,93 2,16 0,94 65,00 9.754,00 6066
694 223,93 2,16 0,94 65,00 9.768,00 6067
695 223,93 2,16 0,94 65,00 9.782,00 6068
696 223,93 2,16 0,93 65,00 9.796,00 6070
697 223,93 1,48 0,64 65,00 9.810,00 6070
698 223,93 1,48 0,64 65,00 9.824,00 6070
699 223,93 1,48 0,64 65,00 9.838,00 6070
700 223,93 1,48 0,64 65,00 9.852,00 6070
701 223,93 1,48 0,64 65,00 9.866,00 6070
702 223,93 1,48 0,64 65,00 9.880,00 6070
703 223,93 1,48 0,64 65,00 9.894,00 6070
704 223,93 1,48 0,64 65,00 9.908,00 6070
705 223,93 1,48 0,64 65,00 9.922,00 6070
706 223,93 1,48 0,64 65,00 9.936,00 6070
707 223,93 1,48 0,64 65,00 9.950,00 6070
708 223,93 1,48 0,64 65,00 9.964,00 6070
709 223,93 1,48 0,64 65,00 9.978,00 6070
710 223,93 1,48 0,64 65,00 9.992,00 6070
711 223,93 1,48 0,64 65,00 10.006,00 6070
712 223,93 1,48 0,64 65,00 10.020,00 6070
713 223,93 1,48 0,64 65,00 10.034,00 6070
714 223,93 1,48 0,64 65,00 10.048,00 6070
715 223,93 1,45 0,62 65,00 10.062,00 6070
716 223,93 1,45 0,62 65,00 10.076,00 6070
717 223,93 1,45 0,62 65,00 10.090,00 6070
718 223,93 1,45 0,62 65,00 10.104,00 6070
719 223,93 1,45 0,62 65,00 10.118,00 6070
720 223,93 1,45 0,62 95,00 10.132,00 6070
721 223,93 1,45 0,62 95,00 10.146,00 6073
722 223,93 1,45 0,62 95,00 10.160,00 6073
723 223,93 1,45 0,62 95,00 10.174,00 6073
724 223,93 1,45 0,62 95,00 10.188,00 6073
725 223,93 1,45 0,62 95,00 10.202,00 6073
726 223,93 1,45 0,62 95,00 10.216,00 6073
727 223,93 1,45 0,62 95,00 10.230,00 6073
728 223,93 2,08 0,89 95,00 10.244,00 6073
729 223,93 2,08 0,89 95,00 10.258,00 6073
730 223,93 2,07 0,89 95,00 10.272,00 6073
731 223,93 2,07 0,89 95,00 10.286,00 6073
732 223,93 2,07 0,89 95,00 10.300,00 6073
733 223,93 2,06 0,89 95,00 10.314,00 6073
734 223,93 2,06 0,89 95,00 10.328,00 6073
735 223,93 2,06 0,88 95,00 10.342,00 6073
736 223,93 2,06 0,88 95,00 10.356,00 6073
737 223,93 2,06 0,88 95,00 10.370,00 6073
738 223,93 2,06 0,88 95,00 10.384,00 6073
739 223,93 2,06 0,88 95,00 10.398,00 6073
740 223,93 2,06 0,88 95,00 10.412,00 6073
741 223,93 2,06 0,88 95,00 10.426,00 6073
742 223,93 2,06 0,88 95,00 10.440,00 6073
743 223,93 2,06 0,88 95,00 10.454,00 6073
744 223,93 2,03 0,87 95,00 10.468,00 6073
745 223,93 2,03 0,87 95,00 10.482,00 6073
746 223,93 2,03 0,87 95,00 10.496,00 6073
747 223,93 2,03 0,87 95,00 10.510,00 6073
748 223,93 2,03 0,87 95,00 10.524,00 6073
749 223,93 2,03 0,87 95,00 10.538,00 6073
750 223,93 2,03 0,87 61,00 10.552,00 6073
751 223,93 2,03 0,87 61,00 10.566,00 6081
752 223,93 2,03 0,87 61,00 10.580,00 6085
753 223,93 2,03 0,87 61,00 10.594,00 6085
754 223,93 2,03 0,87 61,00 10.608,00 6085
755 223,93 2,03 0,87 61,00 10.622,00 6085
756 223,93 2,03 0,87 61,00 10.636,00 6085
757 223,93 2,03 0,87 61,00 10.650,00 6085
758 223,93 2,03 0,87 61,00 10.664,00 6091
759 223,93 2,03 0,87 61,00 10.678,00 6094
760 223,93 2,03 0,87 61,00 10.692,00 6096
761 223,93 2,03 0,87 61,00 10.706,00 6097
762 223,93 2,03 0,87 61,00 10.720,00 6098
763 223,93 2,03 0,87 61,00 10.734,00 6098
764 223,93 2,03 0,87 61,00 10.748,00 6098
765 223,93 2,03 0,87 61,00 10.762,00 6098
766 223,93 2,03 0,87 61,00 10.776,00 6098
767 223,93 2,03 0,87 61,00 10.790,00 6098
768 223,93 2,03 0,87 61,00 10.804,00 6098
769 223,93 1,26 0,54 61,00 10.818,00 6098
770 223,93 1,26 0,54 61,00 10.832,00 6098
771 223,93 1,26 0,54 61,00 10.846,00 6098
772 223,93 1,26 0,54 61,00 10.860,00 6098
773 223,93 1,26 0,54 61,00 10.874,00 6098
774 223,93 1,26 0,54 61,00 10.888,00 6098
775 223,93 1,26 0,54 61,00 10.902,00 6098
776 223,93 1,26 0,54 61,00 10.916,00 6098
777 223,93 1,26 0,54 61,00 10.930,00 6098
778 223,93 1,26 0,54 61,00 10.944,00 6098
779 223,93 1,26 0,54 61,00 10.958,00 6098
780 223,93 1,26 0,54 91,00 10.972,00 6098
781 223,93 1,26 0,54 91,00 10.986,00 6102
782 223,93 1,26 0,54 91,00 11.000,00 6107
783 223,93 1,26 0,54 91,00 11.014,00 6110
784 223,93 1,85 0,79 91,00 11.028,00 6111
785 223,93 1,85 0,79 91,00 11.042,00 6111
786 223,93 1,85 0,79 91,00 11.056,00 6111
787 223,93 1,85 0,79 91,00 11.070,00 6111
788 223,93 1,84 0,78 91,00 11.084,00 6111
789 223,93 1,84 0,78 91,00 11.098,00 6111
790 223,93 1,83 0,78 91,00 11.112,00 6111
791 223,93 1,83 0,78 91,00 11.126,00 6111
792 223,93 1,83 0,78 91,00 11.140,00 6111
793 223,93 1,83 0,78 91,00 11.154,00 6111
794 223,93 1,83 0,78 91,00 11.168,00 6111
795 223,93 1,83 0,78 91,00 11.182,00 6111
796 223,93 1,83 0,78 91,00 11.196,00 6111
797 223,93 1,83 0,78 91,00 11.210,00 6111
798 223,93 1,83 0,78 91,00 11.224,00 6111
799 223,93 1,83 0,78 91,00 11.238,00 6111
800 223,93 1,83 0,78 91,00 11.252,00 6111
801 223,93 1,83 0,78 91,00 11.266,00 6111
802 223,93 1,83 0,78 91,00 11.280,00 6111
803 223,93 1,83 0,78 91,00 11.294,00 6111
804 223,93 1,83 0,78 91,00 11.308,00 6111
805 223,93 1,80 0,77 91,00 11.322,00 6111
806 223,93 1,80 0,77 91,00 11.336,00 6111
807 223,93 1,80 0,77 91,00 11.350,00 6111
808 223,93 1,79 0,76 91,00 11.364,00 6111
809 223,93 1,79 0,76 91,00 11.378,00 6111
810 223,93 1,79 0,76 67,00 11.392,00 6111
811 223,93 1,79 0,76 67,00 11.406,00 6120
812 223,93 1,79 0,76 67,00 11.420,00 6122
813 223,93 1,79 0,76 67,00 11.434,00 6123
814 223,93 1,79 0,76 67,00 11.448,00 6123
815 223,93 1,79 0,76 67,00 11.462,00 6123
816 223,93 1,79 0,76 67,00 11.476,00 6123
817 223,93 1,79 0,76 67,00 11.490,00 6123
818 223,93 1,79 0,76 67,00 11.504,00 6123
819 223,93 1,79 0,76 67,00 11.518,00 6123
820 223,93 1,79 0,76 67,00 11.532,00 6123
821 223,93 1,79 0,76 67,00 11.546,00 6123
822 223,93 1,79 0,76 67,00 11.560,00 6123
823 223,93 1,79 0,76 67,00 11.574,00 6123
824 223,93 1,79 0,76 67,00 11.588,00 6123
825 223,93 1,29 0,55 67,00 11.602,00 6123
826 223,93 1,29 0,55 67,00 11.616,00 6123
827 223,93 1,29 0,55 67,00 11.630,00 6123
828 223,93 1,29 0,55 67,00 11.644,00 6123
829 223,93 1,29 0,55 67,00 11.658,00 6123
830 223,93 1,29 0,55 67,00 11.672,00 6123
831 223,93 1,29 0,55 67,00 11.686,00 6123
832 223,93 1,29 0,55 67,00 11.700,00 6123
833 223,93 1,29 0,55 67,00 11.714,00 6123
834 223,93 1,29 0,55 67,00 11.728,00 6123
835 223,93 1,29 0,55 67,00 11.742,00 6123
836 223,93 1,29 0,55 67,00 11.756,00 6123
837 223,93 1,29 0,55 67,00 11.770,00 6123
838 223,93 1,29 0,55 67,00 11.784,00 6123
839 223,93 1,29 0,55 67,00 11.798,00 6123
840 223,93 1,29 0,55 93,00 11.812,00 6123
841 223,93 1,29 0,55 93,00 11.826,00 6130
842 223,93 1,29 0,55 93,00 11.840,00 6130
843 223,93 1,29 0,55 93,00 11.854,00 6130
844 223,93 1,29 0,55 93,00 11.868,00 6130
845 223,93 1,29 0,55 93,00 11.882,00 6130
846 223,93 1,29 0,55 93,00 11.896,00 6130
847 223,93 1,29 0,55 93,00 11.910,00 6130
848 223,93 1,29 0,55 93,00 11.924,00 6130
849 223,93 1,29 0,55 93,00 11.938,00 6130
850 223,93 1,74 0,74 93,00 11.952,00 6130
851 223,93 1,74 0,74 93,00 11.966,00 6130
852 223,93 1,74 0,74 93,00 11.980,00 6130
853 223,93 1,74 0,74 93,00 11.994,00 6130
854 223,93 1,74 0,74 93,00 12.008,00 6130
855 223,93 1,74 0,74 93,00 12.022,00 6130
856 223,93 1,74 0,74 93,00 12.036,00 6130
857 223,93 1,74 0,74 93,00 12.050,00 6130
858 223,93 1,74 0,74 93,00 12.064,00 6130
859 223,93 1,74 0,74 93,00 12.078,00 6130
860 223,93 1,74 0,74 93,00 12.092,00 6130
861 223,93 1,74 0,74 93,00 12.106,00 6130
862 223,93 1,74 0,74 93,00 12.120,00 6130
863 223,93 1,74 0,74 93,00 12.134,00 6130
864 223,93 1,74 0,74 93,00 12.148,00 6130
865 223,93 1,74 0,74 93,00 12.162,00 6130
866 223,93 1,74 0,74 93,00 12.176,00 6130
867 223,93 1,74 0,74 93,00 12.190,00 6130
868 223,93 1,74 0,74 93,00 12.204,00 6130
869 223,93 1,74 0,74 93,00 12.218,00 6130
870 223,93 1,74 0,74 68,00 12.232,00 6130
871 223,93 1,74 0,74 68,00 12.246,00 6139
872 223,93 1,74 0,73 68,00 12.260,00 6142
873 223,93 1,74 0,73 68,00 12.274,00 6144
874 223,93 1,74 0,73 68,00 12.288,00 6144
875 223,93 1,74 0,73 68,00 12.302,00 6152
876 223,93 1,74 0,73 68,00 12.316,00 6155
877 223,93 1,74 0,73 68,00 12.330,00 6156
878 223,93 1,74 0,73 68,00 12.344,00 6156
879 223,93 1,74 0,73 68,00 12.358,00 6156
880 223,93 1,74 0,73 68,00 12.372,00 6156
881 223,93 1,74 0,73 68,00 12.386,00 6156
882 223,93 1,74 0,73 68,00 12.400,00 6156
883 223,93 1,74 0,73 68,00 12.414,00 6156
884 223,93 1,74 0,73 68,00 12.428,00 6156
885 223,93 1,74 0,73 68,00 12.442,00 6156
886 223,93 1,74 0,73 68,00 12.456,00 6156
887 223,93 1,22 0,51 68,00 12.470,00 6156
888 223,93 1,22 0,51 68,00 12.484,00 6156
889 223,93 1,22 0,51 68,00 12.498,00 6156
890 223,93 1,22 0,51 68,00 12.512,00 6156
891 223,93 1,22 0,51 68,00 12.526,00 6156
892 223,93 1,22 0,51 68,00 12.540,00 6156
893 223,93 1,22 0,51 68,00 12.554,00 6156
894 223,93 1,22 0,51 68,00 12.568,00 6156
895 223,93 1,22 0,51 68,00 12.582,00 6156
896 223,93 1,22 0,51 68,00 12.596,00 6156
897 223,93 1,22 0,51 68,00 12.610,00 6156
898 223,93 1,22 0,51 68,00 12.624,00 6156
899 223,93 1,22 0,51 68,00 12.638,00 6156
900 223,93 1,22 0,51 75,00 12.652,00 6156
901 223,93 1,22 0,51 75,00 12.666,00 6161
902 223,93 1,22 0,51 75,00 12.680,00 6162
903 223,93 1,22 0,51 75,00 12.694,00 6163
904 223,93 1,22 0,51 75,00 12.708,00 6163
905 223,93 1,32 0,55 75,00 12.722,00 6164
906 223,93 1,32 0,55 75,00 12.736,00 6165
907 223,93 1,32 0,55 75,00 12.750,00 6165
908 223,93 1,32 0,55 75,00 12.764,00 6165
909 223,93 1,32 0,55 75,00 12.778,00 6165
910 223,93 1,32 0,55 75,00 12.792,00 6165
911 223,93 1,32 0,55 75,00 12.806,00 6165
912 223,93 1,32 0,55 75,00 12.820,00 6165
913 223,93 1,32 0,55 75,00 12.834,00 6165
914 223,93 1,32 0,55 75,00 12.848,00 6165
915 223,93 1,32 0,55 75,00 12.862,00 6165
916 223,93 1,32 0,55 75,00 12.876,00 6165
917 223,93 1,32 0,55 75,00 12.890,00 6165
918 223,93 1,32 0,55 75,00 12.904,00 6165
919 223,93 1,32 0,55 75,00 12.918,00 6165
920 223,93 1,32 0,55 75,00 12.932,00 6165
921 223,93 1,32 0,55 75,00 12.946,00 6165
922 223,93 1,32 0,55 75,00 12.960,00 6165
923 223,93 1,32 0,55 75,00 12.974,00 6165
924 223,93 1,32 0,55 75,00 12.988,00 6165
925 223,93 1,32 0,55 75,00 13.002,00 6165
926 223,93 1,32 0,55 75,00 13.016,00 6165
927 223,93 1,32 0,55 75,00 13.030,00 6165
928 223,93 1,32 0,55 75,00 13.044,00 6165
929 223,93 1,32 0,55 75,00 13.058,00 6165
930 223,93 1,32 0,55 83,00 13.072,00 6165
931 223,93 1,32 0,55 83,00 13.086,00 6173
932 223,93 1,32 0,55 83,00 13.100,00 6176
933 223,93 1,32 0,55 83,00 13.114,00 6176
934 223,93 1,32 0,55 83,00 13.128,00 6176
935 223,93 1,32 0,55 83,00 13.142,00 6176
936 223,93 1,32 0,55 83,00 13.156,00 6177
937 223,93 1,32 0,55 83,00 13.170,00 6177
938 223,93 1,32 0,55 83,00 13.184,00 6177
939 223,93 1,32 0,55 83,00 13.198,00 6177
940 223,93 1,32 0,55 83,00 13.212,00 6177
941 223,93 1,32 0,55 83,00 13.226,00 6177
942 223,93 1,32 0,55 83,00 13.240,00 6177
943 223,93 1,40 0,59 83,00 13.254,00 6177
944 223,93 1,40 0,59 83,00 13.268,00 6177
945 223,93 1,40 0,59 83,00 13.282,00 6177
946 223,93 1,40 0,59 83,00 13.296,00 6177
947 223,93 1,40 0,59 83,00 13.310,00 6177
948 223,93 1,40 0,59 83,00 13.324,00 6177
949 223,93 1,40 0,59 83,00 13.338,00 6177
950 223,93 1,40 0,59 83,00 13.352,00 6177
951 223,93 1,40 0,59 83,00 13.366,00 6177
952 223,93 1,40 0,59 83,00 13.380,00 6177
953 223,93 1,40 0,59 83,00 13.394,00 6177
954 223,93 1,40 0,59 83,00 13.408,00 6177
955 223,93 1,40 0,59 83,00 13.422,00 6177
956 223,93 1,40 0,59 83,00 13.436,00 6177
957 223,93 1,40 0,59 83,00 13.450,00 6177
958 223,93 1,40 0,59 83,00 13.464,00 6177
959 223,93 1,40 0,59 83,00 13.478,00 6177
960 223,93 1,40 0,59 87,00 13.492,00 6177
961 223,93 1,40 0,59 87,00 13.506,00 6179
962 223,93 1,40 0,58 87,00 13.520,00 6180
963 223,93 1,44 0,60 87,00 13.534,00 6180
964 223,93 1,44 0,60 87,00 13.548,00 6180
965 223,93 1,44 0,60 87,00 13.562,00 6181
966 223,93 1,44 0,60 87,00 13.576,00 6181
967 223,93 1,44 0,60 87,00 13.590,00 6181
968 223,93 1,44 0,60 87,00 13.604,00 6181
969 223,93 1,44 0,60 87,00 13.618,00 6181
970 223,93 1,44 0,60 87,00 13.632,00 6181
971 223,93 1,44 0,60 87,00 13.646,00 6181
972 223,93 1,44 0,60 87,00 13.660,00 6181
973 223,93 1,44 0,60 87,00 13.674,00 6181
974 223,93 1,44 0,60 87,00 13.688,00 6181
975 223,93 1,42 0,59 87,00 13.702,00 6181
976 223,93 1,42 0,59 87,00 13.716,00 6181
977 223,93 1,42 0,59 87,00 13.730,00 6181
978 223,93 1,42 0,59 87,00 13.744,00 6181
979 223,93 1,42 0,59 87,00 13.758,00 6181
980 223,93 1,41 0,59 87,00 13.772,00 6181
981 223,93 1,41 0,59 87,00 13.786,00 6181
982 223,93 1,41 0,59 87,00 13.800,00 6181
983 223,93 1,41 0,59 87,00 13.814,00 6181
984 223,93 1,41 0,59 87,00 13.828,00 6181
985 223,93 1,41 0,59 87,00 13.842,00 6181
986 223,93 1,41 0,59 87,00 13.856,00 6181
987 223,93 1,41 0,59 87,00 13.870,00 6181
988 223,93 1,41 0,59 87,00 13.884,00 6181
989 223,93 1,40 0,58 87,00 13.898,00 6181
990 223,93 1,40 0,58 87,00 13.912,00 6181
991 223,93 1,40 0,58 87,00 13.926,00 6187
992 223,93 1,40 0,58 87,00 13.940,00 6189
993 223,93 1,40 0,58 87,00 13.954,00 6189
994 223,93 1,40 0,58 87,00 13.968,00 6189
995 223,93 1,40 0,58 87,00 13.982,00 6189
996 223,93 1,40 0,58 87,00 13.996,00 6189
997 223,93 1,40 0,58 87,00 14.010,00 6189
998 223,93 1,40 0,58 87,00 14.024,00 6189
999 223,93 1,40 0,58 87,00 14.038,00 6189
