500
0 65,19 65,19 65,19 1,00 76,00
1 65,19 0,00 0,00 1,00 41,00
2 65,19 130,38 268,04 99,00 41,00
3 65,19 0,00 0,00 1,00 52,00
4 65,19 65,19 117,98 99,00 50,00
5 65,19 0,00 0,00 1,00 61,00
6 65,19 65,19 128,05 99,00 61,00
7 65,19 0,00 0,00 2,00 72,00
8 65,19 65,19 152,16 100,00 76,00
9 65,19 0,00 0,00 4,00 87,00
10 65,19 65,19 151,34 102,00 93,00
11 65,19 0,00 0,00 4,00 104,00
12 65,19 0,00 0,00 102,00 110,00
13 65,19 65,19 140,96 200,00 116,00
14 65,19 0,00 0,00 101,00 127,00
15 65,19 65,19 138,59 199,00 132,00
16 65,19 0,00 0,00 100,00 143,00
17 65,19 65,19 138,04 198,00 148,00
18 65,19 0,00 0,00 98,00 159,00
19 65,19 65,19 136,50 196,00 165,00
20 65,19 0,00 0,00 96,00 176,00
21 65,19 65,19 134,68 194,00 186,00
22 65,19 0,00 0,00 94,00 197,00
23 65,19 0,00 0,00 192,00 203,00
24 65,19 65,19 132,11 290,00 213,00
25 65,19 0,00 0,00 190,00 224,00
26 65,19 65,19 130,19 288,00 234,00
27 65,19 0,00 0,00 188,00 245,00
28 65,19 65,19 128,41 286,00 255,00
29 65,19 0,00 0,00 186,00 266,00
30 65,19 65,19 126,50 284,00 276,00
31 65,19 0,00 0,00 184,00 287,00
32 65,19 0,00 0,00 282,00 293,00
33 65,19 65,19 123,30 380,00 303,00
34 65,19 0,00 0,00 280,00 314,00
35 65,19 65,19 121,20 378,00 324,00
36 65,19 0,00 0,00 278,00 335,00
37 65,19 65,19 119,09 376,00 345,00
38 65,19 0,00 0,00 276,00 356,00
39 65,19 65,19 117,01 374,00 366,00
40 65,19 0,00 0,00 274,00 377,00
41 65,19 0,00 0,00 372,00 383,00
42 65,19 65,19 113,86 470,00 393,00
43 65,19 0,00 0,00 370,00 404,00
44 65,19 65,19 111,74 468,00 414,00
45 65,19 0,00 0,00 368,00 425,00
46 65,19 65,19 109,63 466,00 435,00
47 65,19 0,00 0,00 366,00 446,00
48 65,19 65,19 107,47 464,00 456,00
49 65,19 0,00 0,00 364,00 467,00
50 65,19 0,00 0,00 462,00 473,00
51 65,19 65,19 104,29 560,00 483,00
52 65,19 0,00 0,00 460,00 494,00
53 65,19 65,19 102,23 558,00 504,00
54 65,19 0,00 0,00 458,00 515,00
55 65,19 65,19 100,21 556,00 525,00
56 65,19 0,00 0,00 456,00 536,00
57 65,19 65,19 98,22 554,00 546,00
58 65,19 0,00 0,00 454,00 557,00
59 65,19 0,00 0,00 552,00 563,00
60 65,19 65,19 95,28 650,00 573,00
61 65,19 0,00 0,00 550,00 584,00
62 65,19 65,19 93,41 648,00 594,00
63 65,19 0,00 0,00 548,00 605,00
64 65,19 65,19 91,54 646,00 615,00
65 65,19 0,00 0,00 546,00 626,00
66 65,19 65,19 89,74 644,00 636,00
67 65,19 0,00 0,00 544,00 647,00
68 65,19 0,00 0,00 642,00 653,00
69 65,19 65,19 87,06 740,00 663,00
70 65,19 0,00 0,00 640,00 674,00
71 65,19 65,19 85,31 738,00 684,00
72 65,19 0,00 0,00 638,00 695,00
73 65,19 65,19 83,63 736,00 705,00
74 65,19 0,00 0,00 636,00 716,00
75 65,19 65,19 82,00 734,00 726,00
76 65,19 0,00 0,00 634,00 737,00
77 65,19 0,00 0,00 732,00 743,00
78 65,19 65,19 79,63 830,00 753,00
79 65,19 0,00 0,00 730,00 764,00
80 65,19 65,19 78,10 828,00 774,00
81 65,19 0,00 0,00 728,00 785,00
82 65,19 65,19 76,61 826,00 795,00
83 65,19 0,00 0,00 726,00 806,00
84 65,19 65,19 75,13 824,00 816,00
85 65,19 0,00 0,00 724,00 827,00
86 65,19 0,00 0,00 822,00 833,00
87 65,19 65,19 72,99 920,00 843,00
88 65,19 0,00 0,00 820,00 854,00
89 65,19 65,19 71,63 918,00 864,00
90 65,19 0,00 0,00 818,00 875,00
91 65,19 65,19 70,30 916,00 885,00
92 65,19 0,00 0,00 816,00 896,00
93 65,19 65,19 69,00 914,00 906,00
94 65,19 0,00 0,00 814,00 917,00
95 65,19 0,00 0,00 912,00 923,00
96 65,19 65,19 67,14 1.010,00 933,00
97 65,19 0,00 0,00 910,00 944,00
98 65,19 65,19 65,94 1.008,00 954,00
99 65,19 0,00 0,00 908,00 965,00
100 65,19 65,19 64,77 1.006,00 975,00
101 65,19 0,00 0,00 906,00 986,00
102 65,19 65,19 63,64 1.004,00 996,00
103 65,19 0,00 0,00 904,00 1.007,00
104 65,19 0,00 0,00 1.002,00 1.013,00
105 65,19 65,19 62,01 1.100,00 1.023,00
106 65,19 0,00 0,00 1.000,00 1.034,00
107 65,19 65,19 60,97 1.098,00 1.044,00
108 65,19 0,00 0,00 998,00 1.055,00
109 65,19 65,19 59,97 1.096,00 1.065,00
110 65,19 0,00 0,00 996,00 1.076,00
111 65,19 65,19 59,00 1.094,00 1.086,00
112 65,19 0,00 0,00 994,00 1.097,00
113 65,19 0,00 0,00 1.092,00 1.103,00
114 65,19 65,19 57,56 1.190,00 1.113,00
115 65,19 0,00 0,00 1.090,00 1.124,00
116 65,19 65,19 56,65 1.188,00 1.134,00
117 65,19 0,00 0,00 1.088,00 1.145,00
118 65,19 65,19 55,78 1.186,00 1.155,00
119 65,19 0,00 0,00 1.086,00 1.166,00
120 65,19 65,19 54,92 1.184,00 1.176,00
121 65,19 0,00 0,00 1.084,00 1.187,00
122 65,19 0,00 0,00 1.182,00 1.193,00
123 65,19 65,19 53,68 1.280,00 1.203,00
124 65,19 0,00 0,00 1.180,00 1.214,00
125 65,19 65,19 52,90 1.278,00 1.224,00
126 65,19 0,00 0,00 1.178,00 1.235,00
127 65,19 65,19 52,13 1.276,00 1.245,00
128 65,19 0,00 0,00 1.176,00 1.256,00
129 65,19 65,19 51,41 1.274,00 1.266,00
130 65,19 0,00 0,00 1.174,00 1.277,00
131 65,19 0,00 0,00 1.272,00 1.283,00
132 65,19 65,19 50,34 1.370,00 1.293,00
133 65,19 0,00 0,00 1.270,00 1.304,00
134 65,19 65,19 49,65 1.368,00 1.314,00
135 65,19 0,00 0,00 1.268,00 1.325,00
136 65,19 65,19 48,98 1.366,00 1.335,00
137 65,19 0,00 0,00 1.266,00 1.346,00
138 65,19 65,19 48,32 1.364,00 1.356,00
139 65,19 0,00 0,00 1.264,00 1.367,00
140 65,19 0,00 0,00 1.362,00 1.373,00
141 65,19 65,19 47,37 1.460,00 1.383,00
142 65,19 0,00 0,00 1.360,00 1.394,00
143 65,19 65,19 46,77 1.458,00 1.404,00
144 65,19 0,00 0,00 1.358,00 1.415,00
145 65,19 65,19 46,18 1.456,00 1.425,00
146 65,19 0,00 0,00 1.356,00 1.436,00
147 65,19 65,19 45,61 1.454,00 1.446,00
148 65,19 0,00 0,00 1.354,00 1.457,00
149 65,19 0,00 0,00 1.452,00 1.463,00
150 65,19 65,19 44,79 1.550,00 1.473,00
151 65,19 0,00 0,00 1.450,00 1.484,00
152 65,19 65,19 44,26 1.548,00 1.494,00
153 65,19 0,00 0,00 1.448,00 1.505,00
154 65,19 65,19 43,75 1.546,00 1.515,00
155 65,19 0,00 0,00 1.446,00 1.526,00
156 65,19 65,19 43,25 1.544,00 1.536,00
157 65,19 0,00 0,00 1.444,00 1.547,00
158 65,19 0,00 0,00 1.542,00 1.553,00
159 65,19 65,19 42,52 1.640,00 1.563,00
160 65,19 0,00 0,00 1.540,00 1.574,00
161 65,19 65,19 42,06 1.638,00 1.584,00
162 65,19 0,00 0,00 1.538,00 1.595,00
163 65,19 65,19 41,61 1.636,00 1.605,00
164 65,19 0,00 0,00 1.536,00 1.616,00
165 65,19 65,19 41,17 1.634,00 1.626,00
166 65,19 0,00 0,00 1.534,00 1.637,00
167 65,19 0,00 0,00 1.632,00 1.643,00
168 65,19 65,19 40,53 1.730,00 1.653,00
169 65,19 0,00 0,00 1.630,00 1.664,00
170 65,19 65,19 40,13 1.728,00 1.674,00
171 65,19 0,00 0,00 1.628,00 1.685,00
172 65,19 65,19 39,73 1.726,00 1.695,00
173 65,19 0,00 0,00 1.626,00 1.706,00
174 65,19 65,19 39,35 1.724,00 1.716,00
175 65,19 0,00 0,00 1.624,00 1.727,00
176 65,19 0,00 0,00 1.722,00 1.733,00
177 65,19 65,19 38,78 1.820,00 1.743,00
178 65,19 0,00 0,00 1.720,00 1.754,00
179 65,19 65,19 38,42 1.818,00 1.764,00
180 65,19 0,00 0,00 1.718,00 1.775,00
181 65,19 65,19 38,07 1.816,00 1.785,00
182 65,19 0,00 0,00 1.716,00 1.796,00
183 65,19 65,19 37,73 1.814,00 1.806,00
184 65,19 0,00 0,00 1.714,00 1.817,00
185 65,19 0,00 0,00 1.812,00 1.823,00
186 65,19 65,19 37,25 1.910,00 1.833,00
187 65,19 0,00 0,00 1.810,00 1.844,00
188 65,19 65,19 36,93 1.908,00 1.854,00
189 65,19 0,00 0,00 1.808,00 1.865,00
190 65,19 65,19 36,61 1.906,00 1.875,00
191 65,19 0,00 0,00 1.806,00 1.886,00
192 65,19 65,19 36,31 1.904,00 1.896,00
193 65,19 0,00 0,00 1.804,00 1.907,00
194 65,19 0,00 0,00 1.902,00 1.913,00
195 65,19 65,19 35,88 2.000,00 1.923,00
196 65,19 0,00 0,00 1.900,00 1.934,00
197 65,19 65,19 35,59 1.998,00 1.944,00
198 65,19 0,00 0,00 1.898,00 1.955,00
199 65,19 65,19 35,31 1.996,00 1.965,00
200 65,19 0,00 0,00 1.896,00 1.976,00
201 65,19 65,19 35,04 1.994,00 1.986,00
202 65,19 0,00 0,00 1.894,00 1.997,00
203 65,19 0,00 0,00 1.992,00 2.003,00
204 65,19 65,19 34,65 2.090,00 2.013,00
205 65,19 0,00 0,00 1.990,00 2.024,00
206 65,19 65,19 34,39 2.088,00 2.034,00
207 65,19 0,00 0,00 1.988,00 2.045,00
208 65,19 65,19 34,15 2.086,00 2.055,00
209 65,19 0,00 0,00 1.986,00 2.066,00
210 65,19 65,19 33,91 2.084,00 2.076,00
211 65,19 0,00 0,00 1.984,00 2.087,00
212 65,19 0,00 0,00 2.082,00 2.093,00
213 65,19 65,19 33,56 2.180,00 2.103,00
214 65,19 0,00 0,00 2.080,00 2.114,00
215 65,19 65,19 33,33 2.178,00 2.124,00
216 65,19 0,00 0,00 2.078,00 2.135,00
217 65,19 65,19 33,11 2.176,00 2.145,00
218 65,19 0,00 0,00 2.076,00 2.156,00
219 65,19 65,19 32,89 2.174,00 2.166,00
220 65,19 0,00 0,00 2.074,00 2.177,00
221 65,19 0,00 0,00 2.172,00 2.183,00
222 65,19 65,19 32,58 2.270,00 2.193,00
223 65,19 0,00 0,00 2.170,00 2.204,00
224 65,19 65,19 32,38 2.268,00 2.214,00
225 65,19 0,00 0,00 2.168,00 2.225,00
226 65,19 65,19 32,19 2.266,00 2.235,00
227 65,19 0,00 0,00 2.166,00 2.246,00
228 65,19 65,19 32,00 2.264,00 2.256,00
229 65,19 0,00 0,00 2.164,00 2.267,00
230 65,19 0,00 0,00 2.262,00 2.273,00
231 65,19 65,19 31,72 2.360,00 2.283,00
232 65,19 0,00 0,00 2.260,00 2.294,00
233 65,19 65,19 31,54 2.358,00 2.304,00
234 65,19 0,00 0,00 2.258,00 2.315,00
235 65,19 65,19 31,36 2.356,00 2.325,00
236 65,19 0,00 0,00 2.256,00 2.336,00
237 65,19 65,19 31,18 2.354,00 2.346,00
238 65,19 0,00 0,00 2.254,00 2.357,00
239 65,19 0,00 0,00 2.352,00 2.363,00
240 65,19 65,19 30,93 2.450,00 2.373,00
241 65,19 0,00 0,00 2.350,00 2.384,00
242 65,19 65,19 30,77 2.448,00 2.394,00
243 65,19 0,00 0,00 2.348,00 2.405,00
244 65,19 65,19 30,61 2.446,00 2.415,00
245 65,19 0,00 0,00 2.346,00 2.426,00
246 65,19 65,19 30,45 2.444,00 2.436,00
247 65,19 0,00 0,00 2.344,00 2.447,00
248 65,19 0,00 0,00 2.442,00 2.453,00
249 65,19 65,19 30,23 2.540,00 2.463,00
250 65,19 0,00 0,00 2.440,00 2.474,00
251 65,19 65,19 30,08 2.538,00 2.484,00
252 65,19 0,00 0,00 2.438,00 2.495,00
253 65,19 65,19 29,93 2.536,00 2.505,00
254 65,19 0,00 0,00 2.436,00 2.516,00
255 65,19 65,19 29,79 2.534,00 2.526,00
256 65,19 0,00 0,00 2.434,00 2.537,00
257 65,19 0,00 0,00 2.532,00 2.543,00
258 65,19 65,19 29,58 2.630,00 2.553,00
259 65,19 0,00 0,00 2.530,00 2.564,00
260 65,19 65,19 29,45 2.628,00 2.574,00
261 65,19 0,00 0,00 2.528,00 2.585,00
262 65,19 65,19 29,31 2.626,00 2.595,00
263 65,19 0,00 0,00 2.526,00 2.606,00
264 65,19 65,19 29,19 2.624,00 2.616,00
265 65,19 0,00 0,00 2.524,00 2.627,00
266 65,19 0,00 0,00 2.622,00 2.633,00
267 65,19 65,19 29,00 2.720,00 2.643,00
268 65,19 0,00 0,00 2.620,00 2.654,00
269 65,19 65,19 28,88 2.718,00 2.664,00
270 65,19 0,00 0,00 2.618,00 2.675,00
271 65,19 65,19 28,76 2.716,00 2.685,00
272 65,19 0,00 0,00 2.616,00 2.696,00
273 65,19 65,19 28,64 2.714,00 2.706,00
274 65,19 0,00 0,00 2.614,00 2.717,00
275 65,19 0,00 0,00 2.712,00 2.723,00
276 65,19 65,19 28,47 2.810,00 2.733,00
277 65,19 0,00 0,00 2.710,00 2.744,00
278 65,19 65,19 28,36 2.808,00 2.754,00
279 65,19 0,00 0,00 2.708,00 2.765,00
280 65,19 65,19 28,26 2.806,00 2.775,00
281 65,19 0,00 0,00 2.706,00 2.786,00
282 65,19 65,19 28,15 2.804,00 2.796,00
283 65,19 0,00 0,00 2.704,00 2.807,00
284 65,19 0,00 0,00 2.802,00 2.813,00
285 65,19 65,19 28,00 2.900,00 2.823,00
286 65,19 0,00 0,00 2.800,00 2.834,00
287 65,19 65,19 27,90 2.898,00 2.844,00
288 65,19 0,00 0,00 2.798,00 2.855,00
289 65,19 65,19 27,80 2.896,00 2.865,00
290 65,19 0,00 0,00 2.796,00 2.876,00
291 65,19 65,19 27,71 2.894,00 2.886,00
292 65,19 0,00 0,00 2.794,00 2.897,00
293 65,19 0,00 0,00 2.892,00 2.903,00
294 65,19 65,19 27,57 2.990,00 2.913,00
295 65,19 0,00 0,00 2.890,00 2.924,00
296 65,19 65,19 27,47 2.988,00 2.934,00
297 65,19 0,00 0,00 2.888,00 2.945,00
298 65,19 65,19 27,38 2.986,00 2.955,00
299 65,19 0,00 0,00 2.886,00 2.966,00
300 65,19 65,19 27,30 2.984,00 2.976,00
301 65,19 0,00 0,00 2.884,00 2.987,00
302 65,19 0,00 0,00 2.982,00 2.993,00
303 65,19 65,19 27,17 3.080,00 3.003,00
304 65,19 0,00 0,00 2.980,00 3.014,00
305 65,19 65,19 27,08 3.078,00 3.024,00
306 65,19 0,00 0,00 2.978,00 3.035,00
307 65,19 65,19 27,00 3.076,00 3.045,00
308 65,19 0,00 0,00 2.976,00 3.056,00
309 65,19 65,19 26,92 3.074,00 3.066,00
310 65,19 0,00 0,00 2.974,00 3.077,00
311 65,19 0,00 0,00 3.072,00 3.083,00
312 65,19 65,19 26,80 3.170,00 3.093,00
313 65,19 0,00 0,00 3.070,00 3.104,00
314 65,19 65,19 26,72 3.168,00 3.114,00
315 65,19 0,00 0,00 3.068,00 3.125,00
316 65,19 65,19 26,65 3.166,00 3.135,00
317 65,19 0,00 0,00 3.066,00 3.146,00
318 65,19 65,19 26,58 3.164,00 3.156,00
319 65,19 0,00 0,00 3.064,00 3.167,00
320 65,19 0,00 0,00 3.162,00 3.173,00
321 65,19 65,19 26,47 3.260,00 3.183,00
322 65,19 0,00 0,00 3.160,00 3.194,00
323 65,19 65,19 26,40 3.258,00 3.204,00
324 65,19 0,00 0,00 3.158,00 3.215,00
325 65,19 65,19 26,33 3.256,00 3.225,00
326 65,19 0,00 0,00 3.156,00 3.236,00
327 65,19 65,19 26,26 3.254,00 3.246,00
328 65,19 0,00 0,00 3.154,00 3.257,00
329 65,19 0,00 0,00 3.252,00 3.263,00
330 65,19 65,19 26,16 3.350,00 3.273,00
331 65,19 0,00 0,00 3.250,00 3.284,00
332 65,19 65,19 26,10 3.348,00 3.294,00
333 65,19 0,00 0,00 3.248,00 3.305,00
334 65,19 65,19 26,04 3.346,00 3.315,00
335 65,19 0,00 0,00 3.246,00 3.326,00
336 65,19 65,19 25,98 3.344,00 3.336,00
337 65,19 0,00 0,00 3.244,00 3.347,00
338 65,19 0,00 0,00 3.342,00 3.353,00
339 65,19 65,19 25,88 3.440,00 3.363,00
340 65,19 0,00 0,00 3.340,00 3.374,00
341 65,19 65,19 25,83 3.438,00 3.384,00
342 65,19 0,00 0,00 3.338,00 3.395,00
343 65,19 65,19 25,77 3.436,00 3.405,00
344 65,19 0,00 0,00 3.336,00 3.416,00
345 65,19 65,19 25,71 3.434,00 3.426,00
346 65,19 0,00 0,00 3.334,00 3.437,00
347 65,19 0,00 0,00 3.432,00 3.443,00
348 65,19 65,19 25,62 3.530,00 3.453,00
349 65,19 0,00 0,00 3.430,00 3.464,00
350 65,19 65,19 25,57 3.528,00 3.474,00
351 65,19 0,00 0,00 3.428,00 3.485,00
352 65,19 65,19 25,51 3.526,00 3.495,00
353 65,19 0,00 0,00 3.426,00 3.506,00
354 65,19 65,19 25,46 3.524,00 3.516,00
355 65,19 0,00 0,00 3.424,00 3.527,00
356 65,19 0,00 0,00 3.522,00 3.533,00
357 65,19 65,19 25,38 3.620,00 3.543,00
358 65,19 0,00 0,00 3.520,00 3.554,00
359 65,19 65,19 25,33 3.618,00 3.564,00
360 65,19 0,00 0,00 3.518,00 3.575,00
361 65,19 65,19 25,28 3.616,00 3.585,00
362 65,19 0,00 0,00 3.516,00 3.596,00
363 65,19 65,19 25,23 3.614,00 3.606,00
364 65,19 0,00 0,00 3.514,00 3.617,00
365 65,19 0,00 0,00 3.612,00 3.623,00
366 65,19 65,19 25,16 3.710,00 3.633,00
367 65,19 0,00 0,00 3.610,00 3.644,00
368 65,19 65,19 25,11 3.708,00 3.654,00
369 65,19 0,00 0,00 3.608,00 3.665,00
370 65,19 65,19 25,07 3.706,00 3.675,00
371 65,19 0,00 0,00 3.606,00 3.686,00
372 65,19 65,19 25,02 3.704,00 3.696,00
373 65,19 0,00 0,00 3.604,00 3.707,00
374 65,19 0,00 0,00 3.702,00 3.713,00
375 65,19 65,19 24,95 3.800,00 3.723,00
376 65,19 0,00 0,00 3.700,00 3.734,00
377 65,19 65,19 24,91 3.798,00 3.744,00
378 65,19 0,00 0,00 3.698,00 3.755,00
379 65,19 65,19 24,87 3.796,00 3.765,00
380 65,19 0,00 0,00 3.696,00 3.776,00
381 65,19 65,19 24,82 3.794,00 3.786,00
382 65,19 0,00 0,00 3.694,00 3.797,00
383 65,19 0,00 0,00 3.792,00 3.803,00
384 65,19 65,19 24,76 3.890,00 3.813,00
385 65,19 0,00 0,00 3.790,00 3.824,00
386 65,19 65,19 24,72 3.888,00 3.834,00
387 65,19 0,00 0,00 3.788,00 3.845,00
388 65,19 65,19 24,68 3.886,00 3.855,00
389 65,19 0,00 0,00 3.786,00 3.866,00
390 65,19 65,19 24,64 3.884,00 3.876,00
391 65,19 0,00 0,00 3.784,00 3.887,00
392 65,19 0,00 0,00 3.882,00 3.893,00
393 65,19 65,19 24,58 3.980,00 3.903,00
394 65,19 0,00 0,00 3.880,00 3.914,00
395 65,19 65,19 24,55 3.978,00 3.924,00
396 65,19 0,00 0,00 3.878,00 3.935,00
397 65,19 65,19 24,51 3.976,00 3.945,00
398 65,19 0,00 0,00 3.876,00 3.956,00
399 65,19 65,19 24,47 3.974,00 3.966,00
400 65,19 0,00 0,00 3.874,00 3.977,00
401 65,19 0,00 0,00 3.972,00 3.983,00
402 65,19 65,19 24,42 4.070,00 3.993,00
403 65,19 0,00 0,00 3.970,00 4.004,00
404 65,19 65,19 24,38 4.068,00 4.014,00
405 65,19 0,00 0,00 3.968,00 4.025,00
406 65,19 65,19 24,35 4.066,00 4.035,00
407 65,19 0,00 0,00 3.966,00 4.046,00
408 65,19 65,19 24,32 4.064,00 4.056,00
409 65,19 0,00 0,00 3.964,00 4.067,00
410 65,19 0,00 0,00 4.062,00 4.073,00
411 65,19 65,19 24,27 4.160,00 4.083,00
412 65,19 0,00 0,00 4.060,00 4.094,00
413 65,19 65,19 24,23 4.158,00 4.104,00
414 65,19 0,00 0,00 4.058,00 4.115,00
415 65,19 65,19 24,20 4.156,00 4.125,00
416 65,19 0,00 0,00 4.056,00 4.136,00
417 65,19 65,19 24,17 4.154,00 4.146,00
418 65,19 0,00 0,00 4.054,00 4.157,00
419 65,19 0,00 0,00 4.152,00 4.163,00
420 65,19 65,19 24,12 4.250,00 4.173,00
421 65,19 0,00 0,00 4.150,00 4.184,00
422 65,19 65,19 24,09 4.248,00 4.194,00
423 65,19 0,00 0,00 4.148,00 4.205,00
424 65,19 65,19 24,06 4.246,00 4.215,00
425 65,19 0,00 0,00 4.146,00 4.226,00
426 65,19 65,19 24,03 4.244,00 4.236,00
427 65,19 0,00 0,00 4.144,00 4.247,00
428 65,19 0,00 0,00 4.242,00 4.253,00
429 65,19 65,19 23,99 4.340,00 4.263,00
430 65,19 0,00 0,00 4.240,00 4.274,00
431 65,19 65,19 23,96 4.338,00 4.284,00
432 65,19 0,00 0,00 4.238,00 4.295,00
433 65,19 65,19 23,93 4.336,00 4.305,00
434 65,19 0,00 0,00 4.236,00 4.316,00
435 65,19 65,19 23,90 4.334,00 4.326,00
436 65,19 0,00 0,00 4.234,00 4.337,00
437 65,19 0,00 0,00 4.332,00 4.343,00
438 65,19 65,19 23,86 4.430,00 4.353,00
439 65,19 0,00 0,00 4.330,00 4.364,00
440 65,19 65,19 23,84 4.428,00 4.374,00
441 65,19 0,00 0,00 4.328,00 4.385,00
442 65,19 65,19 23,81 4.426,00 4.395,00
443 65,19 0,00 0,00 4.326,00 4.406,00
444 65,19 65,19 23,78 4.424,00 4.416,00
445 65,19 0,00 0,00 4.324,00 4.427,00
446 65,19 0,00 0,00 4.422,00 4.433,00
447 65,19 65,19 23,74 4.520,00 4.443,00
448 65,19 0,00 0,00 4.420,00 4.454,00
449 65,19 65,19 23,72 4.518,00 4.464,00
450 65,19 0,00 0,00 4.418,00 4.475,00
451 65,19 65,19 23,69 4.516,00 4.485,00
452 65,19 0,00 0,00 4.416,00 4.496,00
453 65,19 65,19 23,67 4.514,00 4.506,00
454 65,19 0,00 0,00 4.414,00 4.517,00
455 65,19 0,00 0,00 4.512,00 4.523,00
456 65,19 65,19 23,63 4.610,00 4.533,00
457 65,19 0,00 0,00 4.510,00 4.544,00
458 65,19 65,19 23,61 4.608,00 4.554,00
459 65,19 0,00 0,00 4.508,00 4.565,00
460 65,19 65,19 23,59 4.606,00 4.575,00
461 65,19 0,00 0,00 4.506,00 4.586,00
462 65,19 65,19 23,56 4.604,00 4.596,00
463 65,19 0,00 0,00 4.504,00 4.607,00
464 65,19 0,00 0,00 4.602,00 4.613,00
465 65,19 65,19 23,53 4.700,00 4.623,00
466 65,19 0,00 0,00 4.600,00 4.634,00
467 65,19 65,19 23,51 4.698,00 4.644,00
468 65,19 0,00 0,00 4.598,00 4.655,00
469 65,19 65,19 23,48 4.696,00 4.665,00
470 65,19 0,00 0,00 4.596,00 4.676,00
471 65,19 65,19 23,46 4.694,00 4.686,00
472 65,19 0,00 0,00 4.594,00 4.697,00
473 65,19 0,00 0,00 4.692,00 4.703,00
474 65,19 65,19 23,43 4.790,00 4.713,00
475 65,19 0,00 0,00 4.690,00 4.724,00
476 65,19 65,19 23,41 4.788,00 4.734,00
477 65,19 0,00 0,00 4.688,00 4.745,00
478 65,19 65,19 23,39 4.786,00 4.755,00
479 65,19 0,00 0,00 4.686,00 4.766,00
480 65,19 65,19 23,37 4.784,00 4.776,00
481 65,19 0,00 0,00 4.684,00 4.787,00
482 65,19 0,00 0,00 4.782,00 4.793,00
483 65,19 65,19 23,34 4.880,00 4.803,00
484 65,19 0,00 0,00 4.780,00 4.814,00
485 65,19 65,19 23,32 4.878,00 4.824,00
486 65,19 0,00 0,00 4.778,00 4.835,00
487 65,19 65,19 23,30 4.876,00 4.845,00
488 65,19 0,00 0,00 4.776,00 4.856,00
489 65,19 65,19 23,28 4.874,00 4.866,00
490 65,19 0,00 0,00 4.774,00 4.877,00
491 65,19 0,00 0,00 4.872,00 4.883,00
492 65,19 65,19 23,25 4.970,00 4.893,00
493 65,19 0,00 0,00 4.870,00 4.904,00
494 65,19 65,19 23,23 4.968,00 4.914,00
495 65,19 0,00 0,00 4.868,00 4.925,00
496 65,19 65,19 23,22 4.966,00 4.935,00
497 65,19 0,00 0,00 4.866,00 4.946,00
498 65,19 65,19 23,20 4.964,00 4.956,00
499 65,19 0,00 0,00 4.864,00 4.967,00
