1000
0 236,96 236,96 236,96 1,00 10,00 0
1 236,96 39,49 39,49 1,00 9,00 1235
2 236,96 21,54 23,39 1,00 11,00 1774
3 236,96 21,54 24,20 1,00 14,00 1865
4 236,96 21,54 24,26 1,00 17,00 1875
5 236,96 21,54 24,22 1,00 20,00 1879
6 236,96 21,54 24,25 1,00 23,00 1881
7 236,96 9,11 10,27 1,00 26,00 1881
8 236,96 9,11 10,27 1,00 29,00 1881
9 236,96 9,11 10,27 1,00 32,00 1881
10 236,96 9,11 10,27 1,00 35,00 1881
11 236,96 9,11 10,27 1,00 38,00 1881
12 236,96 9,11 10,27 1,00 41,00 1881
13 236,96 5,39 6,07 1,00 44,00 1881
14 236,96 5,39 6,07 1,00 47,00 1881
15 236,96 5,39 6,07 1,00 50,00 1881
16 236,96 5,39 6,07 1,00 53,00 1881
17 236,96 5,39 6,07 1,00 56,00 1881
18 236,96 5,39 6,07 1,00 59,00 1881
19 236,96 5,39 6,07 1,00 62,00 1881
20 236,96 5,39 6,07 1,00 65,00 1881
21 236,96 5,39 6,07 1,00 68,00 1881
22 236,96 5,39 6,07 1,00 71,00 1881
23 236,96 5,39 6,07 1,00 74,00 1881
24 236,96 5,39 6,07 1,00 77,00 1881
25 236,96 5,39 6,07 1,00 80,00 1881
26 236,96 5,39 6,07 1,00 83,00 1881
27 236,96 5,39 6,07 1,00 86,00 1881
28 236,96 5,39 6,07 1,00 89,00 1881
29 236,96 5,39 6,07 1,00 92,00 1881
30 236,96 5,39 6,07 75,00 95,00 1881
31 236,96 189,06 213,11 75,00 97,00 2704
32 236,96 185,12 193,20 75,00 99,00 3431
33 236,96 185,12 250,26 75,00 102,00 3821
34 236,96 185,12 248,17 75,00 105,00 4072
35 236,96 185,12 268,79 75,00 108,00 4286
36 236,96 185,12 254,60 75,00 111,00 4405
37 236,96 185,12 253,64 75,00 114,00 4558
38 236,96 185,12 266,65 75,00 117,00 4625
39 236,96 185,12 259,44 75,00 120,00 4666
40 236,96 185,12 263,36 75,00 123,00 4711
41 236,96 185,12 263,83 75,00 126,00 4762
42 236,96 185,12 270,91 75,00 129,00 4795
43 236,96 185,12 260,83 75,00 132,00 4831
44 236,96 185,12 267,38 75,00 135,00 4863
45 236,96 185,12 267,36 75,00 138,00 4893
46 236,96 185,12 267,32 75,00 141,00 4918
47 236,96 185,12 267,32 75,00 144,00 4938
48 236,96 185,12 267,32 75,00 147,00 4953
49 236,96 185,12 267,32 75,00 150,00 4969
50 236,96 185,12 267,32 75,00 153,00 4978
51 236,96 185,12 267,32 75,00 156,00 4991
52 236,96 185,12 267,32 75,00 159,00 5006
53 236,96 185,12 267,32 75,00 162,00 5016
54 236,96 107,71 155,53 75,00 165,00 5027
55 236,96 107,71 155,53 75,00 168,00 5033
56 236,96 107,71 155,53 75,00 171,00 5043
57 236,96 107,71 155,53 75,00 174,00 5047
58 236,96 107,71 155,53 75,00 177,00 5055
59 236,96 107,71 155,53 75,00 180,00 5061
60 236,96 107,71 155,53 1,00 183,00 5068
61 236,96 107,71 155,53 1,00 186,00 5076
62 236,96 107,71 155,54 1,00 189,00 5097
63 236,96 107,71 155,54 1,00 192,00 5110
64 236,96 107,71 155,56 1,00 195,00 5114
65 236,96 1,20 1,73 1,00 198,00 5115
66 236,96 1,20 1,73 1,00 201,00 5118
67 236,96 1,20 1,73 1,00 204,00 5123
68 236,96 1,20 1,73 1,00 207,00 5124
69 236,96 1,20 1,73 1,00 210,00 5125
70 236,96 1,20 1,73 1,00 213,00 5125
71 236,96 1,20 1,73 1,00 216,00 5125
72 236,96 1,20 1,73 1,00 219,00 5125
73 236,96 1,20 1,73 1,00 222,00 5125
74 236,96 1,20 1,73 1,00 225,00 5126
75 236,96 1,20 1,73 1,00 228,00 5126
76 236,96 1,20 1,73 1,00 231,00 5126
77 236,96 1,20 1,73 1,00 234,00 5126
78 236,96 1,00 1,44 1,00 237,00 5127
79 236,96 1,00 1,44 1,00 240,00 5128
80 236,96 1,00 1,44 1,00 243,00 5128
81 236,96 1,00 1,44 1,00 246,00 5128
82 236,96 1,00 1,44 1,00 249,00 5128
83 236,96 1,00 1,44 1,00 252,00 5128
84 236,96 1,00 1,44 1,00 255,00 5128
85 236,96 1,00 1,44 1,00 258,00 5128
86 236,96 1,00 1,44 1,00 261,00 5128
87 236,96 1,00 1,44 1,00 264,00 5128
88 236,96 1,00 1,44 1,00 267,00 5129
89 236,96 1,00 1,44 1,00 270,00 5133
90 236,96 1,00 1,44 97,00 273,00 5133
91 236,96 1,00 1,44 97,00 276,00 5240
92 236,96 1,00 1,44 97,00 279,00 5280
93 236,96 1,00 1,44 97,00 282,00 5298
94 236,96 1,00 1,44 97,00 285,00 5308
95 236,96 1,00 1,44 97,00 288,00 5318
96 236,96 1,00 1,44 97,00 291,00 5327
97 236,96 1,00 1,44 97,00 294,00 5336
98 236,96 1,00 1,44 97,00 297,00 5340
99 236,96 1,00 1,44 97,00 300,00 5347
100 236,96 1,00 1,44 97,00 303,00 5351
101 236,96 1,00 1,44 97,00 306,00 5353
102 236,96 1,00 1,44 97,00 309,00 5354
103 236,96 1,00 1,44 97,00 312,00 5357
104 236,96 1,00 1,44 97,00 315,00 5357
105 236,96 1,00 1,44 97,00 318,00 5357
106 236,96 71,60 103,40 97,00 321,00 5357
107 236,96 71,60 103,40 97,00 324,00 5357
108 236,96 71,60 103,40 97,00 327,00 5357
109 236,96 71,60 103,40 97,00 330,00 5359
110 236,96 71,60 103,40 97,00 333,00 5359
111 236,96 68,41 98,78 97,00 336,00 5360
112 236,96 68,41 98,78 97,00 339,00 5362
113 236,96 68,41 98,78 97,00 342,00 5364
114 236,96 68,41 98,78 97,00 345,00 5366
115 236,96 68,41 98,78 97,00 348,00 5366
116 236,96 68,41 98,78 97,00 351,00 5366
117 236,96 68,41 98,78 97,00 354,00 5366
118 236,96 68,41 98,78 97,00 357,00 5367
119 236,96 63,85 92,20 97,00 360,00 5368
120 236,96 63,85 92,20 1,00 363,00 5368
121 236,96 63,85 92,20 1,00 366,00 5378
122 236,96 63,85 92,20 1,00 369,00 5387
123 236,96 63,85 92,20 1,00 372,00 5391
124 236,96 63,85 92,20 1,00 375,00 5392
125 236,96 63,85 92,20 1,00 378,00 5392
126 236,96 0,62 0,90 1,00 381,00 5392
127 236,96 0,62 0,90 1,00 384,00 5392
128 236,96 0,62 0,90 1,00 387,00 5392
129 236,96 0,62 0,90 1,00 390,00 5392
130 236,96 0,62 0,90 1,00 393,00 5392
131 236,96 0,62 0,90 1,00 396,00 5392
132 236,96 0,62 0,90 1,00 399,00 5392
133 236,96 0,62 0,90 1,00 402,00 5392
134 236,96 0,62 0,90 1,00 405,00 5392
135 236,96 0,62 0,90 1,00 408,00 5392
136 236,96 0,62 0,90 1,00 411,00 5392
137 236,96 0,57 0,83 1,00 414,00 5392
138 236,96 0,57 0,83 1,00 417,00 5392
139 236,96 0,56 0,81 1,00 420,00 5392
140 236,96 0,56 0,81 1,00 423,00 5397
141 236,96 0,56 0,81 1,00 426,00 5398
142 236,96 0,55 0,80 1,00 429,00 5398
143 236,96 0,55 0,80 1,00 432,00 5398
144 236,96 0,55 0,80 1,00 435,00 5398
145 236,96 0,55 0,80 1,00 438,00 5398
146 236,96 0,55 0,80 1,00 441,00 5398
147 236,96 0,55 0,80 1,00 444,00 5398
148 236,96 0,55 0,80 1,00 447,00 5398
149 236,96 0,55 0,80 1,00 450,00 5398
150 236,96 0,55 0,80 99,00 453,00 5398
151 236,96 51,44 74,29 99,00 456,00 5443
152 236,96 51,44 74,29 99,00 459,00 5461
153 236,96 50,78 73,32 99,00 462,00 5469
154 236,96 50,78 73,32 99,00 465,00 5476
155 236,96 50,78 73,33 99,00 468,00 5480
156 236,96 50,78 73,32 99,00 471,00 5482
157 236,96 50,78 73,32 99,00 474,00 5482
158 236,96 50,78 73,32 99,00 477,00 5492
159 236,96 50,78 73,32 99,00 480,00 5501
160 236,96 50,78 73,32 99,00 483,00 5510
161 236,96 50,78 73,32 99,00 486,00 5520
162 236,96 50,78 73,32 99,00 489,00 5532
163 236,96 50,78 73,32 99,00 492,00 5544
164 236,96 50,78 73,32 99,00 495,00 5553
165 236,96 50,78 73,32 99,00 498,00 5560
166 236,96 50,78 73,32 99,00 501,00 5566
167 236,96 50,78 73,32 99,00 504,00 5570
168 236,96 50,78 73,32 99,00 507,00 5573
169 236,96 50,78 73,32 99,00 510,00 5575
170 236,96 50,78 73,32 99,00 513,00 5576
171 236,96 50,78 73,32 99,00 516,00 5577
172 236,96 50,78 73,32 99,00 519,00 5578
173 236,96 50,78 73,32 99,00 522,00 5579
174 236,96 50,78 73,32 99,00 525,00 5580
175 236,96 50,78 73,32 99,00 528,00 5582
176 236,96 50,78 73,32 99,00 531,00 5583
177 236,96 50,78 73,32 99,00 534,00 5584
178 236,96 50,78 73,32 99,00 537,00 5587
179 236,96 50,78 73,32 99,00 540,00 5589
180 236,96 50,78 73,32 1,00 543,00 5591
181 236,96 50,78 73,32 1,00 546,00 5600
182 236,96 50,78 73,32 1,00 549,00 5601
183 236,96 0,43 0,62 1,00 552,00 5602
184 236,96 0,43 0,62 1,00 555,00 5602
185 236,96 0,43 0,62 1,00 558,00 5602
186 236,96 0,43 0,62 1,00 561,00 5602
187 236,96 0,43 0,62 1,00 564,00 5602
188 236,96 0,43 0,62 1,00 567,00 5602
189 236,96 0,43 0,62 1,00 570,00 5602
190 236,96 0,41 0,60 1,00 573,00 5602
191 236,96 0,41 0,60 1,00 576,00 5604
192 236,96 0,41 0,60 1,00 579,00 5606
193 236,96 0,41 0,60 1,00 582,00 5607
194 236,96 0,41 0,60 1,00 585,00 5611
195 236,96 0,41 0,60 1,00 588,00 5613
196 236,96 0,41 0,60 1,00 591,00 5613
197 236,96 0,41 0,60 1,00 594,00 5613
198 236,96 0,41 0,60 1,00 597,00 5613
199 236,96 0,41 0,60 1,00 600,00 5613
200 236,96 0,41 0,60 1,00 603,00 5613
201 236,96 0,41 0,60 1,00 606,00 5613
202 236,96 0,41 0,60 1,00 609,00 5613
203 236,96 0,41 0,60 1,00 612,00 5613
204 236,96 0,41 0,60 1,00 615,00 5613
205 236,96 0,41 0,60 1,00 618,00 5613
206 236,96 0,41 0,60 1,00 621,00 5613
207 236,96 0,41 0,60 1,00 624,00 5613
208 236,96 0,41 0,60 1,00 627,00 5614
209 236,96 0,38 0,54 1,00 630,00 5616
210 236,96 0,38 0,54 95,00 633,00 5616
211 236,96 0,38 0,54 95,00 636,00 5655
212 236,96 35,23 50,87 95,00 639,00 5665
213 236,96 35,06 50,63 95,00 642,00 5671
214 236,96 35,06 50,63 95,00 645,00 5671
215 236,96 35,06 50,63 95,00 648,00 5671
216 236,96 35,06 50,63 95,00 651,00 5671
217 236,96 35,06 50,63 95,00 654,00 5671
218 236,96 34,26 49,48 95,00 657,00 5671
219 236,96 34,26 49,48 95,00 660,00 5671
220 236,96 34,26 49,48 95,00 663,00 5671
221 236,96 34,26 49,48 95,00 666,00 5671
222 236,96 33,65 48,59 95,00 669,00 5671
223 236,96 33,65 48,59 95,00 672,00 5671
224 236,96 33,65 48,59 95,00 675,00 5671
225 236,96 33,65 48,59 95,00 678,00 5671
226 236,96 33,65 48,59 95,00 681,00 5671
227 236,96 33,65 48,59 95,00 684,00 5671
228 236,96 33,65 48,59 95,00 687,00 5671
229 236,96 33,65 48,59 95,00 690,00 5671
230 236,96 33,65 48,59 95,00 693,00 5671
231 236,96 33,65 48,59 95,00 696,00 5671
232 236,96 33,65 48,59 95,00 699,00 5671
233 236,96 33,65 48,59 95,00 702,00 5671
234 236,96 33,65 48,59 95,00 705,00 5671
235 236,96 33,65 48,59 95,00 708,00 5671
236 236,96 33,65 48,59 95,00 711,00 5671
237 236,96 33,65 48,59 95,00 714,00 5671
238 236,96 31,40 45,34 95,00 717,00 5671
239 236,96 31,40 45,34 95,00 720,00 5671
240 236,96 31,40 45,34 1,00 723,00 5671
241 236,96 31,40 45,34 1,00 726,00 5686
242 236,96 31,40 45,34 1,00 729,00 5686
243 236,96 31,40 45,34 1,00 732,00 5687
244 236,96 31,40 45,34 1,00 735,00 5688
245 236,96 31,40 45,34 1,00 738,00 5688
246 236,96 31,40 45,34 1,00 741,00 5688
247 236,96 0,32 0,46 1,00 744,00 5688
248 236,96 0,32 0,46 1,00 747,00 5688
249 236,96 0,32 0,46 1,00 750,00 5691
250 236,96 0,32 0,46 1,00 753,00 5693
251 236,96 0,32 0,46 1,00 756,00 5693
252 236,96 0,32 0,46 1,00 759,00 5693
253 236,96 0,32 0,46 1,00 762,00 5694
254 236,96 0,32 0,46 1,00 765,00 5694
255 236,96 0,32 0,46 1,00 768,00 5694
256 236,96 0,32 0,46 1,00 771,00 5694
257 236,96 0,32 0,46 1,00 774,00 5694
258 236,96 0,30 0,44 1,00 777,00 5694
259 236,96 0,30 0,44 1,00 780,00 5694
260 236,96 0,30 0,44 1,00 783,00 5694
261 236,96 0,30 0,44 1,00 786,00 5694
262 236,96 0,30 0,44 1,00 789,00 5694
263 236,96 0,30 0,44 1,00 792,00 5694
264 236,96 0,30 0,44 1,00 795,00 5694
265 236,96 0,30 0,44 1,00 798,00 5694
266 236,96 0,30 0,43 1,00 801,00 5694
267 236,96 0,30 0,43 1,00 804,00 5694
268 236,96 0,30 0,43 1,00 807,00 5694
269 236,96 0,30 0,43 1,00 810,00 5694
270 236,96 0,30 0,43 99,00 813,00 5694
271 236,96 0,30 0,43 99,00 816,00 5724
272 236,96 0,30 0,43 99,00 819,00 5736
273 236,96 0,30 0,43 99,00 822,00 5742
274 236,96 28,43 41,06 99,00 825,00 5742
275 236,96 28,43 41,06 99,00 828,00 5742
276 236,96 28,43 41,06 99,00 831,00 5742
277 236,96 28,43 41,06 99,00 834,00 5742
278 236,96 28,43 41,06 99,00 837,00 5742
279 236,96 28,43 41,06 99,00 840,00 5742
280 236,96 28,43 41,06 99,00 843,00 5742
281 236,96 28,43 41,06 99,00 846,00 5742
282 236,96 28,43 41,06 99,00 849,00 5742
283 236,96 28,43 41,06 99,00 852,00 5742
284 236,96 28,43 41,06 99,00 855,00 5742
285 236,96 28,43 41,06 99,00 858,00 5742
286 236,96 28,43 41,06 99,00 861,00 5742
287 236,96 28,43 41,06 99,00 864,00 5742
288 236,96 28,43 41,06 99,00 867,00 5742
289 236,96 28,43 41,06 99,00 870,00 5742
290 236,96 28,43 41,06 99,00 873,00 5742
291 236,96 28,43 41,06 99,00 876,00 5742
292 236,96 26,69 38,54 99,00 879,00 5742
293 236,96 26,69 38,54 99,00 882,00 5742
294 236,96 26,69 38,54 99,00 885,00 5742
295 236,96 26,69 38,54 99,00 888,00 5742
296 236,96 26,69 38,54 99,00 891,00 5742
297 236,96 26,24 37,89 99,00 894,00 5742
298 236,96 26,24 37,89 99,00 897,00 5742
299 236,96 26,24 37,89 99,00 900,00 5742
300 236,96 26,24 37,89 1,00 903,00 5742
301 236,96 26,24 37,89 1,00 906,00 5752
302 236,96 26,24 37,89 1,00 909,00 5752
303 236,96 26,24 37,89 1,00 912,00 5752
304 236,96 26,24 37,89 1,00 915,00 5752
305 236,96 26,24 37,89 1,00 918,00 5752
306 236,96 26,24 37,89 1,00 921,00 5762
307 236,96 26,24 37,89 1,00 924,00 5773
308 236,96 26,24 37,89 1,00 927,00 5778
309 236,96 26,24 37,89 1,00 930,00 5780
310 236,96 26,24 37,89 1,00 933,00 5780
311 236,96 0,25 0,37 1,00 936,00 5780
312 236,96 0,25 0,37 1,00 939,00 5780
313 236,96 0,25 0,36 1,00 942,00 5782
314 236,96 0,25 0,36 1,00 945,00 5783
315 236,96 0,25 0,36 1,00 948,00 5783
316 236,96 0,25 0,36 1,00 951,00 5783
317 236,96 0,25 0,36 1,00 954,00 5783
318 236,96 0,25 0,36 1,00 957,00 5783
319 236,96 0,25 0,36 1,00 960,00 5783
320 236,96 0,25 0,36 1,00 963,00 5783
321 236,96 0,25 0,36 1,00 966,00 5783
322 236,96 0,25 0,36 1,00 969,00 5783
323 236,96 0,25 0,36 1,00 972,00 5783
324 236,96 0,25 0,36 1,00 975,00 5783
325 236,96 0,25 0,36 1,00 978,00 5783
326 236,96 0,25 0,36 1,00 981,00 5783
327 236,96 0,25 0,36 1,00 984,00 5783
328 236,96 0,25 0,36 1,00 987,00 5783
329 236,96 0,25 0,36 1,00 990,00 5783
330 236,96 0,25 0,36 97,00 993,00 5783
331 236,96 0,25 0,36 97,00 996,00 5809
332 236,96 23,01 33,22 97,00 999,00 5815
333 236,96 23,01 33,22 97,00 1.002,00 5818
334 236,96 23,01 33,22 97,00 1.005,00 5819
335 236,96 23,01 33,22 97,00 1.008,00 5820
336 236,96 23,01 33,22 97,00 1.011,00 5820
337 236,96 23,01 33,22 97,00 1.014,00 5820
338 236,96 23,01 33,22 97,00 1.017,00 5820
339 236,96 23,01 33,22 97,00 1.020,00 5820
340 236,96 23,01 33,22 97,00 1.023,00 5820
341 236,96 23,01 33,22 97,00 1.026,00 5820
342 236,96 23,01 33,22 97,00 1.029,00 5820
343 236,96 23,01 33,22 97,00 1.032,00 5820
344 236,96 23,01 33,22 97,00 1.035,00 5820
345 236,96 23,01 33,22 97,00 1.038,00 5820
346 236,96 23,01 33,22 97,00 1.041,00 5820
347 236,96 23,01 33,22 97,00 1.044,00 5820
348 236,96 23,01 33,22 97,00 1.047,00 5820
349 236,96 23,01 33,22 97,00 1.050,00 5820
350 236,96 23,01 33,22 97,00 1.053,00 5820
351 236,96 23,01 33,22 97,00 1.056,00 5820
352 236,96 23,01 33,22 97,00 1.059,00 5820
353 236,96 23,01 33,22 97,00 1.062,00 5820
354 236,96 23,01 33,22 97,00 1.065,00 5820
355 236,96 23,01 33,22 97,00 1.068,00 5820
356 236,96 23,01 33,22 97,00 1.071,00 5820
357 236,96 23,01 33,22 97,00 1.074,00 5820
358 236,96 23,01 33,22 97,00 1.077,00 5820
359 236,96 23,01 33,22 97,00 1.080,00 5820
360 236,96 23,01 33,22 1,00 1.083,00 5820
361 236,96 23,01 33,22 1,00 1.086,00 5827
362 236,96 23,01 33,22 1,00 1.089,00 5827
363 236,96 23,01 33,22 1,00 1.092,00 5827
364 236,96 23,01 33,22 1,00 1.095,00 5827
365 236,96 0,22 0,31 1,00 1.098,00 5827
366 236,96 0,22 0,31 1,00 1.101,00 5827
367 236,96 0,22 0,31 1,00 1.104,00 5827
368 236,96 0,22 0,31 1,00 1.107,00 5827
369 236,96 0,22 0,31 1,00 1.110,00 5827
370 236,96 0,22 0,31 1,00 1.113,00 5827
371 236,96 0,22 0,31 1,00 1.116,00 5827
372 236,96 0,22 0,31 1,00 1.119,00 5827
373 236,96 0,22 0,31 1,00 1.122,00 5827
374 236,96 0,22 0,31 1,00 1.125,00 5827
375 236,96 0,22 0,31 1,00 1.128,00 5827
376 236,96 0,22 0,31 1,00 1.131,00 5827
377 236,96 0,22 0,31 1,00 1.134,00 5827
378 236,96 0,22 0,31 1,00 1.137,00 5827
379 236,96 0,22 0,31 1,00 1.140,00 5827
380 236,96 0,22 0,31 1,00 1.143,00 5827
381 236,96 0,22 0,31 1,00 1.146,00 5827
382 236,96 0,22 0,31 1,00 1.149,00 5827
383 236,96 0,22 0,31 1,00 1.152,00 5833
384 236,96 0,22 0,31 1,00 1.155,00 5833
385 236,96 0,22 0,31 1,00 1.158,00 5833
386 236,96 0,22 0,31 1,00 1.161,00 5833
387 236,96 0,22 0,31 1,00 1.164,00 5833
388 236,96 0,22 0,31 1,00 1.167,00 5833
389 236,96 0,20 0,29 1,00 1.170,00 5833
390 236,96 0,20 0,29 97,00 1.173,00 5833
391 236,96 0,20 0,29 97,00 1.176,00 5854
392 236,96 19,50 28,15 97,00 1.179,00 5858
393 236,96 19,50 28,15 97,00 1.182,00 5861
394 236,96 19,50 28,15 97,00 1.185,00 5861
395 236,96 19,50 28,15 97,00 1.188,00 5861
396 236,96 19,50 28,15 97,00 1.191,00 5861
397 236,96 19,50 28,15 97,00 1.194,00 5861
398 236,96 19,50 28,15 97,00 1.197,00 5861
399 236,96 19,50 28,15 97,00 1.200,00 5861
400 236,96 19,50 28,15 97,00 1.203,00 5861
401 236,96 19,50 28,15 97,00 1.206,00 5865
402 236,96 19,50 28,15 97,00 1.209,00 5866
403 236,96 19,50 28,15 97,00 1.212,00 5866
404 236,96 19,50 28,15 97,00 1.215,00 5866
405 236,96 19,50 28,15 97,00 1.218,00 5866
406 236,96 19,50 28,15 97,00 1.221,00 5866
407 236,96 19,50 28,15 97,00 1.224,00 5866
408 236,96 19,50 28,15 97,00 1.227,00 5866
409 236,96 19,50 28,15 97,00 1.230,00 5866
410 236,96 19,50 28,15 97,00 1.233,00 5866
411 236,96 19,50 28,15 97,00 1.236,00 5866
412 236,96 19,50 28,15 97,00 1.239,00 5866
413 236,96 19,50 28,15 97,00 1.242,00 5866
414 236,96 19,50 28,15 97,00 1.245,00 5866
415 236,96 19,50 28,15 97,00 1.248,00 5866
416 236,96 19,50 28,15 97,00 1.251,00 5866
417 236,96 19,50 28,15 97,00 1.254,00 5866
418 236,96 19,50 28,15 97,00 1.257,00 5866
419 236,96 19,50 28,15 97,00 1.260,00 5866
420 236,96 18,20 26,28 1,00 1.263,00 5866
421 236,96 18,20 26,28 1,00 1.266,00 5875
422 236,96 0,19 0,27 1,00 1.269,00 5878
423 236,96 0,19 0,27 1,00 1.272,00 5879
424 236,96 0,19 0,27 1,00 1.275,00 5879
425 236,96 0,19 0,27 1,00 1.278,00 5879
426 236,96 0,19 0,27 1,00 1.281,00 5879
427 236,96 0,19 0,27 1,00 1.284,00 5879
428 236,96 0,19 0,27 1,00 1.287,00 5880
429 236,96 0,19 0,27 1,00 1.290,00 5880
430 236,96 0,19 0,27 1,00 1.293,00 5880
431 236,96 0,19 0,27 1,00 1.296,00 5880
432 236,96 0,19 0,27 1,00 1.299,00 5880
433 236,96 0,19 0,27 1,00 1.302,00 5880
434 236,96 0,19 0,27 1,00 1.305,00 5880
435 236,96 0,18 0,26 1,00 1.308,00 5880
436 236,96 0,18 0,26 1,00 1.311,00 5880
437 236,96 0,18 0,26 1,00 1.314,00 5880
438 236,96 0,18 0,26 1,00 1.317,00 5880
439 236,96 0,18 0,26 1,00 1.320,00 5880
440 236,96 0,18 0,26 1,00 1.323,00 5880
441 236,96 0,18 0,26 1,00 1.326,00 5880
442 236,96 0,18 0,26 1,00 1.329,00 5880
443 236,96 0,18 0,26 1,00 1.332,00 5880
444 236,96 0,18 0,26 1,00 1.335,00 5880
445 236,96 0,18 0,26 1,00 1.338,00 5880
446 236,96 0,18 0,26 1,00 1.341,00 5880
447 236,96 0,18 0,26 1,00 1.344,00 5880
448 236,96 0,18 0,26 1,00 1.347,00 5880
449 236,96 0,18 0,26 1,00 1.350,00 5880
450 236,96 0,18 0,26 97,00 1.353,00 5880
451 236,96 0,18 0,26 97,00 1.356,00 5901
452 236,96 0,18 0,26 97,00 1.359,00 5908
453 236,96 0,18 0,26 97,00 1.362,00 5908
454 236,96 0,18 0,26 97,00 1.365,00 5908
455 236,96 0,18 0,26 97,00 1.368,00 5908
456 236,96 0,18 0,26 97,00 1.371,00 5909
457 236,96 16,73 24,16 97,00 1.374,00 5909
458 236,96 16,69 24,10 97,00 1.377,00 5909
459 236,96 16,69 24,10 97,00 1.380,00 5909
460 236,96 16,69 24,10 97,00 1.383,00 5909
461 236,96 16,58 23,95 97,00 1.386,00 5909
462 236,96 16,58 23,95 97,00 1.389,00 5909
463 236,96 16,58 23,95 97,00 1.392,00 5909
464 236,96 16,58 23,95 97,00 1.395,00 5909
465 236,96 16,58 23,95 97,00 1.398,00 5909
466 236,96 16,58 23,95 97,00 1.401,00 5909
467 236,96 16,58 23,95 97,00 1.404,00 5909
468 236,96 16,58 23,95 97,00 1.407,00 5909
469 236,96 16,58 23,95 97,00 1.410,00 5909
470 236,96 16,58 23,95 97,00 1.413,00 5909
471 236,96 16,58 23,95 97,00 1.416,00 5909
472 236,96 16,58 23,95 97,00 1.419,00 5909
473 236,96 16,58 23,95 97,00 1.422,00 5909
474 236,96 16,13 23,29 97,00 1.425,00 5909
475 236,96 16,10 23,24 97,00 1.428,00 5909
476 236,96 16,10 23,24 97,00 1.431,00 5909
477 236,96 16,10 23,24 97,00 1.434,00 5909
478 236,96 16,10 23,24 97,00 1.437,00 5909
479 236,96 16,10 23,24 97,00 1.440,00 5909
480 236,96 16,10 23,24 1,00 1.443,00 5909
481 236,96 16,10 23,24 1,00 1.446,00 5915
482 236,96 16,10 23,24 1,00 1.449,00 5916
483 236,96 16,10 23,24 1,00 1.452,00 5916
484 236,96 16,10 23,24 1,00 1.455,00 5916
485 236,96 16,10 23,24 1,00 1.458,00 5916
486 236,96 16,10 23,24 1,00 1.461,00 5916
487 236,96 16,10 23,24 1,00 1.464,00 5916
488 236,96 16,10 23,24 1,00 1.467,00 5916
489 236,96 16,10 23,24 1,00 1.470,00 5916
490 236,96 16,10 23,24 1,00 1.473,00 5916
491 236,96 16,10 23,24 1,00 1.476,00 5916
492 236,96 0,16 0,23 1,00 1.479,00 5916
493 236,96 0,16 0,23 1,00 1.482,00 5916
494 236,96 0,16 0,23 1,00 1.485,00 5916
495 236,96 0,16 0,23 1,00 1.488,00 5916
496 236,96 0,16 0,23 1,00 1.491,00 5916
497 236,96 0,16 0,23 1,00 1.494,00 5916
498 236,96 0,16 0,23 1,00 1.497,00 5916
499 236,96 0,16 0,23 1,00 1.500,00 5916
500 236,96 0,16 0,23 1,00 1.503,00 5916
501 236,96 0,16 0,23 1,00 1.506,00 5916
502 236,96 0,16 0,23 1,00 1.509,00 5916
503 236,96 0,16 0,23 1,00 1.512,00 5916
504 236,96 0,16 0,23 1,00 1.515,00 5916
505 236,96 0,16 0,23 1,00 1.518,00 5919
506 236,96 0,16 0,23 1,00 1.521,00 5919
507 236,96 0,16 0,23 1,00 1.524,00 5919
508 236,96 0,16 0,23 1,00 1.527,00 5919
509 236,96 0,16 0,23 1,00 1.530,00 5919
510 236,96 0,16 0,23 97,00 1.533,00 5919
511 236,96 0,16 0,23 97,00 1.536,00 5935
512 236,96 14,93 21,57 97,00 1.539,00 5937
513 236,96 14,91 21,52 97,00 1.542,00 5938
514 236,96 14,91 21,52 97,00 1.545,00 5938
515 236,96 14,91 21,52 97,00 1.548,00 5938
516 236,96 14,91 21,52 97,00 1.551,00 5938
517 236,96 14,91 21,52 97,00 1.554,00 5938
518 236,96 14,76 21,32 97,00 1.557,00 5938
519 236,96 14,73 21,28 97,00 1.560,00 5938
520 236,96 14,73 21,28 97,00 1.563,00 5938
521 236,96 14,73 21,28 97,00 1.566,00 5938
522 236,96 14,65 21,15 97,00 1.569,00 5938
523 236,96 14,65 21,15 97,00 1.572,00 5938
524 236,96 14,65 21,15 97,00 1.575,00 5938
525 236,96 14,65 21,15 97,00 1.578,00 5938
526 236,96 14,65 21,15 97,00 1.581,00 5938
527 236,96 14,65 21,15 97,00 1.584,00 5938
528 236,96 14,65 21,15 97,00 1.587,00 5938
529 236,96 14,65 21,15 97,00 1.590,00 5938
530 236,96 14,65 21,15 97,00 1.593,00 5938
531 236,96 14,65 21,15 97,00 1.596,00 5938
532 236,96 14,65 21,15 97,00 1.599,00 5938
533 236,96 14,65 21,15 97,00 1.602,00 5938
534 236,96 14,65 21,15 97,00 1.605,00 5938
535 236,96 14,65 21,15 97,00 1.608,00 5938
536 236,96 14,65 21,15 97,00 1.611,00 5938
537 236,96 14,65 21,15 97,00 1.614,00 5938
538 236,96 14,65 21,15 97,00 1.617,00 5938
539 236,96 14,65 21,15 97,00 1.620,00 5938
540 236,96 14,65 21,15 1,00 1.623,00 5938
541 236,96 14,65 21,15 1,00 1.626,00 5942
542 236,96 14,65 21,15 1,00 1.629,00 5944
543 236,96 14,65 21,15 1,00 1.632,00 5946
544 236,96 14,65 21,15 1,00 1.635,00 5947
545 236,96 14,65 21,15 1,00 1.638,00 5958
546 236,96 14,65 21,15 1,00 1.641,00 5965
547 236,96 14,65 21,15 1,00 1.644,00 5965
548 236,96 14,65 21,15 1,00 1.647,00 5965
549 236,96 14,65 21,15 1,00 1.650,00 5965
550 236,96 0,14 0,21 1,00 1.653,00 5965
551 236,96 0,14 0,21 1,00 1.656,00 5965
552 236,96 0,14 0,21 1,00 1.659,00 5965
553 236,96 0,14 0,21 1,00 1.662,00 5965
554 236,96 0,14 0,21 1,00 1.665,00 5965
555 236,96 0,14 0,21 1,00 1.668,00 5965
556 236,96 0,14 0,21 1,00 1.671,00 5965
557 236,96 0,14 0,21 1,00 1.674,00 5965
558 236,96 0,14 0,21 1,00 1.677,00 5965
559 236,96 0,14 0,21 1,00 1.680,00 5969
560 236,96 0,14 0,21 1,00 1.683,00 5969
561 236,96 0,14 0,21 1,00 1.686,00 5969
562 236,96 0,14 0,21 1,00 1.689,00 5969
563 236,96 0,14 0,20 1,00 1.692,00 5969
564 236,96 0,14 0,20 1,00 1.695,00 5969
565 236,96 0,14 0,20 1,00 1.698,00 5969
566 236,96 0,14 0,20 1,00 1.701,00 5969
567 236,96 0,14 0,20 1,00 1.704,00 5969
568 236,96 0,14 0,20 1,00 1.707,00 5969
569 236,96 0,14 0,20 1,00 1.710,00 5969
570 236,96 0,14 0,20 99,00 1.713,00 5969
571 236,96 0,14 0,20 99,00 1.716,00 5988
572 236,96 0,14 0,20 99,00 1.719,00 5994
573 236,96 0,14 0,20 99,00 1.722,00 5999
574 236,96 0,14 0,20 99,00 1.725,00 6004
575 236,96 0,14 0,20 99,00 1.728,00 6007
576 236,96 0,14 0,20 99,00 1.731,00 6009
577 236,96 0,14 0,20 99,00 1.734,00 6010
578 236,96 0,14 0,20 99,00 1.737,00 6010
579 236,96 0,14 0,20 99,00 1.740,00 6010
580 236,96 0,14 0,20 99,00 1.743,00 6010
581 236,96 0,14 0,20 99,00 1.746,00 6010
582 236,96 0,14 0,20 99,00 1.749,00 6010
583 236,96 0,14 0,20 99,00 1.752,00 6010
584 236,96 0,14 0,20 99,00 1.755,00 6010
585 236,96 0,14 0,20 99,00 1.758,00 6010
586 236,96 0,14 0,20 99,00 1.761,00 6010
587 236,96 0,14 0,20 99,00 1.764,00 6010
588 236,96 0,14 0,20 99,00 1.767,00 6010
589 236,96 0,14 0,20 99,00 1.770,00 6010
590 236,96 0,14 0,20 99,00 1.773,00 6010
591 236,96 0,14 0,20 99,00 1.776,00 6010
592 236,96 0,14 0,20 99,00 1.779,00 6010
593 236,96 0,14 0,20 99,00 1.782,00 6010
594 236,96 0,14 0,20 99,00 1.785,00 6010
595 236,96 0,14 0,20 99,00 1.788,00 6010
596 236,96 0,14 0,20 99,00 1.791,00 6010
597 236,96 0,14 0,20 99,00 1.794,00 6010
598 236,96 0,14 0,20 99,00 1.797,00 6010
599 236,96 0,14 0,20 99,00 1.800,00 6010
600 236,96 0,14 0,20 197,00 1.803,00 6010
601 236,96 0,14 0,20 197,00 1.806,00 6019
602 236,96 0,14 0,20 197,00 1.809,00 6021
603 236,96 0,14 0,20 197,00 1.812,00 6022
604 236,96 0,14 0,20 197,00 1.815,00 6022
605 236,96 0,14 0,20 197,00 1.818,00 6022
606 236,96 25,63 37,02 197,00 1.821,00 6022
607 236,96 25,63 37,02 197,00 1.824,00 6022
608 236,96 25,63 37,02 197,00 1.827,00 6023
609 236,96 25,63 37,02 197,00 1.830,00 6023
610 236,96 25,63 37,02 197,00 1.833,00 6023
611 236,96 25,63 37,02 197,00 1.836,00 6023
612 236,96 25,63 37,02 197,00 1.839,00 6023
613 236,96 25,63 37,02 197,00 1.842,00 6023
614 236,96 25,63 37,02 197,00 1.845,00 6023
615 236,96 25,26 36,48 197,00 1.848,00 6023
616 236,96 25,26 36,48 197,00 1.851,00 6023
617 236,96 25,26 36,48 197,00 1.854,00 6023
618 236,96 25,26 36,48 197,00 1.857,00 6023
619 236,96 25,26 36,48 197,00 1.860,00 6023
620 236,96 25,26 36,48 197,00 1.863,00 6023
621 236,96 25,26 36,48 197,00 1.866,00 6023
622 236,96 25,26 36,48 197,00 1.869,00 6023
623 236,96 25,26 36,48 197,00 1.872,00 6023
624 236,96 25,26 36,48 197,00 1.875,00 6023
625 236,96 24,86 35,89 197,00 1.878,00 6023
626 236,96 24,86 35,89 197,00 1.881,00 6023
627 236,96 24,86 35,89 197,00 1.884,00 6023
628 236,96 24,86 35,89 197,00 1.887,00 6023
629 236,96 24,86 35,89 197,00 1.890,00 6023
630 236,96 24,86 35,89 97,00 1.893,00 6023
631 236,96 12,12 17,51 97,00 1.896,00 6039
632 236,96 12,12 17,51 97,00 1.899,00 6043
633 236,96 12,12 17,51 97,00 1.902,00 6043
634 236,96 12,12 17,51 97,00 1.905,00 6043
635 236,96 12,12 17,51 97,00 1.908,00 6043
636 236,96 12,12 17,51 97,00 1.911,00 6043
637 236,96 12,12 17,51 97,00 1.914,00 6043
638 236,96 12,12 17,51 97,00 1.917,00 6043
639 236,96 12,12 17,51 97,00 1.920,00 6043
640 236,96 12,12 17,51 97,00 1.923,00 6043
641 236,96 12,12 17,51 97,00 1.926,00 6043
642 236,96 12,12 17,51 97,00 1.929,00 6043
643 236,96 12,12 17,51 97,00 1.932,00 6043
644 236,96 12,12 17,51 97,00 1.935,00 6043
645 236,96 12,12 17,51 97,00 1.938,00 6043
646 236,96 12,12 17,51 97,00 1.941,00 6043
647 236,96 11,82 17,07 97,00 1.944,00 6043
648 236,96 11,82 17,07 97,00 1.947,00 6043
649 236,96 11,82 17,07 97,00 1.950,00 6043
650 236,96 11,77 16,99 97,00 1.953,00 6043
651 236,96 11,77 16,99 97,00 1.956,00 6043
652 236,96 11,77 16,99 97,00 1.959,00 6043
653 236,96 11,77 16,99 97,00 1.962,00 6043
654 236,96 11,77 16,99 97,00 1.965,00 6043
655 236,96 11,68 16,87 97,00 1.968,00 6043
656 236,96 11,68 16,87 97,00 1.971,00 6043
657 236,96 11,68 16,87 97,00 1.974,00 6043
658 236,96 11,68 16,87 97,00 1.977,00 6043
659 236,96 11,68 16,87 97,00 1.980,00 6043
660 236,96 11,68 16,87 1,00 1.983,00 6043
661 236,96 11,68 16,87 1,00 1.986,00 6047
662 236,96 11,68 16,87 1,00 1.989,00 6047
663 236,96 11,68 16,87 1,00 1.992,00 6047
664 236,96 11,68 16,87 1,00 1.995,00 6047
665 236,96 11,68 16,87 1,00 1.998,00 6047
666 236,96 11,68 16,87 1,00 2.001,00 6047
667 236,96 11,68 16,87 1,00 2.004,00 6047
668 236,96 11,68 16,87 1,00 2.007,00 6048
669 236,96 11,68 16,87 1,00 2.010,00 6048
670 236,96 11,68 16,87 1,00 2.013,00 6048
671 236,96 0,12 0,17 1,00 2.016,00 6048
672 236,96 0,12 0,17 1,00 2.019,00 6048
673 236,96 0,12 0,17 1,00 2.022,00 6048
674 236,96 0,12 0,17 1,00 2.025,00 6048
675 236,96 0,12 0,17 1,00 2.028,00 6048
676 236,96 0,12 0,17 1,00 2.031,00 6048
677 236,96 0,12 0,17 1,00 2.034,00 6048
678 236,96 0,12 0,17 1,00 2.037,00 6048
679 236,96 0,12 0,17 1,00 2.040,00 6048
680 236,96 0,12 0,17 1,00 2.043,00 6048
681 236,96 0,12 0,17 1,00 2.046,00 6048
682 236,96 0,12 0,17 1,00 2.049,00 6048
683 236,96 0,12 0,17 1,00 2.052,00 6048
684 236,96 0,12 0,17 1,00 2.055,00 6048
685 236,96 0,12 0,17 1,00 2.058,00 6048
686 236,96 0,12 0,17 1,00 2.061,00 6048
687 236,96 0,12 0,17 1,00 2.064,00 6048
688 236,96 0,12 0,17 1,00 2.067,00 6048
689 236,96 0,12 0,17 1,00 2.070,00 6048
690 236,96 0,12 0,17 99,00 2.073,00 6048
691 236,96 0,12 0,17 99,00 2.076,00 6060
692 236,96 0,12 0,17 99,00 2.079,00 6063
693 236,96 11,27 16,27 99,00 2.082,00 6066
694 236,96 11,27 16,27 99,00 2.085,00 6067
695 236,96 11,27 16,27 99,00 2.088,00 6068
696 236,96 11,27 16,27 99,00 2.091,00 6070
697 236,96 11,20 16,18 99,00 2.094,00 6070
698 236,96 11,20 16,18 99,00 2.097,00 6070
699 236,96 11,17 16,13 99,00 2.100,00 6070
700 236,96 11,17 16,13 99,00 2.103,00 6070
701 236,96 11,17 16,13 99,00 2.106,00 6070
702 236,96 11,17 16,13 99,00 2.109,00 6070
703 236,96 11,11 16,04 99,00 2.112,00 6070
704 236,96 11,11 16,04 99,00 2.115,00 6070
705 236,96 11,11 16,04 99,00 2.118,00 6070
706 236,96 11,11 16,04 99,00 2.121,00 6070
707 236,96 11,11 16,04 99,00 2.124,00 6070
708 236,96 11,11 16,04 99,00 2.127,00 6070
709 236,96 11,11 16,04 99,00 2.130,00 6070
710 236,96 11,11 16,04 99,00 2.133,00 6070
711 236,96 10,98 15,86 99,00 2.136,00 6070
712 236,96 10,98 15,86 99,00 2.139,00 6070
713 236,96 10,98 15,86 99,00 2.142,00 6070
714 236,96 10,98 15,86 99,00 2.145,00 6070
715 236,96 10,98 15,86 99,00 2.148,00 6070
716 236,96 10,98 15,86 99,00 2.151,00 6070
717 236,96 10,98 15,86 99,00 2.154,00 6070
718 236,96 10,98 15,86 99,00 2.157,00 6070
719 236,96 10,98 15,86 99,00 2.160,00 6070
720 236,96 10,98 15,86 1,00 2.163,00 6070
721 236,96 10,98 15,86 1,00 2.166,00 6073
722 236,96 10,98 15,86 1,00 2.169,00 6073
723 236,96 10,98 15,86 1,00 2.172,00 6073
724 236,96 10,98 15,86 1,00 2.175,00 6073
725 236,96 0,11 0,16 1,00 2.178,00 6073
726 236,96 0,11 0,16 1,00 2.181,00 6073
727 236,96 0,11 0,16 1,00 2.184,00 6073
728 236,96 0,11 0,16 1,00 2.187,00 6073
729 236,96 0,11 0,16 1,00 2.190,00 6073
730 236,96 0,11 0,16 1,00 2.193,00 6073
731 236,96 0,11 0,16 1,00 2.196,00 6073
732 236,96 0,11 0,16 1,00 2.199,00 6073
733 236,96 0,11 0,16 1,00 2.202,00 6073
734 236,96 0,11 0,16 1,00 2.205,00 6073
735 236,96 0,11 0,16 1,00 2.208,00 6073
736 236,96 0,11 0,16 1,00 2.211,00 6073
737 236,96 0,11 0,16 1,00 2.214,00 6073
738 236,96 0,11 0,15 1,00 2.217,00 6073
739 236,96 0,11 0,15 1,00 2.220,00 6073
740 236,96 0,11 0,15 1,00 2.223,00 6073
741 236,96 0,11 0,15 1,00 2.226,00 6073
742 236,96 0,11 0,15 1,00 2.229,00 6073
743 236,96 0,11 0,15 1,00 2.232,00 6073
744 236,96 0,11 0,15 1,00 2.235,00 6073
745 236,96 0,11 0,15 1,00 2.238,00 6073
746 236,96 0,11 0,15 1,00 2.241,00 6073
747 236,96 0,11 0,15 1,00 2.244,00 6073
748 236,96 0,11 0,15 1,00 2.247,00 6073
749 236,96 0,11 0,15 1,00 2.250,00 6073
750 236,96 0,11 0,15 99,00 2.253,00 6073
751 236,96 0,11 0,15 99,00 2.256,00 6081
752 236,96 0,11 0,15 99,00 2.259,00 6085
753 236,96 10,37 14,98 99,00 2.262,00 6085
754 236,96 10,37 14,98 99,00 2.265,00 6085
755 236,96 10,37 14,98 99,00 2.268,00 6085
756 236,96 10,37 14,98 99,00 2.271,00 6085
757 236,96 10,37 14,98 99,00 2.274,00 6085
758 236,96 10,30 14,88 99,00 2.277,00 6091
759 236,96 10,30 14,88 99,00 2.280,00 6094
760 236,96 10,30 14,88 99,00 2.283,00 6096
761 236,96 10,30 14,88 99,00 2.286,00 6097
762 236,96 10,30 14,88 99,00 2.289,00 6098
763 236,96 10,30 14,88 99,00 2.292,00 6098
764 236,96 10,30 14,88 99,00 2.295,00 6098
765 236,96 10,30 14,88 99,00 2.298,00 6098
766 236,96 10,30 14,88 99,00 2.301,00 6098
767 236,96 10,30 14,88 99,00 2.304,00 6098
768 236,96 10,30 14,88 99,00 2.307,00 6098
769 236,96 10,30 14,88 99,00 2.310,00 6098
770 236,96 10,30 14,88 99,00 2.313,00 6098
771 236,96 10,30 14,88 99,00 2.316,00 6098
772 236,96 10,30 14,88 99,00 2.319,00 6098
773 236,96 10,30 14,88 99,00 2.322,00 6098
774 236,96 10,30 14,88 99,00 2.325,00 6098
775 236,96 10,08 14,55 99,00 2.328,00 6098
776 236,96 10,08 14,55 99,00 2.331,00 6098
777 236,96 10,08 14,55 99,00 2.334,00 6098
778 236,96 10,08 14,55 99,00 2.337,00 6098
779 236,96 10,08 14,55 99,00 2.340,00 6098
780 236,96 10,08 14,55 1,00 2.343,00 6098
781 236,96 10,08 14,55 1,00 2.346,00 6102
782 236,96 10,08 14,55 1,00 2.349,00 6107
783 236,96 10,08 14,55 1,00 2.352,00 6110
784 236,96 10,08 14,55 1,00 2.355,00 6111
785 236,96 0,10 0,15 1,00 2.358,00 6111
786 236,96 0,10 0,15 1,00 2.361,00 6111
787 236,96 0,10 0,14 1,00 2.364,00 6111
788 236,96 0,10 0,14 1,00 2.367,00 6111
789 236,96 0,10 0,14 1,00 2.370,00 6111
790 236,96 0,10 0,14 1,00 2.373,00 6111
791 236,96 0,10 0,14 1,00 2.376,00 6111
792 236,96 0,10 0,14 1,00 2.379,00 6111
793 236,96 0,10 0,14 1,00 2.382,00 6111
794 236,96 0,10 0,14 1,00 2.385,00 6111
795 236,96 0,10 0,14 1,00 2.388,00 6111
796 236,96 0,10 0,14 1,00 2.391,00 6111
797 236,96 0,10 0,14 1,00 2.394,00 6111
798 236,96 0,10 0,14 1,00 2.397,00 6111
799 236,96 0,10 0,14 1,00 2.400,00 6111
800 236,96 0,10 0,14 1,00 2.403,00 6111
801 236,96 0,10 0,14 1,00 2.406,00 6111
802 236,96 0,10 0,14 1,00 2.409,00 6111
803 236,96 0,10 0,14 1,00 2.412,00 6111
804 236,96 0,10 0,14 1,00 2.415,00 6111
805 236,96 0,10 0,14 1,00 2.418,00 6111
806 236,96 0,10 0,14 1,00 2.421,00 6111
807 236,96 0,10 0,14 1,00 2.424,00 6111
808 236,96 0,10 0,14 1,00 2.427,00 6111
809 236,96 0,10 0,14 1,00 2.430,00 6111
810 236,96 0,10 0,14 99,00 2.433,00 6111
811 236,96 0,10 0,14 99,00 2.436,00 6120
812 236,96 0,10 0,14 99,00 2.439,00 6122
813 236,96 9,61 13,87 99,00 2.442,00 6123
814 236,96 9,61 13,87 99,00 2.445,00 6123
815 236,96 9,61 13,87 99,00 2.448,00 6123
816 236,96 9,61 13,87 99,00 2.451,00 6123
817 236,96 9,61 13,87 99,00 2.454,00 6123
818 236,96 9,61 13,87 99,00 2.457,00 6123
819 236,96 9,61 13,87 99,00 2.460,00 6123
820 236,96 9,61 13,87 99,00 2.463,00 6123
821 236,96 9,61 13,87 99,00 2.466,00 6123
822 236,96 9,61 13,87 99,00 2.469,00 6123
823 236,96 9,61 13,87 99,00 2.472,00 6123
824 236,96 9,61 13,87 99,00 2.475,00 6123
825 236,96 9,61 13,87 99,00 2.478,00 6123
826 236,96 9,61 13,87 99,00 2.481,00 6123
827 236,96 9,61 13,87 99,00 2.484,00 6123
828 236,96 9,61 13,87 99,00 2.487,00 6123
829 236,96 9,61 13,87 99,00 2.490,00 6123
830 236,96 9,61 13,87 99,00 2.493,00 6123
831 236,96 9,61 13,87 99,00 2.496,00 6123
832 236,96 9,61 13,87 99,00 2.499,00 6123
833 236,96 9,61 13,87 99,00 2.502,00 6123
834 236,96 9,61 13,87 99,00 2.505,00 6123
835 236,96 9,61 13,87 99,00 2.508,00 6123
836 236,96 9,34 13,49 99,00 2.511,00 6123
837 236,96 9,34 13,49 99,00 2.514,00 6123
838 236,96 9,34 13,49 99,00 2.517,00 6123
839 236,96 9,34 13,49 99,00 2.520,00 6123
840 236,96 9,34 13,49 1,00 2.523,00 6123
841 236,96 9,34 13,49 1,00 2.526,00 6130
842 236,96 9,34 13,49 1,00 2.529,00 6130
843 236,96 9,34 13,49 1,00 2.532,00 6130
844 236,96 9,34 13,49 1,00 2.535,00 6130
845 236,96 9,34 13,49 1,00 2.538,00 6130
846 236,96 9,34 13,49 1,00 2.541,00 6130
847 236,96 9,34 13,49 1,00 2.544,00 6130
848 236,96 0,09 0,13 1,00 2.547,00 6130
849 236,96 0,09 0,13 1,00 2.550,00 6130
850 236,96 0,09 0,13 1,00 2.553,00 6130
851 236,96 0,09 0,13 1,00 2.556,00 6130
852 236,96 0,09 0,13 1,00 2.559,00 6130
853 236,96 0,09 0,13 1,00 2.562,00 6130
854 236,96 0,09 0,13 1,00 2.565,00 6130
855 236,96 0,09 0,13 1,00 2.568,00 6130
856 236,96 0,09 0,13 1,00 2.571,00 6130
857 236,96 0,09 0,13 1,00 2.574,00 6130
858 236,96 0,09 0,13 1,00 2.577,00 6130
859 236,96 0,09 0,13 1,00 2.580,00 6130
860 236,96 0,09 0,13 1,00 2.583,00 6130
861 236,96 0,09 0,13 1,00 2.586,00 6130
862 236,96 0,09 0,13 1,00 2.589,00 6130
863 236,96 0,09 0,13 1,00 2.592,00 6130
864 236,96 0,09 0,13 1,00 2.595,00 6130
865 236,96 0,09 0,13 1,00 2.598,00 6130
866 236,96 0,09 0,13 1,00 2.601,00 6130
867 236,96 0,09 0,13 1,00 2.604,00 6130
868 236,96 0,09 0,13 1,00 2.607,00 6130
869 236,96 0,09 0,13 1,00 2.610,00 6130
870 236,96 0,09 0,13 99,00 2.613,00 6130
871 236,96 8,97 12,95 99,00 2.616,00 6139
872 236,96 8,97 12,95 99,00 2.619,00 6142
873 236,96 8,97 12,95 99,00 2.622,00 6144
874 236,96 8,97 12,95 99,00 2.625,00 6144
875 236,96 8,97 12,95 99,00 2.628,00 6152
876 236,96 8,97 12,95 99,00 2.631,00 6155
877 236,96 8,97 12,95 99,00 2.634,00 6156
878 236,96 8,97 12,95 99,00 2.637,00 6156
879 236,96 8,97 12,95 99,00 2.640,00 6156
880 236,96 8,97 12,95 99,00 2.643,00 6156
881 236,96 8,97 12,95 99,00 2.646,00 6156
882 236,96 8,97 12,95 99,00 2.649,00 6156
883 236,96 8,97 12,95 99,00 2.652,00 6156
884 236,96 8,97 12,95 99,00 2.655,00 6156
885 236,96 8,97 12,95 99,00 2.658,00 6156
886 236,96 8,82 12,73 99,00 2.661,00 6156
887 236,96 8,81 12,72 99,00 2.664,00 6156
888 236,96 8,81 12,72 99,00 2.667,00 6156
889 236,96 8,81 12,72 99,00 2.670,00 6156
890 236,96 8,81 12,72 99,00 2.673,00 6156
891 236,96 8,81 12,72 99,00 2.676,00 6156
892 236,96 8,81 12,72 99,00 2.679,00 6156
893 236,96 8,81 12,72 99,00 2.682,00 6156
894 236,96 8,81 12,72 99,00 2.685,00 6156
895 236,96 8,81 12,72 99,00 2.688,00 6156
896 236,96 8,81 12,72 99,00 2.691,00 6156
897 236,96 8,81 12,72 99,00 2.694,00 6156
898 236,96 8,81 12,72 99,00 2.697,00 6156
899 236,96 8,81 12,72 99,00 2.700,00 6156
900 236,96 8,81 12,72 1,00 2.703,00 6156
901 236,96 8,81 12,72 1,00 2.706,00 6161
902 236,96 8,81 12,72 1,00 2.709,00 6162
903 236,96 8,81 12,72 1,00 2.712,00 6163
904 236,96 8,81 12,72 1,00 2.715,00 6163
905 236,96 8,81 12,72 1,00 2.718,00 6164
906 236,96 8,81 12,72 1,00 2.721,00 6165
907 236,96 8,81 12,72 1,00 2.724,00 6165
908 236,96 8,81 12,72 1,00 2.727,00 6165
909 236,96 8,81 12,72 1,00 2.730,00 6165
910 236,96 8,81 12,72 1,00 2.733,00 6165
911 236,96 8,81 12,72 1,00 2.736,00 6165
912 236,96 8,81 12,72 1,00 2.739,00 6165
913 236,96 8,81 12,72 1,00 2.742,00 6165
914 236,96 8,81 12,72 1,00 2.745,00 6165
915 236,96 8,81 12,72 1,00 2.748,00 6165
916 236,96 8,81 12,72 1,00 2.751,00 6165
917 236,96 8,81 12,72 1,00 2.754,00 6165
918 236,96 8,81 12,72 1,00 2.757,00 6165
919 236,96 8,81 12,72 1,00 2.760,00 6165
920 236,96 8,81 12,72 1,00 2.763,00 6165
921 236,96 8,81 12,72 1,00 2.766,00 6165
922 236,96 8,81 12,72 1,00 2.769,00 6165
923 236,96 8,81 12,72 1,00 2.772,00 6165
924 236,96 8,81 12,72 1,00 2.775,00 6165
925 236,96 8,81 12,72 1,00 2.778,00 6165
926 236,96 8,81 12,72 1,00 2.781,00 6165
927 236,96 8,81 12,72 1,00 2.784,00 6165
928 236,96 8,81 12,72 1,00 2.787,00 6165
929 236,96 8,81 12,72 1,00 2.790,00 6165
930 236,96 0,08 0,12 99,00 2.793,00 6165
931 236,96 0,08 0,12 99,00 2.796,00 6173
932 236,96 0,08 0,12 99,00 2.799,00 6176
933 236,96 8,37 12,09 99,00 2.802,00 6176
934 236,96 8,37 12,09 99,00 2.805,00 6176
935 236,96 8,37 12,09 99,00 2.808,00 6176
936 236,96 8,37 12,09 99,00 2.811,00 6177
937 236,96 8,37 12,09 99,00 2.814,00 6177
938 236,96 8,37 12,09 99,00 2.817,00 6177
939 236,96 8,32 12,01 99,00 2.820,00 6177
940 236,96 8,32 12,01 99,00 2.823,00 6177
941 236,96 8,32 12,01 99,00 2.826,00 6177
942 236,96 8,32 12,01 99,00 2.829,00 6177
943 236,96 8,32 12,01 99,00 2.832,00 6177
944 236,96 8,32 12,01 99,00 2.835,00 6177
945 236,96 8,32 12,01 99,00 2.838,00 6177
946 236,96 8,32 12,01 99,00 2.841,00 6177
947 236,96 8,32 12,01 99,00 2.844,00 6177
948 236,96 8,32 12,01 99,00 2.847,00 6177
949 236,96 8,32 12,01 99,00 2.850,00 6177
950 236,96 8,32 12,01 99,00 2.853,00 6177
951 236,96 8,32 12,01 99,00 2.856,00 6177
952 236,96 8,32 12,01 99,00 2.859,00 6177
953 236,96 8,32 12,01 99,00 2.862,00 6177
954 236,96 8,19 11,82 99,00 2.865,00 6177
955 236,96 8,19 11,82 99,00 2.868,00 6177
956 236,96 8,19 11,82 99,00 2.871,00 6177
957 236,96 8,19 11,82 99,00 2.874,00 6177
958 236,96 8,19 11,82 99,00 2.877,00 6177
959 236,96 8,19 11,82 99,00 2.880,00 6177
960 236,96 8,19 11,82 1,00 2.883,00 6177
961 236,96 0,08 0,12 1,00 2.886,00 6179
962 236,96 0,08 0,12 1,00 2.889,00 6180
963 236,96 0,08 0,12 1,00 2.892,00 6180
964 236,96 0,08 0,12 1,00 2.895,00 6180
965 236,96 0,08 0,12 1,00 2.898,00 6181
966 236,96 0,08 0,12 1,00 2.901,00 6181
967 236,96 0,08 0,12 1,00 2.904,00 6181
968 236,96 0,08 0,12 1,00 2.907,00 6181
969 236,96 0,08 0,12 1,00 2.910,00 6181
970 236,96 0,08 0,12 1,00 2.913,00 6181
971 236,96 0,08 0,12 1,00 2.916,00 6181
972 236,96 0,08 0,12 1,00 2.919,00 6181
973 236,96 0,08 0,12 1,00 2.922,00 6181
974 236,96 0,08 0,12 1,00 2.925,00 6181
975 236,96 0,08 0,12 1,00 2.928,00 6181
976 236,96 0,08 0,12 1,00 2.931,00 6181
977 236,96 0,08 0,12 1,00 2.934,00 6181
978 236,96 0,08 0,12 1,00 2.937,00 6181
979 236,96 0,08 0,12 1,00 2.940,00 6181
980 236,96 0,08 0,12 1,00 2.943,00 6181
981 236,96 0,08 0,12 1,00 2.946,00 6181
982 236,96 0,08 0,12 1,00 2.949,00 6181
983 236,96 0,08 0,12 1,00 2.952,00 6181
984 236,96 0,08 0,12 1,00 2.955,00 6181
985 236,96 0,08 0,12 1,00 2.958,00 6181
986 236,96 0,08 0,12 1,00 2.961,00 6181
987 236,96 0,08 0,12 1,00 2.964,00 6181
988 236,96 0,08 0,12 1,00 2.967,00 6181
989 236,96 0,08 0,12 1,00 2.970,00 6181
990 236,96 0,08 0,12 99,00 2.973,00 6181
991 236,96 0,08 0,12 99,00 2.976,00 6187
992 236,96 0,08 0,12 99,00 2.979,00 6189
993 236,96 0,08 0,12 99,00 2.982,00 6189
994 236,96 0,08 0,12 99,00 2.985,00 6189
995 236,96 7,85 11,34 99,00 2.988,00 6189
996 236,96 7,85 11,34 99,00 2.991,00 6189
997 236,96 7,84 11,31 99,00 2.994,00 6189
998 236,96 7,83 11,30 99,00 2.997,00 6189
999 236,96 7,83 11,30 99,00 3.000,00 6189
