1000
0 468,08 468,08 468,08 1,00 55,00 0
1 468,08 8,83 8,83 1,00 64,00 1235
2 468,08 8,07 5,98 1,00 69,00 1774
3 468,08 8,07 6,24 1,00 80,00 1865
4 468,08 8,07 6,31 1,00 91,00 1875
5 468,08 8,07 6,34 1,00 102,00 1879
6 468,08 8,07 6,40 1,00 113,00 1881
7 468,08 8,07 6,43 1,00 124,00 1881
8 468,08 8,07 6,43 1,00 135,00 1881
9 468,08 3,21 2,55 1,00 146,00 1881
10 468,08 3,21 2,55 1,00 157,00 1881
11 468,08 3,21 2,55 1,00 168,00 1881
12 468,08 3,21 2,55 1,00 179,00 1881
13 468,08 3,21 2,55 1,00 190,00 1881
14 468,08 3,21 2,55 1,00 201,00 1881
15 468,08 3,21 2,55 1,00 212,00 1881
16 468,08 3,21 2,55 1,00 223,00 1881
17 468,08 3,21 2,55 1,00 234,00 1881
18 468,08 3,21 2,55 1,00 245,00 1881
19 468,08 3,21 2,55 1,00 256,00 1881
20 468,08 3,21 2,55 1,00 267,00 1881
21 468,08 3,21 2,55 1,00 278,00 1881
22 468,08 3,21 2,55 1,00 289,00 1881
23 468,08 3,21 2,55 1,00 300,00 1881
24 468,08 3,21 2,55 1,00 311,00 1881
25 468,08 3,21 2,55 1,00 322,00 1881
26 468,08 3,21 2,55 1,00 333,00 1881
27 468,08 3,21 2,55 1,00 344,00 1881
28 468,08 3,21 2,55 1,00 355,00 1881
29 468,08 3,21 2,55 1,00 366,00 1881
30 468,08 3,21 2,55 93,00 377,00 1881
31 468,08 115,77 92,21 93,00 376,00 2704
32 468,08 117,97 104,30 93,00 380,00 3431
33 468,08 116,39 106,55 93,00 385,00 3821
34 468,08 113,66 114,82 93,00 394,00 4072
35 468,08 111,05 119,28 93,00 403,00 4286
36 468,08 108,29 113,08 93,00 413,00 4405
37 468,08 105,66 109,68 93,00 423,00 4558
38 468,08 103,15 110,45 93,00 433,00 4625
39 468,08 103,15 109,26 93,00 444,00 4666
40 468,08 103,15 108,94 93,00 455,00 4711
41 468,08 103,15 110,33 93,00 466,00 4762
42 468,08 103,15 111,81 93,00 477,00 4795
43 468,08 103,15 109,12 93,00 488,00 4831
44 468,08 103,15 111,70 93,00 499,00 4863
45 468,08 103,15 111,73 93,00 510,00 4893
46 468,08 103,15 111,73 93,00 521,00 4918
47 468,08 103,15 111,73 93,00 532,00 4938
48 468,08 103,15 111,73 93,00 543,00 4953
49 468,08 103,15 111,73 93,00 554,00 4969
50 468,08 103,15 111,73 93,00 565,00 4978
51 468,08 103,15 111,73 93,00 576,00 4991
52 468,08 103,15 111,73 93,00 587,00 5006
53 468,08 103,15 111,72 93,00 598,00 5016
54 468,08 71,48 77,41 93,00 609,00 5027
55 468,08 71,48 77,41 93,00 620,00 5033
56 468,08 71,48 77,41 93,00 631,00 5043
57 468,08 71,48 77,41 93,00 642,00 5047
58 468,08 71,48 77,41 93,00 653,00 5055
59 468,08 65,56 71,00 93,00 664,00 5061
60 468,08 65,56 71,00 1,00 675,00 5068
61 468,08 65,56 71,00 1,00 686,00 5076
62 468,08 65,56 71,00 1,00 697,00 5097
63 468,08 65,56 71,01 1,00 708,00 5110
64 468,08 65,56 71,01 1,00 719,00 5114
65 468,08 65,56 71,01 1,00 730,00 5115
66 468,08 65,56 70,99 1,00 741,00 5118
67 468,08 65,56 71,00 1,00 752,00 5123
68 468,08 65,56 71,01 1,00 763,00 5124
69 468,08 65,56 71,01 1,00 774,00 5125
70 468,08 65,56 71,01 1,00 785,00 5125
71 468,08 65,56 71,01 1,00 796,00 5125
72 468,08 0,58 0,63 1,00 807,00 5125
73 468,08 0,58 0,63 1,00 818,00 5125
74 468,08 0,58 0,63 1,00 829,00 5126
75 468,08 0,58 0,63 1,00 840,00 5126
76 468,08 0,58 0,63 1,00 851,00 5126
77 468,08 0,58 0,63 1,00 862,00 5126
78 468,08 0,58 0,63 1,00 873,00 5127
79 468,08 0,58 0,63 1,00 884,00 5128
80 468,08 0,52 0,57 1,00 895,00 5128
81 468,08 0,52 0,57 1,00 906,00 5128
82 468,08 0,52 0,57 1,00 917,00 5128
83 468,08 0,52 0,57 1,00 928,00 5128
84 468,08 0,52 0,57 1,00 939,00 5128
85 468,08 0,52 0,57 1,00 950,00 5128
86 468,08 0,52 0,57 1,00 961,00 5128
87 468,08 0,52 0,57 1,00 972,00 5128
88 468,08 0,48 0,52 1,00 983,00 5129
89 468,08 0,47 0,51 1,00 994,00 5133
90 468,08 0,47 0,51 99,00 1.005,00 5133
91 468,08 46,16 49,99 99,00 1.015,00 5240
92 468,08 46,16 49,99 99,00 1.026,00 5280
93 468,08 46,16 49,98 99,00 1.037,00 5298
94 468,08 46,16 49,99 99,00 1.048,00 5308
95 468,08 46,16 49,99 99,00 1.059,00 5318
96 468,08 46,16 49,99 99,00 1.070,00 5327
97 468,08 46,16 49,99 99,00 1.081,00 5336
98 468,08 46,16 49,99 99,00 1.092,00 5340
99 468,08 46,16 49,99 99,00 1.103,00 5347
100 468,08 46,16 49,99 99,00 1.114,00 5351
101 468,08 46,16 49,99 99,00 1.125,00 5353
102 468,08 46,16 49,99 99,00 1.136,00 5354
103 468,08 46,16 49,99 99,00 1.147,00 5357
104 468,08 40,02 43,34 99,00 1.158,00 5357
105 468,08 40,02 43,34 99,00 1.169,00 5357
106 468,08 40,02 43,34 99,00 1.180,00 5357
107 468,08 38,91 42,14 99,00 1.191,00 5357
108 468,08 38,91 42,14 99,00 1.202,00 5357
109 468,08 38,91 42,14 99,00 1.213,00 5359
110 468,08 38,91 42,14 99,00 1.224,00 5359
111 468,08 38,91 42,14 99,00 1.235,00 5360
112 468,08 38,91 42,14 99,00 1.246,00 5362
113 468,08 38,91 42,14 99,00 1.257,00 5364
114 468,08 36,55 39,58 99,00 1.268,00 5366
115 468,08 36,55 39,58 99,00 1.279,00 5366
116 468,08 36,55 39,58 99,00 1.290,00 5366
117 468,08 36,55 39,58 99,00 1.301,00 5366
118 468,08 36,55 39,58 99,00 1.312,00 5367
119 468,08 36,55 39,58 99,00 1.323,00 5368
120 468,08 36,55 39,58 1,00 1.334,00 5368
121 468,08 36,55 39,58 1,00 1.345,00 5378
122 468,08 36,55 39,58 1,00 1.356,00 5387
123 468,08 36,55 39,58 1,00 1.367,00 5391
124 468,08 36,55 39,58 1,00 1.378,00 5392
125 468,08 36,55 39,58 1,00 1.389,00 5392
126 468,08 0,33 0,36 1,00 1.400,00 5392
127 468,08 0,33 0,36 1,00 1.411,00 5392
128 468,08 0,33 0,36 1,00 1.422,00 5392
129 468,08 0,33 0,36 1,00 1.433,00 5392
130 468,08 0,33 0,36 1,00 1.444,00 5392
131 468,08 0,33 0,36 1,00 1.455,00 5392
132 468,08 0,33 0,36 1,00 1.466,00 5392
133 468,08 0,33 0,36 1,00 1.477,00 5392
134 468,08 0,33 0,36 1,00 1.488,00 5392
135 468,08 0,31 0,34 1,00 1.499,00 5392
136 468,08 0,31 0,34 1,00 1.510,00 5392
137 468,08 0,31 0,34 1,00 1.521,00 5392
138 468,08 0,31 0,34 1,00 1.532,00 5392
139 468,08 0,31 0,34 1,00 1.543,00 5392
140 468,08 0,31 0,34 1,00 1.554,00 5397
141 468,08 0,30 0,32 1,00 1.565,00 5398
142 468,08 0,30 0,32 1,00 1.576,00 5398
143 468,08 0,30 0,32 1,00 1.587,00 5398
144 468,08 0,30 0,32 1,00 1.598,00 5398
145 468,08 0,30 0,32 1,00 1.609,00 5398
146 468,08 0,30 0,32 1,00 1.620,00 5398
147 468,08 0,30 0,32 1,00 1.631,00 5398
148 468,08 0,30 0,32 1,00 1.642,00 5398
149 468,08 0,30 0,32 1,00 1.653,00 5398
150 468,08 0,30 0,32 99,00 1.664,00 5398
151 468,08 27,87 30,18 99,00 1.674,00 5443
152 468,08 27,87 30,18 99,00 1.685,00 5461
153 468,08 27,32 29,59 99,00 1.696,00 5469
154 468,08 27,32 29,59 99,00 1.707,00 5476
155 468,08 27,32 29,59 99,00 1.718,00 5480
156 468,08 26,80 29,03 99,00 1.729,00 5482
157 468,08 26,80 29,03 99,00 1.740,00 5482
158 468,08 26,80 29,03 99,00 1.751,00 5492
159 468,08 26,80 29,03 99,00 1.762,00 5501
160 468,08 26,80 29,03 99,00 1.773,00 5510
161 468,08 26,80 29,03 99,00 1.784,00 5520
162 468,08 26,80 29,03 99,00 1.795,00 5532
163 468,08 26,80 29,03 99,00 1.806,00 5544
164 468,08 26,80 29,03 99,00 1.817,00 5553
165 468,08 26,80 29,03 99,00 1.828,00 5560
166 468,08 26,80 29,03 99,00 1.839,00 5566
167 468,08 26,80 29,03 99,00 1.850,00 5570
168 468,08 26,80 29,03 99,00 1.861,00 5573
169 468,08 26,80 29,03 99,00 1.872,00 5575
170 468,08 26,80 29,03 99,00 1.883,00 5576
171 468,08 26,80 29,03 99,00 1.894,00 5577
172 468,08 24,33 26,35 99,00 1.905,00 5578
173 468,08 24,33 26,35 99,00 1.916,00 5579
174 468,08 24,33 26,35 99,00 1.927,00 5580
175 468,08 24,33 26,35 99,00 1.938,00 5582
176 468,08 24,33 26,35 99,00 1.949,00 5583
177 468,08 24,33 26,35 99,00 1.960,00 5584
178 468,08 23,51 25,47 99,00 1.971,00 5587
179 468,08 23,51 25,47 99,00 1.982,00 5589
180 468,08 23,51 25,47 1,00 1.993,00 5591
181 468,08 23,51 25,47 1,00 2.004,00 5600
182 468,08 23,51 25,47 1,00 2.015,00 5601
183 468,08 0,23 0,25 1,00 2.026,00 5602
184 468,08 0,23 0,25 1,00 2.037,00 5602
185 468,08 0,23 0,25 1,00 2.048,00 5602
186 468,08 0,23 0,25 1,00 2.059,00 5602
187 468,08 0,23 0,25 1,00 2.070,00 5602
188 468,08 0,23 0,25 1,00 2.081,00 5602
189 468,08 0,23 0,25 1,00 2.092,00 5602
190 468,08 0,23 0,25 1,00 2.103,00 5602
191 468,08 0,23 0,25 1,00 2.114,00 5604
192 468,08 0,23 0,25 1,00 2.125,00 5606
193 468,08 0,23 0,25 1,00 2.136,00 5607
194 468,08 0,23 0,25 1,00 2.147,00 5611
195 468,08 0,23 0,25 1,00 2.158,00 5613
196 468,08 0,23 0,25 1,00 2.169,00 5613
197 468,08 0,23 0,25 1,00 2.180,00 5613
198 468,08 0,23 0,25 1,00 2.191,00 5613
199 468,08 0,23 0,25 1,00 2.202,00 5613
200 468,08 0,23 0,25 1,00 2.213,00 5613
201 468,08 0,23 0,25 1,00 2.224,00 5613
202 468,08 0,23 0,25 1,00 2.235,00 5613
203 468,08 0,23 0,25 1,00 2.246,00 5613
204 468,08 0,23 0,25 1,00 2.257,00 5613
205 468,08 0,23 0,25 1,00 2.268,00 5613
206 468,08 0,23 0,25 1,00 2.279,00 5613
207 468,08 0,20 0,22 1,00 2.290,00 5613
208 468,08 0,20 0,22 1,00 2.301,00 5614
209 468,08 0,20 0,22 1,00 2.312,00 5616
210 468,08 0,20 0,22 97,00 2.323,00 5616
211 468,08 19,55 21,18 97,00 2.333,00 5655
212 468,08 19,55 21,18 97,00 2.344,00 5665
213 468,08 19,55 21,18 97,00 2.355,00 5671
214 468,08 19,55 21,18 97,00 2.366,00 5671
215 468,08 19,55 21,18 97,00 2.377,00 5671
216 468,08 19,55 21,18 97,00 2.388,00 5671
217 468,08 19,55 21,18 97,00 2.399,00 5671
218 468,08 19,55 21,18 97,00 2.410,00 5671
219 468,08 19,55 21,18 97,00 2.421,00 5671
220 468,08 18,67 20,22 97,00 2.432,00 5671
221 468,08 18,67 20,22 97,00 2.443,00 5671
222 468,08 18,67 20,22 97,00 2.454,00 5671
223 468,08 18,42 19,95 97,00 2.465,00 5671
224 468,08 18,42 19,95 97,00 2.476,00 5671
225 468,08 18,26 19,77 97,00 2.487,00 5671
226 468,08 18,26 19,77 97,00 2.498,00 5671
227 468,08 18,26 19,77 97,00 2.509,00 5671
228 468,08 18,26 19,77 97,00 2.520,00 5671
229 468,08 18,26 19,77 97,00 2.531,00 5671
230 468,08 17,86 19,35 97,00 2.542,00 5671
231 468,08 17,86 19,35 97,00 2.553,00 5671
232 468,08 17,86 19,35 97,00 2.564,00 5671
233 468,08 17,86 19,35 97,00 2.575,00 5671
234 468,08 17,56 19,02 97,00 2.586,00 5671
235 468,08 17,56 19,02 97,00 2.597,00 5671
236 468,08 17,56 19,02 97,00 2.608,00 5671
237 468,08 17,56 19,02 97,00 2.619,00 5671
238 468,08 17,56 19,02 97,00 2.630,00 5671
239 468,08 17,56 19,02 97,00 2.641,00 5671
240 468,08 17,12 18,54 1,00 2.652,00 5671
241 468,08 0,18 0,19 1,00 2.663,00 5686
242 468,08 0,18 0,19 1,00 2.674,00 5686
243 468,08 0,18 0,19 1,00 2.685,00 5687
244 468,08 0,18 0,19 1,00 2.696,00 5688
245 468,08 0,18 0,19 1,00 2.707,00 5688
246 468,08 0,17 0,19 1,00 2.718,00 5688
247 468,08 0,17 0,19 1,00 2.729,00 5688
248 468,08 0,17 0,19 1,00 2.740,00 5688
249 468,08 0,17 0,19 1,00 2.751,00 5691
250 468,08 0,17 0,19 1,00 2.762,00 5693
251 468,08 0,17 0,19 1,00 2.773,00 5693
252 468,08 0,17 0,19 1,00 2.784,00 5693
253 468,08 0,17 0,19 1,00 2.795,00 5694
254 468,08 0,17 0,19 1,00 2.806,00 5694
255 468,08 0,17 0,19 1,00 2.817,00 5694
256 468,08 0,17 0,19 1,00 2.828,00 5694
257 468,08 0,17 0,19 1,00 2.839,00 5694
258 468,08 0,17 0,19 1,00 2.850,00 5694
259 468,08 0,17 0,19 1,00 2.861,00 5694
260 468,08 0,17 0,19 1,00 2.872,00 5694
261 468,08 0,17 0,19 1,00 2.883,00 5694
262 468,08 0,17 0,19 1,00 2.894,00 5694
263 468,08 0,17 0,19 1,00 2.905,00 5694
264 468,08 0,17 0,19 1,00 2.916,00 5694
265 468,08 0,17 0,19 1,00 2.927,00 5694
266 468,08 0,17 0,19 1,00 2.938,00 5694
267 468,08 0,17 0,19 1,00 2.949,00 5694
268 468,08 0,17 0,19 1,00 2.960,00 5694
269 468,08 0,16 0,17 1,00 2.971,00 5694
270 468,08 0,16 0,17 99,00 2.982,00 5694
271 468,08 15,55 16,84 99,00 2.992,00 5724
272 468,08 15,55 16,84 99,00 3.003,00 5736
273 468,08 15,37 16,65 99,00 3.014,00 5742
274 468,08 15,37 16,65 99,00 3.025,00 5742
275 468,08 15,37 16,65 99,00 3.036,00 5742
276 468,08 15,37 16,65 99,00 3.047,00 5742
277 468,08 15,37 16,65 99,00 3.058,00 5742
278 468,08 15,37 16,65 99,00 3.069,00 5742
279 468,08 15,37 16,65 99,00 3.080,00 5742
280 468,08 15,37 16,65 99,00 3.091,00 5742
281 468,08 15,37 16,65 99,00 3.102,00 5742
282 468,08 15,37 16,65 99,00 3.113,00 5742
283 468,08 15,37 16,65 99,00 3.124,00 5742
284 468,08 15,37 16,65 99,00 3.135,00 5742
285 468,08 15,37 16,65 99,00 3.146,00 5742
286 468,08 15,37 16,65 99,00 3.157,00 5742
287 468,08 15,37 16,65 99,00 3.168,00 5742
288 468,08 15,37 16,65 99,00 3.179,00 5742
289 468,08 14,53 15,73 99,00 3.190,00 5742
290 468,08 14,53 15,73 99,00 3.201,00 5742
291 468,08 14,53 15,73 99,00 3.212,00 5742
292 468,08 14,53 15,73 99,00 3.223,00 5742
293 468,08 14,53 15,73 99,00 3.234,00 5742
294 468,08 14,53 15,73 99,00 3.245,00 5742
295 468,08 14,53 15,73 99,00 3.256,00 5742
296 468,08 14,53 15,73 99,00 3.267,00 5742
297 468,08 14,53 15,73 99,00 3.278,00 5742
298 468,08 14,53 15,73 99,00 3.289,00 5742
299 468,08 14,53 15,73 99,00 3.300,00 5742
300 468,08 14,00 15,16 3,00 3.311,00 5742
301 468,08 14,00 15,16 3,00 3.322,00 5752
302 468,08 14,00 15,16 3,00 3.333,00 5752
303 468,08 14,00 15,16 3,00 3.344,00 5752
304 468,08 14,00 15,16 3,00 3.355,00 5752
305 468,08 14,00 15,16 3,00 3.366,00 5752
306 468,08 14,00 15,16 3,00 3.377,00 5762
307 468,08 0,41 0,45 3,00 3.388,00 5773
308 468,08 0,41 0,45 3,00 3.399,00 5778
309 468,08 0,41 0,45 3,00 3.410,00 5780
310 468,08 0,41 0,44 3,00 3.421,00 5780
311 468,08 0,41 0,44 3,00 3.432,00 5780
312 468,08 0,41 0,44 3,00 3.443,00 5780
313 468,08 0,41 0,44 3,00 3.454,00 5782
314 468,08 0,41 0,44 3,00 3.465,00 5783
315 468,08 0,41 0,44 3,00 3.476,00 5783
316 468,08 0,41 0,44 3,00 3.487,00 5783
317 468,08 0,41 0,44 3,00 3.498,00 5783
318 468,08 0,41 0,44 3,00 3.509,00 5783
319 468,08 0,41 0,44 3,00 3.520,00 5783
320 468,08 0,41 0,44 3,00 3.531,00 5783
321 468,08 0,41 0,44 3,00 3.542,00 5783
322 468,08 0,40 0,43 3,00 3.553,00 5783
323 468,08 0,40 0,43 3,00 3.564,00 5783
324 468,08 0,40 0,43 3,00 3.575,00 5783
325 468,08 0,40 0,43 3,00 3.586,00 5783
326 468,08 0,40 0,43 3,00 3.597,00 5783
327 468,08 0,39 0,42 3,00 3.608,00 5783
328 468,08 0,39 0,42 3,00 3.619,00 5783
329 468,08 0,39 0,42 3,00 3.630,00 5783
330 468,08 0,39 0,42 99,00 3.641,00 5783
331 468,08 0,39 0,42 99,00 3.652,00 5809
332 468,08 0,39 0,42 99,00 3.663,00 5815
333 468,08 12,61 13,66 99,00 3.674,00 5818
334 468,08 12,61 13,66 99,00 3.685,00 5819
335 468,08 12,61 13,66 99,00 3.696,00 5820
336 468,08 12,61 13,66 99,00 3.707,00 5820
337 468,08 12,61 13,66 99,00 3.718,00 5820
338 468,08 12,61 13,66 99,00 3.729,00 5820
339 468,08 12,61 13,66 99,00 3.740,00 5820
340 468,08 12,61 13,66 99,00 3.751,00 5820
341 468,08 12,61 13,66 99,00 3.762,00 5820
342 468,08 12,61 13,66 99,00 3.773,00 5820
343 468,08 12,61 13,66 99,00 3.784,00 5820
344 468,08 12,61 13,66 99,00 3.795,00 5820
345 468,08 12,18 13,19 99,00 3.806,00 5820
346 468,08 12,14 13,15 99,00 3.817,00 5820
347 468,08 12,14 13,15 99,00 3.828,00 5820
348 468,08 12,14 13,15 99,00 3.839,00 5820
349 468,08 12,14 13,15 99,00 3.850,00 5820
350 468,08 12,14 13,15 99,00 3.861,00 5820
351 468,08 12,14 13,15 99,00 3.872,00 5820
352 468,08 12,14 13,15 99,00 3.883,00 5820
353 468,08 12,14 13,15 99,00 3.894,00 5820
354 468,08 12,14 13,15 99,00 3.905,00 5820
355 468,08 12,14 13,15 99,00 3.916,00 5820
356 468,08 12,14 13,15 99,00 3.927,00 5820
357 468,08 12,14 13,15 99,00 3.938,00 5820
358 468,08 12,14 13,15 99,00 3.949,00 5820
359 468,08 12,14 13,15 99,00 3.960,00 5820
360 468,08 12,14 13,15 3,00 3.971,00 5820
361 468,08 12,14 13,15 3,00 3.982,00 5827
362 468,08 12,14 13,15 3,00 3.993,00 5827
363 468,08 12,14 13,15 3,00 4.004,00 5827
364 468,08 12,14 13,15 3,00 4.015,00 5827
365 468,08 12,14 13,15 3,00 4.026,00 5827
366 468,08 0,35 0,38 3,00 4.037,00 5827
367 468,08 0,35 0,38 3,00 4.048,00 5827
368 468,08 0,35 0,38 3,00 4.059,00 5827
369 468,08 0,35 0,38 3,00 4.070,00 5827
370 468,08 0,35 0,38 3,00 4.081,00 5827
371 468,08 0,35 0,38 3,00 4.092,00 5827
372 468,08 0,35 0,38 3,00 4.103,00 5827
373 468,08 0,35 0,38 3,00 4.114,00 5827
374 468,08 0,35 0,38 3,00 4.125,00 5827
375 468,08 0,35 0,38 3,00 4.136,00 5827
376 468,08 0,35 0,38 3,00 4.147,00 5827
377 468,08 0,35 0,38 3,00 4.158,00 5827
378 468,08 0,35 0,38 3,00 4.169,00 5827
379 468,08 0,35 0,38 3,00 4.180,00 5827
380 468,08 0,35 0,38 3,00 4.191,00 5827
381 468,08 0,35 0,38 3,00 4.202,00 5827
382 468,08 0,35 0,38 3,00 4.213,00 5827
383 468,08 0,35 0,38 3,00 4.224,00 5833
384 468,08 0,35 0,38 3,00 4.235,00 5833
385 468,08 0,33 0,36 3,00 4.246,00 5833
386 468,08 0,33 0,36 3,00 4.257,00 5833
387 468,08 0,33 0,36 3,00 4.268,00 5833
388 468,08 0,33 0,36 3,00 4.279,00 5833
389 468,08 0,33 0,36 3,00 4.290,00 5833
390 468,08 0,33 0,36 99,00 4.301,00 5833
391 468,08 0,33 0,36 99,00 4.312,00 5854
392 468,08 10,72 11,61 99,00 4.323,00 5858
393 468,08 10,72 11,61 99,00 4.334,00 5861
394 468,08 10,72 11,61 99,00 4.345,00 5861
395 468,08 10,72 11,61 99,00 4.356,00 5861
396 468,08 10,72 11,61 99,00 4.367,00 5861
397 468,08 10,72 11,61 99,00 4.378,00 5861
398 468,08 10,72 11,61 99,00 4.389,00 5861
399 468,08 10,72 11,61 99,00 4.400,00 5861
400 468,08 10,72 11,61 99,00 4.411,00 5861
401 468,08 10,72 11,61 99,00 4.422,00 5865
402 468,08 10,45 11,32 99,00 4.433,00 5866
403 468,08 10,45 11,32 99,00 4.444,00 5866
404 468,08 10,45 11,32 99,00 4.455,00 5866
405 468,08 10,38 11,24 99,00 4.466,00 5866
406 468,08 10,38 11,24 99,00 4.477,00 5866
407 468,08 10,38 11,24 99,00 4.488,00 5866
408 468,08 10,38 11,24 99,00 4.499,00 5866
409 468,08 10,38 11,24 99,00 4.510,00 5866
410 468,08 10,38 11,24 99,00 4.521,00 5866
411 468,08 10,38 11,24 99,00 4.532,00 5866
412 468,08 10,38 11,24 99,00 4.543,00 5866
413 468,08 10,38 11,24 99,00 4.554,00 5866
414 468,08 10,38 11,24 99,00 4.565,00 5866
415 468,08 10,38 11,24 99,00 4.576,00 5866
416 468,08 10,38 11,24 99,00 4.587,00 5866
417 468,08 10,38 11,24 99,00 4.598,00 5866
418 468,08 10,38 11,24 99,00 4.609,00 5866
419 468,08 10,38 11,24 99,00 4.620,00 5866
420 468,08 10,38 11,24 1,00 4.631,00 5866
421 468,08 10,38 11,24 1,00 4.642,00 5875
422 468,08 0,10 0,11 1,00 4.653,00 5878
423 468,08 0,10 0,11 1,00 4.664,00 5879
424 468,08 0,10 0,11 1,00 4.675,00 5879
425 468,08 0,10 0,11 1,00 4.686,00 5879
426 468,08 0,10 0,11 1,00 4.697,00 5879
427 468,08 0,10 0,11 1,00 4.708,00 5879
428 468,08 0,10 0,11 1,00 4.719,00 5880
429 468,08 0,10 0,11 1,00 4.730,00 5880
430 468,08 0,10 0,11 1,00 4.741,00 5880
431 468,08 0,10 0,11 1,00 4.752,00 5880
432 468,08 0,10 0,11 1,00 4.763,00 5880
433 468,08 0,10 0,11 1,00 4.774,00 5880
434 468,08 0,10 0,11 1,00 4.785,00 5880
435 468,08 0,10 0,11 1,00 4.796,00 5880
436 468,08 0,10 0,11 1,00 4.807,00 5880
437 468,08 0,10 0,11 1,00 4.818,00 5880
438 468,08 0,10 0,11 1,00 4.829,00 5880
439 468,08 0,10 0,10 1,00 4.840,00 5880
440 468,08 0,10 0,10 1,00 4.851,00 5880
441 468,08 0,10 0,10 1,00 4.862,00 5880
442 468,08 0,10 0,10 1,00 4.873,00 5880
443 468,08 0,10 0,10 1,00 4.884,00 5880
444 468,08 0,10 0,10 1,00 4.895,00 5880
445 468,08 0,10 0,10 1,00 4.906,00 5880
446 468,08 0,10 0,10 1,00 4.917,00 5880
447 468,08 0,10 0,10 1,00 4.928,00 5880
448 468,08 0,10 0,10 1,00 4.939,00 5880
449 468,08 0,10 0,10 1,00 4.950,00 5880
450 468,08 0,10 0,10 99,00 4.961,00 5880
451 468,08 0,10 0,10 99,00 4.972,00 5901
452 468,08 0,10 0,10 99,00 4.983,00 5908
453 468,08 0,10 0,10 99,00 4.994,00 5908
454 468,08 9,26 10,03 99,00 5.005,00 5908
455 468,08 9,26 10,03 99,00 5.016,00 5908
456 468,08 9,26 10,03 99,00 5.027,00 5909
457 468,08 9,26 10,03 99,00 5.038,00 5909
458 468,08 9,26 10,03 99,00 5.049,00 5909
459 468,08 9,26 10,03 99,00 5.060,00 5909
460 468,08 9,26 10,03 99,00 5.071,00 5909
461 468,08 9,26 10,03 99,00 5.082,00 5909
462 468,08 9,26 10,03 99,00 5.093,00 5909
463 468,08 9,26 10,03 99,00 5.104,00 5909
464 468,08 9,26 10,03 99,00 5.115,00 5909
465 468,08 9,26 10,03 99,00 5.126,00 5909
466 468,08 9,26 10,03 99,00 5.137,00 5909
467 468,08 9,26 10,03 99,00 5.148,00 5909
468 468,08 8,98 9,73 99,00 5.159,00 5909
469 468,08 8,98 9,73 99,00 5.170,00 5909
470 468,08 8,98 9,73 99,00 5.181,00 5909
471 468,08 8,98 9,73 99,00 5.192,00 5909
472 468,08 8,98 9,73 99,00 5.203,00 5909
473 468,08 8,98 9,73 99,00 5.214,00 5909
474 468,08 8,98 9,73 99,00 5.225,00 5909
475 468,08 8,98 9,73 99,00 5.236,00 5909
476 468,08 8,98 9,73 99,00 5.247,00 5909
477 468,08 8,98 9,73 99,00 5.258,00 5909
478 468,08 8,98 9,73 99,00 5.269,00 5909
479 468,08 8,98 9,73 99,00 5.280,00 5909
480 468,08 8,98 9,73 5,00 5.291,00 5909
481 468,08 8,98 9,73 5,00 5.302,00 5915
482 468,08 8,98 9,73 5,00 5.313,00 5916
483 468,08 8,98 9,73 5,00 5.324,00 5916
484 468,08 8,98 9,73 5,00 5.335,00 5916
485 468,08 8,98 9,73 5,00 5.346,00 5916
486 468,08 8,98 9,73 5,00 5.357,00 5916
487 468,08 0,44 0,47 5,00 5.368,00 5916
488 468,08 0,44 0,47 5,00 5.379,00 5916
489 468,08 0,44 0,47 5,00 5.390,00 5916
490 468,08 0,44 0,47 5,00 5.401,00 5916
491 468,08 0,44 0,47 5,00 5.412,00 5916
492 468,08 0,44 0,47 5,00 5.423,00 5916
493 468,08 0,44 0,47 5,00 5.434,00 5916
494 468,08 0,44 0,47 5,00 5.445,00 5916
495 468,08 0,44 0,47 5,00 5.456,00 5916
496 468,08 0,44 0,47 5,00 5.467,00 5916
497 468,08 0,44 0,47 5,00 5.478,00 5916
498 468,08 0,44 0,47 5,00 5.489,00 5916
499 468,08 0,44 0,47 5,00 5.500,00 5916
500 468,08 0,44 0,47 5,00 5.511,00 5916
501 468,08 0,44 0,47 5,00 5.522,00 5916
502 468,08 0,44 0,47 5,00 5.533,00 5916
503 468,08 0,44 0,47 5,00 5.544,00 5916
504 468,08 0,44 0,47 5,00 5.555,00 5916
505 468,08 0,44 0,47 5,00 5.566,00 5919
506 468,08 0,44 0,47 5,00 5.577,00 5919
507 468,08 0,44 0,47 5,00 5.588,00 5919
508 468,08 0,44 0,47 5,00 5.599,00 5919
509 468,08 0,44 0,47 5,00 5.610,00 5919
510 468,08 0,44 0,47 97,00 5.621,00 5919
511 468,08 0,44 0,47 97,00 5.632,00 5935
512 468,08 0,44 0,47 97,00 5.643,00 5937
513 468,08 0,44 0,47 97,00 5.654,00 5938
514 468,08 0,44 0,47 97,00 5.665,00 5938
515 468,08 8,00 8,66 97,00 5.676,00 5938
516 468,08 8,00 8,66 97,00 5.687,00 5938
517 468,08 8,00 8,66 97,00 5.698,00 5938
518 468,08 8,00 8,66 97,00 5.709,00 5938
519 468,08 8,00 8,66 97,00 5.720,00 5938
520 468,08 8,00 8,66 97,00 5.731,00 5938
521 468,08 7,91 8,56 97,00 5.742,00 5938
522 468,08 7,91 8,56 97,00 5.753,00 5938
523 468,08 7,88 8,53 97,00 5.764,00 5938
524 468,08 7,86 8,52 97,00 5.775,00 5938
525 468,08 7,86 8,52 97,00 5.786,00 5938
526 468,08 7,86 8,52 97,00 5.797,00 5938
527 468,08 7,86 8,52 97,00 5.808,00 5938
528 468,08 7,86 8,52 97,00 5.819,00 5938
529 468,08 7,86 8,52 97,00 5.830,00 5938
530 468,08 7,86 8,52 97,00 5.841,00 5938
531 468,08 7,86 8,52 97,00 5.852,00 5938
532 468,08 7,86 8,52 97,00 5.863,00 5938
533 468,08 7,86 8,52 97,00 5.874,00 5938
534 468,08 7,86 8,52 97,00 5.885,00 5938
535 468,08 7,86 8,52 97,00 5.896,00 5938
536 468,08 7,86 8,52 97,00 5.907,00 5938
537 468,08 7,86 8,52 97,00 5.918,00 5938
538 468,08 7,86 8,52 97,00 5.929,00 5938
539 468,08 7,86 8,52 97,00 5.940,00 5938
540 468,08 7,86 8,52 3,00 5.951,00 5938
541 468,08 7,86 8,52 3,00 5.962,00 5942
542 468,08 7,86 8,52 3,00 5.973,00 5944
543 468,08 7,86 8,52 3,00 5.984,00 5946
544 468,08 7,86 8,52 3,00 5.995,00 5947
545 468,08 7,86 8,52 3,00 6.006,00 5958
546 468,08 7,86 8,52 3,00 6.017,00 5965
547 468,08 7,86 8,52 3,00 6.028,00 5965
548 468,08 7,86 8,52 3,00 6.039,00 5965
549 468,08 7,86 8,52 3,00 6.050,00 5965
550 468,08 7,86 8,52 3,00 6.061,00 5965
551 468,08 7,86 8,52 3,00 6.072,00 5965
552 468,08 0,23 0,25 3,00 6.083,00 5965
553 468,08 0,23 0,25 3,00 6.094,00 5965
554 468,08 0,23 0,25 3,00 6.105,00 5965
555 468,08 0,23 0,25 3,00 6.116,00 5965
556 468,08 0,23 0,25 3,00 6.127,00 5965
557 468,08 0,23 0,25 3,00 6.138,00 5965
558 468,08 0,23 0,25 3,00 6.149,00 5965
559 468,08 0,23 0,25 3,00 6.160,00 5969
560 468,08 0,23 0,25 3,00 6.171,00 5969
561 468,08 0,23 0,25 3,00 6.182,00 5969
562 468,08 0,23 0,25 3,00 6.193,00 5969
563 468,08 0,23 0,25 3,00 6.204,00 5969
564 468,08 0,23 0,25 3,00 6.215,00 5969
565 468,08 0,23 0,25 3,00 6.226,00 5969
566 468,08 0,23 0,25 3,00 6.237,00 5969
567 468,08 0,23 0,25 3,00 6.248,00 5969
568 468,08 0,23 0,25 3,00 6.259,00 5969
569 468,08 0,23 0,25 3,00 6.270,00 5969
570 468,08 0,23 0,25 99,00 6.281,00 5969
571 468,08 0,23 0,25 99,00 6.292,00 5988
572 468,08 0,23 0,25 99,00 6.303,00 5994
573 468,08 0,23 0,25 99,00 6.314,00 5999
574 468,08 0,23 0,25 99,00 6.325,00 6004
575 468,08 0,23 0,25 99,00 6.336,00 6007
576 468,08 0,23 0,25 99,00 6.347,00 6009
577 468,08 0,23 0,25 99,00 6.358,00 6010
578 468,08 0,23 0,25 99,00 6.369,00 6010
579 468,08 7,26 7,87 99,00 6.380,00 6010
580 468,08 7,26 7,87 99,00 6.391,00 6010
581 468,08 7,26 7,87 99,00 6.402,00 6010
582 468,08 7,26 7,87 99,00 6.413,00 6010
583 468,08 7,26 7,87 99,00 6.424,00 6010
584 468,08 7,26 7,87 99,00 6.435,00 6010
585 468,08 7,26 7,87 99,00 6.446,00 6010
586 468,08 7,26 7,87 99,00 6.457,00 6010
587 468,08 7,26 7,87 99,00 6.468,00 6010
588 468,08 7,26 7,87 99,00 6.479,00 6010
589 468,08 7,26 7,87 99,00 6.490,00 6010
590 468,08 7,26 7,87 99,00 6.501,00 6010
591 468,08 7,26 7,87 99,00 6.512,00 6010
592 468,08 7,26 7,87 99,00 6.523,00 6010
593 468,08 7,26 7,87 99,00 6.534,00 6010
594 468,08 7,26 7,87 99,00 6.545,00 6010
595 468,08 7,26 7,87 99,00 6.556,00 6010
596 468,08 7,26 7,87 99,00 6.567,00 6010
597 468,08 7,26 7,87 99,00 6.578,00 6010
598 468,08 7,26 7,87 99,00 6.589,00 6010
599 468,08 7,26 7,87 99,00 6.600,00 6010
600 468,08 7,26 7,87 7,00 6.611,00 6010
601 468,08 7,26 7,87 7,00 6.622,00 6019
602 468,08 0,49 0,54 7,00 6.633,00 6021
603 468,08 0,49 0,53 7,00 6.644,00 6022
604 468,08 0,49 0,53 7,00 6.655,00 6022
605 468,08 0,49 0,53 7,00 6.666,00 6022
606 468,08 0,49 0,53 7,00 6.677,00 6022
607 468,08 0,49 0,53 7,00 6.688,00 6022
608 468,08 0,49 0,53 7,00 6.699,00 6023
609 468,08 0,49 0,53 7,00 6.710,00 6023
610 468,08 0,49 0,53 7,00 6.721,00 6023
611 468,08 0,49 0,53 7,00 6.732,00 6023
612 468,08 0,49 0,53 7,00 6.743,00 6023
613 468,08 0,49 0,53 7,00 6.754,00 6023
614 468,08 0,49 0,53 7,00 6.765,00 6023
615 468,08 0,49 0,53 7,00 6.776,00 6023
616 468,08 0,49 0,53 7,00 6.787,00 6023
617 468,08 0,49 0,53 7,00 6.798,00 6023
618 468,08 0,49 0,53 7,00 6.809,00 6023
619 468,08 0,49 0,53 7,00 6.820,00 6023
620 468,08 0,49 0,53 7,00 6.831,00 6023
621 468,08 0,49 0,53 7,00 6.842,00 6023
622 468,08 0,49 0,53 7,00 6.853,00 6023
623 468,08 0,49 0,53 7,00 6.864,00 6023
624 468,08 0,49 0,53 7,00 6.875,00 6023
625 468,08 0,49 0,53 7,00 6.886,00 6023
626 468,08 0,49 0,53 7,00 6.897,00 6023
627 468,08 0,49 0,53 7,00 6.908,00 6023
628 468,08 0,49 0,53 7,00 6.919,00 6023
629 468,08 0,49 0,53 7,00 6.930,00 6023
630 468,08 0,49 0,53 99,00 6.941,00 6023
631 468,08 0,49 0,53 99,00 6.952,00 6039
632 468,08 0,49 0,53 99,00 6.963,00 6043
633 468,08 0,49 0,53 99,00 6.974,00 6043
634 468,08 0,49 0,53 99,00 6.985,00 6043
635 468,08 0,49 0,53 99,00 6.996,00 6043
636 468,08 0,49 0,53 99,00 7.007,00 6043
637 468,08 0,49 0,53 99,00 7.018,00 6043
638 468,08 0,49 0,53 99,00 7.029,00 6043
639 468,08 6,58 7,13 99,00 7.040,00 6043
640 468,08 6,58 7,13 99,00 7.051,00 6043
641 468,08 6,58 7,13 99,00 7.062,00 6043
642 468,08 6,58 7,13 99,00 7.073,00 6043
643 468,08 6,58 7,13 99,00 7.084,00 6043
644 468,08 6,58 7,13 99,00 7.095,00 6043
645 468,08 6,58 7,13 99,00 7.106,00 6043
646 468,08 6,58 7,13 99,00 7.117,00 6043
647 468,08 6,58 7,13 99,00 7.128,00 6043
648 468,08 6,58 7,13 99,00 7.139,00 6043
649 468,08 6,58 7,13 99,00 7.150,00 6043
650 468,08 6,58 7,13 99,00 7.161,00 6043
651 468,08 6,58 7,13 99,00 7.172,00 6043
652 468,08 6,58 7,13 99,00 7.183,00 6043
653 468,08 6,58 7,13 99,00 7.194,00 6043
654 468,08 6,58 7,13 99,00 7.205,00 6043
655 468,08 6,58 7,13 99,00 7.216,00 6043
656 468,08 6,58 7,13 99,00 7.227,00 6043
657 468,08 6,58 7,13 99,00 7.238,00 6043
658 468,08 6,58 7,13 99,00 7.249,00 6043
659 468,08 6,58 7,13 99,00 7.260,00 6043
660 468,08 6,58 7,13 1,00 7.271,00 6043
661 468,08 6,58 7,13 1,00 7.282,00 6047
662 468,08 6,58 7,13 1,00 7.293,00 6047
663 468,08 0,06 0,07 1,00 7.304,00 6047
664 468,08 0,06 0,07 1,00 7.315,00 6047
665 468,08 0,06 0,07 1,00 7.326,00 6047
666 468,08 0,06 0,07 1,00 7.337,00 6047
667 468,08 0,06 0,07 1,00 7.348,00 6047
668 468,08 0,06 0,07 1,00 7.359,00 6048
669 468,08 0,06 0,07 1,00 7.370,00 6048
670 468,08 0,06 0,07 1,00 7.381,00 6048
671 468,08 0,06 0,07 1,00 7.392,00 6048
672 468,08 0,06 0,07 1,00 7.403,00 6048
673 468,08 0,06 0,07 1,00 7.414,00 6048
674 468,08 0,06 0,07 1,00 7.425,00 6048
675 468,08 0,06 0,07 1,00 7.436,00 6048
676 468,08 0,06 0,07 1,00 7.447,00 6048
677 468,08 0,06 0,07 1,00 7.458,00 6048
678 468,08 0,06 0,07 1,00 7.469,00 6048
679 468,08 0,06 0,07 1,00 7.480,00 6048
680 468,08 0,06 0,07 1,00 7.491,00 6048
681 468,08 0,06 0,07 1,00 7.502,00 6048
682 468,08 0,06 0,07 1,00 7.513,00 6048
683 468,08 0,06 0,07 1,00 7.524,00 6048
684 468,08 0,06 0,07 1,00 7.535,00 6048
685 468,08 0,06 0,07 1,00 7.546,00 6048
686 468,08 0,06 0,07 1,00 7.557,00 6048
687 468,08 0,06 0,07 1,00 7.568,00 6048
688 468,08 0,06 0,07 1,00 7.579,00 6048
689 468,08 0,06 0,07 1,00 7.590,00 6048
690 468,08 0,06 0,07 99,00 7.601,00 6048
691 468,08 0,06 0,07 99,00 7.612,00 6060
692 468,08 0,06 0,07 99,00 7.623,00 6063
693 468,08 0,06 0,07 99,00 7.634,00 6066
694 468,08 0,06 0,07 99,00 7.645,00 6067
695 468,08 0,06 0,07 99,00 7.656,00 6068
696 468,08 0,06 0,07 99,00 7.667,00 6070
697 468,08 6,04 6,54 99,00 7.678,00 6070
698 468,08 6,04 6,54 99,00 7.689,00 6070
699 468,08 6,04 6,54 99,00 7.700,00 6070
700 468,08 6,04 6,54 99,00 7.711,00 6070
701 468,08 6,04 6,54 99,00 7.722,00 6070
702 468,08 6,04 6,54 99,00 7.733,00 6070
703 468,08 6,04 6,54 99,00 7.744,00 6070
704 468,08 6,04 6,54 99,00 7.755,00 6070
705 468,08 6,04 6,54 99,00 7.766,00 6070
706 468,08 6,04 6,54 99,00 7.777,00 6070
707 468,08 6,04 6,54 99,00 7.788,00 6070
708 468,08 6,04 6,54 99,00 7.799,00 6070
709 468,08 6,04 6,54 99,00 7.810,00 6070
710 468,08 6,04 6,54 99,00 7.821,00 6070
711 468,08 6,04 6,54 99,00 7.832,00 6070
712 468,08 6,04 6,54 99,00 7.843,00 6070
713 468,08 6,04 6,54 99,00 7.854,00 6070
714 468,08 6,04 6,54 99,00 7.865,00 6070
715 468,08 5,88 6,37 99,00 7.876,00 6070
716 468,08 5,88 6,37 99,00 7.887,00 6070
717 468,08 5,88 6,37 99,00 7.898,00 6070
718 468,08 5,86 6,35 99,00 7.909,00 6070
719 468,08 5,86 6,35 99,00 7.920,00 6070
720 468,08 5,86 6,35 9,00 7.931,00 6070
721 468,08 5,86 6,35 9,00 7.942,00 6073
722 468,08 5,86 6,35 9,00 7.953,00 6073
723 468,08 5,86 6,35 9,00 7.964,00 6073
724 468,08 5,86 6,35 9,00 7.975,00 6073
725 468,08 5,86 6,35 9,00 7.986,00 6073
726 468,08 5,86 6,35 9,00 7.997,00 6073
727 468,08 5,86 6,35 9,00 8.008,00 6073
728 468,08 5,86 6,35 9,00 8.019,00 6073
729 468,08 5,86 6,35 9,00 8.030,00 6073
730 468,08 5,86 6,35 9,00 8.041,00 6073
731 468,08 5,86 6,35 9,00 8.052,00 6073
732 468,08 5,86 6,35 9,00 8.063,00 6073
733 468,08 5,86 6,35 9,00 8.074,00 6073
734 468,08 5,86 6,35 9,00 8.085,00 6073
735 468,08 5,86 6,35 9,00 8.096,00 6073
736 468,08 5,86 6,35 9,00 8.107,00 6073
737 468,08 5,86 6,35 9,00 8.118,00 6073
738 468,08 0,52 0,56 9,00 8.129,00 6073
739 468,08 0,52 0,56 9,00 8.140,00 6073
740 468,08 0,52 0,56 9,00 8.151,00 6073
741 468,08 0,52 0,56 9,00 8.162,00 6073
742 468,08 0,52 0,56 9,00 8.173,00 6073
743 468,08 0,52 0,56 9,00 8.184,00 6073
744 468,08 0,52 0,56 9,00 8.195,00 6073
745 468,08 0,52 0,56 9,00 8.206,00 6073
746 468,08 0,52 0,56 9,00 8.217,00 6073
747 468,08 0,52 0,56 9,00 8.228,00 6073
748 468,08 0,52 0,56 9,00 8.239,00 6073
749 468,08 0,52 0,56 9,00 8.250,00 6073
750 468,08 0,51 0,55 93,00 8.261,00 6073
751 468,08 0,51 0,55 93,00 8.272,00 6081
752 468,08 0,51 0,55 93,00 8.283,00 6085
753 468,08 0,51 0,55 93,00 8.294,00 6085
754 468,08 0,51 0,55 93,00 8.305,00 6085
755 468,08 0,51 0,55 93,00 8.316,00 6085
756 468,08 0,51 0,55 93,00 8.327,00 6085
757 468,08 0,51 0,55 93,00 8.338,00 6085
758 468,08 0,51 0,55 93,00 8.349,00 6091
759 468,08 5,21 5,64 93,00 8.360,00 6094
760 468,08 5,20 5,63 93,00 8.371,00 6096
761 468,08 5,20 5,63 93,00 8.382,00 6097
762 468,08 5,20 5,63 93,00 8.393,00 6098
763 468,08 5,20 5,63 93,00 8.404,00 6098
764 468,08 5,20 5,63 93,00 8.415,00 6098
765 468,08 5,20 5,63 93,00 8.426,00 6098
766 468,08 5,20 5,63 93,00 8.437,00 6098
767 468,08 5,20 5,63 93,00 8.448,00 6098
768 468,08 5,20 5,63 93,00 8.459,00 6098
769 468,08 5,20 5,63 93,00 8.470,00 6098
770 468,08 5,20 5,63 93,00 8.481,00 6098
771 468,08 5,20 5,63 93,00 8.492,00 6098
772 468,08 5,20 5,63 93,00 8.503,00 6098
773 468,08 5,20 5,63 93,00 8.514,00 6098
774 468,08 5,20 5,63 93,00 8.525,00 6098
775 468,08 5,20 5,63 93,00 8.536,00 6098
776 468,08 5,20 5,63 93,00 8.547,00 6098
777 468,08 5,20 5,63 93,00 8.558,00 6098
778 468,08 5,20 5,63 93,00 8.569,00 6098
779 468,08 5,20 5,63 93,00 8.580,00 6098
780 468,08 5,20 5,63 3,00 8.591,00 6098
781 468,08 5,20 5,63 3,00 8.602,00 6102
782 468,08 5,20 5,63 3,00 8.613,00 6107
783 468,08 5,20 5,63 3,00 8.624,00 6110
784 468,08 5,20 5,63 3,00 8.635,00 6111
785 468,08 5,20 5,63 3,00 8.646,00 6111
786 468,08 5,20 5,63 3,00 8.657,00 6111
787 468,08 5,20 5,63 3,00 8.668,00 6111
788 468,08 0,16 0,18 3,00 8.679,00 6111
789 468,08 0,16 0,18 3,00 8.690,00 6111
790 468,08 0,16 0,18 3,00 8.701,00 6111
791 468,08 0,16 0,17 3,00 8.712,00 6111
792 468,08 0,16 0,17 3,00 8.723,00 6111
793 468,08 0,16 0,17 3,00 8.734,00 6111
794 468,08 0,16 0,17 3,00 8.745,00 6111
795 468,08 0,16 0,17 3,00 8.756,00 6111
796 468,08 0,16 0,17 3,00 8.767,00 6111
797 468,08 0,16 0,17 3,00 8.778,00 6111
798 468,08 0,16 0,17 3,00 8.789,00 6111
799 468,08 0,16 0,17 3,00 8.800,00 6111
800 468,08 0,16 0,17 3,00 8.811,00 6111
801 468,08 0,16 0,17 3,00 8.822,00 6111
802 468,08 0,16 0,17 3,00 8.833,00 6111
803 468,08 0,16 0,17 3,00 8.844,00 6111
804 468,08 0,16 0,17 3,00 8.855,00 6111
805 468,08 0,16 0,17 3,00 8.866,00 6111
806 468,08 0,16 0,17 3,00 8.877,00 6111
807 468,08 0,16 0,17 3,00 8.888,00 6111
808 468,08 0,16 0,17 3,00 8.899,00 6111
809 468,08 0,16 0,17 3,00 8.910,00 6111
810 468,08 0,16 0,17 101,00 8.921,00 6111
811 468,08 0,16 0,17 101,00 8.932,00 6120
812 468,08 0,16 0,17 101,00 8.943,00 6122
813 468,08 0,16 0,17 101,00 8.954,00 6123
814 468,08 0,16 0,17 101,00 8.965,00 6123
815 468,08 0,16 0,17 101,00 8.976,00 6123
816 468,08 0,16 0,17 101,00 8.987,00 6123
817 468,08 0,16 0,17 101,00 8.998,00 6123
818 468,08 0,16 0,17 101,00 9.009,00 6123
819 468,08 0,16 0,17 101,00 9.020,00 6123
820 468,08 0,16 0,17 101,00 9.031,00 6123
821 468,08 0,16 0,17 101,00 9.042,00 6123
822 468,08 0,16 0,17 101,00 9.053,00 6123
823 468,08 0,16 0,17 101,00 9.064,00 6123
824 468,08 0,16 0,17 101,00 9.075,00 6123
825 468,08 0,16 0,17 101,00 9.086,00 6123
826 468,08 0,16 0,17 101,00 9.097,00 6123
827 468,08 0,16 0,17 101,00 9.108,00 6123
828 468,08 0,16 0,17 101,00 9.119,00 6123
829 468,08 0,16 0,17 101,00 9.130,00 6123
830 468,08 0,16 0,17 101,00 9.141,00 6123
831 468,08 0,16 0,17 101,00 9.152,00 6123
832 468,08 0,16 0,17 101,00 9.163,00 6123
833 468,08 0,16 0,17 101,00 9.174,00 6123
834 468,08 0,16 0,17 101,00 9.185,00 6123
835 468,08 0,16 0,17 101,00 9.196,00 6123
836 468,08 5,13 5,56 101,00 9.207,00 6123
837 468,08 5,13 5,56 101,00 9.218,00 6123
838 468,08 5,13 5,56 101,00 9.229,00 6123
839 468,08 5,13 5,56 101,00 9.240,00 6123
840 468,08 5,13 5,56 5,00 9.251,00 6123
841 468,08 5,13 5,56 5,00 9.262,00 6130
842 468,08 5,13 5,56 5,00 9.273,00 6130
843 468,08 0,25 0,27 5,00 9.284,00 6130
844 468,08 0,25 0,27 5,00 9.295,00 6130
845 468,08 0,25 0,27 5,00 9.306,00 6130
846 468,08 0,25 0,27 5,00 9.317,00 6130
847 468,08 0,25 0,27 5,00 9.328,00 6130
848 468,08 0,25 0,27 5,00 9.339,00 6130
849 468,08 0,25 0,27 5,00 9.350,00 6130
850 468,08 0,25 0,27 5,00 9.361,00 6130
851 468,08 0,25 0,27 5,00 9.372,00 6130
852 468,08 0,25 0,27 5,00 9.383,00 6130
853 468,08 0,25 0,27 5,00 9.394,00 6130
854 468,08 0,25 0,27 5,00 9.405,00 6130
855 468,08 0,25 0,27 5,00 9.416,00 6130
856 468,08 0,25 0,27 5,00 9.427,00 6130
857 468,08 0,25 0,27 5,00 9.438,00 6130
858 468,08 0,25 0,27 5,00 9.449,00 6130
859 468,08 0,25 0,27 5,00 9.460,00 6130
860 468,08 0,25 0,27 5,00 9.471,00 6130
861 468,08 0,25 0,27 5,00 9.482,00 6130
862 468,08 0,25 0,27 5,00 9.493,00 6130
863 468,08 0,25 0,27 5,00 9.504,00 6130
864 468,08 0,25 0,27 5,00 9.515,00 6130
865 468,08 0,25 0,27 5,00 9.526,00 6130
866 468,08 0,25 0,27 5,00 9.537,00 6130
867 468,08 0,25 0,27 5,00 9.548,00 6130
868 468,08 0,25 0,27 5,00 9.559,00 6130
869 468,08 0,25 0,27 5,00 9.570,00 6130
870 468,08 0,25 0,27 103,00 9.581,00 6130
871 468,08 0,25 0,27 103,00 9.592,00 6139
872 468,08 0,25 0,27 103,00 9.603,00 6142
873 468,08 0,25 0,27 103,00 9.614,00 6144
874 468,08 0,25 0,27 103,00 9.625,00 6144
875 468,08 0,25 0,27 103,00 9.636,00 6152
876 468,08 0,25 0,27 103,00 9.647,00 6155
877 468,08 0,25 0,27 103,00 9.658,00 6156
878 468,08 0,25 0,27 103,00 9.669,00 6156
879 468,08 0,25 0,27 103,00 9.680,00 6156
880 468,08 0,25 0,27 103,00 9.691,00 6156
881 468,08 0,25 0,27 103,00 9.702,00 6156
882 468,08 0,25 0,27 103,00 9.713,00 6156
883 468,08 0,25 0,27 103,00 9.724,00 6156
884 468,08 0,25 0,27 103,00 9.735,00 6156
885 468,08 0,25 0,27 103,00 9.746,00 6156
886 468,08 0,25 0,27 103,00 9.757,00 6156
887 468,08 0,25 0,27 103,00 9.768,00 6156
888 468,08 0,25 0,27 103,00 9.779,00 6156
889 468,08 0,25 0,27 103,00 9.790,00 6156
890 468,08 0,25 0,27 103,00 9.801,00 6156
891 468,08 0,25 0,27 103,00 9.812,00 6156
892 468,08 0,25 0,27 103,00 9.823,00 6156
893 468,08 0,25 0,27 103,00 9.834,00 6156
894 468,08 0,25 0,27 103,00 9.845,00 6156
895 468,08 0,25 0,27 103,00 9.856,00 6156
896 468,08 0,25 0,27 103,00 9.867,00 6156
897 468,08 0,25 0,27 103,00 9.878,00 6156
898 468,08 0,25 0,27 103,00 9.889,00 6156
899 468,08 0,25 0,27 103,00 9.900,00 6156
900 468,08 0,25 0,27 197,00 9.911,00 6156
901 468,08 0,25 0,27 197,00 9.922,00 6161
902 468,08 0,25 0,27 197,00 9.933,00 6162
903 468,08 0,25 0,27 197,00 9.944,00 6163
904 468,08 0,25 0,27 197,00 9.955,00 6163
905 468,08 0,25 0,27 197,00 9.966,00 6164
906 468,08 0,25 0,27 197,00 9.977,00 6165
907 468,08 0,25 0,27 197,00 9.988,00 6165
908 468,08 0,25 0,27 197,00 9.999,00 6165
909 468,08 0,25 0,27 197,00 10.010,00 6165
910 468,08 0,25 0,27 197,00 10.021,00 6165
911 468,08 9,19 9,96 197,00 10.032,00 6165
912 468,08 9,18 9,94 197,00 10.043,00 6165
913 468,08 9,18 9,94 197,00 10.054,00 6165
914 468,08 9,18 9,94 197,00 10.065,00 6165
915 468,08 9,18 9,94 197,00 10.076,00 6165
916 468,08 9,18 9,94 197,00 10.087,00 6165
917 468,08 9,18 9,94 197,00 10.098,00 6165
918 468,08 9,12 9,88 197,00 10.109,00 6165
919 468,08 9,12 9,88 197,00 10.120,00 6165
920 468,08 9,12 9,88 197,00 10.131,00 6165
921 468,08 9,12 9,88 197,00 10.142,00 6165
922 468,08 9,12 9,88 197,00 10.153,00 6165
923 468,08 9,07 9,83 197,00 10.164,00 6165
924 468,08 9,07 9,83 197,00 10.175,00 6165
925 468,08 9,05 9,81 197,00 10.186,00 6165
926 468,08 9,05 9,81 197,00 10.197,00 6165
927 468,08 9,05 9,81 197,00 10.208,00 6165
928 468,08 9,05 9,81 197,00 10.219,00 6165
929 468,08 9,05 9,81 197,00 10.230,00 6165
930 468,08 9,05 9,81 97,00 10.241,00 6165
931 468,08 9,05 9,81 97,00 10.252,00 6173
932 468,08 9,05 9,81 97,00 10.263,00 6176
933 468,08 9,05 9,81 97,00 10.274,00 6176
934 468,08 9,05 9,81 97,00 10.285,00 6176
935 468,08 9,05 9,81 97,00 10.296,00 6176
936 468,08 4,41 4,77 97,00 10.307,00 6177
937 468,08 4,41 4,77 97,00 10.318,00 6177
938 468,08 4,41 4,77 97,00 10.329,00 6177
939 468,08 4,41 4,77 97,00 10.340,00 6177
940 468,08 4,41 4,77 97,00 10.351,00 6177
941 468,08 4,41 4,77 97,00 10.362,00 6177
942 468,08 4,41 4,77 97,00 10.373,00 6177
943 468,08 4,41 4,77 97,00 10.384,00 6177
944 468,08 4,41 4,77 97,00 10.395,00 6177
945 468,08 4,41 4,77 97,00 10.406,00 6177
946 468,08 4,41 4,77 97,00 10.417,00 6177
947 468,08 4,41 4,77 97,00 10.428,00 6177
948 468,08 4,41 4,77 97,00 10.439,00 6177
949 468,08 4,41 4,77 97,00 10.450,00 6177
950 468,08 4,41 4,77 97,00 10.461,00 6177
951 468,08 4,41 4,77 97,00 10.472,00 6177
952 468,08 4,41 4,77 97,00 10.483,00 6177
953 468,08 4,41 4,77 97,00 10.494,00 6177
954 468,08 4,41 4,77 97,00 10.505,00 6177
955 468,08 4,41 4,77 97,00 10.516,00 6177
956 468,08 4,41 4,77 97,00 10.527,00 6177
957 468,08 4,41 4,77 97,00 10.538,00 6177
958 468,08 4,41 4,77 97,00 10.549,00 6177
959 468,08 4,41 4,77 97,00 10.560,00 6177
960 468,08 4,41 4,77 5,00 10.571,00 6177
961 468,08 4,41 4,77 5,00 10.582,00 6179
962 468,08 4,41 4,77 5,00 10.593,00 6180
963 468,08 4,41 4,77 5,00 10.604,00 6180
964 468,08 4,41 4,77 5,00 10.615,00 6180
965 468,08 4,41 4,77 5,00 10.626,00 6181
966 468,08 4,41 4,77 5,00 10.637,00 6181
967 468,08 4,41 4,77 5,00 10.648,00 6181
968 468,08 4,41 4,77 5,00 10.659,00 6181
969 468,08 4,41 4,77 5,00 10.670,00 6181
970 468,08 4,41 4,77 5,00 10.681,00 6181
971 468,08 4,41 4,77 5,00 10.692,00 6181
972 468,08 0,22 0,24 5,00 10.703,00 6181
973 468,08 0,22 0,24 5,00 10.714,00 6181
974 468,08 0,22 0,24 5,00 10.725,00 6181
975 468,08 0,22 0,24 5,00 10.736,00 6181
976 468,08 0,22 0,24 5,00 10.747,00 6181
977 468,08 0,22 0,24 5,00 10.758,00 6181
978 468,08 0,22 0,24 5,00 10.769,00 6181
979 468,08 0,22 0,24 5,00 10.780,00 6181
980 468,08 0,22 0,23 5,00 10.791,00 6181
981 468,08 0,22 0,23 5,00 10.802,00 6181
982 468,08 0,22 0,23 5,00 10.813,00 6181
983 468,08 0,22 0,23 5,00 10.824,00 6181
984 468,08 0,22 0,23 5,00 10.835,00 6181
985 468,08 0,22 0,23 5,00 10.846,00 6181
986 468,08 0,22 0,23 5,00 10.857,00 6181
987 468,08 0,22 0,23 5,00 10.868,00 6181
988 468,08 0,22 0,23 5,00 10.879,00 6181
989 468,08 0,21 0,23 5,00 10.890,00 6181
990 468,08 0,21 0,23 101,00 10.901,00 6181
991 468,08 0,21 0,23 101,00 10.912,00 6187
992 468,08 0,21 0,23 101,00 10.923,00 6189
993 468,08 0,21 0,23 101,00 10.934,00 6189
994 468,08 0,21 0,23 101,00 10.945,00 6189
995 468,08 0,21 0,23 101,00 10.956,00 6189
996 468,08 0,21 0,23 101,00 10.967,00 6189
997 468,08 4,31 4,66 101,00 10.978,00 6189
998 468,08 4,30 4,66 101,00 10.989,00 6189
999 468,08 4,30 4,66 101,00 11.000,00 6189
