1000
0 409,29 409,29 409,29 1,00 68,00 0
1 409,29 6,30 6,30 1,00 81,00 1235
2 409,29 5,25 2,55 1,00 94,00 1774
3 409,29 4,40 2,26 1,00 109,00 1865
4 409,29 4,40 2,28 1,00 125,00 1875
5 409,29 4,40 2,28 1,00 141,00 1879
6 409,29 4,40 2,28 1,00 157,00 1881
7 409,29 4,40 2,29 1,00 173,00 1881
8 409,29 4,40 2,29 1,00 189,00 1881
9 409,29 4,40 2,29 1,00 205,00 1881
10 409,29 1,85 0,96 1,00 221,00 1881
11 409,29 1,85 0,96 1,00 237,00 1881
12 409,29 1,62 0,84 1,00 253,00 1881
13 409,29 1,62 0,84 1,00 269,00 1881
14 409,29 1,62 0,84 1,00 285,00 1881
15 409,29 1,62 0,84 1,00 301,00 1881
16 409,29 1,62 0,84 1,00 317,00 1881
17 409,29 1,62 0,84 1,00 333,00 1881
18 409,29 1,62 0,84 1,00 349,00 1881
19 409,29 1,62 0,84 1,00 365,00 1881
20 409,29 1,62 0,84 1,00 381,00 1881
21 409,29 1,62 0,84 1,00 397,00 1881
22 409,29 1,62 0,84 1,00 413,00 1881
23 409,29 1,62 0,84 1,00 429,00 1881
24 409,29 1,62 0,84 1,00 445,00 1881
25 409,29 1,62 0,84 1,00 461,00 1881
26 409,29 1,62 0,84 1,00 477,00 1881
27 409,29 1,62 0,84 1,00 493,00 1881
28 409,29 1,62 0,84 1,00 509,00 1881
29 409,29 1,62 0,84 1,00 525,00 1881
30 409,29 0,76 0,39 99,00 541,00 1881
31 409,29 75,32 39,12 99,00 554,00 2704
32 409,29 73,67 35,09 99,00 566,00 3431
33 409,29 71,97 35,14 99,00 579,00 3821
34 409,29 70,10 35,50 99,00 594,00 4072
35 409,29 68,33 36,49 99,00 609,00 4286
36 409,29 68,33 35,40 99,00 625,00 4405
37 409,29 64,94 33,82 99,00 640,00 4558
38 409,29 64,94 34,87 99,00 656,00 4625
39 409,29 64,94 33,94 99,00 672,00 4666
40 409,29 64,94 33,81 99,00 688,00 4711
41 409,29 64,94 34,16 99,00 704,00 4762
42 409,29 64,94 34,59 99,00 720,00 4795
43 409,29 64,94 33,67 99,00 736,00 4831
44 409,29 64,94 34,50 99,00 752,00 4863
45 409,29 64,94 34,44 99,00 768,00 4893
46 409,29 64,94 34,43 99,00 784,00 4918
47 409,29 64,94 34,44 99,00 800,00 4938
48 409,29 64,94 34,42 99,00 816,00 4953
49 409,29 64,94 34,39 99,00 832,00 4969
50 409,29 64,94 34,37 99,00 848,00 4978
51 409,29 64,94 34,33 99,00 864,00 4991
52 409,29 64,94 34,32 99,00 880,00 5006
53 409,29 64,94 34,30 99,00 896,00 5016
54 409,29 64,94 34,26 99,00 912,00 5027
55 409,29 64,94 34,24 99,00 928,00 5033
56 409,29 64,94 34,22 99,00 944,00 5043
57 409,29 64,94 34,20 99,00 960,00 5047
58 409,29 64,94 34,18 99,00 976,00 5055
59 409,29 40,85 21,49 99,00 992,00 5061
60 409,29 40,85 21,47 3,00 1.008,00 5068
61 409,29 40,85 21,46 3,00 1.024,00 5076
62 409,29 40,85 21,46 3,00 1.040,00 5097
63 409,29 40,85 21,44 3,00 1.056,00 5110
64 409,29 40,85 21,42 3,00 1.072,00 5114
65 409,29 40,85 21,41 3,00 1.088,00 5115
66 409,29 40,85 21,41 3,00 1.104,00 5118
67 409,29 40,85 21,41 3,00 1.120,00 5123
68 409,29 40,85 21,41 3,00 1.136,00 5124
69 409,29 40,85 21,36 3,00 1.152,00 5125
70 409,29 40,85 21,35 3,00 1.168,00 5125
71 409,29 40,85 21,35 3,00 1.184,00 5125
72 409,29 40,85 21,35 3,00 1.200,00 5125
73 409,29 40,85 21,35 3,00 1.216,00 5125
74 409,29 40,85 21,35 3,00 1.232,00 5126
75 409,29 40,85 21,29 3,00 1.248,00 5126
76 409,29 40,85 21,29 3,00 1.264,00 5126
77 409,29 40,85 21,29 3,00 1.280,00 5126
78 409,29 0,95 0,49 3,00 1.296,00 5127
79 409,29 0,95 0,49 3,00 1.312,00 5128
80 409,29 0,95 0,49 3,00 1.328,00 5128
81 409,29 0,95 0,49 3,00 1.344,00 5128
82 409,29 0,95 0,49 3,00 1.360,00 5128
83 409,29 0,95 0,49 3,00 1.376,00 5128
84 409,29 0,95 0,49 3,00 1.392,00 5128
85 409,29 0,95 0,49 3,00 1.408,00 5128
86 409,29 0,95 0,49 3,00 1.424,00 5128
87 409,29 0,95 0,49 3,00 1.440,00 5128
88 409,29 0,95 0,49 3,00 1.456,00 5129
89 409,29 0,95 0,49 3,00 1.472,00 5133
90 409,29 0,95 0,49 101,00 1.488,00 5133
91 409,29 27,50 14,22 101,00 1.503,00 5240
92 409,29 27,50 14,20 101,00 1.519,00 5280
93 409,29 27,50 14,19 101,00 1.535,00 5298
94 409,29 27,50 14,19 101,00 1.551,00 5308
95 409,29 27,50 14,18 101,00 1.567,00 5318
96 409,29 27,50 14,17 101,00 1.583,00 5327
97 409,29 27,50 14,16 101,00 1.599,00 5336
98 409,29 27,50 14,15 101,00 1.615,00 5340
99 409,29 27,50 14,14 101,00 1.631,00 5347
100 409,29 27,50 14,14 101,00 1.647,00 5351
101 409,29 27,50 14,14 101,00 1.663,00 5353
102 409,29 27,50 14,14 101,00 1.679,00 5354
103 409,29 27,50 14,11 101,00 1.695,00 5357
104 409,29 27,50 14,10 101,00 1.711,00 5357
105 409,29 27,50 14,10 101,00 1.727,00 5357
106 409,29 27,50 14,10 101,00 1.743,00 5357
107 409,29 23,50 12,05 101,00 1.759,00 5357
108 409,29 23,50 12,05 101,00 1.775,00 5357
109 409,29 23,50 12,05 101,00 1.791,00 5359
110 409,29 23,50 12,05 101,00 1.807,00 5359
111 409,29 23,50 12,05 101,00 1.823,00 5360
112 409,29 23,50 12,05 101,00 1.839,00 5362
113 409,29 23,50 12,05 101,00 1.855,00 5364
114 409,29 23,50 12,05 101,00 1.871,00 5366
115 409,29 21,91 11,23 101,00 1.887,00 5366
116 409,29 21,91 11,23 101,00 1.903,00 5366
117 409,29 21,91 11,23 101,00 1.919,00 5366
118 409,29 21,91 11,23 101,00 1.935,00 5367
119 409,29 21,91 11,23 101,00 1.951,00 5368
120 409,29 21,02 10,78 10,00 1.967,00 5368
121 409,29 21,02 10,78 10,00 1.983,00 5378
122 409,29 21,02 10,78 10,00 1.999,00 5387
123 409,29 21,02 10,66 10,00 2.015,00 5391
124 409,29 21,02 10,66 10,00 2.031,00 5392
125 409,29 2,00 1,01 10,00 2.047,00 5392
126 409,29 2,00 1,01 10,00 2.063,00 5392
127 409,29 2,00 1,01 10,00 2.079,00 5392
128 409,29 2,00 1,01 10,00 2.095,00 5392
129 409,29 2,00 1,01 10,00 2.111,00 5392
130 409,29 2,00 1,01 10,00 2.127,00 5392
131 409,29 2,00 1,01 10,00 2.143,00 5392
132 409,29 2,00 1,01 10,00 2.159,00 5392
133 409,29 2,00 1,01 10,00 2.175,00 5392
134 409,29 2,00 1,01 10,00 2.191,00 5392
135 409,29 2,00 1,01 10,00 2.207,00 5392
136 409,29 2,00 1,01 10,00 2.223,00 5392
137 409,29 2,00 1,01 10,00 2.239,00 5392
138 409,29 2,00 1,01 10,00 2.255,00 5392
139 409,29 2,00 1,01 10,00 2.271,00 5392
140 409,29 2,00 1,01 10,00 2.287,00 5397
141 409,29 2,00 1,00 10,00 2.303,00 5398
142 409,29 2,00 1,00 10,00 2.319,00 5398
143 409,29 2,00 1,00 10,00 2.335,00 5398
144 409,29 2,00 1,00 10,00 2.351,00 5398
145 409,29 2,00 1,00 10,00 2.367,00 5398
146 409,29 2,00 1,00 10,00 2.383,00 5398
147 409,29 2,00 1,00 10,00 2.399,00 5398
148 409,29 2,00 1,00 10,00 2.415,00 5398
149 409,29 2,00 1,00 10,00 2.431,00 5398
150 409,29 2,00 1,00 96,00 2.447,00 5398
151 409,29 2,00 1,00 96,00 2.463,00 5443
152 409,29 2,00 1,00 96,00 2.479,00 5461
153 409,29 2,00 1,00 96,00 2.495,00 5469
154 409,29 2,00 1,00 96,00 2.511,00 5476
155 409,29 2,00 1,00 96,00 2.527,00 5480
156 409,29 2,00 1,00 96,00 2.543,00 5482
157 409,29 2,00 1,00 96,00 2.559,00 5482
158 409,29 2,00 1,00 96,00 2.575,00 5492
159 409,29 2,00 0,99 96,00 2.591,00 5501
160 409,29 2,00 0,99 96,00 2.607,00 5510
161 409,29 2,00 0,99 96,00 2.623,00 5520
162 409,29 2,00 0,99 96,00 2.639,00 5532
163 409,29 2,00 0,99 96,00 2.655,00 5544
164 409,29 2,00 0,99 96,00 2.671,00 5553
165 409,29 14,62 7,25 96,00 2.687,00 5560
166 409,29 14,62 7,25 96,00 2.703,00 5566
167 409,29 14,62 7,25 96,00 2.719,00 5570
168 409,29 14,62 7,24 96,00 2.735,00 5573
169 409,29 14,62 7,24 96,00 2.751,00 5575
170 409,29 14,62 7,23 96,00 2.767,00 5576
171 409,29 14,12 6,98 96,00 2.783,00 5577
172 409,29 14,12 6,98 96,00 2.799,00 5578
173 409,29 14,12 6,97 96,00 2.815,00 5579
174 409,29 14,12 6,97 96,00 2.831,00 5580
175 409,29 14,12 6,97 96,00 2.847,00 5582
176 409,29 14,12 6,96 96,00 2.863,00 5583
177 409,29 14,12 6,96 96,00 2.879,00 5584
178 409,29 14,12 6,96 96,00 2.895,00 5587
179 409,29 14,12 6,95 96,00 2.911,00 5589
180 409,29 14,12 6,95 8,00 2.927,00 5591
181 409,29 14,12 6,95 8,00 2.943,00 5600
182 409,29 14,12 6,94 8,00 2.959,00 5601
183 409,29 14,12 6,94 8,00 2.975,00 5602
184 409,29 14,12 6,94 8,00 2.991,00 5602
185 409,29 14,12 6,94 8,00 3.007,00 5602
186 409,29 14,12 6,94 8,00 3.023,00 5602
187 409,29 14,12 6,94 8,00 3.039,00 5602
188 409,29 14,12 6,94 8,00 3.055,00 5602
189 409,29 1,07 0,52 8,00 3.071,00 5602
190 409,29 1,07 0,52 8,00 3.087,00 5602
191 409,29 1,07 0,52 8,00 3.103,00 5604
192 409,29 1,05 0,52 8,00 3.119,00 5606
193 409,29 1,05 0,52 8,00 3.135,00 5607
194 409,29 1,05 0,52 8,00 3.151,00 5611
195 409,29 1,05 0,52 8,00 3.167,00 5613
196 409,29 1,05 0,52 8,00 3.183,00 5613
197 409,29 1,02 0,50 8,00 3.199,00 5613
198 409,29 1,02 0,50 8,00 3.215,00 5613
199 409,29 1,02 0,50 8,00 3.231,00 5613
200 409,29 1,01 0,50 8,00 3.247,00 5613
201 409,29 1,01 0,50 8,00 3.263,00 5613
202 409,29 1,00 0,49 8,00 3.279,00 5613
203 409,29 1,00 0,49 8,00 3.295,00 5613
204 409,29 1,00 0,49 8,00 3.311,00 5613
205 409,29 1,00 0,49 8,00 3.327,00 5613
206 409,29 1,00 0,49 8,00 3.343,00 5613
207 409,29 1,00 0,49 8,00 3.359,00 5613
208 409,29 1,00 0,49 8,00 3.375,00 5614
209 409,29 1,00 0,49 8,00 3.391,00 5616
210 409,29 1,00 0,49 88,00 3.407,00 5616
211 409,29 10,52 5,18 88,00 3.423,00 5655
212 409,29 10,52 5,10 88,00 3.439,00 5665
213 409,29 10,52 5,10 88,00 3.455,00 5671
214 409,29 10,52 5,10 88,00 3.471,00 5671
215 409,29 10,52 5,10 88,00 3.487,00 5671
216 409,29 10,52 5,10 88,00 3.503,00 5671
217 409,29 10,52 5,10 88,00 3.519,00 5671
218 409,29 10,52 5,10 88,00 3.535,00 5671
219 409,29 10,52 5,10 88,00 3.551,00 5671
220 409,29 10,52 5,10 88,00 3.567,00 5671
221 409,29 10,52 5,10 88,00 3.583,00 5671
222 409,29 10,52 5,10 88,00 3.599,00 5671
223 409,29 10,52 5,10 88,00 3.615,00 5671
224 409,29 9,92 4,81 88,00 3.631,00 5671
225 409,29 9,88 4,79 88,00 3.647,00 5671
226 409,29 9,88 4,79 88,00 3.663,00 5671
227 409,29 9,88 4,79 88,00 3.679,00 5671
228 409,29 9,88 4,79 88,00 3.695,00 5671
229 409,29 9,88 4,79 88,00 3.711,00 5671
230 409,29 9,88 4,79 88,00 3.727,00 5671
231 409,29 9,88 4,79 88,00 3.743,00 5671
232 409,29 9,88 4,79 88,00 3.759,00 5671
233 409,29 9,88 4,79 88,00 3.775,00 5671
234 409,29 9,88 4,79 88,00 3.791,00 5671
235 409,29 9,88 4,79 88,00 3.807,00 5671
236 409,29 9,88 4,79 88,00 3.823,00 5671
237 409,29 9,88 4,79 88,00 3.839,00 5671
238 409,29 9,88 4,79 88,00 3.855,00 5671
239 409,29 9,88 4,79 88,00 3.871,00 5671
240 409,29 9,27 4,49 13,00 3.887,00 5671
241 409,29 9,27 4,49 13,00 3.903,00 5686
242 409,29 9,27 4,43 13,00 3.919,00 5686
243 409,29 9,27 4,43 13,00 3.935,00 5687
244 409,29 9,27 4,43 13,00 3.951,00 5688
245 409,29 9,27 4,43 13,00 3.967,00 5688
246 409,29 9,27 4,43 13,00 3.983,00 5688
247 409,29 9,27 4,43 13,00 3.999,00 5688
248 409,29 9,27 4,43 13,00 4.015,00 5688
249 409,29 9,27 4,43 13,00 4.031,00 5691
250 409,29 9,27 4,42 13,00 4.047,00 5693
251 409,29 9,27 4,42 13,00 4.063,00 5693
252 409,29 9,27 4,42 13,00 4.079,00 5693
253 409,29 9,27 4,42 13,00 4.095,00 5694
254 409,29 9,27 4,42 13,00 4.111,00 5694
255 409,29 9,27 4,42 13,00 4.127,00 5694
256 409,29 9,27 4,42 13,00 4.143,00 5694
257 409,29 9,27 4,42 13,00 4.159,00 5694
258 409,29 9,27 4,42 13,00 4.175,00 5694
259 409,29 9,27 4,42 13,00 4.191,00 5694
260 409,29 9,27 4,42 13,00 4.207,00 5694
261 409,29 9,27 4,42 13,00 4.223,00 5694
262 409,29 9,27 4,42 13,00 4.239,00 5694
263 409,29 9,27 4,42 13,00 4.255,00 5694
264 409,29 1,25 0,59 13,00 4.271,00 5694
265 409,29 1,25 0,59 13,00 4.287,00 5694
266 409,29 1,25 0,59 13,00 4.303,00 5694
267 409,29 1,25 0,59 13,00 4.319,00 5694
268 409,29 1,23 0,59 13,00 4.335,00 5694
269 409,29 1,23 0,59 13,00 4.351,00 5694
270 409,29 1,23 0,59 93,00 4.367,00 5694
271 409,29 8,68 4,14 93,00 4.383,00 5724
272 409,29 8,68 4,10 93,00 4.399,00 5736
273 409,29 8,68 4,10 93,00 4.415,00 5742
274 409,29 8,68 4,10 93,00 4.431,00 5742
275 409,29 8,68 4,10 93,00 4.447,00 5742
276 409,29 8,53 4,02 93,00 4.463,00 5742
277 409,29 8,53 4,02 93,00 4.479,00 5742
278 409,29 8,53 4,02 93,00 4.495,00 5742
279 409,29 8,53 4,02 93,00 4.511,00 5742
280 409,29 8,53 4,02 93,00 4.527,00 5742
281 409,29 8,53 4,02 93,00 4.543,00 5742
282 409,29 8,53 4,02 93,00 4.559,00 5742
283 409,29 8,53 4,02 93,00 4.575,00 5742
284 409,29 8,53 4,02 93,00 4.591,00 5742
285 409,29 8,53 4,02 93,00 4.607,00 5742
286 409,29 8,53 4,02 93,00 4.623,00 5742
287 409,29 8,21 3,87 93,00 4.639,00 5742
288 409,29 8,21 3,87 93,00 4.655,00 5742
289 409,29 8,21 3,87 93,00 4.671,00 5742
290 409,29 8,21 3,87 93,00 4.687,00 5742
291 409,29 8,21 3,87 93,00 4.703,00 5742
292 409,29 8,21 3,87 93,00 4.719,00 5742
293 409,29 8,21 3,87 93,00 4.735,00 5742
294 409,29 8,01 3,78 93,00 4.751,00 5742
295 409,29 8,01 3,78 93,00 4.767,00 5742
296 409,29 8,01 3,78 93,00 4.783,00 5742
297 409,29 8,01 3,78 93,00 4.799,00 5742
298 409,29 8,01 3,78 93,00 4.815,00 5742
299 409,29 8,01 3,78 93,00 4.831,00 5742
300 409,29 8,01 3,78 23,00 4.847,00 5742
301 409,29 8,01 3,78 23,00 4.863,00 5752
302 409,29 8,01 3,73 23,00 4.879,00 5752
303 409,29 8,01 3,73 23,00 4.895,00 5752
304 409,29 8,01 3,73 23,00 4.911,00 5752
305 409,29 8,01 3,73 23,00 4.927,00 5752
306 409,29 8,01 3,73 23,00 4.943,00 5762
307 409,29 8,01 3,72 23,00 4.959,00 5773
308 409,29 8,01 3,72 23,00 4.975,00 5778
309 409,29 1,89 0,88 23,00 4.991,00 5780
310 409,29 1,88 0,87 23,00 5.007,00 5780
311 409,29 1,88 0,87 23,00 5.023,00 5780
312 409,29 1,88 0,87 23,00 5.039,00 5780
313 409,29 1,88 0,87 23,00 5.055,00 5782
314 409,29 1,88 0,87 23,00 5.071,00 5783
315 409,29 1,88 0,87 23,00 5.087,00 5783
316 409,29 1,88 0,87 23,00 5.103,00 5783
317 409,29 1,88 0,87 23,00 5.119,00 5783
318 409,29 1,83 0,85 23,00 5.135,00 5783
319 409,29 1,83 0,85 23,00 5.151,00 5783
320 409,29 1,83 0,85 23,00 5.167,00 5783
321 409,29 1,83 0,85 23,00 5.183,00 5783
322 409,29 1,83 0,85 23,00 5.199,00 5783
323 409,29 1,83 0,85 23,00 5.215,00 5783
324 409,29 1,83 0,85 23,00 5.231,00 5783
325 409,29 1,83 0,85 23,00 5.247,00 5783
326 409,29 1,83 0,85 23,00 5.263,00 5783
327 409,29 1,83 0,85 23,00 5.279,00 5783
328 409,29 1,83 0,85 23,00 5.295,00 5783
329 409,29 1,83 0,85 23,00 5.311,00 5783
330 409,29 1,83 0,85 79,00 5.327,00 5783
331 409,29 1,83 0,85 79,00 5.343,00 5809
332 409,29 1,83 0,84 79,00 5.359,00 5815
333 409,29 1,83 0,84 79,00 5.375,00 5818
334 409,29 6,00 2,76 79,00 5.391,00 5819
335 409,29 6,00 2,76 79,00 5.407,00 5820
336 409,29 6,00 2,76 79,00 5.423,00 5820
337 409,29 6,00 2,76 79,00 5.439,00 5820
338 409,29 5,93 2,72 79,00 5.455,00 5820
339 409,29 5,93 2,72 79,00 5.471,00 5820
340 409,29 5,93 2,72 79,00 5.487,00 5820
341 409,29 5,93 2,72 79,00 5.503,00 5820
342 409,29 5,93 2,72 79,00 5.519,00 5820
343 409,29 5,93 2,72 79,00 5.535,00 5820
344 409,29 5,93 2,72 79,00 5.551,00 5820
345 409,29 5,93 2,72 79,00 5.567,00 5820
346 409,29 5,93 2,72 79,00 5.583,00 5820
347 409,29 5,93 2,72 79,00 5.599,00 5820
348 409,29 5,76 2,65 79,00 5.615,00 5820
349 409,29 5,76 2,65 79,00 5.631,00 5820
350 409,29 5,76 2,65 79,00 5.647,00 5820
351 409,29 5,76 2,65 79,00 5.663,00 5820
352 409,29 5,76 2,65 79,00 5.679,00 5820
353 409,29 5,76 2,65 79,00 5.695,00 5820
354 409,29 5,76 2,65 79,00 5.711,00 5820
355 409,29 5,76 2,65 79,00 5.727,00 5820
356 409,29 5,76 2,65 79,00 5.743,00 5820
357 409,29 5,76 2,65 79,00 5.759,00 5820
358 409,29 5,76 2,65 79,00 5.775,00 5820
359 409,29 5,76 2,65 79,00 5.791,00 5820
360 409,29 5,76 2,65 8,00 5.807,00 5820
361 409,29 5,76 2,65 8,00 5.823,00 5827
362 409,29 5,76 2,61 8,00 5.839,00 5827
363 409,29 5,76 2,61 8,00 5.855,00 5827
364 409,29 5,76 2,61 8,00 5.871,00 5827
365 409,29 5,76 2,61 8,00 5.887,00 5827
366 409,29 5,76 2,61 8,00 5.903,00 5827
367 409,29 5,76 2,61 8,00 5.919,00 5827
368 409,29 5,76 2,61 8,00 5.935,00 5827
369 409,29 5,76 2,61 8,00 5.951,00 5827
370 409,29 5,76 2,61 8,00 5.967,00 5827
371 409,29 0,55 0,25 8,00 5.983,00 5827
372 409,29 0,55 0,25 8,00 5.999,00 5827
373 409,29 0,55 0,25 8,00 6.015,00 5827
374 409,29 0,55 0,25 8,00 6.031,00 5827
375 409,29 0,55 0,25 8,00 6.047,00 5827
376 409,29 0,55 0,25 8,00 6.063,00 5827
377 409,29 0,55 0,25 8,00 6.079,00 5827
378 409,29 0,55 0,25 8,00 6.095,00 5827
379 409,29 0,54 0,24 8,00 6.111,00 5827
380 409,29 0,53 0,24 8,00 6.127,00 5827
381 409,29 0,53 0,24 8,00 6.143,00 5827
382 409,29 0,53 0,24 8,00 6.159,00 5827
383 409,29 0,53 0,24 8,00 6.175,00 5833
384 409,29 0,53 0,24 8,00 6.191,00 5833
385 409,29 0,53 0,24 8,00 6.207,00 5833
386 409,29 0,53 0,24 8,00 6.223,00 5833
387 409,29 0,53 0,24 8,00 6.239,00 5833
388 409,29 0,53 0,24 8,00 6.255,00 5833
389 409,29 0,53 0,24 8,00 6.271,00 5833
390 409,29 0,52 0,23 102,00 6.287,00 5833
391 409,29 6,62 2,97 102,00 6.303,00 5854
392 409,29 6,62 2,96 102,00 6.319,00 5858
393 409,29 6,62 2,96 102,00 6.335,00 5861
394 409,29 6,57 2,94 102,00 6.351,00 5861
395 409,29 6,57 2,94 102,00 6.367,00 5861
396 409,29 6,57 2,94 102,00 6.383,00 5861
397 409,29 6,57 2,94 102,00 6.399,00 5861
398 409,29 6,57 2,94 102,00 6.415,00 5861
399 409,29 6,57 2,94 102,00 6.431,00 5861
400 409,29 6,57 2,94 102,00 6.447,00 5861
401 409,29 6,57 2,94 102,00 6.463,00 5865
402 409,29 6,57 2,94 102,00 6.479,00 5866
403 409,29 6,57 2,94 102,00 6.495,00 5866
404 409,29 6,57 2,94 102,00 6.511,00 5866
405 409,29 6,40 2,86 102,00 6.527,00 5866
406 409,29 6,40 2,86 102,00 6.543,00 5866
407 409,29 6,40 2,86 102,00 6.559,00 5866
408 409,29 6,40 2,86 102,00 6.575,00 5866
409 409,29 6,40 2,86 102,00 6.591,00 5866
410 409,29 6,40 2,86 102,00 6.607,00 5866
411 409,29 6,40 2,86 102,00 6.623,00 5866
412 409,29 6,40 2,86 102,00 6.639,00 5866
413 409,29 6,40 2,86 102,00 6.655,00 5866
414 409,29 6,26 2,80 102,00 6.671,00 5866
415 409,29 6,26 2,80 102,00 6.687,00 5866
416 409,29 6,26 2,80 102,00 6.703,00 5866
417 409,29 6,21 2,78 102,00 6.719,00 5866
418 409,29 6,21 2,78 102,00 6.735,00 5866
419 409,29 6,21 2,78 102,00 6.751,00 5866
420 409,29 6,21 2,78 26,00 6.767,00 5866
421 409,29 6,21 2,78 26,00 6.783,00 5875
422 409,29 1,57 0,69 26,00 6.799,00 5878
423 409,29 1,57 0,69 26,00 6.815,00 5879
424 409,29 1,57 0,69 26,00 6.831,00 5879
425 409,29 1,57 0,69 26,00 6.847,00 5879
426 409,29 1,57 0,69 26,00 6.863,00 5879
427 409,29 1,57 0,69 26,00 6.879,00 5879
428 409,29 1,54 0,68 26,00 6.895,00 5880
429 409,29 1,54 0,68 26,00 6.911,00 5880
430 409,29 1,54 0,68 26,00 6.927,00 5880
431 409,29 1,54 0,68 26,00 6.943,00 5880
432 409,29 1,54 0,68 26,00 6.959,00 5880
433 409,29 1,54 0,68 26,00 6.975,00 5880
434 409,29 1,54 0,68 26,00 6.991,00 5880
435 409,29 1,54 0,68 26,00 7.007,00 5880
436 409,29 1,54 0,68 26,00 7.023,00 5880
437 409,29 1,54 0,68 26,00 7.039,00 5880
438 409,29 1,54 0,68 26,00 7.055,00 5880
439 409,29 1,50 0,66 26,00 7.071,00 5880
440 409,29 1,50 0,66 26,00 7.087,00 5880
441 409,29 1,50 0,66 26,00 7.103,00 5880
442 409,29 1,50 0,66 26,00 7.119,00 5880
443 409,29 1,50 0,66 26,00 7.135,00 5880
444 409,29 1,50 0,66 26,00 7.151,00 5880
445 409,29 1,50 0,66 26,00 7.167,00 5880
446 409,29 1,50 0,66 26,00 7.183,00 5880
447 409,29 1,50 0,66 26,00 7.199,00 5880
448 409,29 1,50 0,66 26,00 7.215,00 5880
449 409,29 1,50 0,66 26,00 7.231,00 5880
450 409,29 1,50 0,66 86,00 7.247,00 5880
451 409,29 1,50 0,66 86,00 7.263,00 5901
452 409,29 1,50 0,65 86,00 7.279,00 5908
453 409,29 1,50 0,65 86,00 7.295,00 5908
454 409,29 1,50 0,65 86,00 7.311,00 5908
455 409,29 1,50 0,65 86,00 7.327,00 5908
456 409,29 1,50 0,65 86,00 7.343,00 5909
457 409,29 1,50 0,65 86,00 7.359,00 5909
458 409,29 1,50 0,65 86,00 7.375,00 5909
459 409,29 1,50 0,65 86,00 7.391,00 5909
460 409,29 1,50 0,65 86,00 7.407,00 5909
461 409,29 1,50 0,65 86,00 7.423,00 5909
462 409,29 1,50 0,65 86,00 7.439,00 5909
463 409,29 1,50 0,65 86,00 7.455,00 5909
464 409,29 1,50 0,65 86,00 7.471,00 5909
465 409,29 1,50 0,65 86,00 7.487,00 5909
466 409,29 1,50 0,65 86,00 7.503,00 5909
467 409,29 1,50 0,65 86,00 7.519,00 5909
468 409,29 1,50 0,65 86,00 7.535,00 5909
469 409,29 1,50 0,65 86,00 7.551,00 5909
470 409,29 1,50 0,65 86,00 7.567,00 5909
471 409,29 4,64 2,02 86,00 7.583,00 5909
472 409,29 4,64 2,02 86,00 7.599,00 5909
473 409,29 4,64 2,02 86,00 7.615,00 5909
474 409,29 4,64 2,02 86,00 7.631,00 5909
475 409,29 4,64 2,02 86,00 7.647,00 5909
476 409,29 4,64 2,02 86,00 7.663,00 5909
477 409,29 4,64 2,02 86,00 7.679,00 5909
478 409,29 4,64 2,02 86,00 7.695,00 5909
479 409,29 4,64 2,02 86,00 7.711,00 5909
480 409,29 4,64 2,02 28,00 7.727,00 5909
481 409,29 4,64 2,02 28,00 7.743,00 5915
482 409,29 4,64 1,99 28,00 7.759,00 5916
483 409,29 4,64 1,99 28,00 7.775,00 5916
484 409,29 4,64 1,99 28,00 7.791,00 5916
485 409,29 4,64 1,99 28,00 7.807,00 5916
486 409,29 4,64 1,99 28,00 7.823,00 5916
487 409,29 4,64 1,99 28,00 7.839,00 5916
488 409,29 4,64 1,99 28,00 7.855,00 5916
489 409,29 4,64 1,99 28,00 7.871,00 5916
490 409,29 4,64 1,99 28,00 7.887,00 5916
491 409,29 4,64 1,99 28,00 7.903,00 5916
492 409,29 4,64 1,99 28,00 7.919,00 5916
493 409,29 4,64 1,99 28,00 7.935,00 5916
494 409,29 4,64 1,99 28,00 7.951,00 5916
495 409,29 4,64 1,99 28,00 7.967,00 5916
496 409,29 4,64 1,99 28,00 7.983,00 5916
497 409,29 4,64 1,99 28,00 7.999,00 5916
498 409,29 4,64 1,99 28,00 8.015,00 5916
499 409,29 4,64 1,99 28,00 8.031,00 5916
500 409,29 4,64 1,99 28,00 8.047,00 5916
501 409,29 4,64 1,99 28,00 8.063,00 5916
502 409,29 4,64 1,99 28,00 8.079,00 5916
503 409,29 4,64 1,99 28,00 8.095,00 5916
504 409,29 4,64 1,99 28,00 8.111,00 5916
505 409,29 4,64 1,99 28,00 8.127,00 5919
506 409,29 4,64 1,97 28,00 8.143,00 5919
507 409,29 4,64 1,97 28,00 8.159,00 5919
508 409,29 4,64 1,97 28,00 8.175,00 5919
509 409,29 4,64 1,97 28,00 8.191,00 5919
510 409,29 4,64 1,97 1,00 8.207,00 5919
511 409,29 4,64 1,97 1,00 8.223,00 5935
512 409,29 4,64 1,97 1,00 8.239,00 5937
513 409,29 4,64 1,97 1,00 8.255,00 5938
514 409,29 4,64 1,97 1,00 8.271,00 5938
515 409,29 4,64 1,97 1,00 8.287,00 5938
516 409,29 4,64 1,97 1,00 8.303,00 5938
517 409,29 4,64 1,97 1,00 8.319,00 5938
518 409,29 4,64 1,97 1,00 8.335,00 5938
519 409,29 4,64 1,97 1,00 8.351,00 5938
520 409,29 4,64 1,97 1,00 8.367,00 5938
521 409,29 4,64 1,97 1,00 8.383,00 5938
522 409,29 4,64 1,97 1,00 8.399,00 5938
523 409,29 4,64 1,97 1,00 8.415,00 5938
524 409,29 4,64 1,97 1,00 8.431,00 5938
525 409,29 4,64 1,97 1,00 8.447,00 5938
526 409,29 4,64 1,97 1,00 8.463,00 5938
527 409,29 4,64 1,97 1,00 8.479,00 5938
528 409,29 4,64 1,97 1,00 8.495,00 5938
529 409,29 4,64 1,97 1,00 8.511,00 5938
530 409,29 4,64 1,97 1,00 8.527,00 5938
531 409,29 4,64 1,97 1,00 8.543,00 5938
532 409,29 4,64 1,97 1,00 8.559,00 5938
533 409,29 4,64 1,97 1,00 8.575,00 5938
534 409,29 4,64 1,97 1,00 8.591,00 5938
535 409,29 4,64 1,97 1,00 8.607,00 5938
536 409,29 4,64 1,97 1,00 8.623,00 5938
537 409,29 4,64 1,97 1,00 8.639,00 5938
538 409,29 4,64 1,97 1,00 8.655,00 5938
539 409,29 4,64 1,97 1,00 8.671,00 5938
540 409,29 4,64 1,97 1,00 8.687,00 5938
541 409,29 4,64 1,97 1,00 8.703,00 5942
542 409,29 4,64 1,94 1,00 8.719,00 5944
543 409,29 4,64 1,94 1,00 8.735,00 5946
544 409,29 0,05 0,02 1,00 8.751,00 5947
545 409,29 0,05 0,02 1,00 8.756,00 5958
546 409,29 0,05 0,02 1,00 8.769,00 5965
547 409,29 0,05 0,02 1,00 8.785,00 5965
548 409,29 0,05 0,02 1,00 8.801,00 5965
549 409,29 0,05 0,02 1,00 8.817,00 5965
550 409,29 0,05 0,02 1,00 8.833,00 5965
551 409,29 0,05 0,02 1,00 8.849,00 5965
552 409,29 0,05 0,02 1,00 8.865,00 5965
553 409,29 0,05 0,02 1,00 8.881,00 5965
554 409,29 0,05 0,02 1,00 8.897,00 5965
555 409,29 0,05 0,02 1,00 8.913,00 5965
556 409,29 0,05 0,02 1,00 8.929,00 5965
557 409,29 0,05 0,02 1,00 8.945,00 5965
558 409,29 0,05 0,02 1,00 8.961,00 5965
559 409,29 0,05 0,02 1,00 8.976,00 5969
560 409,29 0,05 0,02 1,00 8.992,00 5969
561 409,29 0,05 0,02 1,00 9.008,00 5969
562 409,29 0,05 0,02 1,00 9.024,00 5969
563 409,29 0,05 0,02 1,00 9.040,00 5969
564 409,29 0,05 0,02 1,00 9.056,00 5969
565 409,29 0,05 0,02 1,00 9.072,00 5969
566 409,29 0,05 0,02 1,00 9.088,00 5969
567 409,29 0,05 0,02 1,00 9.104,00 5969
568 409,29 0,05 0,02 1,00 9.120,00 5969
569 409,29 0,04 0,02 1,00 9.136,00 5969
570 409,29 0,04 0,02 99,00 9.152,00 5969
571 409,29 4,43 1,84 99,00 9.167,00 5988
572 409,29 4,41 1,82 99,00 9.183,00 5994
573 409,29 4,41 1,82 99,00 9.199,00 5999
574 409,29 4,41 1,82 99,00 9.215,00 6004
575 409,29 4,41 1,82 99,00 9.231,00 6007
576 409,29 4,41 1,82 99,00 9.247,00 6009
577 409,29 4,41 1,82 99,00 9.263,00 6010
578 409,29 4,41 1,82 99,00 9.279,00 6010
579 409,29 4,41 1,82 99,00 9.295,00 6010
580 409,29 4,41 1,82 99,00 9.311,00 6010
581 409,29 4,41 1,82 99,00 9.327,00 6010
582 409,29 4,41 1,82 99,00 9.343,00 6010
583 409,29 4,41 1,82 99,00 9.359,00 6010
584 409,29 4,41 1,82 99,00 9.375,00 6010
585 409,29 4,41 1,82 99,00 9.391,00 6010
586 409,29 4,31 1,77 99,00 9.407,00 6010
587 409,29 4,31 1,77 99,00 9.423,00 6010
588 409,29 4,31 1,77 99,00 9.439,00 6010
589 409,29 4,31 1,77 99,00 9.455,00 6010
590 409,29 4,31 1,77 99,00 9.471,00 6010
591 409,29 4,31 1,77 99,00 9.487,00 6010
592 409,29 4,31 1,77 99,00 9.503,00 6010
593 409,29 4,31 1,77 99,00 9.519,00 6010
594 409,29 4,31 1,77 99,00 9.535,00 6010
595 409,29 4,31 1,77 99,00 9.551,00 6010
596 409,29 4,31 1,77 99,00 9.567,00 6010
597 409,29 4,31 1,77 99,00 9.583,00 6010
598 409,29 4,31 1,77 99,00 9.599,00 6010
599 409,29 4,31 1,77 99,00 9.615,00 6010
600 409,29 4,21 1,73 19,00 9.631,00 6010
601 409,29 4,21 1,73 19,00 9.647,00 6019
602 409,29 4,21 1,72 19,00 9.663,00 6021
603 409,29 0,80 0,33 19,00 9.679,00 6022
604 409,29 0,80 0,33 19,00 9.695,00 6022
605 409,29 0,80 0,33 19,00 9.711,00 6022
606 409,29 0,80 0,33 19,00 9.727,00 6022
607 409,29 0,80 0,33 19,00 9.743,00 6022
608 409,29 0,80 0,32 19,00 9.759,00 6023
609 409,29 0,80 0,32 19,00 9.775,00 6023
610 409,29 0,80 0,32 19,00 9.791,00 6023
611 409,29 0,80 0,32 19,00 9.807,00 6023
612 409,29 0,80 0,32 19,00 9.823,00 6023
613 409,29 0,80 0,32 19,00 9.839,00 6023
614 409,29 0,80 0,32 19,00 9.855,00 6023
615 409,29 0,80 0,32 19,00 9.871,00 6023
616 409,29 0,80 0,32 19,00 9.887,00 6023
617 409,29 0,80 0,32 19,00 9.903,00 6023
618 409,29 0,80 0,32 19,00 9.919,00 6023
619 409,29 0,80 0,32 19,00 9.935,00 6023
620 409,29 0,80 0,32 19,00 9.951,00 6023
621 409,29 0,80 0,32 19,00 9.967,00 6023
622 409,29 0,80 0,32 19,00 9.983,00 6023
623 409,29 0,80 0,32 19,00 9.999,00 6023
624 409,29 0,80 0,32 19,00 10.015,00 6023
625 409,29 0,80 0,32 19,00 10.031,00 6023
626 409,29 0,80 0,32 19,00 10.047,00 6023
627 409,29 0,80 0,32 19,00 10.063,00 6023
628 409,29 0,80 0,32 19,00 10.079,00 6023
629 409,29 0,80 0,32 19,00 10.095,00 6023
630 409,29 0,77 0,31 101,00 10.111,00 6023
631 409,29 0,77 0,31 101,00 10.127,00 6039
632 409,29 0,77 0,31 101,00 10.143,00 6043
633 409,29 0,77 0,31 101,00 10.159,00 6043
634 409,29 0,77 0,31 101,00 10.175,00 6043
635 409,29 0,77 0,31 101,00 10.191,00 6043
636 409,29 0,77 0,31 101,00 10.207,00 6043
637 409,29 0,77 0,31 101,00 10.223,00 6043
638 409,29 0,77 0,31 101,00 10.239,00 6043
639 409,29 0,77 0,31 101,00 10.255,00 6043
640 409,29 0,77 0,31 101,00 10.271,00 6043
641 409,29 0,77 0,31 101,00 10.287,00 6043
642 409,29 0,77 0,31 101,00 10.303,00 6043
643 409,29 0,77 0,31 101,00 10.319,00 6043
644 409,29 0,77 0,31 101,00 10.335,00 6043
645 409,29 0,77 0,31 101,00 10.351,00 6043
646 409,29 0,77 0,31 101,00 10.367,00 6043
647 409,29 0,77 0,31 101,00 10.383,00 6043
648 409,29 0,77 0,31 101,00 10.399,00 6043
649 409,29 0,77 0,31 101,00 10.415,00 6043
650 409,29 0,77 0,31 101,00 10.431,00 6043
651 409,29 0,77 0,31 101,00 10.447,00 6043
652 409,29 0,77 0,31 101,00 10.463,00 6043
653 409,29 0,77 0,31 101,00 10.479,00 6043
654 409,29 0,77 0,31 101,00 10.495,00 6043
655 409,29 0,77 0,31 101,00 10.511,00 6043
656 409,29 0,77 0,31 101,00 10.527,00 6043
657 409,29 0,77 0,31 101,00 10.543,00 6043
658 409,29 0,77 0,31 101,00 10.559,00 6043
659 409,29 3,91 1,57 101,00 10.575,00 6043
660 409,29 3,91 1,57 31,00 10.591,00 6043
661 409,29 3,91 1,57 31,00 10.607,00 6047
662 409,29 3,91 1,55 31,00 10.623,00 6047
663 409,29 3,91 1,55 31,00 10.639,00 6047
664 409,29 3,91 1,55 31,00 10.655,00 6047
665 409,29 3,91 1,55 31,00 10.671,00 6047
666 409,29 3,91 1,55 31,00 10.687,00 6047
667 409,29 3,91 1,55 31,00 10.703,00 6047
668 409,29 3,91 1,55 31,00 10.719,00 6048
669 409,29 3,91 1,55 31,00 10.735,00 6048
670 409,29 3,91 1,55 31,00 10.751,00 6048
671 409,29 3,91 1,55 31,00 10.767,00 6048
672 409,29 3,91 1,55 31,00 10.783,00 6048
673 409,29 3,91 1,55 31,00 10.799,00 6048
674 409,29 3,91 1,55 31,00 10.815,00 6048
675 409,29 3,91 1,55 31,00 10.831,00 6048
676 409,29 3,91 1,55 31,00 10.847,00 6048
677 409,29 3,91 1,55 31,00 10.863,00 6048
678 409,29 1,17 0,46 31,00 10.879,00 6048
679 409,29 1,17 0,46 31,00 10.895,00 6048
680 409,29 1,17 0,46 31,00 10.911,00 6048
681 409,29 1,17 0,46 31,00 10.927,00 6048
682 409,29 1,17 0,46 31,00 10.943,00 6048
683 409,29 1,17 0,46 31,00 10.959,00 6048
684 409,29 1,17 0,46 31,00 10.975,00 6048
685 409,29 1,17 0,46 31,00 10.991,00 6048
686 409,29 1,17 0,46 31,00 11.007,00 6048
687 409,29 1,17 0,46 31,00 11.023,00 6048
688 409,29 1,17 0,46 31,00 11.039,00 6048
689 409,29 1,17 0,46 31,00 11.055,00 6048
690 409,29 1,17 0,46 99,00 11.071,00 6048
691 409,29 1,17 0,46 99,00 11.087,00 6060
692 409,29 1,17 0,46 99,00 11.103,00 6063
693 409,29 1,17 0,46 99,00 11.119,00 6066
694 409,29 1,17 0,46 99,00 11.135,00 6067
695 409,29 1,17 0,46 99,00 11.151,00 6068
696 409,29 1,17 0,46 99,00 11.167,00 6070
697 409,29 1,17 0,46 99,00 11.183,00 6070
698 409,29 3,62 1,42 99,00 11.199,00 6070
699 409,29 3,62 1,42 99,00 11.215,00 6070
700 409,29 3,62 1,42 99,00 11.231,00 6070
701 409,29 3,60 1,41 99,00 11.247,00 6070
702 409,29 3,60 1,41 99,00 11.263,00 6070
703 409,29 3,60 1,41 99,00 11.279,00 6070
704 409,29 3,60 1,41 99,00 11.295,00 6070
705 409,29 3,60 1,41 99,00 11.311,00 6070
706 409,29 3,60 1,41 99,00 11.327,00 6070
707 409,29 3,60 1,41 99,00 11.343,00 6070
708 409,29 3,57 1,40 99,00 11.359,00 6070
709 409,29 3,57 1,40 99,00 11.375,00 6070
710 409,29 3,57 1,40 99,00 11.391,00 6070
711 409,29 3,55 1,39 99,00 11.407,00 6070
712 409,29 3,55 1,39 99,00 11.423,00 6070
713 409,29 3,54 1,39 99,00 11.439,00 6070
714 409,29 3,54 1,39 99,00 11.455,00 6070
715 409,29 3,54 1,39 99,00 11.471,00 6070
716 409,29 3,54 1,39 99,00 11.487,00 6070
717 409,29 3,52 1,38 99,00 11.503,00 6070
718 409,29 3,52 1,38 99,00 11.519,00 6070
719 409,29 3,52 1,38 99,00 11.535,00 6070
720 409,29 3,52 1,38 39,00 11.551,00 6070
721 409,29 3,52 1,38 39,00 11.567,00 6073
722 409,29 3,52 1,37 39,00 11.583,00 6073
723 409,29 3,52 1,37 39,00 11.599,00 6073
724 409,29 3,52 1,37 39,00 11.615,00 6073
725 409,29 3,52 1,37 39,00 11.631,00 6073
726 409,29 3,52 1,37 39,00 11.647,00 6073
727 409,29 3,52 1,37 39,00 11.663,00 6073
728 409,29 3,52 1,37 39,00 11.679,00 6073
729 409,29 3,52 1,37 39,00 11.695,00 6073
730 409,29 3,52 1,37 39,00 11.711,00 6073
731 409,29 3,52 1,37 39,00 11.727,00 6073
732 409,29 3,52 1,37 39,00 11.743,00 6073
733 409,29 3,52 1,37 39,00 11.759,00 6073
734 409,29 3,52 1,37 39,00 11.775,00 6073
735 409,29 3,52 1,37 39,00 11.791,00 6073
736 409,29 3,52 1,37 39,00 11.807,00 6073
737 409,29 3,52 1,37 39,00 11.823,00 6073
738 409,29 3,52 1,37 39,00 11.839,00 6073
739 409,29 3,52 1,37 39,00 11.855,00 6073
740 409,29 3,52 1,37 39,00 11.871,00 6073
741 409,29 3,52 1,37 39,00 11.887,00 6073
742 409,29 1,34 0,52 39,00 11.903,00 6073
743 409,29 1,34 0,52 39,00 11.919,00 6073
744 409,29 1,34 0,52 39,00 11.935,00 6073
745 409,29 1,34 0,52 39,00 11.951,00 6073
746 409,29 1,34 0,52 39,00 11.967,00 6073
747 409,29 1,34 0,52 39,00 11.983,00 6073
748 409,29 1,34 0,52 39,00 11.999,00 6073
749 409,29 1,34 0,52 39,00 12.015,00 6073
750 409,29 1,33 0,51 85,00 12.031,00 6073
751 409,29 1,33 0,51 85,00 12.047,00 6081
752 409,29 1,33 0,51 85,00 12.063,00 6085
753 409,29 1,33 0,51 85,00 12.079,00 6085
754 409,29 1,33 0,51 85,00 12.095,00 6085
755 409,29 1,33 0,51 85,00 12.111,00 6085
756 409,29 1,33 0,51 85,00 12.127,00 6085
757 409,29 1,33 0,51 85,00 12.143,00 6085
758 409,29 1,33 0,51 85,00 12.159,00 6091
759 409,29 1,33 0,51 85,00 12.175,00 6094
760 409,29 1,33 0,51 85,00 12.191,00 6096
761 409,29 2,85 1,09 85,00 12.207,00 6097
762 409,29 2,85 1,09 85,00 12.223,00 6098
763 409,29 2,85 1,09 85,00 12.239,00 6098
764 409,29 2,85 1,09 85,00 12.255,00 6098
765 409,29 2,85 1,09 85,00 12.271,00 6098
766 409,29 2,83 1,08 85,00 12.287,00 6098
767 409,29 2,83 1,08 85,00 12.303,00 6098
768 409,29 2,83 1,08 85,00 12.319,00 6098
769 409,29 2,82 1,08 85,00 12.335,00 6098
770 409,29 2,82 1,08 85,00 12.351,00 6098
771 409,29 2,82 1,08 85,00 12.367,00 6098
772 409,29 2,82 1,08 85,00 12.383,00 6098
773 409,29 2,82 1,08 85,00 12.399,00 6098
774 409,29 2,82 1,08 85,00 12.415,00 6098
775 409,29 2,82 1,08 85,00 12.431,00 6098
776 409,29 2,82 1,08 85,00 12.447,00 6098
777 409,29 2,82 1,08 85,00 12.463,00 6098
778 409,29 2,82 1,08 85,00 12.479,00 6098
779 409,29 2,78 1,06 85,00 12.495,00 6098
780 409,29 2,78 1,06 41,00 12.511,00 6098
781 409,29 2,78 1,06 41,00 12.527,00 6102
782 409,29 2,78 1,05 41,00 12.543,00 6107
783 409,29 1,34 0,51 41,00 12.559,00 6110
784 409,29 1,34 0,51 41,00 12.575,00 6111
785 409,29 1,34 0,51 41,00 12.591,00 6111
786 409,29 1,34 0,51 41,00 12.607,00 6111
787 409,29 1,34 0,51 41,00 12.623,00 6111
788 409,29 1,34 0,51 41,00 12.639,00 6111
789 409,29 1,33 0,50 41,00 12.655,00 6111
790 409,29 1,33 0,50 41,00 12.671,00 6111
791 409,29 1,33 0,50 41,00 12.687,00 6111
792 409,29 1,33 0,50 41,00 12.703,00 6111
793 409,29 1,33 0,50 41,00 12.719,00 6111
794 409,29 1,33 0,50 41,00 12.735,00 6111
795 409,29 1,33 0,50 41,00 12.751,00 6111
796 409,29 1,33 0,50 41,00 12.767,00 6111
797 409,29 1,33 0,50 41,00 12.783,00 6111
798 409,29 1,33 0,50 41,00 12.799,00 6111
799 409,29 1,33 0,50 41,00 12.815,00 6111
800 409,29 1,33 0,50 41,00 12.831,00 6111
801 409,29 1,33 0,50 41,00 12.847,00 6111
802 409,29 1,33 0,50 41,00 12.863,00 6111
803 409,29 1,33 0,50 41,00 12.879,00 6111
804 409,29 1,33 0,50 41,00 12.895,00 6111
805 409,29 1,33 0,50 41,00 12.911,00 6111
806 409,29 1,33 0,50 41,00 12.927,00 6111
807 409,29 1,33 0,50 41,00 12.943,00 6111
808 409,29 1,33 0,50 41,00 12.959,00 6111
809 409,29 1,33 0,50 41,00 12.975,00 6111
810 409,29 1,33 0,50 89,00 12.991,00 6111
811 409,29 1,33 0,50 89,00 13.007,00 6120
812 409,29 2,80 1,05 89,00 13.023,00 6122
813 409,29 2,80 1,05 89,00 13.039,00 6123
814 409,29 2,80 1,05 89,00 13.055,00 6123
815 409,29 2,80 1,05 89,00 13.071,00 6123
816 409,29 2,80 1,05 89,00 13.087,00 6123
817 409,29 2,80 1,05 89,00 13.103,00 6123
818 409,29 2,80 1,05 89,00 13.119,00 6123
819 409,29 2,80 1,05 89,00 13.135,00 6123
820 409,29 2,80 1,05 89,00 13.151,00 6123
821 409,29 2,80 1,05 89,00 13.167,00 6123
822 409,29 2,80 1,05 89,00 13.183,00 6123
823 409,29 2,80 1,05 89,00 13.199,00 6123
824 409,29 2,80 1,05 89,00 13.215,00 6123
825 409,29 2,80 1,05 89,00 13.231,00 6123
826 409,29 2,80 1,05 89,00 13.247,00 6123
827 409,29 2,80 1,05 89,00 13.263,00 6123
828 409,29 2,80 1,05 89,00 13.279,00 6123
829 409,29 2,80 1,05 89,00 13.295,00 6123
830 409,29 2,80 1,05 89,00 13.311,00 6123
831 409,29 2,80 1,05 89,00 13.327,00 6123
832 409,29 2,80 1,05 89,00 13.343,00 6123
833 409,29 2,80 1,05 89,00 13.359,00 6123
834 409,29 2,80 1,05 89,00 13.375,00 6123
835 409,29 2,72 1,02 89,00 13.391,00 6123
836 409,29 2,72 1,02 89,00 13.407,00 6123
837 409,29 2,71 1,01 89,00 13.423,00 6123
838 409,29 2,71 1,01 89,00 13.439,00 6123
839 409,29 2,71 1,01 89,00 13.455,00 6123
840 409,29 2,71 1,01 42,00 13.471,00 6123
841 409,29 2,71 1,01 42,00 13.487,00 6130
842 409,29 2,71 1,00 42,00 13.503,00 6130
843 409,29 2,71 1,00 42,00 13.519,00 6130
844 409,29 2,71 1,00 42,00 13.535,00 6130
845 409,29 2,71 1,00 42,00 13.551,00 6130
846 409,29 2,71 1,00 42,00 13.567,00 6130
847 409,29 2,71 1,00 42,00 13.583,00 6130
848 409,29 1,26 0,47 42,00 13.599,00 6130
849 409,29 1,26 0,47 42,00 13.615,00 6130
850 409,29 1,26 0,47 42,00 13.631,00 6130
851 409,29 1,26 0,47 42,00 13.647,00 6130
852 409,29 1,26 0,47 42,00 13.663,00 6130
853 409,29 1,26 0,46 42,00 13.679,00 6130
854 409,29 1,26 0,46 42,00 13.695,00 6130
855 409,29 1,26 0,46 42,00 13.711,00 6130
856 409,29 1,26 0,46 42,00 13.727,00 6130
857 409,29 1,26 0,46 42,00 13.743,00 6130
858 409,29 1,26 0,46 42,00 13.759,00 6130
859 409,29 1,26 0,46 42,00 13.775,00 6130
860 409,29 1,25 0,46 42,00 13.791,00 6130
861 409,29 1,25 0,46 42,00 13.807,00 6130
862 409,29 1,24 0,46 42,00 13.823,00 6130
863 409,29 1,24 0,46 42,00 13.839,00 6130
864 409,29 1,24 0,46 42,00 13.855,00 6130
865 409,29 1,24 0,46 42,00 13.871,00 6130
866 409,29 1,24 0,46 42,00 13.887,00 6130
867 409,29 1,24 0,46 42,00 13.903,00 6130
868 409,29 1,24 0,46 42,00 13.919,00 6130
869 409,29 1,23 0,46 42,00 13.935,00 6130
870 409,29 1,23 0,46 92,00 13.951,00 6130
871 409,29 1,23 0,46 92,00 13.967,00 6139
872 409,29 1,23 0,45 92,00 13.983,00 6142
873 409,29 1,23 0,45 92,00 13.999,00 6144
874 409,29 1,23 0,45 92,00 14.015,00 6144
875 409,29 1,23 0,45 92,00 14.031,00 6152
876 409,29 2,68 0,98 92,00 14.047,00 6155
877 409,29 2,68 0,98 92,00 14.063,00 6156
878 409,29 2,68 0,98 92,00 14.079,00 6156
879 409,29 2,68 0,98 92,00 14.095,00 6156
880 409,29 2,68 0,98 92,00 14.111,00 6156
881 409,29 2,68 0,98 92,00 14.127,00 6156
882 409,29 2,68 0,98 92,00 14.143,00 6156
883 409,29 2,68 0,98 92,00 14.159,00 6156
884 409,29 2,68 0,98 92,00 14.175,00 6156
885 409,29 2,68 0,98 92,00 14.191,00 6156
886 409,29 2,68 0,98 92,00 14.207,00 6156
887 409,29 2,65 0,96 92,00 14.223,00 6156
888 409,29 2,65 0,96 92,00 14.239,00 6156
889 409,29 2,65 0,96 92,00 14.255,00 6156
890 409,29 2,65 0,96 92,00 14.271,00 6156
891 409,29 2,65 0,96 92,00 14.287,00 6156
892 409,29 2,65 0,96 92,00 14.303,00 6156
893 409,29 2,65 0,96 92,00 14.319,00 6156
894 409,29 2,63 0,96 92,00 14.335,00 6156
895 409,29 2,63 0,96 92,00 14.351,00 6156
896 409,29 2,63 0,96 92,00 14.367,00 6156
897 409,29 2,63 0,96 92,00 14.383,00 6156
898 409,29 2,63 0,96 92,00 14.399,00 6156
899 409,29 2,63 0,96 92,00 14.415,00 6156
900 409,29 2,63 0,96 29,00 14.431,00 6156
901 409,29 2,63 0,96 29,00 14.447,00 6161
902 409,29 2,63 0,95 29,00 14.463,00 6162
903 409,29 2,63 0,95 29,00 14.479,00 6163
904 409,29 2,63 0,95 29,00 14.495,00 6163
905 409,29 2,63 0,95 29,00 14.511,00 6164
906 409,29 0,82 0,29 29,00 14.527,00 6165
907 409,29 0,82 0,29 29,00 14.543,00 6165
908 409,29 0,82 0,29 29,00 14.559,00 6165
909 409,29 0,82 0,29 29,00 14.575,00 6165
910 409,29 0,82 0,29 29,00 14.591,00 6165
911 409,29 0,82 0,29 29,00 14.607,00 6165
912 409,29 0,82 0,29 29,00 14.623,00 6165
913 409,29 0,82 0,29 29,00 14.639,00 6165
914 409,29 0,82 0,29 29,00 14.655,00 6165
915 409,29 0,81 0,29 29,00 14.671,00 6165
916 409,29 0,81 0,29 29,00 14.687,00 6165
917 409,29 0,81 0,29 29,00 14.703,00 6165
918 409,29 0,81 0,29 29,00 14.719,00 6165
919 409,29 0,81 0,29 29,00 14.735,00 6165
920 409,29 0,81 0,29 29,00 14.751,00 6165
921 409,29 0,81 0,29 29,00 14.767,00 6165
922 409,29 0,81 0,29 29,00 14.783,00 6165
923 409,29 0,81 0,29 29,00 14.799,00 6165
924 409,29 0,81 0,29 29,00 14.815,00 6165
925 409,29 0,80 0,29 29,00 14.831,00 6165
926 409,29 0,80 0,29 29,00 14.847,00 6165
927 409,29 0,80 0,29 29,00 14.863,00 6165
928 409,29 0,80 0,29 29,00 14.879,00 6165
929 409,29 0,80 0,29 29,00 14.895,00 6165
930 409,29 0,80 0,29 99,00 14.911,00 6165
931 409,29 0,80 0,29 99,00 14.927,00 6173
932 409,29 0,80 0,29 99,00 14.943,00 6176
933 409,29 0,80 0,29 99,00 14.959,00 6176
934 409,29 2,71 0,96 99,00 14.975,00 6176
935 409,29 2,71 0,96 99,00 14.991,00 6176
936 409,29 2,71 0,96 99,00 15.007,00 6177
937 409,29 2,71 0,96 99,00 15.023,00 6177
938 409,29 2,71 0,96 99,00 15.039,00 6177
939 409,29 2,71 0,96 99,00 15.055,00 6177
940 409,29 2,71 0,96 99,00 15.071,00 6177
941 409,29 2,71 0,96 99,00 15.087,00 6177
942 409,29 2,68 0,96 99,00 15.103,00 6177
943 409,29 2,68 0,96 99,00 15.119,00 6177
944 409,29 2,68 0,96 99,00 15.135,00 6177
945 409,29 2,68 0,96 99,00 15.151,00 6177
946 409,29 2,68 0,96 99,00 15.167,00 6177
947 409,29 2,68 0,96 99,00 15.183,00 6177
948 409,29 2,68 0,96 99,00 15.199,00 6177
949 409,29 2,68 0,96 99,00 15.215,00 6177
950 409,29 2,68 0,96 99,00 15.231,00 6177
951 409,29 2,68 0,96 99,00 15.247,00 6177
952 409,29 2,68 0,96 99,00 15.263,00 6177
953 409,29 2,68 0,96 99,00 15.279,00 6177
954 409,29 2,68 0,96 99,00 15.295,00 6177
955 409,29 2,68 0,96 99,00 15.311,00 6177
956 409,29 2,68 0,96 99,00 15.327,00 6177
957 409,29 2,68 0,96 99,00 15.343,00 6177
958 409,29 2,68 0,96 99,00 15.359,00 6177
959 409,29 2,68 0,96 99,00 15.375,00 6177
960 409,29 2,68 0,96 37,00 15.391,00 6177
961 409,29 2,68 0,96 37,00 15.407,00 6179
962 409,29 2,68 0,95 37,00 15.423,00 6180
963 409,29 2,68 0,95 37,00 15.439,00 6180
964 409,29 0,98 0,35 37,00 15.455,00 6180
965 409,29 0,98 0,35 37,00 15.471,00 6181
966 409,29 0,98 0,35 37,00 15.487,00 6181
967 409,29 0,98 0,35 37,00 15.503,00 6181
968 409,29 0,98 0,35 37,00 15.519,00 6181
969 409,29 0,98 0,35 37,00 15.535,00 6181
970 409,29 0,98 0,35 37,00 15.551,00 6181
971 409,29 0,98 0,35 37,00 15.567,00 6181
972 409,29 0,98 0,35 37,00 15.583,00 6181
973 409,29 0,98 0,35 37,00 15.599,00 6181
974 409,29 0,98 0,35 37,00 15.615,00 6181
975 409,29 0,98 0,35 37,00 15.631,00 6181
976 409,29 0,98 0,35 37,00 15.647,00 6181
977 409,29 0,98 0,35 37,00 15.663,00 6181
978 409,29 0,98 0,35 37,00 15.679,00 6181
979 409,29 0,98 0,35 37,00 15.695,00 6181
980 409,29 0,98 0,35 37,00 15.711,00 6181
981 409,29 0,98 0,35 37,00 15.727,00 6181
982 409,29 0,98 0,35 37,00 15.743,00 6181
983 409,29 0,96 0,34 37,00 15.759,00 6181
984 409,29 0,96 0,34 37,00 15.775,00 6181
985 409,29 0,96 0,34 37,00 15.791,00 6181
986 409,29 0,96 0,34 37,00 15.807,00 6181
987 409,29 0,96 0,34 37,00 15.823,00 6181
988 409,29 0,96 0,34 37,00 15.839,00 6181
989 409,29 0,96 0,34 37,00 15.855,00 6181
990 409,29 0,96 0,34 89,00 15.871,00 6181
991 409,29 0,96 0,34 89,00 15.887,00 6187
992 409,29 0,96 0,34 89,00 15.903,00 6189
993 409,29 2,29 0,80 89,00 15.919,00 6189
994 409,29 2,29 0,80 89,00 15.935,00 6189
995 409,29 2,29 0,80 89,00 15.951,00 6189
996 409,29 2,29 0,80 89,00 15.967,00 6189
997 409,29 2,29 0,80 89,00 15.983,00 6189
998 409,29 2,29 0,80 89,00 15.999,00 6189
999 409,29 2,29 0,80 89,00 16.015,00 6189
