500
0 298,71 298,71 298,71 1,00 50,00
1 298,71 0,00 0,00 1,00 42,00
2 298,71 298,71 298,71 99,00 52,00
3 298,71 0,00 0,00 1,00 63,00
4 298,71 298,71 298,71 99,00 73,00
5 298,71 0,00 0,00 1,00 84,00
6 298,71 298,71 298,71 99,00 94,00
7 298,71 0,00 0,00 1,00 105,00
8 298,71 0,00 0,00 99,00 110,00
9 298,71 298,71 298,71 197,00 120,00
10 298,71 0,00 0,00 97,00 131,00
11 298,71 298,71 298,71 195,00 141,00
12 298,71 0,00 0,00 95,00 152,00
13 298,71 298,71 298,71 193,00 162,00
14 298,71 0,00 0,00 93,00 173,00
15 298,71 298,71 298,71 191,00 183,00
16 298,71 0,00 0,00 91,00 194,00
17 298,71 0,00 0,00 189,00 200,00
18 298,71 298,71 298,71 287,00 210,00
19 298,71 0,00 0,00 188,00 221,00
20 298,71 298,71 298,71 286,00 231,00
21 298,71 0,00 0,00 186,00 242,00
22 298,71 298,71 298,71 284,00 252,00
23 298,71 0,00 0,00 184,00 263,00
24 298,71 298,71 298,71 282,00 273,00
25 298,71 0,00 0,00 182,00 284,00
26 298,71 0,00 0,00 280,00 291,00
27 298,71 298,71 298,71 378,00 301,00
28 298,71 0,00 0,00 278,00 312,00
29 298,71 298,71 298,71 376,00 322,00
30 298,71 0,00 0,00 276,00 333,00
31 298,71 298,71 298,71 374,00 343,00
32 298,71 0,00 0,00 274,00 354,00
33 298,71 298,71 298,71 372,00 364,00
34 298,71 0,00 0,00 272,00 375,00
35 298,71 0,00 0,00 370,00 381,00
36 298,71 298,71 298,71 468,00 391,00
37 298,71 0,00 0,00 368,00 402,00
38 298,71 298,71 298,71 466,00 412,00
39 298,71 0,00 0,00 366,00 423,00
40 298,71 298,71 298,71 464,00 433,00
41 298,71 0,00 0,00 364,00 444,00
42 298,71 298,71 298,71 462,00 454,00
43 298,71 0,00 0,00 362,00 465,00
44 298,71 0,00 0,00 460,00 471,00
45 298,71 298,71 298,71 558,00 481,00
46 298,71 0,00 0,00 458,00 492,00
47 298,71 298,71 298,71 556,00 502,00
48 298,71 0,00 0,00 456,00 513,00
49 298,71 298,71 298,71 554,00 523,00
50 298,71 0,00 0,00 454,00 534,00
51 298,71 298,71 298,71 552,00 544,00
52 298,71 0,00 0,00 452,00 555,00
53 298,71 0,00 0,00 550,00 561,00
54 298,71 298,71 298,71 648,00 571,00
55 298,71 0,00 0,00 548,00 582,00
56 298,71 298,71 298,71 646,00 592,00
57 298,71 0,00 0,00 546,00 603,00
58 298,71 298,71 298,71 644,00 613,00
59 298,71 0,00 0,00 544,00 624,00
60 298,71 298,71 298,71 642,00 634,00
61 298,71 0,00 0,00 542,00 645,00
62 298,71 0,00 0,00 640,00 651,00
63 298,71 298,71 298,71 738,00 661,00
64 298,71 0,00 0,00 638,00 672,00
65 298,71 298,71 298,71 736,00 682,00
66 298,71 0,00 0,00 636,00 693,00
67 298,71 298,71 298,71 734,00 703,00
68 298,71 0,00 0,00 634,00 714,00
69 298,71 298,71 298,71 732,00 724,00
70 298,71 0,00 0,00 632,00 735,00
71 298,71 0,00 0,00 730,00 741,00
72 298,71 298,71 298,71 828,00 751,00
73 298,71 0,00 0,00 728,00 762,00
74 298,71 298,71 298,71 826,00 772,00
75 298,71 0,00 0,00 727,00 783,00
76 298,71 298,71 298,71 825,00 793,00
77 298,71 0,00 0,00 726,00 804,00
78 298,71 298,71 298,71 824,00 814,00
79 298,71 0,00 0,00 724,00 825,00
80 298,71 0,00 0,00 822,00 833,00
81 298,71 298,71 298,71 920,00 843,00
82 298,71 0,00 0,00 820,00 854,00
83 298,71 298,71 298,71 918,00 864,00
84 298,71 0,00 0,00 818,00 875,00
85 298,71 298,71 298,71 916,00 885,00
86 298,71 0,00 0,00 817,00 896,00
87 298,71 298,71 298,71 915,00 906,00
88 298,71 0,00 0,00 815,00 917,00
89 298,71 0,00 0,00 913,00 924,00
90 298,71 298,71 298,71 1.011,00 934,00
91 298,71 0,00 0,00 911,00 945,00
92 298,71 298,71 298,71 1.009,00 955,00
93 298,71 0,00 0,00 909,00 966,00
94 298,71 298,71 298,71 1.007,00 976,00
95 298,71 0,00 0,00 908,00 987,00
96 298,71 298,71 298,71 1.006,00 997,00
97 298,71 0,00 0,00 906,00 1.008,00
98 298,71 0,00 0,00 1.004,00 1.015,00
99 298,71 298,71 298,71 1.102,00 1.025,00
100 298,71 0,00 0,00 1.002,00 1.036,00
101 298,71 298,71 298,71 1.100,00 1.046,00
102 298,71 0,00 0,00 1.000,00 1.057,00
103 298,71 298,71 298,71 1.098,00 1.067,00
104 298,71 0,00 0,00 999,00 1.078,00
105 298,71 298,71 298,71 1.097,00 1.088,00
106 298,71 0,00 0,00 997,00 1.099,00
107 298,71 0,00 0,00 1.095,00 1.106,00
108 298,71 298,71 298,71 1.193,00 1.116,00
109 298,71 0,00 0,00 1.093,00 1.127,00
110 298,71 298,71 298,71 1.191,00 1.137,00
111 298,71 0,00 0,00 1.092,00 1.148,00
112 298,71 298,71 298,71 1.190,00 1.158,00
113 298,71 0,00 0,00 1.091,00 1.169,00
114 298,71 298,71 298,71 1.189,00 1.179,00
115 298,71 0,00 0,00 1.089,00 1.190,00
116 298,71 0,00 0,00 1.187,00 1.198,00
117 298,71 298,71 298,71 1.285,00 1.208,00
118 298,71 0,00 0,00 1.185,00 1.219,00
119 298,71 298,71 298,71 1.283,00 1.229,00
120 298,71 0,00 0,00 1.183,00 1.240,00
121 298,71 298,71 298,71 1.281,00 1.250,00
122 298,71 0,00 0,00 1.181,00 1.261,00
123 298,71 298,71 298,71 1.279,00 1.271,00
124 298,71 0,00 0,00 1.179,00 1.282,00
125 298,71 0,00 0,00 1.277,00 1.288,00
126 298,71 298,71 298,71 1.375,00 1.298,00
127 298,71 0,00 0,00 1.275,00 1.309,00
128 298,71 298,71 298,71 1.373,00 1.319,00
129 298,71 0,00 0,00 1.273,00 1.330,00
130 298,71 298,71 298,71 1.371,00 1.340,00
131 298,71 0,00 0,00 1.271,00 1.351,00
132 298,71 298,71 298,71 1.369,00 1.361,00
133 298,71 0,00 0,00 1.269,00 1.372,00
134 298,71 0,00 0,00 1.367,00 1.378,00
135 298,71 298,71 298,71 1.465,00 1.388,00
136 298,71 0,00 0,00 1.365,00 1.399,00
137 298,71 298,71 298,71 1.463,00 1.409,00
138 298,71 0,00 0,00 1.364,00 1.420,00
139 298,71 298,71 298,71 1.462,00 1.430,00
140 298,71 0,00 0,00 1.362,00 1.441,00
141 298,71 298,71 298,71 1.460,00 1.451,00
142 298,71 0,00 0,00 1.360,00 1.462,00
143 298,71 0,00 0,00 1.458,00 1.469,00
144 298,71 298,71 298,71 1.556,00 1.479,00
145 298,71 0,00 0,00 1.456,00 1.490,00
146 298,71 298,71 298,71 1.554,00 1.500,00
147 298,71 0,00 0,00 1.455,00 1.511,00
148 298,71 298,71 298,71 1.553,00 1.521,00
149 298,71 0,00 0,00 1.453,00 1.532,00
150 298,71 298,71 298,71 1.551,00 1.542,00
151 298,71 0,00 0,00 1.451,00 1.553,00
152 298,71 0,00 0,00 1.549,00 1.560,00
153 298,71 298,71 298,71 1.647,00 1.570,00
154 298,71 0,00 0,00 1.547,00 1.581,00
155 298,71 298,71 298,71 1.645,00 1.591,00
156 298,71 0,00 0,00 1.545,00 1.602,00
157 298,71 298,71 298,71 1.643,00 1.612,00
158 298,71 0,00 0,00 1.543,00 1.623,00
159 298,71 298,71 298,71 1.641,00 1.633,00
160 298,71 0,00 0,00 1.541,00 1.644,00
161 298,71 0,00 0,00 1.639,00 1.650,00
162 298,71 298,71 298,71 1.737,00 1.660,00
163 298,71 0,00 0,00 1.637,00 1.671,00
164 298,71 298,71 298,71 1.735,00 1.681,00
165 298,71 0,00 0,00 1.635,00 1.692,00
166 298,71 298,71 298,71 1.733,00 1.702,00
167 298,71 0,00 0,00 1.633,00 1.713,00
168 298,71 298,71 298,71 1.731,00 1.723,00
169 298,71 0,00 0,00 1.631,00 1.734,00
170 298,71 0,00 0,00 1.729,00 1.740,00
171 298,71 298,71 298,71 1.827,00 1.750,00
172 298,71 0,00 0,00 1.727,00 1.761,00
173 298,71 298,71 298,71 1.825,00 1.771,00
174 298,71 0,00 0,00 1.725,00 1.782,00
175 298,71 298,71 298,71 1.823,00 1.792,00
176 298,71 0,00 0,00 1.723,00 1.803,00
177 298,71 298,71 298,71 1.821,00 1.813,00
178 298,71 0,00 0,00 1.721,00 1.824,00
179 298,71 0,00 0,00 1.819,00 1.830,00
180 298,71 298,71 298,71 1.917,00 1.840,00
181 298,71 0,00 0,00 1.817,00 1.851,00
182 298,71 298,71 298,71 1.915,00 1.861,00
183 298,71 0,00 0,00 1.815,00 1.872,00
184 298,71 298,71 298,71 1.913,00 1.882,00
185 298,71 0,00 0,00 1.813,00 1.893,00
186 298,71 298,71 298,71 1.911,00 1.903,00
187 298,71 0,00 0,00 1.811,00 1.914,00
188 298,71 0,00 0,00 1.909,00 1.920,00
189 298,71 298,71 298,71 2.007,00 1.930,00
190 298,71 0,00 0,00 1.907,00 1.941,00
191 298,71 298,71 298,71 2.005,00 1.951,00
192 298,71 0,00 0,00 1.906,00 1.962,00
193 298,71 298,71 298,71 2.004,00 1.972,00
194 298,71 0,00 0,00 1.904,00 1.983,00
195 298,71 298,71 298,71 2.002,00 1.993,00
196 298,71 0,00 0,00 1.902,00 2.004,00
197 298,71 0,00 0,00 2.000,00 2.011,00
198 298,71 298,71 298,71 2.098,00 2.021,00
199 298,71 0,00 0,00 1.998,00 2.032,00
200 298,71 298,71 298,71 2.096,00 2.042,00
201 298,71 0,00 0,00 1.996,00 2.053,00
202 298,71 298,71 298,71 2.094,00 2.063,00
203 298,71 0,00 0,00 1.994,00 2.074,00
204 298,71 298,71 298,71 2.092,00 2.084,00
205 298,71 0,00 0,00 1.992,00 2.095,00
206 298,71 0,00 0,00 2.090,00 2.101,00
207 298,71 298,71 298,71 2.188,00 2.111,00
208 298,71 0,00 0,00 2.088,00 2.122,00
209 298,71 298,71 298,71 2.186,00 2.132,00
210 298,71 0,00 0,00 2.086,00 2.143,00
211 298,71 298,71 298,71 2.184,00 2.153,00
212 298,71 0,00 0,00 2.084,00 2.164,00
213 298,71 298,71 298,71 2.182,00 2.174,00
214 298,71 0,00 0,00 2.082,00 2.185,00
215 298,71 0,00 0,00 2.180,00 2.191,00
216 298,71 298,71 298,71 2.278,00 2.201,00
217 298,71 0,00 0,00 2.178,00 2.212,00
218 298,71 298,71 298,71 2.276,00 2.222,00
219 298,71 0,00 0,00 2.176,00 2.233,00
220 298,71 298,71 298,71 2.274,00 2.243,00
221 298,71 0,00 0,00 2.174,00 2.254,00
222 298,71 298,71 298,71 2.272,00 2.264,00
223 298,71 0,00 0,00 2.172,00 2.275,00
224 298,71 0,00 0,00 2.270,00 2.281,00
225 298,71 298,71 298,71 2.368,00 2.291,00
226 298,71 0,00 0,00 2.268,00 2.302,00
227 298,71 298,71 298,71 2.366,00 2.312,00
228 298,71 0,00 0,00 2.266,00 2.323,00
229 298,71 298,71 298,71 2.364,00 2.333,00
230 298,71 0,00 0,00 2.264,00 2.344,00
231 298,71 298,71 298,71 2.362,00 2.354,00
232 298,71 0,00 0,00 2.262,00 2.365,00
233 298,71 0,00 0,00 2.360,00 2.371,00
234 298,71 298,71 298,71 2.458,00 2.381,00
235 298,71 0,00 0,00 2.358,00 2.392,00
236 298,71 298,71 298,71 2.456,00 2.402,00
237 298,71 0,00 0,00 2.356,00 2.413,00
238 298,71 298,71 298,71 2.454,00 2.423,00
239 298,71 0,00 0,00 2.354,00 2.434,00
240 298,71 298,71 298,71 2.452,00 2.444,00
241 298,71 0,00 0,00 2.353,00 2.455,00
242 298,71 0,00 0,00 2.451,00 2.462,00
243 298,71 298,71 298,71 2.549,00 2.472,00
244 298,71 0,00 0,00 2.449,00 2.483,00
245 298,71 298,71 298,71 2.547,00 2.493,00
246 298,71 0,00 0,00 2.447,00 2.504,00
247 298,71 298,71 298,71 2.545,00 2.514,00
248 298,71 0,00 0,00 2.445,00 2.525,00
249 298,71 298,71 298,71 2.543,00 2.535,00
250 298,71 0,00 0,00 2.443,00 2.546,00
251 298,71 0,00 0,00 2.541,00 2.552,00
252 298,71 298,71 298,71 2.639,00 2.562,00
253 298,71 0,00 0,00 2.540,00 2.573,00
254 298,71 298,71 298,71 2.638,00 2.583,00
255 298,71 0,00 0,00 2.538,00 2.594,00
256 298,71 298,71 298,71 2.636,00 2.604,00
257 298,71 0,00 0,00 2.536,00 2.615,00
258 298,71 298,71 298,71 2.634,00 2.625,00
259 298,71 0,00 0,00 2.535,00 2.636,00
260 298,71 0,00 0,00 2.633,00 2.644,00
261 298,71 298,71 298,71 2.731,00 2.654,00
262 298,71 0,00 0,00 2.631,00 2.665,00
263 298,71 298,71 298,71 2.729,00 2.675,00
264 298,71 0,00 0,00 2.629,00 2.686,00
265 298,71 298,71 298,71 2.727,00 2.696,00
266 298,71 0,00 0,00 2.627,00 2.707,00
267 298,71 298,71 298,71 2.725,00 2.717,00
268 298,71 0,00 0,00 2.625,00 2.728,00
269 298,71 0,00 0,00 2.723,00 2.734,00
270 298,71 298,71 298,71 2.821,00 2.744,00
271 298,71 0,00 0,00 2.721,00 2.755,00
272 298,71 298,71 298,71 2.819,00 2.765,00
273 298,71 0,00 0,00 2.719,00 2.776,00
274 298,71 298,71 298,71 2.817,00 2.786,00
275 298,71 0,00 0,00 2.717,00 2.797,00
276 298,71 298,71 298,71 2.815,00 2.807,00
277 298,71 0,00 0,00 2.715,00 2.818,00
278 298,71 0,00 0,00 2.813,00 2.824,00
279 298,71 298,71 298,71 2.911,00 2.834,00
280 298,71 0,00 0,00 2.811,00 2.845,00
281 298,71 298,71 298,71 2.909,00 2.855,00
282 298,71 0,00 0,00 2.809,00 2.866,00
283 298,71 298,71 298,71 2.907,00 2.876,00
284 298,71 0,00 0,00 2.807,00 2.887,00
285 298,71 298,71 298,71 2.905,00 2.897,00
286 298,71 0,00 0,00 2.805,00 2.908,00
287 298,71 0,00 0,00 2.903,00 2.914,00
288 298,71 298,71 298,71 3.001,00 2.924,00
289 298,71 0,00 0,00 2.901,00 2.935,00
290 298,71 298,71 298,71 2.999,00 2.945,00
291 298,71 0,00 0,00 2.899,00 2.956,00
292 298,71 298,71 298,71 2.997,00 2.966,00
293 298,71 0,00 0,00 2.897,00 2.977,00
294 298,71 298,71 298,71 2.995,00 2.987,00
295 298,71 0,00 0,00 2.895,00 2.998,00
296 298,71 0,00 0,00 2.993,00 3.004,00
297 298,71 298,71 298,71 3.091,00 3.014,00
298 298,71 0,00 0,00 2.991,00 3.025,00
299 298,71 298,71 298,71 3.089,00 3.035,00
300 298,71 0,00 0,00 2.989,00 3.046,00
301 298,71 298,71 298,71 3.087,00 3.056,00
302 298,71 0,00 0,00 2.988,00 3.067,00
303 298,71 298,71 298,71 3.086,00 3.077,00
304 298,71 0,00 0,00 2.986,00 3.088,00
305 298,71 0,00 0,00 3.084,00 3.095,00
306 298,71 298,71 298,71 3.182,00 3.105,00
307 298,71 0,00 0,00 3.083,00 3.116,00
308 298,71 298,71 298,71 3.181,00 3.126,00
309 298,71 0,00 0,00 3.081,00 3.137,00
310 298,71 298,71 298,71 3.179,00 3.147,00
311 298,71 0,00 0,00 3.080,00 3.158,00
312 298,71 298,71 298,71 3.178,00 3.168,00
313 298,71 0,00 0,00 3.078,00 3.179,00
314 298,71 0,00 0,00 3.176,00 3.187,00
315 298,71 298,71 298,71 3.274,00 3.197,00
316 298,71 0,00 0,00 3.174,00 3.208,00
317 298,71 298,71 298,71 3.272,00 3.218,00
318 298,71 0,00 0,00 3.172,00 3.229,00
319 298,71 298,71 298,71 3.270,00 3.239,00
320 298,71 0,00 0,00 3.170,00 3.250,00
321 298,71 298,71 298,71 3.268,00 3.260,00
322 298,71 0,00 0,00 3.168,00 3.271,00
323 298,71 0,00 0,00 3.266,00 3.277,00
324 298,71 298,71 298,71 3.364,00 3.287,00
325 298,71 0,00 0,00 3.264,00 3.298,00
326 298,71 298,71 298,71 3.362,00 3.308,00
327 298,71 0,00 0,00 3.262,00 3.319,00
328 298,71 298,71 298,71 3.360,00 3.329,00
329 298,71 0,00 0,00 3.260,00 3.340,00
330 298,71 298,71 298,71 3.358,00 3.350,00
331 298,71 0,00 0,00 3.258,00 3.361,00
332 298,71 0,00 0,00 3.356,00 3.367,00
333 298,71 298,71 298,71 3.454,00 3.377,00
334 298,71 0,00 0,00 3.354,00 3.388,00
335 298,71 298,71 298,71 3.452,00 3.398,00
336 298,71 0,00 0,00 3.352,00 3.409,00
337 298,71 298,71 298,71 3.450,00 3.419,00
338 298,71 0,00 0,00 3.350,00 3.430,00
339 298,71 298,71 298,71 3.448,00 3.440,00
340 298,71 0,00 0,00 3.348,00 3.451,00
341 298,71 0,00 0,00 3.446,00 3.457,00
342 298,71 298,71 298,71 3.544,00 3.467,00
343 298,71 0,00 0,00 3.444,00 3.478,00
344 298,71 298,71 298,71 3.542,00 3.488,00
345 298,71 0,00 0,00 3.442,00 3.499,00
346 298,71 298,71 298,71 3.540,00 3.509,00
347 298,71 0,00 0,00 3.441,00 3.520,00
348 298,71 298,71 298,71 3.539,00 3.530,00
349 298,71 0,00 0,00 3.439,00 3.541,00
350 298,71 0,00 0,00 3.537,00 3.548,00
351 298,71 298,71 298,71 3.635,00 3.558,00
352 298,71 0,00 0,00 3.535,00 3.569,00
353 298,71 298,71 298,71 3.633,00 3.579,00
354 298,71 0,00 0,00 3.533,00 3.590,00
355 298,71 298,71 298,71 3.631,00 3.600,00
356 298,71 0,00 0,00 3.531,00 3.611,00
357 298,71 298,71 298,71 3.629,00 3.621,00
358 298,71 0,00 0,00 3.529,00 3.632,00
359 298,71 0,00 0,00 3.627,00 3.638,00
360 298,71 298,71 298,71 3.725,00 3.648,00
361 298,71 0,00 0,00 3.625,00 3.659,00
362 298,71 298,71 298,71 3.723,00 3.669,00
363 298,71 0,00 0,00 3.623,00 3.680,00
364 298,71 298,71 298,71 3.721,00 3.690,00
365 298,71 0,00 0,00 3.621,00 3.701,00
366 298,71 298,71 298,71 3.719,00 3.711,00
367 298,71 0,00 0,00 3.620,00 3.722,00
368 298,71 0,00 0,00 3.718,00 3.729,00
369 298,71 298,71 298,71 3.816,00 3.739,00
370 298,71 0,00 0,00 3.716,00 3.750,00
371 298,71 298,71 298,71 3.814,00 3.760,00
372 298,71 0,00 0,00 3.714,00 3.771,00
373 298,71 298,71 298,71 3.812,00 3.781,00
374 298,71 0,00 0,00 3.712,00 3.792,00
375 298,71 298,71 298,71 3.810,00 3.802,00
376 298,71 0,00 0,00 3.710,00 3.813,00
377 298,71 0,00 0,00 3.808,00 3.819,00
378 298,71 298,71 298,71 3.906,00 3.829,00
379 298,71 0,00 0,00 3.806,00 3.840,00
380 298,71 298,71 298,71 3.904,00 3.850,00
381 298,71 0,00 0,00 3.804,00 3.861,00
382 298,71 298,71 298,71 3.902,00 3.871,00
383 298,71 0,00 0,00 3.802,00 3.882,00
384 298,71 298,71 298,71 3.900,00 3.892,00
385 298,71 0,00 0,00 3.800,00 3.903,00
386 298,71 0,00 0,00 3.898,00 3.909,00
387 298,71 298,71 298,71 3.996,00 3.919,00
388 298,71 0,00 0,00 3.896,00 3.930,00
389 298,71 298,71 298,71 3.994,00 3.940,00
390 298,71 0,00 0,00 3.894,00 3.951,00
391 298,71 298,71 298,71 3.992,00 3.961,00
392 298,71 0,00 0,00 3.892,00 3.972,00
393 298,71 298,71 298,71 3.990,00 3.982,00
394 298,71 0,00 0,00 3.890,00 3.993,00
395 298,71 0,00 0,00 3.988,00 3.999,00
396 298,71 298,71 298,71 4.086,00 4.009,00
397 298,71 0,00 0,00 3.986,00 4.020,00
398 298,71 298,71 298,71 4.084,00 4.030,00
399 298,71 0,00 0,00 3.984,00 4.041,00
400 298,71 298,71 298,71 4.082,00 4.051,00
401 298,71 0,00 0,00 3.982,00 4.062,00
402 298,71 298,71 298,71 4.080,00 4.072,00
403 298,71 0,00 0,00 3.980,00 4.083,00
404 298,71 0,00 0,00 4.078,00 4.089,00
405 298,71 298,71 298,71 4.176,00 4.099,00
406 298,71 0,00 0,00 4.076,00 4.110,00
407 298,71 298,71 298,71 4.174,00 4.120,00
408 298,71 0,00 0,00 4.074,00 4.131,00
409 298,71 298,71 298,71 4.172,00 4.141,00
410 298,71 0,00 0,00 4.072,00 4.152,00
411 298,71 298,71 298,71 4.170,00 4.162,00
412 298,71 0,00 0,00 4.070,00 4.173,00
413 298,71 0,00 0,00 4.168,00 4.179,00
414 298,71 298,71 298,71 4.266,00 4.189,00
415 298,71 0,00 0,00 4.166,00 4.200,00
416 298,71 298,71 298,71 4.264,00 4.210,00
417 298,71 0,00 0,00 4.164,00 4.221,00
418 298,71 298,71 298,71 4.262,00 4.231,00
419 298,71 0,00 0,00 4.162,00 4.242,00
420 298,71 298,71 298,71 4.260,00 4.252,00
421 298,71 0,00 0,00 4.160,00 4.263,00
422 298,71 0,00 0,00 4.258,00 4.269,00
423 298,71 298,71 298,71 4.356,00 4.279,00
424 298,71 0,00 0,00 4.256,00 4.290,00
425 298,71 298,71 298,71 4.354,00 4.300,00
426 298,71 0,00 0,00 4.254,00 4.311,00
427 298,71 298,71 298,71 4.352,00 4.321,00
428 298,71 0,00 0,00 4.253,00 4.332,00
429 298,71 298,71 298,71 4.351,00 4.342,00
430 298,71 0,00 0,00 4.252,00 4.353,00
431 298,71 0,00 0,00 4.350,00 4.361,00
432 298,71 298,71 298,71 4.448,00 4.371,00
433 298,71 0,00 0,00 4.348,00 4.382,00
434 298,71 298,71 298,71 4.446,00 4.392,00
435 298,71 0,00 0,00 4.346,00 4.403,00
436 298,71 298,71 298,71 4.444,00 4.413,00
437 298,71 0,00 0,00 4.344,00 4.424,00
438 298,71 298,71 298,71 4.442,00 4.434,00
439 298,71 0,00 0,00 4.342,00 4.445,00
440 298,71 0,00 0,00 4.440,00 4.451,00
441 298,71 298,71 298,71 4.538,00 4.461,00
442 298,71 0,00 0,00 4.438,00 4.472,00
443 298,71 298,71 298,71 4.536,00 4.482,00
444 298,71 0,00 0,00 4.437,00 4.493,00
445 298,71 298,71 298,71 4.535,00 4.503,00
446 298,71 0,00 0,00 4.435,00 4.514,00
447 298,71 298,71 298,71 4.533,00 4.524,00
448 298,71 0,00 0,00 4.433,00 4.535,00
449 298,71 0,00 0,00 4.531,00 4.542,00
450 298,71 298,71 298,71 4.629,00 4.552,00
451 298,71 0,00 0,00 4.530,00 4.563,00
452 298,71 298,71 298,71 4.628,00 4.573,00
453 298,71 0,00 0,00 4.528,00 4.584,00
454 298,71 298,71 298,71 4.626,00 4.594,00
455 298,71 0,00 0,00 4.527,00 4.605,00
456 298,71 298,71 298,71 4.625,00 4.615,00
457 298,71 0,00 0,00 4.525,00 4.626,00
458 298,71 0,00 0,00 4.623,00 4.634,00
459 298,71 298,71 298,71 4.721,00 4.644,00
460 298,71 0,00 0,00 4.621,00 4.655,00
461 298,71 298,71 298,71 4.719,00 4.665,00
462 298,71 0,00 0,00 4.619,00 4.676,00
463 298,71 298,71 298,71 4.717,00 4.686,00
464 298,71 0,00 0,00 4.617,00 4.697,00
465 298,71 298,71 298,71 4.715,00 4.707,00
466 298,71 0,00 0,00 4.615,00 4.718,00
467 298,71 0,00 0,00 4.713,00 4.724,00
468 298,71 298,71 298,71 4.811,00 4.734,00
469 298,71 0,00 0,00 4.711,00 4.745,00
470 298,71 298,71 298,71 4.809,00 4.755,00
471 298,71 0,00 0,00 4.709,00 4.766,00
472 298,71 298,71 298,71 4.807,00 4.776,00
473 298,71 0,00 0,00 4.707,00 4.787,00
474 298,71 298,71 298,71 4.805,00 4.797,00
475 298,71 0,00 0,00 4.705,00 4.808,00
476 298,71 0,00 0,00 4.803,00 4.814,00
477 298,71 298,71 298,71 4.901,00 4.824,00
478 298,71 0,00 0,00 4.801,00 4.835,00
479 298,71 298,71 298,71 4.899,00 4.845,00
480 298,71 0,00 0,00 4.799,00 4.856,00
481 298,71 298,71 298,71 4.897,00 4.866,00
482 298,71 0,00 0,00 4.797,00 4.877,00
483 298,71 298,71 298,71 4.895,00 4.887,00
484 298,71 0,00 0,00 4.795,00 4.898,00
485 298,71 0,00 0,00 4.893,00 4.904,00
486 298,71 298,71 298,71 4.991,00 4.914,00
487 298,71 0,00 0,00 4.891,00 4.925,00
488 298,71 298,71 298,71 4.989,00 4.935,00
489 298,71 0,00 0,00 4.889,00 4.946,00
490 298,71 298,71 298,71 4.987,00 4.956,00
491 298,71 0,00 0,00 4.887,00 4.967,00
492 298,71 298,71 298,71 4.985,00 4.977,00
493 298,71 0,00 0,00 4.885,00 4.988,00
494 298,71 0,00 0,00 4.983,00 4.994,00
495 298,71 298,71 298,71 5.081,00 5.004,00
496 298,71 0,00 0,00 4.981,00 5.015,00
497 298,71 298,71 298,71 5.079,00 5.025,00
498 298,71 0,00 0,00 4.979,00 5.036,00
499 298,71 298,71 298,71 5.077,00 5.046,00
