500
0 343,13 343,13 343,13 1,00 97,00
1 343,13 0,00 0,00 1,00 106,00
2 343,13 0,00 0,00 99,00 108,00
3 343,13 343,13 258,69 197,00 114,00
4 343,13 0,00 0,00 100,00 123,00
5 343,13 343,13 241,72 198,00 131,00
6 343,13 0,00 0,00 101,00 140,00
7 343,13 343,13 253,95 199,00 148,00
8 343,13 0,00 0,00 99,00 157,00
9 343,13 343,13 260,59 197,00 165,00
10 343,13 0,00 0,00 99,00 174,00
11 343,13 343,13 266,13 197,00 182,00
12 343,13 0,00 0,00 98,00 191,00
13 343,13 0,00 0,00 196,00 199,00
14 343,13 343,13 280,86 294,00 207,00
15 343,13 0,00 0,00 194,00 216,00
16 343,13 343,13 278,07 292,00 224,00
17 343,13 0,00 0,00 192,00 233,00
18 343,13 343,13 278,12 290,00 241,00
19 343,13 0,00 0,00 190,00 250,00
20 343,13 343,13 278,26 288,00 258,00
21 343,13 0,00 0,00 188,00 267,00
22 343,13 343,13 277,86 286,00 275,00
23 343,13 0,00 0,00 186,00 284,00
24 343,13 0,00 0,00 284,00 292,00
25 343,13 343,13 277,77 382,00 300,00
26 343,13 0,00 0,00 282,00 309,00
27 343,13 343,13 277,72 380,00 317,00
28 343,13 0,00 0,00 280,00 326,00
29 343,13 343,13 277,75 378,00 334,00
30 343,13 0,00 0,00 278,00 343,00
31 343,13 343,13 277,78 376,00 351,00
32 343,13 0,00 0,00 276,00 360,00
33 343,13 343,13 277,87 374,00 368,00
34 343,13 0,00 0,00 274,00 377,00
35 343,13 0,00 0,00 372,00 381,00
36 343,13 343,13 277,96 470,00 389,00
37 343,13 0,00 0,00 370,00 398,00
38 343,13 343,13 278,09 468,00 406,00
39 343,13 0,00 0,00 368,00 415,00
40 343,13 343,13 278,22 466,00 423,00
41 343,13 0,00 0,00 366,00 432,00
42 343,13 343,13 278,31 464,00 440,00
43 343,13 0,00 0,00 364,00 449,00
44 343,13 343,13 278,44 462,00 457,00
45 343,13 0,00 0,00 362,00 466,00
46 343,13 0,00 0,00 460,00 469,00
47 343,13 343,13 278,69 558,00 477,00
48 343,13 0,00 0,00 458,00 486,00
49 343,13 343,13 278,85 556,00 494,00
50 343,13 0,00 0,00 456,00 503,00
51 343,13 343,13 279,05 554,00 511,00
52 343,13 0,00 0,00 454,00 520,00
53 343,13 343,13 279,26 552,00 528,00
54 343,13 0,00 0,00 452,00 537,00
55 343,13 343,13 279,47 550,00 545,00
56 343,13 0,00 0,00 450,00 554,00
57 343,13 0,00 0,00 548,00 557,00
58 343,13 343,13 279,81 646,00 565,00
59 343,13 0,00 0,00 546,00 574,00
60 343,13 343,13 280,07 644,00 582,00
61 343,13 0,00 0,00 544,00 591,00
62 343,13 343,13 280,32 642,00 599,00
63 343,13 0,00 0,00 542,00 608,00
64 343,13 343,13 280,59 640,00 616,00
65 343,13 0,00 0,00 540,00 625,00
66 343,13 343,13 280,86 638,00 633,00
67 343,13 0,00 0,00 538,00 642,00
68 343,13 0,00 0,00 636,00 645,00
69 343,13 343,13 281,27 734,00 653,00
70 343,13 0,00 0,00 634,00 662,00
71 343,13 343,13 281,53 732,00 670,00
72 343,13 0,00 0,00 632,00 679,00
73 343,13 343,13 281,82 730,00 687,00
74 343,13 0,00 0,00 630,00 696,00
75 343,13 343,13 282,15 728,00 704,00
76 343,13 0,00 0,00 628,00 713,00
77 343,13 343,13 282,51 726,00 721,00
78 343,13 0,00 0,00 626,00 730,00
79 343,13 0,00 0,00 724,00 733,00
80 343,13 343,13 283,05 822,00 741,00
81 343,13 0,00 0,00 722,00 750,00
82 343,13 343,13 283,44 820,00 758,00
83 343,13 0,00 0,00 720,00 767,00
84 343,13 343,13 283,82 818,00 775,00
85 343,13 0,00 0,00 718,00 784,00
86 343,13 343,13 284,23 816,00 792,00
87 343,13 0,00 0,00 716,00 801,00
88 343,13 343,13 284,63 814,00 809,00
89 343,13 0,00 0,00 714,00 818,00
90 343,13 0,00 0,00 812,00 821,00
91 343,13 343,13 285,21 910,00 829,00
92 343,13 0,00 0,00 810,00 838,00
93 343,13 343,13 285,64 908,00 846,00
94 343,13 0,00 0,00 808,00 855,00
95 343,13 343,13 286,12 906,00 863,00
96 343,13 0,00 0,00 806,00 872,00
97 343,13 343,13 286,58 904,00 880,00
98 343,13 0,00 0,00 804,00 889,00
99 343,13 343,13 287,03 902,00 897,00
100 343,13 0,00 0,00 802,00 906,00
101 343,13 0,00 0,00 900,00 909,00
102 343,13 343,13 287,74 998,00 917,00
103 343,13 0,00 0,00 898,00 926,00
104 343,13 343,13 288,21 996,00 934,00
105 343,13 0,00 0,00 896,00 943,00
106 343,13 343,13 288,69 994,00 951,00
107 343,13 0,00 0,00 894,00 960,00
108 343,13 343,13 289,15 992,00 968,00
109 343,13 0,00 0,00 892,00 977,00
110 343,13 343,13 289,64 990,00 985,00
111 343,13 0,00 0,00 890,00 994,00
112 343,13 0,00 0,00 988,00 997,00
113 343,13 343,13 290,39 1.086,00 1.005,00
114 343,13 0,00 0,00 986,00 1.014,00
115 343,13 343,13 290,86 1.084,00 1.022,00
116 343,13 0,00 0,00 984,00 1.031,00
117 343,13 343,13 291,36 1.082,00 1.039,00
118 343,13 0,00 0,00 982,00 1.048,00
119 343,13 343,13 291,85 1.080,00 1.056,00
120 343,13 0,00 0,00 980,00 1.065,00
121 343,13 343,13 292,36 1.078,00 1.073,00
122 343,13 0,00 0,00 978,00 1.082,00
123 343,13 0,00 0,00 1.076,00 1.085,00
124 343,13 343,13 293,14 1.174,00 1.093,00
125 343,13 0,00 0,00 1.074,00 1.102,00
126 343,13 343,13 293,64 1.172,00 1.110,00
127 343,13 0,00 0,00 1.072,00 1.119,00
128 343,13 343,13 294,20 1.170,00 1.127,00
129 343,13 0,00 0,00 1.070,00 1.136,00
130 343,13 343,13 294,78 1.168,00 1.144,00
131 343,13 0,00 0,00 1.068,00 1.153,00
132 343,13 343,13 295,34 1.166,00 1.161,00
133 343,13 0,00 0,00 1.066,00 1.170,00
134 343,13 0,00 0,00 1.164,00 1.173,00
135 343,13 343,13 296,15 1.262,00 1.181,00
136 343,13 0,00 0,00 1.162,00 1.190,00
137 343,13 343,13 296,70 1.260,00 1.198,00
138 343,13 0,00 0,00 1.160,00 1.207,00
139 343,13 343,13 297,27 1.258,00 1.215,00
140 343,13 0,00 0,00 1.158,00 1.224,00
141 343,13 343,13 297,83 1.256,00 1.232,00
142 343,13 0,00 0,00 1.156,00 1.241,00
143 343,13 343,13 298,40 1.254,00 1.249,00
144 343,13 0,00 0,00 1.154,00 1.258,00
145 343,13 0,00 0,00 1.252,00 1.261,00
146 343,13 343,13 299,27 1.350,00 1.269,00
147 343,13 0,00 0,00 1.250,00 1.278,00
148 343,13 343,13 299,86 1.348,00 1.286,00
149 343,13 0,00 0,00 1.248,00 1.295,00
150 343,13 343,13 300,47 1.346,00 1.303,00
151 343,13 0,00 0,00 1.246,00 1.312,00
152 343,13 343,13 301,05 1.344,00 1.320,00
153 343,13 0,00 0,00 1.244,00 1.329,00
154 343,13 343,13 301,62 1.342,00 1.337,00
155 343,13 0,00 0,00 1.242,00 1.346,00
156 343,13 0,00 0,00 1.340,00 1.349,00
157 343,13 343,13 302,50 1.438,00 1.357,00
158 343,13 0,00 0,00 1.338,00 1.366,00
159 343,13 343,13 303,07 1.436,00 1.374,00
160 343,13 0,00 0,00 1.336,00 1.383,00
161 343,13 343,13 303,63 1.434,00 1.391,00
162 343,13 0,00 0,00 1.334,00 1.400,00
163 343,13 343,13 304,20 1.432,00 1.408,00
164 343,13 0,00 0,00 1.332,00 1.417,00
165 343,13 343,13 304,80 1.430,00 1.425,00
166 343,13 0,00 0,00 1.330,00 1.434,00
167 343,13 0,00 0,00 1.428,00 1.437,00
168 343,13 343,13 305,67 1.526,00 1.445,00
169 343,13 0,00 0,00 1.426,00 1.454,00
170 343,13 343,13 306,23 1.524,00 1.462,00
171 343,13 0,00 0,00 1.424,00 1.471,00
172 343,13 343,13 306,81 1.522,00 1.479,00
173 343,13 0,00 0,00 1.422,00 1.488,00
174 343,13 343,13 307,38 1.520,00 1.496,00
175 343,13 0,00 0,00 1.420,00 1.505,00
176 343,13 343,13 307,96 1.518,00 1.513,00
177 343,13 0,00 0,00 1.418,00 1.522,00
178 343,13 0,00 0,00 1.516,00 1.525,00
179 343,13 343,13 308,82 1.614,00 1.533,00
180 343,13 0,00 0,00 1.514,00 1.542,00
181 343,13 343,13 309,38 1.612,00 1.550,00
182 343,13 0,00 0,00 1.512,00 1.559,00
183 343,13 343,13 309,98 1.610,00 1.567,00
184 343,13 0,00 0,00 1.510,00 1.576,00
185 343,13 343,13 310,58 1.608,00 1.584,00
186 343,13 0,00 0,00 1.508,00 1.593,00
187 343,13 343,13 311,15 1.606,00 1.601,00
188 343,13 0,00 0,00 1.506,00 1.610,00
189 343,13 0,00 0,00 1.604,00 1.613,00
190 343,13 343,13 311,99 1.702,00 1.621,00
191 343,13 0,00 0,00 1.602,00 1.630,00
192 343,13 343,13 312,57 1.700,00 1.638,00
193 343,13 0,00 0,00 1.600,00 1.647,00
194 343,13 343,13 313,17 1.698,00 1.655,00
195 343,13 0,00 0,00 1.598,00 1.664,00
196 343,13 343,13 313,75 1.696,00 1.672,00
197 343,13 0,00 0,00 1.596,00 1.681,00
198 343,13 343,13 314,34 1.694,00 1.689,00
199 343,13 0,00 0,00 1.594,00 1.698,00
200 343,13 0,00 0,00 1.692,00 1.701,00
201 343,13 343,13 315,22 1.790,00 1.709,00
202 343,13 0,00 0,00 1.690,00 1.718,00
203 343,13 343,13 315,79 1.788,00 1.726,00
204 343,13 0,00 0,00 1.688,00 1.735,00
205 343,13 343,13 316,34 1.786,00 1.743,00
206 343,13 0,00 0,00 1.686,00 1.752,00
207 343,13 343,13 316,89 1.784,00 1.760,00
208 343,13 0,00 0,00 1.684,00 1.769,00
209 343,13 343,13 317,45 1.782,00 1.777,00
210 343,13 0,00 0,00 1.682,00 1.786,00
211 343,13 0,00 0,00 1.780,00 1.789,00
212 343,13 343,13 318,29 1.878,00 1.797,00
213 343,13 0,00 0,00 1.778,00 1.806,00
214 343,13 343,13 318,84 1.876,00 1.814,00
215 343,13 0,00 0,00 1.776,00 1.823,00
216 343,13 343,13 319,38 1.874,00 1.831,00
217 343,13 0,00 0,00 1.774,00 1.840,00
218 343,13 343,13 319,93 1.872,00 1.848,00
219 343,13 0,00 0,00 1.772,00 1.857,00
220 343,13 343,13 320,50 1.870,00 1.865,00
221 343,13 0,00 0,00 1.770,00 1.874,00
222 343,13 0,00 0,00 1.868,00 1.877,00
223 343,13 343,13 321,31 1.966,00 1.885,00
224 343,13 0,00 0,00 1.866,00 1.894,00
225 343,13 343,13 321,82 1.964,00 1.902,00
226 343,13 0,00 0,00 1.864,00 1.911,00
227 343,13 343,13 322,33 1.962,00 1.919,00
228 343,13 0,00 0,00 1.862,00 1.928,00
229 343,13 343,13 322,86 1.960,00 1.936,00
230 343,13 0,00 0,00 1.860,00 1.945,00
231 343,13 343,13 323,40 1.958,00 1.953,00
232 343,13 0,00 0,00 1.858,00 1.962,00
233 343,13 0,00 0,00 1.956,00 1.965,00
234 343,13 343,13 324,19 2.054,00 1.973,00
235 343,13 0,00 0,00 1.954,00 1.982,00
236 343,13 343,13 324,72 2.052,00 1.990,00
237 343,13 0,00 0,00 1.952,00 1.999,00
238 343,13 343,13 325,24 2.050,00 2.007,00
239 343,13 0,00 0,00 1.950,00 2.016,00
240 343,13 343,13 325,77 2.048,00 2.024,00
241 343,13 0,00 0,00 1.948,00 2.033,00
242 343,13 343,13 326,29 2.046,00 2.041,00
243 343,13 0,00 0,00 1.946,00 2.050,00
244 343,13 0,00 0,00 2.044,00 2.053,00
245 343,13 343,13 327,06 2.142,00 2.061,00
246 343,13 0,00 0,00 2.042,00 2.070,00
247 343,13 343,13 327,58 2.140,00 2.078,00
248 343,13 0,00 0,00 2.040,00 2.087,00
249 343,13 343,13 328,10 2.138,00 2.095,00
250 343,13 0,00 0,00 2.038,00 2.104,00
251 343,13 343,13 328,59 2.136,00 2.112,00
252 343,13 0,00 0,00 2.036,00 2.121,00
253 343,13 343,13 329,08 2.134,00 2.129,00
254 343,13 0,00 0,00 2.034,00 2.138,00
255 343,13 0,00 0,00 2.132,00 2.141,00
256 343,13 343,13 329,84 2.230,00 2.149,00
257 343,13 0,00 0,00 2.130,00 2.158,00
258 343,13 343,13 330,32 2.228,00 2.166,00
259 343,13 0,00 0,00 2.128,00 2.175,00
260 343,13 343,13 330,79 2.226,00 2.183,00
261 343,13 0,00 0,00 2.126,00 2.192,00
262 343,13 343,13 331,27 2.224,00 2.200,00
263 343,13 0,00 0,00 2.124,00 2.209,00
264 343,13 343,13 331,75 2.222,00 2.217,00
265 343,13 0,00 0,00 2.122,00 2.226,00
266 343,13 0,00 0,00 2.220,00 2.229,00
267 343,13 343,13 332,47 2.318,00 2.237,00
268 343,13 0,00 0,00 2.218,00 2.246,00
269 343,13 343,13 332,93 2.316,00 2.254,00
270 343,13 0,00 0,00 2.216,00 2.263,00
271 343,13 343,13 333,39 2.314,00 2.271,00
272 343,13 0,00 0,00 2.214,00 2.280,00
273 343,13 343,13 333,83 2.312,00 2.288,00
274 343,13 0,00 0,00 2.212,00 2.297,00
275 343,13 343,13 334,29 2.310,00 2.305,00
276 343,13 0,00 0,00 2.210,00 2.314,00
277 343,13 0,00 0,00 2.308,00 2.317,00
278 343,13 343,13 334,95 2.406,00 2.325,00
279 343,13 0,00 0,00 2.306,00 2.334,00
280 343,13 343,13 335,39 2.404,00 2.342,00
281 343,13 0,00 0,00 2.304,00 2.351,00
282 343,13 343,13 335,84 2.402,00 2.359,00
283 343,13 0,00 0,00 2.302,00 2.368,00
284 343,13 343,13 336,29 2.400,00 2.376,00
285 343,13 0,00 0,00 2.300,00 2.385,00
286 343,13 343,13 336,73 2.398,00 2.393,00
287 343,13 0,00 0,00 2.298,00 2.402,00
288 343,13 0,00 0,00 2.396,00 2.405,00
289 343,13 343,13 337,38 2.494,00 2.413,00
290 343,13 0,00 0,00 2.394,00 2.422,00
291 343,13 343,13 337,82 2.492,00 2.430,00
292 343,13 0,00 0,00 2.392,00 2.439,00
293 343,13 343,13 338,27 2.490,00 2.447,00
294 343,13 0,00 0,00 2.390,00 2.456,00
295 343,13 343,13 338,68 2.488,00 2.464,00
296 343,13 0,00 0,00 2.388,00 2.473,00
297 343,13 343,13 339,09 2.486,00 2.481,00
298 343,13 0,00 0,00 2.386,00 2.490,00
299 343,13 0,00 0,00 2.484,00 2.493,00
300 343,13 343,13 339,73 2.582,00 2.501,00
301 343,13 0,00 0,00 2.482,00 2.510,00
302 343,13 343,13 340,16 2.580,00 2.518,00
303 343,13 0,00 0,00 2.480,00 2.527,00
304 343,13 343,13 340,57 2.578,00 2.535,00
305 343,13 0,00 0,00 2.478,00 2.544,00
306 343,13 343,13 340,97 2.576,00 2.552,00
307 343,13 0,00 0,00 2.476,00 2.561,00
308 343,13 343,13 341,37 2.574,00 2.569,00
309 343,13 0,00 0,00 2.474,00 2.578,00
310 343,13 0,00 0,00 2.572,00 2.581,00
311 343,13 343,13 341,98 2.670,00 2.589,00
312 343,13 0,00 0,00 2.570,00 2.598,00
313 343,13 343,13 342,37 2.668,00 2.606,00
314 343,13 0,00 0,00 2.568,00 2.615,00
315 343,13 343,13 342,76 2.666,00 2.623,00
316 343,13 0,00 0,00 2.566,00 2.632,00
317 343,13 343,13 343,16 2.664,00 2.640,00
318 343,13 0,00 0,00 2.564,00 2.649,00
319 343,13 343,13 343,55 2.662,00 2.657,00
320 343,13 0,00 0,00 2.562,00 2.666,00
321 343,13 0,00 0,00 2.660,00 2.669,00
322 343,13 343,13 344,11 2.758,00 2.677,00
323 343,13 0,00 0,00 2.658,00 2.686,00
324 343,13 343,13 344,48 2.756,00 2.694,00
325 343,13 0,00 0,00 2.656,00 2.703,00
326 343,13 343,13 344,86 2.754,00 2.711,00
327 343,13 0,00 0,00 2.654,00 2.720,00
328 343,13 343,13 345,23 2.752,00 2.728,00
329 343,13 0,00 0,00 2.652,00 2.737,00
330 343,13 343,13 345,58 2.750,00 2.745,00
331 343,13 0,00 0,00 2.650,00 2.754,00
332 343,13 0,00 0,00 2.748,00 2.757,00
333 343,13 343,13 346,12 2.846,00 2.765,00
334 343,13 0,00 0,00 2.746,00 2.774,00
335 343,13 343,13 346,48 2.844,00 2.782,00
336 343,13 0,00 0,00 2.744,00 2.791,00
337 343,13 343,13 346,84 2.842,00 2.799,00
338 343,13 0,00 0,00 2.742,00 2.808,00
339 343,13 343,13 347,20 2.840,00 2.816,00
340 343,13 0,00 0,00 2.740,00 2.825,00
341 343,13 343,13 347,54 2.838,00 2.833,00
342 343,13 0,00 0,00 2.738,00 2.842,00
343 343,13 0,00 0,00 2.836,00 2.845,00
344 343,13 343,13 348,04 2.934,00 2.853,00
345 343,13 0,00 0,00 2.834,00 2.862,00
346 343,13 343,13 348,38 2.932,00 2.870,00
347 343,13 0,00 0,00 2.832,00 2.879,00
348 343,13 343,13 348,73 2.930,00 2.887,00
349 343,13 0,00 0,00 2.830,00 2.896,00
350 343,13 343,13 349,06 2.928,00 2.904,00
351 343,13 0,00 0,00 2.828,00 2.913,00
352 343,13 343,13 349,40 2.926,00 2.921,00
353 343,13 0,00 0,00 2.826,00 2.930,00
354 343,13 0,00 0,00 2.924,00 2.933,00
355 343,13 343,13 349,90 3.022,00 2.941,00
356 343,13 0,00 0,00 2.922,00 2.950,00
357 343,13 343,13 350,23 3.020,00 2.958,00
358 343,13 0,00 0,00 2.920,00 2.967,00
359 343,13 343,13 350,55 3.018,00 2.975,00
360 343,13 0,00 0,00 2.918,00 2.984,00
361 343,13 343,13 350,87 3.016,00 2.992,00
362 343,13 0,00 0,00 2.916,00 3.001,00
363 343,13 343,13 351,19 3.014,00 3.009,00
364 343,13 0,00 0,00 2.914,00 3.018,00
365 343,13 0,00 0,00 3.012,00 3.021,00
366 343,13 343,13 351,67 3.110,00 3.029,00
367 343,13 0,00 0,00 3.010,00 3.038,00
368 343,13 343,13 351,97 3.108,00 3.046,00
369 343,13 0,00 0,00 3.008,00 3.055,00
370 343,13 343,13 352,28 3.106,00 3.063,00
371 343,13 0,00 0,00 3.006,00 3.072,00
372 343,13 343,13 352,58 3.104,00 3.080,00
373 343,13 0,00 0,00 3.004,00 3.089,00
374 343,13 343,13 352,90 3.102,00 3.097,00
375 343,13 0,00 0,00 3.002,00 3.106,00
376 343,13 0,00 0,00 3.100,00 3.109,00
377 343,13 343,13 353,33 3.198,00 3.117,00
378 343,13 0,00 0,00 3.098,00 3.126,00
379 343,13 343,13 353,62 3.196,00 3.134,00
380 343,13 0,00 0,00 3.096,00 3.143,00
381 343,13 343,13 353,91 3.194,00 3.151,00
382 343,13 0,00 0,00 3.094,00 3.160,00
383 343,13 343,13 354,21 3.192,00 3.168,00
384 343,13 0,00 0,00 3.092,00 3.177,00
385 343,13 343,13 354,49 3.190,00 3.185,00
386 343,13 0,00 0,00 3.090,00 3.194,00
387 343,13 0,00 0,00 3.188,00 3.197,00
388 343,13 343,13 354,91 3.286,00 3.205,00
389 343,13 0,00 0,00 3.186,00 3.214,00
390 343,13 343,13 355,18 3.284,00 3.222,00
391 343,13 0,00 0,00 3.184,00 3.231,00
392 343,13 343,13 355,45 3.282,00 3.239,00
393 343,13 0,00 0,00 3.182,00 3.248,00
394 343,13 343,13 355,72 3.280,00 3.256,00
395 343,13 0,00 0,00 3.180,00 3.265,00
396 343,13 343,13 355,99 3.278,00 3.273,00
397 343,13 0,00 0,00 3.178,00 3.282,00
398 343,13 0,00 0,00 3.276,00 3.285,00
399 343,13 343,13 356,39 3.374,00 3.293,00
400 343,13 0,00 0,00 3.274,00 3.302,00
401 343,13 343,13 356,66 3.372,00 3.310,00
402 343,13 0,00 0,00 3.272,00 3.319,00
403 343,13 343,13 356,93 3.370,00 3.327,00
404 343,13 0,00 0,00 3.270,00 3.336,00
405 343,13 343,13 357,19 3.368,00 3.344,00
406 343,13 0,00 0,00 3.268,00 3.353,00
407 343,13 343,13 357,45 3.366,00 3.361,00
408 343,13 0,00 0,00 3.266,00 3.370,00
409 343,13 0,00 0,00 3.364,00 3.373,00
410 343,13 343,13 357,84 3.462,00 3.381,00
411 343,13 0,00 0,00 3.362,00 3.390,00
412 343,13 343,13 358,09 3.460,00 3.398,00
413 343,13 0,00 0,00 3.360,00 3.407,00
414 343,13 343,13 358,33 3.458,00 3.415,00
415 343,13 0,00 0,00 3.358,00 3.424,00
416 343,13 343,13 358,59 3.456,00 3.432,00
417 343,13 0,00 0,00 3.356,00 3.441,00
418 343,13 343,13 358,85 3.454,00 3.449,00
419 343,13 0,00 0,00 3.354,00 3.458,00
420 343,13 0,00 0,00 3.452,00 3.461,00
421 343,13 343,13 359,21 3.550,00 3.469,00
422 343,13 0,00 0,00 3.450,00 3.478,00
423 343,13 343,13 359,45 3.548,00 3.486,00
424 343,13 0,00 0,00 3.448,00 3.495,00
425 343,13 343,13 359,69 3.546,00 3.503,00
426 343,13 0,00 0,00 3.446,00 3.512,00
427 343,13 343,13 359,93 3.544,00 3.520,00
428 343,13 0,00 0,00 3.444,00 3.529,00
429 343,13 343,13 360,16 3.542,00 3.537,00
430 343,13 0,00 0,00 3.442,00 3.546,00
431 343,13 0,00 0,00 3.540,00 3.549,00
432 343,13 343,13 360,50 3.638,00 3.557,00
433 343,13 0,00 0,00 3.538,00 3.566,00
434 343,13 343,13 360,73 3.636,00 3.574,00
435 343,13 0,00 0,00 3.536,00 3.583,00
436 343,13 343,13 360,95 3.634,00 3.591,00
437 343,13 0,00 0,00 3.534,00 3.600,00
438 343,13 343,13 361,18 3.632,00 3.608,00
439 343,13 0,00 0,00 3.532,00 3.617,00
440 343,13 343,13 361,39 3.630,00 3.625,00
441 343,13 0,00 0,00 3.530,00 3.634,00
442 343,13 0,00 0,00 3.628,00 3.637,00
443 343,13 343,13 361,70 3.726,00 3.645,00
444 343,13 0,00 0,00 3.626,00 3.654,00
445 343,13 343,13 361,92 3.724,00 3.662,00
446 343,13 0,00 0,00 3.624,00 3.671,00
447 343,13 343,13 362,13 3.722,00 3.679,00
448 343,13 0,00 0,00 3.622,00 3.688,00
449 343,13 343,13 362,34 3.720,00 3.696,00
450 343,13 0,00 0,00 3.620,00 3.705,00
451 343,13 343,13 362,55 3.718,00 3.713,00
452 343,13 0,00 0,00 3.618,00 3.722,00
453 343,13 0,00 0,00 3.716,00 3.725,00
454 343,13 343,13 362,87 3.814,00 3.733,00
455 343,13 0,00 0,00 3.714,00 3.742,00
456 343,13 343,13 363,08 3.812,00 3.750,00
457 343,13 0,00 0,00 3.712,00 3.759,00
458 343,13 343,13 363,28 3.810,00 3.767,00
459 343,13 0,00 0,00 3.710,00 3.776,00
460 343,13 343,13 363,48 3.808,00 3.784,00
461 343,13 0,00 0,00 3.708,00 3.793,00
462 343,13 343,13 363,68 3.806,00 3.801,00
463 343,13 0,00 0,00 3.706,00 3.810,00
464 343,13 0,00 0,00 3.804,00 3.813,00
465 343,13 343,13 363,98 3.902,00 3.821,00
466 343,13 0,00 0,00 3.802,00 3.830,00
467 343,13 343,13 364,18 3.900,00 3.838,00
468 343,13 0,00 0,00 3.800,00 3.847,00
469 343,13 343,13 364,37 3.898,00 3.855,00
470 343,13 0,00 0,00 3.798,00 3.864,00
471 343,13 343,13 364,57 3.896,00 3.872,00
472 343,13 0,00 0,00 3.796,00 3.881,00
473 343,13 343,13 364,77 3.894,00 3.889,00
474 343,13 0,00 0,00 3.794,00 3.898,00
475 343,13 0,00 0,00 3.892,00 3.901,00
476 343,13 343,13 365,04 3.990,00 3.909,00
477 343,13 0,00 0,00 3.890,00 3.918,00
478 343,13 343,13 365,23 3.988,00 3.926,00
479 343,13 0,00 0,00 3.888,00 3.935,00
480 343,13 343,13 365,41 3.986,00 3.943,00
481 343,13 0,00 0,00 3.886,00 3.952,00
482 343,13 343,13 365,59 3.984,00 3.960,00
483 343,13 0,00 0,00 3.884,00 3.969,00
484 343,13 343,13 365,77 3.982,00 3.977,00
485 343,13 0,00 0,00 3.882,00 3.986,00
486 343,13 0,00 0,00 3.980,00 3.989,00
487 343,13 343,13 366,03 4.078,00 3.997,00
488 343,13 0,00 0,00 3.978,00 4.006,00
489 343,13 343,13 366,21 4.076,00 4.014,00
490 343,13 0,00 0,00 3.976,00 4.023,00
491 343,13 343,13 366,38 4.074,00 4.031,00
492 343,13 0,00 0,00 3.974,00 4.040,00
493 343,13 343,13 366,55 4.072,00 4.048,00
494 343,13 0,00 0,00 3.972,00 4.057,00
495 343,13 343,13 366,72 4.070,00 4.065,00
496 343,13 0,00 0,00 3.970,00 4.074,00
497 343,13 0,00 0,00 4.068,00 4.077,00
498 343,13 343,13 366,97 4.166,00 4.085,00
499 343,13 0,00 0,00 4.066,00 4.094,00
