500
0 127,72 127,72 127,72 1,00 5,00
1 127,72 0,00 0,00 1,00 18,00
2 127,72 255,45 273,27 99,00 34,00
3 127,72 0,00 0,00 1,00 51,00
4 127,72 127,72 114,61 99,00 67,00
5 127,72 0,00 0,00 1,00 84,00
6 127,72 0,00 0,00 99,00 100,00
7 127,72 127,72 107,83 197,00 116,00
8 127,72 0,00 0,00 97,00 133,00
9 127,72 127,72 108,45 195,00 149,00
10 127,72 0,00 0,00 95,00 166,00
11 127,72 127,72 109,84 193,00 182,00
12 127,72 0,00 0,00 93,00 199,00
13 127,72 0,00 0,00 191,00 208,00
14 127,72 127,72 116,15 289,00 224,00
15 127,72 0,00 0,00 189,00 241,00
16 127,72 127,72 115,72 287,00 257,00
17 127,72 0,00 0,00 187,00 274,00
18 127,72 0,00 0,00 285,00 290,00
19 127,72 127,72 114,95 383,00 306,00
20 127,72 0,00 0,00 283,00 323,00
21 127,72 127,72 114,63 381,00 339,00
22 127,72 0,00 0,00 281,00 356,00
23 127,72 127,72 114,42 379,00 372,00
24 127,72 0,00 0,00 279,00 389,00
25 127,72 0,00 0,00 377,00 394,00
26 127,72 127,72 114,18 475,00 410,00
27 127,72 0,00 0,00 375,00 427,00
28 127,72 127,72 114,04 473,00 443,00
29 127,72 0,00 0,00 373,00 460,00
30 127,72 0,00 0,00 471,00 476,00
31 127,72 127,72 113,51 569,00 492,00
32 127,72 0,00 0,00 469,00 509,00
33 127,72 127,72 113,32 567,00 525,00
34 127,72 0,00 0,00 467,00 542,00
35 127,72 127,72 113,08 565,00 558,00
36 127,72 0,00 0,00 465,00 575,00
37 127,72 0,00 0,00 563,00 580,00
38 127,72 127,72 112,78 661,00 596,00
39 127,72 0,00 0,00 561,00 613,00
40 127,72 127,72 112,52 659,00 629,00
41 127,72 0,00 0,00 559,00 646,00
42 127,72 0,00 0,00 657,00 662,00
43 127,72 127,72 112,17 755,00 678,00
44 127,72 0,00 0,00 655,00 695,00
45 127,72 127,72 111,93 753,00 711,00
46 127,72 0,00 0,00 653,00 728,00
47 127,72 127,72 111,67 751,00 744,00
48 127,72 0,00 0,00 651,00 761,00
49 127,72 0,00 0,00 749,00 766,00
50 127,72 127,72 111,31 847,00 782,00
51 127,72 0,00 0,00 747,00 799,00
52 127,72 127,72 111,07 845,00 815,00
53 127,72 0,00 0,00 745,00 832,00
54 127,72 0,00 0,00 843,00 848,00
55 127,72 127,72 110,70 941,00 864,00
56 127,72 0,00 0,00 841,00 881,00
57 127,72 127,72 110,47 939,00 897,00
58 127,72 0,00 0,00 839,00 914,00
59 127,72 127,72 110,24 937,00 930,00
60 127,72 0,00 0,00 837,00 947,00
61 127,72 0,00 0,00 935,00 952,00
62 127,72 127,72 109,88 1.033,00 968,00
63 127,72 0,00 0,00 933,00 985,00
64 127,72 127,72 109,63 1.031,00 1.001,00
65 127,72 0,00 0,00 931,00 1.018,00
66 127,72 0,00 0,00 1.029,00 1.034,00
67 127,72 127,72 109,27 1.127,00 1.050,00
68 127,72 0,00 0,00 1.027,00 1.067,00
69 127,72 127,72 109,04 1.125,00 1.083,00
70 127,72 0,00 0,00 1.025,00 1.100,00
71 127,72 127,72 108,81 1.123,00 1.116,00
72 127,72 0,00 0,00 1.023,00 1.133,00
73 127,72 0,00 0,00 1.121,00 1.138,00
74 127,72 127,72 108,44 1.219,00 1.154,00
75 127,72 0,00 0,00 1.119,00 1.171,00
76 127,72 127,72 108,21 1.217,00 1.187,00
77 127,72 0,00 0,00 1.117,00 1.204,00
78 127,72 0,00 0,00 1.215,00 1.220,00
79 127,72 127,72 107,87 1.313,00 1.236,00
80 127,72 0,00 0,00 1.213,00 1.253,00
81 127,72 127,72 107,66 1.311,00 1.269,00
82 127,72 0,00 0,00 1.211,00 1.286,00
83 127,72 127,72 107,45 1.309,00 1.302,00
84 127,72 0,00 0,00 1.209,00 1.319,00
85 127,72 0,00 0,00 1.307,00 1.324,00
86 127,72 127,72 107,12 1.405,00 1.340,00
87 127,72 0,00 0,00 1.305,00 1.357,00
88 127,72 127,72 106,91 1.403,00 1.373,00
89 127,72 0,00 0,00 1.303,00 1.390,00
90 127,72 0,00 0,00 1.401,00 1.406,00
91 127,72 127,72 106,58 1.499,00 1.422,00
92 127,72 0,00 0,00 1.399,00 1.439,00
93 127,72 127,72 106,37 1.497,00 1.455,00
94 127,72 0,00 0,00 1.397,00 1.472,00
95 127,72 127,72 106,17 1.495,00 1.488,00
96 127,72 0,00 0,00 1.395,00 1.505,00
97 127,72 0,00 0,00 1.493,00 1.510,00
98 127,72 127,72 105,86 1.591,00 1.526,00
99 127,72 0,00 0,00 1.491,00 1.543,00
100 127,72 127,72 105,65 1.589,00 1.559,00
101 127,72 0,00 0,00 1.489,00 1.576,00
102 127,72 0,00 0,00 1.587,00 1.592,00
103 127,72 127,72 105,36 1.685,00 1.608,00
104 127,72 0,00 0,00 1.585,00 1.625,00
105 127,72 127,72 105,16 1.683,00 1.641,00
106 127,72 0,00 0,00 1.583,00 1.658,00
107 127,72 127,72 104,98 1.681,00 1.674,00
108 127,72 0,00 0,00 1.581,00 1.691,00
109 127,72 0,00 0,00 1.679,00 1.696,00
110 127,72 127,72 104,67 1.777,00 1.712,00
111 127,72 0,00 0,00 1.677,00 1.729,00
112 127,72 127,72 104,48 1.775,00 1.745,00
113 127,72 0,00 0,00 1.675,00 1.762,00
114 127,72 0,00 0,00 1.773,00 1.778,00
115 127,72 127,72 104,20 1.871,00 1.794,00
116 127,72 0,00 0,00 1.771,00 1.811,00
117 127,72 127,72 104,00 1.869,00 1.827,00
118 127,72 0,00 0,00 1.769,00 1.844,00
119 127,72 127,72 103,81 1.867,00 1.860,00
120 127,72 0,00 0,00 1.767,00 1.877,00
121 127,72 0,00 0,00 1.865,00 1.882,00
122 127,72 127,72 103,53 1.963,00 1.898,00
123 127,72 0,00 0,00 1.863,00 1.915,00
124 127,72 127,72 103,35 1.961,00 1.931,00
125 127,72 0,00 0,00 1.861,00 1.948,00
126 127,72 0,00 0,00 1.959,00 1.964,00
127 127,72 127,72 103,09 2.057,00 1.980,00
128 127,72 0,00 0,00 1.957,00 1.997,00
129 127,72 127,72 102,93 2.055,00 2.013,00
130 127,72 0,00 0,00 1.955,00 2.030,00
131 127,72 127,72 102,77 2.053,00 2.046,00
132 127,72 0,00 0,00 1.953,00 2.063,00
133 127,72 0,00 0,00 2.051,00 2.068,00
134 127,72 127,72 102,53 2.149,00 2.084,00
135 127,72 0,00 0,00 2.049,00 2.101,00
136 127,72 127,72 102,38 2.147,00 2.117,00
137 127,72 0,00 0,00 2.047,00 2.134,00
138 127,72 0,00 0,00 2.145,00 2.150,00
139 127,72 127,72 102,15 2.243,00 2.166,00
140 127,72 0,00 0,00 2.143,00 2.183,00
141 127,72 127,72 102,00 2.241,00 2.199,00
142 127,72 0,00 0,00 2.141,00 2.216,00
143 127,72 127,72 101,86 2.239,00 2.232,00
144 127,72 0,00 0,00 2.139,00 2.249,00
145 127,72 0,00 0,00 2.237,00 2.254,00
146 127,72 127,72 101,65 2.335,00 2.270,00
147 127,72 0,00 0,00 2.235,00 2.287,00
148 127,72 127,72 101,51 2.333,00 2.303,00
149 127,72 0,00 0,00 2.233,00 2.320,00
150 127,72 0,00 0,00 2.331,00 2.336,00
151 127,72 127,72 101,32 2.429,00 2.352,00
152 127,72 0,00 0,00 2.329,00 2.369,00
153 127,72 127,72 101,18 2.427,00 2.385,00
154 127,72 0,00 0,00 2.327,00 2.402,00
155 127,72 127,72 101,05 2.425,00 2.418,00
156 127,72 0,00 0,00 2.325,00 2.435,00
157 127,72 0,00 0,00 2.423,00 2.440,00
158 127,72 127,72 100,85 2.521,00 2.456,00
159 127,72 0,00 0,00 2.421,00 2.473,00
160 127,72 127,72 100,72 2.519,00 2.489,00
161 127,72 0,00 0,00 2.419,00 2.506,00
162 127,72 0,00 0,00 2.517,00 2.522,00
163 127,72 127,72 100,54 2.615,00 2.538,00
164 127,72 0,00 0,00 2.515,00 2.555,00
165 127,72 127,72 100,42 2.613,00 2.571,00
166 127,72 0,00 0,00 2.513,00 2.588,00
167 127,72 127,72 100,30 2.611,00 2.604,00
168 127,72 0,00 0,00 2.511,00 2.621,00
169 127,72 0,00 0,00 2.609,00 2.626,00
170 127,72 127,72 100,12 2.707,00 2.642,00
171 127,72 0,00 0,00 2.607,00 2.659,00
172 127,72 127,72 100,00 2.705,00 2.675,00
173 127,72 0,00 0,00 2.605,00 2.692,00
174 127,72 0,00 0,00 2.703,00 2.708,00
175 127,72 127,72 99,83 2.801,00 2.724,00
176 127,72 0,00 0,00 2.701,00 2.741,00
177 127,72 127,72 99,73 2.799,00 2.757,00
178 127,72 0,00 0,00 2.699,00 2.774,00
179 127,72 127,72 99,63 2.797,00 2.790,00
180 127,72 0,00 0,00 2.697,00 2.807,00
181 127,72 0,00 0,00 2.795,00 2.812,00
182 127,72 127,72 99,48 2.893,00 2.828,00
183 127,72 0,00 0,00 2.793,00 2.845,00
184 127,72 127,72 99,38 2.891,00 2.861,00
185 127,72 0,00 0,00 2.791,00 2.878,00
186 127,72 0,00 0,00 2.889,00 2.894,00
187 127,72 127,72 99,25 2.987,00 2.910,00
188 127,72 0,00 0,00 2.887,00 2.927,00
189 127,72 127,72 99,16 2.985,00 2.943,00
190 127,72 0,00 0,00 2.885,00 2.960,00
191 127,72 127,72 99,07 2.983,00 2.976,00
192 127,72 0,00 0,00 2.883,00 2.993,00
193 127,72 0,00 0,00 2.981,00 2.998,00
194 127,72 127,72 98,94 3.079,00 3.014,00
195 127,72 0,00 0,00 2.979,00 3.031,00
196 127,72 127,72 98,86 3.077,00 3.047,00
197 127,72 0,00 0,00 2.977,00 3.064,00
198 127,72 0,00 0,00 3.075,00 3.080,00
199 127,72 127,72 98,74 3.173,00 3.096,00
200 127,72 0,00 0,00 3.073,00 3.113,00
201 127,72 127,72 98,66 3.171,00 3.129,00
202 127,72 0,00 0,00 3.071,00 3.146,00
203 127,72 127,72 98,59 3.169,00 3.162,00
204 127,72 0,00 0,00 3.069,00 3.179,00
205 127,72 0,00 0,00 3.167,00 3.184,00
206 127,72 127,72 98,47 3.265,00 3.200,00
207 127,72 0,00 0,00 3.165,00 3.217,00
208 127,72 127,72 98,39 3.263,00 3.233,00
209 127,72 0,00 0,00 3.163,00 3.250,00
210 127,72 0,00 0,00 3.261,00 3.266,00
211 127,72 127,72 98,28 3.359,00 3.282,00
212 127,72 0,00 0,00 3.259,00 3.299,00
213 127,72 127,72 98,22 3.357,00 3.315,00
214 127,72 0,00 0,00 3.257,00 3.332,00
215 127,72 127,72 98,15 3.355,00 3.348,00
216 127,72 0,00 0,00 3.255,00 3.365,00
217 127,72 0,00 0,00 3.353,00 3.370,00
218 127,72 127,72 98,05 3.451,00 3.386,00
219 127,72 0,00 0,00 3.351,00 3.403,00
220 127,72 127,72 97,98 3.449,00 3.419,00
221 127,72 0,00 0,00 3.349,00 3.436,00
222 127,72 0,00 0,00 3.447,00 3.452,00
223 127,72 127,72 97,89 3.545,00 3.468,00
224 127,72 0,00 0,00 3.445,00 3.485,00
225 127,72 127,72 97,83 3.543,00 3.501,00
226 127,72 0,00 0,00 3.443,00 3.518,00
227 127,72 127,72 97,76 3.541,00 3.534,00
228 127,72 0,00 0,00 3.441,00 3.551,00
229 127,72 0,00 0,00 3.539,00 3.556,00
230 127,72 127,72 97,68 3.637,00 3.572,00
231 127,72 0,00 0,00 3.537,00 3.589,00
232 127,72 127,72 97,62 3.635,00 3.605,00
233 127,72 0,00 0,00 3.535,00 3.622,00
234 127,72 0,00 0,00 3.633,00 3.638,00
235 127,72 127,72 97,55 3.731,00 3.654,00
236 127,72 0,00 0,00 3.631,00 3.671,00
237 127,72 127,72 97,50 3.729,00 3.687,00
238 127,72 0,00 0,00 3.629,00 3.704,00
239 127,72 127,72 97,45 3.727,00 3.720,00
240 127,72 0,00 0,00 3.627,00 3.737,00
241 127,72 0,00 0,00 3.725,00 3.742,00
242 127,72 127,72 97,38 3.823,00 3.758,00
243 127,72 0,00 0,00 3.723,00 3.775,00
244 127,72 127,72 97,33 3.821,00 3.791,00
245 127,72 0,00 0,00 3.721,00 3.808,00
246 127,72 0,00 0,00 3.819,00 3.824,00
247 127,72 127,72 97,26 3.917,00 3.840,00
248 127,72 0,00 0,00 3.817,00 3.857,00
249 127,72 127,72 97,22 3.915,00 3.873,00
250 127,72 0,00 0,00 3.815,00 3.890,00
251 127,72 127,72 97,18 3.913,00 3.906,00
252 127,72 0,00 0,00 3.813,00 3.923,00
253 127,72 0,00 0,00 3.911,00 3.928,00
254 127,72 127,72 97,12 4.009,00 3.944,00
255 127,72 0,00 0,00 3.909,00 3.961,00
256 127,72 127,72 97,08 4.007,00 3.977,00
257 127,72 0,00 0,00 3.907,00 3.994,00
258 127,72 0,00 0,00 4.005,00 4.010,00
259 127,72 127,72 97,02 4.103,00 4.026,00
260 127,72 0,00 0,00 4.003,00 4.043,00
261 127,72 127,72 96,98 4.101,00 4.059,00
262 127,72 0,00 0,00 4.001,00 4.076,00
263 127,72 127,72 96,94 4.099,00 4.092,00
264 127,72 0,00 0,00 3.999,00 4.109,00
265 127,72 0,00 0,00 4.097,00 4.114,00
266 127,72 127,72 96,89 4.195,00 4.130,00
267 127,72 0,00 0,00 4.095,00 4.147,00
268 127,72 127,72 96,86 4.193,00 4.163,00
269 127,72 0,00 0,00 4.093,00 4.180,00
270 127,72 0,00 0,00 4.191,00 4.196,00
271 127,72 127,72 96,81 4.289,00 4.212,00
272 127,72 0,00 0,00 4.189,00 4.229,00
273 127,72 127,72 96,77 4.287,00 4.245,00
274 127,72 0,00 0,00 4.187,00 4.262,00
275 127,72 127,72 96,74 4.285,00 4.278,00
276 127,72 0,00 0,00 4.185,00 4.295,00
277 127,72 0,00 0,00 4.283,00 4.300,00
278 127,72 127,72 96,68 4.381,00 4.316,00
279 127,72 0,00 0,00 4.281,00 4.333,00
280 127,72 127,72 96,65 4.379,00 4.349,00
281 127,72 0,00 0,00 4.279,00 4.366,00
282 127,72 0,00 0,00 4.377,00 4.382,00
283 127,72 127,72 96,61 4.475,00 4.398,00
284 127,72 0,00 0,00 4.375,00 4.415,00
285 127,72 127,72 96,58 4.473,00 4.431,00
286 127,72 0,00 0,00 4.373,00 4.448,00
287 127,72 127,72 96,55 4.471,00 4.464,00
288 127,72 0,00 0,00 4.371,00 4.481,00
289 127,72 0,00 0,00 4.469,00 4.486,00
290 127,72 127,72 96,52 4.567,00 4.502,00
291 127,72 0,00 0,00 4.467,00 4.519,00
292 127,72 127,72 96,49 4.565,00 4.535,00
293 127,72 0,00 0,00 4.465,00 4.552,00
294 127,72 0,00 0,00 4.563,00 4.568,00
295 127,72 127,72 96,46 4.661,00 4.584,00
296 127,72 0,00 0,00 4.561,00 4.601,00
297 127,72 127,72 96,44 4.659,00 4.617,00
298 127,72 0,00 0,00 4.559,00 4.634,00
299 127,72 127,72 96,42 4.657,00 4.650,00
300 127,72 0,00 0,00 4.557,00 4.667,00
301 127,72 0,00 0,00 4.655,00 4.672,00
302 127,72 127,72 96,39 4.753,00 4.688,00
303 127,72 0,00 0,00 4.653,00 4.705,00
304 127,72 127,72 96,37 4.751,00 4.721,00
305 127,72 0,00 0,00 4.651,00 4.738,00
306 127,72 0,00 0,00 4.749,00 4.754,00
307 127,72 127,72 96,35 4.847,00 4.770,00
308 127,72 0,00 0,00 4.747,00 4.787,00
309 127,72 127,72 96,33 4.845,00 4.803,00
310 127,72 0,00 0,00 4.745,00 4.820,00
311 127,72 127,72 96,31 4.843,00 4.836,00
312 127,72 0,00 0,00 4.743,00 4.853,00
313 127,72 0,00 0,00 4.841,00 4.858,00
314 127,72 127,72 96,28 4.939,00 4.874,00
315 127,72 0,00 0,00 4.839,00 4.891,00
316 127,72 127,72 96,27 4.937,00 4.907,00
317 127,72 0,00 0,00 4.837,00 4.924,00
318 127,72 0,00 0,00 4.935,00 4.940,00
319 127,72 127,72 96,24 5.033,00 4.956,00
320 127,72 0,00 0,00 4.933,00 4.973,00
321 127,72 127,72 96,23 5.031,00 4.989,00
322 127,72 0,00 0,00 4.931,00 5.006,00
323 127,72 127,72 96,22 5.029,00 5.022,00
324 127,72 0,00 0,00 4.929,00 5.039,00
325 127,72 0,00 0,00 5.027,00 5.044,00
326 127,72 127,72 96,19 5.125,00 5.060,00
327 127,72 0,00 0,00 5.025,00 5.077,00
328 127,72 127,72 96,17 5.123,00 5.093,00
329 127,72 0,00 0,00 5.023,00 5.110,00
330 127,72 0,00 0,00 5.121,00 5.126,00
331 127,72 127,72 96,15 5.219,00 5.142,00
332 127,72 0,00 0,00 5.119,00 5.159,00
333 127,72 127,72 96,14 5.217,00 5.175,00
334 127,72 0,00 0,00 5.117,00 5.192,00
335 127,72 127,72 96,13 5.215,00 5.208,00
336 127,72 0,00 0,00 5.115,00 5.225,00
337 127,72 0,00 0,00 5.213,00 5.230,00
338 127,72 127,72 96,11 5.311,00 5.246,00
339 127,72 0,00 0,00 5.211,00 5.263,00
340 127,72 127,72 96,10 5.309,00 5.279,00
341 127,72 0,00 0,00 5.209,00 5.296,00
342 127,72 0,00 0,00 5.307,00 5.312,00
343 127,72 127,72 96,08 5.405,00 5.328,00
344 127,72 0,00 0,00 5.305,00 5.345,00
345 127,72 127,72 96,07 5.403,00 5.361,00
346 127,72 0,00 0,00 5.303,00 5.378,00
347 127,72 127,72 96,07 5.401,00 5.394,00
348 127,72 0,00 0,00 5.301,00 5.411,00
349 127,72 0,00 0,00 5.399,00 5.416,00
350 127,72 127,72 96,06 5.497,00 5.432,00
351 127,72 0,00 0,00 5.397,00 5.449,00
352 127,72 127,72 96,05 5.495,00 5.465,00
353 127,72 0,00 0,00 5.395,00 5.482,00
354 127,72 0,00 0,00 5.493,00 5.498,00
355 127,72 127,72 96,04 5.591,00 5.514,00
356 127,72 0,00 0,00 5.491,00 5.531,00
357 127,72 127,72 96,03 5.589,00 5.547,00
358 127,72 0,00 0,00 5.489,00 5.564,00
359 127,72 127,72 96,03 5.587,00 5.580,00
360 127,72 0,00 0,00 5.487,00 5.597,00
361 127,72 0,00 0,00 5.585,00 5.602,00
362 127,72 127,72 96,01 5.683,00 5.618,00
363 127,72 0,00 0,00 5.583,00 5.635,00
364 127,72 127,72 96,00 5.681,00 5.651,00
365 127,72 0,00 0,00 5.581,00 5.668,00
366 127,72 0,00 0,00 5.679,00 5.684,00
367 127,72 127,72 95,99 5.777,00 5.700,00
368 127,72 0,00 0,00 5.677,00 5.717,00
369 127,72 127,72 95,99 5.775,00 5.733,00
370 127,72 0,00 0,00 5.675,00 5.750,00
371 127,72 127,72 95,98 5.773,00 5.766,00
372 127,72 0,00 0,00 5.673,00 5.783,00
373 127,72 0,00 0,00 5.771,00 5.788,00
374 127,72 127,72 95,98 5.869,00 5.804,00
375 127,72 0,00 0,00 5.769,00 5.821,00
376 127,72 127,72 95,97 5.867,00 5.837,00
377 127,72 0,00 0,00 5.767,00 5.854,00
378 127,72 0,00 0,00 5.865,00 5.870,00
379 127,72 127,72 95,96 5.963,00 5.886,00
380 127,72 0,00 0,00 5.863,00 5.903,00
381 127,72 127,72 95,96 5.961,00 5.919,00
382 127,72 0,00 0,00 5.861,00 5.936,00
383 127,72 127,72 95,95 5.959,00 5.952,00
384 127,72 0,00 0,00 5.859,00 5.969,00
385 127,72 0,00 0,00 5.957,00 5.974,00
386 127,72 127,72 95,95 6.055,00 5.990,00
387 127,72 0,00 0,00 5.955,00 6.007,00
388 127,72 127,72 95,94 6.053,00 6.023,00
389 127,72 0,00 0,00 5.953,00 6.040,00
390 127,72 0,00 0,00 6.051,00 6.056,00
391 127,72 127,72 95,94 6.149,00 6.072,00
392 127,72 0,00 0,00 6.049,00 6.089,00
393 127,72 127,72 95,94 6.147,00 6.105,00
394 127,72 0,00 0,00 6.047,00 6.122,00
395 127,72 127,72 95,93 6.145,00 6.138,00
396 127,72 0,00 0,00 6.045,00 6.155,00
397 127,72 0,00 0,00 6.143,00 6.160,00
398 127,72 127,72 95,93 6.241,00 6.176,00
399 127,72 0,00 0,00 6.141,00 6.193,00
400 127,72 127,72 95,93 6.239,00 6.209,00
401 127,72 0,00 0,00 6.139,00 6.226,00
402 127,72 0,00 0,00 6.237,00 6.242,00
403 127,72 127,72 95,93 6.335,00 6.258,00
404 127,72 0,00 0,00 6.235,00 6.275,00
405 127,72 127,72 95,93 6.333,00 6.291,00
406 127,72 0,00 0,00 6.233,00 6.308,00
407 127,72 127,72 95,93 6.331,00 6.324,00
408 127,72 0,00 0,00 6.231,00 6.341,00
409 127,72 0,00 0,00 6.329,00 6.346,00
410 127,72 127,72 95,93 6.427,00 6.362,00
411 127,72 0,00 0,00 6.327,00 6.379,00
412 127,72 127,72 95,93 6.425,00 6.395,00
413 127,72 0,00 0,00 6.325,00 6.412,00
414 127,72 0,00 0,00 6.423,00 6.428,00
415 127,72 127,72 95,93 6.521,00 6.444,00
416 127,72 0,00 0,00 6.421,00 6.461,00
417 127,72 127,72 95,93 6.519,00 6.477,00
418 127,72 0,00 0,00 6.419,00 6.494,00
419 127,72 127,72 95,93 6.517,00 6.510,00
420 127,72 0,00 0,00 6.417,00 6.527,00
421 127,72 0,00 0,00 6.515,00 6.532,00
422 127,72 127,72 95,93 6.613,00 6.548,00
423 127,72 0,00 0,00 6.513,00 6.565,00
424 127,72 127,72 95,93 6.611,00 6.581,00
425 127,72 0,00 0,00 6.511,00 6.598,00
426 127,72 0,00 0,00 6.609,00 6.614,00
427 127,72 127,72 95,93 6.707,00 6.630,00
428 127,72 0,00 0,00 6.607,00 6.647,00
429 127,72 127,72 95,93 6.705,00 6.663,00
430 127,72 0,00 0,00 6.605,00 6.680,00
431 127,72 127,72 95,93 6.703,00 6.696,00
432 127,72 0,00 0,00 6.603,00 6.713,00
433 127,72 0,00 0,00 6.701,00 6.718,00
434 127,72 127,72 95,93 6.799,00 6.734,00
435 127,72 0,00 0,00 6.699,00 6.751,00
436 127,72 127,72 95,94 6.797,00 6.767,00
437 127,72 0,00 0,00 6.697,00 6.784,00
438 127,72 0,00 0,00 6.795,00 6.800,00
439 127,72 127,72 95,94 6.893,00 6.816,00
440 127,72 0,00 0,00 6.793,00 6.833,00
441 127,72 127,72 95,94 6.891,00 6.849,00
442 127,72 0,00 0,00 6.791,00 6.866,00
443 127,72 127,72 95,94 6.889,00 6.882,00
444 127,72 0,00 0,00 6.789,00 6.899,00
445 127,72 0,00 0,00 6.887,00 6.904,00
446 127,72 127,72 95,94 6.985,00 6.920,00
447 127,72 0,00 0,00 6.885,00 6.937,00
448 127,72 127,72 95,94 6.983,00 6.953,00
449 127,72 0,00 0,00 6.883,00 6.970,00
450 127,72 0,00 0,00 6.981,00 6.986,00
451 127,72 127,72 95,94 7.079,00 7.002,00
452 127,72 0,00 0,00 6.979,00 7.019,00
453 127,72 127,72 95,95 7.077,00 7.035,00
454 127,72 0,00 0,00 6.977,00 7.052,00
455 127,72 127,72 95,95 7.075,00 7.068,00
456 127,72 0,00 0,00 6.975,00 7.085,00
457 127,72 0,00 0,00 7.073,00 7.090,00
458 127,72 127,72 95,95 7.171,00 7.106,00
459 127,72 0,00 0,00 7.071,00 7.123,00
460 127,72 127,72 95,96 7.169,00 7.139,00
461 127,72 0,00 0,00 7.069,00 7.156,00
462 127,72 0,00 0,00 7.167,00 7.172,00
463 127,72 127,72 95,96 7.265,00 7.188,00
464 127,72 0,00 0,00 7.165,00 7.205,00
465 127,72 127,72 95,96 7.263,00 7.221,00
466 127,72 0,00 0,00 7.163,00 7.238,00
467 127,72 127,72 95,97 7.261,00 7.254,00
468 127,72 0,00 0,00 7.161,00 7.271,00
469 127,72 0,00 0,00 7.259,00 7.276,00
470 127,72 127,72 95,97 7.357,00 7.292,00
471 127,72 0,00 0,00 7.257,00 7.309,00
472 127,72 127,72 95,98 7.355,00 7.325,00
473 127,72 0,00 0,00 7.255,00 7.342,00
474 127,72 0,00 0,00 7.353,00 7.358,00
475 127,72 127,72 95,98 7.451,00 7.374,00
476 127,72 0,00 0,00 7.351,00 7.391,00
477 127,72 127,72 95,98 7.449,00 7.407,00
478 127,72 0,00 0,00 7.349,00 7.424,00
479 127,72 127,72 95,99 7.447,00 7.440,00
480 127,72 0,00 0,00 7.347,00 7.457,00
481 127,72 0,00 0,00 7.445,00 7.462,00
482 127,72 127,72 95,99 7.543,00 7.478,00
483 127,72 0,00 0,00 7.443,00 7.495,00
484 127,72 127,72 95,99 7.541,00 7.511,00
485 127,72 0,00 0,00 7.441,00 7.528,00
486 127,72 0,00 0,00 7.539,00 7.544,00
487 127,72 127,72 95,99 7.637,00 7.560,00
488 127,72 0,00 0,00 7.537,00 7.577,00
489 127,72 127,72 96,00 7.635,00 7.593,00
490 127,72 0,00 0,00 7.535,00 7.610,00
491 127,72 127,72 96,00 7.633,00 7.626,00
492 127,72 0,00 0,00 7.533,00 7.643,00
493 127,72 0,00 0,00 7.631,00 7.648,00
494 127,72 127,72 96,01 7.729,00 7.664,00
495 127,72 0,00 0,00 7.629,00 7.681,00
496 127,72 127,72 96,01 7.727,00 7.697,00
497 127,72 0,00 0,00 7.627,00 7.714,00
498 127,72 0,00 0,00 7.725,00 7.730,00
499 127,72 127,72 96,02 7.823,00 7.746,00
