500
0 286,60 286,60 286,60 1,00 21,00
1 286,60 0,00 0,00 1,00 9,00
2 286,60 2.006,18 2.234,50 99,00 14,00
3 286,60 0,00 0,00 1,00 21,00
4 286,60 859,79 1.469,93 99,00 25,00
5 286,60 0,00 0,00 1,00 32,00
6 286,60 573,19 810,18 99,00 35,00
7 286,60 0,00 0,00 1,00 42,00
8 286,60 573,19 748,46 99,00 46,00
9 286,60 0,00 0,00 1,00 53,00
10 286,60 286,60 369,00 99,00 55,00
11 286,60 0,00 0,00 1,00 62,00
12 286,60 286,60 378,69 99,00 65,00
13 286,60 0,00 0,00 1,00 72,00
14 286,60 286,60 388,59 99,00 77,00
15 286,60 0,00 0,00 1,00 84,00
16 286,60 286,60 398,96 99,00 89,00
17 286,60 0,00 0,00 1,00 96,00
18 286,60 0,00 0,00 99,00 102,00
19 286,60 286,60 395,02 197,00 108,00
20 286,60 0,00 0,00 97,00 115,00
21 286,60 286,60 393,89 195,00 121,00
22 286,60 0,00 0,00 95,00 128,00
23 286,60 286,60 393,46 193,00 134,00
24 286,60 0,00 0,00 93,00 141,00
25 286,60 286,60 392,84 191,00 147,00
26 286,60 0,00 0,00 91,00 154,00
27 286,60 286,60 391,84 189,00 160,00
28 286,60 0,00 0,00 89,00 167,00
29 286,60 286,60 390,88 187,00 173,00
30 286,60 0,00 0,00 87,00 180,00
31 286,60 0,00 0,00 185,00 186,00
32 286,60 286,60 389,44 283,00 192,00
33 286,60 0,00 0,00 183,00 199,00
34 286,60 286,60 388,45 281,00 205,00
35 286,60 0,00 0,00 181,00 212,00
36 286,60 286,60 387,29 279,00 218,00
37 286,60 0,00 0,00 179,00 225,00
38 286,60 286,60 386,14 277,00 231,00
39 286,60 0,00 0,00 177,00 238,00
40 286,60 286,60 385,02 275,00 244,00
41 286,60 0,00 0,00 175,00 251,00
42 286,60 286,60 383,80 273,00 257,00
43 286,60 0,00 0,00 173,00 264,00
44 286,60 286,60 382,65 271,00 270,00
45 286,60 0,00 0,00 171,00 277,00
46 286,60 0,00 0,00 269,00 276,00
47 286,60 286,60 380,97 367,00 282,00
48 286,60 0,00 0,00 267,00 289,00
49 286,60 286,60 379,82 365,00 295,00
50 286,60 0,00 0,00 265,00 302,00
51 286,60 286,60 378,62 363,00 308,00
52 286,60 0,00 0,00 263,00 315,00
53 286,60 286,60 377,40 361,00 321,00
54 286,60 0,00 0,00 261,00 328,00
55 286,60 286,60 376,08 359,00 334,00
56 286,60 0,00 0,00 259,00 341,00
57 286,60 286,60 374,67 357,00 347,00
58 286,60 0,00 0,00 257,00 354,00
59 286,60 0,00 0,00 355,00 360,00
60 286,60 286,60 372,60 453,00 366,00
61 286,60 0,00 0,00 353,00 373,00
62 286,60 286,60 371,20 451,00 379,00
63 286,60 0,00 0,00 351,00 386,00
64 286,60 286,60 369,79 449,00 392,00
65 286,60 0,00 0,00 349,00 399,00
66 286,60 286,60 368,39 447,00 405,00
67 286,60 0,00 0,00 347,00 412,00
68 286,60 286,60 367,00 445,00 418,00
69 286,60 0,00 0,00 345,00 425,00
70 286,60 286,60 365,58 443,00 431,00
71 286,60 0,00 0,00 343,00 438,00
72 286,60 0,00 0,00 441,00 444,00
73 286,60 286,60 363,62 539,00 450,00
74 286,60 0,00 0,00 439,00 457,00
75 286,60 286,60 362,22 537,00 463,00
76 286,60 0,00 0,00 437,00 470,00
77 286,60 286,60 360,79 535,00 476,00
78 286,60 0,00 0,00 435,00 483,00
79 286,60 286,60 359,41 533,00 489,00
80 286,60 0,00 0,00 433,00 496,00
81 286,60 286,60 358,13 531,00 502,00
82 286,60 0,00 0,00 431,00 509,00
83 286,60 286,60 356,77 529,00 515,00
84 286,60 0,00 0,00 429,00 522,00
85 286,60 0,00 0,00 527,00 528,00
86 286,60 286,60 354,73 625,00 534,00
87 286,60 0,00 0,00 525,00 541,00
88 286,60 286,60 353,40 623,00 547,00
89 286,60 0,00 0,00 523,00 554,00
90 286,60 286,60 352,06 621,00 560,00
91 286,60 0,00 0,00 521,00 567,00
92 286,60 286,60 350,79 619,00 573,00
93 286,60 0,00 0,00 519,00 580,00
94 286,60 286,60 349,57 617,00 586,00
95 286,60 0,00 0,00 517,00 593,00
96 286,60 286,60 348,35 615,00 599,00
97 286,60 0,00 0,00 515,00 606,00
98 286,60 286,60 347,05 613,00 612,00
99 286,60 0,00 0,00 513,00 619,00
100 286,60 0,00 0,00 611,00 618,00
101 286,60 286,60 345,19 709,00 624,00
102 286,60 0,00 0,00 609,00 631,00
103 286,60 286,60 343,96 707,00 637,00
104 286,60 0,00 0,00 607,00 644,00
105 286,60 286,60 342,64 705,00 650,00
106 286,60 0,00 0,00 605,00 657,00
107 286,60 286,60 341,35 703,00 663,00
108 286,60 0,00 0,00 603,00 670,00
109 286,60 286,60 340,11 701,00 676,00
110 286,60 0,00 0,00 601,00 683,00
111 286,60 286,60 338,88 699,00 689,00
112 286,60 0,00 0,00 599,00 696,00
113 286,60 0,00 0,00 697,00 702,00
114 286,60 286,60 337,01 795,00 708,00
115 286,60 0,00 0,00 695,00 715,00
116 286,60 286,60 335,85 793,00 721,00
117 286,60 0,00 0,00 693,00 728,00
118 286,60 286,60 334,69 791,00 734,00
119 286,60 0,00 0,00 691,00 741,00
120 286,60 286,60 333,48 789,00 747,00
121 286,60 0,00 0,00 689,00 754,00
122 286,60 286,60 332,31 787,00 760,00
123 286,60 0,00 0,00 687,00 767,00
124 286,60 286,60 331,13 785,00 773,00
125 286,60 0,00 0,00 685,00 780,00
126 286,60 0,00 0,00 783,00 786,00
127 286,60 286,60 329,44 881,00 792,00
128 286,60 0,00 0,00 781,00 799,00
129 286,60 286,60 328,35 879,00 805,00
130 286,60 0,00 0,00 779,00 812,00
131 286,60 286,60 327,29 877,00 818,00
132 286,60 0,00 0,00 777,00 825,00
133 286,60 286,60 326,21 875,00 831,00
134 286,60 0,00 0,00 775,00 838,00
135 286,60 286,60 325,15 873,00 844,00
136 286,60 0,00 0,00 773,00 851,00
137 286,60 286,60 324,11 871,00 857,00
138 286,60 0,00 0,00 771,00 864,00
139 286,60 0,00 0,00 869,00 870,00
140 286,60 286,60 322,60 967,00 876,00
141 286,60 0,00 0,00 867,00 883,00
142 286,60 286,60 321,62 965,00 889,00
143 286,60 0,00 0,00 865,00 896,00
144 286,60 286,60 320,66 963,00 902,00
145 286,60 0,00 0,00 863,00 909,00
146 286,60 286,60 319,68 961,00 915,00
147 286,60 0,00 0,00 861,00 922,00
148 286,60 286,60 318,74 959,00 928,00
149 286,60 0,00 0,00 859,00 935,00
150 286,60 286,60 317,84 957,00 941,00
151 286,60 0,00 0,00 857,00 948,00
152 286,60 286,60 316,91 955,00 954,00
153 286,60 0,00 0,00 855,00 961,00
154 286,60 0,00 0,00 953,00 960,00
155 286,60 286,60 315,50 1.051,00 966,00
156 286,60 0,00 0,00 951,00 973,00
157 286,60 286,60 314,60 1.049,00 979,00
158 286,60 0,00 0,00 949,00 986,00
159 286,60 286,60 313,69 1.047,00 992,00
160 286,60 0,00 0,00 947,00 999,00
161 286,60 286,60 312,81 1.045,00 1.005,00
162 286,60 0,00 0,00 945,00 1.012,00
163 286,60 286,60 312,01 1.043,00 1.018,00
164 286,60 0,00 0,00 943,00 1.025,00
165 286,60 286,60 311,20 1.041,00 1.031,00
166 286,60 0,00 0,00 941,00 1.038,00
167 286,60 0,00 0,00 1.039,00 1.044,00
168 286,60 286,60 309,94 1.137,00 1.050,00
169 286,60 0,00 0,00 1.037,00 1.057,00
170 286,60 286,60 309,13 1.135,00 1.063,00
171 286,60 0,00 0,00 1.035,00 1.070,00
172 286,60 286,60 308,33 1.133,00 1.076,00
173 286,60 0,00 0,00 1.033,00 1.083,00
174 286,60 286,60 307,51 1.131,00 1.089,00
175 286,60 0,00 0,00 1.031,00 1.096,00
176 286,60 286,60 306,69 1.129,00 1.102,00
177 286,60 0,00 0,00 1.029,00 1.109,00
178 286,60 286,60 305,91 1.127,00 1.115,00
179 286,60 0,00 0,00 1.027,00 1.122,00
180 286,60 0,00 0,00 1.125,00 1.128,00
181 286,60 286,60 304,80 1.223,00 1.134,00
182 286,60 0,00 0,00 1.123,00 1.141,00
183 286,60 286,60 304,08 1.221,00 1.147,00
184 286,60 0,00 0,00 1.121,00 1.154,00
185 286,60 286,60 303,40 1.219,00 1.160,00
186 286,60 0,00 0,00 1.119,00 1.167,00
187 286,60 286,60 302,74 1.217,00 1.173,00
188 286,60 0,00 0,00 1.117,00 1.180,00
189 286,60 286,60 302,04 1.215,00 1.186,00
190 286,60 0,00 0,00 1.115,00 1.193,00
191 286,60 286,60 301,36 1.213,00 1.199,00
192 286,60 0,00 0,00 1.113,00 1.206,00
193 286,60 0,00 0,00 1.211,00 1.212,00
194 286,60 286,60 300,38 1.309,00 1.218,00
195 286,60 0,00 0,00 1.209,00 1.225,00
196 286,60 286,60 299,73 1.307,00 1.231,00
197 286,60 0,00 0,00 1.207,00 1.238,00
198 286,60 286,60 299,11 1.305,00 1.244,00
199 286,60 0,00 0,00 1.205,00 1.251,00
200 286,60 286,60 298,49 1.303,00 1.257,00
201 286,60 0,00 0,00 1.203,00 1.264,00
202 286,60 286,60 297,91 1.301,00 1.270,00
203 286,60 0,00 0,00 1.201,00 1.277,00
204 286,60 286,60 297,33 1.299,00 1.283,00
205 286,60 0,00 0,00 1.199,00 1.290,00
206 286,60 286,60 296,75 1.297,00 1.296,00
207 286,60 0,00 0,00 1.197,00 1.303,00
208 286,60 0,00 0,00 1.295,00 1.302,00
209 286,60 286,60 295,92 1.393,00 1.308,00
210 286,60 0,00 0,00 1.293,00 1.315,00
211 286,60 286,60 295,37 1.391,00 1.321,00
212 286,60 0,00 0,00 1.291,00 1.328,00
213 286,60 286,60 294,84 1.389,00 1.334,00
214 286,60 0,00 0,00 1.289,00 1.341,00
215 286,60 286,60 294,32 1.387,00 1.347,00
216 286,60 0,00 0,00 1.287,00 1.354,00
217 286,60 286,60 293,76 1.385,00 1.360,00
218 286,60 0,00 0,00 1.285,00 1.367,00
219 286,60 286,60 293,22 1.383,00 1.373,00
220 286,60 0,00 0,00 1.283,00 1.380,00
221 286,60 0,00 0,00 1.381,00 1.386,00
222 286,60 286,60 292,41 1.479,00 1.392,00
223 286,60 0,00 0,00 1.379,00 1.399,00
224 286,60 286,60 291,88 1.477,00 1.405,00
225 286,60 0,00 0,00 1.377,00 1.412,00
226 286,60 286,60 291,36 1.475,00 1.418,00
227 286,60 0,00 0,00 1.375,00 1.425,00
228 286,60 286,60 290,86 1.473,00 1.431,00
229 286,60 0,00 0,00 1.373,00 1.438,00
230 286,60 286,60 290,39 1.471,00 1.444,00
231 286,60 0,00 0,00 1.371,00 1.451,00
232 286,60 286,60 289,94 1.469,00 1.457,00
233 286,60 0,00 0,00 1.369,00 1.464,00
234 286,60 0,00 0,00 1.467,00 1.470,00
235 286,60 286,60 289,31 1.565,00 1.476,00
236 286,60 0,00 0,00 1.465,00 1.483,00
237 286,60 286,60 288,86 1.563,00 1.489,00
238 286,60 0,00 0,00 1.463,00 1.496,00
239 286,60 286,60 288,42 1.561,00 1.502,00
240 286,60 0,00 0,00 1.461,00 1.509,00
241 286,60 286,60 288,00 1.559,00 1.515,00
242 286,60 0,00 0,00 1.459,00 1.522,00
243 286,60 286,60 287,58 1.557,00 1.528,00
244 286,60 0,00 0,00 1.457,00 1.535,00
245 286,60 286,60 287,16 1.555,00 1.541,00
246 286,60 0,00 0,00 1.455,00 1.548,00
247 286,60 0,00 0,00 1.553,00 1.554,00
248 286,60 286,60 286,57 1.651,00 1.560,00
249 286,60 0,00 0,00 1.551,00 1.567,00
250 286,60 286,60 286,19 1.649,00 1.573,00
251 286,60 0,00 0,00 1.549,00 1.580,00
252 286,60 286,60 285,81 1.647,00 1.586,00
253 286,60 0,00 0,00 1.547,00 1.593,00
254 286,60 286,60 285,44 1.645,00 1.599,00
255 286,60 0,00 0,00 1.545,00 1.606,00
256 286,60 286,60 285,10 1.643,00 1.612,00
257 286,60 0,00 0,00 1.543,00 1.619,00
258 286,60 286,60 284,73 1.641,00 1.625,00
259 286,60 0,00 0,00 1.541,00 1.632,00
260 286,60 286,60 284,37 1.639,00 1.638,00
261 286,60 0,00 0,00 1.539,00 1.645,00
262 286,60 0,00 0,00 1.637,00 1.644,00
263 286,60 286,60 283,87 1.735,00 1.650,00
264 286,60 0,00 0,00 1.635,00 1.657,00
265 286,60 286,60 283,55 1.733,00 1.663,00
266 286,60 0,00 0,00 1.633,00 1.670,00
267 286,60 286,60 283,20 1.731,00 1.676,00
268 286,60 0,00 0,00 1.631,00 1.683,00
269 286,60 286,60 282,87 1.729,00 1.689,00
270 286,60 0,00 0,00 1.629,00 1.696,00
271 286,60 286,60 282,54 1.727,00 1.702,00
272 286,60 0,00 0,00 1.627,00 1.709,00
273 286,60 286,60 282,21 1.725,00 1.715,00
274 286,60 0,00 0,00 1.625,00 1.722,00
275 286,60 0,00 0,00 1.723,00 1.728,00
276 286,60 286,60 281,72 1.821,00 1.734,00
277 286,60 0,00 0,00 1.721,00 1.741,00
278 286,60 286,60 281,42 1.819,00 1.747,00
279 286,60 0,00 0,00 1.719,00 1.754,00
280 286,60 286,60 281,13 1.817,00 1.760,00
281 286,60 0,00 0,00 1.717,00 1.767,00
282 286,60 286,60 280,85 1.815,00 1.773,00
283 286,60 0,00 0,00 1.715,00 1.780,00
284 286,60 286,60 280,57 1.813,00 1.786,00
285 286,60 0,00 0,00 1.713,00 1.793,00
286 286,60 286,60 280,29 1.811,00 1.799,00
287 286,60 0,00 0,00 1.711,00 1.806,00
288 286,60 0,00 0,00 1.809,00 1.812,00
289 286,60 286,60 279,88 1.907,00 1.818,00
290 286,60 0,00 0,00 1.807,00 1.825,00
291 286,60 286,60 279,62 1.905,00 1.831,00
292 286,60 0,00 0,00 1.805,00 1.838,00
293 286,60 286,60 279,36 1.903,00 1.844,00
294 286,60 0,00 0,00 1.803,00 1.851,00
295 286,60 286,60 279,09 1.901,00 1.857,00
296 286,60 0,00 0,00 1.801,00 1.864,00
297 286,60 286,60 278,84 1.899,00 1.870,00
298 286,60 0,00 0,00 1.799,00 1.877,00
299 286,60 286,60 278,60 1.897,00 1.883,00
300 286,60 0,00 0,00 1.797,00 1.890,00
301 286,60 0,00 0,00 1.895,00 1.896,00
302 286,60 286,60 278,28 1.993,00 1.902,00
303 286,60 0,00 0,00 1.893,00 1.909,00
304 286,60 286,60 278,06 1.991,00 1.915,00
305 286,60 0,00 0,00 1.891,00 1.922,00
306 286,60 286,60 277,83 1.989,00 1.928,00
307 286,60 0,00 0,00 1.889,00 1.935,00
308 286,60 286,60 277,59 1.987,00 1.941,00
309 286,60 0,00 0,00 1.887,00 1.948,00
310 286,60 286,60 277,37 1.985,00 1.954,00
311 286,60 0,00 0,00 1.885,00 1.961,00
312 286,60 286,60 277,15 1.983,00 1.967,00
313 286,60 0,00 0,00 1.883,00 1.974,00
314 286,60 286,60 276,94 1.981,00 1.980,00
315 286,60 0,00 0,00 1.881,00 1.987,00
316 286,60 0,00 0,00 1.979,00 1.986,00
317 286,60 286,60 276,65 2.077,00 1.992,00
318 286,60 0,00 0,00 1.977,00 1.999,00
319 286,60 286,60 276,47 2.075,00 2.005,00
320 286,60 0,00 0,00 1.975,00 2.012,00
321 286,60 286,60 276,26 2.073,00 2.018,00
322 286,60 0,00 0,00 1.973,00 2.025,00
323 286,60 286,60 276,07 2.071,00 2.031,00
324 286,60 0,00 0,00 1.971,00 2.038,00
325 286,60 286,60 275,89 2.069,00 2.044,00
326 286,60 0,00 0,00 1.969,00 2.051,00
327 286,60 286,60 275,70 2.067,00 2.057,00
328 286,60 0,00 0,00 1.967,00 2.064,00
329 286,60 0,00 0,00 2.065,00 2.070,00
330 286,60 286,60 275,39 2.163,00 2.076,00
331 286,60 0,00 0,00 2.063,00 2.083,00
332 286,60 286,60 275,22 2.161,00 2.089,00
333 286,60 0,00 0,00 2.061,00 2.096,00
334 286,60 286,60 275,05 2.159,00 2.102,00
335 286,60 0,00 0,00 2.059,00 2.109,00
336 286,60 286,60 274,87 2.157,00 2.115,00
337 286,60 0,00 0,00 2.057,00 2.122,00
338 286,60 286,60 274,70 2.155,00 2.128,00
339 286,60 0,00 0,00 2.055,00 2.135,00
340 286,60 286,60 274,53 2.153,00 2.141,00
341 286,60 0,00 0,00 2.053,00 2.148,00
342 286,60 0,00 0,00 2.151,00 2.154,00
343 286,60 286,60 274,27 2.249,00 2.160,00
344 286,60 0,00 0,00 2.149,00 2.167,00
345 286,60 286,60 274,11 2.247,00 2.173,00
346 286,60 0,00 0,00 2.147,00 2.180,00
347 286,60 286,60 273,97 2.245,00 2.186,00
348 286,60 0,00 0,00 2.145,00 2.193,00
349 286,60 286,60 273,83 2.243,00 2.199,00
350 286,60 0,00 0,00 2.143,00 2.206,00
351 286,60 286,60 273,69 2.241,00 2.212,00
352 286,60 0,00 0,00 2.141,00 2.219,00
353 286,60 286,60 273,55 2.239,00 2.225,00
354 286,60 0,00 0,00 2.139,00 2.232,00
355 286,60 0,00 0,00 2.237,00 2.238,00
356 286,60 286,60 273,34 2.335,00 2.244,00
357 286,60 0,00 0,00 2.235,00 2.251,00
358 286,60 286,60 273,20 2.333,00 2.257,00
359 286,60 0,00 0,00 2.233,00 2.264,00
360 286,60 286,60 273,06 2.331,00 2.270,00
361 286,60 0,00 0,00 2.231,00 2.277,00
362 286,60 286,60 272,92 2.329,00 2.283,00
363 286,60 0,00 0,00 2.229,00 2.290,00
364 286,60 286,60 272,78 2.327,00 2.296,00
365 286,60 0,00 0,00 2.227,00 2.303,00
366 286,60 286,60 272,66 2.325,00 2.309,00
367 286,60 0,00 0,00 2.225,00 2.316,00
368 286,60 286,60 272,56 2.323,00 2.322,00
369 286,60 0,00 0,00 2.223,00 2.329,00
370 286,60 0,00 0,00 2.321,00 2.328,00
371 286,60 286,60 272,41 2.419,00 2.334,00
372 286,60 0,00 0,00 2.319,00 2.341,00
373 286,60 286,60 272,30 2.417,00 2.347,00
374 286,60 0,00 0,00 2.317,00 2.354,00
375 286,60 286,60 272,18 2.415,00 2.360,00
376 286,60 0,00 0,00 2.315,00 2.367,00
377 286,60 286,60 272,05 2.413,00 2.373,00
378 286,60 0,00 0,00 2.313,00 2.380,00
379 286,60 286,60 271,93 2.411,00 2.386,00
380 286,60 0,00 0,00 2.311,00 2.393,00
381 286,60 286,60 271,81 2.409,00 2.399,00
382 286,60 0,00 0,00 2.309,00 2.406,00
383 286,60 0,00 0,00 2.407,00 2.412,00
384 286,60 286,60 271,63 2.505,00 2.418,00
385 286,60 0,00 0,00 2.405,00 2.425,00
386 286,60 286,60 271,52 2.503,00 2.431,00
387 286,60 0,00 0,00 2.403,00 2.438,00
388 286,60 286,60 271,41 2.501,00 2.444,00
389 286,60 0,00 0,00 2.401,00 2.451,00
390 286,60 286,60 271,31 2.499,00 2.457,00
391 286,60 0,00 0,00 2.399,00 2.464,00
392 286,60 286,60 271,20 2.497,00 2.470,00
393 286,60 0,00 0,00 2.397,00 2.477,00
394 286,60 286,60 271,10 2.495,00 2.483,00
395 286,60 0,00 0,00 2.395,00 2.490,00
396 286,60 0,00 0,00 2.493,00 2.496,00
397 286,60 286,60 270,94 2.591,00 2.502,00
398 286,60 0,00 0,00 2.491,00 2.509,00
399 286,60 286,60 270,82 2.589,00 2.515,00
400 286,60 0,00 0,00 2.489,00 2.522,00
401 286,60 286,60 270,72 2.587,00 2.528,00
402 286,60 0,00 0,00 2.487,00 2.535,00
403 286,60 286,60 270,64 2.585,00 2.541,00
404 286,60 0,00 0,00 2.485,00 2.548,00
405 286,60 286,60 270,54 2.583,00 2.554,00
406 286,60 0,00 0,00 2.483,00 2.561,00
407 286,60 286,60 270,44 2.581,00 2.567,00
408 286,60 0,00 0,00 2.481,00 2.574,00
409 286,60 0,00 0,00 2.579,00 2.580,00
410 286,60 286,60 270,31 2.677,00 2.586,00
411 286,60 0,00 0,00 2.577,00 2.593,00
412 286,60 286,60 270,23 2.675,00 2.599,00
413 286,60 0,00 0,00 2.575,00 2.606,00
414 286,60 286,60 270,15 2.673,00 2.612,00
415 286,60 0,00 0,00 2.573,00 2.619,00
416 286,60 286,60 270,08 2.671,00 2.625,00
417 286,60 0,00 0,00 2.571,00 2.632,00
418 286,60 286,60 270,01 2.669,00 2.638,00
419 286,60 0,00 0,00 2.569,00 2.645,00
420 286,60 286,60 269,93 2.667,00 2.651,00
421 286,60 0,00 0,00 2.567,00 2.658,00
422 286,60 286,60 269,86 2.665,00 2.664,00
423 286,60 0,00 0,00 2.565,00 2.671,00
424 286,60 0,00 0,00 2.663,00 2.670,00
425 286,60 286,60 269,75 2.761,00 2.676,00
426 286,60 0,00 0,00 2.661,00 2.683,00
427 286,60 286,60 269,67 2.759,00 2.689,00
428 286,60 0,00 0,00 2.659,00 2.696,00
429 286,60 286,60 269,58 2.757,00 2.702,00
430 286,60 0,00 0,00 2.657,00 2.709,00
431 286,60 286,60 269,50 2.755,00 2.715,00
432 286,60 0,00 0,00 2.655,00 2.722,00
433 286,60 286,60 269,42 2.753,00 2.728,00
434 286,60 0,00 0,00 2.653,00 2.735,00
435 286,60 286,60 269,34 2.751,00 2.741,00
436 286,60 0,00 0,00 2.651,00 2.748,00
437 286,60 0,00 0,00 2.749,00 2.754,00
438 286,60 286,60 269,24 2.847,00 2.760,00
439 286,60 0,00 0,00 2.747,00 2.767,00
440 286,60 286,60 269,17 2.845,00 2.773,00
441 286,60 0,00 0,00 2.745,00 2.780,00
442 286,60 286,60 269,09 2.843,00 2.786,00
443 286,60 0,00 0,00 2.743,00 2.793,00
444 286,60 286,60 269,01 2.841,00 2.799,00
445 286,60 0,00 0,00 2.741,00 2.806,00
446 286,60 286,60 268,95 2.839,00 2.812,00
447 286,60 0,00 0,00 2.739,00 2.819,00
448 286,60 286,60 268,87 2.837,00 2.825,00
449 286,60 0,00 0,00 2.737,00 2.832,00
450 286,60 0,00 0,00 2.835,00 2.838,00
451 286,60 286,60 268,78 2.933,00 2.844,00
452 286,60 0,00 0,00 2.833,00 2.851,00
453 286,60 286,60 268,72 2.931,00 2.857,00
454 286,60 0,00 0,00 2.831,00 2.864,00
455 286,60 286,60 268,65 2.929,00 2.870,00
456 286,60 0,00 0,00 2.829,00 2.877,00
457 286,60 286,60 268,59 2.927,00 2.883,00
458 286,60 0,00 0,00 2.827,00 2.890,00
459 286,60 286,60 268,54 2.925,00 2.896,00
460 286,60 0,00 0,00 2.825,00 2.903,00
461 286,60 286,60 268,48 2.923,00 2.909,00
462 286,60 0,00 0,00 2.823,00 2.916,00
463 286,60 0,00 0,00 2.921,00 2.922,00
464 286,60 286,60 268,39 3.019,00 2.928,00
465 286,60 0,00 0,00 2.919,00 2.935,00
466 286,60 286,60 268,34 3.017,00 2.941,00
467 286,60 0,00 0,00 2.917,00 2.948,00
468 286,60 286,60 268,29 3.015,00 2.954,00
469 286,60 0,00 0,00 2.915,00 2.961,00
470 286,60 286,60 268,24 3.013,00 2.967,00
471 286,60 0,00 0,00 2.913,00 2.974,00
472 286,60 286,60 268,20 3.011,00 2.980,00
473 286,60 0,00 0,00 2.911,00 2.987,00
474 286,60 286,60 268,15 3.009,00 2.993,00
475 286,60 0,00 0,00 2.909,00 3.000,00
476 286,60 286,60 268,09 3.007,00 3.006,00
477 286,60 0,00 0,00 2.907,00 3.013,00
478 286,60 0,00 0,00 3.005,00 3.012,00
479 286,60 286,60 268,00 3.103,00 3.018,00
480 286,60 0,00 0,00 3.003,00 3.025,00
481 286,60 286,60 267,95 3.101,00 3.031,00
482 286,60 0,00 0,00 3.001,00 3.038,00
483 286,60 286,60 267,90 3.099,00 3.044,00
484 286,60 0,00 0,00 2.999,00 3.051,00
485 286,60 286,60 267,86 3.097,00 3.057,00
486 286,60 0,00 0,00 2.997,00 3.064,00
487 286,60 286,60 267,82 3.095,00 3.070,00
488 286,60 0,00 0,00 2.995,00 3.077,00
489 286,60 286,60 267,77 3.093,00 3.083,00
490 286,60 0,00 0,00 2.993,00 3.090,00
491 286,60 0,00 0,00 3.091,00 3.096,00
492 286,60 286,60 267,70 3.189,00 3.102,00
493 286,60 0,00 0,00 3.089,00 3.109,00
494 286,60 286,60 267,66 3.187,00 3.115,00
495 286,60 0,00 0,00 3.087,00 3.122,00
496 286,60 286,60 267,60 3.185,00 3.128,00
497 286,60 0,00 0,00 3.085,00 3.135,00
498 286,60 286,60 267,55 3.183,00 3.141,00
499 286,60 0,00 0,00 3.083,00 3.148,00
