1000
0 185,56 185,56 185,56 1,00 86,00 0
1 185,56 2,47 2,47 1,00 75,00 1235
2 185,56 2,77 1,48 1,00 69,00 1774
3 185,56 2,77 1,54 1,00 71,00 1865
4 185,56 2,54 1,42 1,00 73,00 1875
5 185,56 2,54 1,42 1,00 75,00 1879
6 185,56 2,54 1,42 1,00 77,00 1881
7 185,56 2,54 1,42 1,00 79,00 1881
8 185,56 2,54 1,42 1,00 81,00 1881
9 185,56 2,54 1,42 1,00 83,00 1881
10 185,56 2,54 1,42 1,00 85,00 1881
11 185,56 2,54 1,42 1,00 87,00 1881
12 185,56 2,54 1,42 1,00 89,00 1881
13 185,56 2,54 1,42 1,00 91,00 1881
14 185,56 2,54 1,42 1,00 93,00 1881
15 185,56 2,54 1,42 1,00 95,00 1881
16 185,56 2,54 1,42 1,00 97,00 1881
17 185,56 2,54 1,42 1,00 99,00 1881
18 185,56 1,84 1,03 1,00 101,00 1881
19 185,56 1,80 1,01 1,00 103,00 1881
20 185,56 1,80 1,01 1,00 105,00 1881
21 185,56 1,80 1,01 1,00 107,00 1881
22 185,56 1,80 1,01 1,00 109,00 1881
23 185,56 1,80 1,01 1,00 111,00 1881
24 185,56 1,80 1,01 1,00 113,00 1881
25 185,56 1,80 1,01 1,00 115,00 1881
26 185,56 1,80 1,01 1,00 117,00 1881
27 185,56 1,80 1,01 1,00 119,00 1881
28 185,56 1,80 1,01 1,00 121,00 1881
29 185,56 1,80 1,01 1,00 123,00 1881
30 185,56 1,80 1,01 95,00 125,00 1881
31 185,56 142,16 79,69 95,00 126,00 2704
32 185,56 141,02 116,21 95,00 127,00 3431
33 185,56 141,02 96,07 95,00 127,00 3821
34 185,56 139,91 102,01 95,00 128,00 4072
35 185,56 139,91 110,14 95,00 130,00 4286
36 185,56 139,91 102,38 95,00 132,00 4405
37 185,56 139,91 106,75 95,00 134,00 4558
38 185,56 139,91 104,92 95,00 136,00 4625
39 185,56 139,91 103,43 95,00 138,00 4666
40 185,56 139,91 101,87 95,00 140,00 4711
41 185,56 139,91 103,24 95,00 142,00 4762
42 185,56 139,91 102,92 95,00 144,00 4795
43 185,56 139,91 100,28 95,00 146,00 4831
44 185,56 139,91 102,63 95,00 148,00 4863
45 185,56 139,91 102,66 95,00 150,00 4893
46 185,56 139,91 102,69 95,00 152,00 4918
47 185,56 139,91 102,79 95,00 154,00 4938
48 185,56 139,91 102,74 95,00 156,00 4953
49 185,56 139,91 102,76 95,00 158,00 4969
50 185,56 139,91 102,77 95,00 160,00 4978
51 185,56 139,91 102,78 95,00 162,00 4991
52 185,56 139,91 102,78 95,00 164,00 5006
53 185,56 139,91 102,78 95,00 166,00 5016
54 185,56 139,91 102,79 95,00 168,00 5027
55 185,56 139,91 102,79 95,00 170,00 5033
56 185,56 139,91 102,79 95,00 172,00 5043
57 185,56 101,31 74,43 95,00 174,00 5047
58 185,56 101,31 74,43 95,00 176,00 5055
59 185,56 101,31 74,43 95,00 178,00 5061
60 185,56 101,31 74,43 1,00 180,00 5068
61 185,56 101,31 74,43 1,00 182,00 5076
62 185,56 101,31 74,44 1,00 184,00 5097
63 185,56 101,31 74,44 1,00 186,00 5110
64 185,56 101,31 74,44 1,00 188,00 5114
65 185,56 101,31 74,45 1,00 190,00 5115
66 185,56 101,31 74,42 1,00 192,00 5118
67 185,56 101,31 74,43 1,00 194,00 5123
68 185,56 101,31 74,44 1,00 196,00 5124
69 185,56 101,31 74,44 1,00 198,00 5125
70 185,56 101,31 74,44 1,00 200,00 5125
71 185,56 0,92 0,67 1,00 202,00 5125
72 185,56 0,92 0,67 1,00 204,00 5125
73 185,56 0,92 0,67 1,00 206,00 5125
74 185,56 0,92 0,67 1,00 208,00 5126
75 185,56 0,92 0,67 1,00 210,00 5126
76 185,56 0,92 0,67 1,00 212,00 5126
77 185,56 0,92 0,67 1,00 214,00 5126
78 185,56 0,92 0,67 1,00 216,00 5127
79 185,56 0,92 0,67 1,00 218,00 5128
80 185,56 0,92 0,67 1,00 220,00 5128
81 185,56 0,92 0,67 1,00 222,00 5128
82 185,56 0,92 0,67 1,00 224,00 5128
83 185,56 0,92 0,67 1,00 226,00 5128
84 185,56 0,81 0,60 1,00 228,00 5128
85 185,56 0,81 0,60 1,00 230,00 5128
86 185,56 0,81 0,60 1,00 232,00 5128
87 185,56 0,81 0,60 1,00 234,00 5128
88 185,56 0,81 0,60 1,00 236,00 5129
89 185,56 0,81 0,60 1,00 238,00 5133
90 185,56 0,81 0,60 98,00 240,00 5133
91 185,56 76,09 55,91 98,00 241,00 5240
92 185,56 76,09 55,90 98,00 243,00 5280
93 185,56 76,09 55,89 98,00 245,00 5298
94 185,56 76,09 55,90 98,00 247,00 5308
95 185,56 76,09 55,90 98,00 249,00 5318
96 185,56 76,09 55,90 98,00 251,00 5327
97 185,56 76,09 55,90 98,00 253,00 5336
98 185,56 76,09 55,90 98,00 255,00 5340
99 185,56 76,09 55,90 98,00 257,00 5347
100 185,56 76,09 55,90 98,00 259,00 5351
101 185,56 76,09 55,90 98,00 261,00 5353
102 185,56 76,09 55,90 98,00 263,00 5354
103 185,56 76,09 55,90 98,00 265,00 5357
104 185,56 76,09 55,90 98,00 267,00 5357
105 185,56 76,09 55,90 98,00 269,00 5357
106 185,56 76,09 55,90 98,00 271,00 5357
107 185,56 76,09 55,90 98,00 273,00 5357
108 185,56 76,09 55,90 98,00 275,00 5357
109 185,56 76,09 55,90 98,00 277,00 5359
110 185,56 76,09 55,90 98,00 279,00 5359
111 185,56 76,09 55,90 98,00 281,00 5360
112 185,56 76,09 55,90 98,00 283,00 5362
113 185,56 76,09 55,90 98,00 285,00 5364
114 185,56 76,09 55,90 98,00 287,00 5366
115 185,56 76,09 55,90 98,00 289,00 5366
116 185,56 76,09 55,90 98,00 291,00 5366
117 185,56 76,09 55,90 98,00 293,00 5366
118 185,56 76,09 55,90 98,00 295,00 5367
119 185,56 76,09 55,90 98,00 297,00 5368
120 185,56 76,09 55,90 1,00 299,00 5368
121 185,56 0,62 0,45 1,00 301,00 5378
122 185,56 0,62 0,45 1,00 303,00 5387
123 185,56 0,62 0,45 1,00 305,00 5391
124 185,56 0,62 0,45 1,00 307,00 5392
125 185,56 0,62 0,45 1,00 309,00 5392
126 185,56 0,62 0,45 1,00 311,00 5392
127 185,56 0,62 0,45 1,00 313,00 5392
128 185,56 0,62 0,45 1,00 315,00 5392
129 185,56 0,62 0,45 1,00 317,00 5392
130 185,56 0,62 0,45 1,00 319,00 5392
131 185,56 0,62 0,45 1,00 321,00 5392
132 185,56 0,62 0,45 1,00 323,00 5392
133 185,56 0,62 0,45 1,00 325,00 5392
134 185,56 0,62 0,45 1,00 327,00 5392
135 185,56 0,62 0,45 1,00 329,00 5392
136 185,56 0,62 0,45 1,00 331,00 5392
137 185,56 0,56 0,41 1,00 333,00 5392
138 185,56 0,56 0,41 1,00 335,00 5392
139 185,56 0,56 0,41 1,00 337,00 5392
140 185,56 0,56 0,41 1,00 339,00 5397
141 185,56 0,56 0,41 1,00 341,00 5398
142 185,56 0,56 0,41 1,00 343,00 5398
143 185,56 0,56 0,41 1,00 345,00 5398
144 185,56 0,56 0,41 1,00 347,00 5398
145 185,56 0,56 0,41 1,00 349,00 5398
146 185,56 0,56 0,41 1,00 351,00 5398
147 185,56 0,56 0,41 1,00 353,00 5398
148 185,56 0,56 0,41 1,00 355,00 5398
149 185,56 0,52 0,38 1,00 357,00 5398
150 185,56 0,52 0,38 97,00 359,00 5398
151 185,56 0,52 0,38 97,00 361,00 5443
152 185,56 50,00 36,73 97,00 362,00 5461
153 185,56 50,00 36,73 97,00 364,00 5469
154 185,56 50,00 36,73 97,00 366,00 5476
155 185,56 50,00 36,73 97,00 368,00 5480
156 185,56 50,00 36,73 97,00 370,00 5482
157 185,56 50,00 36,73 97,00 372,00 5482
158 185,56 50,00 36,73 97,00 374,00 5492
159 185,56 50,00 36,73 97,00 376,00 5501
160 185,56 50,00 36,73 97,00 378,00 5510
161 185,56 50,00 36,73 97,00 380,00 5520
162 185,56 50,00 36,73 97,00 382,00 5532
163 185,56 46,87 34,44 97,00 384,00 5544
164 185,56 46,87 34,44 97,00 386,00 5553
165 185,56 46,39 34,08 97,00 388,00 5560
166 185,56 46,39 34,08 97,00 390,00 5566
167 185,56 46,39 34,08 97,00 392,00 5570
168 185,56 46,39 34,08 97,00 394,00 5573
169 185,56 45,45 33,39 97,00 396,00 5575
170 185,56 45,45 33,39 97,00 398,00 5576
171 185,56 45,45 33,39 97,00 400,00 5577
172 185,56 45,45 33,39 97,00 402,00 5578
173 185,56 45,45 33,39 97,00 404,00 5579
174 185,56 45,45 33,39 97,00 406,00 5580
175 185,56 45,45 33,39 97,00 408,00 5582
176 185,56 45,45 33,39 97,00 410,00 5583
177 185,56 45,45 33,39 97,00 412,00 5584
178 185,56 45,45 33,39 97,00 414,00 5587
179 185,56 45,45 33,39 97,00 416,00 5589
180 185,56 45,45 33,39 1,00 418,00 5591
181 185,56 45,45 33,39 1,00 420,00 5600
182 185,56 45,45 33,39 1,00 422,00 5601
183 185,56 45,45 33,39 1,00 424,00 5602
184 185,56 45,45 33,39 1,00 426,00 5602
185 185,56 45,45 33,39 1,00 428,00 5602
186 185,56 45,45 33,39 1,00 430,00 5602
187 185,56 45,45 33,39 1,00 432,00 5602
188 185,56 45,45 33,39 1,00 434,00 5602
189 185,56 45,45 33,39 1,00 436,00 5602
190 185,56 45,45 33,39 1,00 438,00 5602
191 185,56 45,45 33,39 1,00 440,00 5604
192 185,56 45,45 33,39 1,00 442,00 5606
193 185,56 45,45 33,39 1,00 444,00 5607
194 185,56 0,42 0,31 1,00 446,00 5611
195 185,56 0,42 0,31 1,00 448,00 5613
196 185,56 0,42 0,31 1,00 450,00 5613
197 185,56 0,42 0,31 1,00 452,00 5613
198 185,56 0,42 0,31 1,00 454,00 5613
199 185,56 0,42 0,31 1,00 456,00 5613
200 185,56 0,42 0,31 1,00 458,00 5613
201 185,56 0,42 0,31 1,00 460,00 5613
202 185,56 0,42 0,31 1,00 462,00 5613
203 185,56 0,42 0,31 1,00 464,00 5613
204 185,56 0,42 0,31 1,00 466,00 5613
205 185,56 0,40 0,29 1,00 468,00 5613
206 185,56 0,40 0,29 1,00 470,00 5613
207 185,56 0,40 0,29 1,00 472,00 5613
208 185,56 0,40 0,29 1,00 474,00 5614
209 185,56 0,40 0,29 1,00 476,00 5616
210 185,56 0,40 0,29 93,00 478,00 5616
211 185,56 36,18 26,58 93,00 479,00 5655
212 185,56 36,18 26,58 93,00 481,00 5665
213 185,56 36,18 26,58 93,00 483,00 5671
214 185,56 36,18 26,58 93,00 485,00 5671
215 185,56 36,18 26,58 93,00 487,00 5671
216 185,56 36,18 26,58 93,00 489,00 5671
217 185,56 36,18 26,58 93,00 491,00 5671
218 185,56 36,18 26,58 93,00 493,00 5671
219 185,56 36,18 26,58 93,00 495,00 5671
220 185,56 36,18 26,58 93,00 497,00 5671
221 185,56 36,18 26,58 93,00 499,00 5671
222 185,56 36,18 26,58 93,00 501,00 5671
223 185,56 36,18 26,58 93,00 503,00 5671
224 185,56 36,18 26,58 93,00 505,00 5671
225 185,56 36,18 26,58 93,00 507,00 5671
226 185,56 36,18 26,58 93,00 509,00 5671
227 185,56 36,18 26,58 93,00 511,00 5671
228 185,56 36,18 26,58 93,00 513,00 5671
229 185,56 36,18 26,58 93,00 515,00 5671
230 185,56 36,18 26,58 93,00 517,00 5671
231 185,56 33,25 24,43 93,00 519,00 5671
232 185,56 33,25 24,43 93,00 521,00 5671
233 185,56 33,25 24,43 93,00 523,00 5671
234 185,56 33,25 24,43 93,00 525,00 5671
235 185,56 33,25 24,43 93,00 527,00 5671
236 185,56 32,62 23,97 93,00 529,00 5671
237 185,56 32,62 23,97 93,00 531,00 5671
238 185,56 32,62 23,97 93,00 533,00 5671
239 185,56 32,62 23,97 93,00 535,00 5671
240 185,56 32,62 23,97 1,00 537,00 5671
241 185,56 32,62 23,97 1,00 539,00 5686
242 185,56 32,62 23,97 1,00 541,00 5686
243 185,56 32,62 23,97 1,00 543,00 5687
244 185,56 32,62 23,97 1,00 545,00 5688
245 185,56 32,62 23,97 1,00 547,00 5688
246 185,56 32,62 23,97 1,00 549,00 5688
247 185,56 32,62 23,97 1,00 551,00 5688
248 185,56 32,62 23,97 1,00 553,00 5688
249 185,56 32,62 23,97 1,00 555,00 5691
250 185,56 32,62 23,97 1,00 557,00 5693
251 185,56 32,62 23,97 1,00 559,00 5693
252 185,56 32,62 23,97 1,00 561,00 5693
253 185,56 32,62 23,97 1,00 563,00 5694
254 185,56 32,62 23,97 1,00 565,00 5694
255 185,56 32,62 23,97 1,00 567,00 5694
256 185,56 32,62 23,97 1,00 569,00 5694
257 185,56 32,62 23,97 1,00 571,00 5694
258 185,56 32,62 23,97 1,00 573,00 5694
259 185,56 32,62 23,97 1,00 575,00 5694
260 185,56 32,62 23,97 1,00 577,00 5694
261 185,56 0,32 0,24 1,00 579,00 5694
262 185,56 0,32 0,24 1,00 581,00 5694
263 185,56 0,32 0,24 1,00 583,00 5694
264 185,56 0,32 0,24 1,00 585,00 5694
265 185,56 0,32 0,24 1,00 587,00 5694
266 185,56 0,32 0,24 1,00 589,00 5694
267 185,56 0,32 0,24 1,00 591,00 5694
268 185,56 0,32 0,24 1,00 593,00 5694
269 185,56 0,32 0,24 1,00 595,00 5694
270 185,56 0,32 0,24 97,00 597,00 5694
271 185,56 0,32 0,24 97,00 599,00 5724
272 185,56 30,10 22,11 97,00 600,00 5736
273 185,56 30,10 22,11 97,00 602,00 5742
274 185,56 30,10 22,11 97,00 604,00 5742
275 185,56 30,10 22,11 97,00 606,00 5742
276 185,56 30,10 22,11 97,00 608,00 5742
277 185,56 30,10 22,11 97,00 610,00 5742
278 185,56 30,10 22,11 97,00 612,00 5742
279 185,56 30,10 22,11 97,00 614,00 5742
280 185,56 30,10 22,11 97,00 616,00 5742
281 185,56 30,10 22,11 97,00 618,00 5742
282 185,56 30,10 22,11 97,00 620,00 5742
283 185,56 30,10 22,11 97,00 622,00 5742
284 185,56 30,10 22,11 97,00 624,00 5742
285 185,56 30,10 22,11 97,00 626,00 5742
286 185,56 30,10 22,11 97,00 628,00 5742
287 185,56 30,10 22,11 97,00 630,00 5742
288 185,56 30,10 22,11 97,00 632,00 5742
289 185,56 30,10 22,11 97,00 634,00 5742
290 185,56 30,10 22,11 97,00 636,00 5742
291 185,56 30,10 22,11 97,00 638,00 5742
292 185,56 30,10 22,11 97,00 640,00 5742
293 185,56 30,10 22,11 97,00 642,00 5742
294 185,56 30,10 22,11 97,00 644,00 5742
295 185,56 30,10 22,11 97,00 646,00 5742
296 185,56 30,10 22,11 97,00 648,00 5742
297 185,56 30,10 22,11 97,00 650,00 5742
298 185,56 30,10 22,11 97,00 652,00 5742
299 185,56 30,10 22,11 97,00 654,00 5742
300 185,56 27,44 20,16 1,00 656,00 5742
301 185,56 27,44 20,16 1,00 658,00 5752
302 185,56 27,44 20,16 1,00 660,00 5752
303 185,56 0,28 0,21 1,00 662,00 5752
304 185,56 0,28 0,21 1,00 664,00 5752
305 185,56 0,28 0,21 1,00 666,00 5752
306 185,56 0,28 0,21 1,00 668,00 5762
307 185,56 0,28 0,21 1,00 670,00 5773
308 185,56 0,28 0,21 1,00 672,00 5778
309 185,56 0,28 0,20 1,00 674,00 5780
310 185,56 0,28 0,20 1,00 676,00 5780
311 185,56 0,28 0,20 1,00 678,00 5780
312 185,56 0,28 0,20 1,00 680,00 5780
313 185,56 0,28 0,20 1,00 682,00 5782
314 185,56 0,28 0,20 1,00 684,00 5783
315 185,56 0,28 0,20 1,00 686,00 5783
316 185,56 0,28 0,20 1,00 688,00 5783
317 185,56 0,28 0,20 1,00 690,00 5783
318 185,56 0,27 0,20 1,00 692,00 5783
319 185,56 0,27 0,20 1,00 694,00 5783
320 185,56 0,27 0,20 1,00 696,00 5783
321 185,56 0,27 0,20 1,00 698,00 5783
322 185,56 0,27 0,20 1,00 700,00 5783
323 185,56 0,27 0,20 1,00 702,00 5783
324 185,56 0,27 0,20 1,00 704,00 5783
325 185,56 0,26 0,19 1,00 706,00 5783
326 185,56 0,26 0,19 1,00 708,00 5783
327 185,56 0,26 0,19 1,00 710,00 5783
328 185,56 0,26 0,19 1,00 712,00 5783
329 185,56 0,26 0,19 1,00 714,00 5783
330 185,56 0,26 0,19 97,00 716,00 5783
331 185,56 0,26 0,19 97,00 718,00 5809
332 185,56 0,26 0,19 97,00 720,00 5815
333 185,56 25,03 18,39 97,00 721,00 5818
334 185,56 24,90 18,29 97,00 723,00 5819
335 185,56 24,90 18,29 97,00 725,00 5820
336 185,56 24,90 18,29 97,00 727,00 5820
337 185,56 24,90 18,29 97,00 729,00 5820
338 185,56 24,90 18,29 97,00 731,00 5820
339 185,56 24,90 18,29 97,00 733,00 5820
340 185,56 24,90 18,29 97,00 735,00 5820
341 185,56 24,90 18,29 97,00 737,00 5820
342 185,56 24,90 18,29 97,00 739,00 5820
343 185,56 24,90 18,29 97,00 741,00 5820
344 185,56 24,90 18,29 97,00 743,00 5820
345 185,56 24,90 18,29 97,00 745,00 5820
346 185,56 24,90 18,29 97,00 747,00 5820
347 185,56 24,90 18,29 97,00 749,00 5820
348 185,56 24,90 18,29 97,00 751,00 5820
349 185,56 24,90 18,29 97,00 753,00 5820
350 185,56 24,90 18,29 97,00 755,00 5820
351 185,56 24,90 18,29 97,00 757,00 5820
352 185,56 24,90 18,29 97,00 759,00 5820
353 185,56 24,90 18,29 97,00 761,00 5820
354 185,56 24,90 18,29 97,00 763,00 5820
355 185,56 24,90 18,29 97,00 765,00 5820
356 185,56 24,90 18,29 97,00 767,00 5820
357 185,56 24,90 18,29 97,00 769,00 5820
358 185,56 24,90 18,29 97,00 771,00 5820
359 185,56 24,90 18,29 97,00 773,00 5820
360 185,56 24,90 18,29 1,00 775,00 5820
361 185,56 24,90 18,29 1,00 777,00 5827
362 185,56 24,90 18,29 1,00 779,00 5827
363 185,56 24,90 18,29 1,00 781,00 5827
364 185,56 24,90 18,29 1,00 783,00 5827
365 185,56 24,90 18,29 1,00 785,00 5827
366 185,56 24,90 18,29 1,00 787,00 5827
367 185,56 24,90 18,29 1,00 789,00 5827
368 185,56 24,90 18,29 1,00 791,00 5827
369 185,56 24,90 18,29 1,00 793,00 5827
370 185,56 24,90 18,29 1,00 795,00 5827
371 185,56 0,23 0,17 1,00 797,00 5827
372 185,56 0,23 0,17 1,00 799,00 5827
373 185,56 0,23 0,17 1,00 801,00 5827
374 185,56 0,23 0,17 1,00 803,00 5827
375 185,56 0,23 0,17 1,00 805,00 5827
376 185,56 0,23 0,17 1,00 807,00 5827
377 185,56 0,23 0,17 1,00 809,00 5827
378 185,56 0,23 0,17 1,00 811,00 5827
379 185,56 0,23 0,17 1,00 813,00 5827
380 185,56 0,23 0,17 1,00 815,00 5827
381 185,56 0,23 0,17 1,00 817,00 5827
382 185,56 0,23 0,17 1,00 819,00 5827
383 185,56 0,23 0,17 1,00 821,00 5833
384 185,56 0,23 0,17 1,00 823,00 5833
385 185,56 0,23 0,17 1,00 825,00 5833
386 185,56 0,23 0,17 1,00 827,00 5833
387 185,56 0,23 0,17 1,00 829,00 5833
388 185,56 0,23 0,17 1,00 831,00 5833
389 185,56 0,22 0,16 1,00 833,00 5833
390 185,56 0,22 0,16 97,00 835,00 5833
391 185,56 0,22 0,16 97,00 837,00 5854
392 185,56 0,22 0,16 97,00 839,00 5858
393 185,56 0,22 0,16 97,00 841,00 5861
394 185,56 0,22 0,16 97,00 843,00 5861
395 185,56 0,22 0,16 97,00 845,00 5861
396 185,56 0,22 0,16 97,00 847,00 5861
397 185,56 0,22 0,16 97,00 849,00 5861
398 185,56 21,15 15,54 97,00 851,00 5861
399 185,56 21,15 15,54 97,00 853,00 5861
400 185,56 21,05 15,47 97,00 855,00 5861
401 185,56 21,05 15,47 97,00 857,00 5865
402 185,56 20,95 15,39 97,00 859,00 5866
403 185,56 20,95 15,39 97,00 861,00 5866
404 185,56 20,95 15,39 97,00 863,00 5866
405 185,56 20,95 15,39 97,00 865,00 5866
406 185,56 20,95 15,39 97,00 867,00 5866
407 185,56 20,95 15,39 97,00 869,00 5866
408 185,56 20,95 15,39 97,00 871,00 5866
409 185,56 20,95 15,39 97,00 873,00 5866
410 185,56 20,95 15,39 97,00 875,00 5866
411 185,56 20,95 15,39 97,00 877,00 5866
412 185,56 20,95 15,39 97,00 879,00 5866
413 185,56 20,95 15,39 97,00 881,00 5866
414 185,56 20,38 14,98 97,00 883,00 5866
415 185,56 20,38 14,98 97,00 885,00 5866
416 185,56 20,38 14,98 97,00 887,00 5866
417 185,56 20,38 14,98 97,00 889,00 5866
418 185,56 20,38 14,98 97,00 891,00 5866
419 185,56 20,38 14,98 97,00 893,00 5866
420 185,56 20,38 14,98 1,00 895,00 5866
421 185,56 20,38 14,98 1,00 897,00 5875
422 185,56 20,38 14,98 1,00 899,00 5878
423 185,56 20,38 14,98 1,00 901,00 5879
424 185,56 20,38 14,98 1,00 903,00 5879
425 185,56 20,38 14,98 1,00 905,00 5879
426 185,56 0,20 0,15 1,00 907,00 5879
427 185,56 0,20 0,15 1,00 909,00 5879
428 185,56 0,20 0,15 1,00 911,00 5880
429 185,56 0,20 0,15 1,00 913,00 5880
430 185,56 0,20 0,15 1,00 915,00 5880
431 185,56 0,20 0,15 1,00 917,00 5880
432 185,56 0,20 0,15 1,00 919,00 5880
433 185,56 0,20 0,15 1,00 921,00 5880
434 185,56 0,20 0,15 1,00 923,00 5880
435 185,56 0,20 0,15 1,00 925,00 5880
436 185,56 0,20 0,15 1,00 927,00 5880
437 185,56 0,20 0,15 1,00 929,00 5880
438 185,56 0,20 0,15 1,00 931,00 5880
439 185,56 0,20 0,15 1,00 933,00 5880
440 185,56 0,20 0,15 1,00 935,00 5880
441 185,56 0,20 0,15 1,00 937,00 5880
442 185,56 0,20 0,15 1,00 939,00 5880
443 185,56 0,20 0,15 1,00 941,00 5880
444 185,56 0,20 0,15 1,00 943,00 5880
445 185,56 0,20 0,15 1,00 945,00 5880
446 185,56 0,20 0,15 1,00 947,00 5880
447 185,56 0,20 0,15 1,00 949,00 5880
448 185,56 0,20 0,15 1,00 951,00 5880
449 185,56 0,20 0,15 1,00 953,00 5880
450 185,56 0,20 0,15 97,00 955,00 5880
451 185,56 18,81 13,82 97,00 957,00 5901
452 185,56 18,81 13,82 97,00 959,00 5908
453 185,56 18,81 13,82 97,00 961,00 5908
454 185,56 18,81 13,82 97,00 963,00 5908
455 185,56 18,81 13,82 97,00 965,00 5908
456 185,56 18,81 13,82 97,00 967,00 5909
457 185,56 18,81 13,82 97,00 969,00 5909
458 185,56 18,81 13,82 97,00 971,00 5909
459 185,56 18,50 13,59 97,00 973,00 5909
460 185,56 18,46 13,56 97,00 975,00 5909
461 185,56 18,46 13,56 97,00 977,00 5909
462 185,56 18,46 13,56 97,00 979,00 5909
463 185,56 18,46 13,56 97,00 981,00 5909
464 185,56 18,46 13,56 97,00 983,00 5909
465 185,56 18,46 13,56 97,00 985,00 5909
466 185,56 18,46 13,56 97,00 987,00 5909
467 185,56 18,20 13,37 97,00 989,00 5909
468 185,56 18,20 13,37 97,00 991,00 5909
469 185,56 18,20 13,37 97,00 993,00 5909
470 185,56 18,20 13,37 97,00 995,00 5909
471 185,56 18,20 13,37 97,00 997,00 5909
472 185,56 18,20 13,37 97,00 999,00 5909
473 185,56 18,20 13,37 97,00 1.001,00 5909
474 185,56 17,95 13,18 97,00 1.003,00 5909
475 185,56 17,95 13,18 97,00 1.005,00 5909
476 185,56 17,95 13,18 97,00 1.007,00 5909
477 185,56 17,95 13,18 97,00 1.009,00 5909
478 185,56 17,95 13,18 97,00 1.011,00 5909
479 185,56 17,95 13,18 97,00 1.013,00 5909
480 185,56 17,95 13,18 1,00 1.015,00 5909
481 185,56 17,95 13,18 1,00 1.017,00 5915
482 185,56 17,95 13,18 1,00 1.019,00 5916
483 185,56 17,95 13,18 1,00 1.021,00 5916
484 185,56 17,95 13,18 1,00 1.023,00 5916
485 185,56 17,95 13,18 1,00 1.025,00 5916
486 185,56 17,95 13,18 1,00 1.027,00 5916
487 185,56 17,95 13,18 1,00 1.029,00 5916
488 185,56 17,95 13,18 1,00 1.031,00 5916
489 185,56 17,95 13,18 1,00 1.033,00 5916
490 185,56 17,95 13,18 1,00 1.035,00 5916
491 185,56 17,95 13,18 1,00 1.037,00 5916
492 185,56 0,18 0,13 1,00 1.039,00 5916
493 185,56 0,18 0,13 1,00 1.041,00 5916
494 185,56 0,18 0,13 1,00 1.043,00 5916
495 185,56 0,18 0,13 1,00 1.045,00 5916
496 185,56 0,18 0,13 1,00 1.047,00 5916
497 185,56 0,18 0,13 1,00 1.049,00 5916
498 185,56 0,18 0,13 1,00 1.051,00 5916
499 185,56 0,18 0,13 1,00 1.053,00 5916
500 185,56 0,18 0,13 1,00 1.055,00 5916
501 185,56 0,18 0,13 1,00 1.057,00 5916
502 185,56 0,18 0,13 1,00 1.059,00 5916
503 185,56 0,17 0,13 1,00 1.061,00 5916
504 185,56 0,17 0,13 1,00 1.063,00 5916
505 185,56 0,17 0,13 1,00 1.065,00 5919
506 185,56 0,17 0,13 1,00 1.067,00 5919
507 185,56 0,17 0,13 1,00 1.069,00 5919
508 185,56 0,17 0,13 1,00 1.071,00 5919
509 185,56 0,17 0,13 1,00 1.073,00 5919
510 185,56 0,17 0,13 97,00 1.075,00 5919
511 185,56 0,17 0,13 97,00 1.077,00 5935
512 185,56 0,17 0,13 97,00 1.079,00 5937
513 185,56 0,17 0,13 97,00 1.081,00 5938
514 185,56 0,17 0,13 97,00 1.083,00 5938
515 185,56 0,17 0,13 97,00 1.085,00 5938
516 185,56 0,17 0,13 97,00 1.087,00 5938
517 185,56 0,17 0,13 97,00 1.089,00 5938
518 185,56 0,17 0,13 97,00 1.091,00 5938
519 185,56 0,17 0,13 97,00 1.093,00 5938
520 185,56 0,17 0,13 97,00 1.095,00 5938
521 185,56 0,17 0,13 97,00 1.097,00 5938
522 185,56 0,17 0,13 97,00 1.099,00 5938
523 185,56 0,17 0,13 97,00 1.101,00 5938
524 185,56 0,17 0,13 97,00 1.103,00 5938
525 185,56 0,17 0,13 97,00 1.105,00 5938
526 185,56 0,17 0,13 97,00 1.107,00 5938
527 185,56 0,17 0,13 97,00 1.109,00 5938
528 185,56 0,17 0,13 97,00 1.111,00 5938
529 185,56 0,17 0,13 97,00 1.113,00 5938
530 185,56 0,17 0,13 97,00 1.115,00 5938
531 185,56 0,17 0,13 97,00 1.117,00 5938
532 185,56 0,17 0,13 97,00 1.119,00 5938
533 185,56 0,17 0,13 97,00 1.121,00 5938
534 185,56 0,17 0,13 97,00 1.123,00 5938
535 185,56 0,17 0,13 97,00 1.125,00 5938
536 185,56 0,17 0,13 97,00 1.127,00 5938
537 185,56 0,17 0,13 97,00 1.129,00 5938
538 185,56 0,17 0,13 97,00 1.131,00 5938
539 185,56 0,17 0,13 97,00 1.133,00 5938
540 185,56 0,17 0,13 193,00 1.135,00 5938
541 185,56 0,17 0,13 193,00 1.137,00 5942
542 185,56 0,17 0,13 193,00 1.139,00 5944
543 185,56 0,17 0,13 193,00 1.141,00 5946
544 185,56 0,17 0,13 193,00 1.143,00 5947
545 185,56 0,17 0,13 193,00 1.145,00 5958
546 185,56 0,17 0,13 193,00 1.147,00 5965
547 185,56 0,17 0,13 193,00 1.149,00 5965
548 185,56 0,17 0,13 193,00 1.151,00 5965
549 185,56 0,17 0,13 193,00 1.153,00 5965
550 185,56 0,17 0,13 193,00 1.155,00 5965
551 185,56 0,17 0,13 193,00 1.157,00 5965
552 185,56 0,17 0,13 193,00 1.159,00 5965
553 185,56 0,17 0,13 193,00 1.161,00 5965
554 185,56 0,17 0,13 193,00 1.163,00 5965
555 185,56 0,17 0,13 193,00 1.165,00 5965
556 185,56 0,17 0,13 193,00 1.167,00 5965
557 185,56 0,17 0,13 193,00 1.169,00 5965
558 185,56 0,17 0,13 193,00 1.171,00 5965
559 185,56 0,17 0,13 193,00 1.173,00 5969
560 185,56 30,48 22,39 193,00 1.175,00 5969
561 185,56 30,48 22,39 193,00 1.177,00 5969
562 185,56 30,48 22,39 193,00 1.179,00 5969
563 185,56 30,48 22,39 193,00 1.181,00 5969
564 185,56 30,48 22,39 193,00 1.183,00 5969
565 185,56 30,22 22,20 193,00 1.185,00 5969
566 185,56 30,22 22,20 193,00 1.187,00 5969
567 185,56 30,22 22,20 193,00 1.189,00 5969
568 185,56 30,07 22,09 193,00 1.191,00 5969
569 185,56 30,07 22,09 193,00 1.193,00 5969
570 185,56 30,07 22,09 93,00 1.195,00 5969
571 185,56 30,07 22,09 93,00 1.197,00 5988
572 185,56 30,07 22,09 93,00 1.199,00 5994
573 185,56 30,07 22,09 93,00 1.201,00 5999
574 185,56 30,07 22,09 93,00 1.203,00 6004
575 185,56 14,32 10,52 93,00 1.205,00 6007
576 185,56 14,32 10,52 93,00 1.207,00 6009
577 185,56 14,32 10,52 93,00 1.209,00 6010
578 185,56 14,32 10,52 93,00 1.211,00 6010
579 185,56 14,32 10,52 93,00 1.213,00 6010
580 185,56 14,32 10,52 93,00 1.215,00 6010
581 185,56 14,32 10,52 93,00 1.217,00 6010
582 185,56 14,32 10,52 93,00 1.219,00 6010
583 185,56 14,32 10,52 93,00 1.221,00 6010
584 185,56 14,11 10,37 93,00 1.223,00 6010
585 185,56 14,11 10,37 93,00 1.225,00 6010
586 185,56 14,11 10,37 93,00 1.227,00 6010
587 185,56 14,11 10,37 93,00 1.229,00 6010
588 185,56 14,11 10,37 93,00 1.231,00 6010
589 185,56 14,11 10,37 93,00 1.233,00 6010
590 185,56 14,11 10,37 93,00 1.235,00 6010
591 185,56 14,11 10,37 93,00 1.237,00 6010
592 185,56 14,11 10,37 93,00 1.239,00 6010
593 185,56 14,11 10,37 93,00 1.241,00 6010
594 185,56 14,11 10,37 93,00 1.243,00 6010
595 185,56 14,11 10,37 93,00 1.245,00 6010
596 185,56 14,11 10,37 93,00 1.247,00 6010
597 185,56 14,11 10,37 93,00 1.249,00 6010
598 185,56 13,79 10,13 93,00 1.251,00 6010
599 185,56 13,79 10,13 93,00 1.253,00 6010
600 185,56 13,79 10,13 1,00 1.255,00 6010
601 185,56 13,79 10,13 1,00 1.257,00 6019
602 185,56 13,79 10,13 1,00 1.259,00 6021
603 185,56 13,79 10,13 1,00 1.261,00 6022
604 185,56 13,79 10,13 1,00 1.263,00 6022
605 185,56 0,15 0,11 1,00 1.265,00 6022
606 185,56 0,15 0,11 1,00 1.267,00 6022
607 185,56 0,15 0,11 1,00 1.269,00 6022
608 185,56 0,15 0,11 1,00 1.271,00 6023
609 185,56 0,15 0,11 1,00 1.273,00 6023
610 185,56 0,15 0,11 1,00 1.275,00 6023
611 185,56 0,15 0,11 1,00 1.277,00 6023
612 185,56 0,15 0,11 1,00 1.279,00 6023
613 185,56 0,14 0,11 1,00 1.281,00 6023
614 185,56 0,14 0,11 1,00 1.283,00 6023
615 185,56 0,14 0,11 1,00 1.285,00 6023
616 185,56 0,14 0,11 1,00 1.287,00 6023
617 185,56 0,14 0,11 1,00 1.289,00 6023
618 185,56 0,14 0,11 1,00 1.291,00 6023
619 185,56 0,14 0,11 1,00 1.293,00 6023
620 185,56 0,14 0,11 1,00 1.295,00 6023
621 185,56 0,14 0,11 1,00 1.297,00 6023
622 185,56 0,14 0,11 1,00 1.299,00 6023
623 185,56 0,14 0,10 1,00 1.301,00 6023
624 185,56 0,14 0,10 1,00 1.303,00 6023
625 185,56 0,14 0,10 1,00 1.305,00 6023
626 185,56 0,14 0,10 1,00 1.307,00 6023
627 185,56 0,14 0,10 1,00 1.309,00 6023
628 185,56 0,14 0,10 1,00 1.311,00 6023
629 185,56 0,14 0,10 1,00 1.313,00 6023
630 185,56 0,14 0,10 99,00 1.315,00 6023
631 185,56 0,14 0,10 99,00 1.317,00 6039
632 185,56 0,14 0,10 99,00 1.319,00 6043
633 185,56 0,14 0,10 99,00 1.321,00 6043
634 185,56 0,14 0,10 99,00 1.323,00 6043
635 185,56 13,86 10,19 99,00 1.325,00 6043
636 185,56 13,86 10,19 99,00 1.327,00 6043
637 185,56 13,86 10,19 99,00 1.329,00 6043
638 185,56 13,86 10,19 99,00 1.331,00 6043
639 185,56 13,86 10,19 99,00 1.333,00 6043
640 185,56 13,86 10,19 99,00 1.335,00 6043
641 185,56 13,86 10,19 99,00 1.337,00 6043
642 185,56 13,86 10,19 99,00 1.339,00 6043
643 185,56 13,86 10,19 99,00 1.341,00 6043
644 185,56 13,86 10,19 99,00 1.343,00 6043
645 185,56 13,86 10,19 99,00 1.345,00 6043
646 185,56 13,86 10,19 99,00 1.347,00 6043
647 185,56 13,86 10,19 99,00 1.349,00 6043
648 185,56 13,60 9,99 99,00 1.351,00 6043
649 185,56 13,58 9,98 99,00 1.353,00 6043
650 185,56 13,58 9,98 99,00 1.355,00 6043
651 185,56 13,58 9,98 99,00 1.357,00 6043
652 185,56 13,58 9,98 99,00 1.359,00 6043
653 185,56 13,58 9,98 99,00 1.361,00 6043
654 185,56 13,58 9,98 99,00 1.363,00 6043
655 185,56 13,58 9,98 99,00 1.365,00 6043
656 185,56 13,58 9,98 99,00 1.367,00 6043
657 185,56 13,42 9,86 99,00 1.369,00 6043
658 185,56 13,42 9,86 99,00 1.371,00 6043
659 185,56 13,42 9,86 99,00 1.373,00 6043
660 185,56 13,42 9,86 1,00 1.375,00 6043
661 185,56 13,42 9,86 1,00 1.377,00 6047
662 185,56 13,42 9,86 1,00 1.379,00 6047
663 185,56 13,42 9,86 1,00 1.381,00 6047
664 185,56 13,42 9,86 1,00 1.383,00 6047
665 185,56 13,42 9,86 1,00 1.385,00 6047
666 185,56 13,42 9,86 1,00 1.387,00 6047
667 185,56 13,42 9,86 1,00 1.389,00 6047
668 185,56 13,42 9,86 1,00 1.391,00 6048
669 185,56 13,42 9,86 1,00 1.393,00 6048
670 185,56 13,42 9,86 1,00 1.395,00 6048
671 185,56 0,13 0,10 1,00 1.397,00 6048
672 185,56 0,13 0,10 1,00 1.399,00 6048
673 185,56 0,13 0,10 1,00 1.401,00 6048
674 185,56 0,13 0,10 1,00 1.403,00 6048
675 185,56 0,13 0,10 1,00 1.405,00 6048
676 185,56 0,13 0,10 1,00 1.407,00 6048
677 185,56 0,13 0,10 1,00 1.409,00 6048
678 185,56 0,13 0,10 1,00 1.411,00 6048
679 185,56 0,13 0,10 1,00 1.413,00 6048
680 185,56 0,13 0,10 1,00 1.415,00 6048
681 185,56 0,13 0,10 1,00 1.417,00 6048
682 185,56 0,13 0,10 1,00 1.419,00 6048
683 185,56 0,13 0,10 1,00 1.421,00 6048
684 185,56 0,13 0,10 1,00 1.423,00 6048
685 185,56 0,13 0,10 1,00 1.425,00 6048
686 185,56 0,13 0,10 1,00 1.427,00 6048
687 185,56 0,13 0,10 1,00 1.429,00 6048
688 185,56 0,13 0,10 1,00 1.431,00 6048
689 185,56 0,13 0,10 1,00 1.433,00 6048
690 185,56 0,13 0,10 99,00 1.435,00 6048
691 185,56 0,13 0,10 99,00 1.437,00 6060
692 185,56 0,13 0,10 99,00 1.439,00 6063
693 185,56 0,13 0,10 99,00 1.441,00 6066
694 185,56 0,13 0,10 99,00 1.443,00 6067
695 185,56 0,13 0,10 99,00 1.445,00 6068
696 185,56 0,13 0,10 99,00 1.447,00 6070
697 185,56 0,13 0,10 99,00 1.449,00 6070
698 185,56 0,13 0,10 99,00 1.451,00 6070
699 185,56 0,13 0,10 99,00 1.453,00 6070
700 185,56 0,13 0,10 99,00 1.455,00 6070
701 185,56 0,13 0,10 99,00 1.457,00 6070
702 185,56 0,13 0,10 99,00 1.459,00 6070
703 185,56 0,13 0,10 99,00 1.461,00 6070
704 185,56 12,56 9,23 99,00 1.463,00 6070
705 185,56 12,56 9,23 99,00 1.465,00 6070
706 185,56 12,52 9,20 99,00 1.467,00 6070
707 185,56 12,52 9,20 99,00 1.469,00 6070
708 185,56 12,52 9,20 99,00 1.471,00 6070
709 185,56 12,47 9,16 99,00 1.473,00 6070
710 185,56 12,45 9,15 99,00 1.475,00 6070
711 185,56 12,45 9,15 99,00 1.477,00 6070
712 185,56 12,45 9,15 99,00 1.479,00 6070
713 185,56 12,40 9,11 99,00 1.481,00 6070
714 185,56 12,40 9,11 99,00 1.483,00 6070
715 185,56 12,40 9,11 99,00 1.485,00 6070
716 185,56 12,40 9,11 99,00 1.487,00 6070
717 185,56 12,34 9,06 99,00 1.489,00 6070
718 185,56 12,32 9,05 99,00 1.491,00 6070
719 185,56 12,32 9,05 99,00 1.493,00 6070
720 185,56 12,32 9,05 1,00 1.495,00 6070
721 185,56 12,32 9,05 1,00 1.497,00 6073
722 185,56 12,32 9,05 1,00 1.499,00 6073
723 185,56 12,32 9,05 1,00 1.501,00 6073
724 185,56 12,32 9,05 1,00 1.503,00 6073
725 185,56 0,12 0,09 1,00 1.505,00 6073
726 185,56 0,12 0,09 1,00 1.507,00 6073
727 185,56 0,12 0,09 1,00 1.509,00 6073
728 185,56 0,12 0,09 1,00 1.511,00 6073
729 185,56 0,12 0,09 1,00 1.513,00 6073
730 185,56 0,12 0,09 1,00 1.515,00 6073
731 185,56 0,12 0,09 1,00 1.517,00 6073
732 185,56 0,12 0,09 1,00 1.519,00 6073
733 185,56 0,12 0,09 1,00 1.521,00 6073
734 185,56 0,12 0,09 1,00 1.523,00 6073
735 185,56 0,12 0,09 1,00 1.525,00 6073
736 185,56 0,12 0,09 1,00 1.527,00 6073
737 185,56 0,12 0,09 1,00 1.529,00 6073
738 185,56 0,12 0,09 1,00 1.531,00 6073
739 185,56 0,12 0,09 1,00 1.533,00 6073
740 185,56 0,12 0,09 1,00 1.535,00 6073
741 185,56 0,12 0,09 1,00 1.537,00 6073
742 185,56 0,12 0,09 1,00 1.539,00 6073
743 185,56 0,12 0,09 1,00 1.541,00 6073
744 185,56 0,12 0,09 1,00 1.543,00 6073
745 185,56 0,12 0,09 1,00 1.545,00 6073
746 185,56 0,12 0,09 1,00 1.547,00 6073
747 185,56 0,12 0,09 1,00 1.549,00 6073
748 185,56 0,12 0,09 1,00 1.551,00 6073
749 185,56 0,12 0,09 1,00 1.553,00 6073
750 185,56 0,12 0,09 99,00 1.555,00 6073
751 185,56 0,12 0,09 99,00 1.557,00 6081
752 185,56 0,12 0,09 99,00 1.559,00 6085
753 185,56 0,12 0,09 99,00 1.561,00 6085
754 185,56 0,12 0,09 99,00 1.563,00 6085
755 185,56 0,12 0,09 99,00 1.565,00 6085
756 185,56 0,12 0,09 99,00 1.567,00 6085
757 185,56 0,12 0,09 99,00 1.569,00 6085
758 185,56 0,12 0,09 99,00 1.571,00 6091
759 185,56 0,12 0,09 99,00 1.573,00 6094
760 185,56 0,12 0,09 99,00 1.575,00 6096
761 185,56 11,65 8,56 99,00 1.577,00 6097
762 185,56 11,65 8,56 99,00 1.579,00 6098
763 185,56 11,65 8,56 99,00 1.581,00 6098
764 185,56 11,65 8,56 99,00 1.583,00 6098
765 185,56 11,65 8,56 99,00 1.585,00 6098
766 185,56 11,65 8,56 99,00 1.587,00 6098
767 185,56 11,65 8,56 99,00 1.589,00 6098
768 185,56 11,65 8,56 99,00 1.591,00 6098
769 185,56 11,65 8,56 99,00 1.593,00 6098
770 185,56 11,65 8,56 99,00 1.595,00 6098
771 185,56 11,65 8,56 99,00 1.597,00 6098
772 185,56 11,65 8,56 99,00 1.599,00 6098
773 185,56 11,65 8,56 99,00 1.601,00 6098
774 185,56 11,65 8,56 99,00 1.603,00 6098
775 185,56 11,65 8,56 99,00 1.605,00 6098
776 185,56 11,65 8,56 99,00 1.607,00 6098
777 185,56 11,65 8,56 99,00 1.609,00 6098
778 185,56 11,65 8,56 99,00 1.611,00 6098
779 185,56 11,65 8,56 99,00 1.613,00 6098
780 185,56 11,65 8,56 1,00 1.615,00 6098
781 185,56 11,65 8,56 1,00 1.617,00 6102
782 185,56 11,65 8,56 1,00 1.619,00 6107
783 185,56 11,65 8,56 1,00 1.621,00 6110
784 185,56 11,65 8,56 1,00 1.623,00 6111
785 185,56 11,65 8,56 1,00 1.625,00 6111
786 185,56 11,65 8,56 1,00 1.627,00 6111
787 185,56 11,65 8,56 1,00 1.629,00 6111
788 185,56 0,11 0,08 1,00 1.631,00 6111
789 185,56 0,11 0,08 1,00 1.633,00 6111
790 185,56 0,11 0,08 1,00 1.635,00 6111
791 185,56 0,11 0,08 1,00 1.637,00 6111
792 185,56 0,11 0,08 1,00 1.639,00 6111
793 185,56 0,11 0,08 1,00 1.641,00 6111
794 185,56 0,11 0,08 1,00 1.643,00 6111
795 185,56 0,11 0,08 1,00 1.645,00 6111
796 185,56 0,11 0,08 1,00 1.647,00 6111
797 185,56 0,11 0,08 1,00 1.649,00 6111
798 185,56 0,11 0,08 1,00 1.651,00 6111
799 185,56 0,11 0,08 1,00 1.653,00 6111
800 185,56 0,11 0,08 1,00 1.655,00 6111
801 185,56 0,11 0,08 1,00 1.657,00 6111
802 185,56 0,11 0,08 1,00 1.659,00 6111
803 185,56 0,11 0,08 1,00 1.661,00 6111
804 185,56 0,11 0,08 1,00 1.663,00 6111
805 185,56 0,11 0,08 1,00 1.665,00 6111
806 185,56 0,11 0,08 1,00 1.667,00 6111
807 185,56 0,11 0,08 1,00 1.669,00 6111
808 185,56 0,11 0,08 1,00 1.671,00 6111
809 185,56 0,11 0,08 1,00 1.673,00 6111
810 185,56 0,11 0,08 99,00 1.675,00 6111
811 185,56 0,11 0,08 99,00 1.677,00 6120
812 185,56 0,11 0,08 99,00 1.679,00 6122
813 185,56 0,11 0,08 99,00 1.681,00 6123
814 185,56 10,92 8,02 99,00 1.683,00 6123
815 185,56 10,92 8,02 99,00 1.685,00 6123
816 185,56 10,92 8,02 99,00 1.687,00 6123
817 185,56 10,92 8,02 99,00 1.689,00 6123
818 185,56 10,92 8,02 99,00 1.691,00 6123
819 185,56 10,85 7,97 99,00 1.693,00 6123
820 185,56 10,85 7,97 99,00 1.695,00 6123
821 185,56 10,85 7,97 99,00 1.697,00 6123
822 185,56 10,85 7,97 99,00 1.699,00 6123
823 185,56 10,85 7,97 99,00 1.701,00 6123
824 185,56 10,85 7,97 99,00 1.703,00 6123
825 185,56 10,85 7,97 99,00 1.705,00 6123
826 185,56 10,85 7,97 99,00 1.707,00 6123
827 185,56 10,85 7,97 99,00 1.709,00 6123
828 185,56 10,85 7,97 99,00 1.711,00 6123
829 185,56 10,85 7,97 99,00 1.713,00 6123
830 185,56 10,71 7,87 99,00 1.715,00 6123
831 185,56 10,71 7,87 99,00 1.717,00 6123
832 185,56 10,71 7,87 99,00 1.719,00 6123
833 185,56 10,71 7,87 99,00 1.721,00 6123
834 185,56 10,71 7,87 99,00 1.723,00 6123
835 185,56 10,71 7,87 99,00 1.725,00 6123
836 185,56 10,71 7,87 99,00 1.727,00 6123
837 185,56 10,71 7,87 99,00 1.729,00 6123
838 185,56 10,71 7,87 99,00 1.731,00 6123
839 185,56 10,71 7,87 99,00 1.733,00 6123
840 185,56 10,71 7,87 1,00 1.735,00 6123
841 185,56 10,71 7,87 1,00 1.737,00 6130
842 185,56 10,71 7,87 1,00 1.739,00 6130
843 185,56 10,71 7,87 1,00 1.741,00 6130
844 185,56 10,71 7,87 1,00 1.743,00 6130
845 185,56 10,71 7,87 1,00 1.745,00 6130
846 185,56 10,71 7,87 1,00 1.747,00 6130
847 185,56 10,71 7,87 1,00 1.749,00 6130
848 185,56 10,71 7,87 1,00 1.751,00 6130
849 185,56 10,71 7,87 1,00 1.753,00 6130
850 185,56 10,71 7,87 1,00 1.755,00 6130
851 185,56 10,71 7,87 1,00 1.757,00 6130
852 185,56 10,71 7,87 1,00 1.759,00 6130
853 185,56 10,71 7,87 1,00 1.761,00 6130
854 185,56 10,71 7,87 1,00 1.763,00 6130
855 185,56 10,71 7,87 1,00 1.765,00 6130
856 185,56 10,71 7,87 1,00 1.767,00 6130
857 185,56 10,71 7,87 1,00 1.769,00 6130
858 185,56 10,71 7,87 1,00 1.771,00 6130
859 185,56 10,71 7,87 1,00 1.773,00 6130
860 185,56 10,71 7,87 1,00 1.775,00 6130
861 185,56 10,71 7,87 1,00 1.777,00 6130
862 185,56 10,71 7,87 1,00 1.779,00 6130
863 185,56 10,71 7,87 1,00 1.781,00 6130
864 185,56 10,71 7,87 1,00 1.783,00 6130
865 185,56 0,10 0,08 1,00 1.785,00 6130
866 185,56 0,10 0,08 1,00 1.787,00 6130
867 185,56 0,10 0,08 1,00 1.789,00 6130
868 185,56 0,10 0,08 1,00 1.791,00 6130
869 185,56 0,10 0,08 1,00 1.793,00 6130
870 185,56 0,10 0,08 99,00 1.795,00 6130
871 185,56 0,10 0,08 99,00 1.797,00 6139
872 185,56 0,10 0,08 99,00 1.799,00 6142
873 185,56 0,10 0,08 99,00 1.801,00 6144
874 185,56 0,10 0,08 99,00 1.803,00 6144
875 185,56 0,10 0,08 99,00 1.805,00 6152
876 185,56 10,17 7,47 99,00 1.807,00 6155
877 185,56 10,17 7,47 99,00 1.809,00 6156
878 185,56 10,17 7,47 99,00 1.811,00 6156
879 185,56 10,17 7,47 99,00 1.813,00 6156
880 185,56 10,17 7,47 99,00 1.815,00 6156
881 185,56 10,17 7,47 99,00 1.817,00 6156
882 185,56 10,17 7,47 99,00 1.819,00 6156
883 185,56 10,17 7,47 99,00 1.821,00 6156
884 185,56 10,17 7,47 99,00 1.823,00 6156
885 185,56 10,17 7,47 99,00 1.825,00 6156
886 185,56 10,17 7,47 99,00 1.827,00 6156
887 185,56 10,17 7,47 99,00 1.829,00 6156
888 185,56 10,17 7,47 99,00 1.831,00 6156
889 185,56 10,17 7,47 99,00 1.833,00 6156
890 185,56 10,01 7,36 99,00 1.835,00 6156
891 185,56 10,01 7,36 99,00 1.837,00 6156
892 185,56 10,01 7,36 99,00 1.839,00 6156
893 185,56 10,01 7,36 99,00 1.841,00 6156
894 185,56 10,01 7,36 99,00 1.843,00 6156
895 185,56 10,01 7,36 99,00 1.845,00 6156
896 185,56 10,01 7,36 99,00 1.847,00 6156
897 185,56 10,01 7,36 99,00 1.849,00 6156
898 185,56 10,01 7,36 99,00 1.851,00 6156
899 185,56 10,01 7,36 99,00 1.853,00 6156
900 185,56 10,01 7,36 1,00 1.855,00 6156
901 185,56 10,01 7,36 1,00 1.857,00 6161
902 185,56 10,01 7,36 1,00 1.859,00 6162
903 185,56 10,01 7,36 1,00 1.861,00 6163
904 185,56 10,01 7,36 1,00 1.863,00 6163
905 185,56 10,01 7,36 1,00 1.865,00 6164
906 185,56 10,01 7,36 1,00 1.867,00 6165
907 185,56 10,01 7,36 1,00 1.869,00 6165
908 185,56 10,01 7,36 1,00 1.871,00 6165
909 185,56 10,01 7,36 1,00 1.873,00 6165
910 185,56 10,01 7,36 1,00 1.875,00 6165
911 185,56 10,01 7,36 1,00 1.877,00 6165
912 185,56 10,01 7,36 1,00 1.879,00 6165
913 185,56 10,01 7,36 1,00 1.881,00 6165
914 185,56 10,01 7,36 1,00 1.883,00 6165
915 185,56 10,01 7,36 1,00 1.885,00 6165
916 185,56 10,01 7,36 1,00 1.887,00 6165
917 185,56 10,01 7,36 1,00 1.889,00 6165
918 185,56 10,01 7,36 1,00 1.891,00 6165
919 185,56 10,01 7,36 1,00 1.893,00 6165
920 185,56 10,01 7,36 1,00 1.895,00 6165
921 185,56 10,01 7,36 1,00 1.897,00 6165
922 185,56 10,01 7,36 1,00 1.899,00 6165
923 185,56 10,01 7,36 1,00 1.901,00 6165
924 185,56 10,01 7,36 1,00 1.903,00 6165
925 185,56 10,01 7,36 1,00 1.905,00 6165
926 185,56 10,01 7,36 1,00 1.907,00 6165
927 185,56 10,01 7,36 1,00 1.909,00 6165
928 185,56 0,10 0,07 1,00 1.911,00 6165
929 185,56 0,10 0,07 1,00 1.913,00 6165
930 185,56 0,10 0,07 99,00 1.915,00 6165
931 185,56 0,10 0,07 99,00 1.917,00 6173
932 185,56 0,10 0,07 99,00 1.919,00 6176
933 185,56 0,10 0,07 99,00 1.921,00 6176
934 185,56 0,10 0,07 99,00 1.923,00 6176
935 185,56 0,10 0,07 99,00 1.925,00 6176
936 185,56 9,53 7,00 99,00 1.927,00 6177
937 185,56 9,53 7,00 99,00 1.929,00 6177
938 185,56 9,53 7,00 99,00 1.931,00 6177
939 185,56 9,53 7,00 99,00 1.933,00 6177
940 185,56 9,53 7,00 99,00 1.935,00 6177
941 185,56 9,53 7,00 99,00 1.937,00 6177
942 185,56 9,53 7,00 99,00 1.939,00 6177
943 185,56 9,53 7,00 99,00 1.941,00 6177
944 185,56 9,45 6,95 99,00 1.943,00 6177
945 185,56 9,45 6,95 99,00 1.945,00 6177
946 185,56 9,45 6,95 99,00 1.947,00 6177
947 185,56 9,45 6,95 99,00 1.949,00 6177
948 185,56 9,45 6,95 99,00 1.951,00 6177
949 185,56 9,45 6,95 99,00 1.953,00 6177
950 185,56 9,45 6,95 99,00 1.955,00 6177
951 185,56 9,39 6,90 99,00 1.957,00 6177
952 185,56 9,39 6,90 99,00 1.959,00 6177
953 185,56 9,39 6,90 99,00 1.961,00 6177
954 185,56 9,39 6,90 99,00 1.963,00 6177
955 185,56 9,39 6,90 99,00 1.965,00 6177
956 185,56 9,39 6,90 99,00 1.967,00 6177
957 185,56 9,39 6,90 99,00 1.969,00 6177
958 185,56 9,39 6,90 99,00 1.971,00 6177
959 185,56 9,39 6,90 99,00 1.973,00 6177
960 185,56 9,39 6,90 1,00 1.975,00 6177
961 185,56 9,39 6,90 1,00 1.977,00 6179
962 185,56 9,39 6,90 1,00 1.979,00 6180
963 185,56 9,39 6,90 1,00 1.981,00 6180
964 185,56 9,39 6,90 1,00 1.983,00 6180
965 185,56 9,39 6,90 1,00 1.985,00 6181
966 185,56 0,09 0,07 1,00 1.987,00 6181
967 185,56 0,09 0,07 1,00 1.989,00 6181
968 185,56 0,09 0,07 1,00 1.991,00 6181
969 185,56 0,09 0,07 1,00 1.993,00 6181
970 185,56 0,09 0,07 1,00 1.995,00 6181
971 185,56 0,09 0,07 1,00 1.997,00 6181
972 185,56 0,09 0,07 1,00 1.999,00 6181
973 185,56 0,09 0,07 1,00 2.001,00 6181
974 185,56 0,09 0,07 1,00 2.003,00 6181
975 185,56 0,09 0,07 1,00 2.005,00 6181
976 185,56 0,09 0,07 1,00 2.007,00 6181
977 185,56 0,09 0,07 1,00 2.009,00 6181
978 185,56 0,09 0,07 1,00 2.011,00 6181
979 185,56 0,09 0,07 1,00 2.013,00 6181
980 185,56 0,09 0,07 1,00 2.015,00 6181
981 185,56 0,09 0,07 1,00 2.017,00 6181
982 185,56 0,09 0,07 1,00 2.019,00 6181
983 185,56 0,09 0,07 1,00 2.021,00 6181
984 185,56 0,09 0,07 1,00 2.023,00 6181
985 185,56 0,09 0,07 1,00 2.025,00 6181
986 185,56 0,09 0,07 1,00 2.027,00 6181
987 185,56 0,09 0,07 1,00 2.029,00 6181
988 185,56 0,09 0,07 1,00 2.031,00 6181
989 185,56 0,09 0,07 1,00 2.033,00 6181
990 185,56 0,09 0,07 99,00 2.035,00 6181
991 185,56 0,09 0,07 99,00 2.037,00 6187
992 185,56 0,09 0,07 99,00 2.039,00 6189
993 185,56 0,09 0,07 99,00 2.041,00 6189
994 185,56 0,09 0,07 99,00 2.043,00 6189
995 185,56 0,09 0,07 99,00 2.045,00 6189
996 185,56 0,09 0,07 99,00 2.047,00 6189
997 185,56 0,09 0,07 99,00 2.049,00 6189
998 185,56 0,09 0,07 99,00 2.051,00 6189
999 185,56 0,09 0,07 99,00 2.053,00 6189
