500
0 463,59 463,59 463,59 2,00 67,00 0 1
1 463,59 463,59 463,59 3,00 67,00 2034 1
2 463,59 463,59 67,62 1,00 66,00 5373 1
3 463,59 463,59 73,84 3,00 66,00 8224 1
4 463,59 463,59 70,05 1,00 65,00 10634 1
5 463,59 463,59 79,69 1,00 65,00 12916 1
6 463,59 463,59 84,40 3,00 65,00 15418 1
7 463,59 463,59 87,62 1,00 65,00 17536 1
8 463,59 463,59 111,20 1,00 64,00 19639 1
9 463,59 463,59 143,09 1,00 64,00 21808 1
10 463,59 463,59 129,19 1,00 64,00 23907 1
11 463,59 463,59 157,86 1,00 64,00 25930 1
12 463,59 463,59 177,91 1,00 64,00 27892 1
13 463,59 463,59 200,61 1,00 64,00 29850 1
14 463,59 463,59 279,12 1,00 64,00 31599 1
15 463,59 463,59 147,19 1,00 64,00 33497 1
16 463,59 463,59 330,46 1,00 64,00 35789 1
17 463,59 463,59 351,38 1,00 64,00 37955 1
18 463,59 463,59 317,79 1,00 63,00 39952 1
19 463,59 463,59 310,57 1,00 63,00 41766 1
20 463,59 463,59 329,31 1,00 63,00 43660 1
21 463,59 463,59 337,28 1,00 63,00 45373 1
22 463,59 463,59 324,42 1,00 62,00 47124 1
23 463,59 463,59 362,57 1,00 61,00 48807 1
24 463,59 463,59 397,79 1,00 61,00 50463 1
25 463,59 463,59 406,97 1,00 60,00 52047 1
26 463,59 463,59 436,12 1,00 59,00 53795 1
27 463,59 463,59 398,45 1,00 59,00 55520 1
28 463,59 463,59 359,37 1,00 57,00 57190 1
29 463,59 463,59 460,52 1,00 57,00 58778 1
30 463,59 8,13 8,98 113,00 57,00 60394 1
31 463,59 8,13 8,75 209,00 50,00 62105 1
32 463,59 4.844,48 4.489,51 9,00 20,00 63934 1
33 463,59 4.844,48 4.452,68 1,00 20,00 65556 1
34 463,59 4.844,48 4.737,54 1,00 20,00 67081 1
35 463,59 4.844,48 4.854,69 1,00 20,00 68549 1
36 463,59 4.844,48 4.746,30 1,00 20,00 69881 1
37 463,59 4.844,48 4.844,64 1,00 20,00 71145 1
38 463,59 23,18 22,81 18,00 20,00 72579 1
39 463,59 23,18 22,88 20,00 14,00 74208 1
40 463,59 23,18 21,79 10,00 5,00 75718 1
41 463,59 23,18 16,72 20,00 5,00 77166 1
42 463,59 23,18 21,84 5,00 5,00 78878 1
43 463,59 23,18 20,81 3,00 5,00 80555 1
44 463,59 23,18 20,81 3,00 6,00 81773 1
45 463,59 23,18 20,96 6,00 5,00 83109 1
46 463,59 23,18 21,44 1,00 5,00 84434 1
47 463,59 23,18 21,08 1,00 1,00 85600 1
48 463,59 23,18 21,28 6,00 1,00 87143 1
49 463,59 23,18 21,17 1,00 5,00 88485 1
50 463,59 23,18 20,87 1,00 2,00 89667 1
51 463,59 23,18 25,04 1,00 1,00 91101 1
52 463,59 23,18 25,54 2,00 1,00 92490 1
53 463,59 23,18 25,20 1,00 5,00 93718 1
54 463,59 23,18 25,08 1,00 1,00 94913 1
55 463,59 23,18 25,64 2,00 1,00 96246 1
56 463,59 23,18 25,83 1,00 5,00 97603 1
57 463,59 23,18 25,34 4,00 1,00 98885 1
58 463,59 23,18 26,22 1,00 5,00 100402 1
59 463,59 463,59 510,52 1,00 1,00 101741 1
60 463,59 463,59 522,07 1,00 1,00 103074 1
61 463,59 463,59 523,98 1,00 1,00 104418 1
62 463,59 463,59 519,34 1,00 1,00 105536 1
63 463,59 463,59 515,53 1,00 1,00 106810 1
64 463,59 463,59 511,05 1,00 1,00 108412 1
65 463,59 463,59 503,99 1,00 1,00 110148 1
66 463,59 463,59 509,46 1,00 1,00 111691 1
67 463,59 463,59 502,77 1,00 1,00 113010 1
68 463,59 463,59 489,37 1,00 1,00 114244 1
69 463,59 463,59 498,91 1,00 1,00 115821 1
70 463,59 463,59 491,48 1,00 1,00 117266 1
71 463,59 463,59 497,96 1,00 1,00 118561 1
72 463,59 463,59 495,85 1,00 1,00 120013 1
73 463,59 463,59 497,45 1,00 1,00 121298 1
74 463,59 463,59 496,41 1,00 1,00 122549 1
75 463,59 463,59 493,40 1,00 1,00 123751 1
76 463,59 463,59 487,48 1,00 1,00 124905 1
77 463,59 463,59 482,95 1,00 1,00 125986 1
78 463,59 463,59 482,97 1,00 1,00 127318 1
79 463,59 463,59 476,47 1,00 1,00 128543 1
80 463,59 463,59 388,16 1,00 1,00 130074 1
81 463,59 463,59 385,03 1,00 1,00 131439 1
82 463,59 463,59 492,65 1,00 1,00 132580 1
83 463,59 463,59 473,12 1,00 1,00 133739 1
84 463,59 463,59 476,81 1,00 1,00 134818 1
85 463,59 463,59 468,63 1,00 1,00 135948 1
86 463,59 463,59 497,55 1,00 1,00 136970 1
87 463,59 463,59 494,22 1,00 1,00 138018 1
88 463,59 463,59 505,20 1,00 1,00 139066 1
89 463,59 463,59 507,83 1,00 1,00 139999 1
90 463,59 463,59 501,97 1,00 1,00 141020 1
91 463,59 463,59 504,75 1,00 1,00 142167 1
92 463,59 463,59 488,92 1,00 1,00 143191 1
93 463,59 463,59 495,19 1,00 1,00 144073 1
94 463,59 463,59 501,17 1,00 1,00 145023 1
95 463,59 463,59 509,66 1,00 1,00 146050 1
96 463,59 463,59 502,39 1,00 1,00 147033 1
97 463,59 463,59 495,67 1,00 1,00 148185 1
98 463,59 463,59 496,74 1,00 1,00 149496 1
99 463,59 463,59 465,88 1,00 1,00 150789 1
100 463,59 463,59 481,62 1,00 1,00 151913 1
101 463,59 463,59 478,35 1,00 1,00 152923 1
102 463,59 463,59 480,38 1,00 1,00 154100 1
103 463,59 463,59 473,47 1,00 1,00 155304 1
104 463,59 463,59 493,41 1,00 1,00 156501 1
105 463,59 463,59 522,96 1,00 1,00 157770 1
106 463,59 463,59 529,42 1,00 1,00 159019 1
107 463,59 463,59 518,56 1,00 1,00 160099 1
108 463,59 463,59 514,81 1,00 1,00 161070 1
109 463,59 463,59 515,80 1,00 1,00 161897 1
110 463,59 463,59 509,86 1,00 1,00 162626 1
111 463,59 463,59 509,56 1,00 1,00 163252 1
112 463,59 463,59 510,95 1,00 1,00 163915 1
113 463,59 463,59 507,88 1,00 1,00 164484 1
114 463,59 463,59 508,46 1,00 1,00 165028 1
115 463,59 463,59 508,50 1,00 1,00 165663 1
116 463,59 463,59 509,21 1,00 1,00 166330 1
117 463,59 463,59 509,89 1,00 1,00 166906 1
118 463,59 463,59 508,42 1,00 1,00 167421 1
119 463,59 463,59 506,23 1,00 1,00 168035 1
120 463,59 463,59 500,79 1,00 1,00 168861 1
121 463,59 463,59 503,26 1,00 1,00 169578 1
122 463,59 463,59 502,13 1,00 1,00 170224 1
123 463,59 463,59 503,84 1,00 1,00 170893 1
124 463,59 463,59 501,03 1,00 1,00 171582 1
125 463,59 463,59 501,76 1,00 1,00 172216 1
126 463,59 463,59 506,23 1,00 1,00 172756 1
127 463,59 463,59 508,76 1,00 1,00 173305 1
128 463,59 463,59 503,88 1,00 1,00 173840 1
129 463,59 463,59 498,25 1,00 1,00 174427 1
130 463,59 463,59 498,26 1,00 1,00 175026 1
131 463,59 463,59 500,61 1,00 1,00 175704 1
132 463,59 463,59 501,43 1,00 1,00 176270 1
133 463,59 463,59 499,31 1,00 1,00 176881 1
134 463,59 463,59 498,11 1,00 1,00 177431 1
135 463,59 463,59 498,28 1,00 1,00 178005 1
136 463,59 463,59 498,66 1,00 1,00 178566 1
137 463,59 463,59 486,08 1,00 1,00 179265 1
138 463,59 463,59 488,85 1,00 1,00 179894 1
139 463,59 463,59 490,52 1,00 1,00 180482 1
140 463,59 463,59 495,39 1,00 1,00 181063 1
141 463,59 463,59 485,52 1,00 1,00 181637 1
142 463,59 463,59 480,36 1,00 1,00 182152 1
143 463,59 463,59 477,08 1,00 1,00 182626 1
144 463,59 463,59 476,26 1,00 1,00 183097 1
145 463,59 463,59 471,23 1,00 1,00 183576 1
146 463,59 463,59 468,63 1,00 1,00 184032 1
147 463,59 463,59 467,48 1,00 1,00 184511 1
148 463,59 463,59 468,32 1,00 1,00 184974 1
149 463,59 463,59 470,96 1,00 1,00 185531 1
150 463,59 463,59 468,50 1,00 1,00 186058 1
151 463,59 463,59 469,87 1,00 1,00 186631 1
152 463,59 463,59 475,17 1,00 1,00 187173 1
153 463,59 463,59 483,82 1,00 1,00 187653 1
154 463,59 463,59 488,80 1,00 1,00 188087 1
155 463,59 463,59 493,78 1,00 1,00 188478 1
156 463,59 463,59 496,92 1,00 1,00 188781 1
157 463,59 463,59 496,81 1,00 1,00 189113 1
158 463,59 463,59 498,87 1,00 1,00 189431 1
159 463,59 463,59 499,69 1,00 1,00 189747 1
160 463,59 463,59 499,13 1,00 1,00 190001 1
161 463,59 463,59 496,53 1,00 1,00 190235 1
162 463,59 463,59 491,99 1,00 1,00 190426 1
163 463,59 463,59 495,67 1,00 1,00 190604 1
164 463,59 463,59 498,24 1,00 1,00 190779 1
165 463,59 463,59 501,70 1,00 1,00 191045 1
166 463,59 463,59 502,95 1,00 1,00 191280 1
167 463,59 463,59 502,85 1,00 1,00 191593 1
168 463,59 463,59 505,30 1,00 1,00 192025 1
169 463,59 463,59 504,67 1,00 1,00 192568 1
170 463,59 463,59 502,74 1,00 1,00 193073 1
171 463,59 463,59 502,72 1,00 1,00 193588 1
172 463,59 463,59 502,70 1,00 1,00 194218 1
173 463,59 463,59 502,92 1,00 1,00 194884 1
174 463,59 463,59 503,50 1,00 1,00 195676 1
175 463,59 463,59 499,88 1,00 1,00 196337 1
176 463,59 463,59 497,40 1,00 1,00 196899 1
177 463,59 463,59 498,36 1,00 1,00 197325 1
178 463,59 463,59 498,84 1,00 1,00 197802 1
179 463,59 463,59 495,34 1,00 1,00 198275 1
180 463,59 463,59 496,55 1,00 1,00 198921 1
181 463,59 463,59 498,66 1,00 1,00 199549 1
182 463,59 463,59 504,92 1,00 1,00 200208 1
183 463,59 463,59 498,64 1,00 1,00 201052 1
184 463,59 463,59 499,86 1,00 1,00 201970 1
185 463,59 463,59 505,78 1,00 1,00 202680 1
186 463,59 463,59 499,67 1,00 1,00 203342 1
187 463,59 463,59 488,02 1,00 1,00 203905 1
188 463,59 463,59 491,87 1,00 1,00 204414 1
189 463,59 463,59 494,82 1,00 1,00 205267 1
190 463,59 463,59 499,87 1,00 1,00 206148 1
191 463,59 463,59 498,88 1,00 1,00 207071 1
192 463,59 463,59 506,08 1,00 1,00 207853 1
193 463,59 463,59 503,53 1,00 1,00 208707 1
194 463,59 463,59 506,42 1,00 1,00 209442 1
195 463,59 463,59 511,26 1,00 1,00 210092 1
196 463,59 463,59 500,85 1,00 1,00 210836 1
197 463,59 463,59 499,26 1,00 1,00 211520 1
198 463,59 463,59 499,35 1,00 1,00 212143 1
199 463,59 463,59 501,25 1,00 1,00 212798 1
200 463,59 463,59 502,18 1,00 1,00 213398 1
201 463,59 463,59 500,09 1,00 1,00 213972 1
202 463,59 463,59 500,10 1,00 1,00 214446 1
203 463,59 463,59 500,54 1,00 1,00 214886 1
204 463,59 463,59 492,28 1,00 1,00 215331 1
205 463,59 463,59 500,76 1,00 1,00 215711 1
206 463,59 463,59 503,61 1,00 1,00 216069 1
207 463,59 463,59 504,10 1,00 1,00 216426 1
208 463,59 463,59 504,44 1,00 1,00 216691 1
209 463,59 463,59 496,50 1,00 1,00 216851 1
210 463,59 463,59 506,26 1,00 1,00 217021 1
211 463,59 463,59 507,62 1,00 1,00 217235 1
212 463,59 463,59 505,15 1,00 1,00 217428 1
213 463,59 463,59 506,39 1,00 1,00 217613 1
214 463,59 463,59 509,55 1,00 1,00 217786 1
215 463,59 463,59 508,06 1,00 1,00 218014 1
216 463,59 463,59 506,08 1,00 1,00 218241 1
217 463,59 463,59 506,61 1,00 1,00 218632 1
218 463,59 463,59 502,16 1,00 1,00 219065 1
219 463,59 463,59 499,44 1,00 1,00 219510 1
220 463,59 463,59 503,68 1,00 1,00 219834 1
221 463,59 463,59 505,96 1,00 1,00 220118 1
222 463,59 463,59 506,44 1,00 1,00 220457 1
223 463,59 463,59 503,98 1,00 1,00 220780 1
224 463,59 463,59 502,64 1,00 1,00 221084 1
225 463,59 463,59 503,03 1,00 1,00 221368 1
226 463,59 463,59 501,08 1,00 1,00 221678 1
227 463,59 463,59 502,96 1,00 1,00 222006 1
228 463,59 463,59 503,83 1,00 1,00 222403 1
229 463,59 463,59 503,57 1,00 1,00 222737 1
230 463,59 463,59 505,21 1,00 1,00 223035 1
231 463,59 463,59 506,52 1,00 1,00 223321 1
232 463,59 463,59 505,13 1,00 1,00 223592 1
233 463,59 463,59 505,11 1,00 1,00 223825 1
234 463,59 463,59 505,97 1,00 1,00 224068 1
235 463,59 463,59 505,96 1,00 1,00 224238 1
236 463,59 463,59 505,40 1,00 1,00 224458 1
237 463,59 463,59 504,44 1,00 1,00 224715 1
238 463,59 463,59 505,01 1,00 1,00 224963 1
239 463,59 463,59 505,35 1,00 1,00 225171 1
240 463,59 463,59 505,63 1,00 1,00 225419 1
241 463,59 463,59 505,70 1,00 1,00 225651 1
242 463,59 463,59 504,97 1,00 1,00 225874 1
243 463,59 463,59 506,47 1,00 1,00 226049 1
244 463,59 463,59 506,36 1,00 1,00 226240 1
245 463,59 463,59 504,51 1,00 1,00 226509 1
246 463,59 463,59 506,86 1,00 1,00 226809 1
247 463,59 463,59 506,15 1,00 1,00 227215 1
248 463,59 463,59 505,01 1,00 1,00 227639 1
249 463,59 463,59 504,95 1,00 1,00 228105 1
250 463,59 463,59 506,80 1,00 1,00 228636 1
251 463,59 463,59 504,46 1,00 1,00 229213 1
252 463,59 463,59 502,93 1,00 1,00 229674 1
253 463,59 463,59 505,92 1,00 1,00 230044 1
254 463,59 463,59 503,78 1,00 1,00 230450 1
255 463,59 463,59 506,85 1,00 1,00 230803 1
256 463,59 463,59 505,96 1,00 1,00 231184 1
257 463,59 463,59 504,11 1,00 1,00 231585 1
258 463,59 463,59 505,80 1,00 1,00 232098 1
259 463,59 463,59 502,46 1,00 1,00 232617 1
260 463,59 463,59 499,63 1,00 1,00 233264 1
261 463,59 463,59 498,05 1,00 1,00 233979 1
262 463,59 463,59 502,92 1,00 1,00 234613 1
263 463,59 463,59 502,22 1,00 1,00 235212 1
264 463,59 463,59 505,07 1,00 1,00 235817 1
265 463,59 463,59 500,98 1,00 1,00 236398 1
266 463,59 463,59 502,55 1,00 1,00 236895 1
267 463,59 463,59 502,96 1,00 1,00 237510 1
268 463,59 463,59 502,19 1,00 1,00 238092 1
269 463,59 463,59 501,92 1,00 1,00 238725 1
270 463,59 463,59 501,72 1,00 1,00 239224 1
271 463,59 463,59 497,58 1,00 1,00 239797 1
272 463,59 463,59 497,43 1,00 1,00 240308 1
273 463,59 463,59 495,01 1,00 1,00 240800 1
274 463,59 463,59 490,28 1,00 1,00 241319 1
275 463,59 463,59 486,83 1,00 1,00 241758 1
276 463,59 463,59 483,61 1,00 1,00 242166 1
277 463,59 463,59 484,73 1,00 1,00 242581 1
278 463,59 463,59 481,06 1,00 1,00 242909 1
279 463,59 463,59 479,39 1,00 1,00 243219 1
280 463,59 463,59 475,74 1,00 1,00 243464 1
281 463,59 463,59 475,58 1,00 1,00 243676 1
282 463,59 463,59 477,37 1,00 1,00 243930 1
283 463,59 463,59 477,20 1,00 1,00 244170 1
284 463,59 463,59 476,99 1,00 1,00 244381 1
285 463,59 463,59 476,80 1,00 1,00 244581 1
286 463,59 463,59 477,69 1,00 1,00 244881 1
287 463,59 463,59 483,43 1,00 1,00 245197 1
288 463,59 463,59 485,09 1,00 1,00 245608 1
289 463,59 463,59 490,30 1,00 1,00 246088 1
290 463,59 463,59 493,19 1,00 1,00 246639 1
291 463,59 463,59 494,77 1,00 1,00 247156 1
292 463,59 463,59 495,28 1,00 1,00 247714 1
293 463,59 463,59 495,81 1,00 1,00 248241 1
294 463,59 463,59 498,56 1,00 1,00 248810 1
295 463,59 463,59 497,90 1,00 1,00 249419 1
296 463,59 463,59 497,74 1,00 1,00 250007 1
297 463,59 463,59 497,11 1,00 1,00 250497 1
298 463,59 463,59 503,13 1,00 1,00 250954 1
299 463,59 463,59 496,52 1,00 1,00 251457 1
300 463,59 463,59 503,19 1,00 1,00 251857 1
301 463,59 463,59 500,71 1,00 1,00 252267 1
302 463,59 463,59 499,60 1,00 1,00 252574 1
303 463,59 463,59 499,86 1,00 1,00 252830 1
304 463,59 463,59 494,06 1,00 1,00 253107 1
305 463,59 463,59 496,77 1,00 1,00 253377 1
306 463,59 463,59 497,48 1,00 1,00 253614 1
307 463,59 463,59 497,79 1,00 1,00 253802 1
308 463,59 463,59 502,25 1,00 1,00 254049 1
309 463,59 463,59 499,07 1,00 1,00 254401 1
310 463,59 463,59 500,79 1,00 1,00 254778 1
311 463,59 463,59 501,82 1,00 1,00 255271 1
312 463,59 463,59 500,43 1,00 1,00 255757 1
313 463,59 463,59 500,50 1,00 1,00 256168 1
314 463,59 463,59 500,56 1,00 1,00 256672 1
315 463,59 463,59 497,88 1,00 1,00 257185 1
316 463,59 463,59 501,11 1,00 1,00 257712 1
317 463,59 463,59 499,06 1,00 1,00 258122 1
318 463,59 463,59 498,66 1,00 1,00 258667 1
319 463,59 463,59 499,01 1,00 1,00 259142 1
320 463,59 463,59 497,72 1,00 1,00 259646 1
321 463,59 463,59 500,45 1,00 1,00 260162 1
322 463,59 463,59 498,66 1,00 1,00 260676 1
323 463,59 463,59 500,34 1,00 1,00 261138 1
324 463,59 463,59 500,80 1,00 1,00 261651 1
325 463,59 463,59 499,46 1,00 1,00 262097 1
326 463,59 463,59 497,95 1,00 1,00 262489 1
327 463,59 463,59 498,80 1,00 1,00 262843 1
328 463,59 463,59 499,81 1,00 1,00 263159 1
329 463,59 463,59 499,98 1,00 1,00 263421 1
330 463,59 463,59 500,52 1,00 1,00 263619 1
331 463,59 463,59 500,52 1,00 1,00 263843 1
332 463,59 463,59 500,98 1,00 1,00 264118 1
333 463,59 463,59 500,86 1,00 1,00 264399 1
334 463,59 463,59 501,24 1,00 1,00 264633 1
335 463,59 463,59 501,23 1,00 1,00 264897 1
336 463,59 463,59 501,05 1,00 1,00 265071 1
337 463,59 463,59 500,81 1,00 1,00 265325 1
338 463,59 463,59 501,22 1,00 1,00 265624 1
339 463,59 463,59 501,27 1,00 1,00 265881 1
340 463,59 463,59 500,87 1,00 1,00 266159 1
341 463,59 463,59 500,90 1,00 1,00 266407 1
342 463,59 463,59 501,11 1,00 1,00 266608 1
343 463,59 463,59 500,89 1,00 1,00 266826 1
344 463,59 463,59 500,81 1,00 1,00 267021 1
345 463,59 463,59 500,75 1,00 1,00 267267 1
346 463,59 463,59 500,83 1,00 1,00 267522 1
347 463,59 463,59 500,75 1,00 1,00 267800 1
348 463,59 463,59 500,76 1,00 1,00 267983 1
349 463,59 463,59 500,91 1,00 1,00 268149 1
350 463,59 463,59 500,55 1,00 1,00 268298 1
351 463,59 463,59 500,96 1,00 1,00 268420 1
352 463,59 463,59 500,75 1,00 1,00 268528 1
353 463,59 463,59 500,72 1,00 1,00 268604 1
354 463,59 463,59 500,52 1,00 1,00 268675 1
355 463,59 463,59 500,48 1,00 1,00 268771 1
356 463,59 463,59 500,24 1,00 1,00 268866 1
357 463,59 463,59 500,08 1,00 1,00 268992 1
358 463,59 463,59 500,35 1,00 1,00 269085 1
359 463,59 463,59 500,24 1,00 1,00 269183 1
360 463,59 463,59 500,20 1,00 1,00 269292 1
361 463,59 463,59 500,47 1,00 1,00 269492 1
362 463,59 463,59 500,27 1,00 1,00 269676 1
363 463,59 463,59 500,39 1,00 1,00 269862 1
364 463,59 463,59 500,45 1,00 1,00 270024 1
365 463,59 463,59 500,02 1,00 1,00 270194 1
366 463,59 463,59 500,37 1,00 1,00 270340 1
367 463,59 463,59 500,11 1,00 1,00 270507 1
368 463,59 463,59 500,36 1,00 1,00 270654 1
369 463,59 463,59 500,44 1,00 1,00 270777 1
370 463,59 463,59 500,41 1,00 1,00 270904 1
371 463,59 463,59 500,36 1,00 1,00 271036 1
372 463,59 463,59 500,24 1,00 1,00 271172 1
373 463,59 463,59 500,42 1,00 1,00 271283 1
374 463,59 463,59 500,44 1,00 1,00 271382 1
375 463,59 463,59 500,42 1,00 1,00 271457 1
376 463,59 463,59 500,39 1,00 1,00 271539 1
377 463,59 463,59 500,33 1,00 1,00 271646 1
378 463,59 463,59 500,43 1,00 1,00 271773 1
379 463,59 463,59 500,48 1,00 1,00 271893 1
380 463,59 463,59 500,35 1,00 1,00 272037 1
381 463,59 463,59 500,37 1,00 1,00 272202 1
382 463,59 463,59 500,30 1,00 1,00 272338 1
383 463,59 463,59 500,30 1,00 1,00 272459 1
384 463,59 463,59 500,27 1,00 1,00 272592 1
385 463,59 463,59 500,30 1,00 1,00 272715 1
386 463,59 463,59 500,37 1,00 1,00 272819 1
387 463,59 463,59 500,44 1,00 1,00 272909 1
388 463,59 463,59 500,43 1,00 1,00 272984 1
389 463,59 463,59 500,42 1,00 1,00 273060 1
390 463,59 463,59 500,42 1,00 1,00 273130 1
391 463,59 463,59 500,42 1,00 1,00 273200 1
392 463,59 463,59 500,42 1,00 1,00 273255 1
393 463,59 463,59 500,40 1,00 1,00 273325 1
394 463,59 463,59 500,44 1,00 1,00 273396 1
395 463,59 463,59 500,44 1,00 1,00 273468 1
396 463,59 463,59 500,43 1,00 1,00 273534 1
397 463,59 463,59 500,43 1,00 1,00 273607 1
398 463,59 463,59 500,43 1,00 1,00 273669 1
399 463,59 463,59 500,42 1,00 1,00 273741 1
400 463,59 463,59 500,42 1,00 1,00 273814 1
401 463,59 463,59 500,42 1,00 1,00 273888 1
402 463,59 463,59 500,42 1,00 1,00 273977 1
403 463,59 463,59 500,41 1,00 1,00 274059 1
404 463,59 463,59 500,42 1,00 1,00 274169 1
405 463,59 463,59 500,42 1,00 1,00 274272 1
406 463,59 463,59 500,37 1,00 1,00 274391 1
407 463,59 463,59 500,36 1,00 1,00 274514 1
408 463,59 463,59 500,42 1,00 1,00 274605 1
409 463,59 463,59 500,39 1,00 1,00 274690 1
410 463,59 463,59 500,38 1,00 1,00 274777 1
411 463,59 463,59 500,39 1,00 1,00 274881 1
412 463,59 463,59 500,43 1,00 1,00 274988 1
413 463,59 463,59 500,39 1,00 1,00 275096 1
414 463,59 463,59 500,38 1,00 1,00 275203 1
415 463,59 463,59 500,35 1,00 1,00 275294 1
416 463,59 463,59 500,35 1,00 1,00 275366 1
417 463,59 463,59 500,32 1,00 1,00 275439 1
418 463,59 463,59 500,32 1,00 1,00 275506 1
419 463,59 463,59 500,32 1,00 1,00 275568 1
420 463,59 463,59 500,30 1,00 1,00 275608 1
421 463,59 463,59 500,29 1,00 1,00 275655 1
422 463,59 463,59 500,28 1,00 1,00 275694 1
423 463,59 463,59 500,32 1,00 1,00 275738 1
424 463,59 463,59 500,36 1,00 1,00 275786 1
425 463,59 463,59 500,37 1,00 1,00 275834 1
426 463,59 463,59 500,41 1,00 1,00 275905 1
427 463,59 463,59 500,37 1,00 1,00 275978 1
428 463,59 463,59 500,38 1,00 1,00 276040 1
429 463,59 463,59 500,39 1,00 1,00 276089 1
430 463,59 463,59 500,40 1,00 1,00 276136 1
431 463,59 463,59 500,39 1,00 1,00 276202 1
432 463,59 463,59 500,39 1,00 1,00 276263 1
433 463,59 463,59 500,38 1,00 1,00 276339 1
434 463,59 463,59 500,37 1,00 1,00 276430 1
435 463,59 463,59 500,36 1,00 1,00 276471 1
436 463,59 463,59 500,40 1,00 1,00 276551 1
437 463,59 463,59 500,38 1,00 1,00 276623 1
438 463,59 463,59 500,41 1,00 1,00 276703 1
439 463,59 463,59 500,39 1,00 1,00 276776 1
440 463,59 463,59 500,40 1,00 1,00 276831 1
441 463,59 463,59 500,42 1,00 1,00 276912 1
442 463,59 463,59 500,42 1,00 1,00 276981 1
443 463,59 463,59 500,41 1,00 1,00 277029 1
444 463,59 463,59 500,42 1,00 1,00 277094 1
445 463,59 463,59 500,42 1,00 1,00 277155 1
446 463,59 463,59 500,43 1,00 1,00 277209 1
447 463,59 463,59 500,41 1,00 1,00 277276 1
448 463,59 463,59 500,41 1,00 1,00 277346 1
449 463,59 463,59 500,42 1,00 1,00 277419 1
450 463,59 463,59 500,41 1,00 1,00 277480 1
451 463,59 463,59 500,42 1,00 1,00 277546 1
452 463,59 463,59 500,42 1,00 1,00 277633 1
453 463,59 463,59 500,41 1,00 1,00 277699 1
454 463,59 463,59 500,42 1,00 1,00 277753 1
455 463,59 463,59 500,41 1,00 1,00 277794 1
456 463,59 463,59 500,41 1,00 1,00 277831 1
457 463,59 463,59 500,42 1,00 1,00 277866 1
458 463,59 463,59 500,42 1,00 1,00 277907 1
459 463,59 463,59 500,42 1,00 1,00 277956 1
460 463,59 463,59 500,42 1,00 1,00 278010 1
461 463,59 463,59 500,43 1,00 1,00 278052 1
462 463,59 463,59 500,43 1,00 1,00 278092 1
463 463,59 463,59 500,43 1,00 1,00 278136 1
464 463,59 463,59 500,42 1,00 1,00 278171 1
465 463,59 463,59 500,42 1,00 1,00 278215 1
466 463,59 463,59 500,42 1,00 1,00 278256 1
467 463,59 463,59 500,42 1,00 1,00 278310 1
468 463,59 463,59 500,43 1,00 1,00 278372 1
469 463,59 463,59 500,42 1,00 1,00 278422 1
470 463,59 463,59 500,41 1,00 1,00 278480 1
471 463,59 463,59 500,41 1,00 1,00 278532 1
472 463,59 463,59 500,41 1,00 1,00 278583 1
473 463,59 463,59 500,41 1,00 1,00 278628 1
474 463,59 463,59 500,42 1,00 1,00 278661 1
475 463,59 463,59 500,40 1,00 1,00 278697 1
476 463,59 463,59 500,41 1,00 1,00 278747 1
477 463,59 463,59 500,41 1,00 1,00 278809 1
478 463,59 463,59 500,41 1,00 1,00 278860 1
479 463,59 463,59 500,41 1,00 1,00 278924 1
480 463,59 463,59 500,41 1,00 1,00 278971 1
481 463,59 463,59 500,41 1,00 1,00 279018 1
482 463,59 463,59 500,40 1,00 1,00 279043 1
483 463,59 463,59 500,42 1,00 1,00 279071 1
484 463,59 463,59 500,42 1,00 1,00 279098 1
485 463,59 463,59 500,42 1,00 1,00 279123 1
486 463,59 463,59 500,43 1,00 1,00 279191 1
487 463,59 463,59 500,42 1,00 1,00 279255 1
488 463,59 463,59 500,43 1,00 1,00 279281 1
489 463,59 463,59 500,44 1,00 1,00 279305 1
490 463,59 463,59 500,43 1,00 1,00 279344 1
491 463,59 463,59 500,42 1,00 1,00 279378 1
492 463,59 463,59 500,43 1,00 1,00 279421 1
493 463,59 463,59 500,43 1,00 1,00 279458 1
494 463,59 463,59 500,43 1,00 1,00 279509 1
495 463,59 463,59 500,44 1,00 1,00 279558 1
496 463,59 463,59 500,43 1,00 1,00 279608 1
497 463,59 463,59 500,41 1,00 1,00 279665 1
498 463,59 463,59 500,42 1,00 1,00 279720 1
499 463,59 463,59 500,41 1,00 1,00 279792 1
