500
0 224,53 224,53 224,53 1,00 95,00
1 224,53 0,00 0,00 1,00 95,00
2 224,53 0,00 0,00 99,00 111,00
3 224,53 224,53 224,82 197,00 110,00
4 224,53 0,00 0,00 98,00 129,00
5 224,53 224,53 215,58 196,00 122,00
6 224,53 0,00 0,00 98,00 141,00
7 224,53 224,53 245,17 196,00 143,00
8 224,53 0,00 0,00 97,00 162,00
9 224,53 224,53 260,77 195,00 177,00
10 224,53 0,00 0,00 95,00 196,00
11 224,53 0,00 0,00 193,00 210,00
12 224,53 224,53 285,93 291,00 227,00
13 224,53 0,00 0,00 191,00 246,00
14 224,53 224,53 281,17 289,00 263,00
15 224,53 0,00 0,00 189,00 282,00
16 224,53 0,00 0,00 287,00 299,00
17 224,53 224,53 286,42 385,00 317,00
18 224,53 0,00 0,00 286,00 336,00
19 224,53 224,53 280,70 384,00 354,00
20 224,53 0,00 0,00 284,00 373,00
21 224,53 0,00 0,00 382,00 391,00
22 224,53 224,53 280,87 480,00 409,00
23 224,53 0,00 0,00 380,00 428,00
24 224,53 224,53 280,74 478,00 446,00
25 224,53 0,00 0,00 378,00 465,00
26 224,53 0,00 0,00 476,00 483,00
27 224,53 224,53 281,06 574,00 501,00
28 224,53 0,00 0,00 474,00 520,00
29 224,53 224,53 281,28 572,00 538,00
30 224,53 0,00 0,00 472,00 557,00
31 224,53 0,00 0,00 570,00 575,00
32 224,53 224,53 281,67 668,00 593,00
33 224,53 0,00 0,00 568,00 612,00
34 224,53 224,53 282,05 666,00 630,00
35 224,53 0,00 0,00 566,00 649,00
36 224,53 0,00 0,00 664,00 667,00
37 224,53 224,53 282,66 762,00 685,00
38 224,53 0,00 0,00 662,00 704,00
39 224,53 224,53 283,15 760,00 722,00
40 224,53 0,00 0,00 660,00 741,00
41 224,53 0,00 0,00 758,00 759,00
42 224,53 224,53 283,93 856,00 777,00
43 224,53 0,00 0,00 756,00 796,00
44 224,53 224,53 284,44 854,00 814,00
45 224,53 0,00 0,00 754,00 833,00
46 224,53 224,53 285,08 852,00 851,00
47 224,53 0,00 0,00 752,00 870,00
48 224,53 0,00 0,00 850,00 869,00
49 224,53 224,53 286,11 948,00 887,00
50 224,53 0,00 0,00 848,00 906,00
51 224,53 224,53 286,87 946,00 924,00
52 224,53 0,00 0,00 846,00 943,00
53 224,53 0,00 0,00 944,00 961,00
54 224,53 224,53 288,13 1.042,00 979,00
55 224,53 0,00 0,00 942,00 998,00
56 224,53 224,53 289,00 1.040,00 1.016,00
57 224,53 0,00 0,00 940,00 1.035,00
58 224,53 0,00 0,00 1.038,00 1.053,00
59 224,53 224,53 290,42 1.136,00 1.071,00
60 224,53 0,00 0,00 1.036,00 1.090,00
61 224,53 224,53 291,44 1.134,00 1.108,00
62 224,53 0,00 0,00 1.035,00 1.127,00
63 224,53 0,00 0,00 1.133,00 1.145,00
64 224,53 224,53 293,05 1.231,00 1.163,00
65 224,53 0,00 0,00 1.131,00 1.182,00
66 224,53 224,53 294,17 1.229,00 1.200,00
67 224,53 0,00 0,00 1.129,00 1.219,00
68 224,53 0,00 0,00 1.227,00 1.237,00
69 224,53 224,53 295,97 1.325,00 1.255,00
70 224,53 0,00 0,00 1.225,00 1.274,00
71 224,53 224,53 297,22 1.323,00 1.292,00
72 224,53 0,00 0,00 1.223,00 1.311,00
73 224,53 0,00 0,00 1.321,00 1.329,00
74 224,53 224,53 299,21 1.419,00 1.347,00
75 224,53 0,00 0,00 1.319,00 1.366,00
76 224,53 224,53 300,62 1.417,00 1.384,00
77 224,53 0,00 0,00 1.317,00 1.403,00
78 224,53 0,00 0,00 1.415,00 1.421,00
79 224,53 224,53 302,81 1.513,00 1.439,00
80 224,53 0,00 0,00 1.413,00 1.458,00
81 224,53 224,53 304,37 1.511,00 1.476,00
82 224,53 0,00 0,00 1.411,00 1.495,00
83 224,53 0,00 0,00 1.509,00 1.513,00
84 224,53 224,53 306,76 1.607,00 1.531,00
85 224,53 0,00 0,00 1.507,00 1.550,00
86 224,53 224,53 308,42 1.605,00 1.568,00
87 224,53 0,00 0,00 1.505,00 1.587,00
88 224,53 0,00 0,00 1.603,00 1.605,00
89 224,53 224,53 310,99 1.701,00 1.623,00
90 224,53 0,00 0,00 1.602,00 1.642,00
91 224,53 224,53 312,71 1.700,00 1.660,00
92 224,53 0,00 0,00 1.600,00 1.679,00
93 224,53 224,53 314,54 1.698,00 1.697,00
94 224,53 0,00 0,00 1.599,00 1.716,00
95 224,53 0,00 0,00 1.697,00 1.716,00
96 224,53 224,53 317,43 1.795,00 1.734,00
97 224,53 0,00 0,00 1.695,00 1.753,00
98 224,53 224,53 319,37 1.793,00 1.771,00
99 224,53 0,00 0,00 1.693,00 1.790,00
100 224,53 0,00 0,00 1.791,00 1.808,00
101 224,53 224,53 322,40 1.889,00 1.826,00
102 224,53 0,00 0,00 1.789,00 1.845,00
103 224,53 224,53 324,49 1.887,00 1.863,00
104 224,53 0,00 0,00 1.787,00 1.882,00
105 224,53 0,00 0,00 1.885,00 1.900,00
106 224,53 224,53 327,71 1.983,00 1.918,00
107 224,53 0,00 0,00 1.884,00 1.937,00
108 224,53 224,53 329,90 1.982,00 1.955,00
109 224,53 0,00 0,00 1.882,00 1.974,00
110 224,53 0,00 0,00 1.980,00 1.992,00
111 224,53 224,53 333,30 2.078,00 2.010,00
112 224,53 0,00 0,00 1.978,00 2.029,00
113 224,53 224,53 335,54 2.076,00 2.047,00
114 224,53 0,00 0,00 1.976,00 2.066,00
115 224,53 0,00 0,00 2.074,00 2.084,00
116 224,53 224,53 339,14 2.172,00 2.102,00
117 224,53 0,00 0,00 2.072,00 2.121,00
118 224,53 224,53 341,60 2.170,00 2.139,00
119 224,53 0,00 0,00 2.071,00 2.158,00
120 224,53 0,00 0,00 2.169,00 2.176,00
121 224,53 224,53 345,36 2.267,00 2.194,00
122 224,53 0,00 0,00 2.167,00 2.213,00
123 224,53 224,53 347,95 2.265,00 2.231,00
124 224,53 0,00 0,00 2.165,00 2.250,00
125 224,53 0,00 0,00 2.263,00 2.268,00
126 224,53 224,53 351,91 2.361,00 2.286,00
127 224,53 0,00 0,00 2.261,00 2.305,00
128 224,53 224,53 354,65 2.359,00 2.323,00
129 224,53 0,00 0,00 2.259,00 2.342,00
130 224,53 0,00 0,00 2.357,00 2.360,00
131 224,53 224,53 358,86 2.455,00 2.378,00
132 224,53 0,00 0,00 2.356,00 2.397,00
133 224,53 224,53 361,71 2.454,00 2.415,00
134 224,53 0,00 0,00 2.354,00 2.434,00
135 224,53 224,53 364,61 2.452,00 2.452,00
136 224,53 0,00 0,00 2.353,00 2.471,00
137 224,53 0,00 0,00 2.451,00 2.470,00
138 224,53 224,53 369,06 2.549,00 2.488,00
139 224,53 0,00 0,00 2.449,00 2.507,00
140 224,53 224,53 372,09 2.547,00 2.525,00
141 224,53 0,00 0,00 2.447,00 2.544,00
142 224,53 0,00 0,00 2.545,00 2.562,00
143 224,53 224,53 376,73 2.643,00 2.580,00
144 224,53 0,00 0,00 2.543,00 2.599,00
145 224,53 224,53 379,89 2.641,00 2.617,00
146 224,53 0,00 0,00 2.541,00 2.636,00
147 224,53 0,00 0,00 2.639,00 2.654,00
148 224,53 224,53 384,73 2.737,00 2.672,00
149 224,53 0,00 0,00 2.637,00 2.691,00
150 224,53 224,53 388,04 2.735,00 2.709,00
151 224,53 0,00 0,00 2.635,00 2.728,00
152 224,53 0,00 0,00 2.733,00 2.746,00
153 224,53 224,53 393,05 2.831,00 2.764,00
154 224,53 0,00 0,00 2.731,00 2.783,00
155 224,53 224,53 396,46 2.829,00 2.801,00
156 224,53 0,00 0,00 2.730,00 2.820,00
157 224,53 0,00 0,00 2.828,00 2.838,00
158 224,53 224,53 401,65 2.926,00 2.856,00
159 224,53 0,00 0,00 2.826,00 2.875,00
160 224,53 224,53 405,17 2.924,00 2.893,00
161 224,53 0,00 0,00 2.824,00 2.912,00
162 224,53 0,00 0,00 2.922,00 2.930,00
163 224,53 224,53 410,57 3.020,00 2.948,00
164 224,53 0,00 0,00 2.920,00 2.967,00
165 224,53 224,53 414,26 3.018,00 2.985,00
166 224,53 0,00 0,00 2.918,00 3.004,00
167 224,53 0,00 0,00 3.016,00 3.022,00
168 224,53 224,53 419,83 3.114,00 3.040,00
169 224,53 0,00 0,00 3.014,00 3.059,00
170 224,53 224,53 423,61 3.112,00 3.077,00
171 224,53 0,00 0,00 3.012,00 3.096,00
172 224,53 0,00 0,00 3.110,00 3.114,00
173 224,53 224,53 429,41 3.208,00 3.132,00
174 224,53 0,00 0,00 3.108,00 3.151,00
175 224,53 224,53 433,32 3.206,00 3.169,00
176 224,53 0,00 0,00 3.107,00 3.188,00
177 224,53 0,00 0,00 3.205,00 3.206,00
178 224,53 224,53 439,29 3.303,00 3.224,00
179 224,53 0,00 0,00 3.203,00 3.243,00
180 224,53 224,53 443,34 3.301,00 3.261,00
181 224,53 0,00 0,00 3.201,00 3.280,00
182 224,53 224,53 447,44 3.299,00 3.298,00
183 224,53 0,00 0,00 3.200,00 3.317,00
184 224,53 0,00 0,00 3.298,00 3.317,00
185 224,53 224,53 453,72 3.396,00 3.335,00
186 224,53 0,00 0,00 3.296,00 3.354,00
187 224,53 224,53 457,97 3.394,00 3.372,00
188 224,53 0,00 0,00 3.294,00 3.391,00
189 224,53 0,00 0,00 3.392,00 3.409,00
190 224,53 224,53 464,40 3.490,00 3.427,00
191 224,53 0,00 0,00 3.390,00 3.446,00
192 224,53 224,53 468,76 3.488,00 3.464,00
193 224,53 0,00 0,00 3.388,00 3.483,00
194 224,53 0,00 0,00 3.486,00 3.501,00
195 224,53 224,53 475,41 3.584,00 3.519,00
196 224,53 0,00 0,00 3.484,00 3.538,00
197 224,53 224,53 479,91 3.582,00 3.556,00
198 224,53 0,00 0,00 3.482,00 3.575,00
199 224,53 0,00 0,00 3.580,00 3.593,00
200 224,53 224,53 486,76 3.678,00 3.611,00
201 224,53 0,00 0,00 3.578,00 3.630,00
202 224,53 224,53 491,38 3.676,00 3.648,00
203 224,53 0,00 0,00 3.576,00 3.667,00
204 224,53 0,00 0,00 3.674,00 3.685,00
205 224,53 224,53 498,37 3.772,00 3.703,00
206 224,53 0,00 0,00 3.672,00 3.722,00
207 224,53 224,53 503,12 3.770,00 3.740,00
208 224,53 0,00 0,00 3.670,00 3.759,00
209 224,53 0,00 0,00 3.768,00 3.777,00
210 224,53 224,53 510,32 3.866,00 3.795,00
211 224,53 0,00 0,00 3.767,00 3.814,00
212 224,53 224,53 515,19 3.865,00 3.832,00
213 224,53 0,00 0,00 3.765,00 3.851,00
214 224,53 0,00 0,00 3.863,00 3.869,00
215 224,53 224,53 522,61 3.961,00 3.887,00
216 224,53 0,00 0,00 3.861,00 3.906,00
217 224,53 224,53 527,60 3.959,00 3.924,00
218 224,53 0,00 0,00 3.859,00 3.943,00
219 224,53 0,00 0,00 3.957,00 3.961,00
220 224,53 224,53 535,22 4.055,00 3.979,00
221 224,53 0,00 0,00 3.955,00 3.998,00
222 224,53 224,53 540,36 4.053,00 4.016,00
223 224,53 0,00 0,00 3.953,00 4.035,00
224 224,53 0,00 0,00 4.051,00 4.053,00
225 224,53 224,53 548,12 4.149,00 4.071,00
226 224,53 0,00 0,00 4.049,00 4.090,00
227 224,53 224,53 553,37 4.147,00 4.108,00
228 224,53 0,00 0,00 4.047,00 4.127,00
229 224,53 224,53 558,67 4.145,00 4.145,00
230 224,53 0,00 0,00 4.045,00 4.164,00
231 224,53 0,00 0,00 4.143,00 4.162,00
232 224,53 224,53 566,74 4.241,00 4.180,00
233 224,53 0,00 0,00 4.141,00 4.199,00
234 224,53 224,53 572,20 4.239,00 4.217,00
235 224,53 0,00 0,00 4.139,00 4.236,00
236 224,53 0,00 0,00 4.237,00 4.254,00
237 224,53 224,53 580,48 4.335,00 4.272,00
238 224,53 0,00 0,00 4.235,00 4.291,00
239 224,53 224,53 586,04 4.333,00 4.309,00
240 224,53 0,00 0,00 4.233,00 4.328,00
241 224,53 0,00 0,00 4.331,00 4.346,00
242 224,53 224,53 594,51 4.429,00 4.364,00
243 224,53 0,00 0,00 4.329,00 4.383,00
244 224,53 224,53 600,21 4.427,00 4.401,00
245 224,53 0,00 0,00 4.327,00 4.420,00
246 224,53 0,00 0,00 4.425,00 4.438,00
247 224,53 224,53 608,87 4.523,00 4.456,00
248 224,53 0,00 0,00 4.423,00 4.475,00
249 224,53 224,53 614,71 4.521,00 4.493,00
250 224,53 0,00 0,00 4.421,00 4.512,00
251 224,53 0,00 0,00 4.519,00 4.530,00
252 224,53 224,53 623,53 4.617,00 4.548,00
253 224,53 0,00 0,00 4.517,00 4.567,00
254 224,53 224,53 629,49 4.615,00 4.585,00
255 224,53 0,00 0,00 4.515,00 4.604,00
256 224,53 0,00 0,00 4.613,00 4.622,00
257 224,53 224,53 638,54 4.711,00 4.640,00
258 224,53 0,00 0,00 4.611,00 4.659,00
259 224,53 224,53 644,61 4.709,00 4.677,00
260 224,53 0,00 0,00 4.609,00 4.696,00
261 224,53 0,00 0,00 4.707,00 4.714,00
262 224,53 224,53 653,80 4.805,00 4.732,00
263 224,53 0,00 0,00 4.705,00 4.751,00
264 224,53 224,53 660,02 4.803,00 4.769,00
265 224,53 0,00 0,00 4.703,00 4.788,00
266 224,53 0,00 0,00 4.801,00 4.806,00
267 224,53 224,53 669,43 4.899,00 4.824,00
268 224,53 0,00 0,00 4.799,00 4.843,00
269 224,53 224,53 675,78 4.897,00 4.861,00
270 224,53 0,00 0,00 4.797,00 4.880,00
271 224,53 0,00 0,00 4.895,00 4.898,00
272 224,53 224,53 685,37 4.993,00 4.916,00
273 224,53 0,00 0,00 4.893,00 4.935,00
274 224,53 224,53 691,82 4.991,00 4.953,00
275 224,53 0,00 0,00 4.891,00 4.972,00
276 224,53 0,00 0,00 4.989,00 4.990,00
277 224,53 224,53 701,60 5.087,00 5.008,00
278 224,53 0,00 0,00 4.987,00 5.027,00
279 224,53 224,53 708,19 5.085,00 5.045,00
280 224,53 0,00 0,00 4.985,00 5.064,00
281 224,53 224,53 714,85 5.083,00 5.082,00
282 224,53 0,00 0,00 4.983,00 5.101,00
283 224,53 0,00 0,00 5.081,00 5.100,00
284 224,53 224,53 724,93 5.179,00 5.118,00
285 224,53 0,00 0,00 5.079,00 5.137,00
286 224,53 224,53 731,72 5.177,00 5.155,00
287 224,53 0,00 0,00 5.077,00 5.174,00
288 224,53 0,00 0,00 5.175,00 5.192,00
289 224,53 224,53 741,98 5.273,00 5.210,00
290 224,53 0,00 0,00 5.173,00 5.229,00
291 224,53 224,53 748,93 5.271,00 5.247,00
292 224,53 0,00 0,00 5.171,00 5.266,00
293 224,53 0,00 0,00 5.269,00 5.284,00
294 224,53 224,53 759,39 5.367,00 5.302,00
295 224,53 0,00 0,00 5.267,00 5.321,00
296 224,53 224,53 766,42 5.365,00 5.339,00
297 224,53 0,00 0,00 5.265,00 5.358,00
298 224,53 0,00 0,00 5.363,00 5.376,00
299 224,53 224,53 777,09 5.461,00 5.394,00
300 224,53 0,00 0,00 5.361,00 5.413,00
301 224,53 224,53 784,26 5.459,00 5.431,00
302 224,53 0,00 0,00 5.360,00 5.450,00
303 224,53 0,00 0,00 5.458,00 5.468,00
304 224,53 224,53 795,14 5.556,00 5.486,00
305 224,53 0,00 0,00 5.456,00 5.505,00
306 224,53 224,53 802,45 5.554,00 5.523,00
307 224,53 0,00 0,00 5.454,00 5.542,00
308 224,53 0,00 0,00 5.552,00 5.560,00
309 224,53 224,53 813,47 5.650,00 5.578,00
310 224,53 0,00 0,00 5.550,00 5.597,00
311 224,53 224,53 820,89 5.648,00 5.615,00
312 224,53 0,00 0,00 5.548,00 5.634,00
313 224,53 0,00 0,00 5.646,00 5.652,00
314 224,53 224,53 832,12 5.744,00 5.670,00
315 224,53 0,00 0,00 5.644,00 5.689,00
316 224,53 224,53 839,69 5.742,00 5.707,00
317 224,53 0,00 0,00 5.642,00 5.726,00
318 224,53 0,00 0,00 5.740,00 5.744,00
319 224,53 224,53 851,14 5.838,00 5.762,00
320 224,53 0,00 0,00 5.738,00 5.781,00
321 224,53 224,53 858,81 5.836,00 5.799,00
322 224,53 0,00 0,00 5.736,00 5.818,00
323 224,53 0,00 0,00 5.834,00 5.836,00
324 224,53 224,53 870,43 5.932,00 5.854,00
325 224,53 0,00 0,00 5.832,00 5.873,00
326 224,53 224,53 878,26 5.930,00 5.891,00
327 224,53 0,00 0,00 5.830,00 5.910,00
328 224,53 224,53 886,11 5.928,00 5.928,00
329 224,53 0,00 0,00 5.828,00 5.947,00
330 224,53 0,00 0,00 5.926,00 5.945,00
331 224,53 224,53 897,98 6.024,00 5.963,00
332 224,53 0,00 0,00 5.924,00 5.982,00
333 224,53 224,53 905,99 6.022,00 6.000,00
334 224,53 0,00 0,00 5.923,00 6.019,00
335 224,53 0,00 0,00 6.021,00 6.037,00
336 224,53 224,53 918,07 6.119,00 6.055,00
337 224,53 0,00 0,00 6.019,00 6.074,00
338 224,53 224,53 926,20 6.117,00 6.092,00
339 224,53 0,00 0,00 6.017,00 6.111,00
340 224,53 0,00 0,00 6.115,00 6.129,00
341 224,53 224,53 938,48 6.213,00 6.147,00
342 224,53 0,00 0,00 6.113,00 6.166,00
343 224,53 224,53 946,70 6.211,00 6.184,00
344 224,53 0,00 0,00 6.112,00 6.203,00
345 224,53 0,00 0,00 6.210,00 6.221,00
346 224,53 224,53 959,18 6.308,00 6.239,00
347 224,53 0,00 0,00 6.208,00 6.258,00
348 224,53 224,53 967,57 6.306,00 6.276,00
349 224,53 0,00 0,00 6.206,00 6.295,00
350 224,53 0,00 0,00 6.304,00 6.313,00
351 224,53 224,53 980,24 6.402,00 6.331,00
352 224,53 0,00 0,00 6.302,00 6.350,00
353 224,53 224,53 988,76 6.400,00 6.368,00
354 224,53 0,00 0,00 6.300,00 6.387,00
355 224,53 0,00 0,00 6.398,00 6.405,00
356 224,53 224,53 1.001,63 6.496,00 6.423,00
357 224,53 0,00 0,00 6.396,00 6.442,00
358 224,53 224,53 1.010,26 6.494,00 6.460,00
359 224,53 0,00 0,00 6.394,00 6.479,00
360 224,53 0,00 0,00 6.492,00 6.497,00
361 224,53 224,53 1.023,29 6.590,00 6.515,00
362 224,53 0,00 0,00 6.490,00 6.534,00
363 224,53 224,53 1.032,05 6.588,00 6.552,00
364 224,53 0,00 0,00 6.488,00 6.571,00
365 224,53 0,00 0,00 6.586,00 6.589,00
366 224,53 224,53 1.045,29 6.684,00 6.607,00
367 224,53 0,00 0,00 6.584,00 6.626,00
368 224,53 224,53 1.054,19 6.682,00 6.644,00
369 224,53 0,00 0,00 6.582,00 6.663,00
370 224,53 0,00 0,00 6.680,00 6.681,00
371 224,53 224,53 1.067,63 6.778,00 6.699,00
372 224,53 0,00 0,00 6.678,00 6.718,00
373 224,53 224,53 1.076,65 6.776,00 6.736,00
374 224,53 0,00 0,00 6.676,00 6.755,00
375 224,53 224,53 1.085,73 6.774,00 6.773,00
376 224,53 0,00 0,00 6.674,00 6.792,00
377 224,53 0,00 0,00 6.772,00 6.791,00
378 224,53 224,53 1.099,42 6.870,00 6.809,00
379 224,53 0,00 0,00 6.770,00 6.828,00
380 224,53 224,53 1.108,62 6.868,00 6.846,00
381 224,53 0,00 0,00 6.768,00 6.865,00
382 224,53 0,00 0,00 6.866,00 6.883,00
383 224,53 224,53 1.122,53 6.964,00 6.901,00
384 224,53 0,00 0,00 6.864,00 6.920,00
385 224,53 224,53 1.131,84 6.962,00 6.938,00
386 224,53 0,00 0,00 6.862,00 6.957,00
387 224,53 0,00 0,00 6.960,00 6.975,00
388 224,53 224,53 1.145,92 7.058,00 6.993,00
389 224,53 0,00 0,00 6.958,00 7.012,00
390 224,53 224,53 1.155,37 7.056,00 7.030,00
391 224,53 0,00 0,00 6.957,00 7.049,00
392 224,53 0,00 0,00 7.055,00 7.067,00
393 224,53 224,53 1.169,64 7.153,00 7.085,00
394 224,53 0,00 0,00 7.053,00 7.104,00
395 224,53 224,53 1.179,21 7.151,00 7.122,00
396 224,53 0,00 0,00 7.051,00 7.141,00
397 224,53 0,00 0,00 7.149,00 7.159,00
398 224,53 224,53 1.193,66 7.247,00 7.177,00
399 224,53 0,00 0,00 7.147,00 7.196,00
400 224,53 224,53 1.203,39 7.245,00 7.214,00
401 224,53 0,00 0,00 7.145,00 7.233,00
402 224,53 0,00 0,00 7.243,00 7.251,00
403 224,53 224,53 1.218,10 7.341,00 7.269,00
404 224,53 0,00 0,00 7.241,00 7.288,00
405 224,53 224,53 1.227,94 7.339,00 7.306,00
406 224,53 0,00 0,00 7.239,00 7.325,00
407 224,53 0,00 0,00 7.337,00 7.343,00
408 224,53 224,53 1.242,78 7.435,00 7.361,00
409 224,53 0,00 0,00 7.335,00 7.380,00
410 224,53 224,53 1.252,75 7.433,00 7.398,00
411 224,53 0,00 0,00 7.333,00 7.417,00
412 224,53 0,00 0,00 7.431,00 7.435,00
413 224,53 224,53 1.267,79 7.529,00 7.453,00
414 224,53 0,00 0,00 7.429,00 7.472,00
415 224,53 224,53 1.277,88 7.527,00 7.490,00
416 224,53 0,00 0,00 7.427,00 7.509,00
417 224,53 0,00 0,00 7.525,00 7.527,00
418 224,53 224,53 1.293,14 7.623,00 7.545,00
419 224,53 0,00 0,00 7.523,00 7.564,00
420 224,53 224,53 1.303,35 7.621,00 7.582,00
421 224,53 0,00 0,00 7.521,00 7.601,00
422 224,53 224,53 1.313,63 7.619,00 7.619,00
423 224,53 0,00 0,00 7.519,00 7.638,00
424 224,53 0,00 0,00 7.617,00 7.636,00
425 224,53 224,53 1.329,16 7.715,00 7.654,00
426 224,53 0,00 0,00 7.616,00 7.673,00
427 224,53 224,53 1.339,56 7.714,00 7.691,00
428 224,53 0,00 0,00 7.614,00 7.710,00
429 224,53 0,00 0,00 7.712,00 7.728,00
430 224,53 224,53 1.355,25 7.810,00 7.746,00
431 224,53 0,00 0,00 7.710,00 7.765,00
432 224,53 224,53 1.365,76 7.808,00 7.783,00
433 224,53 0,00 0,00 7.708,00 7.802,00
434 224,53 0,00 0,00 7.806,00 7.820,00
435 224,53 224,53 1.381,65 7.904,00 7.838,00
436 224,53 0,00 0,00 7.804,00 7.857,00
437 224,53 224,53 1.392,31 7.902,00 7.875,00
438 224,53 0,00 0,00 7.802,00 7.894,00
439 224,53 0,00 0,00 7.900,00 7.912,00
440 224,53 224,53 1.408,38 7.998,00 7.930,00
441 224,53 0,00 0,00 7.899,00 7.949,00
442 224,53 224,53 1.419,14 7.997,00 7.967,00
443 224,53 0,00 0,00 7.897,00 7.986,00
444 224,53 0,00 0,00 7.995,00 8.004,00
445 224,53 224,53 1.435,39 8.093,00 8.022,00
446 224,53 0,00 0,00 7.993,00 8.041,00
447 224,53 224,53 1.446,30 8.091,00 8.059,00
448 224,53 0,00 0,00 7.991,00 8.078,00
449 224,53 0,00 0,00 8.089,00 8.096,00
450 224,53 224,53 1.462,76 8.187,00 8.114,00
451 224,53 0,00 0,00 8.087,00 8.133,00
452 224,53 224,53 1.473,81 8.185,00 8.151,00
453 224,53 0,00 0,00 8.085,00 8.170,00
454 224,53 0,00 0,00 8.183,00 8.188,00
455 224,53 224,53 1.490,46 8.281,00 8.206,00
456 224,53 0,00 0,00 8.181,00 8.225,00
457 224,53 224,53 1.501,63 8.279,00 8.243,00
458 224,53 0,00 0,00 8.179,00 8.262,00
459 224,53 0,00 0,00 8.277,00 8.280,00
460 224,53 224,53 1.518,49 8.375,00 8.298,00
461 224,53 0,00 0,00 8.275,00 8.317,00
462 224,53 224,53 1.529,78 8.373,00 8.335,00
463 224,53 0,00 0,00 8.273,00 8.354,00
464 224,53 0,00 0,00 8.371,00 8.372,00
465 224,53 224,53 1.546,81 8.469,00 8.390,00
466 224,53 0,00 0,00 8.369,00 8.409,00
467 224,53 224,53 1.558,23 8.467,00 8.427,00
468 224,53 0,00 0,00 8.367,00 8.446,00
469 224,53 224,53 1.569,69 8.465,00 8.464,00
470 224,53 0,00 0,00 8.365,00 8.483,00
471 224,53 0,00 0,00 8.463,00 8.482,00
472 224,53 224,53 1.587,03 8.561,00 8.500,00
473 224,53 0,00 0,00 8.461,00 8.519,00
474 224,53 224,53 1.598,63 8.559,00 8.537,00
475 224,53 0,00 0,00 8.460,00 8.556,00
476 224,53 0,00 0,00 8.558,00 8.574,00
477 224,53 224,53 1.616,10 8.656,00 8.592,00
478 224,53 0,00 0,00 8.556,00 8.611,00
479 224,53 224,53 1.627,82 8.654,00 8.629,00
480 224,53 0,00 0,00 8.554,00 8.648,00
481 224,53 0,00 0,00 8.652,00 8.666,00
482 224,53 224,53 1.645,48 8.750,00 8.684,00
483 224,53 0,00 0,00 8.650,00 8.703,00
484 224,53 224,53 1.657,33 8.748,00 8.721,00
485 224,53 0,00 0,00 8.649,00 8.740,00
486 224,53 0,00 0,00 8.747,00 8.758,00
487 224,53 224,53 1.675,22 8.845,00 8.776,00
488 224,53 0,00 0,00 8.745,00 8.795,00
489 224,53 224,53 1.687,21 8.843,00 8.813,00
490 224,53 0,00 0,00 8.743,00 8.832,00
491 224,53 0,00 0,00 8.841,00 8.850,00
492 224,53 224,53 1.705,26 8.939,00 8.868,00
493 224,53 0,00 0,00 8.839,00 8.887,00
494 224,53 224,53 1.717,38 8.937,00 8.905,00
495 224,53 0,00 0,00 8.837,00 8.924,00
496 224,53 0,00 0,00 8.935,00 8.942,00
497 224,53 224,53 1.735,63 9.033,00 8.960,00
498 224,53 0,00 0,00 8.933,00 8.979,00
499 224,53 224,53 1.747,86 9.031,00 8.997,00
