1000
0 221,11 221,11 221,11 1,00 94,00 0
1 221,11 2,43 2,43 1,00 99,00 1235
2 221,11 2,43 1,80 1,00 107,00 1774
3 221,11 2,43 1,88 1,00 115,00 1865
4 221,11 2,43 1,90 1,00 123,00 1875
5 221,11 2,43 1,91 1,00 131,00 1879
6 221,11 2,43 1,93 1,00 139,00 1881
7 221,11 2,43 1,94 1,00 147,00 1881
8 221,11 1,43 1,14 1,00 155,00 1881
9 221,11 1,43 1,14 1,00 163,00 1881
10 221,11 1,43 1,14 1,00 171,00 1881
11 221,11 1,43 1,14 1,00 179,00 1881
12 221,11 1,43 1,14 1,00 187,00 1881
13 221,11 1,43 1,14 1,00 195,00 1881
14 221,11 1,43 1,14 1,00 203,00 1881
15 221,11 1,43 1,14 1,00 211,00 1881
16 221,11 1,43 1,14 1,00 219,00 1881
17 221,11 1,43 1,14 1,00 227,00 1881
18 221,11 1,43 1,14 1,00 235,00 1881
19 221,11 1,43 1,14 1,00 243,00 1881
20 221,11 1,43 1,14 1,00 251,00 1881
21 221,11 1,43 1,14 1,00 259,00 1881
22 221,11 1,43 1,14 1,00 267,00 1881
23 221,11 1,43 1,14 1,00 275,00 1881
24 221,11 1,43 1,14 1,00 283,00 1881
25 221,11 1,43 1,14 1,00 291,00 1881
26 221,11 1,43 1,14 1,00 299,00 1881
27 221,11 1,43 1,14 1,00 307,00 1881
28 221,11 1,43 1,14 1,00 315,00 1881
29 221,11 1,43 1,14 1,00 323,00 1881
30 221,11 0,67 0,53 99,00 331,00 1881
31 221,11 66,33 52,83 99,00 338,00 2704
32 221,11 64,95 57,43 99,00 345,00 3431
33 221,11 64,95 59,46 99,00 353,00 3821
34 221,11 64,95 65,62 99,00 361,00 4072
35 221,11 64,95 69,77 99,00 369,00 4286
36 221,11 64,95 67,83 99,00 377,00 4405
37 221,11 64,95 67,43 99,00 385,00 4558
38 221,11 64,95 69,55 99,00 393,00 4625
39 221,11 64,95 68,80 99,00 401,00 4666
40 221,11 64,95 68,60 99,00 409,00 4711
41 221,11 64,95 69,47 99,00 417,00 4762
42 221,11 64,95 70,41 99,00 425,00 4795
43 221,11 64,95 68,71 99,00 433,00 4831
44 221,11 64,95 70,34 99,00 441,00 4863
45 221,11 64,95 70,36 99,00 449,00 4893
46 221,11 64,95 70,36 99,00 457,00 4918
47 221,11 47,07 50,99 99,00 465,00 4938
48 221,11 47,07 50,99 99,00 473,00 4953
49 221,11 47,07 50,99 99,00 481,00 4969
50 221,11 47,07 50,99 99,00 489,00 4978
51 221,11 47,07 50,99 99,00 497,00 4991
52 221,11 47,07 50,99 99,00 505,00 5006
53 221,11 47,07 50,98 99,00 513,00 5016
54 221,11 47,07 50,98 99,00 521,00 5027
55 221,11 41,38 44,82 99,00 529,00 5033
56 221,11 41,38 44,82 99,00 537,00 5043
57 221,11 41,38 44,81 99,00 545,00 5047
58 221,11 41,38 44,81 99,00 553,00 5055
59 221,11 41,38 44,81 99,00 561,00 5061
60 221,11 41,38 44,81 1,00 569,00 5068
61 221,11 41,38 44,81 1,00 577,00 5076
62 221,11 41,38 44,81 1,00 585,00 5097
63 221,11 41,38 44,82 1,00 593,00 5110
64 221,11 41,38 44,82 1,00 601,00 5114
65 221,11 41,38 44,82 1,00 609,00 5115
66 221,11 41,38 44,81 1,00 617,00 5118
67 221,11 41,38 44,81 1,00 625,00 5123
68 221,11 41,38 44,82 1,00 633,00 5124
69 221,11 41,38 44,82 1,00 641,00 5125
70 221,11 41,38 44,82 1,00 649,00 5125
71 221,11 41,38 44,82 1,00 657,00 5125
72 221,11 41,38 44,82 1,00 665,00 5125
73 221,11 41,38 44,82 1,00 673,00 5125
74 221,11 0,32 0,35 1,00 681,00 5126
75 221,11 0,32 0,35 1,00 689,00 5126
76 221,11 0,32 0,35 1,00 697,00 5126
77 221,11 0,32 0,35 1,00 705,00 5126
78 221,11 0,31 0,34 1,00 713,00 5127
79 221,11 0,31 0,34 1,00 721,00 5128
80 221,11 0,31 0,34 1,00 729,00 5128
81 221,11 0,30 0,32 1,00 737,00 5128
82 221,11 0,30 0,32 1,00 745,00 5128
83 221,11 0,30 0,32 1,00 753,00 5128
84 221,11 0,30 0,32 1,00 761,00 5128
85 221,11 0,30 0,32 1,00 769,00 5128
86 221,11 0,30 0,32 1,00 777,00 5128
87 221,11 0,30 0,32 1,00 785,00 5128
88 221,11 0,30 0,32 1,00 793,00 5129
89 221,11 0,30 0,32 1,00 801,00 5133
90 221,11 0,30 0,32 99,00 809,00 5133
91 221,11 27,09 29,34 99,00 816,00 5240
92 221,11 27,09 29,34 99,00 824,00 5280
93 221,11 27,09 29,34 99,00 832,00 5298
94 221,11 27,09 29,34 99,00 840,00 5308
95 221,11 27,09 29,34 99,00 848,00 5318
96 221,11 27,09 29,34 99,00 856,00 5327
97 221,11 27,09 29,34 99,00 864,00 5336
98 221,11 27,09 29,34 99,00 872,00 5340
99 221,11 27,09 29,34 99,00 880,00 5347
100 221,11 27,09 29,34 99,00 888,00 5351
101 221,11 27,09 29,34 99,00 896,00 5353
102 221,11 27,09 29,34 99,00 904,00 5354
103 221,11 27,09 29,34 99,00 912,00 5357
104 221,11 27,09 29,34 99,00 920,00 5357
105 221,11 27,09 29,34 99,00 928,00 5357
106 221,11 27,09 29,34 99,00 936,00 5357
107 221,11 27,09 29,34 99,00 944,00 5357
108 221,11 27,09 29,34 99,00 952,00 5357
109 221,11 27,09 29,34 99,00 960,00 5359
110 221,11 22,61 24,49 99,00 968,00 5359
111 221,11 22,61 24,49 99,00 976,00 5360
112 221,11 22,61 24,49 99,00 984,00 5362
113 221,11 22,61 24,49 99,00 992,00 5364
114 221,11 21,89 23,71 99,00 1.000,00 5366
115 221,11 21,89 23,71 99,00 1.008,00 5366
116 221,11 21,89 23,71 99,00 1.016,00 5366
117 221,11 21,89 23,71 99,00 1.024,00 5366
118 221,11 21,89 23,71 99,00 1.032,00 5367
119 221,11 21,89 23,71 99,00 1.040,00 5368
120 221,11 21,89 23,71 1,00 1.048,00 5368
121 221,11 21,89 23,71 1,00 1.056,00 5378
122 221,11 21,89 23,71 1,00 1.064,00 5387
123 221,11 21,89 23,71 1,00 1.072,00 5391
124 221,11 21,89 23,71 1,00 1.080,00 5392
125 221,11 21,89 23,71 1,00 1.088,00 5392
126 221,11 21,89 23,71 1,00 1.096,00 5392
127 221,11 21,89 23,71 1,00 1.104,00 5392
128 221,11 21,89 23,71 1,00 1.112,00 5392
129 221,11 21,89 23,71 1,00 1.120,00 5392
130 221,11 0,20 0,21 1,00 1.128,00 5392
131 221,11 0,20 0,21 1,00 1.136,00 5392
132 221,11 0,20 0,21 1,00 1.144,00 5392
133 221,11 0,20 0,21 1,00 1.152,00 5392
134 221,11 0,20 0,21 1,00 1.160,00 5392
135 221,11 0,20 0,21 1,00 1.168,00 5392
136 221,11 0,20 0,21 1,00 1.176,00 5392
137 221,11 0,20 0,21 1,00 1.184,00 5392
138 221,11 0,20 0,21 1,00 1.192,00 5392
139 221,11 0,20 0,21 1,00 1.200,00 5392
140 221,11 0,20 0,21 1,00 1.208,00 5397
141 221,11 0,20 0,21 1,00 1.216,00 5398
142 221,11 0,20 0,21 1,00 1.224,00 5398
143 221,11 0,20 0,21 1,00 1.232,00 5398
144 221,11 0,20 0,21 1,00 1.240,00 5398
145 221,11 0,20 0,21 1,00 1.248,00 5398
146 221,11 0,20 0,21 1,00 1.256,00 5398
147 221,11 0,20 0,21 1,00 1.264,00 5398
148 221,11 0,20 0,21 1,00 1.272,00 5398
149 221,11 0,20 0,21 1,00 1.280,00 5398
150 221,11 0,20 0,21 99,00 1.288,00 5398
151 221,11 16,90 18,31 99,00 1.295,00 5443
152 221,11 16,90 18,31 99,00 1.303,00 5461
153 221,11 16,90 18,31 99,00 1.311,00 5469
154 221,11 16,90 18,31 99,00 1.319,00 5476
155 221,11 16,90 18,31 99,00 1.327,00 5480
156 221,11 16,90 18,31 99,00 1.335,00 5482
157 221,11 16,90 18,31 99,00 1.343,00 5482
158 221,11 16,90 18,31 99,00 1.351,00 5492
159 221,11 16,90 18,31 99,00 1.359,00 5501
160 221,11 16,90 18,31 99,00 1.367,00 5510
161 221,11 16,90 18,31 99,00 1.375,00 5520
162 221,11 16,90 18,31 99,00 1.383,00 5532
163 221,11 16,90 18,31 99,00 1.391,00 5544
164 221,11 16,90 18,31 99,00 1.399,00 5553
165 221,11 16,90 18,31 99,00 1.407,00 5560
166 221,11 16,90 18,31 99,00 1.415,00 5566
167 221,11 16,90 18,31 99,00 1.423,00 5570
168 221,11 16,90 18,31 99,00 1.431,00 5573
169 221,11 16,90 18,31 99,00 1.439,00 5575
170 221,11 16,90 18,31 99,00 1.447,00 5576
171 221,11 16,90 18,31 99,00 1.455,00 5577
172 221,11 16,90 18,31 99,00 1.463,00 5578
173 221,11 16,90 18,31 99,00 1.471,00 5579
174 221,11 16,90 18,31 99,00 1.479,00 5580
175 221,11 16,90 18,31 99,00 1.487,00 5582
176 221,11 16,90 18,31 99,00 1.495,00 5583
177 221,11 16,90 18,31 99,00 1.503,00 5584
178 221,11 16,90 18,31 99,00 1.511,00 5587
179 221,11 16,90 18,31 99,00 1.519,00 5589
180 221,11 16,90 18,31 1,00 1.527,00 5591
181 221,11 16,90 18,31 1,00 1.535,00 5600
182 221,11 16,90 18,31 1,00 1.543,00 5601
183 221,11 16,90 18,31 1,00 1.551,00 5602
184 221,11 16,90 18,31 1,00 1.559,00 5602
185 221,11 16,90 18,31 1,00 1.567,00 5602
186 221,11 16,90 18,31 1,00 1.575,00 5602
187 221,11 16,90 18,31 1,00 1.583,00 5602
188 221,11 16,90 18,31 1,00 1.591,00 5602
189 221,11 16,90 18,31 1,00 1.599,00 5602
190 221,11 16,90 18,31 1,00 1.607,00 5602
191 221,11 16,90 18,31 1,00 1.615,00 5604
192 221,11 16,90 18,31 1,00 1.623,00 5606
193 221,11 16,90 18,31 1,00 1.631,00 5607
194 221,11 16,90 18,31 1,00 1.639,00 5611
195 221,11 16,90 18,31 1,00 1.647,00 5613
196 221,11 16,90 18,31 1,00 1.655,00 5613
197 221,11 16,90 18,31 1,00 1.663,00 5613
198 221,11 16,90 18,31 1,00 1.671,00 5613
199 221,11 16,90 18,31 1,00 1.679,00 5613
200 221,11 0,13 0,14 1,00 1.687,00 5613
201 221,11 0,13 0,14 1,00 1.695,00 5613
202 221,11 0,13 0,14 1,00 1.703,00 5613
203 221,11 0,13 0,14 1,00 1.711,00 5613
204 221,11 0,13 0,14 1,00 1.719,00 5613
205 221,11 0,13 0,14 1,00 1.727,00 5613
206 221,11 0,13 0,14 1,00 1.735,00 5613
207 221,11 0,13 0,14 1,00 1.743,00 5613
208 221,11 0,13 0,14 1,00 1.751,00 5614
209 221,11 0,13 0,14 1,00 1.759,00 5616
210 221,11 0,13 0,14 99,00 1.767,00 5616
211 221,11 0,13 0,14 99,00 1.775,00 5655
212 221,11 12,34 13,37 99,00 1.782,00 5665
213 221,11 12,23 13,24 99,00 1.790,00 5671
214 221,11 12,23 13,25 99,00 1.798,00 5671
215 221,11 12,23 13,25 99,00 1.806,00 5671
216 221,11 12,23 13,25 99,00 1.814,00 5671
217 221,11 12,23 13,25 99,00 1.822,00 5671
218 221,11 12,23 13,25 99,00 1.830,00 5671
219 221,11 12,23 13,25 99,00 1.838,00 5671
220 221,11 12,23 13,25 99,00 1.846,00 5671
221 221,11 12,23 13,25 99,00 1.854,00 5671
222 221,11 12,23 13,25 99,00 1.862,00 5671
223 221,11 12,23 13,25 99,00 1.870,00 5671
224 221,11 12,23 13,25 99,00 1.878,00 5671
225 221,11 11,61 12,57 99,00 1.886,00 5671
226 221,11 11,61 12,57 99,00 1.894,00 5671
227 221,11 11,61 12,57 99,00 1.902,00 5671
228 221,11 11,46 12,41 99,00 1.910,00 5671
229 221,11 11,46 12,41 99,00 1.918,00 5671
230 221,11 11,46 12,41 99,00 1.926,00 5671
231 221,11 11,46 12,41 99,00 1.934,00 5671
232 221,11 11,27 12,21 99,00 1.942,00 5671
233 221,11 11,27 12,21 99,00 1.950,00 5671
234 221,11 11,27 12,21 99,00 1.958,00 5671
235 221,11 11,27 12,21 99,00 1.966,00 5671
236 221,11 11,27 12,21 99,00 1.974,00 5671
237 221,11 11,27 12,21 99,00 1.982,00 5671
238 221,11 11,27 12,21 99,00 1.990,00 5671
239 221,11 11,27 12,21 99,00 1.998,00 5671
240 221,11 11,27 12,21 3,00 2.006,00 5671
241 221,11 11,27 12,21 3,00 2.014,00 5686
242 221,11 11,27 12,21 3,00 2.022,00 5686
243 221,11 11,27 12,21 3,00 2.030,00 5687
244 221,11 11,27 12,21 3,00 2.038,00 5688
245 221,11 11,27 12,21 3,00 2.046,00 5688
246 221,11 11,27 12,21 3,00 2.054,00 5688
247 221,11 11,27 12,21 3,00 2.062,00 5688
248 221,11 11,27 12,21 3,00 2.070,00 5688
249 221,11 11,27 12,21 3,00 2.078,00 5691
250 221,11 11,27 12,21 3,00 2.086,00 5693
251 221,11 0,32 0,34 3,00 2.094,00 5693
252 221,11 0,32 0,34 3,00 2.102,00 5693
253 221,11 0,32 0,34 3,00 2.110,00 5694
254 221,11 0,31 0,34 3,00 2.118,00 5694
255 221,11 0,31 0,34 3,00 2.126,00 5694
256 221,11 0,31 0,34 3,00 2.134,00 5694
257 221,11 0,31 0,34 3,00 2.142,00 5694
258 221,11 0,31 0,34 3,00 2.150,00 5694
259 221,11 0,31 0,34 3,00 2.158,00 5694
260 221,11 0,31 0,34 3,00 2.166,00 5694
261 221,11 0,31 0,34 3,00 2.174,00 5694
262 221,11 0,31 0,34 3,00 2.182,00 5694
263 221,11 0,30 0,33 3,00 2.190,00 5694
264 221,11 0,30 0,33 3,00 2.198,00 5694
265 221,11 0,30 0,33 3,00 2.206,00 5694
266 221,11 0,30 0,33 3,00 2.214,00 5694
267 221,11 0,30 0,33 3,00 2.222,00 5694
268 221,11 0,30 0,32 3,00 2.230,00 5694
269 221,11 0,30 0,32 3,00 2.238,00 5694
270 221,11 0,30 0,32 101,00 2.246,00 5694
271 221,11 0,30 0,32 101,00 2.254,00 5724
272 221,11 0,30 0,32 101,00 2.262,00 5736
273 221,11 0,30 0,32 101,00 2.270,00 5742
274 221,11 0,30 0,32 101,00 2.278,00 5742
275 221,11 0,30 0,32 101,00 2.286,00 5742
276 221,11 9,73 10,54 101,00 2.294,00 5742
277 221,11 9,73 10,54 101,00 2.302,00 5742
278 221,11 9,73 10,54 101,00 2.310,00 5742
279 221,11 9,73 10,54 101,00 2.318,00 5742
280 221,11 9,73 10,54 101,00 2.326,00 5742
281 221,11 9,73 10,54 101,00 2.334,00 5742
282 221,11 9,73 10,54 101,00 2.342,00 5742
283 221,11 9,50 10,29 101,00 2.350,00 5742
284 221,11 9,50 10,29 101,00 2.358,00 5742
285 221,11 9,50 10,29 101,00 2.366,00 5742
286 221,11 9,50 10,29 101,00 2.374,00 5742
287 221,11 9,50 10,29 101,00 2.382,00 5742
288 221,11 9,50 10,29 101,00 2.390,00 5742
289 221,11 9,50 10,29 101,00 2.398,00 5742
290 221,11 9,50 10,29 101,00 2.406,00 5742
291 221,11 9,50 10,29 101,00 2.414,00 5742
292 221,11 9,50 10,29 101,00 2.422,00 5742
293 221,11 9,50 10,29 101,00 2.430,00 5742
294 221,11 9,50 10,29 101,00 2.438,00 5742
295 221,11 9,50 10,29 101,00 2.446,00 5742
296 221,11 9,50 10,29 101,00 2.454,00 5742
297 221,11 9,50 10,29 101,00 2.462,00 5742
298 221,11 9,50 10,29 101,00 2.470,00 5742
299 221,11 9,50 10,29 101,00 2.478,00 5742
300 221,11 9,50 10,29 5,00 2.486,00 5742
301 221,11 9,50 10,29 5,00 2.494,00 5752
302 221,11 9,50 10,29 5,00 2.502,00 5752
303 221,11 9,50 10,29 5,00 2.510,00 5752
304 221,11 9,50 10,29 5,00 2.518,00 5752
305 221,11 9,50 10,29 5,00 2.526,00 5752
306 221,11 9,50 10,29 5,00 2.534,00 5762
307 221,11 9,50 10,29 5,00 2.542,00 5773
308 221,11 9,50 10,29 5,00 2.550,00 5778
309 221,11 0,43 0,47 5,00 2.558,00 5780
310 221,11 0,43 0,47 5,00 2.566,00 5780
311 221,11 0,43 0,47 5,00 2.574,00 5780
312 221,11 0,43 0,47 5,00 2.582,00 5780
313 221,11 0,43 0,47 5,00 2.590,00 5782
314 221,11 0,43 0,47 5,00 2.598,00 5783
315 221,11 0,43 0,47 5,00 2.606,00 5783
316 221,11 0,43 0,47 5,00 2.614,00 5783
317 221,11 0,42 0,46 5,00 2.622,00 5783
318 221,11 0,42 0,46 5,00 2.630,00 5783
319 221,11 0,42 0,45 5,00 2.638,00 5783
320 221,11 0,42 0,45 5,00 2.646,00 5783
321 221,11 0,42 0,45 5,00 2.654,00 5783
322 221,11 0,42 0,45 5,00 2.662,00 5783
323 221,11 0,42 0,45 5,00 2.670,00 5783
324 221,11 0,42 0,45 5,00 2.678,00 5783
325 221,11 0,42 0,45 5,00 2.686,00 5783
326 221,11 0,42 0,45 5,00 2.694,00 5783
327 221,11 0,42 0,45 5,00 2.702,00 5783
328 221,11 0,42 0,45 5,00 2.710,00 5783
329 221,11 0,41 0,44 5,00 2.718,00 5783
330 221,11 0,41 0,44 97,00 2.726,00 5783
331 221,11 0,41 0,44 97,00 2.734,00 5809
332 221,11 0,41 0,44 97,00 2.742,00 5815
333 221,11 0,41 0,44 97,00 2.750,00 5818
334 221,11 0,41 0,44 97,00 2.758,00 5819
335 221,11 0,41 0,44 97,00 2.766,00 5820
336 221,11 0,41 0,44 97,00 2.774,00 5820
337 221,11 0,41 0,44 97,00 2.782,00 5820
338 221,11 0,41 0,44 97,00 2.790,00 5820
339 221,11 0,41 0,44 97,00 2.798,00 5820
340 221,11 7,64 8,28 97,00 2.806,00 5820
341 221,11 7,64 8,28 97,00 2.814,00 5820
342 221,11 7,64 8,28 97,00 2.822,00 5820
343 221,11 7,64 8,28 97,00 2.830,00 5820
344 221,11 7,64 8,28 97,00 2.838,00 5820
345 221,11 7,64 8,28 97,00 2.846,00 5820
346 221,11 7,51 8,14 97,00 2.854,00 5820
347 221,11 7,51 8,14 97,00 2.862,00 5820
348 221,11 7,51 8,14 97,00 2.870,00 5820
349 221,11 7,51 8,14 97,00 2.878,00 5820
350 221,11 7,51 8,14 97,00 2.886,00 5820
351 221,11 7,51 8,14 97,00 2.894,00 5820
352 221,11 7,51 8,14 97,00 2.902,00 5820
353 221,11 7,51 8,14 97,00 2.910,00 5820
354 221,11 7,35 7,96 97,00 2.918,00 5820
355 221,11 7,35 7,96 97,00 2.926,00 5820
356 221,11 7,35 7,96 97,00 2.934,00 5820
357 221,11 7,35 7,96 97,00 2.942,00 5820
358 221,11 7,35 7,96 97,00 2.950,00 5820
359 221,11 7,35 7,96 97,00 2.958,00 5820
360 221,11 7,35 7,96 5,00 2.966,00 5820
361 221,11 7,35 7,96 5,00 2.974,00 5827
362 221,11 7,35 7,96 5,00 2.982,00 5827
363 221,11 7,35 7,96 5,00 2.990,00 5827
364 221,11 0,37 0,40 5,00 2.998,00 5827
365 221,11 0,37 0,40 5,00 3.006,00 5827
366 221,11 0,37 0,40 5,00 3.014,00 5827
367 221,11 0,37 0,40 5,00 3.022,00 5827
368 221,11 0,37 0,40 5,00 3.030,00 5827
369 221,11 0,37 0,40 5,00 3.038,00 5827
370 221,11 0,37 0,40 5,00 3.046,00 5827
371 221,11 0,37 0,40 5,00 3.054,00 5827
372 221,11 0,37 0,40 5,00 3.062,00 5827
373 221,11 0,37 0,40 5,00 3.070,00 5827
374 221,11 0,37 0,40 5,00 3.078,00 5827
375 221,11 0,37 0,40 5,00 3.086,00 5827
376 221,11 0,37 0,40 5,00 3.094,00 5827
377 221,11 0,37 0,40 5,00 3.102,00 5827
378 221,11 0,37 0,40 5,00 3.110,00 5827
379 221,11 0,37 0,40 5,00 3.118,00 5827
380 221,11 0,37 0,40 5,00 3.126,00 5827
381 221,11 0,37 0,40 5,00 3.134,00 5827
382 221,11 0,37 0,40 5,00 3.142,00 5827
383 221,11 0,37 0,40 5,00 3.150,00 5833
384 221,11 0,37 0,40 5,00 3.158,00 5833
385 221,11 0,35 0,38 5,00 3.166,00 5833
386 221,11 0,35 0,38 5,00 3.174,00 5833
387 221,11 0,35 0,38 5,00 3.182,00 5833
388 221,11 0,35 0,38 5,00 3.190,00 5833
389 221,11 0,35 0,38 5,00 3.198,00 5833
390 221,11 0,35 0,38 99,00 3.206,00 5833
391 221,11 6,81 7,38 99,00 3.214,00 5854
392 221,11 6,81 7,38 99,00 3.222,00 5858
393 221,11 6,81 7,38 99,00 3.230,00 5861
394 221,11 6,81 7,38 99,00 3.238,00 5861
395 221,11 6,81 7,38 99,00 3.246,00 5861
396 221,11 6,81 7,38 99,00 3.254,00 5861
397 221,11 6,81 7,38 99,00 3.262,00 5861
398 221,11 6,81 7,38 99,00 3.270,00 5861
399 221,11 6,81 7,38 99,00 3.278,00 5861
400 221,11 6,81 7,38 99,00 3.286,00 5861
401 221,11 6,81 7,38 99,00 3.294,00 5865
402 221,11 6,81 7,38 99,00 3.302,00 5866
403 221,11 6,81 7,38 99,00 3.310,00 5866
404 221,11 6,60 7,15 99,00 3.318,00 5866
405 221,11 6,60 7,15 99,00 3.326,00 5866
406 221,11 6,60 7,15 99,00 3.334,00 5866
407 221,11 6,60 7,15 99,00 3.342,00 5866
408 221,11 6,60 7,15 99,00 3.350,00 5866
409 221,11 6,60 7,15 99,00 3.358,00 5866
410 221,11 6,60 7,15 99,00 3.366,00 5866
411 221,11 6,60 7,15 99,00 3.374,00 5866
412 221,11 6,60 7,15 99,00 3.382,00 5866
413 221,11 6,60 7,15 99,00 3.390,00 5866
414 221,11 6,60 7,15 99,00 3.398,00 5866
415 221,11 6,60 7,15 99,00 3.406,00 5866
416 221,11 6,60 7,15 99,00 3.414,00 5866
417 221,11 6,60 7,15 99,00 3.422,00 5866
418 221,11 6,60 7,15 99,00 3.430,00 5866
419 221,11 6,60 7,15 99,00 3.438,00 5866
420 221,11 6,60 7,15 5,00 3.446,00 5866
421 221,11 6,60 7,15 5,00 3.454,00 5875
422 221,11 6,60 7,15 5,00 3.462,00 5878
423 221,11 6,60 7,15 5,00 3.470,00 5879
424 221,11 6,60 7,15 5,00 3.478,00 5879
425 221,11 6,60 7,15 5,00 3.486,00 5879
426 221,11 6,60 7,15 5,00 3.494,00 5879
427 221,11 6,60 7,15 5,00 3.502,00 5879
428 221,11 0,31 0,34 5,00 3.510,00 5880
429 221,11 0,31 0,34 5,00 3.518,00 5880
430 221,11 0,31 0,34 5,00 3.526,00 5880
431 221,11 0,31 0,34 5,00 3.534,00 5880
432 221,11 0,31 0,34 5,00 3.542,00 5880
433 221,11 0,31 0,34 5,00 3.550,00 5880
434 221,11 0,31 0,34 5,00 3.558,00 5880
435 221,11 0,31 0,34 5,00 3.566,00 5880
436 221,11 0,31 0,34 5,00 3.574,00 5880
437 221,11 0,31 0,34 5,00 3.582,00 5880
438 221,11 0,31 0,34 5,00 3.590,00 5880
439 221,11 0,31 0,34 5,00 3.598,00 5880
440 221,11 0,31 0,34 5,00 3.606,00 5880
441 221,11 0,31 0,33 5,00 3.614,00 5880
442 221,11 0,31 0,33 5,00 3.622,00 5880
443 221,11 0,31 0,33 5,00 3.630,00 5880
444 221,11 0,31 0,33 5,00 3.638,00 5880
445 221,11 0,30 0,33 5,00 3.646,00 5880
446 221,11 0,30 0,33 5,00 3.654,00 5880
447 221,11 0,30 0,33 5,00 3.662,00 5880
448 221,11 0,30 0,33 5,00 3.670,00 5880
449 221,11 0,30 0,33 5,00 3.678,00 5880
450 221,11 0,30 0,33 99,00 3.686,00 5880
451 221,11 0,30 0,33 99,00 3.694,00 5901
452 221,11 0,30 0,33 99,00 3.702,00 5908
453 221,11 0,30 0,33 99,00 3.710,00 5908
454 221,11 0,30 0,33 99,00 3.718,00 5908
455 221,11 0,30 0,33 99,00 3.726,00 5908
456 221,11 0,30 0,33 99,00 3.734,00 5909
457 221,11 0,30 0,33 99,00 3.742,00 5909
458 221,11 0,30 0,33 99,00 3.750,00 5909
459 221,11 0,30 0,33 99,00 3.758,00 5909
460 221,11 0,30 0,33 99,00 3.766,00 5909
461 221,11 0,30 0,33 99,00 3.774,00 5909
462 221,11 0,30 0,33 99,00 3.782,00 5909
463 221,11 0,30 0,33 99,00 3.790,00 5909
464 221,11 0,30 0,33 99,00 3.798,00 5909
465 221,11 0,30 0,33 99,00 3.806,00 5909
466 221,11 0,30 0,33 99,00 3.814,00 5909
467 221,11 0,30 0,33 99,00 3.822,00 5909
468 221,11 0,30 0,33 99,00 3.830,00 5909
469 221,11 0,30 0,33 99,00 3.838,00 5909
470 221,11 0,30 0,33 99,00 3.846,00 5909
471 221,11 0,30 0,33 99,00 3.854,00 5909
472 221,11 0,30 0,33 99,00 3.862,00 5909
473 221,11 0,30 0,33 99,00 3.870,00 5909
474 221,11 5,64 6,11 99,00 3.878,00 5909
475 221,11 5,64 6,11 99,00 3.886,00 5909
476 221,11 5,64 6,11 99,00 3.894,00 5909
477 221,11 5,64 6,11 99,00 3.902,00 5909
478 221,11 5,64 6,11 99,00 3.910,00 5909
479 221,11 5,64 6,11 99,00 3.918,00 5909
480 221,11 5,64 6,11 5,00 3.926,00 5909
481 221,11 5,64 6,11 5,00 3.934,00 5915
482 221,11 5,64 6,11 5,00 3.942,00 5916
483 221,11 5,64 6,11 5,00 3.950,00 5916
484 221,11 0,28 0,30 5,00 3.958,00 5916
485 221,11 0,28 0,30 5,00 3.966,00 5916
486 221,11 0,28 0,30 5,00 3.974,00 5916
487 221,11 0,28 0,30 5,00 3.982,00 5916
488 221,11 0,28 0,30 5,00 3.990,00 5916
489 221,11 0,28 0,30 5,00 3.998,00 5916
490 221,11 0,28 0,30 5,00 4.006,00 5916
491 221,11 0,28 0,30 5,00 4.014,00 5916
492 221,11 0,28 0,30 5,00 4.022,00 5916
493 221,11 0,28 0,30 5,00 4.030,00 5916
494 221,11 0,28 0,30 5,00 4.038,00 5916
495 221,11 0,28 0,30 5,00 4.046,00 5916
496 221,11 0,28 0,30 5,00 4.054,00 5916
497 221,11 0,28 0,30 5,00 4.062,00 5916
498 221,11 0,28 0,30 5,00 4.070,00 5916
499 221,11 0,28 0,30 5,00 4.078,00 5916
500 221,11 0,27 0,29 5,00 4.086,00 5916
501 221,11 0,27 0,29 5,00 4.094,00 5916
502 221,11 0,27 0,29 5,00 4.102,00 5916
503 221,11 0,27 0,29 5,00 4.110,00 5916
504 221,11 0,27 0,29 5,00 4.118,00 5916
505 221,11 0,27 0,29 5,00 4.126,00 5919
506 221,11 0,27 0,29 5,00 4.134,00 5919
507 221,11 0,27 0,29 5,00 4.142,00 5919
508 221,11 0,27 0,29 5,00 4.150,00 5919
509 221,11 0,27 0,29 5,00 4.158,00 5919
510 221,11 0,27 0,29 97,00 4.166,00 5919
511 221,11 0,27 0,29 97,00 4.174,00 5935
512 221,11 0,27 0,29 97,00 4.182,00 5937
513 221,11 0,27 0,29 97,00 4.190,00 5938
514 221,11 0,27 0,29 97,00 4.198,00 5938
515 221,11 0,27 0,29 97,00 4.206,00 5938
516 221,11 0,27 0,29 97,00 4.214,00 5938
517 221,11 0,27 0,29 97,00 4.222,00 5938
518 221,11 0,27 0,29 97,00 4.230,00 5938
519 221,11 0,27 0,29 97,00 4.238,00 5938
520 221,11 0,27 0,29 97,00 4.246,00 5938
521 221,11 0,27 0,29 97,00 4.254,00 5938
522 221,11 0,27 0,29 97,00 4.262,00 5938
523 221,11 0,27 0,29 97,00 4.270,00 5938
524 221,11 0,27 0,29 97,00 4.278,00 5938
525 221,11 0,27 0,29 97,00 4.286,00 5938
526 221,11 0,27 0,29 97,00 4.294,00 5938
527 221,11 0,27 0,29 97,00 4.302,00 5938
528 221,11 0,27 0,29 97,00 4.310,00 5938
529 221,11 0,27 0,29 97,00 4.318,00 5938
530 221,11 0,27 0,29 97,00 4.326,00 5938
531 221,11 0,27 0,29 97,00 4.334,00 5938
532 221,11 0,27 0,29 97,00 4.342,00 5938
533 221,11 0,27 0,29 97,00 4.350,00 5938
534 221,11 0,27 0,29 97,00 4.358,00 5938
535 221,11 0,27 0,29 97,00 4.366,00 5938
536 221,11 0,27 0,29 97,00 4.374,00 5938
537 221,11 0,27 0,29 97,00 4.382,00 5938
538 221,11 0,27 0,29 97,00 4.390,00 5938
539 221,11 4,88 5,28 97,00 4.398,00 5938
540 221,11 4,88 5,28 9,00 4.406,00 5938
541 221,11 4,88 5,28 9,00 4.414,00 5942
542 221,11 4,88 5,28 9,00 4.422,00 5944
543 221,11 4,88 5,28 9,00 4.430,00 5946
544 221,11 4,88 5,28 9,00 4.438,00 5947
545 221,11 0,45 0,48 9,00 4.446,00 5958
546 221,11 0,45 0,48 9,00 4.454,00 5965
547 221,11 0,45 0,48 9,00 4.462,00 5965
548 221,11 0,45 0,48 9,00 4.470,00 5965
549 221,11 0,45 0,48 9,00 4.478,00 5965
550 221,11 0,45 0,48 9,00 4.486,00 5965
551 221,11 0,45 0,48 9,00 4.494,00 5965
552 221,11 0,45 0,48 9,00 4.502,00 5965
553 221,11 0,45 0,48 9,00 4.510,00 5965
554 221,11 0,45 0,48 9,00 4.518,00 5965
555 221,11 0,45 0,48 9,00 4.526,00 5965
556 221,11 0,45 0,48 9,00 4.534,00 5965
557 221,11 0,45 0,48 9,00 4.542,00 5965
558 221,11 0,45 0,48 9,00 4.550,00 5965
559 221,11 0,45 0,48 9,00 4.558,00 5969
560 221,11 0,45 0,48 9,00 4.566,00 5969
561 221,11 0,45 0,48 9,00 4.574,00 5969
562 221,11 0,45 0,48 9,00 4.582,00 5969
563 221,11 0,45 0,48 9,00 4.590,00 5969
564 221,11 0,45 0,48 9,00 4.598,00 5969
565 221,11 0,45 0,48 9,00 4.606,00 5969
566 221,11 0,45 0,48 9,00 4.614,00 5969
567 221,11 0,45 0,48 9,00 4.622,00 5969
568 221,11 0,45 0,48 9,00 4.630,00 5969
569 221,11 0,45 0,48 9,00 4.638,00 5969
570 221,11 0,45 0,48 90,00 4.646,00 5969
571 221,11 0,45 0,48 90,00 4.654,00 5988
572 221,11 0,45 0,48 90,00 4.662,00 5994
573 221,11 0,45 0,48 90,00 4.670,00 5999
574 221,11 4,25 4,61 90,00 4.678,00 6004
575 221,11 4,25 4,61 90,00 4.686,00 6007
576 221,11 4,25 4,61 90,00 4.694,00 6009
577 221,11 4,25 4,61 90,00 4.702,00 6010
578 221,11 4,25 4,61 90,00 4.710,00 6010
579 221,11 4,25 4,61 90,00 4.718,00 6010
580 221,11 4,25 4,61 90,00 4.726,00 6010
581 221,11 4,25 4,61 90,00 4.734,00 6010
582 221,11 4,25 4,61 90,00 4.742,00 6010
583 221,11 4,25 4,61 90,00 4.750,00 6010
584 221,11 4,25 4,61 90,00 4.758,00 6010
585 221,11 4,25 4,61 90,00 4.766,00 6010
586 221,11 4,25 4,61 90,00 4.774,00 6010
587 221,11 4,25 4,61 90,00 4.782,00 6010
588 221,11 4,25 4,61 90,00 4.790,00 6010
589 221,11 4,25 4,61 90,00 4.798,00 6010
590 221,11 4,25 4,61 90,00 4.806,00 6010
591 221,11 4,25 4,61 90,00 4.814,00 6010
592 221,11 4,25 4,61 90,00 4.822,00 6010
593 221,11 4,25 4,61 90,00 4.830,00 6010
594 221,11 4,25 4,61 90,00 4.838,00 6010
595 221,11 4,25 4,61 90,00 4.846,00 6010
596 221,11 4,25 4,61 90,00 4.854,00 6010
597 221,11 4,25 4,61 90,00 4.862,00 6010
598 221,11 4,09 4,43 90,00 4.870,00 6010
599 221,11 4,09 4,43 90,00 4.878,00 6010
600 221,11 4,09 4,43 1,00 4.886,00 6010
601 221,11 4,09 4,43 1,00 4.894,00 6019
602 221,11 0,05 0,05 1,00 4.902,00 6021
603 221,11 0,05 0,05 1,00 4.910,00 6022
604 221,11 0,05 0,05 1,00 4.918,00 6022
605 221,11 0,05 0,05 1,00 4.926,00 6022
606 221,11 0,05 0,05 1,00 4.934,00 6022
607 221,11 0,05 0,05 1,00 4.942,00 6022
608 221,11 0,05 0,05 1,00 4.950,00 6023
609 221,11 0,05 0,05 1,00 4.958,00 6023
610 221,11 0,05 0,05 1,00 4.966,00 6023
611 221,11 0,05 0,05 1,00 4.974,00 6023
612 221,11 0,05 0,05 1,00 4.982,00 6023
613 221,11 0,04 0,05 1,00 4.990,00 6023
614 221,11 0,04 0,05 1,00 4.998,00 6023
615 221,11 0,04 0,05 1,00 5.006,00 6023
616 221,11 0,04 0,05 1,00 5.014,00 6023
617 221,11 0,04 0,05 1,00 5.022,00 6023
618 221,11 0,04 0,05 1,00 5.030,00 6023
619 221,11 0,04 0,05 1,00 5.038,00 6023
620 221,11 0,04 0,05 1,00 5.046,00 6023
621 221,11 0,04 0,05 1,00 5.054,00 6023
622 221,11 0,04 0,05 1,00 5.062,00 6023
623 221,11 0,04 0,05 1,00 5.070,00 6023
624 221,11 0,04 0,05 1,00 5.078,00 6023
625 221,11 0,04 0,05 1,00 5.086,00 6023
626 221,11 0,04 0,05 1,00 5.094,00 6023
627 221,11 0,04 0,05 1,00 5.102,00 6023
628 221,11 0,04 0,05 1,00 5.110,00 6023
629 221,11 0,04 0,05 1,00 5.118,00 6023
630 221,11 0,04 0,05 99,00 5.126,00 6023
631 221,11 0,04 0,05 99,00 5.134,00 6039
632 221,11 4,26 4,62 99,00 5.141,00 6043
633 221,11 4,26 4,62 99,00 5.149,00 6043
634 221,11 4,26 4,62 99,00 5.157,00 6043
635 221,11 4,26 4,62 99,00 5.165,00 6043
636 221,11 4,23 4,58 99,00 5.173,00 6043
637 221,11 4,23 4,58 99,00 5.181,00 6043
638 221,11 4,23 4,58 99,00 5.189,00 6043
639 221,11 4,23 4,58 99,00 5.197,00 6043
640 221,11 4,23 4,58 99,00 5.205,00 6043
641 221,11 4,23 4,58 99,00 5.213,00 6043
642 221,11 4,23 4,58 99,00 5.221,00 6043
643 221,11 4,23 4,58 99,00 5.229,00 6043
644 221,11 4,23 4,58 99,00 5.237,00 6043
645 221,11 4,17 4,52 99,00 5.245,00 6043
646 221,11 4,17 4,52 99,00 5.253,00 6043
647 221,11 4,17 4,52 99,00 5.261,00 6043
648 221,11 4,17 4,52 99,00 5.269,00 6043
649 221,11 4,17 4,52 99,00 5.277,00 6043
650 221,11 4,17 4,52 99,00 5.285,00 6043
651 221,11 4,17 4,52 99,00 5.293,00 6043
652 221,11 4,17 4,52 99,00 5.301,00 6043
653 221,11 4,17 4,52 99,00 5.309,00 6043
654 221,11 4,17 4,52 99,00 5.317,00 6043
655 221,11 4,17 4,52 99,00 5.325,00 6043
656 221,11 4,17 4,52 99,00 5.333,00 6043
657 221,11 4,17 4,52 99,00 5.341,00 6043
658 221,11 4,17 4,52 99,00 5.349,00 6043
659 221,11 4,17 4,52 99,00 5.357,00 6043
660 221,11 4,08 4,42 5,00 5.365,00 6043
661 221,11 4,08 4,42 5,00 5.373,00 6047
662 221,11 4,08 4,42 5,00 5.381,00 6047
663 221,11 4,08 4,42 5,00 5.389,00 6047
664 221,11 0,20 0,22 5,00 5.397,00 6047
665 221,11 0,20 0,22 5,00 5.405,00 6047
666 221,11 0,20 0,22 5,00 5.413,00 6047
667 221,11 0,20 0,22 5,00 5.421,00 6047
668 221,11 0,20 0,22 5,00 5.429,00 6048
669 221,11 0,20 0,22 5,00 5.437,00 6048
670 221,11 0,20 0,22 5,00 5.445,00 6048
671 221,11 0,20 0,22 5,00 5.453,00 6048
672 221,11 0,20 0,22 5,00 5.461,00 6048
673 221,11 0,20 0,22 5,00 5.469,00 6048
674 221,11 0,20 0,22 5,00 5.477,00 6048
675 221,11 0,20 0,22 5,00 5.485,00 6048
676 221,11 0,20 0,22 5,00 5.493,00 6048
677 221,11 0,20 0,22 5,00 5.501,00 6048
678 221,11 0,20 0,22 5,00 5.509,00 6048
679 221,11 0,20 0,22 5,00 5.517,00 6048
680 221,11 0,20 0,22 5,00 5.525,00 6048
681 221,11 0,20 0,22 5,00 5.533,00 6048
682 221,11 0,20 0,22 5,00 5.541,00 6048
683 221,11 0,20 0,22 5,00 5.549,00 6048
684 221,11 0,20 0,22 5,00 5.557,00 6048
685 221,11 0,20 0,22 5,00 5.565,00 6048
686 221,11 0,20 0,22 5,00 5.573,00 6048
687 221,11 0,20 0,22 5,00 5.581,00 6048
688 221,11 0,20 0,22 5,00 5.589,00 6048
689 221,11 0,20 0,22 5,00 5.597,00 6048
690 221,11 0,20 0,22 103,00 5.605,00 6048
691 221,11 0,20 0,22 103,00 5.613,00 6060
692 221,11 0,20 0,22 103,00 5.621,00 6063
693 221,11 0,20 0,22 103,00 5.629,00 6066
694 221,11 0,20 0,22 103,00 5.637,00 6067
695 221,11 4,03 4,37 103,00 5.645,00 6068
696 221,11 4,03 4,37 103,00 5.653,00 6070
697 221,11 4,02 4,36 103,00 5.661,00 6070
698 221,11 4,02 4,36 103,00 5.669,00 6070
699 221,11 4,01 4,35 103,00 5.677,00 6070
700 221,11 4,01 4,35 103,00 5.685,00 6070
701 221,11 4,00 4,33 103,00 5.693,00 6070
702 221,11 4,00 4,33 103,00 5.701,00 6070
703 221,11 4,00 4,33 103,00 5.709,00 6070
704 221,11 4,00 4,33 103,00 5.717,00 6070
705 221,11 4,00 4,33 103,00 5.725,00 6070
706 221,11 4,00 4,33 103,00 5.733,00 6070
707 221,11 4,00 4,33 103,00 5.741,00 6070
708 221,11 4,00 4,33 103,00 5.749,00 6070
709 221,11 3,96 4,28 103,00 5.757,00 6070
710 221,11 3,96 4,28 103,00 5.765,00 6070
711 221,11 3,96 4,28 103,00 5.773,00 6070
712 221,11 3,96 4,28 103,00 5.781,00 6070
713 221,11 3,96 4,28 103,00 5.789,00 6070
714 221,11 3,96 4,28 103,00 5.797,00 6070
715 221,11 3,96 4,28 103,00 5.805,00 6070
716 221,11 3,96 4,28 103,00 5.813,00 6070
717 221,11 3,96 4,28 103,00 5.821,00 6070
718 221,11 3,96 4,28 103,00 5.829,00 6070
719 221,11 3,96 4,28 103,00 5.837,00 6070
720 221,11 3,96 4,28 13,00 5.845,00 6070
721 221,11 3,96 4,28 13,00 5.853,00 6073
722 221,11 3,96 4,28 13,00 5.861,00 6073
723 221,11 3,96 4,28 13,00 5.869,00 6073
724 221,11 3,96 4,28 13,00 5.877,00 6073
725 221,11 3,96 4,28 13,00 5.885,00 6073
726 221,11 3,96 4,28 13,00 5.893,00 6073
727 221,11 3,96 4,28 13,00 5.901,00 6073
728 221,11 0,49 0,53 13,00 5.909,00 6073
729 221,11 0,49 0,53 13,00 5.917,00 6073
730 221,11 0,49 0,53 13,00 5.925,00 6073
731 221,11 0,48 0,52 13,00 5.933,00 6073
732 221,11 0,48 0,52 13,00 5.941,00 6073
733 221,11 0,48 0,52 13,00 5.949,00 6073
734 221,11 0,48 0,52 13,00 5.957,00 6073
735 221,11 0,48 0,52 13,00 5.965,00 6073
736 221,11 0,48 0,52 13,00 5.973,00 6073
737 221,11 0,48 0,52 13,00 5.981,00 6073
738 221,11 0,48 0,52 13,00 5.989,00 6073
739 221,11 0,48 0,52 13,00 5.997,00 6073
740 221,11 0,48 0,52 13,00 6.005,00 6073
741 221,11 0,48 0,52 13,00 6.013,00 6073
742 221,11 0,48 0,52 13,00 6.021,00 6073
743 221,11 0,48 0,52 13,00 6.029,00 6073
744 221,11 0,48 0,52 13,00 6.037,00 6073
745 221,11 0,48 0,52 13,00 6.045,00 6073
746 221,11 0,48 0,52 13,00 6.053,00 6073
747 221,11 0,48 0,52 13,00 6.061,00 6073
748 221,11 0,48 0,52 13,00 6.069,00 6073
749 221,11 0,47 0,51 13,00 6.077,00 6073
750 221,11 0,47 0,51 93,00 6.085,00 6073
751 221,11 0,47 0,51 93,00 6.093,00 6081
752 221,11 0,47 0,51 93,00 6.101,00 6085
753 221,11 0,47 0,51 93,00 6.109,00 6085
754 221,11 0,47 0,51 93,00 6.117,00 6085
755 221,11 0,47 0,51 93,00 6.125,00 6085
756 221,11 0,47 0,51 93,00 6.133,00 6085
757 221,11 0,47 0,51 93,00 6.141,00 6085
758 221,11 0,47 0,51 93,00 6.149,00 6091
759 221,11 0,47 0,51 93,00 6.157,00 6094
760 221,11 0,47 0,51 93,00 6.165,00 6096
761 221,11 0,47 0,51 93,00 6.173,00 6097
762 221,11 0,47 0,51 93,00 6.181,00 6098
763 221,11 0,47 0,51 93,00 6.189,00 6098
764 221,11 0,47 0,51 93,00 6.197,00 6098
765 221,11 3,31 3,59 93,00 6.205,00 6098
766 221,11 3,31 3,58 93,00 6.213,00 6098
767 221,11 3,31 3,58 93,00 6.221,00 6098
768 221,11 3,31 3,58 93,00 6.229,00 6098
769 221,11 3,31 3,58 93,00 6.237,00 6098
770 221,11 3,31 3,58 93,00 6.245,00 6098
771 221,11 3,31 3,58 93,00 6.253,00 6098
772 221,11 3,28 3,56 93,00 6.261,00 6098
773 221,11 3,28 3,56 93,00 6.269,00 6098
774 221,11 3,28 3,56 93,00 6.277,00 6098
775 221,11 3,28 3,56 93,00 6.285,00 6098
776 221,11 3,28 3,56 93,00 6.293,00 6098
777 221,11 3,28 3,56 93,00 6.301,00 6098
778 221,11 3,28 3,56 93,00 6.309,00 6098
779 221,11 3,28 3,56 93,00 6.317,00 6098
780 221,11 3,28 3,56 3,00 6.325,00 6098
781 221,11 3,28 3,56 3,00 6.333,00 6102
782 221,11 0,10 0,11 3,00 6.341,00 6107
783 221,11 0,10 0,11 3,00 6.349,00 6110
784 221,11 0,10 0,11 3,00 6.357,00 6111
785 221,11 0,10 0,11 3,00 6.365,00 6111
786 221,11 0,10 0,11 3,00 6.373,00 6111
787 221,11 0,10 0,11 3,00 6.381,00 6111
788 221,11 0,10 0,11 3,00 6.389,00 6111
789 221,11 0,10 0,11 3,00 6.397,00 6111
790 221,11 0,10 0,11 3,00 6.405,00 6111
791 221,11 0,10 0,11 3,00 6.413,00 6111
792 221,11 0,10 0,11 3,00 6.421,00 6111
793 221,11 0,10 0,11 3,00 6.429,00 6111
794 221,11 0,10 0,11 3,00 6.437,00 6111
795 221,11 0,10 0,11 3,00 6.445,00 6111
796 221,11 0,10 0,11 3,00 6.453,00 6111
797 221,11 0,10 0,11 3,00 6.461,00 6111
798 221,11 0,10 0,11 3,00 6.469,00 6111
799 221,11 0,10 0,11 3,00 6.477,00 6111
800 221,11 0,10 0,11 3,00 6.485,00 6111
801 221,11 0,10 0,11 3,00 6.493,00 6111
802 221,11 0,10 0,11 3,00 6.501,00 6111
803 221,11 0,10 0,11 3,00 6.509,00 6111
804 221,11 0,10 0,11 3,00 6.517,00 6111
805 221,11 0,10 0,11 3,00 6.525,00 6111
806 221,11 0,10 0,11 3,00 6.533,00 6111
807 221,11 0,10 0,11 3,00 6.541,00 6111
808 221,11 0,10 0,11 3,00 6.549,00 6111
809 221,11 0,10 0,11 3,00 6.557,00 6111
810 221,11 0,10 0,11 101,00 6.565,00 6111
811 221,11 0,10 0,11 101,00 6.573,00 6120
812 221,11 0,10 0,11 101,00 6.581,00 6122
813 221,11 0,10 0,11 101,00 6.589,00 6123
814 221,11 0,10 0,11 101,00 6.597,00 6123
815 221,11 0,10 0,11 101,00 6.605,00 6123
816 221,11 0,10 0,11 101,00 6.613,00 6123
817 221,11 3,37 3,65 101,00 6.621,00 6123
818 221,11 3,37 3,65 101,00 6.629,00 6123
819 221,11 3,37 3,65 101,00 6.637,00 6123
820 221,11 3,37 3,65 101,00 6.645,00 6123
821 221,11 3,37 3,65 101,00 6.653,00 6123
822 221,11 3,37 3,65 101,00 6.661,00 6123
823 221,11 3,37 3,65 101,00 6.669,00 6123
824 221,11 3,37 3,65 101,00 6.677,00 6123
825 221,11 3,37 3,65 101,00 6.685,00 6123
826 221,11 3,37 3,65 101,00 6.693,00 6123
827 221,11 3,37 3,65 101,00 6.701,00 6123
828 221,11 3,37 3,65 101,00 6.709,00 6123
829 221,11 3,37 3,65 101,00 6.717,00 6123
830 221,11 3,37 3,65 101,00 6.725,00 6123
831 221,11 3,37 3,65 101,00 6.733,00 6123
832 221,11 3,37 3,65 101,00 6.741,00 6123
833 221,11 3,37 3,65 101,00 6.749,00 6123
834 221,11 3,37 3,65 101,00 6.757,00 6123
835 221,11 3,37 3,65 101,00 6.765,00 6123
836 221,11 3,37 3,65 101,00 6.773,00 6123
837 221,11 3,37 3,65 101,00 6.781,00 6123
838 221,11 3,37 3,65 101,00 6.789,00 6123
839 221,11 3,37 3,65 101,00 6.797,00 6123
840 221,11 3,37 3,65 5,00 6.805,00 6123
841 221,11 3,37 3,65 5,00 6.813,00 6130
842 221,11 3,37 3,65 5,00 6.821,00 6130
843 221,11 3,37 3,65 5,00 6.829,00 6130
844 221,11 3,37 3,65 5,00 6.837,00 6130
845 221,11 3,37 3,65 5,00 6.845,00 6130
846 221,11 3,37 3,65 5,00 6.853,00 6130
847 221,11 3,37 3,65 5,00 6.861,00 6130
848 221,11 3,37 3,65 5,00 6.869,00 6130
849 221,11 3,37 3,65 5,00 6.877,00 6130
850 221,11 0,16 0,17 5,00 6.885,00 6130
851 221,11 0,16 0,17 5,00 6.893,00 6130
852 221,11 0,16 0,17 5,00 6.901,00 6130
853 221,11 0,16 0,17 5,00 6.909,00 6130
854 221,11 0,16 0,17 5,00 6.917,00 6130
855 221,11 0,16 0,17 5,00 6.925,00 6130
856 221,11 0,16 0,17 5,00 6.933,00 6130
857 221,11 0,16 0,17 5,00 6.941,00 6130
858 221,11 0,16 0,17 5,00 6.949,00 6130
859 221,11 0,16 0,17 5,00 6.957,00 6130
860 221,11 0,16 0,17 5,00 6.965,00 6130
861 221,11 0,16 0,17 5,00 6.973,00 6130
862 221,11 0,16 0,17 5,00 6.981,00 6130
863 221,11 0,16 0,17 5,00 6.989,00 6130
864 221,11 0,16 0,17 5,00 6.997,00 6130
865 221,11 0,16 0,17 5,00 7.005,00 6130
866 221,11 0,16 0,17 5,00 7.013,00 6130
867 221,11 0,16 0,17 5,00 7.021,00 6130
868 221,11 0,16 0,17 5,00 7.029,00 6130
869 221,11 0,16 0,17 5,00 7.037,00 6130
870 221,11 0,16 0,17 103,00 7.045,00 6130
871 221,11 0,16 0,17 103,00 7.053,00 6139
872 221,11 3,23 3,49 103,00 7.061,00 6142
873 221,11 3,23 3,49 103,00 7.069,00 6144
874 221,11 3,22 3,49 103,00 7.077,00 6144
875 221,11 3,22 3,49 103,00 7.085,00 6152
876 221,11 3,22 3,49 103,00 7.093,00 6155
877 221,11 3,22 3,49 103,00 7.101,00 6156
878 221,11 3,22 3,49 103,00 7.109,00 6156
879 221,11 3,22 3,49 103,00 7.117,00 6156
880 221,11 3,20 3,46 103,00 7.125,00 6156
881 221,11 3,20 3,46 103,00 7.133,00 6156
882 221,11 3,20 3,46 103,00 7.141,00 6156
883 221,11 3,20 3,46 103,00 7.149,00 6156
884 221,11 3,20 3,46 103,00 7.157,00 6156
885 221,11 3,20 3,46 103,00 7.165,00 6156
886 221,11 3,20 3,46 103,00 7.173,00 6156
887 221,11 3,20 3,46 103,00 7.181,00 6156
888 221,11 3,20 3,46 103,00 7.189,00 6156
889 221,11 3,20 3,46 103,00 7.197,00 6156
890 221,11 3,20 3,46 103,00 7.205,00 6156
891 221,11 3,20 3,46 103,00 7.213,00 6156
892 221,11 3,20 3,46 103,00 7.221,00 6156
893 221,11 3,20 3,46 103,00 7.229,00 6156
894 221,11 3,20 3,46 103,00 7.237,00 6156
895 221,11 3,20 3,46 103,00 7.245,00 6156
896 221,11 3,20 3,46 103,00 7.253,00 6156
897 221,11 3,20 3,46 103,00 7.261,00 6156
898 221,11 3,20 3,46 103,00 7.269,00 6156
899 221,11 3,20 3,46 103,00 7.277,00 6156
900 221,11 3,20 3,46 13,00 7.285,00 6156
901 221,11 3,20 3,46 13,00 7.293,00 6161
902 221,11 3,20 3,46 13,00 7.301,00 6162
903 221,11 3,20 3,46 13,00 7.309,00 6163
904 221,11 0,39 0,43 13,00 7.317,00 6163
905 221,11 0,39 0,43 13,00 7.325,00 6164
906 221,11 0,39 0,42 13,00 7.333,00 6165
907 221,11 0,39 0,42 13,00 7.341,00 6165
908 221,11 0,39 0,42 13,00 7.349,00 6165
909 221,11 0,39 0,42 13,00 7.357,00 6165
910 221,11 0,39 0,42 13,00 7.365,00 6165
911 221,11 0,39 0,42 13,00 7.373,00 6165
912 221,11 0,39 0,42 13,00 7.381,00 6165
913 221,11 0,39 0,42 13,00 7.389,00 6165
914 221,11 0,39 0,42 13,00 7.397,00 6165
915 221,11 0,39 0,42 13,00 7.405,00 6165
916 221,11 0,39 0,42 13,00 7.413,00 6165
917 221,11 0,39 0,42 13,00 7.421,00 6165
918 221,11 0,39 0,42 13,00 7.429,00 6165
919 221,11 0,39 0,42 13,00 7.437,00 6165
920 221,11 0,39 0,42 13,00 7.445,00 6165
921 221,11 0,39 0,42 13,00 7.453,00 6165
922 221,11 0,39 0,42 13,00 7.461,00 6165
923 221,11 0,39 0,42 13,00 7.469,00 6165
924 221,11 0,39 0,42 13,00 7.477,00 6165
925 221,11 0,39 0,42 13,00 7.485,00 6165
926 221,11 0,39 0,42 13,00 7.493,00 6165
927 221,11 0,39 0,42 13,00 7.501,00 6165
928 221,11 0,39 0,42 13,00 7.509,00 6165
929 221,11 0,39 0,42 13,00 7.517,00 6165
930 221,11 0,39 0,42 95,00 7.525,00 6165
931 221,11 0,39 0,42 95,00 7.533,00 6173
932 221,11 0,39 0,42 95,00 7.541,00 6176
933 221,11 0,39 0,42 95,00 7.549,00 6176
934 221,11 0,39 0,42 95,00 7.557,00 6176
935 221,11 0,39 0,42 95,00 7.565,00 6176
936 221,11 0,39 0,42 95,00 7.573,00 6177
937 221,11 0,39 0,42 95,00 7.581,00 6177
938 221,11 0,39 0,42 95,00 7.589,00 6177
939 221,11 0,39 0,42 95,00 7.597,00 6177
940 221,11 0,39 0,42 95,00 7.605,00 6177
941 221,11 0,39 0,42 95,00 7.613,00 6177
942 221,11 0,39 0,42 95,00 7.621,00 6177
943 221,11 0,39 0,42 95,00 7.629,00 6177
944 221,11 0,39 0,42 95,00 7.637,00 6177
945 221,11 0,39 0,42 95,00 7.645,00 6177
946 221,11 0,39 0,42 95,00 7.653,00 6177
947 221,11 0,39 0,42 95,00 7.661,00 6177
948 221,11 0,39 0,42 95,00 7.669,00 6177
949 221,11 0,39 0,42 95,00 7.677,00 6177
950 221,11 0,39 0,42 95,00 7.685,00 6177
951 221,11 0,39 0,42 95,00 7.693,00 6177
952 221,11 0,39 0,42 95,00 7.701,00 6177
953 221,11 0,39 0,42 95,00 7.709,00 6177
954 221,11 0,39 0,42 95,00 7.717,00 6177
955 221,11 0,39 0,42 95,00 7.725,00 6177
956 221,11 0,39 0,42 95,00 7.733,00 6177
957 221,11 0,39 0,42 95,00 7.741,00 6177
958 221,11 2,71 2,94 95,00 7.749,00 6177
959 221,11 2,71 2,94 95,00 7.757,00 6177
960 221,11 2,71 2,93 9,00 7.765,00 6177
961 221,11 2,71 2,93 9,00 7.773,00 6179
962 221,11 2,71 2,93 9,00 7.781,00 6180
963 221,11 2,71 2,93 9,00 7.789,00 6180
964 221,11 2,71 2,93 9,00 7.797,00 6180
965 221,11 2,71 2,93 9,00 7.805,00 6181
966 221,11 2,71 2,93 9,00 7.813,00 6181
967 221,11 2,71 2,93 9,00 7.821,00 6181
968 221,11 2,71 2,93 9,00 7.829,00 6181
969 221,11 2,71 2,93 9,00 7.837,00 6181
970 221,11 2,71 2,93 9,00 7.845,00 6181
971 221,11 2,71 2,93 9,00 7.853,00 6181
972 221,11 0,25 0,27 9,00 7.861,00 6181
973 221,11 0,25 0,27 9,00 7.869,00 6181
974 221,11 0,25 0,27 9,00 7.877,00 6181
975 221,11 0,25 0,27 9,00 7.885,00 6181
976 221,11 0,25 0,27 9,00 7.893,00 6181
977 221,11 0,25 0,27 9,00 7.901,00 6181
978 221,11 0,25 0,27 9,00 7.909,00 6181
979 221,11 0,25 0,27 9,00 7.917,00 6181
980 221,11 0,25 0,27 9,00 7.925,00 6181
981 221,11 0,25 0,27 9,00 7.933,00 6181
982 221,11 0,25 0,27 9,00 7.941,00 6181
983 221,11 0,25 0,27 9,00 7.949,00 6181
984 221,11 0,25 0,27 9,00 7.957,00 6181
985 221,11 0,25 0,27 9,00 7.965,00 6181
986 221,11 0,25 0,27 9,00 7.973,00 6181
987 221,11 0,25 0,27 9,00 7.981,00 6181
988 221,11 0,25 0,27 9,00 7.989,00 6181
989 221,11 0,25 0,27 9,00 7.997,00 6181
990 221,11 0,25 0,27 103,00 8.005,00 6181
991 221,11 0,25 0,27 103,00 8.013,00 6187
992 221,11 2,84 3,08 103,00 8.021,00 6189
993 221,11 2,84 3,08 103,00 8.029,00 6189
994 221,11 2,84 3,08 103,00 8.037,00 6189
995 221,11 2,84 3,08 103,00 8.045,00 6189
996 221,11 2,84 3,08 103,00 8.053,00 6189
997 221,11 2,84 3,08 103,00 8.061,00 6189
998 221,11 2,84 3,08 103,00 8.069,00 6189
999 221,11 2,84 3,08 103,00 8.077,00 6189
