1000
0 89,16 89,16 89,16 1,00 94,00 0
1 89,16 1,17 1,17 1,00 76,00 1235
2 89,16 1,27 0,62 1,00 80,00 1774
3 89,16 1,14 0,59 1,00 88,00 1865
4 89,16 1,14 0,59 1,00 98,00 1875
5 89,16 1,14 0,59 1,00 108,00 1879
6 89,16 1,14 0,59 1,00 118,00 1881
7 89,16 1,14 0,59 1,00 128,00 1881
8 89,16 1,14 0,59 1,00 138,00 1881
9 89,16 1,14 0,59 1,00 148,00 1881
10 89,16 0,56 0,29 1,00 158,00 1881
11 89,16 0,56 0,29 1,00 168,00 1881
12 89,16 0,56 0,29 1,00 178,00 1881
13 89,16 0,56 0,29 1,00 188,00 1881
14 89,16 0,45 0,23 1,00 198,00 1881
15 89,16 0,45 0,23 1,00 208,00 1881
16 89,16 0,45 0,23 1,00 218,00 1881
17 89,16 0,39 0,20 1,00 228,00 1881
18 89,16 0,39 0,20 1,00 238,00 1881
19 89,16 0,39 0,20 1,00 248,00 1881
20 89,16 0,39 0,20 1,00 258,00 1881
21 89,16 0,39 0,20 1,00 268,00 1881
22 89,16 0,39 0,20 1,00 278,00 1881
23 89,16 0,39 0,20 1,00 288,00 1881
24 89,16 0,30 0,16 1,00 298,00 1881
25 89,16 0,30 0,16 1,00 308,00 1881
26 89,16 0,30 0,16 1,00 318,00 1881
27 89,16 0,30 0,16 1,00 328,00 1881
28 89,16 0,30 0,16 1,00 338,00 1881
29 89,16 0,30 0,16 1,00 348,00 1881
30 89,16 0,30 0,16 99,00 358,00 1881
31 89,16 24,86 12,91 99,00 365,00 2704
32 89,16 24,38 11,61 99,00 372,00 3431
33 89,16 23,86 11,65 99,00 380,00 3821
34 89,16 23,29 11,79 99,00 389,00 4072
35 89,16 22,75 12,15 99,00 398,00 4286
36 89,16 22,75 11,79 99,00 408,00 4405
37 89,16 22,75 11,85 99,00 418,00 4558
38 89,16 22,75 12,22 99,00 428,00 4625
39 89,16 22,75 11,89 99,00 438,00 4666
40 89,16 22,75 11,84 99,00 448,00 4711
41 89,16 19,27 10,14 99,00 458,00 4762
42 89,16 19,27 10,27 99,00 468,00 4795
43 89,16 19,27 9,99 99,00 478,00 4831
44 89,16 19,27 10,24 99,00 488,00 4863
45 89,16 19,27 10,22 99,00 498,00 4893
46 89,16 19,27 10,22 99,00 508,00 4918
47 89,16 19,27 10,22 99,00 518,00 4938
48 89,16 19,27 10,22 99,00 528,00 4953
49 89,16 19,27 10,21 99,00 538,00 4969
50 89,16 19,27 10,20 99,00 548,00 4978
51 89,16 19,27 10,19 99,00 558,00 4991
52 89,16 19,27 10,19 99,00 568,00 5006
53 89,16 19,27 10,18 99,00 578,00 5016
54 89,16 19,27 10,17 99,00 588,00 5027
55 89,16 19,27 10,16 99,00 598,00 5033
56 89,16 19,27 10,16 99,00 608,00 5043
57 89,16 14,28 7,52 99,00 618,00 5047
58 89,16 14,28 7,52 99,00 628,00 5055
59 89,16 14,28 7,51 99,00 638,00 5061
60 89,16 14,28 7,51 6,00 648,00 5068
61 89,16 14,28 7,50 6,00 658,00 5076
62 89,16 14,28 7,50 6,00 668,00 5097
63 89,16 14,28 7,50 6,00 678,00 5110
64 89,16 14,28 7,49 6,00 688,00 5114
65 89,16 14,28 7,49 6,00 698,00 5115
66 89,16 14,28 7,49 6,00 708,00 5118
67 89,16 14,28 7,49 6,00 718,00 5123
68 89,16 14,28 7,49 6,00 728,00 5124
69 89,16 14,28 7,47 6,00 738,00 5125
70 89,16 14,28 7,47 6,00 748,00 5125
71 89,16 14,28 7,47 6,00 758,00 5125
72 89,16 14,28 7,47 6,00 768,00 5125
73 89,16 14,28 7,47 6,00 778,00 5125
74 89,16 14,28 7,47 6,00 788,00 5126
75 89,16 14,28 7,44 6,00 798,00 5126
76 89,16 14,28 7,44 6,00 808,00 5126
77 89,16 14,28 7,44 6,00 818,00 5126
78 89,16 14,28 7,44 6,00 828,00 5127
79 89,16 14,28 7,43 6,00 838,00 5128
80 89,16 0,63 0,33 6,00 848,00 5128
81 89,16 0,63 0,33 6,00 858,00 5128
82 89,16 0,63 0,33 6,00 868,00 5128
83 89,16 0,61 0,32 6,00 878,00 5128
84 89,16 0,61 0,32 6,00 888,00 5128
85 89,16 0,61 0,32 6,00 898,00 5128
86 89,16 0,61 0,32 6,00 908,00 5128
87 89,16 0,61 0,32 6,00 918,00 5128
88 89,16 0,61 0,32 6,00 928,00 5129
89 89,16 0,61 0,32 6,00 938,00 5133
90 89,16 0,61 0,31 102,00 948,00 5133
91 89,16 9,60 4,96 102,00 957,00 5240
92 89,16 9,60 4,96 102,00 967,00 5280
93 89,16 9,60 4,96 102,00 977,00 5298
94 89,16 9,60 4,95 102,00 987,00 5308
95 89,16 9,60 4,95 102,00 997,00 5318
96 89,16 9,60 4,95 102,00 1.007,00 5327
97 89,16 9,60 4,94 102,00 1.017,00 5336
98 89,16 9,60 4,94 102,00 1.027,00 5340
99 89,16 9,60 4,94 102,00 1.037,00 5347
100 89,16 9,60 4,94 102,00 1.047,00 5351
101 89,16 9,60 4,94 102,00 1.057,00 5353
102 89,16 8,52 4,38 102,00 1.067,00 5354
103 89,16 8,52 4,37 102,00 1.077,00 5357
104 89,16 8,52 4,37 102,00 1.087,00 5357
105 89,16 8,52 4,37 102,00 1.097,00 5357
106 89,16 8,22 4,21 102,00 1.107,00 5357
107 89,16 8,22 4,21 102,00 1.117,00 5357
108 89,16 8,22 4,21 102,00 1.127,00 5357
109 89,16 8,22 4,21 102,00 1.137,00 5359
110 89,16 8,22 4,21 102,00 1.147,00 5359
111 89,16 8,22 4,21 102,00 1.157,00 5360
112 89,16 7,79 4,00 102,00 1.167,00 5362
113 89,16 7,79 4,00 102,00 1.177,00 5364
114 89,16 7,79 4,00 102,00 1.187,00 5366
115 89,16 7,79 4,00 102,00 1.197,00 5366
116 89,16 7,79 4,00 102,00 1.207,00 5366
117 89,16 7,79 4,00 102,00 1.217,00 5366
118 89,16 7,79 4,00 102,00 1.227,00 5367
119 89,16 7,79 4,00 102,00 1.237,00 5368
120 89,16 7,79 4,00 13,00 1.247,00 5368
121 89,16 0,92 0,47 13,00 1.257,00 5378
122 89,16 0,92 0,47 13,00 1.266,00 5387
123 89,16 0,92 0,47 13,00 1.276,00 5391
124 89,16 0,92 0,47 13,00 1.286,00 5392
125 89,16 0,92 0,47 13,00 1.296,00 5392
126 89,16 0,92 0,47 13,00 1.306,00 5392
127 89,16 0,92 0,47 13,00 1.316,00 5392
128 89,16 0,92 0,47 13,00 1.326,00 5392
129 89,16 0,92 0,47 13,00 1.336,00 5392
130 89,16 0,92 0,47 13,00 1.346,00 5392
131 89,16 0,92 0,47 13,00 1.356,00 5392
132 89,16 0,92 0,47 13,00 1.366,00 5392
133 89,16 0,92 0,47 13,00 1.376,00 5392
134 89,16 0,92 0,47 13,00 1.386,00 5392
135 89,16 0,92 0,47 13,00 1.396,00 5392
136 89,16 0,92 0,47 13,00 1.406,00 5392
137 89,16 0,92 0,47 13,00 1.416,00 5392
138 89,16 0,92 0,47 13,00 1.426,00 5392
139 89,16 0,92 0,47 13,00 1.436,00 5392
140 89,16 0,80 0,41 13,00 1.446,00 5397
141 89,16 0,80 0,40 13,00 1.456,00 5398
142 89,16 0,80 0,40 13,00 1.466,00 5398
143 89,16 0,80 0,40 13,00 1.476,00 5398
144 89,16 0,80 0,40 13,00 1.486,00 5398
145 89,16 0,77 0,39 13,00 1.496,00 5398
146 89,16 0,77 0,39 13,00 1.506,00 5398
147 89,16 0,77 0,39 13,00 1.516,00 5398
148 89,16 0,77 0,39 13,00 1.526,00 5398
149 89,16 0,77 0,39 13,00 1.536,00 5398
150 89,16 0,77 0,39 99,00 1.546,00 5398
151 89,16 0,77 0,39 99,00 1.556,00 5443
152 89,16 0,77 0,39 99,00 1.566,00 5461
153 89,16 5,64 2,82 99,00 1.575,00 5469
154 89,16 5,64 2,81 99,00 1.585,00 5476
155 89,16 5,64 2,81 99,00 1.595,00 5480
156 89,16 5,64 2,81 99,00 1.605,00 5482
157 89,16 5,64 2,81 99,00 1.615,00 5482
158 89,16 5,64 2,81 99,00 1.625,00 5492
159 89,16 5,64 2,81 99,00 1.635,00 5501
160 89,16 5,37 2,67 99,00 1.645,00 5510
161 89,16 5,37 2,67 99,00 1.655,00 5520
162 89,16 5,37 2,67 99,00 1.665,00 5532
163 89,16 5,37 2,66 99,00 1.675,00 5544
164 89,16 5,37 2,66 99,00 1.685,00 5553
165 89,16 5,37 2,66 99,00 1.695,00 5560
166 89,16 5,37 2,66 99,00 1.705,00 5566
167 89,16 5,37 2,66 99,00 1.715,00 5570
168 89,16 5,37 2,66 99,00 1.725,00 5573
169 89,16 5,37 2,66 99,00 1.735,00 5575
170 89,16 5,37 2,65 99,00 1.745,00 5576
171 89,16 5,37 2,65 99,00 1.755,00 5577
172 89,16 5,37 2,65 99,00 1.765,00 5578
173 89,16 5,37 2,65 99,00 1.775,00 5579
174 89,16 5,37 2,65 99,00 1.785,00 5580
175 89,16 5,37 2,65 99,00 1.795,00 5582
176 89,16 5,37 2,65 99,00 1.805,00 5583
177 89,16 5,37 2,65 99,00 1.815,00 5584
178 89,16 5,37 2,64 99,00 1.825,00 5587
179 89,16 5,37 2,64 99,00 1.835,00 5589
180 89,16 5,37 2,64 20,00 1.845,00 5591
181 89,16 5,37 2,64 20,00 1.855,00 5600
182 89,16 5,37 2,64 20,00 1.865,00 5601
183 89,16 5,37 2,64 20,00 1.875,00 5602
184 89,16 5,37 2,64 20,00 1.885,00 5602
185 89,16 0,94 0,46 20,00 1.895,00 5602
186 89,16 0,94 0,46 20,00 1.905,00 5602
187 89,16 0,93 0,46 20,00 1.915,00 5602
188 89,16 0,93 0,46 20,00 1.925,00 5602
189 89,16 0,93 0,46 20,00 1.935,00 5602
190 89,16 0,93 0,46 20,00 1.945,00 5602
191 89,16 0,93 0,46 20,00 1.955,00 5604
192 89,16 0,93 0,46 20,00 1.965,00 5606
193 89,16 0,93 0,46 20,00 1.975,00 5607
194 89,16 0,93 0,46 20,00 1.985,00 5611
195 89,16 0,93 0,46 20,00 1.995,00 5613
196 89,16 0,93 0,46 20,00 2.005,00 5613
197 89,16 0,93 0,46 20,00 2.015,00 5613
198 89,16 0,93 0,46 20,00 2.025,00 5613
199 89,16 0,88 0,43 20,00 2.035,00 5613
200 89,16 0,88 0,43 20,00 2.045,00 5613
201 89,16 0,88 0,43 20,00 2.055,00 5613
202 89,16 0,88 0,43 20,00 2.065,00 5613
203 89,16 0,88 0,43 20,00 2.075,00 5613
204 89,16 0,88 0,43 20,00 2.085,00 5613
205 89,16 0,88 0,43 20,00 2.095,00 5613
206 89,16 0,88 0,43 20,00 2.105,00 5613
207 89,16 0,88 0,43 20,00 2.115,00 5613
208 89,16 0,88 0,43 20,00 2.125,00 5614
209 89,16 0,88 0,43 20,00 2.135,00 5616
210 89,16 0,88 0,43 86,00 2.145,00 5616
211 89,16 0,88 0,43 86,00 2.155,00 5655
212 89,16 0,88 0,43 86,00 2.165,00 5665
213 89,16 0,88 0,42 86,00 2.175,00 5671
214 89,16 0,88 0,42 86,00 2.185,00 5671
215 89,16 0,88 0,42 86,00 2.195,00 5671
216 89,16 0,88 0,42 86,00 2.205,00 5671
217 89,16 0,88 0,42 86,00 2.215,00 5671
218 89,16 0,88 0,42 86,00 2.225,00 5671
219 89,16 0,88 0,42 86,00 2.235,00 5671
220 89,16 0,88 0,42 86,00 2.245,00 5671
221 89,16 0,88 0,42 86,00 2.255,00 5671
222 89,16 0,88 0,42 86,00 2.265,00 5671
223 89,16 0,88 0,42 86,00 2.275,00 5671
224 89,16 0,88 0,42 86,00 2.285,00 5671
225 89,16 0,88 0,42 86,00 2.295,00 5671
226 89,16 0,88 0,42 86,00 2.305,00 5671
227 89,16 0,88 0,42 86,00 2.315,00 5671
228 89,16 0,88 0,42 86,00 2.325,00 5671
229 89,16 0,88 0,42 86,00 2.335,00 5671
230 89,16 0,88 0,42 86,00 2.345,00 5671
231 89,16 0,88 0,42 86,00 2.355,00 5671
232 89,16 0,88 0,42 86,00 2.365,00 5671
233 89,16 0,88 0,42 86,00 2.375,00 5671
234 89,16 0,88 0,42 86,00 2.385,00 5671
235 89,16 0,88 0,42 86,00 2.395,00 5671
236 89,16 3,19 1,55 86,00 2.405,00 5671
237 89,16 3,19 1,55 86,00 2.415,00 5671
238 89,16 3,19 1,55 86,00 2.425,00 5671
239 89,16 3,19 1,55 86,00 2.435,00 5671
240 89,16 3,19 1,55 38,00 2.445,00 5671
241 89,16 3,19 1,55 38,00 2.455,00 5686
242 89,16 3,19 1,53 38,00 2.465,00 5686
243 89,16 3,19 1,53 38,00 2.475,00 5687
244 89,16 3,19 1,53 38,00 2.485,00 5688
245 89,16 3,19 1,53 38,00 2.495,00 5688
246 89,16 3,19 1,53 38,00 2.505,00 5688
247 89,16 3,19 1,53 38,00 2.515,00 5688
248 89,16 3,19 1,53 38,00 2.525,00 5688
249 89,16 3,19 1,53 38,00 2.535,00 5691
250 89,16 3,19 1,52 38,00 2.545,00 5693
251 89,16 3,19 1,52 38,00 2.555,00 5693
252 89,16 3,19 1,52 38,00 2.565,00 5693
253 89,16 3,19 1,52 38,00 2.575,00 5694
254 89,16 3,19 1,52 38,00 2.585,00 5694
255 89,16 3,19 1,52 38,00 2.595,00 5694
256 89,16 3,19 1,52 38,00 2.605,00 5694
257 89,16 3,19 1,52 38,00 2.615,00 5694
258 89,16 3,19 1,52 38,00 2.625,00 5694
259 89,16 3,19 1,52 38,00 2.635,00 5694
260 89,16 3,19 1,52 38,00 2.645,00 5694
261 89,16 3,19 1,52 38,00 2.655,00 5694
262 89,16 3,19 1,52 38,00 2.665,00 5694
263 89,16 1,27 0,60 38,00 2.675,00 5694
264 89,16 1,27 0,60 38,00 2.685,00 5694
265 89,16 1,27 0,60 38,00 2.695,00 5694
266 89,16 1,27 0,60 38,00 2.705,00 5694
267 89,16 1,27 0,60 38,00 2.715,00 5694
268 89,16 1,27 0,60 38,00 2.725,00 5694
269 89,16 1,27 0,60 38,00 2.735,00 5694
270 89,16 1,27 0,60 72,00 2.745,00 5694
271 89,16 2,33 1,11 72,00 2.755,00 5724
272 89,16 2,33 1,10 72,00 2.765,00 5736
273 89,16 2,33 1,10 72,00 2.775,00 5742
274 89,16 2,33 1,10 72,00 2.785,00 5742
275 89,16 2,33 1,10 72,00 2.795,00 5742
276 89,16 2,33 1,10 72,00 2.805,00 5742
277 89,16 2,33 1,10 72,00 2.815,00 5742
278 89,16 2,27 1,07 72,00 2.825,00 5742
279 89,16 2,27 1,07 72,00 2.835,00 5742
280 89,16 2,27 1,07 72,00 2.845,00 5742
281 89,16 2,27 1,07 72,00 2.855,00 5742
282 89,16 2,27 1,07 72,00 2.865,00 5742
283 89,16 2,27 1,07 72,00 2.875,00 5742
284 89,16 2,27 1,07 72,00 2.885,00 5742
285 89,16 2,27 1,07 72,00 2.895,00 5742
286 89,16 2,27 1,07 72,00 2.905,00 5742
287 89,16 2,20 1,04 72,00 2.915,00 5742
288 89,16 2,19 1,04 72,00 2.925,00 5742
289 89,16 2,19 1,04 72,00 2.935,00 5742
290 89,16 2,19 1,04 72,00 2.945,00 5742
291 89,16 2,19 1,04 72,00 2.955,00 5742
292 89,16 2,19 1,04 72,00 2.965,00 5742
293 89,16 2,19 1,04 72,00 2.975,00 5742
294 89,16 2,15 1,01 72,00 2.985,00 5742
295 89,16 2,15 1,01 72,00 2.995,00 5742
296 89,16 2,15 1,01 72,00 3.005,00 5742
297 89,16 2,15 1,01 72,00 3.015,00 5742
298 89,16 2,15 1,01 72,00 3.025,00 5742
299 89,16 2,15 1,01 72,00 3.035,00 5742
300 89,16 2,15 1,01 44,00 3.045,00 5742
301 89,16 2,15 1,01 44,00 3.055,00 5752
302 89,16 2,15 1,00 44,00 3.065,00 5752
303 89,16 2,15 1,00 44,00 3.075,00 5752
304 89,16 2,15 1,00 44,00 3.085,00 5752
305 89,16 2,15 1,00 44,00 3.095,00 5752
306 89,16 2,15 1,00 44,00 3.105,00 5762
307 89,16 2,15 1,00 44,00 3.115,00 5773
308 89,16 2,15 1,00 44,00 3.125,00 5778
309 89,16 2,15 1,00 44,00 3.135,00 5780
310 89,16 2,15 1,00 44,00 3.145,00 5780
311 89,16 2,15 1,00 44,00 3.155,00 5780
312 89,16 2,15 1,00 44,00 3.165,00 5780
313 89,16 2,15 1,00 44,00 3.175,00 5782
314 89,16 2,15 1,00 44,00 3.185,00 5783
315 89,16 2,15 1,00 44,00 3.195,00 5783
316 89,16 2,15 1,00 44,00 3.205,00 5783
317 89,16 2,15 1,00 44,00 3.215,00 5783
318 89,16 2,15 1,00 44,00 3.225,00 5783
319 89,16 2,15 1,00 44,00 3.235,00 5783
320 89,16 2,15 1,00 44,00 3.245,00 5783
321 89,16 1,21 0,56 44,00 3.255,00 5783
322 89,16 1,21 0,56 44,00 3.265,00 5783
323 89,16 1,21 0,56 44,00 3.275,00 5783
324 89,16 1,21 0,56 44,00 3.285,00 5783
325 89,16 1,21 0,56 44,00 3.295,00 5783
326 89,16 1,21 0,56 44,00 3.305,00 5783
327 89,16 1,21 0,56 44,00 3.315,00 5783
328 89,16 1,21 0,56 44,00 3.325,00 5783
329 89,16 1,21 0,56 44,00 3.335,00 5783
330 89,16 1,21 0,56 73,00 3.345,00 5783
331 89,16 1,21 0,56 73,00 3.355,00 5809
332 89,16 1,21 0,55 73,00 3.365,00 5815
333 89,16 1,21 0,55 73,00 3.375,00 5818
334 89,16 1,21 0,55 73,00 3.385,00 5819
335 89,16 1,21 0,55 73,00 3.395,00 5820
336 89,16 1,21 0,55 73,00 3.405,00 5820
337 89,16 1,21 0,55 73,00 3.415,00 5820
338 89,16 1,21 0,55 73,00 3.425,00 5820
339 89,16 1,21 0,55 73,00 3.435,00 5820
340 89,16 1,21 0,55 73,00 3.445,00 5820
341 89,16 1,21 0,55 73,00 3.455,00 5820
342 89,16 1,21 0,55 73,00 3.465,00 5820
343 89,16 1,87 0,86 73,00 3.475,00 5820
344 89,16 1,87 0,86 73,00 3.485,00 5820
345 89,16 1,87 0,86 73,00 3.495,00 5820
346 89,16 1,86 0,85 73,00 3.505,00 5820
347 89,16 1,86 0,85 73,00 3.515,00 5820
348 89,16 1,86 0,85 73,00 3.525,00 5820
349 89,16 1,86 0,85 73,00 3.535,00 5820
350 89,16 1,86 0,85 73,00 3.545,00 5820
351 89,16 1,86 0,85 73,00 3.555,00 5820
352 89,16 1,86 0,85 73,00 3.565,00 5820
353 89,16 1,86 0,85 73,00 3.575,00 5820
354 89,16 1,86 0,85 73,00 3.585,00 5820
355 89,16 1,86 0,85 73,00 3.595,00 5820
356 89,16 1,86 0,85 73,00 3.605,00 5820
357 89,16 1,86 0,85 73,00 3.615,00 5820
358 89,16 1,86 0,85 73,00 3.625,00 5820
359 89,16 1,86 0,85 73,00 3.635,00 5820
360 89,16 1,86 0,85 47,00 3.645,00 5820
361 89,16 1,86 0,85 47,00 3.655,00 5827
362 89,16 1,86 0,84 47,00 3.665,00 5827
363 89,16 1,86 0,84 47,00 3.675,00 5827
364 89,16 1,14 0,52 47,00 3.685,00 5827
365 89,16 1,14 0,52 47,00 3.695,00 5827
366 89,16 1,13 0,51 47,00 3.705,00 5827
367 89,16 1,13 0,51 47,00 3.715,00 5827
368 89,16 1,13 0,51 47,00 3.725,00 5827
369 89,16 1,13 0,51 47,00 3.735,00 5827
370 89,16 1,12 0,51 47,00 3.745,00 5827
371 89,16 1,12 0,51 47,00 3.755,00 5827
372 89,16 1,12 0,51 47,00 3.765,00 5827
373 89,16 1,12 0,51 47,00 3.775,00 5827
374 89,16 1,12 0,51 47,00 3.785,00 5827
375 89,16 1,12 0,51 47,00 3.795,00 5827
376 89,16 1,10 0,50 47,00 3.805,00 5827
377 89,16 1,10 0,50 47,00 3.815,00 5827
378 89,16 1,10 0,50 47,00 3.825,00 5827
379 89,16 1,10 0,50 47,00 3.835,00 5827
380 89,16 1,10 0,50 47,00 3.845,00 5827
381 89,16 1,10 0,50 47,00 3.855,00 5827
382 89,16 1,10 0,50 47,00 3.865,00 5827
383 89,16 1,10 0,50 47,00 3.875,00 5833
384 89,16 1,10 0,49 47,00 3.885,00 5833
385 89,16 1,10 0,49 47,00 3.895,00 5833
386 89,16 1,10 0,49 47,00 3.905,00 5833
387 89,16 1,10 0,49 47,00 3.915,00 5833
388 89,16 1,10 0,49 47,00 3.925,00 5833
389 89,16 1,10 0,49 47,00 3.935,00 5833
390 89,16 1,10 0,49 82,00 3.945,00 5833
391 89,16 1,10 0,49 82,00 3.955,00 5854
392 89,16 1,10 0,49 82,00 3.965,00 5858
393 89,16 1,10 0,49 82,00 3.975,00 5861
394 89,16 1,10 0,49 82,00 3.985,00 5861
395 89,16 1,10 0,49 82,00 3.995,00 5861
396 89,16 1,10 0,49 82,00 4.005,00 5861
397 89,16 1,10 0,49 82,00 4.015,00 5861
398 89,16 1,82 0,81 82,00 4.025,00 5861
399 89,16 1,82 0,81 82,00 4.035,00 5861
400 89,16 1,82 0,81 82,00 4.045,00 5861
401 89,16 1,82 0,81 82,00 4.055,00 5865
402 89,16 1,82 0,81 82,00 4.065,00 5866
403 89,16 1,82 0,81 82,00 4.075,00 5866
404 89,16 1,82 0,81 82,00 4.085,00 5866
405 89,16 1,79 0,80 82,00 4.095,00 5866
406 89,16 1,78 0,80 82,00 4.105,00 5866
407 89,16 1,78 0,80 82,00 4.115,00 5866
408 89,16 1,77 0,79 82,00 4.125,00 5866
409 89,16 1,77 0,79 82,00 4.135,00 5866
410 89,16 1,77 0,79 82,00 4.145,00 5866
411 89,16 1,77 0,79 82,00 4.155,00 5866
412 89,16 1,77 0,79 82,00 4.165,00 5866
413 89,16 1,77 0,79 82,00 4.175,00 5866
414 89,16 1,75 0,78 82,00 4.185,00 5866
415 89,16 1,75 0,78 82,00 4.195,00 5866
416 89,16 1,75 0,78 82,00 4.205,00 5866
417 89,16 1,75 0,78 82,00 4.215,00 5866
418 89,16 1,75 0,78 82,00 4.225,00 5866
419 89,16 1,75 0,78 82,00 4.235,00 5866
420 89,16 1,72 0,77 54,00 4.245,00 5866
421 89,16 1,72 0,77 54,00 4.255,00 5875
422 89,16 1,72 0,76 54,00 4.265,00 5878
423 89,16 1,72 0,76 54,00 4.275,00 5879
424 89,16 1,72 0,76 54,00 4.285,00 5879
425 89,16 1,72 0,76 54,00 4.295,00 5879
426 89,16 1,72 0,76 54,00 4.305,00 5879
427 89,16 1,72 0,76 54,00 4.315,00 5879
428 89,16 1,72 0,76 54,00 4.325,00 5880
429 89,16 1,72 0,76 54,00 4.335,00 5880
430 89,16 1,72 0,76 54,00 4.345,00 5880
431 89,16 1,72 0,76 54,00 4.355,00 5880
432 89,16 1,72 0,76 54,00 4.365,00 5880
433 89,16 1,72 0,76 54,00 4.375,00 5880
434 89,16 1,72 0,76 54,00 4.385,00 5880
435 89,16 1,72 0,76 54,00 4.395,00 5880
436 89,16 1,09 0,48 54,00 4.405,00 5880
437 89,16 1,09 0,48 54,00 4.415,00 5880
438 89,16 1,09 0,48 54,00 4.425,00 5880
439 89,16 1,09 0,48 54,00 4.435,00 5880
440 89,16 1,09 0,48 54,00 4.445,00 5880
441 89,16 1,09 0,48 54,00 4.455,00 5880
442 89,16 1,09 0,48 54,00 4.465,00 5880
443 89,16 1,09 0,48 54,00 4.475,00 5880
444 89,16 1,09 0,48 54,00 4.485,00 5880
445 89,16 1,09 0,48 54,00 4.495,00 5880
446 89,16 1,09 0,48 54,00 4.505,00 5880
447 89,16 1,09 0,48 54,00 4.515,00 5880
448 89,16 1,09 0,48 54,00 4.525,00 5880
449 89,16 1,06 0,47 54,00 4.535,00 5880
450 89,16 1,06 0,47 76,00 4.545,00 5880
451 89,16 1,49 0,66 76,00 4.555,00 5901
452 89,16 1,49 0,65 76,00 4.565,00 5908
453 89,16 1,49 0,65 76,00 4.575,00 5908
454 89,16 1,49 0,65 76,00 4.585,00 5908
455 89,16 1,49 0,65 76,00 4.595,00 5908
456 89,16 1,49 0,65 76,00 4.605,00 5909
457 89,16 1,49 0,65 76,00 4.615,00 5909
458 89,16 1,49 0,65 76,00 4.625,00 5909
459 89,16 1,49 0,65 76,00 4.635,00 5909
460 89,16 1,49 0,65 76,00 4.645,00 5909
461 89,16 1,49 0,65 76,00 4.655,00 5909
462 89,16 1,49 0,65 76,00 4.665,00 5909
463 89,16 1,49 0,65 76,00 4.675,00 5909
464 89,16 1,49 0,65 76,00 4.685,00 5909
465 89,16 1,49 0,65 76,00 4.695,00 5909
466 89,16 1,49 0,65 76,00 4.705,00 5909
467 89,16 1,49 0,65 76,00 4.715,00 5909
468 89,16 1,49 0,65 76,00 4.725,00 5909
469 89,16 1,49 0,65 76,00 4.735,00 5909
470 89,16 1,49 0,65 76,00 4.745,00 5909
471 89,16 1,49 0,65 76,00 4.755,00 5909
472 89,16 1,49 0,65 76,00 4.765,00 5909
473 89,16 1,49 0,65 76,00 4.775,00 5909
474 89,16 1,49 0,65 76,00 4.785,00 5909
475 89,16 1,49 0,65 76,00 4.795,00 5909
476 89,16 1,49 0,65 76,00 4.805,00 5909
477 89,16 1,49 0,65 76,00 4.815,00 5909
478 89,16 1,40 0,61 76,00 4.825,00 5909
479 89,16 1,40 0,61 76,00 4.835,00 5909
480 89,16 1,40 0,61 70,00 4.845,00 5909
481 89,16 1,40 0,61 70,00 4.855,00 5915
482 89,16 1,40 0,60 70,00 4.865,00 5916
483 89,16 1,28 0,55 70,00 4.875,00 5916
484 89,16 1,28 0,55 70,00 4.885,00 5916
485 89,16 1,28 0,55 70,00 4.895,00 5916
486 89,16 1,28 0,55 70,00 4.905,00 5916
487 89,16 1,28 0,55 70,00 4.915,00 5916
488 89,16 1,28 0,55 70,00 4.925,00 5916
489 89,16 1,28 0,55 70,00 4.935,00 5916
490 89,16 1,28 0,55 70,00 4.945,00 5916
491 89,16 1,28 0,55 70,00 4.955,00 5916
492 89,16 1,28 0,55 70,00 4.965,00 5916
493 89,16 1,25 0,54 70,00 4.975,00 5916
494 89,16 1,25 0,54 70,00 4.985,00 5916
495 89,16 1,25 0,54 70,00 4.995,00 5916
496 89,16 1,25 0,54 70,00 5.005,00 5916
497 89,16 1,25 0,54 70,00 5.015,00 5916
498 89,16 1,25 0,54 70,00 5.025,00 5916
499 89,16 1,25 0,54 70,00 5.035,00 5916
500 89,16 1,24 0,53 70,00 5.045,00 5916
501 89,16 1,24 0,53 70,00 5.055,00 5916
502 89,16 1,23 0,53 70,00 5.065,00 5916
503 89,16 1,23 0,53 70,00 5.075,00 5916
504 89,16 1,23 0,53 70,00 5.085,00 5916
505 89,16 1,23 0,53 70,00 5.095,00 5919
506 89,16 1,23 0,52 70,00 5.105,00 5919
507 89,16 1,23 0,52 70,00 5.115,00 5919
508 89,16 1,23 0,52 70,00 5.125,00 5919
509 89,16 1,23 0,52 70,00 5.135,00 5919
510 89,16 1,23 0,52 81,00 5.145,00 5919
511 89,16 1,23 0,52 81,00 5.155,00 5935
512 89,16 1,23 0,52 81,00 5.165,00 5937
513 89,16 1,23 0,52 81,00 5.175,00 5938
514 89,16 1,23 0,52 81,00 5.185,00 5938
515 89,16 1,23 0,52 81,00 5.195,00 5938
516 89,16 1,23 0,52 81,00 5.205,00 5938
517 89,16 1,23 0,52 81,00 5.215,00 5938
518 89,16 1,23 0,52 81,00 5.225,00 5938
519 89,16 1,23 0,52 81,00 5.235,00 5938
520 89,16 1,23 0,52 81,00 5.245,00 5938
521 89,16 1,23 0,52 81,00 5.255,00 5938
522 89,16 1,23 0,52 81,00 5.265,00 5938
523 89,16 1,23 0,52 81,00 5.275,00 5938
524 89,16 1,23 0,52 81,00 5.285,00 5938
525 89,16 1,23 0,52 81,00 5.295,00 5938
526 89,16 1,23 0,52 81,00 5.305,00 5938
527 89,16 1,36 0,58 81,00 5.315,00 5938
528 89,16 1,36 0,57 81,00 5.325,00 5938
529 89,16 1,36 0,57 81,00 5.335,00 5938
530 89,16 1,36 0,57 81,00 5.345,00 5938
531 89,16 1,36 0,57 81,00 5.355,00 5938
532 89,16 1,36 0,57 81,00 5.365,00 5938
533 89,16 1,36 0,57 81,00 5.375,00 5938
534 89,16 1,36 0,57 81,00 5.385,00 5938
535 89,16 1,36 0,57 81,00 5.395,00 5938
536 89,16 1,36 0,57 81,00 5.405,00 5938
537 89,16 1,36 0,57 81,00 5.415,00 5938
538 89,16 1,36 0,57 81,00 5.425,00 5938
539 89,16 1,36 0,57 81,00 5.435,00 5938
540 89,16 1,36 0,57 74,00 5.445,00 5938
541 89,16 1,36 0,57 74,00 5.455,00 5942
542 89,16 1,36 0,57 74,00 5.465,00 5944
543 89,16 1,36 0,57 74,00 5.475,00 5946
544 89,16 1,36 0,57 74,00 5.485,00 5947
545 89,16 1,36 0,57 74,00 5.495,00 5958
546 89,16 1,36 0,57 74,00 5.505,00 5965
547 89,16 1,36 0,57 74,00 5.515,00 5965
548 89,16 1,19 0,50 74,00 5.525,00 5965
549 89,16 1,19 0,50 74,00 5.535,00 5965
550 89,16 1,19 0,50 74,00 5.545,00 5965
551 89,16 1,19 0,50 74,00 5.555,00 5965
552 89,16 1,19 0,50 74,00 5.565,00 5965
553 89,16 1,19 0,50 74,00 5.575,00 5965
554 89,16 1,19 0,50 74,00 5.585,00 5965
555 89,16 1,19 0,50 74,00 5.595,00 5965
556 89,16 1,19 0,50 74,00 5.605,00 5965
557 89,16 1,19 0,50 74,00 5.615,00 5965
558 89,16 1,19 0,50 74,00 5.625,00 5965
559 89,16 1,19 0,50 74,00 5.635,00 5969
560 89,16 1,19 0,49 74,00 5.645,00 5969
561 89,16 1,19 0,49 74,00 5.655,00 5969
562 89,16 1,19 0,49 74,00 5.665,00 5969
563 89,16 1,19 0,49 74,00 5.675,00 5969
564 89,16 1,19 0,49 74,00 5.685,00 5969
565 89,16 1,19 0,49 74,00 5.695,00 5969
566 89,16 1,19 0,49 74,00 5.705,00 5969
567 89,16 1,19 0,49 74,00 5.715,00 5969
568 89,16 1,19 0,49 74,00 5.725,00 5969
569 89,16 1,19 0,49 74,00 5.735,00 5969
570 89,16 1,19 0,49 74,00 5.745,00 5969
571 89,16 1,19 0,49 74,00 5.755,00 5988
572 89,16 1,14 0,47 74,00 5.765,00 5994
573 89,16 1,14 0,47 74,00 5.775,00 5999
574 89,16 1,14 0,47 74,00 5.785,00 6004
575 89,16 1,14 0,47 74,00 5.795,00 6007
576 89,16 1,14 0,47 74,00 5.805,00 6009
577 89,16 1,14 0,47 74,00 5.815,00 6010
578 89,16 1,14 0,47 74,00 5.825,00 6010
579 89,16 1,14 0,47 74,00 5.835,00 6010
580 89,16 1,14 0,47 74,00 5.845,00 6010
581 89,16 1,14 0,47 74,00 5.855,00 6010
582 89,16 1,14 0,47 74,00 5.865,00 6010
583 89,16 1,14 0,47 74,00 5.875,00 6010
584 89,16 1,14 0,47 74,00 5.885,00 6010
585 89,16 1,12 0,46 74,00 5.895,00 6010
586 89,16 1,12 0,46 74,00 5.905,00 6010
587 89,16 1,12 0,46 74,00 5.915,00 6010
588 89,16 1,12 0,46 74,00 5.925,00 6010
589 89,16 1,12 0,46 74,00 5.935,00 6010
590 89,16 1,11 0,46 74,00 5.945,00 6010
591 89,16 1,11 0,46 74,00 5.955,00 6010
592 89,16 1,11 0,46 74,00 5.965,00 6010
593 89,16 1,11 0,46 74,00 5.975,00 6010
594 89,16 1,11 0,46 74,00 5.985,00 6010
595 89,16 1,11 0,46 74,00 5.995,00 6010
596 89,16 1,11 0,46 74,00 6.005,00 6010
597 89,16 1,11 0,46 74,00 6.015,00 6010
598 89,16 1,11 0,46 74,00 6.025,00 6010
599 89,16 1,11 0,46 74,00 6.035,00 6010
600 89,16 1,11 0,46 70,00 6.045,00 6010
601 89,16 1,11 0,46 70,00 6.055,00 6019
602 89,16 1,11 0,45 70,00 6.065,00 6021
603 89,16 1,11 0,45 70,00 6.075,00 6022
604 89,16 1,11 0,45 70,00 6.085,00 6022
605 89,16 1,11 0,45 70,00 6.095,00 6022
606 89,16 1,11 0,45 70,00 6.105,00 6022
607 89,16 1,11 0,45 70,00 6.115,00 6022
608 89,16 1,11 0,45 70,00 6.125,00 6023
609 89,16 1,11 0,45 70,00 6.135,00 6023
610 89,16 1,11 0,45 70,00 6.145,00 6023
611 89,16 1,11 0,45 70,00 6.155,00 6023
612 89,16 1,11 0,45 70,00 6.165,00 6023
613 89,16 1,11 0,45 70,00 6.175,00 6023
614 89,16 1,11 0,45 70,00 6.185,00 6023
615 89,16 1,11 0,45 70,00 6.195,00 6023
616 89,16 1,11 0,45 70,00 6.205,00 6023
617 89,16 1,11 0,45 70,00 6.215,00 6023
618 89,16 1,11 0,45 70,00 6.225,00 6023
619 89,16 1,11 0,45 70,00 6.235,00 6023
620 89,16 1,11 0,45 70,00 6.245,00 6023
621 89,16 1,11 0,45 70,00 6.255,00 6023
622 89,16 1,11 0,45 70,00 6.265,00 6023
623 89,16 1,11 0,45 70,00 6.275,00 6023
624 89,16 1,11 0,45 70,00 6.285,00 6023
625 89,16 1,11 0,45 70,00 6.295,00 6023
626 89,16 1,11 0,45 70,00 6.305,00 6023
627 89,16 1,11 0,45 70,00 6.315,00 6023
628 89,16 1,11 0,45 70,00 6.325,00 6023
629 89,16 1,11 0,45 70,00 6.335,00 6023
630 89,16 1,11 0,45 66,00 6.345,00 6023
631 89,16 0,93 0,38 66,00 6.355,00 6039
632 89,16 0,93 0,37 66,00 6.365,00 6043
633 89,16 0,93 0,37 66,00 6.375,00 6043
634 89,16 0,93 0,37 66,00 6.385,00 6043
635 89,16 0,93 0,37 66,00 6.395,00 6043
636 89,16 0,93 0,37 66,00 6.405,00 6043
637 89,16 0,93 0,37 66,00 6.415,00 6043
638 89,16 0,93 0,37 66,00 6.425,00 6043
639 89,16 0,91 0,37 66,00 6.435,00 6043
640 89,16 0,91 0,37 66,00 6.445,00 6043
641 89,16 0,91 0,37 66,00 6.455,00 6043
642 89,16 0,91 0,37 66,00 6.465,00 6043
643 89,16 0,91 0,37 66,00 6.475,00 6043
644 89,16 0,91 0,37 66,00 6.485,00 6043
645 89,16 0,91 0,37 66,00 6.495,00 6043
646 89,16 0,91 0,37 66,00 6.505,00 6043
647 89,16 0,91 0,37 66,00 6.515,00 6043
648 89,16 0,91 0,37 66,00 6.525,00 6043
649 89,16 0,91 0,37 66,00 6.535,00 6043
650 89,16 0,91 0,37 66,00 6.545,00 6043
651 89,16 0,91 0,37 66,00 6.555,00 6043
652 89,16 0,90 0,36 66,00 6.565,00 6043
653 89,16 0,90 0,36 66,00 6.575,00 6043
654 89,16 0,89 0,36 66,00 6.585,00 6043
655 89,16 0,89 0,36 66,00 6.595,00 6043
656 89,16 0,89 0,36 66,00 6.605,00 6043
657 89,16 0,89 0,36 66,00 6.615,00 6043
658 89,16 0,89 0,36 66,00 6.625,00 6043
659 89,16 0,89 0,36 66,00 6.635,00 6043
660 89,16 0,89 0,36 100,00 6.645,00 6043
661 89,16 0,89 0,36 100,00 6.655,00 6047
662 89,16 0,89 0,36 100,00 6.665,00 6047
663 89,16 0,89 0,36 100,00 6.675,00 6047
664 89,16 0,89 0,36 100,00 6.685,00 6047
665 89,16 0,89 0,36 100,00 6.695,00 6047
666 89,16 0,89 0,36 100,00 6.705,00 6047
667 89,16 0,89 0,36 100,00 6.715,00 6047
668 89,16 0,89 0,36 100,00 6.725,00 6048
669 89,16 0,89 0,35 100,00 6.735,00 6048
670 89,16 0,89 0,35 100,00 6.745,00 6048
671 89,16 0,89 0,35 100,00 6.755,00 6048
672 89,16 0,89 0,35 100,00 6.765,00 6048
673 89,16 0,89 0,35 100,00 6.775,00 6048
674 89,16 0,89 0,35 100,00 6.785,00 6048
675 89,16 0,89 0,35 100,00 6.795,00 6048
676 89,16 0,89 0,35 100,00 6.805,00 6048
677 89,16 0,89 0,35 100,00 6.815,00 6048
678 89,16 0,89 0,35 100,00 6.825,00 6048
679 89,16 0,89 0,35 100,00 6.835,00 6048
680 89,16 0,89 0,35 100,00 6.845,00 6048
681 89,16 0,89 0,35 100,00 6.855,00 6048
682 89,16 0,89 0,35 100,00 6.865,00 6048
683 89,16 0,89 0,35 100,00 6.875,00 6048
684 89,16 0,89 0,35 100,00 6.885,00 6048
685 89,16 0,89 0,35 100,00 6.895,00 6048
686 89,16 0,89 0,35 100,00 6.905,00 6048
687 89,16 0,89 0,35 100,00 6.915,00 6048
688 89,16 0,89 0,35 100,00 6.925,00 6048
689 89,16 0,89 0,35 100,00 6.935,00 6048
690 89,16 0,89 0,35 138,00 6.945,00 6048
691 89,16 0,89 0,35 138,00 6.955,00 6060
692 89,16 0,89 0,35 138,00 6.965,00 6063
693 89,16 0,89 0,35 138,00 6.975,00 6066
694 89,16 0,89 0,35 138,00 6.985,00 6067
695 89,16 0,89 0,35 138,00 6.995,00 6068
696 89,16 1,76 0,69 138,00 7.005,00 6070
697 89,16 1,76 0,69 138,00 7.015,00 6070
698 89,16 1,76 0,69 138,00 7.025,00 6070
699 89,16 1,76 0,69 138,00 7.035,00 6070
700 89,16 1,76 0,69 138,00 7.045,00 6070
701 89,16 1,76 0,69 138,00 7.055,00 6070
702 89,16 1,76 0,69 138,00 7.065,00 6070
703 89,16 1,76 0,69 138,00 7.075,00 6070
704 89,16 1,76 0,69 138,00 7.085,00 6070
705 89,16 1,76 0,69 138,00 7.095,00 6070
706 89,16 1,76 0,69 138,00 7.105,00 6070
707 89,16 1,76 0,69 138,00 7.115,00 6070
708 89,16 1,76 0,69 138,00 7.125,00 6070
709 89,16 1,72 0,68 138,00 7.135,00 6070
710 89,16 1,72 0,68 138,00 7.145,00 6070
711 89,16 1,72 0,68 138,00 7.155,00 6070
712 89,16 1,72 0,68 138,00 7.165,00 6070
713 89,16 1,72 0,68 138,00 7.175,00 6070
714 89,16 1,72 0,68 138,00 7.185,00 6070
715 89,16 1,72 0,68 138,00 7.195,00 6070
716 89,16 1,72 0,68 138,00 7.205,00 6070
717 89,16 1,72 0,68 138,00 7.215,00 6070
718 89,16 1,72 0,68 138,00 7.225,00 6070
719 89,16 1,72 0,68 138,00 7.235,00 6070
720 89,16 1,72 0,68 67,00 7.245,00 6070
721 89,16 0,82 0,32 67,00 7.255,00 6073
722 89,16 0,82 0,32 67,00 7.265,00 6073
723 89,16 0,82 0,32 67,00 7.275,00 6073
724 89,16 0,82 0,32 67,00 7.285,00 6073
725 89,16 0,82 0,32 67,00 7.295,00 6073
726 89,16 0,82 0,32 67,00 7.305,00 6073
727 89,16 0,82 0,32 67,00 7.315,00 6073
728 89,16 0,82 0,32 67,00 7.325,00 6073
729 89,16 0,82 0,32 67,00 7.335,00 6073
730 89,16 0,82 0,32 67,00 7.345,00 6073
731 89,16 0,82 0,32 67,00 7.355,00 6073
732 89,16 0,82 0,32 67,00 7.365,00 6073
733 89,16 0,82 0,32 67,00 7.375,00 6073
734 89,16 0,81 0,31 67,00 7.385,00 6073
735 89,16 0,81 0,31 67,00 7.395,00 6073
736 89,16 0,81 0,31 67,00 7.405,00 6073
737 89,16 0,81 0,31 67,00 7.415,00 6073
738 89,16 0,81 0,31 67,00 7.425,00 6073
739 89,16 0,81 0,31 67,00 7.435,00 6073
740 89,16 0,81 0,31 67,00 7.445,00 6073
741 89,16 0,81 0,31 67,00 7.455,00 6073
742 89,16 0,81 0,31 67,00 7.465,00 6073
743 89,16 0,81 0,31 67,00 7.475,00 6073
744 89,16 0,80 0,31 67,00 7.485,00 6073
745 89,16 0,80 0,31 67,00 7.495,00 6073
746 89,16 0,80 0,31 67,00 7.505,00 6073
747 89,16 0,80 0,31 67,00 7.515,00 6073
748 89,16 0,80 0,31 67,00 7.525,00 6073
749 89,16 0,80 0,31 67,00 7.535,00 6073
750 89,16 0,80 0,31 103,00 7.545,00 6073
751 89,16 0,80 0,31 103,00 7.555,00 6081
752 89,16 0,80 0,31 103,00 7.565,00 6085
753 89,16 0,80 0,31 103,00 7.575,00 6085
754 89,16 0,80 0,31 103,00 7.585,00 6085
755 89,16 0,80 0,31 103,00 7.595,00 6085
756 89,16 0,80 0,31 103,00 7.605,00 6085
757 89,16 0,80 0,31 103,00 7.615,00 6085
758 89,16 0,80 0,31 103,00 7.625,00 6091
759 89,16 0,80 0,30 103,00 7.635,00 6094
760 89,16 0,80 0,30 103,00 7.645,00 6096
761 89,16 0,80 0,30 103,00 7.655,00 6097
762 89,16 0,80 0,30 103,00 7.665,00 6098
763 89,16 0,80 0,30 103,00 7.675,00 6098
764 89,16 0,80 0,30 103,00 7.685,00 6098
765 89,16 0,80 0,30 103,00 7.695,00 6098
766 89,16 0,80 0,30 103,00 7.705,00 6098
767 89,16 0,80 0,30 103,00 7.715,00 6098
768 89,16 0,80 0,30 103,00 7.725,00 6098
769 89,16 0,80 0,30 103,00 7.735,00 6098
770 89,16 0,80 0,30 103,00 7.745,00 6098
771 89,16 0,80 0,30 103,00 7.755,00 6098
772 89,16 0,80 0,30 103,00 7.765,00 6098
773 89,16 0,80 0,30 103,00 7.775,00 6098
774 89,16 0,80 0,30 103,00 7.785,00 6098
775 89,16 0,80 0,30 103,00 7.795,00 6098
776 89,16 0,80 0,30 103,00 7.805,00 6098
777 89,16 0,80 0,30 103,00 7.815,00 6098
778 89,16 0,80 0,30 103,00 7.825,00 6098
779 89,16 0,80 0,30 103,00 7.835,00 6098
780 89,16 0,80 0,30 135,00 7.845,00 6098
781 89,16 0,80 0,30 135,00 7.855,00 6102
782 89,16 1,53 0,58 135,00 7.865,00 6107
783 89,16 1,53 0,58 135,00 7.875,00 6110
784 89,16 1,53 0,58 135,00 7.885,00 6111
785 89,16 1,53 0,58 135,00 7.895,00 6111
786 89,16 1,53 0,58 135,00 7.905,00 6111
787 89,16 1,53 0,58 135,00 7.915,00 6111
788 89,16 1,53 0,58 135,00 7.925,00 6111
789 89,16 1,53 0,58 135,00 7.935,00 6111
790 89,16 1,53 0,58 135,00 7.945,00 6111
791 89,16 1,53 0,58 135,00 7.955,00 6111
792 89,16 1,53 0,58 135,00 7.965,00 6111
793 89,16 1,53 0,58 135,00 7.975,00 6111
794 89,16 1,53 0,58 135,00 7.985,00 6111
795 89,16 1,53 0,58 135,00 7.995,00 6111
796 89,16 1,53 0,58 135,00 8.005,00 6111
797 89,16 1,53 0,58 135,00 8.015,00 6111
798 89,16 1,53 0,58 135,00 8.025,00 6111
799 89,16 1,53 0,58 135,00 8.035,00 6111
800 89,16 1,53 0,58 135,00 8.045,00 6111
801 89,16 1,53 0,58 135,00 8.055,00 6111
802 89,16 1,53 0,58 135,00 8.065,00 6111
803 89,16 1,53 0,58 135,00 8.075,00 6111
804 89,16 1,53 0,58 135,00 8.085,00 6111
805 89,16 1,53 0,58 135,00 8.095,00 6111
806 89,16 1,53 0,58 135,00 8.105,00 6111
807 89,16 1,53 0,58 135,00 8.115,00 6111
808 89,16 1,53 0,58 135,00 8.125,00 6111
809 89,16 1,53 0,58 135,00 8.135,00 6111
810 89,16 1,53 0,58 69,00 8.145,00 6111
811 89,16 1,53 0,58 69,00 8.155,00 6120
812 89,16 1,53 0,57 69,00 8.165,00 6122
813 89,16 1,53 0,57 69,00 8.175,00 6123
814 89,16 0,75 0,28 69,00 8.185,00 6123
815 89,16 0,75 0,28 69,00 8.195,00 6123
816 89,16 0,75 0,28 69,00 8.205,00 6123
817 89,16 0,75 0,28 69,00 8.215,00 6123
818 89,16 0,75 0,28 69,00 8.225,00 6123
819 89,16 0,75 0,28 69,00 8.235,00 6123
820 89,16 0,75 0,28 69,00 8.245,00 6123
821 89,16 0,75 0,28 69,00 8.255,00 6123
822 89,16 0,75 0,28 69,00 8.265,00 6123
823 89,16 0,74 0,28 69,00 8.275,00 6123
824 89,16 0,74 0,28 69,00 8.285,00 6123
825 89,16 0,74 0,28 69,00 8.295,00 6123
826 89,16 0,74 0,28 69,00 8.305,00 6123
827 89,16 0,74 0,28 69,00 8.315,00 6123
828 89,16 0,74 0,28 69,00 8.325,00 6123
829 89,16 0,74 0,28 69,00 8.335,00 6123
830 89,16 0,74 0,28 69,00 8.345,00 6123
831 89,16 0,74 0,28 69,00 8.355,00 6123
832 89,16 0,74 0,28 69,00 8.365,00 6123
833 89,16 0,74 0,28 69,00 8.375,00 6123
834 89,16 0,74 0,28 69,00 8.385,00 6123
835 89,16 0,74 0,28 69,00 8.395,00 6123
836 89,16 0,74 0,28 69,00 8.405,00 6123
837 89,16 0,74 0,28 69,00 8.415,00 6123
838 89,16 0,74 0,28 69,00 8.425,00 6123
839 89,16 0,74 0,28 69,00 8.435,00 6123
840 89,16 0,74 0,28 103,00 8.445,00 6123
841 89,16 0,74 0,28 103,00 8.455,00 6130
842 89,16 0,74 0,27 103,00 8.465,00 6130
843 89,16 0,74 0,27 103,00 8.475,00 6130
844 89,16 1,08 0,40 103,00 8.485,00 6130
845 89,16 1,08 0,40 103,00 8.495,00 6130
846 89,16 1,08 0,40 103,00 8.505,00 6130
847 89,16 1,08 0,40 103,00 8.515,00 6130
848 89,16 1,08 0,40 103,00 8.525,00 6130
849 89,16 1,08 0,40 103,00 8.535,00 6130
850 89,16 1,08 0,40 103,00 8.545,00 6130
851 89,16 1,08 0,40 103,00 8.555,00 6130
852 89,16 1,08 0,40 103,00 8.565,00 6130
853 89,16 1,08 0,40 103,00 8.575,00 6130
854 89,16 1,08 0,40 103,00 8.585,00 6130
855 89,16 1,08 0,40 103,00 8.595,00 6130
856 89,16 1,08 0,40 103,00 8.605,00 6130
857 89,16 1,08 0,40 103,00 8.615,00 6130
858 89,16 1,08 0,40 103,00 8.625,00 6130
859 89,16 1,08 0,40 103,00 8.635,00 6130
860 89,16 1,08 0,40 103,00 8.645,00 6130
861 89,16 1,06 0,39 103,00 8.655,00 6130
862 89,16 1,06 0,39 103,00 8.665,00 6130
863 89,16 1,06 0,39 103,00 8.675,00 6130
864 89,16 1,06 0,39 103,00 8.685,00 6130
865 89,16 1,06 0,39 103,00 8.695,00 6130
866 89,16 1,06 0,39 103,00 8.705,00 6130
867 89,16 1,06 0,39 103,00 8.715,00 6130
868 89,16 1,06 0,39 103,00 8.725,00 6130
869 89,16 1,06 0,39 103,00 8.735,00 6130
870 89,16 1,06 0,39 81,00 8.745,00 6130
871 89,16 1,06 0,39 81,00 8.755,00 6139
872 89,16 1,06 0,39 81,00 8.765,00 6142
873 89,16 1,06 0,39 81,00 8.775,00 6144
874 89,16 1,06 0,39 81,00 8.785,00 6144
875 89,16 1,06 0,39 81,00 8.795,00 6152
876 89,16 1,06 0,39 81,00 8.805,00 6155
877 89,16 1,06 0,39 81,00 8.815,00 6156
878 89,16 0,82 0,30 81,00 8.825,00 6156
879 89,16 0,82 0,30 81,00 8.835,00 6156
880 89,16 0,82 0,30 81,00 8.845,00 6156
881 89,16 0,82 0,30 81,00 8.855,00 6156
882 89,16 0,82 0,30 81,00 8.865,00 6156
883 89,16 0,82 0,30 81,00 8.875,00 6156
884 89,16 0,82 0,30 81,00 8.885,00 6156
885 89,16 0,82 0,30 81,00 8.895,00 6156
886 89,16 0,82 0,30 81,00 8.905,00 6156
887 89,16 0,82 0,30 81,00 8.915,00 6156
888 89,16 0,82 0,30 81,00 8.925,00 6156
889 89,16 0,82 0,30 81,00 8.935,00 6156
890 89,16 0,82 0,30 81,00 8.945,00 6156
891 89,16 0,82 0,30 81,00 8.955,00 6156
892 89,16 0,82 0,30 81,00 8.965,00 6156
893 89,16 0,82 0,30 81,00 8.975,00 6156
894 89,16 0,82 0,30 81,00 8.985,00 6156
895 89,16 0,82 0,30 81,00 8.995,00 6156
896 89,16 0,82 0,30 81,00 9.005,00 6156
897 89,16 0,82 0,30 81,00 9.015,00 6156
898 89,16 0,82 0,30 81,00 9.025,00 6156
899 89,16 0,82 0,30 81,00 9.035,00 6156
900 89,16 0,82 0,30 87,00 9.045,00 6156
901 89,16 0,82 0,30 87,00 9.055,00 6161
902 89,16 0,82 0,30 87,00 9.065,00 6162
903 89,16 0,85 0,31 87,00 9.075,00 6163
904 89,16 0,85 0,31 87,00 9.085,00 6163
905 89,16 0,85 0,31 87,00 9.095,00 6164
906 89,16 0,85 0,31 87,00 9.105,00 6165
907 89,16 0,85 0,31 87,00 9.115,00 6165
908 89,16 0,85 0,31 87,00 9.125,00 6165
909 89,16 0,85 0,31 87,00 9.135,00 6165
910 89,16 0,85 0,31 87,00 9.145,00 6165
911 89,16 0,85 0,31 87,00 9.155,00 6165
912 89,16 0,85 0,31 87,00 9.165,00 6165
913 89,16 0,85 0,31 87,00 9.175,00 6165
914 89,16 0,85 0,31 87,00 9.185,00 6165
915 89,16 0,84 0,30 87,00 9.195,00 6165
916 89,16 0,84 0,30 87,00 9.205,00 6165
917 89,16 0,84 0,30 87,00 9.215,00 6165
918 89,16 0,84 0,30 87,00 9.225,00 6165
919 89,16 0,84 0,30 87,00 9.235,00 6165
920 89,16 0,84 0,30 87,00 9.245,00 6165
921 89,16 0,84 0,30 87,00 9.255,00 6165
922 89,16 0,84 0,30 87,00 9.265,00 6165
923 89,16 0,84 0,30 87,00 9.275,00 6165
924 89,16 0,84 0,30 87,00 9.285,00 6165
925 89,16 0,84 0,30 87,00 9.295,00 6165
926 89,16 0,84 0,30 87,00 9.305,00 6165
927 89,16 0,84 0,30 87,00 9.315,00 6165
928 89,16 0,84 0,30 87,00 9.325,00 6165
929 89,16 0,84 0,30 87,00 9.335,00 6165
930 89,16 0,84 0,30 97,00 9.345,00 6165
931 89,16 0,84 0,30 97,00 9.355,00 6173
932 89,16 0,92 0,33 97,00 9.365,00 6176
933 89,16 0,92 0,33 97,00 9.375,00 6176
934 89,16 0,92 0,33 97,00 9.385,00 6176
935 89,16 0,92 0,33 97,00 9.395,00 6176
936 89,16 0,92 0,33 97,00 9.405,00 6177
937 89,16 0,92 0,33 97,00 9.415,00 6177
938 89,16 0,92 0,33 97,00 9.425,00 6177
939 89,16 0,92 0,33 97,00 9.435,00 6177
940 89,16 0,92 0,33 97,00 9.445,00 6177
941 89,16 0,92 0,33 97,00 9.455,00 6177
942 89,16 0,92 0,33 97,00 9.465,00 6177
943 89,16 0,92 0,33 97,00 9.475,00 6177
944 89,16 0,92 0,33 97,00 9.485,00 6177
945 89,16 0,92 0,33 97,00 9.495,00 6177
946 89,16 0,92 0,33 97,00 9.505,00 6177
947 89,16 0,92 0,33 97,00 9.515,00 6177
948 89,16 0,92 0,33 97,00 9.525,00 6177
949 89,16 0,92 0,33 97,00 9.535,00 6177
950 89,16 0,92 0,33 97,00 9.545,00 6177
951 89,16 0,92 0,33 97,00 9.555,00 6177
952 89,16 0,92 0,33 97,00 9.565,00 6177
953 89,16 0,92 0,33 97,00 9.575,00 6177
954 89,16 0,92 0,33 97,00 9.585,00 6177
955 89,16 0,90 0,32 97,00 9.595,00 6177
956 89,16 0,90 0,32 97,00 9.605,00 6177
957 89,16 0,90 0,32 97,00 9.615,00 6177
958 89,16 0,90 0,32 97,00 9.625,00 6177
959 89,16 0,90 0,32 97,00 9.635,00 6177
960 89,16 0,90 0,32 101,00 9.645,00 6177
961 89,16 0,90 0,32 101,00 9.655,00 6179
962 89,16 0,90 0,32 101,00 9.665,00 6180
963 89,16 0,90 0,32 101,00 9.675,00 6180
964 89,16 0,90 0,32 101,00 9.685,00 6180
965 89,16 0,90 0,32 101,00 9.695,00 6181
966 89,16 0,90 0,32 101,00 9.705,00 6181
967 89,16 0,90 0,32 101,00 9.715,00 6181
968 89,16 0,90 0,32 101,00 9.725,00 6181
969 89,16 0,90 0,32 101,00 9.735,00 6181
970 89,16 0,90 0,32 101,00 9.745,00 6181
971 89,16 0,90 0,32 101,00 9.755,00 6181
972 89,16 0,90 0,32 101,00 9.765,00 6181
973 89,16 0,90 0,32 101,00 9.775,00 6181
974 89,16 0,90 0,32 101,00 9.785,00 6181
975 89,16 0,90 0,32 101,00 9.795,00 6181
976 89,16 0,90 0,32 101,00 9.805,00 6181
977 89,16 0,92 0,32 101,00 9.815,00 6181
978 89,16 0,92 0,32 101,00 9.825,00 6181
979 89,16 0,92 0,32 101,00 9.835,00 6181
980 89,16 0,92 0,32 101,00 9.845,00 6181
981 89,16 0,92 0,32 101,00 9.855,00 6181
982 89,16 0,92 0,32 101,00 9.865,00 6181
983 89,16 0,92 0,32 101,00 9.875,00 6181
984 89,16 0,92 0,32 101,00 9.885,00 6181
985 89,16 0,92 0,32 101,00 9.895,00 6181
986 89,16 0,92 0,32 101,00 9.905,00 6181
987 89,16 0,92 0,32 101,00 9.915,00 6181
988 89,16 0,92 0,32 101,00 9.925,00 6181
989 89,16 0,92 0,32 101,00 9.935,00 6181
990 89,16 0,92 0,32 96,00 9.945,00 6181
991 89,16 0,92 0,32 96,00 9.955,00 6187
992 89,16 0,86 0,30 96,00 9.965,00 6189
993 89,16 0,86 0,30 96,00 9.975,00 6189
994 89,16 0,86 0,30 96,00 9.985,00 6189
995 89,16 0,86 0,30 96,00 9.995,00 6189
996 89,16 0,86 0,30 96,00 10.005,00 6189
997 89,16 0,86 0,30 96,00 10.015,00 6189
998 89,16 0,86 0,30 96,00 10.025,00 6189
999 89,16 0,86 0,30 96,00 10.035,00 6189
