500
0 253,21 253,21 253,21 1,00 72,00
1 253,21 0,00 0,00 1,00 65,00
2 253,21 253,21 270,88 99,00 78,00
3 253,21 0,00 0,00 1,00 92,00
4 253,21 0,00 0,00 99,00 105,00
5 253,21 253,21 202,67 197,00 115,00
6 253,21 0,00 0,00 97,00 129,00
7 253,21 253,21 213,77 195,00 142,00
8 253,21 0,00 0,00 97,00 156,00
9 253,21 253,21 215,01 195,00 169,00
10 253,21 0,00 0,00 95,00 183,00
11 253,21 0,00 0,00 193,00 196,00
12 253,21 253,21 228,94 291,00 209,00
13 253,21 0,00 0,00 191,00 223,00
14 253,21 253,21 230,27 289,00 236,00
15 253,21 0,00 0,00 189,00 250,00
16 253,21 253,21 229,42 287,00 263,00
17 253,21 0,00 0,00 187,00 277,00
18 253,21 0,00 0,00 285,00 290,00
19 253,21 253,21 227,88 383,00 303,00
20 253,21 0,00 0,00 283,00 317,00
21 253,21 253,21 227,25 381,00 330,00
22 253,21 0,00 0,00 281,00 344,00
23 253,21 253,21 226,85 379,00 357,00
24 253,21 0,00 0,00 279,00 371,00
25 253,21 0,00 0,00 377,00 384,00
26 253,21 253,21 226,36 475,00 397,00
27 253,21 0,00 0,00 375,00 411,00
28 253,21 253,21 226,10 473,00 424,00
29 253,21 0,00 0,00 373,00 438,00
30 253,21 253,21 225,44 471,00 451,00
31 253,21 0,00 0,00 371,00 465,00
32 253,21 0,00 0,00 469,00 478,00
33 253,21 253,21 224,65 567,00 491,00
34 253,21 0,00 0,00 467,00 505,00
35 253,21 253,21 224,19 565,00 518,00
36 253,21 0,00 0,00 466,00 532,00
37 253,21 253,21 223,77 564,00 545,00
38 253,21 0,00 0,00 464,00 559,00
39 253,21 0,00 0,00 562,00 572,00
40 253,21 253,21 223,06 660,00 585,00
41 253,21 0,00 0,00 561,00 599,00
42 253,21 253,21 222,59 659,00 612,00
43 253,21 0,00 0,00 560,00 626,00
44 253,21 253,21 222,14 658,00 639,00
45 253,21 0,00 0,00 558,00 653,00
46 253,21 0,00 0,00 656,00 666,00
47 253,21 253,21 221,39 754,00 679,00
48 253,21 0,00 0,00 654,00 693,00
49 253,21 253,21 220,89 752,00 706,00
50 253,21 0,00 0,00 652,00 720,00
51 253,21 253,21 220,43 750,00 733,00
52 253,21 0,00 0,00 651,00 747,00
53 253,21 0,00 0,00 749,00 760,00
54 253,21 253,21 219,72 847,00 773,00
55 253,21 0,00 0,00 747,00 787,00
56 253,21 253,21 219,23 845,00 800,00
57 253,21 0,00 0,00 746,00 814,00
58 253,21 253,21 218,77 844,00 827,00
59 253,21 0,00 0,00 745,00 841,00
60 253,21 0,00 0,00 843,00 854,00
61 253,21 253,21 218,08 941,00 867,00
62 253,21 0,00 0,00 841,00 881,00
63 253,21 253,21 217,59 939,00 894,00
64 253,21 0,00 0,00 839,00 908,00
65 253,21 253,21 217,09 937,00 921,00
66 253,21 0,00 0,00 838,00 935,00
67 253,21 0,00 0,00 936,00 948,00
68 253,21 253,21 216,41 1.034,00 961,00
69 253,21 0,00 0,00 934,00 975,00
70 253,21 253,21 215,94 1.032,00 988,00
71 253,21 0,00 0,00 932,00 1.002,00
72 253,21 253,21 215,46 1.030,00 1.015,00
73 253,21 0,00 0,00 930,00 1.029,00
74 253,21 0,00 0,00 1.028,00 1.042,00
75 253,21 253,21 214,76 1.126,00 1.055,00
76 253,21 0,00 0,00 1.026,00 1.069,00
77 253,21 253,21 214,30 1.124,00 1.082,00
78 253,21 0,00 0,00 1.024,00 1.096,00
79 253,21 253,21 213,86 1.122,00 1.109,00
80 253,21 0,00 0,00 1.022,00 1.123,00
81 253,21 0,00 0,00 1.120,00 1.134,00
82 253,21 253,21 213,23 1.218,00 1.147,00
83 253,21 0,00 0,00 1.118,00 1.161,00
84 253,21 253,21 212,80 1.216,00 1.174,00
85 253,21 0,00 0,00 1.116,00 1.188,00
86 253,21 253,21 212,37 1.214,00 1.201,00
87 253,21 0,00 0,00 1.114,00 1.215,00
88 253,21 0,00 0,00 1.212,00 1.226,00
89 253,21 253,21 211,74 1.310,00 1.239,00
90 253,21 0,00 0,00 1.210,00 1.253,00
91 253,21 253,21 211,29 1.308,00 1.266,00
92 253,21 0,00 0,00 1.208,00 1.280,00
93 253,21 253,21 210,88 1.306,00 1.293,00
94 253,21 0,00 0,00 1.207,00 1.307,00
95 253,21 0,00 0,00 1.305,00 1.319,00
96 253,21 253,21 210,29 1.403,00 1.332,00
97 253,21 0,00 0,00 1.303,00 1.346,00
98 253,21 253,21 209,87 1.401,00 1.359,00
99 253,21 0,00 0,00 1.301,00 1.373,00
100 253,21 253,21 209,46 1.399,00 1.386,00
101 253,21 0,00 0,00 1.299,00 1.400,00
102 253,21 0,00 0,00 1.397,00 1.411,00
103 253,21 253,21 208,87 1.495,00 1.424,00
104 253,21 0,00 0,00 1.395,00 1.438,00
105 253,21 253,21 208,48 1.493,00 1.451,00
106 253,21 0,00 0,00 1.393,00 1.465,00
107 253,21 253,21 208,13 1.491,00 1.478,00
108 253,21 0,00 0,00 1.391,00 1.492,00
109 253,21 0,00 0,00 1.489,00 1.503,00
110 253,21 253,21 207,52 1.587,00 1.516,00
111 253,21 0,00 0,00 1.487,00 1.530,00
112 253,21 253,21 207,14 1.585,00 1.543,00
113 253,21 0,00 0,00 1.485,00 1.557,00
114 253,21 253,21 206,76 1.583,00 1.570,00
115 253,21 0,00 0,00 1.483,00 1.584,00
116 253,21 0,00 0,00 1.581,00 1.595,00
117 253,21 253,21 206,19 1.679,00 1.608,00
118 253,21 0,00 0,00 1.579,00 1.622,00
119 253,21 253,21 205,81 1.677,00 1.635,00
120 253,21 0,00 0,00 1.577,00 1.649,00
121 253,21 253,21 205,43 1.675,00 1.662,00
122 253,21 0,00 0,00 1.576,00 1.676,00
123 253,21 0,00 0,00 1.674,00 1.688,00
124 253,21 253,21 204,89 1.772,00 1.701,00
125 253,21 0,00 0,00 1.672,00 1.715,00
126 253,21 253,21 204,53 1.770,00 1.728,00
127 253,21 0,00 0,00 1.670,00 1.742,00
128 253,21 253,21 204,21 1.768,00 1.755,00
129 253,21 0,00 0,00 1.668,00 1.769,00
130 253,21 0,00 0,00 1.766,00 1.780,00
131 253,21 253,21 203,74 1.864,00 1.793,00
132 253,21 0,00 0,00 1.764,00 1.807,00
133 253,21 253,21 203,42 1.862,00 1.820,00
134 253,21 0,00 0,00 1.762,00 1.834,00
135 253,21 253,21 203,11 1.860,00 1.847,00
136 253,21 0,00 0,00 1.760,00 1.861,00
137 253,21 0,00 0,00 1.858,00 1.872,00
138 253,21 253,21 202,66 1.956,00 1.885,00
139 253,21 0,00 0,00 1.856,00 1.899,00
140 253,21 253,21 202,36 1.954,00 1.912,00
141 253,21 0,00 0,00 1.854,00 1.926,00
142 253,21 253,21 202,08 1.952,00 1.939,00
143 253,21 0,00 0,00 1.852,00 1.953,00
144 253,21 0,00 0,00 1.950,00 1.964,00
145 253,21 253,21 201,65 2.048,00 1.977,00
146 253,21 0,00 0,00 1.949,00 1.991,00
147 253,21 253,21 201,38 2.047,00 2.004,00
148 253,21 0,00 0,00 1.947,00 2.018,00
149 253,21 253,21 201,12 2.045,00 2.031,00
150 253,21 0,00 0,00 1.946,00 2.045,00
151 253,21 0,00 0,00 2.044,00 2.058,00
152 253,21 253,21 200,73 2.142,00 2.071,00
153 253,21 0,00 0,00 2.042,00 2.085,00
154 253,21 253,21 200,46 2.140,00 2.098,00
155 253,21 0,00 0,00 2.040,00 2.112,00
156 253,21 253,21 200,20 2.138,00 2.125,00
157 253,21 0,00 0,00 2.038,00 2.139,00
158 253,21 0,00 0,00 2.136,00 2.150,00
159 253,21 253,21 199,81 2.234,00 2.163,00
160 253,21 0,00 0,00 2.134,00 2.177,00
161 253,21 253,21 199,55 2.232,00 2.190,00
162 253,21 0,00 0,00 2.132,00 2.204,00
163 253,21 253,21 199,32 2.230,00 2.217,00
164 253,21 0,00 0,00 2.131,00 2.231,00
165 253,21 0,00 0,00 2.229,00 2.243,00
166 253,21 253,21 198,96 2.327,00 2.256,00
167 253,21 0,00 0,00 2.227,00 2.270,00
168 253,21 253,21 198,72 2.325,00 2.283,00
169 253,21 0,00 0,00 2.225,00 2.297,00
170 253,21 253,21 198,49 2.323,00 2.310,00
171 253,21 0,00 0,00 2.224,00 2.324,00
172 253,21 0,00 0,00 2.322,00 2.336,00
173 253,21 253,21 198,15 2.420,00 2.349,00
174 253,21 0,00 0,00 2.320,00 2.363,00
175 253,21 253,21 197,92 2.418,00 2.376,00
176 253,21 0,00 0,00 2.318,00 2.390,00
177 253,21 253,21 197,71 2.416,00 2.403,00
178 253,21 0,00 0,00 2.316,00 2.417,00
179 253,21 0,00 0,00 2.414,00 2.428,00
180 253,21 253,21 197,42 2.512,00 2.441,00
181 253,21 0,00 0,00 2.412,00 2.455,00
182 253,21 253,21 197,22 2.510,00 2.468,00
183 253,21 0,00 0,00 2.411,00 2.482,00
184 253,21 253,21 197,03 2.509,00 2.495,00
185 253,21 0,00 0,00 2.409,00 2.509,00
186 253,21 0,00 0,00 2.507,00 2.521,00
187 253,21 253,21 196,77 2.605,00 2.534,00
188 253,21 0,00 0,00 2.505,00 2.548,00
189 253,21 253,21 196,59 2.603,00 2.561,00
190 253,21 0,00 0,00 2.504,00 2.575,00
191 253,21 253,21 196,41 2.602,00 2.588,00
192 253,21 0,00 0,00 2.502,00 2.602,00
193 253,21 0,00 0,00 2.600,00 2.614,00
194 253,21 253,21 196,15 2.698,00 2.627,00
195 253,21 0,00 0,00 2.598,00 2.641,00
196 253,21 253,21 195,99 2.696,00 2.654,00
197 253,21 0,00 0,00 2.596,00 2.668,00
198 253,21 253,21 195,83 2.694,00 2.681,00
199 253,21 0,00 0,00 2.594,00 2.695,00
200 253,21 0,00 0,00 2.692,00 2.706,00
201 253,21 253,21 195,60 2.790,00 2.719,00
202 253,21 0,00 0,00 2.690,00 2.733,00
203 253,21 253,21 195,46 2.788,00 2.746,00
204 253,21 0,00 0,00 2.688,00 2.760,00
205 253,21 253,21 195,30 2.786,00 2.773,00
206 253,21 0,00 0,00 2.686,00 2.787,00
207 253,21 0,00 0,00 2.784,00 2.798,00
208 253,21 253,21 195,07 2.882,00 2.811,00
209 253,21 0,00 0,00 2.782,00 2.825,00
210 253,21 253,21 194,92 2.880,00 2.838,00
211 253,21 0,00 0,00 2.781,00 2.852,00
212 253,21 253,21 194,78 2.879,00 2.865,00
213 253,21 0,00 0,00 2.779,00 2.879,00
214 253,21 0,00 0,00 2.877,00 2.891,00
215 253,21 253,21 194,59 2.975,00 2.904,00
216 253,21 0,00 0,00 2.875,00 2.918,00
217 253,21 253,21 194,44 2.973,00 2.931,00
218 253,21 0,00 0,00 2.873,00 2.945,00
219 253,21 253,21 194,31 2.971,00 2.958,00
220 253,21 0,00 0,00 2.871,00 2.972,00
221 253,21 0,00 0,00 2.969,00 2.983,00
222 253,21 253,21 194,13 3.067,00 2.996,00
223 253,21 0,00 0,00 2.967,00 3.010,00
224 253,21 253,21 194,00 3.065,00 3.023,00
225 253,21 0,00 0,00 2.965,00 3.037,00
226 253,21 253,21 193,88 3.063,00 3.050,00
227 253,21 0,00 0,00 2.963,00 3.064,00
228 253,21 0,00 0,00 3.061,00 3.075,00
229 253,21 253,21 193,70 3.159,00 3.088,00
230 253,21 0,00 0,00 3.059,00 3.102,00
231 253,21 253,21 193,59 3.157,00 3.115,00
232 253,21 0,00 0,00 3.057,00 3.129,00
233 253,21 253,21 193,49 3.155,00 3.142,00
234 253,21 0,00 0,00 3.056,00 3.156,00
235 253,21 0,00 0,00 3.154,00 3.168,00
236 253,21 253,21 193,34 3.252,00 3.181,00
237 253,21 0,00 0,00 3.152,00 3.195,00
238 253,21 253,21 193,24 3.250,00 3.208,00
239 253,21 0,00 0,00 3.150,00 3.222,00
240 253,21 253,21 193,14 3.248,00 3.235,00
241 253,21 0,00 0,00 3.149,00 3.249,00
242 253,21 0,00 0,00 3.247,00 3.261,00
243 253,21 253,21 193,00 3.345,00 3.274,00
244 253,21 0,00 0,00 3.245,00 3.288,00
245 253,21 253,21 192,90 3.343,00 3.301,00
246 253,21 0,00 0,00 3.243,00 3.315,00
247 253,21 253,21 192,82 3.341,00 3.328,00
248 253,21 0,00 0,00 3.241,00 3.342,00
249 253,21 0,00 0,00 3.339,00 3.353,00
250 253,21 253,21 192,71 3.437,00 3.366,00
251 253,21 0,00 0,00 3.337,00 3.380,00
252 253,21 253,21 192,62 3.435,00 3.393,00
253 253,21 0,00 0,00 3.335,00 3.407,00
254 253,21 253,21 192,54 3.433,00 3.420,00
255 253,21 0,00 0,00 3.333,00 3.434,00
256 253,21 0,00 0,00 3.431,00 3.445,00
257 253,21 253,21 192,43 3.529,00 3.458,00
258 253,21 0,00 0,00 3.429,00 3.472,00
259 253,21 253,21 192,35 3.527,00 3.485,00
260 253,21 0,00 0,00 3.427,00 3.499,00
261 253,21 253,21 192,27 3.525,00 3.512,00
262 253,21 0,00 0,00 3.425,00 3.526,00
263 253,21 0,00 0,00 3.523,00 3.537,00
264 253,21 253,21 192,16 3.621,00 3.550,00
265 253,21 0,00 0,00 3.521,00 3.564,00
266 253,21 253,21 192,08 3.619,00 3.577,00
267 253,21 0,00 0,00 3.519,00 3.591,00
268 253,21 253,21 192,02 3.617,00 3.604,00
269 253,21 0,00 0,00 3.517,00 3.618,00
270 253,21 0,00 0,00 3.615,00 3.629,00
271 253,21 253,21 191,92 3.713,00 3.642,00
272 253,21 0,00 0,00 3.613,00 3.656,00
273 253,21 253,21 191,85 3.711,00 3.669,00
274 253,21 0,00 0,00 3.611,00 3.683,00
275 253,21 253,21 191,78 3.709,00 3.696,00
276 253,21 0,00 0,00 3.609,00 3.710,00
277 253,21 0,00 0,00 3.707,00 3.721,00
278 253,21 253,21 191,68 3.805,00 3.734,00
279 253,21 0,00 0,00 3.705,00 3.748,00
280 253,21 253,21 191,61 3.803,00 3.761,00
281 253,21 0,00 0,00 3.704,00 3.775,00
282 253,21 253,21 191,55 3.802,00 3.788,00
283 253,21 0,00 0,00 3.702,00 3.802,00
284 253,21 0,00 0,00 3.800,00 3.814,00
285 253,21 253,21 191,47 3.898,00 3.827,00
286 253,21 0,00 0,00 3.799,00 3.841,00
287 253,21 253,21 191,42 3.897,00 3.854,00
288 253,21 0,00 0,00 3.797,00 3.868,00
289 253,21 253,21 191,37 3.895,00 3.881,00
290 253,21 0,00 0,00 3.795,00 3.895,00
291 253,21 0,00 0,00 3.893,00 3.907,00
292 253,21 253,21 191,30 3.991,00 3.920,00
293 253,21 0,00 0,00 3.891,00 3.934,00
294 253,21 253,21 191,25 3.989,00 3.947,00
295 253,21 0,00 0,00 3.889,00 3.961,00
296 253,21 253,21 191,21 3.987,00 3.974,00
297 253,21 0,00 0,00 3.888,00 3.988,00
298 253,21 0,00 0,00 3.986,00 4.000,00
299 253,21 253,21 191,15 4.084,00 4.013,00
300 253,21 0,00 0,00 3.984,00 4.027,00
301 253,21 253,21 191,11 4.082,00 4.040,00
302 253,21 0,00 0,00 3.982,00 4.054,00
303 253,21 253,21 191,08 4.080,00 4.067,00
304 253,21 0,00 0,00 3.980,00 4.081,00
305 253,21 0,00 0,00 4.078,00 4.092,00
306 253,21 253,21 191,03 4.176,00 4.105,00
307 253,21 0,00 0,00 4.076,00 4.119,00
308 253,21 253,21 190,99 4.174,00 4.132,00
309 253,21 0,00 0,00 4.074,00 4.146,00
310 253,21 253,21 190,95 4.172,00 4.159,00
311 253,21 0,00 0,00 4.072,00 4.173,00
312 253,21 0,00 0,00 4.170,00 4.184,00
313 253,21 253,21 190,90 4.268,00 4.197,00
314 253,21 0,00 0,00 4.168,00 4.211,00
315 253,21 253,21 190,86 4.266,00 4.224,00
316 253,21 0,00 0,00 4.167,00 4.238,00
317 253,21 253,21 190,83 4.265,00 4.251,00
318 253,21 0,00 0,00 4.165,00 4.265,00
319 253,21 0,00 0,00 4.263,00 4.277,00
320 253,21 253,21 190,79 4.361,00 4.290,00
321 253,21 0,00 0,00 4.261,00 4.304,00
322 253,21 253,21 190,76 4.359,00 4.317,00
323 253,21 0,00 0,00 4.259,00 4.331,00
324 253,21 253,21 190,73 4.357,00 4.344,00
325 253,21 0,00 0,00 4.257,00 4.358,00
326 253,21 0,00 0,00 4.355,00 4.369,00
327 253,21 253,21 190,68 4.453,00 4.382,00
328 253,21 0,00 0,00 4.353,00 4.396,00
329 253,21 253,21 190,65 4.451,00 4.409,00
330 253,21 0,00 0,00 4.352,00 4.423,00
331 253,21 253,21 190,62 4.450,00 4.436,00
332 253,21 0,00 0,00 4.351,00 4.450,00
333 253,21 0,00 0,00 4.449,00 4.463,00
334 253,21 253,21 190,58 4.547,00 4.476,00
335 253,21 0,00 0,00 4.447,00 4.490,00
336 253,21 253,21 190,56 4.545,00 4.503,00
337 253,21 0,00 0,00 4.445,00 4.517,00
338 253,21 253,21 190,54 4.543,00 4.530,00
339 253,21 0,00 0,00 4.444,00 4.544,00
340 253,21 0,00 0,00 4.542,00 4.556,00
341 253,21 253,21 190,51 4.640,00 4.569,00
342 253,21 0,00 0,00 4.540,00 4.583,00
343 253,21 253,21 190,48 4.638,00 4.596,00
344 253,21 0,00 0,00 4.538,00 4.610,00
345 253,21 253,21 190,47 4.636,00 4.623,00
346 253,21 0,00 0,00 4.536,00 4.637,00
347 253,21 0,00 0,00 4.634,00 4.648,00
348 253,21 253,21 190,45 4.732,00 4.661,00
349 253,21 0,00 0,00 4.632,00 4.675,00
350 253,21 253,21 190,43 4.730,00 4.688,00
351 253,21 0,00 0,00 4.630,00 4.702,00
352 253,21 253,21 190,41 4.728,00 4.715,00
353 253,21 0,00 0,00 4.628,00 4.729,00
354 253,21 0,00 0,00 4.726,00 4.740,00
355 253,21 253,21 190,40 4.824,00 4.753,00
356 253,21 0,00 0,00 4.724,00 4.767,00
357 253,21 253,21 190,39 4.822,00 4.780,00
358 253,21 0,00 0,00 4.722,00 4.794,00
359 253,21 253,21 190,37 4.820,00 4.807,00
360 253,21 0,00 0,00 4.721,00 4.821,00
361 253,21 0,00 0,00 4.819,00 4.833,00
362 253,21 253,21 190,34 4.917,00 4.846,00
363 253,21 0,00 0,00 4.817,00 4.860,00
364 253,21 253,21 190,32 4.915,00 4.873,00
365 253,21 0,00 0,00 4.815,00 4.887,00
366 253,21 253,21 190,31 4.913,00 4.900,00
367 253,21 0,00 0,00 4.813,00 4.914,00
368 253,21 0,00 0,00 4.911,00 4.925,00
369 253,21 253,21 190,30 5.009,00 4.938,00
370 253,21 0,00 0,00 4.909,00 4.952,00
371 253,21 253,21 190,29 5.007,00 4.965,00
372 253,21 0,00 0,00 4.908,00 4.979,00
373 253,21 253,21 190,28 5.006,00 4.992,00
374 253,21 0,00 0,00 4.906,00 5.006,00
375 253,21 0,00 0,00 5.004,00 5.018,00
376 253,21 253,21 190,26 5.102,00 5.031,00
377 253,21 0,00 0,00 5.002,00 5.045,00
378 253,21 253,21 190,25 5.100,00 5.058,00
379 253,21 0,00 0,00 5.000,00 5.072,00
380 253,21 253,21 190,24 5.098,00 5.085,00
381 253,21 0,00 0,00 4.998,00 5.099,00
382 253,21 0,00 0,00 5.096,00 5.110,00
383 253,21 253,21 190,23 5.194,00 5.123,00
384 253,21 0,00 0,00 5.094,00 5.137,00
385 253,21 253,21 190,22 5.192,00 5.150,00
386 253,21 0,00 0,00 5.092,00 5.164,00
387 253,21 253,21 190,21 5.190,00 5.177,00
388 253,21 0,00 0,00 5.090,00 5.191,00
389 253,21 0,00 0,00 5.188,00 5.202,00
390 253,21 253,21 190,20 5.286,00 5.215,00
391 253,21 0,00 0,00 5.186,00 5.229,00
392 253,21 253,21 190,19 5.284,00 5.242,00
393 253,21 0,00 0,00 5.184,00 5.256,00
394 253,21 253,21 190,19 5.282,00 5.269,00
395 253,21 0,00 0,00 5.182,00 5.283,00
396 253,21 0,00 0,00 5.280,00 5.294,00
397 253,21 253,21 190,18 5.378,00 5.307,00
398 253,21 0,00 0,00 5.278,00 5.321,00
399 253,21 253,21 190,18 5.376,00 5.334,00
400 253,21 0,00 0,00 5.277,00 5.348,00
401 253,21 253,21 190,18 5.375,00 5.361,00
402 253,21 0,00 0,00 5.275,00 5.375,00
403 253,21 0,00 0,00 5.373,00 5.387,00
404 253,21 253,21 190,18 5.471,00 5.400,00
405 253,21 0,00 0,00 5.371,00 5.414,00
406 253,21 253,21 190,18 5.469,00 5.427,00
407 253,21 0,00 0,00 5.369,00 5.441,00
408 253,21 253,21 190,18 5.467,00 5.454,00
409 253,21 0,00 0,00 5.367,00 5.468,00
410 253,21 0,00 0,00 5.465,00 5.479,00
411 253,21 253,21 190,18 5.563,00 5.492,00
412 253,21 0,00 0,00 5.463,00 5.506,00
413 253,21 253,21 190,18 5.561,00 5.519,00
414 253,21 0,00 0,00 5.462,00 5.533,00
415 253,21 253,21 190,18 5.560,00 5.546,00
416 253,21 0,00 0,00 5.460,00 5.560,00
417 253,21 0,00 0,00 5.558,00 5.572,00
418 253,21 253,21 190,18 5.656,00 5.585,00
419 253,21 0,00 0,00 5.556,00 5.599,00
420 253,21 253,21 190,19 5.654,00 5.612,00
421 253,21 0,00 0,00 5.554,00 5.626,00
422 253,21 253,21 190,19 5.652,00 5.639,00
423 253,21 0,00 0,00 5.552,00 5.653,00
424 253,21 0,00 0,00 5.650,00 5.664,00
425 253,21 253,21 190,19 5.748,00 5.677,00
426 253,21 0,00 0,00 5.648,00 5.691,00
427 253,21 253,21 190,19 5.746,00 5.704,00
428 253,21 0,00 0,00 5.646,00 5.718,00
429 253,21 253,21 190,19 5.744,00 5.731,00
430 253,21 0,00 0,00 5.645,00 5.745,00
431 253,21 0,00 0,00 5.743,00 5.757,00
432 253,21 253,21 190,19 5.841,00 5.770,00
433 253,21 0,00 0,00 5.741,00 5.784,00
434 253,21 253,21 190,19 5.839,00 5.797,00
435 253,21 0,00 0,00 5.739,00 5.811,00
436 253,21 253,21 190,19 5.837,00 5.824,00
437 253,21 0,00 0,00 5.737,00 5.838,00
438 253,21 0,00 0,00 5.835,00 5.849,00
439 253,21 253,21 190,20 5.933,00 5.862,00
440 253,21 0,00 0,00 5.834,00 5.876,00
441 253,21 253,21 190,20 5.932,00 5.889,00
442 253,21 0,00 0,00 5.832,00 5.903,00
443 253,21 253,21 190,20 5.930,00 5.916,00
444 253,21 0,00 0,00 5.830,00 5.930,00
445 253,21 0,00 0,00 5.928,00 5.942,00
446 253,21 253,21 190,20 6.026,00 5.955,00
447 253,21 0,00 0,00 5.926,00 5.969,00
448 253,21 253,21 190,20 6.024,00 5.982,00
449 253,21 0,00 0,00 5.924,00 5.996,00
450 253,21 253,21 190,21 6.022,00 6.009,00
451 253,21 0,00 0,00 5.922,00 6.023,00
452 253,21 0,00 0,00 6.020,00 6.034,00
453 253,21 253,21 190,22 6.118,00 6.047,00
454 253,21 0,00 0,00 6.018,00 6.061,00
455 253,21 253,21 190,22 6.116,00 6.074,00
456 253,21 0,00 0,00 6.016,00 6.088,00
457 253,21 253,21 190,23 6.114,00 6.101,00
458 253,21 0,00 0,00 6.014,00 6.115,00
459 253,21 0,00 0,00 6.112,00 6.126,00
460 253,21 253,21 190,24 6.210,00 6.139,00
461 253,21 0,00 0,00 6.110,00 6.153,00
462 253,21 253,21 190,24 6.208,00 6.166,00
463 253,21 0,00 0,00 6.108,00 6.180,00
464 253,21 253,21 190,25 6.206,00 6.193,00
465 253,21 0,00 0,00 6.106,00 6.207,00
466 253,21 0,00 0,00 6.204,00 6.218,00
467 253,21 253,21 190,26 6.302,00 6.231,00
468 253,21 0,00 0,00 6.202,00 6.245,00
469 253,21 253,21 190,26 6.300,00 6.258,00
470 253,21 0,00 0,00 6.200,00 6.272,00
471 253,21 253,21 190,27 6.298,00 6.285,00
472 253,21 0,00 0,00 6.198,00 6.299,00
473 253,21 0,00 0,00 6.296,00 6.310,00
474 253,21 253,21 190,28 6.394,00 6.323,00
475 253,21 0,00 0,00 6.294,00 6.337,00
476 253,21 253,21 190,29 6.392,00 6.350,00
477 253,21 0,00 0,00 6.293,00 6.364,00
478 253,21 253,21 190,29 6.391,00 6.377,00
479 253,21 0,00 0,00 6.291,00 6.391,00
480 253,21 0,00 0,00 6.389,00 6.403,00
481 253,21 253,21 190,29 6.487,00 6.416,00
482 253,21 0,00 0,00 6.387,00 6.430,00
483 253,21 253,21 190,29 6.485,00 6.443,00
484 253,21 0,00 0,00 6.385,00 6.457,00
485 253,21 253,21 190,30 6.483,00 6.470,00
486 253,21 0,00 0,00 6.383,00 6.484,00
487 253,21 0,00 0,00 6.481,00 6.495,00
488 253,21 253,21 190,31 6.579,00 6.508,00
489 253,21 0,00 0,00 6.479,00 6.522,00
490 253,21 253,21 190,32 6.577,00 6.535,00
491 253,21 0,00 0,00 6.477,00 6.549,00
492 253,21 253,21 190,33 6.575,00 6.562,00
493 253,21 0,00 0,00 6.475,00 6.576,00
494 253,21 0,00 0,00 6.573,00 6.587,00
495 253,21 253,21 190,34 6.671,00 6.600,00
496 253,21 0,00 0,00 6.571,00 6.614,00
497 253,21 253,21 190,35 6.669,00 6.627,00
498 253,21 0,00 0,00 6.569,00 6.641,00
499 253,21 253,21 190,35 6.667,00 6.654,00
