500
0 95,80 95,80 95,80 3,00 71,00 0 2
1 95,80 95,80 95,80 3,00 63,00 2034 2
2 95,80 95,80 13,97 1,00 55,00 5373 2
3 95,80 95,80 15,26 3,00 47,00 8224 2
4 95,80 95,80 14,47 1,00 36,00 10634 2
5 95,80 95,80 16,47 1,00 33,00 12916 2
6 95,80 95,80 17,44 3,00 22,00 15418 2
7 95,80 95,80 18,11 1,00 7,00 17536 2
8 95,80 95,80 22,98 1,00 5,00 19639 2
9 95,80 95,80 29,57 1,00 1,00 21808 2
10 95,80 95,80 26,70 1,00 1,00 23907 2
11 95,80 95,80 32,62 1,00 1,00 25930 2
12 95,80 95,80 36,76 1,00 1,00 27892 2
13 95,80 95,80 41,46 1,00 1,00 29850 2
14 95,80 95,80 57,68 2,00 1,00 31599 2
15 95,80 95,80 30,42 2,00 10,00 33497 2
16 95,80 95,80 68,29 1,00 10,00 35789 2
17 95,80 95,80 72,61 1,00 4,00 37955 2
18 95,80 95,80 65,67 2,00 1,00 39952 2
19 95,80 95,80 64,18 1,00 10,00 41766 2
20 95,80 95,80 68,05 1,00 2,00 43660 2
21 95,80 95,80 69,70 2,00 1,00 45373 2
22 95,80 95,80 67,04 2,00 10,00 47124 2
23 95,80 95,80 74,93 1,00 10,00 48807 2
24 95,80 95,80 82,20 2,00 1,00 50463 2
25 95,80 95,80 84,10 2,00 10,00 52047 2
26 95,80 95,80 90,12 1,00 10,00 53795 2
27 95,80 95,80 82,34 1,00 1,00 55520 2
28 95,80 95,80 74,26 2,00 1,00 57190 2
29 95,80 95,80 95,17 2,00 10,00 58778 2
30 95,80 95,80 105,75 1,00 9,00 60394 2
31 95,80 95,80 103,08 2,00 1,00 62105 2
32 95,80 95,80 88,78 1,00 10,00 63934 2
33 95,80 95,80 88,05 1,00 1,00 65556 2
34 95,80 95,80 93,68 1,00 1,00 67081 2
35 95,80 95,80 96,00 1,00 1,00 68549 2
36 95,80 95,80 93,86 1,00 1,00 69881 2
37 95,80 95,80 95,80 1,00 1,00 71145 2
38 95,80 95,80 94,28 1,00 1,00 72579 2
39 95,80 95,80 94,57 1,00 1,00 74208 2
40 95,80 95,80 90,07 1,00 1,00 75718 2
41 95,80 95,80 69,11 1,00 1,00 77166 2
42 95,80 95,80 90,28 1,00 1,00 78878 2
43 95,80 95,80 86,03 1,00 1,00 80555 2
44 95,80 95,80 86,02 1,00 1,00 81773 2
45 95,80 95,80 86,63 1,00 1,00 83109 2
46 95,80 95,80 88,59 1,00 1,00 84434 2
47 95,80 95,80 87,14 1,00 1,00 85600 2
48 95,80 95,80 87,96 1,00 1,00 87143 2
49 95,80 95,80 87,51 1,00 1,00 88485 2
50 95,80 95,80 86,27 1,00 1,00 89667 2
51 95,80 95,80 103,48 1,00 1,00 91101 2
52 95,80 95,80 105,57 1,00 1,00 92490 2
53 95,80 95,80 104,14 1,00 1,00 93718 2
54 95,80 95,80 103,64 1,00 1,00 94913 2
55 95,80 95,80 105,96 1,00 1,00 96246 2
56 95,80 95,80 106,77 1,00 1,00 97603 2
57 95,80 95,80 104,74 1,00 1,00 98885 2
58 95,80 95,80 108,36 1,00 1,00 100402 2
59 95,80 95,80 105,50 1,00 1,00 101741 2
60 95,80 95,80 107,88 1,00 1,00 103074 2
61 95,80 95,80 108,28 1,00 1,00 104418 2
62 95,80 95,80 107,32 1,00 1,00 105536 2
63 95,80 95,80 106,53 1,00 1,00 106810 2
64 95,80 95,80 105,61 1,00 1,00 108412 2
65 95,80 95,80 104,15 1,00 1,00 110148 2
66 95,80 95,80 105,28 1,00 1,00 111691 2
67 95,80 95,80 103,90 1,00 1,00 113010 2
68 95,80 95,80 101,13 1,00 1,00 114244 2
69 95,80 95,80 103,10 1,00 1,00 115821 2
70 95,80 95,80 101,56 1,00 1,00 117266 2
71 95,80 95,80 102,90 1,00 1,00 118561 2
72 95,80 95,80 102,47 1,00 1,00 120013 2
73 95,80 95,80 102,80 1,00 1,00 121298 2
74 95,80 95,80 102,58 1,00 1,00 122549 2
75 95,80 95,80 101,96 1,00 1,00 123751 2
76 95,80 95,80 100,74 1,00 1,00 124905 2
77 95,80 95,80 99,80 1,00 1,00 125986 2
78 95,80 95,80 99,80 1,00 1,00 127318 2
79 95,80 95,80 98,46 1,00 1,00 128543 2
80 95,80 95,80 80,21 1,00 1,00 130074 2
81 95,80 95,80 79,57 1,00 1,00 131439 2
82 95,80 95,80 101,81 1,00 1,00 132580 2
83 95,80 95,80 97,77 1,00 1,00 133739 2
84 95,80 95,80 98,53 1,00 1,00 134818 2
85 95,80 95,80 96,84 1,00 1,00 135948 2
86 95,80 95,80 102,82 1,00 1,00 136970 2
87 95,80 95,80 102,13 1,00 1,00 138018 2
88 95,80 95,80 104,40 1,00 1,00 139066 2
89 95,80 95,80 104,94 1,00 1,00 139999 2
90 95,80 95,80 103,73 1,00 1,00 141020 2
91 95,80 95,80 104,30 1,00 1,00 142167 2
92 95,80 95,80 101,03 1,00 1,00 143191 2
93 95,80 95,80 102,33 1,00 1,00 144073 2
94 95,80 95,80 103,57 1,00 1,00 145023 2
95 95,80 95,80 105,32 1,00 1,00 146050 2
96 95,80 95,80 103,82 1,00 1,00 147033 2
97 95,80 95,80 102,43 1,00 1,00 148185 2
98 95,80 95,80 102,65 1,00 1,00 149496 2
99 95,80 95,80 96,27 1,00 1,00 150789 2
100 95,80 95,80 99,53 1,00 1,00 151913 2
101 95,80 95,80 98,85 1,00 1,00 152923 2
102 95,80 95,80 99,27 1,00 1,00 154100 2
103 95,80 95,80 97,84 1,00 1,00 155304 2
104 95,80 95,80 101,96 1,00 1,00 156501 2
105 95,80 95,80 108,07 1,00 1,00 157770 2
106 95,80 95,80 109,40 1,00 1,00 159019 2
107 95,80 95,80 107,16 1,00 1,00 160099 2
108 95,80 95,80 106,39 1,00 1,00 161070 2
109 95,80 95,80 106,59 1,00 1,00 161897 2
110 95,80 95,80 105,36 1,00 1,00 162626 2
111 95,80 95,80 105,30 1,00 1,00 163252 2
112 95,80 95,80 105,59 1,00 1,00 163915 2
113 95,80 95,80 104,95 1,00 1,00 164484 2
114 95,80 95,80 105,07 1,00 1,00 165028 2
115 95,80 95,80 105,08 1,00 1,00 165663 2
116 95,80 95,80 105,23 1,00 1,00 166330 2
117 95,80 95,80 105,37 1,00 1,00 166906 2
118 95,80 95,80 105,06 1,00 1,00 167421 2
119 95,80 95,80 104,61 1,00 1,00 168035 2
120 95,80 95,80 103,49 1,00 1,00 168861 2
121 95,80 95,80 104,00 1,00 1,00 169578 2
122 95,80 95,80 103,76 1,00 1,00 170224 2
123 95,80 95,80 104,12 1,00 1,00 170893 2
124 95,80 95,80 103,54 1,00 1,00 171582 2
125 95,80 95,80 103,69 1,00 1,00 172216 2
126 95,80 95,80 104,61 1,00 1,00 172756 2
127 95,80 95,80 105,13 1,00 1,00 173305 2
128 95,80 95,80 104,13 1,00 1,00 173840 2
129 95,80 95,80 102,96 1,00 1,00 174427 2
130 95,80 95,80 102,97 1,00 1,00 175026 2
131 95,80 95,80 103,45 1,00 1,00 175704 2
132 95,80 95,80 103,62 1,00 1,00 176270 2
133 95,80 95,80 103,18 1,00 1,00 176881 2
134 95,80 95,80 102,93 1,00 1,00 177431 2
135 95,80 95,80 102,97 1,00 1,00 178005 2
136 95,80 95,80 103,05 1,00 1,00 178566 2
137 95,80 95,80 100,45 1,00 1,00 179265 2
138 95,80 95,80 101,02 1,00 1,00 179894 2
139 95,80 95,80 101,36 1,00 1,00 180482 2
140 95,80 95,80 102,37 1,00 1,00 181063 2
141 95,80 95,80 100,33 1,00 1,00 181637 2
142 95,80 95,80 99,27 1,00 1,00 182152 2
143 95,80 95,80 98,59 1,00 1,00 182626 2
144 95,80 95,80 98,42 1,00 1,00 183097 2
145 95,80 95,80 97,38 1,00 1,00 183576 2
146 95,80 95,80 96,84 1,00 1,00 184032 2
147 95,80 95,80 96,60 1,00 1,00 184511 2
148 95,80 95,80 96,78 1,00 1,00 184974 2
149 95,80 95,80 97,32 1,00 1,00 185531 2
150 95,80 95,80 96,82 1,00 1,00 186058 2
151 95,80 95,80 97,10 1,00 1,00 186631 2
152 95,80 95,80 98,19 1,00 1,00 187173 2
153 95,80 95,80 99,98 1,00 1,00 187653 2
154 95,80 95,80 101,01 1,00 1,00 188087 2
155 95,80 95,80 102,04 1,00 1,00 188478 2
156 95,80 95,80 102,69 1,00 1,00 188781 2
157 95,80 95,80 102,66 1,00 1,00 189113 2
158 95,80 95,80 103,09 1,00 1,00 189431 2
159 95,80 95,80 103,26 1,00 1,00 189747 2
160 95,80 95,80 103,14 1,00 1,00 190001 2
161 95,80 95,80 102,61 1,00 1,00 190235 2
162 95,80 95,80 101,67 1,00 1,00 190426 2
163 95,80 95,80 102,43 1,00 1,00 190604 2
164 95,80 95,80 102,96 1,00 1,00 190779 2
165 95,80 95,80 103,68 1,00 1,00 191045 2
166 95,80 95,80 103,93 1,00 1,00 191280 2
167 95,80 95,80 103,91 1,00 1,00 191593 2
168 95,80 95,80 104,42 1,00 1,00 192025 2
169 95,80 95,80 104,29 1,00 1,00 192568 2
170 95,80 95,80 103,89 1,00 1,00 193073 2
171 95,80 95,80 103,89 1,00 1,00 193588 2
172 95,80 95,80 103,88 1,00 1,00 194218 2
173 95,80 95,80 103,93 1,00 1,00 194884 2
174 95,80 95,80 104,05 1,00 1,00 195676 2
175 95,80 95,80 103,30 1,00 1,00 196337 2
176 95,80 95,80 102,79 1,00 1,00 196899 2
177 95,80 95,80 102,99 1,00 1,00 197325 2
178 95,80 95,80 103,08 1,00 1,00 197802 2
179 95,80 95,80 102,36 2,00 1,00 198275 2
180 95,80 95,80 102,61 1,00 10,00 198921 2
181 95,80 95,80 103,05 1,00 9,00 199549 2
182 95,80 95,80 104,34 1,00 6,00 200208 2
183 95,80 95,80 103,04 1,00 2,00 201052 2
184 95,80 95,80 103,29 1,00 1,00 201970 2
185 95,80 95,80 104,52 1,00 1,00 202680 2
186 95,80 95,80 103,26 1,00 1,00 203342 2
187 95,80 95,80 100,85 1,00 1,00 203905 2
188 95,80 95,80 101,64 1,00 1,00 204414 2
189 95,80 95,80 102,25 1,00 1,00 205267 2
190 95,80 95,80 103,30 1,00 1,00 206148 2
191 95,80 95,80 103,09 1,00 1,00 207071 2
192 95,80 95,80 104,58 1,00 1,00 207853 2
193 95,80 95,80 104,05 1,00 1,00 208707 2
194 95,80 95,80 104,65 1,00 1,00 209442 2
195 95,80 95,80 105,65 1,00 1,00 210092 2
196 95,80 95,80 103,50 1,00 1,00 210836 2
197 95,80 95,80 103,17 1,00 1,00 211520 2
198 95,80 95,80 103,19 1,00 1,00 212143 2
199 95,80 95,80 103,58 1,00 1,00 212798 2
200 95,80 95,80 103,77 1,00 1,00 213398 2
201 95,80 95,80 103,34 1,00 1,00 213972 2
202 95,80 95,80 103,34 1,00 1,00 214446 2
203 95,80 95,80 103,43 1,00 1,00 214886 2
204 95,80 95,80 101,73 1,00 1,00 215331 2
205 95,80 95,80 103,48 1,00 1,00 215711 2
206 95,80 95,80 104,07 1,00 1,00 216069 2
207 95,80 95,80 104,17 1,00 1,00 216426 2
208 95,80 95,80 104,24 1,00 1,00 216691 2
209 95,80 95,80 102,60 1,00 1,00 216851 2
210 95,80 95,80 104,62 1,00 1,00 217021 2
211 95,80 95,80 104,90 1,00 1,00 217235 2
212 95,80 95,80 104,39 1,00 1,00 217428 2
213 95,80 95,80 104,64 1,00 1,00 217613 2
214 95,80 95,80 105,30 1,00 1,00 217786 2
215 95,80 95,80 104,99 1,00 1,00 218014 2
216 95,80 95,80 104,58 2,00 1,00 218241 2
217 95,80 95,80 104,69 1,00 10,00 218632 2
218 95,80 95,80 103,77 1,00 10,00 219065 2
219 95,80 95,80 103,21 1,00 10,00 219510 2
220 95,80 95,80 104,08 2,00 9,00 219834 2
221 95,80 95,80 104,56 1,00 9,00 220118 2
222 95,80 95,80 104,65 1,00 9,00 220457 2
223 95,80 95,80 104,15 1,00 9,00 220780 2
224 95,80 10,64 11,54 2,00 9,00 221084 2
225 95,80 10,64 11,55 2,00 10,00 221368 2
226 95,80 19,16 20,71 1,00 10,00 221678 2
227 95,80 19,16 20,79 1,00 4,00 222006 2
228 95,80 19,16 20,82 1,00 1,00 222403 2
229 95,80 19,16 20,81 1,00 1,00 222737 2
230 95,80 19,16 20,88 1,00 1,00 223035 2
231 95,80 19,16 20,93 1,00 1,00 223321 2
232 95,80 19,16 20,88 1,00 1,00 223592 2
233 95,80 19,16 20,88 1,00 1,00 223825 2
234 95,80 19,16 20,91 1,00 1,00 224068 2
235 95,80 19,16 20,91 1,00 1,00 224238 2
236 95,80 19,16 20,89 1,00 1,00 224458 2
237 95,80 19,16 20,85 1,00 1,00 224715 2
238 95,80 19,16 20,87 1,00 1,00 224963 2
239 95,80 19,16 20,89 1,00 1,00 225171 2
240 95,80 19,16 20,90 1,00 1,00 225419 2
241 95,80 19,16 20,90 1,00 1,00 225651 2
242 95,80 19,16 20,87 1,00 1,00 225874 2
243 95,80 19,16 20,93 1,00 1,00 226049 2
244 95,80 19,16 20,93 1,00 1,00 226240 2
245 95,80 19,16 20,85 2,00 1,00 226509 2
246 95,80 19,16 20,95 2,00 10,00 226809 2
247 95,80 19,16 20,92 2,00 10,00 227215 2
248 95,80 19,16 20,87 2,00 5,00 227639 2
249 95,80 19,16 20,87 2,00 10,00 228105 2
250 95,80 19,16 20,95 1,00 3,00 228636 2
251 95,80 19,16 20,85 1,00 1,00 229213 2
252 95,80 95,80 103,93 1,00 1,00 229674 2
253 95,80 95,80 104,55 1,00 1,00 230044 2
254 95,80 95,80 104,10 1,00 1,00 230450 2
255 95,80 95,80 104,74 1,00 1,00 230803 2
256 95,80 95,80 104,56 1,00 1,00 231184 2
257 95,80 95,80 104,17 1,00 1,00 231585 2
258 95,80 95,80 104,52 1,00 1,00 232098 2
259 95,80 95,80 103,83 1,00 1,00 232617 2
260 95,80 95,80 103,25 1,00 1,00 233264 2
261 95,80 95,80 102,92 1,00 1,00 233979 2
262 95,80 95,80 103,93 1,00 1,00 234613 2
263 95,80 95,80 103,78 1,00 1,00 235212 2
264 95,80 95,80 104,37 1,00 1,00 235817 2
265 95,80 95,80 103,53 1,00 1,00 236398 2
266 95,80 95,80 103,85 1,00 1,00 236895 2
267 95,80 95,80 103,94 1,00 1,00 237510 2
268 95,80 95,80 103,78 1,00 1,00 238092 2
269 95,80 95,80 103,72 1,00 1,00 238725 2
270 95,80 95,80 103,68 1,00 1,00 239224 2
271 95,80 95,80 102,82 1,00 1,00 239797 2
272 95,80 95,80 102,79 1,00 1,00 240308 2
273 95,80 95,80 102,29 1,00 1,00 240800 2
274 95,80 95,80 101,32 1,00 1,00 241319 2
275 95,80 95,80 100,60 1,00 1,00 241758 2
276 95,80 95,80 99,94 1,00 1,00 242166 2
277 95,80 95,80 100,17 1,00 1,00 242581 2
278 95,80 95,80 99,41 1,00 1,00 242909 2
279 95,80 95,80 99,06 1,00 1,00 243219 2
280 95,80 95,80 98,31 1,00 1,00 243464 2
281 95,80 95,80 98,28 1,00 1,00 243676 2
282 95,80 95,80 98,65 1,00 1,00 243930 2
283 95,80 95,80 98,61 1,00 1,00 244170 2
284 95,80 95,80 98,57 1,00 1,00 244381 2
285 95,80 95,80 98,53 2,00 1,00 244581 2
286 95,80 95,80 98,71 1,00 10,00 244881 2
287 95,80 95,80 99,90 1,00 10,00 245197 2
288 95,80 95,80 100,24 1,00 10,00 245608 2
289 95,80 95,80 101,32 1,00 10,00 246088 2
290 95,80 10,64 11,32 2,00 9,00 246639 2
291 95,80 10,64 11,36 2,00 10,00 247156 2
292 95,80 10,64 11,37 2,00 10,00 247714 2
293 95,80 10,64 11,38 2,00 10,00 248241 2
294 95,80 10,64 11,45 2,00 10,00 248810 2
295 95,80 10,64 11,43 2,00 10,00 249419 2
296 95,80 19,16 20,57 2,00 10,00 250007 2
297 95,80 19,16 20,55 2,00 10,00 250497 2
298 95,80 19,16 20,79 1,00 10,00 250954 2
299 95,80 95,80 102,60 1,00 1,00 251457 2
300 95,80 95,80 103,98 1,00 1,00 251857 2
301 95,80 95,80 103,47 1,00 1,00 252267 2
302 95,80 95,80 103,24 1,00 1,00 252574 2
303 95,80 95,80 103,29 1,00 1,00 252830 2
304 95,80 95,80 102,10 1,00 1,00 253107 2
305 95,80 95,80 102,66 1,00 1,00 253377 2
306 95,80 95,80 102,80 1,00 1,00 253614 2
307 95,80 95,80 102,87 2,00 1,00 253802 2
308 95,80 95,80 103,79 1,00 10,00 254049 2
309 95,80 95,80 103,13 1,00 10,00 254401 2
310 95,80 95,80 103,49 1,00 10,00 254778 2
311 95,80 95,80 103,70 1,00 10,00 255271 2
312 95,80 95,80 103,41 1,00 9,00 255757 2
313 95,80 95,80 103,43 1,00 8,00 256168 2
314 95,80 95,80 103,44 1,00 8,00 256672 2
315 95,80 95,80 102,89 1,00 8,00 257185 2
316 95,80 95,80 103,55 1,00 8,00 257712 2
317 95,80 95,80 103,13 1,00 8,00 258122 2
318 95,80 95,80 103,05 1,00 8,00 258667 2
319 95,80 95,80 103,12 1,00 8,00 259142 2
320 95,80 95,80 102,85 1,00 7,00 259646 2
321 95,80 95,80 103,42 1,00 6,00 260162 2
322 95,80 95,80 103,05 1,00 5,00 260676 2
323 95,80 19,16 20,68 1,00 5,00 261138 2
324 95,80 19,16 20,70 1,00 1,00 261651 2
325 95,80 19,16 20,64 1,00 1,00 262097 2
326 95,80 19,16 20,58 1,00 1,00 262489 2
327 95,80 19,16 20,62 1,00 1,00 262843 2
328 95,80 19,16 20,66 1,00 1,00 263159 2
329 95,80 19,16 20,66 2,00 1,00 263421 2
330 95,80 19,16 20,69 2,00 10,00 263619 2
331 95,80 21,29 22,98 1,00 9,00 263843 2
332 95,80 13,69 14,79 1,00 7,00 264118 2
333 95,80 13,69 14,79 1,00 6,00 264399 2
334 95,80 13,69 14,80 1,00 3,00 264633 2
335 95,80 13,69 14,80 2,00 3,00 264897 2
336 95,80 13,69 14,79 1,00 2,00 265071 2
337 95,80 13,69 14,78 2,00 1,00 265325 2
338 95,80 19,16 20,72 2,00 10,00 265624 2
339 95,80 19,16 20,72 1,00 10,00 265881 2
340 95,80 9,58 10,35 1,00 10,00 266159 2
341 95,80 9,58 10,35 1,00 7,00 266407 2
342 95,80 19,16 20,71 1,00 5,00 266608 2
343 95,80 19,16 20,70 1,00 4,00 266826 2
344 95,80 19,16 20,70 1,00 4,00 267021 2
345 95,80 19,16 20,70 1,00 4,00 267267 2
346 95,80 31,93 34,50 1,00 3,00 267522 2
347 95,80 31,93 34,49 1,00 3,00 267800 2
348 95,80 31,93 34,49 1,00 3,00 267983 2
349 95,80 31,93 34,50 1,00 3,00 268149 2
350 95,80 31,93 34,48 1,00 3,00 268298 2
351 95,80 31,93 34,51 1,00 3,00 268420 2
352 95,80 31,93 34,49 1,00 3,00 268528 2
353 95,80 31,93 34,49 1,00 3,00 268604 2
354 95,80 31,93 34,48 1,00 3,00 268675 2
355 95,80 31,93 34,47 1,00 3,00 268771 2
356 95,80 31,93 34,46 1,00 3,00 268866 2
357 95,80 31,93 34,45 1,00 3,00 268992 2
358 95,80 31,93 34,47 1,00 3,00 269085 2
359 95,80 31,93 34,46 1,00 3,00 269183 2
360 95,80 31,93 34,45 2,00 3,00 269292 2
361 95,80 31,93 34,47 1,00 3,00 269492 2
362 95,80 31,93 34,46 1,00 3,00 269676 2
363 95,80 31,93 34,47 1,00 3,00 269862 2
364 95,80 31,93 34,47 1,00 3,00 270024 2
365 95,80 31,93 34,44 1,00 3,00 270194 2
366 95,80 31,93 34,47 1,00 3,00 270340 2
367 95,80 31,93 34,45 1,00 3,00 270507 2
368 95,80 31,93 34,47 1,00 3,00 270654 2
369 95,80 31,93 34,47 1,00 3,00 270777 2
370 95,80 31,93 34,47 1,00 3,00 270904 2
371 95,80 31,93 34,47 1,00 3,00 271036 2
372 95,80 31,93 34,46 1,00 3,00 271172 2
373 95,80 31,93 34,47 1,00 3,00 271283 2
374 95,80 31,93 34,47 1,00 3,00 271382 2
375 95,80 31,93 34,47 1,00 3,00 271457 2
376 95,80 31,93 34,47 1,00 3,00 271539 2
377 95,80 31,93 34,46 1,00 3,00 271646 2
378 95,80 31,93 34,47 1,00 3,00 271773 2
379 95,80 31,93 34,47 1,00 3,00 271893 2
380 95,80 31,93 34,47 1,00 3,00 272037 2
381 95,80 31,93 34,47 1,00 3,00 272202 2
382 95,80 31,93 34,46 1,00 3,00 272338 2
383 95,80 31,93 34,46 1,00 3,00 272459 2
384 95,80 31,93 34,46 1,00 3,00 272592 2
385 95,80 31,93 34,46 1,00 3,00 272715 2
386 95,80 31,93 34,47 1,00 3,00 272819 2
387 95,80 31,93 34,47 1,00 3,00 272909 2
388 95,80 31,93 34,47 1,00 3,00 272984 2
389 95,80 31,93 34,47 1,00 3,00 273060 2
390 95,80 31,93 34,47 1,00 3,00 273130 2
391 95,80 31,93 34,47 1,00 3,00 273200 2
392 95,80 31,93 34,47 1,00 3,00 273255 2
393 95,80 31,93 34,47 1,00 3,00 273325 2
394 95,80 31,93 34,47 1,00 3,00 273396 2
395 95,80 31,93 34,47 1,00 3,00 273468 2
396 95,80 31,93 34,47 1,00 3,00 273534 2
397 95,80 31,93 34,47 1,00 3,00 273607 2
398 95,80 31,93 34,47 1,00 3,00 273669 2
399 95,80 31,93 34,47 1,00 3,00 273741 2
400 95,80 31,93 34,47 1,00 3,00 273814 2
401 95,80 31,93 34,47 1,00 3,00 273888 2
402 95,80 31,93 34,47 1,00 3,00 273977 2
403 95,80 31,93 34,47 1,00 3,00 274059 2
404 95,80 31,93 34,47 1,00 3,00 274169 2
405 95,80 31,93 34,47 1,00 3,00 274272 2
406 95,80 31,93 34,47 1,00 3,00 274391 2
407 95,80 31,93 34,47 1,00 3,00 274514 2
408 95,80 31,93 34,47 1,00 3,00 274605 2
409 95,80 31,93 34,47 1,00 3,00 274690 2
410 95,80 31,93 34,47 1,00 3,00 274777 2
411 95,80 31,93 34,47 1,00 3,00 274881 2
412 95,80 31,93 34,47 1,00 3,00 274988 2
413 95,80 31,93 34,47 1,00 3,00 275096 2
414 95,80 31,93 34,47 1,00 3,00 275203 2
415 95,80 31,93 34,47 1,00 3,00 275294 2
416 95,80 31,93 34,47 1,00 3,00 275366 2
417 95,80 31,93 34,46 1,00 3,00 275439 2
418 95,80 31,93 34,46 1,00 3,00 275506 2
419 95,80 31,93 34,46 1,00 3,00 275568 2
420 95,80 31,93 34,46 1,00 3,00 275608 2
421 95,80 31,93 34,46 1,00 3,00 275655 2
422 95,80 31,93 34,46 1,00 3,00 275694 2
423 95,80 31,93 34,46 1,00 3,00 275738 2
424 95,80 31,93 34,47 1,00 3,00 275786 2
425 95,80 31,93 34,47 1,00 3,00 275834 2
426 95,80 31,93 34,47 1,00 3,00 275905 2
427 95,80 31,93 34,47 1,00 3,00 275978 2
428 95,80 31,93 34,47 1,00 3,00 276040 2
429 95,80 31,93 34,47 1,00 3,00 276089 2
430 95,80 31,93 34,47 1,00 3,00 276136 2
431 95,80 31,93 34,47 1,00 3,00 276202 2
432 95,80 31,93 34,47 1,00 3,00 276263 2
433 95,80 31,93 34,47 1,00 3,00 276339 2
434 95,80 31,93 34,47 1,00 3,00 276430 2
435 95,80 31,93 34,47 1,00 3,00 276471 2
436 95,80 31,93 34,47 1,00 3,00 276551 2
437 95,80 31,93 34,47 1,00 3,00 276623 2
438 95,80 31,93 34,47 1,00 3,00 276703 2
439 95,80 31,93 34,47 1,00 3,00 276776 2
440 95,80 31,93 34,47 1,00 3,00 276831 2
441 95,80 31,93 34,47 1,00 3,00 276912 2
442 95,80 31,93 34,47 1,00 3,00 276981 2
443 95,80 31,93 34,47 1,00 3,00 277029 2
444 95,80 31,93 34,47 1,00 3,00 277094 2
445 95,80 31,93 34,47 1,00 3,00 277155 2
446 95,80 31,93 34,47 1,00 3,00 277209 2
447 95,80 31,93 34,47 1,00 3,00 277276 2
448 95,80 31,93 34,47 1,00 3,00 277346 2
449 95,80 31,93 34,47 1,00 3,00 277419 2
450 95,80 31,93 34,47 1,00 3,00 277480 2
451 95,80 31,93 34,47 1,00 3,00 277546 2
452 95,80 31,93 34,47 1,00 3,00 277633 2
453 95,80 31,93 34,47 1,00 3,00 277699 2
454 95,80 31,93 34,47 1,00 3,00 277753 2
455 95,80 31,93 34,47 1,00 3,00 277794 2
456 95,80 31,93 34,47 1,00 3,00 277831 2
457 95,80 31,93 34,47 1,00 3,00 277866 2
458 95,80 31,93 34,47 1,00 3,00 277907 2
459 95,80 31,93 34,47 1,00 3,00 277956 2
460 95,80 31,93 34,47 1,00 3,00 278010 2
461 95,80 31,93 34,47 1,00 3,00 278052 2
462 95,80 31,93 34,47 1,00 3,00 278092 2
463 95,80 31,93 34,47 1,00 3,00 278136 2
464 95,80 31,93 34,47 1,00 3,00 278171 2
465 95,80 31,93 34,47 1,00 3,00 278215 2
466 95,80 31,93 34,47 1,00 3,00 278256 2
467 95,80 31,93 34,47 1,00 3,00 278310 2
468 95,80 31,93 34,47 1,00 3,00 278372 2
469 95,80 31,93 34,47 1,00 3,00 278422 2
470 95,80 31,93 34,47 1,00 3,00 278480 2
471 95,80 31,93 34,47 1,00 3,00 278532 2
472 95,80 31,93 34,47 1,00 3,00 278583 2
473 95,80 31,93 34,47 1,00 3,00 278628 2
474 95,80 31,93 34,47 1,00 3,00 278661 2
475 95,80 31,93 34,47 1,00 3,00 278697 2
476 95,80 31,93 34,47 1,00 3,00 278747 2
477 95,80 31,93 34,47 1,00 3,00 278809 2
478 95,80 31,93 34,47 1,00 3,00 278860 2
479 95,80 31,93 34,47 1,00 3,00 278924 2
480 95,80 31,93 34,47 1,00 3,00 278971 2
481 95,80 31,93 34,47 1,00 3,00 279018 2
482 95,80 31,93 34,47 1,00 3,00 279043 2
483 95,80 31,93 34,47 1,00 3,00 279071 2
484 95,80 31,93 34,47 1,00 3,00 279098 2
485 95,80 31,93 34,47 1,00 3,00 279123 2
486 95,80 31,93 34,47 1,00 3,00 279191 2
487 95,80 31,93 34,47 1,00 3,00 279255 2
488 95,80 31,93 34,47 1,00 3,00 279281 2
489 95,80 31,93 34,47 1,00 3,00 279305 2
490 95,80 31,93 34,47 1,00 3,00 279344 2
491 95,80 31,93 34,47 1,00 3,00 279378 2
492 95,80 31,93 34,47 1,00 3,00 279421 2
493 95,80 31,93 34,47 1,00 3,00 279458 2
494 95,80 31,93 34,47 1,00 3,00 279509 2
495 95,80 31,93 34,47 1,00 3,00 279558 2
496 95,80 31,93 34,47 1,00 3,00 279608 2
497 95,80 31,93 34,47 1,00 3,00 279665 2
498 95,80 31,93 34,47 1,00 3,00 279720 2
499 95,80 31,93 34,47 1,00 3,00 279792 2
