1000
0 494,86 494,86 494,86 1,00 46,00 0
1 494,86 494,86 494,86 1,00 55,00 1235
2 494,86 494,86 240,71 1,00 64,00 1774
3 494,86 494,86 254,60 1,00 73,00 1865
4 494,86 6,03 3,12 1,00 82,00 1875
5 494,86 6,03 3,12 1,00 91,00 1879
6 494,86 6,03 3,13 1,00 100,00 1881
7 494,86 6,03 3,13 1,00 109,00 1881
8 494,86 6,03 3,13 1,00 118,00 1881
9 494,86 6,03 3,13 1,00 127,00 1881
10 494,86 6,03 3,13 1,00 136,00 1881
11 494,86 6,03 3,13 1,00 145,00 1881
12 494,86 6,03 3,13 1,00 154,00 1881
13 494,86 6,03 3,13 1,00 163,00 1881
14 494,86 6,03 3,13 1,00 172,00 1881
15 494,86 6,03 3,13 1,00 181,00 1881
16 494,86 6,03 3,13 1,00 190,00 1881
17 494,86 6,03 3,13 1,00 199,00 1881
18 494,86 6,03 3,13 1,00 208,00 1881
19 494,86 2,28 1,18 1,00 217,00 1881
20 494,86 2,28 1,18 1,00 226,00 1881
21 494,86 2,28 1,18 1,00 235,00 1881
22 494,86 2,28 1,18 1,00 244,00 1881
23 494,86 2,28 1,18 1,00 253,00 1881
24 494,86 2,28 1,18 1,00 262,00 1881
25 494,86 2,28 1,18 1,00 271,00 1881
26 494,86 2,28 1,18 1,00 280,00 1881
27 494,86 2,28 1,18 1,00 289,00 1881
28 494,86 2,28 1,18 1,00 298,00 1881
29 494,86 2,28 1,18 1,00 307,00 1881
30 494,86 2,28 1,18 99,00 316,00 1881
31 494,86 155,53 80,78 99,00 324,00 2704
32 494,86 151,67 72,23 99,00 332,00 3431
33 494,86 151,67 74,05 99,00 341,00 3821
34 494,86 151,67 76,80 99,00 350,00 4072
35 494,86 151,67 81,00 99,00 359,00 4286
36 494,86 151,67 78,59 99,00 368,00 4405
37 494,86 151,67 78,99 99,00 377,00 4558
38 494,86 151,67 81,45 99,00 386,00 4625
39 494,86 151,67 79,27 99,00 395,00 4666
40 494,86 151,67 78,97 99,00 404,00 4711
41 494,86 151,67 79,78 99,00 413,00 4762
42 494,86 116,09 61,84 99,00 422,00 4795
43 494,86 116,09 60,20 99,00 431,00 4831
44 494,86 116,09 61,68 99,00 440,00 4863
45 494,86 116,09 61,57 99,00 449,00 4893
46 494,86 116,09 61,56 99,00 458,00 4918
47 494,86 116,09 61,57 99,00 467,00 4938
48 494,86 116,09 61,54 99,00 476,00 4953
49 494,86 116,09 61,48 99,00 485,00 4969
50 494,86 116,09 61,44 99,00 494,00 4978
51 494,86 116,09 61,38 99,00 503,00 4991
52 494,86 116,09 61,35 99,00 512,00 5006
53 494,86 116,09 61,31 99,00 521,00 5016
54 494,86 116,09 61,25 99,00 530,00 5027
55 494,86 116,09 61,22 99,00 539,00 5033
56 494,86 89,40 47,11 99,00 548,00 5043
57 494,86 89,40 47,09 99,00 557,00 5047
58 494,86 89,40 47,06 99,00 566,00 5055
59 494,86 89,40 47,03 99,00 575,00 5061
60 494,86 89,40 47,00 1,00 584,00 5068
61 494,86 89,40 46,97 1,00 593,00 5076
62 494,86 89,40 46,97 1,00 602,00 5097
63 494,86 89,40 46,92 1,00 611,00 5110
64 494,86 0,80 0,42 1,00 620,00 5114
65 494,86 0,80 0,42 1,00 629,00 5115
66 494,86 0,78 0,41 1,00 638,00 5118
67 494,86 0,78 0,41 1,00 647,00 5123
68 494,86 0,75 0,40 1,00 656,00 5124
69 494,86 0,75 0,39 1,00 665,00 5125
70 494,86 0,75 0,39 1,00 674,00 5125
71 494,86 0,75 0,39 1,00 683,00 5125
72 494,86 0,72 0,37 1,00 692,00 5125
73 494,86 0,72 0,37 1,00 701,00 5125
74 494,86 0,72 0,37 1,00 710,00 5126
75 494,86 0,72 0,37 1,00 719,00 5126
76 494,86 0,72 0,37 1,00 728,00 5126
77 494,86 0,72 0,37 1,00 737,00 5126
78 494,86 0,72 0,37 1,00 746,00 5127
79 494,86 0,72 0,37 1,00 755,00 5128
80 494,86 0,72 0,37 1,00 764,00 5128
81 494,86 0,72 0,37 1,00 773,00 5128
82 494,86 0,72 0,37 1,00 782,00 5128
83 494,86 0,72 0,37 1,00 791,00 5128
84 494,86 0,72 0,37 1,00 800,00 5128
85 494,86 0,72 0,37 1,00 809,00 5128
86 494,86 0,72 0,37 1,00 818,00 5128
87 494,86 0,72 0,37 1,00 827,00 5128
88 494,86 0,72 0,37 1,00 836,00 5129
89 494,86 0,72 0,37 1,00 845,00 5133
90 494,86 0,72 0,37 99,00 854,00 5133
91 494,86 57,43 29,68 99,00 862,00 5240
92 494,86 57,43 29,65 99,00 871,00 5280
93 494,86 57,43 29,64 99,00 880,00 5298
94 494,86 57,43 29,62 99,00 889,00 5308
95 494,86 57,43 29,61 99,00 898,00 5318
96 494,86 57,43 29,59 99,00 907,00 5327
97 494,86 57,43 29,57 99,00 916,00 5336
98 494,86 57,43 29,55 99,00 925,00 5340
99 494,86 52,45 26,98 99,00 934,00 5347
100 494,86 51,95 26,70 99,00 943,00 5351
101 494,86 51,95 26,70 99,00 952,00 5353
102 494,86 51,95 26,70 99,00 961,00 5354
103 494,86 51,95 26,66 99,00 970,00 5357
104 494,86 51,95 26,64 99,00 979,00 5357
105 494,86 51,95 26,64 99,00 988,00 5357
106 494,86 49,14 25,20 99,00 997,00 5357
107 494,86 49,14 25,20 99,00 1.006,00 5357
108 494,86 49,14 25,20 99,00 1.015,00 5357
109 494,86 47,84 24,53 99,00 1.024,00 5359
110 494,86 47,84 24,53 99,00 1.033,00 5359
111 494,86 47,84 24,53 99,00 1.042,00 5360
112 494,86 47,84 24,53 99,00 1.051,00 5362
113 494,86 47,84 24,53 99,00 1.060,00 5364
114 494,86 47,84 24,53 99,00 1.069,00 5366
115 494,86 47,84 24,53 99,00 1.078,00 5366
116 494,86 47,84 24,53 99,00 1.087,00 5366
117 494,86 47,84 24,53 99,00 1.096,00 5366
118 494,86 47,84 24,53 99,00 1.105,00 5367
119 494,86 43,98 22,55 99,00 1.114,00 5368
120 494,86 43,98 22,55 1,00 1.123,00 5368
121 494,86 0,44 0,22 1,00 1.132,00 5378
122 494,86 0,44 0,22 1,00 1.141,00 5387
123 494,86 0,44 0,22 1,00 1.150,00 5391
124 494,86 0,43 0,22 1,00 1.159,00 5392
125 494,86 0,42 0,21 1,00 1.168,00 5392
126 494,86 0,42 0,21 1,00 1.177,00 5392
127 494,86 0,42 0,21 1,00 1.186,00 5392
128 494,86 0,42 0,21 1,00 1.195,00 5392
129 494,86 0,42 0,21 1,00 1.204,00 5392
130 494,86 0,42 0,21 1,00 1.213,00 5392
131 494,86 0,42 0,21 1,00 1.222,00 5392
132 494,86 0,42 0,21 1,00 1.231,00 5392
133 494,86 0,42 0,21 1,00 1.240,00 5392
134 494,86 0,40 0,20 1,00 1.249,00 5392
135 494,86 0,40 0,20 1,00 1.258,00 5392
136 494,86 0,40 0,20 1,00 1.267,00 5392
137 494,86 0,40 0,20 1,00 1.276,00 5392
138 494,86 0,40 0,20 1,00 1.285,00 5392
139 494,86 0,40 0,20 1,00 1.294,00 5392
140 494,86 0,40 0,20 1,00 1.303,00 5397
141 494,86 0,40 0,20 1,00 1.312,00 5398
142 494,86 0,40 0,20 1,00 1.321,00 5398
143 494,86 0,37 0,19 1,00 1.330,00 5398
144 494,86 0,37 0,19 1,00 1.339,00 5398
145 494,86 0,37 0,19 1,00 1.348,00 5398
146 494,86 0,37 0,19 1,00 1.357,00 5398
147 494,86 0,37 0,19 1,00 1.366,00 5398
148 494,86 0,37 0,19 1,00 1.375,00 5398
149 494,86 0,36 0,18 1,00 1.384,00 5398
150 494,86 0,36 0,18 99,00 1.393,00 5398
151 494,86 35,19 17,68 99,00 1.401,00 5443
152 494,86 35,19 17,58 99,00 1.410,00 5461
153 494,86 35,19 17,57 99,00 1.419,00 5469
154 494,86 35,19 17,56 99,00 1.428,00 5476
155 494,86 35,19 17,55 99,00 1.437,00 5480
156 494,86 35,19 17,54 99,00 1.446,00 5482
157 494,86 35,19 17,54 99,00 1.455,00 5482
158 494,86 35,19 17,54 99,00 1.464,00 5492
159 494,86 35,19 17,51 99,00 1.473,00 5501
160 494,86 35,19 17,50 99,00 1.482,00 5510
161 494,86 32,86 16,33 99,00 1.491,00 5520
162 494,86 32,86 16,32 99,00 1.500,00 5532
163 494,86 32,86 16,31 99,00 1.509,00 5544
164 494,86 32,86 16,30 99,00 1.518,00 5553
165 494,86 32,86 16,30 99,00 1.527,00 5560
166 494,86 32,86 16,29 99,00 1.536,00 5566
167 494,86 32,86 16,28 99,00 1.545,00 5570
168 494,86 32,86 16,27 99,00 1.554,00 5573
169 494,86 32,86 16,26 99,00 1.563,00 5575
170 494,86 32,86 16,26 99,00 1.572,00 5576
171 494,86 32,86 16,25 99,00 1.581,00 5577
172 494,86 32,86 16,24 99,00 1.590,00 5578
173 494,86 32,86 16,23 99,00 1.599,00 5579
174 494,86 32,86 16,22 99,00 1.608,00 5580
175 494,86 32,86 16,22 99,00 1.617,00 5582
176 494,86 32,86 16,21 99,00 1.626,00 5583
177 494,86 32,86 16,20 99,00 1.635,00 5584
178 494,86 32,86 16,19 99,00 1.644,00 5587
179 494,86 29,64 14,60 99,00 1.653,00 5589
180 494,86 29,64 14,59 1,00 1.662,00 5591
181 494,86 29,64 14,59 1,00 1.671,00 5600
182 494,86 29,64 14,58 1,00 1.680,00 5601
183 494,86 29,64 14,58 1,00 1.689,00 5602
184 494,86 29,64 14,58 1,00 1.698,00 5602
185 494,86 29,64 14,58 1,00 1.707,00 5602
186 494,86 29,64 14,58 1,00 1.716,00 5602
187 494,86 29,64 14,58 1,00 1.725,00 5602
188 494,86 29,64 14,58 1,00 1.734,00 5602
189 494,86 29,64 14,58 1,00 1.743,00 5602
190 494,86 29,64 14,58 1,00 1.752,00 5602
191 494,86 0,28 0,14 1,00 1.761,00 5604
192 494,86 0,28 0,14 1,00 1.770,00 5606
193 494,86 0,28 0,14 1,00 1.779,00 5607
194 494,86 0,28 0,14 1,00 1.788,00 5611
195 494,86 0,28 0,14 1,00 1.797,00 5613
196 494,86 0,28 0,14 1,00 1.806,00 5613
197 494,86 0,28 0,14 1,00 1.815,00 5613
198 494,86 0,28 0,14 1,00 1.824,00 5613
199 494,86 0,27 0,13 1,00 1.833,00 5613
200 494,86 0,27 0,13 1,00 1.842,00 5613
201 494,86 0,27 0,13 1,00 1.851,00 5613
202 494,86 0,27 0,13 1,00 1.860,00 5613
203 494,86 0,27 0,13 1,00 1.869,00 5613
204 494,86 0,27 0,13 1,00 1.878,00 5613
205 494,86 0,27 0,13 1,00 1.887,00 5613
206 494,86 0,27 0,13 1,00 1.896,00 5613
207 494,86 0,27 0,13 1,00 1.905,00 5613
208 494,86 0,27 0,13 1,00 1.914,00 5614
209 494,86 0,27 0,13 1,00 1.923,00 5616
210 494,86 0,27 0,13 97,00 1.932,00 5616
211 494,86 24,86 12,23 97,00 1.940,00 5655
212 494,86 24,86 12,06 97,00 1.949,00 5665
213 494,86 24,86 12,05 97,00 1.958,00 5671
214 494,86 24,86 12,05 97,00 1.967,00 5671
215 494,86 24,29 11,77 97,00 1.976,00 5671
216 494,86 24,29 11,77 97,00 1.985,00 5671
217 494,86 24,29 11,77 97,00 1.994,00 5671
218 494,86 24,29 11,77 97,00 2.003,00 5671
219 494,86 24,29 11,77 97,00 2.012,00 5671
220 494,86 23,75 11,51 97,00 2.021,00 5671
221 494,86 23,75 11,51 97,00 2.030,00 5671
222 494,86 23,75 11,51 97,00 2.039,00 5671
223 494,86 23,75 11,51 97,00 2.048,00 5671
224 494,86 23,75 11,51 97,00 2.057,00 5671
225 494,86 23,75 11,51 97,00 2.066,00 5671
226 494,86 23,75 11,51 97,00 2.075,00 5671
227 494,86 23,75 11,51 97,00 2.084,00 5671
228 494,86 22,93 11,12 97,00 2.093,00 5671
229 494,86 22,93 11,12 97,00 2.102,00 5671
230 494,86 22,74 11,02 97,00 2.111,00 5671
231 494,86 22,74 11,02 97,00 2.120,00 5671
232 494,86 22,55 10,93 97,00 2.129,00 5671
233 494,86 22,55 10,93 97,00 2.138,00 5671
234 494,86 22,55 10,93 97,00 2.147,00 5671
235 494,86 22,55 10,93 97,00 2.156,00 5671
236 494,86 22,55 10,93 97,00 2.165,00 5671
237 494,86 22,55 10,93 97,00 2.174,00 5671
238 494,86 22,55 10,93 97,00 2.183,00 5671
239 494,86 22,55 10,93 97,00 2.192,00 5671
240 494,86 22,55 10,93 1,00 2.201,00 5671
241 494,86 22,55 10,93 1,00 2.210,00 5686
242 494,86 22,55 10,79 1,00 2.219,00 5686
243 494,86 22,55 10,79 1,00 2.228,00 5687
244 494,86 22,55 10,79 1,00 2.237,00 5688
245 494,86 22,55 10,79 1,00 2.246,00 5688
246 494,86 22,55 10,79 1,00 2.255,00 5688
247 494,86 22,55 10,79 1,00 2.264,00 5688
248 494,86 0,22 0,10 1,00 2.273,00 5688
249 494,86 0,22 0,10 1,00 2.282,00 5691
250 494,86 0,22 0,10 1,00 2.291,00 5693
251 494,86 0,22 0,10 1,00 2.300,00 5693
252 494,86 0,22 0,10 1,00 2.309,00 5693
253 494,86 0,22 0,10 1,00 2.318,00 5694
254 494,86 0,22 0,10 1,00 2.327,00 5694
255 494,86 0,22 0,10 1,00 2.336,00 5694
256 494,86 0,22 0,10 1,00 2.345,00 5694
257 494,86 0,22 0,10 1,00 2.354,00 5694
258 494,86 0,22 0,10 1,00 2.363,00 5694
259 494,86 0,22 0,10 1,00 2.372,00 5694
260 494,86 0,22 0,10 1,00 2.381,00 5694
261 494,86 0,22 0,10 1,00 2.390,00 5694
262 494,86 0,22 0,10 1,00 2.399,00 5694
263 494,86 0,22 0,10 1,00 2.408,00 5694
264 494,86 0,22 0,10 1,00 2.417,00 5694
265 494,86 0,22 0,10 1,00 2.426,00 5694
266 494,86 0,22 0,10 1,00 2.435,00 5694
267 494,86 0,22 0,10 1,00 2.444,00 5694
268 494,86 0,22 0,10 1,00 2.453,00 5694
269 494,86 0,22 0,10 1,00 2.462,00 5694
270 494,86 0,22 0,10 99,00 2.471,00 5694
271 494,86 19,76 9,42 99,00 2.479,00 5724
272 494,86 19,69 9,30 99,00 2.488,00 5736
273 494,86 19,69 9,29 99,00 2.497,00 5742
274 494,86 19,55 9,22 99,00 2.506,00 5742
275 494,86 19,55 9,22 99,00 2.515,00 5742
276 494,86 19,55 9,22 99,00 2.524,00 5742
277 494,86 19,55 9,22 99,00 2.533,00 5742
278 494,86 19,27 9,09 99,00 2.542,00 5742
279 494,86 19,27 9,09 99,00 2.551,00 5742
280 494,86 19,14 9,03 99,00 2.560,00 5742
281 494,86 19,14 9,03 99,00 2.569,00 5742
282 494,86 19,14 9,03 99,00 2.578,00 5742
283 494,86 19,14 9,03 99,00 2.587,00 5742
284 494,86 18,87 8,90 99,00 2.596,00 5742
285 494,86 18,87 8,90 99,00 2.605,00 5742
286 494,86 18,87 8,90 99,00 2.614,00 5742
287 494,86 18,87 8,90 99,00 2.623,00 5742
288 494,86 18,87 8,90 99,00 2.632,00 5742
289 494,86 18,87 8,90 99,00 2.641,00 5742
290 494,86 18,87 8,90 99,00 2.650,00 5742
291 494,86 18,87 8,90 99,00 2.659,00 5742
292 494,86 18,87 8,90 99,00 2.668,00 5742
293 494,86 18,87 8,90 99,00 2.677,00 5742
294 494,86 18,87 8,90 99,00 2.686,00 5742
295 494,86 18,87 8,90 99,00 2.695,00 5742
296 494,86 18,12 8,55 99,00 2.704,00 5742
297 494,86 18,12 8,55 99,00 2.713,00 5742
298 494,86 18,12 8,55 99,00 2.722,00 5742
299 494,86 18,12 8,55 99,00 2.731,00 5742
300 494,86 18,12 8,55 1,00 2.740,00 5742
301 494,86 0,18 0,08 1,00 2.749,00 5752
302 494,86 0,18 0,08 1,00 2.758,00 5752
303 494,86 0,18 0,08 1,00 2.767,00 5752
304 494,86 0,18 0,08 1,00 2.776,00 5752
305 494,86 0,18 0,08 1,00 2.785,00 5752
306 494,86 0,18 0,08 1,00 2.794,00 5762
307 494,86 0,18 0,08 1,00 2.803,00 5773
308 494,86 0,18 0,08 1,00 2.812,00 5778
309 494,86 0,18 0,08 1,00 2.821,00 5780
310 494,86 0,18 0,08 1,00 2.830,00 5780
311 494,86 0,18 0,08 1,00 2.839,00 5780
312 494,86 0,18 0,08 1,00 2.848,00 5780
313 494,86 0,18 0,08 1,00 2.857,00 5782
314 494,86 0,18 0,08 1,00 2.866,00 5783
315 494,86 0,17 0,08 1,00 2.875,00 5783
316 494,86 0,17 0,08 1,00 2.884,00 5783
317 494,86 0,17 0,08 1,00 2.893,00 5783
318 494,86 0,17 0,08 1,00 2.902,00 5783
319 494,86 0,17 0,08 1,00 2.911,00 5783
320 494,86 0,17 0,08 1,00 2.920,00 5783
321 494,86 0,17 0,08 1,00 2.929,00 5783
322 494,86 0,17 0,08 1,00 2.938,00 5783
323 494,86 0,17 0,08 1,00 2.947,00 5783
324 494,86 0,17 0,08 1,00 2.956,00 5783
325 494,86 0,17 0,08 1,00 2.965,00 5783
326 494,86 0,17 0,08 1,00 2.974,00 5783
327 494,86 0,17 0,08 1,00 2.983,00 5783
328 494,86 0,17 0,08 1,00 2.992,00 5783
329 494,86 0,17 0,08 1,00 3.001,00 5783
330 494,86 0,17 0,08 99,00 3.010,00 5783
331 494,86 16,28 7,54 99,00 3.018,00 5809
332 494,86 16,28 7,48 99,00 3.027,00 5815
333 494,86 16,28 7,48 99,00 3.036,00 5818
334 494,86 16,28 7,48 99,00 3.045,00 5819
335 494,86 16,28 7,48 99,00 3.054,00 5820
336 494,86 16,28 7,48 99,00 3.063,00 5820
337 494,86 15,95 7,33 99,00 3.072,00 5820
338 494,86 15,95 7,33 99,00 3.081,00 5820
339 494,86 15,85 7,28 99,00 3.090,00 5820
340 494,86 15,81 7,26 99,00 3.099,00 5820
341 494,86 15,81 7,26 99,00 3.108,00 5820
342 494,86 15,81 7,26 99,00 3.117,00 5820
343 494,86 15,81 7,26 99,00 3.126,00 5820
344 494,86 15,63 7,18 99,00 3.135,00 5820
345 494,86 15,63 7,18 99,00 3.144,00 5820
346 494,86 15,63 7,18 99,00 3.153,00 5820
347 494,86 15,63 7,18 99,00 3.162,00 5820
348 494,86 15,63 7,18 99,00 3.171,00 5820
349 494,86 15,41 7,08 99,00 3.180,00 5820
350 494,86 15,41 7,08 99,00 3.189,00 5820
351 494,86 15,41 7,08 99,00 3.198,00 5820
352 494,86 15,41 7,08 99,00 3.207,00 5820
353 494,86 15,23 7,00 99,00 3.216,00 5820
354 494,86 15,23 7,00 99,00 3.225,00 5820
355 494,86 15,23 7,00 99,00 3.234,00 5820
356 494,86 15,23 7,00 99,00 3.243,00 5820
357 494,86 15,23 7,00 99,00 3.252,00 5820
358 494,86 15,23 7,00 99,00 3.261,00 5820
359 494,86 15,23 7,00 99,00 3.270,00 5820
360 494,86 14,94 6,86 1,00 3.279,00 5820
361 494,86 14,94 6,86 1,00 3.288,00 5827
362 494,86 14,94 6,77 1,00 3.297,00 5827
363 494,86 14,94 6,77 1,00 3.306,00 5827
364 494,86 14,94 6,77 1,00 3.315,00 5827
365 494,86 14,94 6,77 1,00 3.324,00 5827
366 494,86 14,94 6,77 1,00 3.333,00 5827
367 494,86 14,94 6,77 1,00 3.342,00 5827
368 494,86 14,94 6,77 1,00 3.351,00 5827
369 494,86 14,94 6,77 1,00 3.360,00 5827
370 494,86 14,94 6,77 1,00 3.369,00 5827
371 494,86 14,94 6,77 1,00 3.378,00 5827
372 494,86 14,94 6,77 1,00 3.387,00 5827
373 494,86 14,94 6,77 1,00 3.396,00 5827
374 494,86 14,94 6,77 1,00 3.405,00 5827
375 494,86 14,94 6,77 1,00 3.414,00 5827
376 494,86 14,94 6,77 1,00 3.423,00 5827
377 494,86 14,94 6,77 1,00 3.432,00 5827
378 494,86 0,14 0,07 1,00 3.441,00 5827
379 494,86 0,14 0,07 1,00 3.450,00 5827
380 494,86 0,14 0,06 1,00 3.459,00 5827
381 494,86 0,14 0,06 1,00 3.468,00 5827
382 494,86 0,14 0,06 1,00 3.477,00 5827
383 494,86 0,14 0,06 1,00 3.486,00 5833
384 494,86 0,14 0,06 1,00 3.495,00 5833
385 494,86 0,14 0,06 1,00 3.504,00 5833
386 494,86 0,14 0,06 1,00 3.513,00 5833
387 494,86 0,14 0,06 1,00 3.522,00 5833
388 494,86 0,14 0,06 1,00 3.531,00 5833
389 494,86 0,14 0,06 1,00 3.540,00 5833
390 494,86 0,14 0,06 99,00 3.549,00 5833
391 494,86 13,81 6,20 99,00 3.557,00 5854
392 494,86 13,81 6,17 99,00 3.566,00 5858
393 494,86 13,81 6,17 99,00 3.575,00 5861
394 494,86 13,81 6,17 99,00 3.584,00 5861
395 494,86 13,81 6,17 99,00 3.593,00 5861
396 494,86 13,81 6,17 99,00 3.602,00 5861
397 494,86 13,81 6,17 99,00 3.611,00 5861
398 494,86 13,81 6,17 99,00 3.620,00 5861
399 494,86 13,81 6,17 99,00 3.629,00 5861
400 494,86 13,81 6,17 99,00 3.638,00 5861
401 494,86 13,81 6,17 99,00 3.647,00 5865
402 494,86 13,81 6,17 99,00 3.656,00 5866
403 494,86 13,81 6,17 99,00 3.665,00 5866
404 494,86 13,81 6,17 99,00 3.674,00 5866
405 494,86 13,81 6,17 99,00 3.683,00 5866
406 494,86 13,81 6,17 99,00 3.692,00 5866
407 494,86 13,81 6,17 99,00 3.701,00 5866
408 494,86 13,81 6,17 99,00 3.710,00 5866
409 494,86 13,81 6,17 99,00 3.719,00 5866
410 494,86 13,81 6,17 99,00 3.728,00 5866
411 494,86 13,81 6,17 99,00 3.737,00 5866
412 494,86 13,81 6,17 99,00 3.746,00 5866
413 494,86 13,81 6,17 99,00 3.755,00 5866
414 494,86 13,81 6,17 99,00 3.764,00 5866
415 494,86 13,81 6,17 99,00 3.773,00 5866
416 494,86 13,81 6,17 99,00 3.782,00 5866
417 494,86 13,81 6,17 99,00 3.791,00 5866
418 494,86 13,81 6,17 99,00 3.800,00 5866
419 494,86 13,81 6,17 99,00 3.809,00 5866
420 494,86 13,81 6,17 1,00 3.818,00 5866
421 494,86 13,81 6,17 1,00 3.827,00 5875
422 494,86 13,81 6,09 1,00 3.836,00 5878
423 494,86 13,81 6,09 1,00 3.845,00 5879
424 494,86 13,81 6,09 1,00 3.854,00 5879
425 494,86 13,81 6,09 1,00 3.863,00 5879
426 494,86 13,81 6,09 1,00 3.872,00 5879
427 494,86 13,81 6,09 1,00 3.881,00 5879
428 494,86 13,81 6,09 1,00 3.890,00 5880
429 494,86 13,81 6,09 1,00 3.899,00 5880
430 494,86 13,81 6,09 1,00 3.908,00 5880
431 494,86 13,81 6,09 1,00 3.917,00 5880
432 494,86 13,81 6,09 1,00 3.926,00 5880
433 494,86 13,81 6,09 1,00 3.935,00 5880
434 494,86 13,81 6,09 1,00 3.944,00 5880
435 494,86 13,81 6,09 1,00 3.953,00 5880
436 494,86 13,81 6,09 1,00 3.962,00 5880
437 494,86 13,81 6,09 1,00 3.971,00 5880
438 494,86 13,81 6,09 1,00 3.980,00 5880
439 494,86 0,12 0,05 1,00 3.989,00 5880
440 494,86 0,12 0,05 1,00 3.998,00 5880
441 494,86 0,12 0,05 1,00 4.007,00 5880
442 494,86 0,12 0,05 1,00 4.016,00 5880
443 494,86 0,12 0,05 1,00 4.025,00 5880
444 494,86 0,12 0,05 1,00 4.034,00 5880
445 494,86 0,12 0,05 1,00 4.043,00 5880
446 494,86 0,12 0,05 1,00 4.052,00 5880
447 494,86 0,12 0,05 1,00 4.061,00 5880
448 494,86 0,12 0,05 1,00 4.070,00 5880
449 494,86 0,12 0,05 1,00 4.079,00 5880
450 494,86 0,12 0,05 99,00 4.088,00 5880
451 494,86 11,99 5,29 99,00 4.096,00 5901
452 494,86 11,99 5,22 99,00 4.105,00 5908
453 494,86 11,99 5,22 99,00 4.114,00 5908
454 494,86 11,99 5,22 99,00 4.123,00 5908
455 494,86 11,99 5,22 99,00 4.132,00 5908
456 494,86 11,99 5,22 99,00 4.141,00 5909
457 494,86 11,99 5,22 99,00 4.150,00 5909
458 494,86 11,99 5,22 99,00 4.159,00 5909
459 494,86 11,99 5,22 99,00 4.168,00 5909
460 494,86 11,99 5,22 99,00 4.177,00 5909
461 494,86 11,99 5,22 99,00 4.186,00 5909
462 494,86 11,99 5,22 99,00 4.195,00 5909
463 494,86 11,99 5,22 99,00 4.204,00 5909
464 494,86 11,99 5,22 99,00 4.213,00 5909
465 494,86 11,99 5,22 99,00 4.222,00 5909
466 494,86 11,99 5,22 99,00 4.231,00 5909
467 494,86 11,99 5,22 99,00 4.240,00 5909
468 494,86 11,99 5,22 99,00 4.249,00 5909
469 494,86 11,99 5,22 99,00 4.258,00 5909
470 494,86 11,99 5,22 99,00 4.267,00 5909
471 494,86 11,99 5,22 99,00 4.276,00 5909
472 494,86 11,99 5,22 99,00 4.285,00 5909
473 494,86 11,99 5,22 99,00 4.294,00 5909
474 494,86 11,99 5,22 99,00 4.303,00 5909
475 494,86 11,99 5,22 99,00 4.312,00 5909
476 494,86 11,34 4,93 99,00 4.321,00 5909
477 494,86 11,34 4,93 99,00 4.330,00 5909
478 494,86 11,34 4,93 99,00 4.339,00 5909
479 494,86 11,34 4,93 99,00 4.348,00 5909
480 494,86 11,34 4,93 1,00 4.357,00 5909
481 494,86 11,34 4,93 1,00 4.366,00 5915
482 494,86 11,34 4,87 1,00 4.375,00 5916
483 494,86 11,34 4,87 1,00 4.384,00 5916
484 494,86 11,34 4,87 1,00 4.393,00 5916
485 494,86 11,34 4,87 1,00 4.402,00 5916
486 494,86 11,34 4,87 1,00 4.411,00 5916
487 494,86 0,11 0,05 1,00 4.420,00 5916
488 494,86 0,11 0,05 1,00 4.429,00 5916
489 494,86 0,11 0,05 1,00 4.438,00 5916
490 494,86 0,11 0,05 1,00 4.447,00 5916
491 494,86 0,11 0,05 1,00 4.456,00 5916
492 494,86 0,11 0,05 1,00 4.465,00 5916
493 494,86 0,11 0,05 1,00 4.474,00 5916
494 494,86 0,11 0,05 1,00 4.483,00 5916
495 494,86 0,11 0,05 1,00 4.492,00 5916
496 494,86 0,11 0,05 1,00 4.501,00 5916
497 494,86 0,11 0,05 1,00 4.510,00 5916
498 494,86 0,11 0,05 1,00 4.519,00 5916
499 494,86 0,11 0,05 1,00 4.528,00 5916
500 494,86 0,11 0,05 1,00 4.537,00 5916
501 494,86 0,11 0,05 1,00 4.546,00 5916
502 494,86 0,11 0,05 1,00 4.555,00 5916
503 494,86 0,11 0,05 1,00 4.564,00 5916
504 494,86 0,11 0,05 1,00 4.573,00 5916
505 494,86 0,11 0,05 1,00 4.582,00 5919
506 494,86 0,11 0,05 1,00 4.591,00 5919
507 494,86 0,11 0,05 1,00 4.600,00 5919
508 494,86 0,11 0,05 1,00 4.609,00 5919
509 494,86 0,11 0,05 1,00 4.618,00 5919
510 494,86 0,11 0,05 99,00 4.627,00 5919
511 494,86 10,59 4,50 99,00 4.635,00 5935
512 494,86 10,59 4,49 99,00 4.644,00 5937
513 494,86 10,53 4,46 99,00 4.653,00 5938
514 494,86 10,51 4,45 99,00 4.662,00 5938
515 494,86 10,51 4,45 99,00 4.671,00 5938
516 494,86 10,51 4,45 99,00 4.680,00 5938
517 494,86 10,51 4,45 99,00 4.689,00 5938
518 494,86 10,51 4,45 99,00 4.698,00 5938
519 494,86 10,51 4,45 99,00 4.707,00 5938
520 494,86 10,51 4,45 99,00 4.716,00 5938
521 494,86 10,51 4,45 99,00 4.725,00 5938
522 494,86 10,51 4,45 99,00 4.734,00 5938
523 494,86 10,51 4,45 99,00 4.743,00 5938
524 494,86 10,51 4,45 99,00 4.752,00 5938
525 494,86 10,51 4,45 99,00 4.761,00 5938
526 494,86 10,51 4,45 99,00 4.770,00 5938
527 494,86 10,51 4,45 99,00 4.779,00 5938
528 494,86 10,51 4,45 99,00 4.788,00 5938
529 494,86 10,51 4,45 99,00 4.797,00 5938
530 494,86 10,51 4,45 99,00 4.806,00 5938
531 494,86 10,51 4,45 99,00 4.815,00 5938
532 494,86 10,16 4,30 99,00 4.824,00 5938
533 494,86 10,16 4,30 99,00 4.833,00 5938
534 494,86 10,12 4,29 99,00 4.842,00 5938
535 494,86 10,12 4,29 99,00 4.851,00 5938
536 494,86 10,12 4,29 99,00 4.860,00 5938
537 494,86 10,12 4,29 99,00 4.869,00 5938
538 494,86 10,12 4,29 99,00 4.878,00 5938
539 494,86 10,12 4,29 99,00 4.887,00 5938
540 494,86 10,12 4,29 1,00 4.896,00 5938
541 494,86 10,12 4,29 1,00 4.905,00 5942
542 494,86 10,12 4,23 1,00 4.914,00 5944
543 494,86 10,12 4,23 1,00 4.923,00 5946
544 494,86 10,12 4,23 1,00 4.932,00 5947
545 494,86 10,12 4,23 1,00 4.941,00 5958
546 494,86 10,12 4,23 1,00 4.950,00 5965
547 494,86 10,12 4,22 1,00 4.959,00 5965
548 494,86 10,12 4,22 1,00 4.968,00 5965
549 494,86 10,12 4,22 1,00 4.977,00 5965
550 494,86 10,12 4,22 1,00 4.986,00 5965
551 494,86 10,12 4,22 1,00 4.995,00 5965
552 494,86 10,12 4,22 1,00 5.004,00 5965
553 494,86 10,12 4,22 1,00 5.013,00 5965
554 494,86 10,12 4,22 1,00 5.022,00 5965
555 494,86 10,12 4,22 1,00 5.031,00 5965
556 494,86 10,12 4,22 1,00 5.040,00 5965
557 494,86 10,12 4,22 1,00 5.049,00 5965
558 494,86 10,12 4,22 1,00 5.058,00 5965
559 494,86 10,12 4,22 1,00 5.067,00 5969
560 494,86 10,12 4,20 1,00 5.076,00 5969
561 494,86 10,12 4,20 1,00 5.085,00 5969
562 494,86 10,12 4,20 1,00 5.094,00 5969
563 494,86 0,10 0,04 1,00 5.103,00 5969
564 494,86 0,10 0,04 1,00 5.112,00 5969
565 494,86 0,10 0,04 1,00 5.121,00 5969
566 494,86 0,10 0,04 1,00 5.130,00 5969
567 494,86 0,10 0,04 1,00 5.139,00 5969
568 494,86 0,10 0,04 1,00 5.148,00 5969
569 494,86 0,10 0,04 1,00 5.157,00 5969
570 494,86 0,10 0,04 99,00 5.166,00 5969
571 494,86 9,47 3,93 99,00 5.174,00 5988
572 494,86 9,47 3,91 99,00 5.183,00 5994
573 494,86 9,47 3,91 99,00 5.192,00 5999
574 494,86 9,47 3,91 99,00 5.201,00 6004
575 494,86 9,47 3,90 99,00 5.210,00 6007
576 494,86 9,47 3,90 99,00 5.219,00 6009
577 494,86 9,47 3,90 99,00 5.228,00 6010
578 494,86 9,47 3,90 99,00 5.237,00 6010
579 494,86 9,47 3,90 99,00 5.246,00 6010
580 494,86 9,47 3,90 99,00 5.255,00 6010
581 494,86 9,47 3,90 99,00 5.264,00 6010
582 494,86 9,47 3,90 99,00 5.273,00 6010
583 494,86 9,47 3,90 99,00 5.282,00 6010
584 494,86 9,26 3,81 99,00 5.291,00 6010
585 494,86 9,26 3,81 99,00 5.300,00 6010
586 494,86 9,26 3,81 99,00 5.309,00 6010
587 494,86 9,26 3,81 99,00 5.318,00 6010
588 494,86 9,26 3,81 99,00 5.327,00 6010
589 494,86 9,18 3,78 99,00 5.336,00 6010
590 494,86 9,18 3,78 99,00 5.345,00 6010
591 494,86 9,18 3,78 99,00 5.354,00 6010
592 494,86 9,18 3,78 99,00 5.363,00 6010
593 494,86 9,18 3,78 99,00 5.372,00 6010
594 494,86 9,18 3,78 99,00 5.381,00 6010
595 494,86 9,18 3,78 99,00 5.390,00 6010
596 494,86 9,18 3,78 99,00 5.399,00 6010
597 494,86 9,18 3,78 99,00 5.408,00 6010
598 494,86 9,18 3,78 99,00 5.417,00 6010
599 494,86 9,18 3,78 99,00 5.426,00 6010
600 494,86 9,18 3,78 3,00 5.435,00 6010
601 494,86 0,27 0,11 3,00 5.444,00 6019
602 494,86 0,27 0,11 3,00 5.453,00 6021
603 494,86 0,27 0,11 3,00 5.462,00 6022
604 494,86 0,27 0,11 3,00 5.471,00 6022
605 494,86 0,27 0,11 3,00 5.480,00 6022
606 494,86 0,27 0,11 3,00 5.489,00 6022
607 494,86 0,27 0,11 3,00 5.498,00 6022
608 494,86 0,27 0,11 3,00 5.507,00 6023
609 494,86 0,27 0,11 3,00 5.516,00 6023
610 494,86 0,27 0,11 3,00 5.525,00 6023
611 494,86 0,27 0,11 3,00 5.534,00 6023
612 494,86 0,27 0,11 3,00 5.543,00 6023
613 494,86 0,27 0,11 3,00 5.552,00 6023
614 494,86 0,27 0,11 3,00 5.561,00 6023
615 494,86 0,27 0,11 3,00 5.570,00 6023
616 494,86 0,27 0,11 3,00 5.579,00 6023
617 494,86 0,27 0,11 3,00 5.588,00 6023
618 494,86 0,27 0,11 3,00 5.597,00 6023
619 494,86 0,27 0,11 3,00 5.606,00 6023
620 494,86 0,27 0,11 3,00 5.615,00 6023
621 494,86 0,27 0,11 3,00 5.624,00 6023
622 494,86 0,27 0,11 3,00 5.633,00 6023
623 494,86 0,27 0,11 3,00 5.642,00 6023
624 494,86 0,27 0,11 3,00 5.651,00 6023
625 494,86 0,27 0,11 3,00 5.660,00 6023
626 494,86 0,27 0,11 3,00 5.669,00 6023
627 494,86 0,27 0,11 3,00 5.678,00 6023
628 494,86 0,27 0,11 3,00 5.687,00 6023
629 494,86 0,27 0,11 3,00 5.696,00 6023
630 494,86 0,27 0,11 101,00 5.705,00 6023
631 494,86 0,27 0,11 101,00 5.714,00 6039
632 494,86 0,27 0,11 101,00 5.723,00 6043
633 494,86 0,27 0,11 101,00 5.732,00 6043
634 494,86 0,27 0,11 101,00 5.741,00 6043
635 494,86 8,69 3,50 101,00 5.750,00 6043
636 494,86 8,69 3,50 101,00 5.759,00 6043
637 494,86 8,69 3,50 101,00 5.768,00 6043
638 494,86 8,69 3,50 101,00 5.777,00 6043
639 494,86 8,69 3,50 101,00 5.786,00 6043
640 494,86 8,69 3,50 101,00 5.795,00 6043
641 494,86 8,69 3,50 101,00 5.804,00 6043
642 494,86 8,69 3,50 101,00 5.813,00 6043
643 494,86 8,69 3,50 101,00 5.822,00 6043
644 494,86 8,69 3,50 101,00 5.831,00 6043
645 494,86 8,69 3,50 101,00 5.840,00 6043
646 494,86 8,69 3,50 101,00 5.849,00 6043
647 494,86 8,69 3,50 101,00 5.858,00 6043
648 494,86 8,69 3,50 101,00 5.867,00 6043
649 494,86 8,69 3,50 101,00 5.876,00 6043
650 494,86 8,69 3,50 101,00 5.885,00 6043
651 494,86 8,69 3,50 101,00 5.894,00 6043
652 494,86 8,69 3,50 101,00 5.903,00 6043
653 494,86 8,69 3,50 101,00 5.912,00 6043
654 494,86 8,44 3,40 101,00 5.921,00 6043
655 494,86 8,44 3,40 101,00 5.930,00 6043
656 494,86 8,44 3,40 101,00 5.939,00 6043
657 494,86 8,44 3,40 101,00 5.948,00 6043
658 494,86 8,44 3,40 101,00 5.957,00 6043
659 494,86 8,44 3,40 101,00 5.966,00 6043
660 494,86 8,44 3,40 1,00 5.975,00 6043
661 494,86 8,44 3,40 1,00 5.984,00 6047
662 494,86 8,44 3,35 1,00 5.993,00 6047
663 494,86 8,44 3,35 1,00 6.002,00 6047
664 494,86 8,44 3,35 1,00 6.011,00 6047
665 494,86 8,44 3,35 1,00 6.020,00 6047
666 494,86 8,44 3,35 1,00 6.029,00 6047
667 494,86 8,44 3,35 1,00 6.038,00 6047
668 494,86 8,44 3,35 1,00 6.047,00 6048
669 494,86 8,44 3,34 1,00 6.056,00 6048
670 494,86 8,44 3,34 1,00 6.065,00 6048
671 494,86 0,08 0,03 1,00 6.074,00 6048
672 494,86 0,08 0,03 1,00 6.083,00 6048
673 494,86 0,08 0,03 1,00 6.092,00 6048
674 494,86 0,08 0,03 1,00 6.101,00 6048
675 494,86 0,08 0,03 1,00 6.110,00 6048
676 494,86 0,08 0,03 1,00 6.119,00 6048
677 494,86 0,08 0,03 1,00 6.128,00 6048
678 494,86 0,08 0,03 1,00 6.137,00 6048
679 494,86 0,08 0,03 1,00 6.146,00 6048
680 494,86 0,08 0,03 1,00 6.155,00 6048
681 494,86 0,08 0,03 1,00 6.164,00 6048
682 494,86 0,08 0,03 1,00 6.173,00 6048
683 494,86 0,08 0,03 1,00 6.182,00 6048
684 494,86 0,08 0,03 1,00 6.191,00 6048
685 494,86 0,08 0,03 1,00 6.200,00 6048
686 494,86 0,08 0,03 1,00 6.209,00 6048
687 494,86 0,08 0,03 1,00 6.218,00 6048
688 494,86 0,08 0,03 1,00 6.227,00 6048
689 494,86 0,08 0,03 1,00 6.236,00 6048
690 494,86 0,08 0,03 99,00 6.245,00 6048
691 494,86 0,08 0,03 99,00 6.254,00 6060
692 494,86 7,83 3,07 99,00 6.262,00 6063
693 494,86 7,83 3,07 99,00 6.271,00 6066
694 494,86 7,83 3,07 99,00 6.280,00 6067
695 494,86 7,83 3,07 99,00 6.289,00 6068
696 494,86 7,78 3,05 99,00 6.298,00 6070
697 494,86 7,78 3,05 99,00 6.307,00 6070
698 494,86 7,78 3,05 99,00 6.316,00 6070
699 494,86 7,78 3,05 99,00 6.325,00 6070
700 494,86 7,78 3,05 99,00 6.334,00 6070
701 494,86 7,78 3,05 99,00 6.343,00 6070
702 494,86 7,78 3,05 99,00 6.352,00 6070
703 494,86 7,78 3,05 99,00 6.361,00 6070
704 494,86 7,78 3,05 99,00 6.370,00 6070
705 494,86 7,78 3,05 99,00 6.379,00 6070
706 494,86 7,78 3,05 99,00 6.388,00 6070
707 494,86 7,78 3,05 99,00 6.397,00 6070
708 494,86 7,78 3,05 99,00 6.406,00 6070
709 494,86 7,78 3,05 99,00 6.415,00 6070
710 494,86 7,78 3,05 99,00 6.424,00 6070
711 494,86 7,78 3,05 99,00 6.433,00 6070
712 494,86 7,78 3,05 99,00 6.442,00 6070
713 494,86 7,78 3,05 99,00 6.451,00 6070
714 494,86 7,78 3,05 99,00 6.460,00 6070
715 494,86 7,78 3,05 99,00 6.469,00 6070
716 494,86 7,78 3,05 99,00 6.478,00 6070
717 494,86 7,55 2,96 99,00 6.487,00 6070
718 494,86 7,55 2,96 99,00 6.496,00 6070
719 494,86 7,55 2,96 99,00 6.505,00 6070
720 494,86 7,55 2,96 3,00 6.514,00 6070
721 494,86 7,55 2,96 3,00 6.523,00 6073
722 494,86 7,55 2,93 3,00 6.532,00 6073
723 494,86 7,55 2,93 3,00 6.541,00 6073
724 494,86 7,55 2,93 3,00 6.550,00 6073
725 494,86 7,55 2,93 3,00 6.559,00 6073
726 494,86 7,55 2,93 3,00 6.568,00 6073
727 494,86 7,55 2,93 3,00 6.577,00 6073
728 494,86 7,55 2,93 3,00 6.586,00 6073
729 494,86 7,55 2,93 3,00 6.595,00 6073
730 494,86 7,55 2,93 3,00 6.604,00 6073
731 494,86 7,55 2,93 3,00 6.613,00 6073
732 494,86 7,55 2,93 3,00 6.622,00 6073
733 494,86 7,55 2,93 3,00 6.631,00 6073
734 494,86 7,55 2,93 3,00 6.640,00 6073
735 494,86 7,55 2,93 3,00 6.649,00 6073
736 494,86 7,55 2,93 3,00 6.658,00 6073
737 494,86 7,55 2,93 3,00 6.667,00 6073
738 494,86 7,55 2,93 3,00 6.676,00 6073
739 494,86 7,55 2,93 3,00 6.685,00 6073
740 494,86 0,22 0,09 3,00 6.694,00 6073
741 494,86 0,22 0,09 3,00 6.703,00 6073
742 494,86 0,22 0,09 3,00 6.712,00 6073
743 494,86 0,22 0,09 3,00 6.721,00 6073
744 494,86 0,22 0,09 3,00 6.730,00 6073
745 494,86 0,22 0,09 3,00 6.739,00 6073
746 494,86 0,22 0,09 3,00 6.748,00 6073
747 494,86 0,22 0,09 3,00 6.757,00 6073
748 494,86 0,22 0,09 3,00 6.766,00 6073
749 494,86 0,22 0,09 3,00 6.775,00 6073
750 494,86 0,22 0,09 101,00 6.784,00 6073
751 494,86 0,22 0,09 101,00 6.793,00 6081
752 494,86 0,22 0,08 101,00 6.802,00 6085
753 494,86 0,22 0,08 101,00 6.811,00 6085
754 494,86 0,22 0,08 101,00 6.820,00 6085
755 494,86 0,22 0,08 101,00 6.829,00 6085
756 494,86 0,22 0,08 101,00 6.838,00 6085
757 494,86 7,30 2,80 101,00 6.847,00 6085
758 494,86 7,30 2,80 101,00 6.856,00 6091
759 494,86 7,28 2,78 101,00 6.865,00 6094
760 494,86 7,28 2,78 101,00 6.874,00 6096
761 494,86 7,28 2,78 101,00 6.883,00 6097
762 494,86 7,28 2,78 101,00 6.892,00 6098
763 494,86 7,24 2,76 101,00 6.901,00 6098
764 494,86 7,24 2,76 101,00 6.910,00 6098
765 494,86 7,24 2,76 101,00 6.919,00 6098
766 494,86 7,24 2,76 101,00 6.928,00 6098
767 494,86 7,24 2,76 101,00 6.937,00 6098
768 494,86 7,24 2,76 101,00 6.946,00 6098
769 494,86 7,24 2,76 101,00 6.955,00 6098
770 494,86 7,24 2,76 101,00 6.964,00 6098
771 494,86 7,24 2,76 101,00 6.973,00 6098
772 494,86 7,24 2,76 101,00 6.982,00 6098
773 494,86 7,24 2,76 101,00 6.991,00 6098
774 494,86 7,14 2,72 101,00 7.000,00 6098
775 494,86 7,14 2,72 101,00 7.009,00 6098
776 494,86 7,14 2,72 101,00 7.018,00 6098
777 494,86 7,14 2,72 101,00 7.027,00 6098
778 494,86 7,14 2,72 101,00 7.036,00 6098
779 494,86 7,14 2,72 101,00 7.045,00 6098
780 494,86 7,14 2,72 2,00 7.054,00 6098
781 494,86 7,14 2,72 2,00 7.063,00 6102
782 494,86 7,14 2,70 2,00 7.072,00 6107
783 494,86 7,14 2,70 2,00 7.081,00 6110
784 494,86 7,14 2,70 2,00 7.090,00 6111
785 494,86 7,14 2,70 2,00 7.099,00 6111
786 494,86 7,14 2,70 2,00 7.108,00 6111
787 494,86 7,14 2,70 2,00 7.117,00 6111
788 494,86 7,14 2,70 2,00 7.126,00 6111
789 494,86 7,14 2,70 2,00 7.135,00 6111
790 494,86 7,14 2,70 2,00 7.144,00 6111
791 494,86 7,14 2,70 2,00 7.153,00 6111
792 494,86 7,14 2,70 2,00 7.162,00 6111
793 494,86 7,14 2,70 2,00 7.171,00 6111
794 494,86 7,14 2,70 2,00 7.180,00 6111
795 494,86 7,14 2,70 2,00 7.189,00 6111
796 494,86 7,14 2,70 2,00 7.198,00 6111
797 494,86 7,14 2,70 2,00 7.207,00 6111
798 494,86 7,14 2,70 2,00 7.216,00 6111
799 494,86 7,14 2,70 2,00 7.225,00 6111
800 494,86 7,14 2,70 2,00 7.234,00 6111
801 494,86 7,14 2,70 2,00 7.243,00 6111
802 494,86 7,14 2,70 2,00 7.252,00 6111
803 494,86 7,14 2,70 2,00 7.261,00 6111
804 494,86 7,14 2,70 2,00 7.270,00 6111
805 494,86 0,14 0,05 2,00 7.279,00 6111
806 494,86 0,14 0,05 2,00 7.288,00 6111
807 494,86 0,14 0,05 2,00 7.297,00 6111
808 494,86 0,14 0,05 2,00 7.306,00 6111
809 494,86 0,14 0,05 2,00 7.315,00 6111
810 494,86 0,14 0,05 100,00 7.324,00 6111
811 494,86 0,14 0,05 100,00 7.333,00 6120
812 494,86 0,14 0,05 100,00 7.342,00 6122
813 494,86 0,14 0,05 100,00 7.351,00 6123
814 494,86 6,72 2,51 100,00 7.360,00 6123
815 494,86 6,72 2,51 100,00 7.369,00 6123
816 494,86 6,72 2,51 100,00 7.378,00 6123
817 494,86 6,72 2,51 100,00 7.387,00 6123
818 494,86 6,72 2,51 100,00 7.396,00 6123
819 494,86 6,72 2,51 100,00 7.405,00 6123
820 494,86 6,72 2,51 100,00 7.414,00 6123
821 494,86 6,72 2,51 100,00 7.423,00 6123
822 494,86 6,72 2,51 100,00 7.432,00 6123
823 494,86 6,72 2,51 100,00 7.441,00 6123
824 494,86 6,72 2,51 100,00 7.450,00 6123
825 494,86 6,63 2,48 100,00 7.459,00 6123
826 494,86 6,63 2,48 100,00 7.468,00 6123
827 494,86 6,62 2,47 100,00 7.477,00 6123
828 494,86 6,62 2,47 100,00 7.486,00 6123
829 494,86 6,62 2,47 100,00 7.495,00 6123
830 494,86 6,59 2,46 100,00 7.504,00 6123
831 494,86 6,59 2,46 100,00 7.513,00 6123
832 494,86 6,59 2,46 100,00 7.522,00 6123
833 494,86 6,57 2,46 100,00 7.531,00 6123
834 494,86 6,57 2,46 100,00 7.540,00 6123
835 494,86 6,57 2,46 100,00 7.549,00 6123
836 494,86 6,57 2,46 100,00 7.558,00 6123
837 494,86 6,57 2,46 100,00 7.567,00 6123
838 494,86 6,57 2,46 100,00 7.576,00 6123
839 494,86 6,57 2,46 100,00 7.585,00 6123
840 494,86 6,57 2,46 2,00 7.594,00 6123
841 494,86 0,13 0,05 2,00 7.603,00 6130
842 494,86 0,13 0,05 2,00 7.612,00 6130
843 494,86 0,13 0,05 2,00 7.621,00 6130
844 494,86 0,13 0,05 2,00 7.630,00 6130
845 494,86 0,13 0,05 2,00 7.639,00 6130
846 494,86 0,13 0,05 2,00 7.648,00 6130
847 494,86 0,13 0,05 2,00 7.657,00 6130
848 494,86 0,13 0,05 2,00 7.666,00 6130
849 494,86 0,13 0,05 2,00 7.675,00 6130
850 494,86 0,13 0,05 2,00 7.684,00 6130
851 494,86 0,13 0,05 2,00 7.693,00 6130
852 494,86 0,13 0,05 2,00 7.702,00 6130
853 494,86 0,13 0,05 2,00 7.711,00 6130
854 494,86 0,13 0,05 2,00 7.720,00 6130
855 494,86 0,13 0,05 2,00 7.729,00 6130
856 494,86 0,13 0,05 2,00 7.738,00 6130
857 494,86 0,13 0,05 2,00 7.747,00 6130
858 494,86 0,13 0,05 2,00 7.756,00 6130
859 494,86 0,13 0,05 2,00 7.765,00 6130
860 494,86 0,13 0,05 2,00 7.774,00 6130
861 494,86 0,13 0,05 2,00 7.783,00 6130
862 494,86 0,13 0,05 2,00 7.792,00 6130
863 494,86 0,13 0,05 2,00 7.801,00 6130
864 494,86 0,13 0,05 2,00 7.810,00 6130
865 494,86 0,13 0,05 2,00 7.819,00 6130
866 494,86 0,13 0,05 2,00 7.828,00 6130
867 494,86 0,13 0,05 2,00 7.837,00 6130
868 494,86 0,13 0,05 2,00 7.846,00 6130
869 494,86 0,13 0,05 2,00 7.855,00 6130
870 494,86 0,13 0,05 100,00 7.864,00 6130
871 494,86 0,13 0,05 100,00 7.873,00 6139
872 494,86 0,13 0,05 100,00 7.882,00 6142
873 494,86 0,13 0,05 100,00 7.891,00 6144
874 494,86 0,13 0,05 100,00 7.900,00 6144
875 494,86 6,26 2,28 100,00 7.909,00 6152
876 494,86 6,26 2,28 100,00 7.918,00 6155
877 494,86 6,26 2,28 100,00 7.927,00 6156
878 494,86 6,26 2,28 100,00 7.936,00 6156
879 494,86 6,26 2,28 100,00 7.945,00 6156
880 494,86 6,26 2,28 100,00 7.954,00 6156
881 494,86 6,26 2,28 100,00 7.963,00 6156
882 494,86 6,26 2,28 100,00 7.972,00 6156
883 494,86 6,26 2,28 100,00 7.981,00 6156
884 494,86 6,26 2,28 100,00 7.990,00 6156
885 494,86 6,26 2,28 100,00 7.999,00 6156
886 494,86 6,26 2,28 100,00 8.008,00 6156
887 494,86 6,26 2,28 100,00 8.017,00 6156
888 494,86 6,26 2,28 100,00 8.026,00 6156
889 494,86 6,26 2,28 100,00 8.035,00 6156
890 494,86 6,26 2,28 100,00 8.044,00 6156
891 494,86 6,26 2,28 100,00 8.053,00 6156
892 494,86 6,26 2,28 100,00 8.062,00 6156
893 494,86 6,13 2,23 100,00 8.071,00 6156
894 494,86 6,13 2,23 100,00 8.080,00 6156
895 494,86 6,13 2,23 100,00 8.089,00 6156
896 494,86 6,13 2,23 100,00 8.098,00 6156
897 494,86 6,10 2,22 100,00 8.107,00 6156
898 494,86 6,10 2,22 100,00 8.116,00 6156
899 494,86 6,10 2,22 100,00 8.125,00 6156
900 494,86 6,10 2,22 6,00 8.134,00 6156
901 494,86 6,10 2,22 6,00 8.143,00 6161
902 494,86 6,10 2,20 6,00 8.152,00 6162
903 494,86 6,10 2,20 6,00 8.161,00 6163
904 494,86 6,10 2,20 6,00 8.170,00 6163
905 494,86 6,10 2,20 6,00 8.179,00 6164
906 494,86 6,10 2,20 6,00 8.188,00 6165
907 494,86 6,10 2,20 6,00 8.197,00 6165
908 494,86 6,10 2,20 6,00 8.206,00 6165
909 494,86 6,10 2,20 6,00 8.215,00 6165
910 494,86 6,10 2,20 6,00 8.224,00 6165
911 494,86 6,10 2,20 6,00 8.233,00 6165
912 494,86 0,36 0,13 6,00 8.242,00 6165
913 494,86 0,36 0,13 6,00 8.251,00 6165
914 494,86 0,36 0,13 6,00 8.260,00 6165
915 494,86 0,36 0,13 6,00 8.269,00 6165
916 494,86 0,36 0,13 6,00 8.278,00 6165
917 494,86 0,36 0,13 6,00 8.287,00 6165
918 494,86 0,36 0,13 6,00 8.296,00 6165
919 494,86 0,36 0,13 6,00 8.305,00 6165
920 494,86 0,36 0,13 6,00 8.314,00 6165
921 494,86 0,36 0,13 6,00 8.323,00 6165
922 494,86 0,36 0,13 6,00 8.332,00 6165
923 494,86 0,36 0,13 6,00 8.341,00 6165
924 494,86 0,36 0,13 6,00 8.350,00 6165
925 494,86 0,36 0,13 6,00 8.359,00 6165
926 494,86 0,36 0,13 6,00 8.368,00 6165
927 494,86 0,36 0,13 6,00 8.377,00 6165
928 494,86 0,36 0,13 6,00 8.386,00 6165
929 494,86 0,36 0,13 6,00 8.395,00 6165
930 494,86 0,36 0,13 100,00 8.404,00 6165
931 494,86 0,36 0,13 100,00 8.413,00 6173
932 494,86 0,36 0,13 100,00 8.422,00 6176
933 494,86 0,36 0,13 100,00 8.431,00 6176
934 494,86 0,36 0,13 100,00 8.440,00 6176
935 494,86 0,36 0,13 100,00 8.449,00 6176
936 494,86 0,36 0,13 100,00 8.458,00 6177
937 494,86 5,84 2,08 100,00 8.467,00 6177
938 494,86 5,84 2,08 100,00 8.476,00 6177
939 494,86 5,84 2,08 100,00 8.485,00 6177
940 494,86 5,84 2,08 100,00 8.494,00 6177
941 494,86 5,84 2,08 100,00 8.503,00 6177
942 494,86 5,84 2,08 100,00 8.512,00 6177
943 494,86 5,84 2,08 100,00 8.521,00 6177
944 494,86 5,84 2,08 100,00 8.530,00 6177
945 494,86 5,84 2,08 100,00 8.539,00 6177
946 494,86 5,84 2,08 100,00 8.548,00 6177
947 494,86 5,78 2,06 100,00 8.557,00 6177
948 494,86 5,78 2,06 100,00 8.566,00 6177
949 494,86 5,78 2,06 100,00 8.575,00 6177
950 494,86 5,78 2,06 100,00 8.584,00 6177
951 494,86 5,76 2,05 100,00 8.593,00 6177
952 494,86 5,76 2,05 100,00 8.602,00 6177
953 494,86 5,76 2,05 100,00 8.611,00 6177
954 494,86 5,76 2,05 100,00 8.620,00 6177
955 494,86 5,76 2,05 100,00 8.629,00 6177
956 494,86 5,76 2,05 100,00 8.638,00 6177
957 494,86 5,76 2,05 100,00 8.647,00 6177
958 494,86 5,76 2,05 100,00 8.656,00 6177
959 494,86 5,76 2,05 100,00 8.665,00 6177
960 494,86 5,76 2,05 4,00 8.674,00 6177
961 494,86 5,76 2,05 4,00 8.683,00 6179
962 494,86 5,76 2,03 4,00 8.692,00 6180
963 494,86 0,23 0,08 4,00 8.701,00 6180
964 494,86 0,23 0,08 4,00 8.710,00 6180
965 494,86 0,23 0,08 4,00 8.719,00 6181
966 494,86 0,23 0,08 4,00 8.728,00 6181
967 494,86 0,23 0,08 4,00 8.737,00 6181
968 494,86 0,23 0,08 4,00 8.746,00 6181
969 494,86 0,23 0,08 4,00 8.755,00 6181
970 494,86 0,23 0,08 4,00 8.764,00 6181
971 494,86 0,23 0,08 4,00 8.773,00 6181
972 494,86 0,23 0,08 4,00 8.782,00 6181
973 494,86 0,23 0,08 4,00 8.791,00 6181
974 494,86 0,23 0,08 4,00 8.800,00 6181
975 494,86 0,23 0,08 4,00 8.809,00 6181
976 494,86 0,23 0,08 4,00 8.818,00 6181
977 494,86 0,23 0,08 4,00 8.827,00 6181
978 494,86 0,23 0,08 4,00 8.836,00 6181
979 494,86 0,23 0,08 4,00 8.845,00 6181
980 494,86 0,23 0,08 4,00 8.854,00 6181
981 494,86 0,22 0,08 4,00 8.863,00 6181
982 494,86 0,22 0,08 4,00 8.872,00 6181
983 494,86 0,22 0,08 4,00 8.881,00 6181
984 494,86 0,22 0,08 4,00 8.890,00 6181
985 494,86 0,22 0,08 4,00 8.899,00 6181
986 494,86 0,22 0,08 4,00 8.908,00 6181
987 494,86 0,22 0,08 4,00 8.917,00 6181
988 494,86 0,22 0,08 4,00 8.926,00 6181
989 494,86 0,22 0,08 4,00 8.935,00 6181
990 494,86 0,22 0,08 100,00 8.944,00 6181
991 494,86 0,22 0,08 100,00 8.953,00 6187
992 494,86 0,22 0,08 100,00 8.962,00 6189
993 494,86 5,52 1,92 100,00 8.971,00 6189
994 494,86 5,52 1,92 100,00 8.980,00 6189
995 494,86 5,52 1,92 100,00 8.989,00 6189
996 494,86 5,52 1,92 100,00 8.998,00 6189
997 494,86 5,52 1,92 100,00 9.007,00 6189
998 494,86 5,52 1,92 100,00 9.016,00 6189
999 494,86 5,48 1,91 100,00 9.025,00 6189
