500
0 474,11 474,11 474,11 1,00 65,00
1 474,11 0,00 0,00 1,00 80,00
2 474,11 474,11 717,40 99,00 94,00
3 474,11 0,00 0,00 1,00 109,00
4 474,11 0,00 0,00 99,00 114,00
5 474,11 474,11 526,29 197,00 128,00
6 474,11 0,00 0,00 98,00 143,00
7 474,11 474,11 561,77 196,00 157,00
8 474,11 0,00 0,00 96,00 172,00
9 474,11 474,11 584,89 194,00 186,00
10 474,11 0,00 0,00 94,00 201,00
11 474,11 0,00 0,00 192,00 207,00
12 474,11 474,11 656,12 290,00 221,00
13 474,11 0,00 0,00 190,00 236,00
14 474,11 474,11 638,79 288,00 250,00
15 474,11 0,00 0,00 188,00 265,00
16 474,11 474,11 625,99 286,00 279,00
17 474,11 0,00 0,00 186,00 294,00
18 474,11 0,00 0,00 284,00 299,00
19 474,11 474,11 627,67 382,00 313,00
20 474,11 0,00 0,00 282,00 328,00
21 474,11 474,11 627,21 380,00 342,00
22 474,11 0,00 0,00 280,00 357,00
23 474,11 474,11 627,84 378,00 371,00
24 474,11 0,00 0,00 278,00 386,00
25 474,11 0,00 0,00 376,00 391,00
26 474,11 474,11 626,11 474,00 405,00
27 474,11 0,00 0,00 374,00 420,00
28 474,11 474,11 626,22 472,00 434,00
29 474,11 0,00 0,00 372,00 449,00
30 474,11 474,11 625,87 470,00 463,00
31 474,11 0,00 0,00 370,00 478,00
32 474,11 0,00 0,00 468,00 483,00
33 474,11 474,11 626,07 566,00 497,00
34 474,11 0,00 0,00 466,00 512,00
35 474,11 474,11 626,00 564,00 526,00
36 474,11 0,00 0,00 464,00 541,00
37 474,11 474,11 626,24 562,00 555,00
38 474,11 0,00 0,00 462,00 570,00
39 474,11 0,00 0,00 560,00 575,00
40 474,11 474,11 626,57 658,00 589,00
41 474,11 0,00 0,00 558,00 604,00
42 474,11 474,11 626,91 656,00 618,00
43 474,11 0,00 0,00 556,00 633,00
44 474,11 474,11 627,44 654,00 647,00
45 474,11 0,00 0,00 554,00 662,00
46 474,11 0,00 0,00 652,00 667,00
47 474,11 474,11 628,13 750,00 681,00
48 474,11 0,00 0,00 650,00 696,00
49 474,11 474,11 628,74 748,00 710,00
50 474,11 0,00 0,00 648,00 725,00
51 474,11 474,11 629,73 746,00 739,00
52 474,11 0,00 0,00 646,00 754,00
53 474,11 0,00 0,00 744,00 759,00
54 474,11 474,11 631,56 842,00 773,00
55 474,11 0,00 0,00 742,00 788,00
56 474,11 474,11 632,88 840,00 802,00
57 474,11 0,00 0,00 740,00 817,00
58 474,11 474,11 634,20 838,00 831,00
59 474,11 0,00 0,00 738,00 846,00
60 474,11 0,00 0,00 836,00 851,00
61 474,11 474,11 636,57 934,00 865,00
62 474,11 0,00 0,00 834,00 880,00
63 474,11 474,11 638,14 932,00 894,00
64 474,11 0,00 0,00 832,00 909,00
65 474,11 474,11 639,71 930,00 923,00
66 474,11 0,00 0,00 830,00 938,00
67 474,11 0,00 0,00 928,00 943,00
68 474,11 474,11 642,17 1.026,00 957,00
69 474,11 0,00 0,00 926,00 972,00
70 474,11 474,11 644,09 1.024,00 986,00
71 474,11 0,00 0,00 924,00 1.001,00
72 474,11 474,11 646,06 1.022,00 1.015,00
73 474,11 0,00 0,00 922,00 1.030,00
74 474,11 0,00 0,00 1.020,00 1.035,00
75 474,11 474,11 649,33 1.118,00 1.049,00
76 474,11 0,00 0,00 1.018,00 1.064,00
77 474,11 474,11 651,51 1.116,00 1.078,00
78 474,11 0,00 0,00 1.016,00 1.093,00
79 474,11 474,11 653,80 1.114,00 1.107,00
80 474,11 0,00 0,00 1.014,00 1.122,00
81 474,11 0,00 0,00 1.112,00 1.127,00
82 474,11 474,11 657,58 1.210,00 1.141,00
83 474,11 0,00 0,00 1.110,00 1.156,00
84 474,11 474,11 660,08 1.208,00 1.170,00
85 474,11 0,00 0,00 1.108,00 1.185,00
86 474,11 474,11 662,62 1.206,00 1.199,00
87 474,11 0,00 0,00 1.106,00 1.214,00
88 474,11 0,00 0,00 1.204,00 1.219,00
89 474,11 474,11 667,02 1.302,00 1.233,00
90 474,11 0,00 0,00 1.202,00 1.248,00
91 474,11 474,11 670,02 1.300,00 1.262,00
92 474,11 0,00 0,00 1.200,00 1.277,00
93 474,11 474,11 673,02 1.298,00 1.291,00
94 474,11 0,00 0,00 1.198,00 1.306,00
95 474,11 0,00 0,00 1.296,00 1.311,00
96 474,11 474,11 677,81 1.394,00 1.325,00
97 474,11 0,00 0,00 1.294,00 1.340,00
98 474,11 474,11 681,12 1.392,00 1.354,00
99 474,11 0,00 0,00 1.292,00 1.369,00
100 474,11 474,11 684,54 1.390,00 1.383,00
101 474,11 0,00 0,00 1.290,00 1.398,00
102 474,11 0,00 0,00 1.388,00 1.403,00
103 474,11 474,11 689,94 1.486,00 1.417,00
104 474,11 0,00 0,00 1.386,00 1.432,00
105 474,11 474,11 693,77 1.484,00 1.446,00
106 474,11 0,00 0,00 1.384,00 1.461,00
107 474,11 474,11 697,47 1.482,00 1.475,00
108 474,11 0,00 0,00 1.382,00 1.490,00
109 474,11 0,00 0,00 1.480,00 1.495,00
110 474,11 474,11 703,45 1.578,00 1.509,00
111 474,11 0,00 0,00 1.478,00 1.524,00
112 474,11 474,11 707,60 1.576,00 1.538,00
113 474,11 0,00 0,00 1.476,00 1.553,00
114 474,11 474,11 711,87 1.574,00 1.567,00
115 474,11 0,00 0,00 1.474,00 1.582,00
116 474,11 0,00 0,00 1.572,00 1.587,00
117 474,11 474,11 718,69 1.670,00 1.601,00
118 474,11 0,00 0,00 1.570,00 1.616,00
119 474,11 474,11 723,10 1.668,00 1.630,00
120 474,11 0,00 0,00 1.568,00 1.645,00
121 474,11 474,11 727,40 1.666,00 1.659,00
122 474,11 0,00 0,00 1.566,00 1.674,00
123 474,11 0,00 0,00 1.664,00 1.679,00
124 474,11 474,11 734,29 1.762,00 1.693,00
125 474,11 0,00 0,00 1.662,00 1.708,00
126 474,11 474,11 738,93 1.760,00 1.722,00
127 474,11 0,00 0,00 1.660,00 1.737,00
128 474,11 474,11 743,70 1.758,00 1.751,00
129 474,11 0,00 0,00 1.658,00 1.766,00
130 474,11 0,00 0,00 1.756,00 1.771,00
131 474,11 474,11 751,17 1.854,00 1.785,00
132 474,11 0,00 0,00 1.754,00 1.800,00
133 474,11 474,11 756,07 1.852,00 1.814,00
134 474,11 0,00 0,00 1.752,00 1.829,00
135 474,11 474,11 761,29 1.850,00 1.843,00
136 474,11 0,00 0,00 1.750,00 1.858,00
137 474,11 0,00 0,00 1.848,00 1.863,00
138 474,11 474,11 769,31 1.946,00 1.877,00
139 474,11 0,00 0,00 1.846,00 1.892,00
140 474,11 474,11 774,95 1.944,00 1.906,00
141 474,11 0,00 0,00 1.844,00 1.921,00
142 474,11 474,11 780,26 1.942,00 1.935,00
143 474,11 0,00 0,00 1.842,00 1.950,00
144 474,11 0,00 0,00 1.940,00 1.955,00
145 474,11 474,11 788,61 2.038,00 1.969,00
146 474,11 0,00 0,00 1.938,00 1.984,00
147 474,11 474,11 794,14 2.036,00 1.998,00
148 474,11 0,00 0,00 1.936,00 2.013,00
149 474,11 474,11 799,80 2.034,00 2.027,00
150 474,11 0,00 0,00 1.934,00 2.042,00
151 474,11 0,00 0,00 2.032,00 2.047,00
152 474,11 474,11 808,91 2.130,00 2.061,00
153 474,11 0,00 0,00 2.030,00 2.076,00
154 474,11 474,11 815,01 2.128,00 2.090,00
155 474,11 0,00 0,00 2.028,00 2.105,00
156 474,11 474,11 821,28 2.126,00 2.119,00
157 474,11 0,00 0,00 2.026,00 2.134,00
158 474,11 0,00 0,00 2.124,00 2.139,00
159 474,11 474,11 831,09 2.222,00 2.153,00
160 474,11 0,00 0,00 2.122,00 2.168,00
161 474,11 474,11 837,62 2.220,00 2.182,00
162 474,11 0,00 0,00 2.120,00 2.197,00
163 474,11 474,11 844,07 2.218,00 2.211,00
164 474,11 0,00 0,00 2.118,00 2.226,00
165 474,11 0,00 0,00 2.216,00 2.231,00
166 474,11 474,11 854,04 2.314,00 2.245,00
167 474,11 0,00 0,00 2.214,00 2.260,00
168 474,11 474,11 860,70 2.312,00 2.274,00
169 474,11 0,00 0,00 2.212,00 2.289,00
170 474,11 474,11 867,38 2.310,00 2.303,00
171 474,11 0,00 0,00 2.210,00 2.318,00
172 474,11 0,00 0,00 2.308,00 2.323,00
173 474,11 474,11 878,15 2.406,00 2.337,00
174 474,11 0,00 0,00 2.306,00 2.352,00
175 474,11 474,11 885,27 2.404,00 2.366,00
176 474,11 0,00 0,00 2.304,00 2.381,00
177 474,11 474,11 892,39 2.402,00 2.395,00
178 474,11 0,00 0,00 2.302,00 2.410,00
179 474,11 0,00 0,00 2.400,00 2.415,00
180 474,11 474,11 903,34 2.498,00 2.429,00
181 474,11 0,00 0,00 2.398,00 2.444,00
182 474,11 474,11 910,58 2.496,00 2.458,00
183 474,11 0,00 0,00 2.396,00 2.473,00
184 474,11 474,11 917,83 2.494,00 2.487,00
185 474,11 0,00 0,00 2.394,00 2.502,00
186 474,11 0,00 0,00 2.492,00 2.507,00
187 474,11 474,11 928,99 2.590,00 2.521,00
188 474,11 0,00 0,00 2.490,00 2.536,00
189 474,11 474,11 936,49 2.588,00 2.550,00
190 474,11 0,00 0,00 2.488,00 2.565,00
191 474,11 474,11 943,94 2.586,00 2.579,00
192 474,11 0,00 0,00 2.486,00 2.594,00
193 474,11 0,00 0,00 2.584,00 2.599,00
194 474,11 474,11 955,59 2.682,00 2.613,00
195 474,11 0,00 0,00 2.582,00 2.628,00
196 474,11 474,11 963,75 2.680,00 2.642,00
197 474,11 0,00 0,00 2.580,00 2.657,00
198 474,11 474,11 971,81 2.678,00 2.671,00
199 474,11 0,00 0,00 2.578,00 2.686,00
200 474,11 0,00 0,00 2.676,00 2.691,00
201 474,11 474,11 984,20 2.774,00 2.705,00
202 474,11 0,00 0,00 2.674,00 2.720,00
203 474,11 474,11 992,30 2.772,00 2.734,00
204 474,11 0,00 0,00 2.672,00 2.749,00
205 474,11 474,11 1.000,58 2.770,00 2.763,00
206 474,11 0,00 0,00 2.670,00 2.778,00
207 474,11 0,00 0,00 2.768,00 2.783,00
208 474,11 474,11 1.013,57 2.866,00 2.797,00
209 474,11 0,00 0,00 2.766,00 2.812,00
210 474,11 474,11 1.022,18 2.864,00 2.826,00
211 474,11 0,00 0,00 2.764,00 2.841,00
212 474,11 474,11 1.030,89 2.862,00 2.855,00
213 474,11 0,00 0,00 2.762,00 2.870,00
214 474,11 0,00 0,00 2.860,00 2.875,00
215 474,11 474,11 1.044,24 2.958,00 2.889,00
216 474,11 0,00 0,00 2.858,00 2.904,00
217 474,11 474,11 1.053,25 2.956,00 2.918,00
218 474,11 0,00 0,00 2.856,00 2.933,00
219 474,11 474,11 1.062,35 2.954,00 2.947,00
220 474,11 0,00 0,00 2.854,00 2.962,00
221 474,11 0,00 0,00 2.952,00 2.967,00
222 474,11 474,11 1.076,11 3.050,00 2.981,00
223 474,11 0,00 0,00 2.950,00 2.996,00
224 474,11 474,11 1.085,24 3.048,00 3.010,00
225 474,11 0,00 0,00 2.948,00 3.025,00
226 474,11 474,11 1.094,35 3.046,00 3.039,00
227 474,11 0,00 0,00 2.946,00 3.054,00
228 474,11 0,00 0,00 3.044,00 3.059,00
229 474,11 474,11 1.108,13 3.142,00 3.073,00
230 474,11 0,00 0,00 3.042,00 3.088,00
231 474,11 474,11 1.117,41 3.140,00 3.102,00
232 474,11 0,00 0,00 3.040,00 3.117,00
233 474,11 474,11 1.126,74 3.138,00 3.131,00
234 474,11 0,00 0,00 3.038,00 3.146,00
235 474,11 0,00 0,00 3.136,00 3.151,00
236 474,11 474,11 1.141,15 3.234,00 3.165,00
237 474,11 0,00 0,00 3.134,00 3.180,00
238 474,11 474,11 1.150,64 3.232,00 3.194,00
239 474,11 0,00 0,00 3.132,00 3.209,00
240 474,11 474,11 1.160,30 3.230,00 3.223,00
241 474,11 0,00 0,00 3.130,00 3.238,00
242 474,11 0,00 0,00 3.228,00 3.243,00
243 474,11 474,11 1.175,03 3.326,00 3.257,00
244 474,11 0,00 0,00 3.226,00 3.272,00
245 474,11 474,11 1.184,85 3.324,00 3.286,00
246 474,11 0,00 0,00 3.224,00 3.301,00
247 474,11 474,11 1.194,68 3.322,00 3.315,00
248 474,11 0,00 0,00 3.222,00 3.330,00
249 474,11 0,00 0,00 3.320,00 3.335,00
250 474,11 474,11 1.210,02 3.418,00 3.349,00
251 474,11 0,00 0,00 3.318,00 3.364,00
252 474,11 474,11 1.220,03 3.416,00 3.378,00
253 474,11 0,00 0,00 3.316,00 3.393,00
254 474,11 474,11 1.230,22 3.414,00 3.407,00
255 474,11 0,00 0,00 3.314,00 3.422,00
256 474,11 0,00 0,00 3.412,00 3.427,00
257 474,11 474,11 1.246,02 3.510,00 3.441,00
258 474,11 0,00 0,00 3.410,00 3.456,00
259 474,11 474,11 1.256,89 3.508,00 3.470,00
260 474,11 0,00 0,00 3.408,00 3.485,00
261 474,11 474,11 1.267,50 3.506,00 3.499,00
262 474,11 0,00 0,00 3.406,00 3.514,00
263 474,11 0,00 0,00 3.504,00 3.519,00
264 474,11 474,11 1.283,76 3.602,00 3.533,00
265 474,11 0,00 0,00 3.502,00 3.548,00
266 474,11 474,11 1.294,58 3.600,00 3.562,00
267 474,11 0,00 0,00 3.500,00 3.577,00
268 474,11 474,11 1.305,52 3.598,00 3.591,00
269 474,11 0,00 0,00 3.498,00 3.606,00
270 474,11 0,00 0,00 3.596,00 3.611,00
271 474,11 474,11 1.322,33 3.694,00 3.625,00
272 474,11 0,00 0,00 3.594,00 3.640,00
273 474,11 474,11 1.333,61 3.692,00 3.654,00
274 474,11 0,00 0,00 3.592,00 3.669,00
275 474,11 474,11 1.344,49 3.690,00 3.683,00
276 474,11 0,00 0,00 3.590,00 3.698,00
277 474,11 0,00 0,00 3.688,00 3.703,00
278 474,11 474,11 1.361,55 3.786,00 3.717,00
279 474,11 0,00 0,00 3.686,00 3.732,00
280 474,11 474,11 1.373,14 3.784,00 3.746,00
281 474,11 0,00 0,00 3.684,00 3.761,00
282 474,11 474,11 1.384,20 3.782,00 3.775,00
283 474,11 0,00 0,00 3.682,00 3.790,00
284 474,11 0,00 0,00 3.780,00 3.795,00
285 474,11 474,11 1.400,91 3.878,00 3.809,00
286 474,11 0,00 0,00 3.778,00 3.824,00
287 474,11 474,11 1.412,21 3.876,00 3.838,00
288 474,11 0,00 0,00 3.776,00 3.853,00
289 474,11 474,11 1.423,42 3.874,00 3.867,00
290 474,11 0,00 0,00 3.774,00 3.882,00
291 474,11 0,00 0,00 3.872,00 3.887,00
292 474,11 474,11 1.441,23 3.970,00 3.901,00
293 474,11 0,00 0,00 3.870,00 3.916,00
294 474,11 474,11 1.453,19 3.968,00 3.930,00
295 474,11 0,00 0,00 3.868,00 3.945,00
296 474,11 474,11 1.465,16 3.966,00 3.959,00
297 474,11 0,00 0,00 3.866,00 3.974,00
298 474,11 0,00 0,00 3.964,00 3.979,00
299 474,11 474,11 1.483,14 4.062,00 3.993,00
300 474,11 0,00 0,00 3.962,00 4.008,00
301 474,11 474,11 1.495,02 4.060,00 4.022,00
302 474,11 0,00 0,00 3.960,00 4.037,00
303 474,11 474,11 1.506,84 4.058,00 4.051,00
304 474,11 0,00 0,00 3.958,00 4.066,00
305 474,11 0,00 0,00 4.056,00 4.071,00
306 474,11 474,11 1.525,06 4.154,00 4.085,00
307 474,11 0,00 0,00 4.054,00 4.100,00
308 474,11 474,11 1.537,20 4.152,00 4.114,00
309 474,11 0,00 0,00 4.052,00 4.129,00
310 474,11 474,11 1.549,53 4.150,00 4.143,00
311 474,11 0,00 0,00 4.050,00 4.158,00
312 474,11 0,00 0,00 4.148,00 4.163,00
313 474,11 474,11 1.568,45 4.246,00 4.177,00
314 474,11 0,00 0,00 4.146,00 4.192,00
315 474,11 474,11 1.581,53 4.244,00 4.206,00
316 474,11 0,00 0,00 4.144,00 4.221,00
317 474,11 474,11 1.594,54 4.242,00 4.235,00
318 474,11 0,00 0,00 4.142,00 4.250,00
319 474,11 0,00 0,00 4.240,00 4.255,00
320 474,11 474,11 1.614,06 4.338,00 4.269,00
321 474,11 0,00 0,00 4.238,00 4.284,00
322 474,11 474,11 1.626,71 4.336,00 4.298,00
323 474,11 0,00 0,00 4.236,00 4.313,00
324 474,11 474,11 1.639,47 4.334,00 4.327,00
325 474,11 0,00 0,00 4.234,00 4.342,00
326 474,11 0,00 0,00 4.332,00 4.347,00
327 474,11 474,11 1.658,95 4.430,00 4.361,00
328 474,11 0,00 0,00 4.330,00 4.376,00
329 474,11 474,11 1.671,92 4.428,00 4.390,00
330 474,11 0,00 0,00 4.328,00 4.405,00
331 474,11 474,11 1.684,71 4.426,00 4.419,00
332 474,11 0,00 0,00 4.326,00 4.434,00
333 474,11 0,00 0,00 4.424,00 4.439,00
334 474,11 474,11 1.704,56 4.522,00 4.453,00
335 474,11 0,00 0,00 4.422,00 4.468,00
336 474,11 474,11 1.717,62 4.520,00 4.482,00
337 474,11 0,00 0,00 4.420,00 4.497,00
338 474,11 474,11 1.730,67 4.518,00 4.511,00
339 474,11 0,00 0,00 4.418,00 4.526,00
340 474,11 0,00 0,00 4.516,00 4.531,00
341 474,11 474,11 1.750,84 4.614,00 4.545,00
342 474,11 0,00 0,00 4.514,00 4.560,00
343 474,11 474,11 1.764,09 4.612,00 4.574,00
344 474,11 0,00 0,00 4.512,00 4.589,00
345 474,11 474,11 1.777,08 4.610,00 4.603,00
346 474,11 0,00 0,00 4.510,00 4.618,00
347 474,11 0,00 0,00 4.608,00 4.623,00
348 474,11 474,11 1.797,29 4.706,00 4.637,00
349 474,11 0,00 0,00 4.606,00 4.652,00
350 474,11 474,11 1.810,90 4.704,00 4.666,00
351 474,11 0,00 0,00 4.604,00 4.681,00
352 474,11 474,11 1.824,49 4.702,00 4.695,00
353 474,11 0,00 0,00 4.602,00 4.710,00
354 474,11 0,00 0,00 4.700,00 4.715,00
355 474,11 474,11 1.845,20 4.798,00 4.729,00
356 474,11 0,00 0,00 4.698,00 4.744,00
357 474,11 474,11 1.859,12 4.796,00 4.758,00
358 474,11 0,00 0,00 4.696,00 4.773,00
359 474,11 474,11 1.873,28 4.794,00 4.787,00
360 474,11 0,00 0,00 4.694,00 4.802,00
361 474,11 0,00 0,00 4.792,00 4.807,00
362 474,11 474,11 1.894,73 4.890,00 4.821,00
363 474,11 0,00 0,00 4.790,00 4.836,00
364 474,11 474,11 1.909,04 4.888,00 4.850,00
365 474,11 0,00 0,00 4.788,00 4.865,00
366 474,11 474,11 1.923,17 4.886,00 4.879,00
367 474,11 0,00 0,00 4.786,00 4.894,00
368 474,11 0,00 0,00 4.884,00 4.899,00
369 474,11 474,11 1.945,03 4.982,00 4.913,00
370 474,11 0,00 0,00 4.882,00 4.928,00
371 474,11 474,11 1.959,12 4.980,00 4.942,00
372 474,11 0,00 0,00 4.880,00 4.957,00
373 474,11 474,11 1.973,55 4.978,00 4.971,00
374 474,11 0,00 0,00 4.878,00 4.986,00
375 474,11 0,00 0,00 4.976,00 4.991,00
376 474,11 474,11 1.996,12 5.074,00 5.005,00
377 474,11 0,00 0,00 4.974,00 5.020,00
378 474,11 474,11 2.010,79 5.072,00 5.034,00
379 474,11 0,00 0,00 4.972,00 5.049,00
380 474,11 474,11 2.025,65 5.070,00 5.063,00
381 474,11 0,00 0,00 4.970,00 5.078,00
382 474,11 0,00 0,00 5.068,00 5.083,00
383 474,11 474,11 2.047,89 5.166,00 5.097,00
384 474,11 0,00 0,00 5.066,00 5.112,00
385 474,11 474,11 2.062,48 5.164,00 5.126,00
386 474,11 0,00 0,00 5.064,00 5.141,00
387 474,11 474,11 2.076,94 5.162,00 5.155,00
388 474,11 0,00 0,00 5.062,00 5.170,00
389 474,11 0,00 0,00 5.160,00 5.175,00
390 474,11 474,11 2.098,97 5.258,00 5.189,00
391 474,11 0,00 0,00 5.158,00 5.204,00
392 474,11 474,11 2.113,57 5.256,00 5.218,00
393 474,11 0,00 0,00 5.156,00 5.233,00
394 474,11 474,11 2.128,34 5.254,00 5.247,00
395 474,11 0,00 0,00 5.154,00 5.262,00
396 474,11 0,00 0,00 5.252,00 5.267,00
397 474,11 474,11 2.150,76 5.350,00 5.281,00
398 474,11 0,00 0,00 5.250,00 5.296,00
399 474,11 474,11 2.165,88 5.348,00 5.310,00
400 474,11 0,00 0,00 5.248,00 5.325,00
401 474,11 474,11 2.180,69 5.346,00 5.339,00
402 474,11 0,00 0,00 5.246,00 5.354,00
403 474,11 0,00 0,00 5.344,00 5.359,00
404 474,11 474,11 2.203,59 5.442,00 5.373,00
405 474,11 0,00 0,00 5.342,00 5.388,00
406 474,11 474,11 2.218,70 5.440,00 5.402,00
407 474,11 0,00 0,00 5.340,00 5.417,00
408 474,11 474,11 2.233,44 5.438,00 5.431,00
409 474,11 0,00 0,00 5.338,00 5.446,00
410 474,11 0,00 0,00 5.436,00 5.451,00
411 474,11 474,11 2.257,13 5.534,00 5.465,00
412 474,11 0,00 0,00 5.434,00 5.480,00
413 474,11 474,11 2.273,08 5.532,00 5.494,00
414 474,11 0,00 0,00 5.432,00 5.509,00
415 474,11 474,11 2.288,78 5.530,00 5.523,00
416 474,11 0,00 0,00 5.430,00 5.538,00
417 474,11 0,00 0,00 5.528,00 5.543,00
418 474,11 474,11 2.312,52 5.626,00 5.557,00
419 474,11 0,00 0,00 5.526,00 5.572,00
420 474,11 474,11 2.328,47 5.624,00 5.586,00
421 474,11 0,00 0,00 5.524,00 5.601,00
422 474,11 474,11 2.343,82 5.622,00 5.615,00
423 474,11 0,00 0,00 5.522,00 5.630,00
424 474,11 0,00 0,00 5.620,00 5.635,00
425 474,11 474,11 2.367,62 5.718,00 5.649,00
426 474,11 0,00 0,00 5.618,00 5.664,00
427 474,11 474,11 2.383,78 5.716,00 5.678,00
428 474,11 0,00 0,00 5.616,00 5.693,00
429 474,11 474,11 2.399,75 5.714,00 5.707,00
430 474,11 0,00 0,00 5.614,00 5.722,00
431 474,11 0,00 0,00 5.712,00 5.727,00
432 474,11 474,11 2.423,87 5.810,00 5.741,00
433 474,11 0,00 0,00 5.710,00 5.756,00
434 474,11 474,11 2.440,23 5.808,00 5.770,00
435 474,11 0,00 0,00 5.708,00 5.785,00
436 474,11 474,11 2.456,43 5.806,00 5.799,00
437 474,11 0,00 0,00 5.706,00 5.814,00
438 474,11 0,00 0,00 5.804,00 5.819,00
439 474,11 474,11 2.480,42 5.902,00 5.833,00
440 474,11 0,00 0,00 5.802,00 5.848,00
441 474,11 474,11 2.496,12 5.900,00 5.862,00
442 474,11 0,00 0,00 5.800,00 5.877,00
443 474,11 474,11 2.511,64 5.898,00 5.891,00
444 474,11 0,00 0,00 5.798,00 5.906,00
445 474,11 0,00 0,00 5.896,00 5.911,00
446 474,11 474,11 2.535,64 5.994,00 5.925,00
447 474,11 0,00 0,00 5.894,00 5.940,00
448 474,11 474,11 2.552,25 5.992,00 5.954,00
449 474,11 0,00 0,00 5.892,00 5.969,00
450 474,11 474,11 2.568,45 5.990,00 5.983,00
451 474,11 0,00 0,00 5.890,00 5.998,00
452 474,11 0,00 0,00 5.988,00 6.003,00
453 474,11 474,11 2.593,48 6.086,00 6.017,00
454 474,11 0,00 0,00 5.986,00 6.032,00
455 474,11 474,11 2.609,92 6.084,00 6.046,00
456 474,11 0,00 0,00 5.984,00 6.061,00
457 474,11 474,11 2.626,55 6.082,00 6.075,00
458 474,11 0,00 0,00 5.982,00 6.090,00
459 474,11 0,00 0,00 6.080,00 6.095,00
460 474,11 474,11 2.651,85 6.178,00 6.109,00
461 474,11 0,00 0,00 6.078,00 6.124,00
462 474,11 474,11 2.668,49 6.176,00 6.138,00
463 474,11 0,00 0,00 6.076,00 6.153,00
464 474,11 474,11 2.684,91 6.174,00 6.167,00
465 474,11 0,00 0,00 6.074,00 6.182,00
466 474,11 0,00 0,00 6.172,00 6.187,00
467 474,11 474,11 2.710,33 6.270,00 6.201,00
468 474,11 0,00 0,00 6.170,00 6.216,00
469 474,11 474,11 2.727,25 6.268,00 6.230,00
470 474,11 0,00 0,00 6.168,00 6.245,00
471 474,11 474,11 2.744,40 6.266,00 6.259,00
472 474,11 0,00 0,00 6.166,00 6.274,00
473 474,11 0,00 0,00 6.264,00 6.279,00
474 474,11 474,11 2.770,38 6.362,00 6.293,00
475 474,11 0,00 0,00 6.262,00 6.308,00
476 474,11 474,11 2.787,70 6.360,00 6.322,00
477 474,11 0,00 0,00 6.260,00 6.337,00
478 474,11 474,11 2.805,24 6.358,00 6.351,00
479 474,11 0,00 0,00 6.258,00 6.366,00
480 474,11 0,00 0,00 6.356,00 6.371,00
481 474,11 474,11 2.832,09 6.454,00 6.385,00
482 474,11 0,00 0,00 6.354,00 6.400,00
483 474,11 474,11 2.849,21 6.452,00 6.414,00
484 474,11 0,00 0,00 6.352,00 6.429,00
485 474,11 474,11 2.866,32 6.450,00 6.443,00
486 474,11 0,00 0,00 6.350,00 6.458,00
487 474,11 0,00 0,00 6.448,00 6.463,00
488 474,11 474,11 2.892,46 6.546,00 6.477,00
489 474,11 0,00 0,00 6.446,00 6.492,00
490 474,11 474,11 2.909,13 6.544,00 6.506,00
491 474,11 0,00 0,00 6.444,00 6.521,00
492 474,11 474,11 2.925,57 6.542,00 6.535,00
493 474,11 0,00 0,00 6.442,00 6.550,00
494 474,11 0,00 0,00 6.540,00 6.555,00
495 474,11 474,11 2.951,81 6.638,00 6.569,00
496 474,11 0,00 0,00 6.538,00 6.584,00
497 474,11 474,11 2.969,42 6.636,00 6.598,00
498 474,11 0,00 0,00 6.536,00 6.613,00
499 474,11 474,11 2.986,68 6.634,00 6.627,00
