500
0 263,46 263,46 263,46 1,00 12,00
1 263,46 0,00 0,00 1,00 13,00
2 263,46 1.053,84 1.053,84 99,00 23,00
3 263,46 0,00 0,00 1,00 34,00
4 263,46 526,92 526,92 99,00 44,00
5 263,46 0,00 0,00 1,00 55,00
6 263,46 263,46 263,46 99,00 65,00
7 263,46 0,00 0,00 1,00 76,00
8 263,46 263,46 263,46 99,00 86,00
9 263,46 0,00 0,00 1,00 97,00
10 263,46 0,00 0,00 99,00 107,00
11 263,46 263,46 263,46 197,00 117,00
12 263,46 0,00 0,00 97,00 128,00
13 263,46 263,46 263,46 195,00 138,00
14 263,46 0,00 0,00 95,00 149,00
15 263,46 263,46 263,46 193,00 159,00
16 263,46 0,00 0,00 93,00 170,00
17 263,46 263,46 263,46 191,00 180,00
18 263,46 0,00 0,00 91,00 191,00
19 263,46 0,00 0,00 189,00 200,00
20 263,46 263,46 263,46 287,00 210,00
21 263,46 0,00 0,00 187,00 221,00
22 263,46 263,46 263,46 285,00 231,00
23 263,46 0,00 0,00 185,00 242,00
24 263,46 263,46 263,46 283,00 252,00
25 263,46 0,00 0,00 183,00 263,00
26 263,46 263,46 263,46 281,00 273,00
27 263,46 0,00 0,00 181,00 284,00
28 263,46 0,00 0,00 279,00 290,00
29 263,46 263,46 263,46 377,00 300,00
30 263,46 0,00 0,00 277,00 311,00
31 263,46 263,46 263,46 375,00 321,00
32 263,46 0,00 0,00 275,00 332,00
33 263,46 263,46 263,46 373,00 342,00
34 263,46 0,00 0,00 273,00 353,00
35 263,46 263,46 263,46 371,00 363,00
36 263,46 0,00 0,00 271,00 374,00
37 263,46 0,00 0,00 369,00 380,00
38 263,46 263,46 263,46 467,00 390,00
39 263,46 0,00 0,00 367,00 401,00
40 263,46 263,46 263,46 465,00 411,00
41 263,46 0,00 0,00 365,00 422,00
42 263,46 263,46 263,46 463,00 432,00
43 263,46 0,00 0,00 363,00 443,00
44 263,46 263,46 263,46 461,00 453,00
45 263,46 0,00 0,00 361,00 464,00
46 263,46 0,00 0,00 459,00 470,00
47 263,46 263,46 263,46 557,00 480,00
48 263,46 0,00 0,00 457,00 491,00
49 263,46 263,46 263,46 555,00 501,00
50 263,46 0,00 0,00 455,00 512,00
51 263,46 263,46 263,46 553,00 522,00
52 263,46 0,00 0,00 453,00 533,00
53 263,46 263,46 263,46 551,00 543,00
54 263,46 0,00 0,00 451,00 554,00
55 263,46 0,00 0,00 549,00 560,00
56 263,46 263,46 263,46 647,00 570,00
57 263,46 0,00 0,00 547,00 581,00
58 263,46 263,46 263,46 645,00 591,00
59 263,46 0,00 0,00 545,00 602,00
60 263,46 263,46 263,46 643,00 612,00
61 263,46 0,00 0,00 543,00 623,00
62 263,46 263,46 263,46 641,00 633,00
63 263,46 0,00 0,00 541,00 644,00
64 263,46 0,00 0,00 639,00 650,00
65 263,46 263,46 263,46 737,00 660,00
66 263,46 0,00 0,00 637,00 671,00
67 263,46 263,46 263,46 735,00 681,00
68 263,46 0,00 0,00 635,00 692,00
69 263,46 263,46 263,46 733,00 702,00
70 263,46 0,00 0,00 633,00 713,00
71 263,46 263,46 263,46 731,00 723,00
72 263,46 0,00 0,00 631,00 734,00
73 263,46 0,00 0,00 729,00 740,00
74 263,46 263,46 263,46 827,00 750,00
75 263,46 0,00 0,00 727,00 761,00
76 263,46 263,46 263,46 825,00 771,00
77 263,46 0,00 0,00 725,00 782,00
78 263,46 263,46 263,46 823,00 792,00
79 263,46 0,00 0,00 723,00 803,00
80 263,46 263,46 263,46 821,00 813,00
81 263,46 0,00 0,00 721,00 824,00
82 263,46 0,00 0,00 819,00 830,00
83 263,46 263,46 263,46 917,00 840,00
84 263,46 0,00 0,00 817,00 851,00
85 263,46 263,46 263,46 915,00 861,00
86 263,46 0,00 0,00 815,00 872,00
87 263,46 263,46 263,46 913,00 882,00
88 263,46 0,00 0,00 813,00 893,00
89 263,46 263,46 263,46 911,00 903,00
90 263,46 0,00 0,00 811,00 914,00
91 263,46 0,00 0,00 909,00 920,00
92 263,46 263,46 263,46 1.007,00 930,00
93 263,46 0,00 0,00 907,00 941,00
94 263,46 263,46 263,46 1.005,00 951,00
95 263,46 0,00 0,00 905,00 962,00
96 263,46 263,46 263,46 1.003,00 972,00
97 263,46 0,00 0,00 903,00 983,00
98 263,46 263,46 263,46 1.001,00 993,00
99 263,46 0,00 0,00 901,00 1.004,00
100 263,46 0,00 0,00 999,00 1.010,00
101 263,46 263,46 263,46 1.097,00 1.020,00
102 263,46 0,00 0,00 997,00 1.031,00
103 263,46 263,46 263,46 1.095,00 1.041,00
104 263,46 0,00 0,00 995,00 1.052,00
105 263,46 263,46 263,46 1.093,00 1.062,00
106 263,46 0,00 0,00 993,00 1.073,00
107 263,46 263,46 263,46 1.091,00 1.083,00
108 263,46 0,00 0,00 991,00 1.094,00
109 263,46 0,00 0,00 1.089,00 1.100,00
110 263,46 263,46 263,46 1.187,00 1.110,00
111 263,46 0,00 0,00 1.087,00 1.121,00
112 263,46 263,46 263,46 1.185,00 1.131,00
113 263,46 0,00 0,00 1.085,00 1.142,00
114 263,46 263,46 263,46 1.183,00 1.152,00
115 263,46 0,00 0,00 1.083,00 1.163,00
116 263,46 263,46 263,46 1.181,00 1.173,00
117 263,46 0,00 0,00 1.081,00 1.184,00
118 263,46 0,00 0,00 1.179,00 1.190,00
119 263,46 263,46 263,46 1.277,00 1.200,00
120 263,46 0,00 0,00 1.177,00 1.211,00
121 263,46 263,46 263,46 1.275,00 1.221,00
122 263,46 0,00 0,00 1.175,00 1.232,00
123 263,46 263,46 263,46 1.273,00 1.242,00
124 263,46 0,00 0,00 1.173,00 1.253,00
125 263,46 263,46 263,46 1.271,00 1.263,00
126 263,46 0,00 0,00 1.171,00 1.274,00
127 263,46 0,00 0,00 1.269,00 1.280,00
128 263,46 263,46 263,46 1.367,00 1.290,00
129 263,46 0,00 0,00 1.267,00 1.301,00
130 263,46 263,46 263,46 1.365,00 1.311,00
131 263,46 0,00 0,00 1.265,00 1.322,00
132 263,46 263,46 263,46 1.363,00 1.332,00
133 263,46 0,00 0,00 1.263,00 1.343,00
134 263,46 263,46 263,46 1.361,00 1.353,00
135 263,46 0,00 0,00 1.261,00 1.364,00
136 263,46 0,00 0,00 1.359,00 1.370,00
137 263,46 263,46 263,46 1.457,00 1.380,00
138 263,46 0,00 0,00 1.357,00 1.391,00
139 263,46 263,46 263,46 1.455,00 1.401,00
140 263,46 0,00 0,00 1.355,00 1.412,00
141 263,46 263,46 263,46 1.453,00 1.422,00
142 263,46 0,00 0,00 1.353,00 1.433,00
143 263,46 263,46 263,46 1.451,00 1.443,00
144 263,46 0,00 0,00 1.351,00 1.454,00
145 263,46 0,00 0,00 1.449,00 1.460,00
146 263,46 263,46 263,46 1.547,00 1.470,00
147 263,46 0,00 0,00 1.447,00 1.481,00
148 263,46 263,46 263,46 1.545,00 1.491,00
149 263,46 0,00 0,00 1.445,00 1.502,00
150 263,46 263,46 263,46 1.543,00 1.512,00
151 263,46 0,00 0,00 1.443,00 1.523,00
152 263,46 263,46 263,46 1.541,00 1.533,00
153 263,46 0,00 0,00 1.441,00 1.544,00
154 263,46 0,00 0,00 1.539,00 1.550,00
155 263,46 263,46 263,46 1.637,00 1.560,00
156 263,46 0,00 0,00 1.537,00 1.571,00
157 263,46 263,46 263,46 1.635,00 1.581,00
158 263,46 0,00 0,00 1.535,00 1.592,00
159 263,46 263,46 263,46 1.633,00 1.602,00
160 263,46 0,00 0,00 1.533,00 1.613,00
161 263,46 263,46 263,46 1.631,00 1.623,00
162 263,46 0,00 0,00 1.531,00 1.634,00
163 263,46 0,00 0,00 1.629,00 1.640,00
164 263,46 263,46 263,46 1.727,00 1.650,00
165 263,46 0,00 0,00 1.627,00 1.661,00
166 263,46 263,46 263,46 1.725,00 1.671,00
167 263,46 0,00 0,00 1.625,00 1.682,00
168 263,46 263,46 263,46 1.723,00 1.692,00
169 263,46 0,00 0,00 1.623,00 1.703,00
170 263,46 263,46 263,46 1.721,00 1.713,00
171 263,46 0,00 0,00 1.621,00 1.724,00
172 263,46 0,00 0,00 1.719,00 1.730,00
173 263,46 263,46 263,46 1.817,00 1.740,00
174 263,46 0,00 0,00 1.717,00 1.751,00
175 263,46 263,46 263,46 1.815,00 1.761,00
176 263,46 0,00 0,00 1.715,00 1.772,00
177 263,46 263,46 263,46 1.813,00 1.782,00
178 263,46 0,00 0,00 1.713,00 1.793,00
179 263,46 263,46 263,46 1.811,00 1.803,00
180 263,46 0,00 0,00 1.711,00 1.814,00
181 263,46 0,00 0,00 1.809,00 1.820,00
182 263,46 263,46 263,46 1.907,00 1.830,00
183 263,46 0,00 0,00 1.807,00 1.841,00
184 263,46 263,46 263,46 1.905,00 1.851,00
185 263,46 0,00 0,00 1.805,00 1.862,00
186 263,46 263,46 263,46 1.903,00 1.872,00
187 263,46 0,00 0,00 1.803,00 1.883,00
188 263,46 263,46 263,46 1.901,00 1.893,00
189 263,46 0,00 0,00 1.801,00 1.904,00
190 263,46 0,00 0,00 1.899,00 1.910,00
191 263,46 263,46 263,46 1.997,00 1.920,00
192 263,46 0,00 0,00 1.897,00 1.931,00
193 263,46 263,46 263,46 1.995,00 1.941,00
194 263,46 0,00 0,00 1.895,00 1.952,00
195 263,46 263,46 263,46 1.993,00 1.962,00
196 263,46 0,00 0,00 1.893,00 1.973,00
197 263,46 263,46 263,46 1.991,00 1.983,00
198 263,46 0,00 0,00 1.891,00 1.994,00
199 263,46 0,00 0,00 1.989,00 2.000,00
200 263,46 263,46 263,46 2.087,00 2.010,00
201 263,46 0,00 0,00 1.987,00 2.021,00
202 263,46 263,46 263,46 2.085,00 2.031,00
203 263,46 0,00 0,00 1.985,00 2.042,00
204 263,46 263,46 263,46 2.083,00 2.052,00
205 263,46 0,00 0,00 1.983,00 2.063,00
206 263,46 263,46 263,46 2.081,00 2.073,00
207 263,46 0,00 0,00 1.981,00 2.084,00
208 263,46 0,00 0,00 2.079,00 2.090,00
209 263,46 263,46 263,46 2.177,00 2.100,00
210 263,46 0,00 0,00 2.077,00 2.111,00
211 263,46 263,46 263,46 2.175,00 2.121,00
212 263,46 0,00 0,00 2.075,00 2.132,00
213 263,46 263,46 263,46 2.173,00 2.142,00
214 263,46 0,00 0,00 2.073,00 2.153,00
215 263,46 263,46 263,46 2.171,00 2.163,00
216 263,46 0,00 0,00 2.071,00 2.174,00
217 263,46 0,00 0,00 2.169,00 2.180,00
218 263,46 263,46 263,46 2.267,00 2.190,00
219 263,46 0,00 0,00 2.167,00 2.201,00
220 263,46 263,46 263,46 2.265,00 2.211,00
221 263,46 0,00 0,00 2.165,00 2.222,00
222 263,46 263,46 263,46 2.263,00 2.232,00
223 263,46 0,00 0,00 2.163,00 2.243,00
224 263,46 263,46 263,46 2.261,00 2.253,00
225 263,46 0,00 0,00 2.161,00 2.264,00
226 263,46 0,00 0,00 2.259,00 2.270,00
227 263,46 263,46 263,46 2.357,00 2.280,00
228 263,46 0,00 0,00 2.257,00 2.291,00
229 263,46 263,46 263,46 2.355,00 2.301,00
230 263,46 0,00 0,00 2.255,00 2.312,00
231 263,46 263,46 263,46 2.353,00 2.322,00
232 263,46 0,00 0,00 2.253,00 2.333,00
233 263,46 263,46 263,46 2.351,00 2.343,00
234 263,46 0,00 0,00 2.251,00 2.354,00
235 263,46 0,00 0,00 2.349,00 2.360,00
236 263,46 263,46 263,46 2.447,00 2.370,00
237 263,46 0,00 0,00 2.347,00 2.381,00
238 263,46 263,46 263,46 2.445,00 2.391,00
239 263,46 0,00 0,00 2.345,00 2.402,00
240 263,46 263,46 263,46 2.443,00 2.412,00
241 263,46 0,00 0,00 2.343,00 2.423,00
242 263,46 263,46 263,46 2.441,00 2.433,00
243 263,46 0,00 0,00 2.341,00 2.444,00
244 263,46 0,00 0,00 2.439,00 2.450,00
245 263,46 263,46 263,46 2.537,00 2.460,00
246 263,46 0,00 0,00 2.437,00 2.471,00
247 263,46 263,46 263,46 2.535,00 2.481,00
248 263,46 0,00 0,00 2.435,00 2.492,00
249 263,46 263,46 263,46 2.533,00 2.502,00
250 263,46 0,00 0,00 2.433,00 2.513,00
251 263,46 263,46 263,46 2.531,00 2.523,00
252 263,46 0,00 0,00 2.431,00 2.534,00
253 263,46 0,00 0,00 2.529,00 2.540,00
254 263,46 263,46 263,46 2.627,00 2.550,00
255 263,46 0,00 0,00 2.527,00 2.561,00
256 263,46 263,46 263,46 2.625,00 2.571,00
257 263,46 0,00 0,00 2.525,00 2.582,00
258 263,46 263,46 263,46 2.623,00 2.592,00
259 263,46 0,00 0,00 2.523,00 2.603,00
260 263,46 263,46 263,46 2.621,00 2.613,00
261 263,46 0,00 0,00 2.521,00 2.624,00
262 263,46 0,00 0,00 2.619,00 2.630,00
263 263,46 263,46 263,46 2.717,00 2.640,00
264 263,46 0,00 0,00 2.617,00 2.651,00
265 263,46 263,46 263,46 2.715,00 2.661,00
266 263,46 0,00 0,00 2.615,00 2.672,00
267 263,46 263,46 263,46 2.713,00 2.682,00
268 263,46 0,00 0,00 2.613,00 2.693,00
269 263,46 263,46 263,46 2.711,00 2.703,00
270 263,46 0,00 0,00 2.611,00 2.714,00
271 263,46 0,00 0,00 2.709,00 2.720,00
272 263,46 263,46 263,46 2.807,00 2.730,00
273 263,46 0,00 0,00 2.707,00 2.741,00
274 263,46 263,46 263,46 2.805,00 2.751,00
275 263,46 0,00 0,00 2.705,00 2.762,00
276 263,46 263,46 263,46 2.803,00 2.772,00
277 263,46 0,00 0,00 2.703,00 2.783,00
278 263,46 263,46 263,46 2.801,00 2.793,00
279 263,46 0,00 0,00 2.701,00 2.804,00
280 263,46 0,00 0,00 2.799,00 2.810,00
281 263,46 263,46 263,46 2.897,00 2.820,00
282 263,46 0,00 0,00 2.797,00 2.831,00
283 263,46 263,46 263,46 2.895,00 2.841,00
284 263,46 0,00 0,00 2.795,00 2.852,00
285 263,46 263,46 263,46 2.893,00 2.862,00
286 263,46 0,00 0,00 2.793,00 2.873,00
287 263,46 263,46 263,46 2.891,00 2.883,00
288 263,46 0,00 0,00 2.791,00 2.894,00
289 263,46 0,00 0,00 2.889,00 2.900,00
290 263,46 263,46 263,46 2.987,00 2.910,00
291 263,46 0,00 0,00 2.887,00 2.921,00
292 263,46 263,46 263,46 2.985,00 2.931,00
293 263,46 0,00 0,00 2.885,00 2.942,00
294 263,46 263,46 263,46 2.983,00 2.952,00
295 263,46 0,00 0,00 2.883,00 2.963,00
296 263,46 263,46 263,46 2.981,00 2.973,00
297 263,46 0,00 0,00 2.881,00 2.984,00
298 263,46 0,00 0,00 2.979,00 2.990,00
299 263,46 263,46 263,46 3.077,00 3.000,00
300 263,46 0,00 0,00 2.977,00 3.011,00
301 263,46 263,46 263,46 3.075,00 3.021,00
302 263,46 0,00 0,00 2.975,00 3.032,00
303 263,46 263,46 263,46 3.073,00 3.042,00
304 263,46 0,00 0,00 2.973,00 3.053,00
305 263,46 263,46 263,46 3.071,00 3.063,00
306 263,46 0,00 0,00 2.971,00 3.074,00
307 263,46 0,00 0,00 3.069,00 3.080,00
308 263,46 263,46 263,46 3.167,00 3.090,00
309 263,46 0,00 0,00 3.067,00 3.101,00
310 263,46 263,46 263,46 3.165,00 3.111,00
311 263,46 0,00 0,00 3.065,00 3.122,00
312 263,46 263,46 263,46 3.163,00 3.132,00
313 263,46 0,00 0,00 3.063,00 3.143,00
314 263,46 263,46 263,46 3.161,00 3.153,00
315 263,46 0,00 0,00 3.061,00 3.164,00
316 263,46 0,00 0,00 3.159,00 3.170,00
317 263,46 263,46 263,46 3.257,00 3.180,00
318 263,46 0,00 0,00 3.157,00 3.191,00
319 263,46 263,46 263,46 3.255,00 3.201,00
320 263,46 0,00 0,00 3.155,00 3.212,00
321 263,46 263,46 263,46 3.253,00 3.222,00
322 263,46 0,00 0,00 3.153,00 3.233,00
323 263,46 263,46 263,46 3.251,00 3.243,00
324 263,46 0,00 0,00 3.151,00 3.254,00
325 263,46 0,00 0,00 3.249,00 3.260,00
326 263,46 263,46 263,46 3.347,00 3.270,00
327 263,46 0,00 0,00 3.247,00 3.281,00
328 263,46 263,46 263,46 3.345,00 3.291,00
329 263,46 0,00 0,00 3.245,00 3.302,00
330 263,46 263,46 263,46 3.343,00 3.312,00
331 263,46 0,00 0,00 3.243,00 3.323,00
332 263,46 263,46 263,46 3.341,00 3.333,00
333 263,46 0,00 0,00 3.241,00 3.344,00
334 263,46 0,00 0,00 3.339,00 3.350,00
335 263,46 263,46 263,46 3.437,00 3.360,00
336 263,46 0,00 0,00 3.337,00 3.371,00
337 263,46 263,46 263,46 3.435,00 3.381,00
338 263,46 0,00 0,00 3.335,00 3.392,00
339 263,46 263,46 263,46 3.433,00 3.402,00
340 263,46 0,00 0,00 3.333,00 3.413,00
341 263,46 263,46 263,46 3.431,00 3.423,00
342 263,46 0,00 0,00 3.331,00 3.434,00
343 263,46 0,00 0,00 3.429,00 3.440,00
344 263,46 263,46 263,46 3.527,00 3.450,00
345 263,46 0,00 0,00 3.427,00 3.461,00
346 263,46 263,46 263,46 3.525,00 3.471,00
347 263,46 0,00 0,00 3.425,00 3.482,00
348 263,46 263,46 263,46 3.523,00 3.492,00
349 263,46 0,00 0,00 3.423,00 3.503,00
350 263,46 263,46 263,46 3.521,00 3.513,00
351 263,46 0,00 0,00 3.421,00 3.524,00
352 263,46 0,00 0,00 3.519,00 3.530,00
353 263,46 263,46 263,46 3.617,00 3.540,00
354 263,46 0,00 0,00 3.517,00 3.551,00
355 263,46 263,46 263,46 3.615,00 3.561,00
356 263,46 0,00 0,00 3.515,00 3.572,00
357 263,46 263,46 263,46 3.613,00 3.582,00
358 263,46 0,00 0,00 3.513,00 3.593,00
359 263,46 263,46 263,46 3.611,00 3.603,00
360 263,46 0,00 0,00 3.511,00 3.614,00
361 263,46 0,00 0,00 3.609,00 3.620,00
362 263,46 263,46 263,46 3.707,00 3.630,00
363 263,46 0,00 0,00 3.607,00 3.641,00
364 263,46 263,46 263,46 3.705,00 3.651,00
365 263,46 0,00 0,00 3.605,00 3.662,00
366 263,46 263,46 263,46 3.703,00 3.672,00
367 263,46 0,00 0,00 3.603,00 3.683,00
368 263,46 263,46 263,46 3.701,00 3.693,00
369 263,46 0,00 0,00 3.601,00 3.704,00
370 263,46 0,00 0,00 3.699,00 3.710,00
371 263,46 263,46 263,46 3.797,00 3.720,00
372 263,46 0,00 0,00 3.697,00 3.731,00
373 263,46 263,46 263,46 3.795,00 3.741,00
374 263,46 0,00 0,00 3.695,00 3.752,00
375 263,46 263,46 263,46 3.793,00 3.762,00
376 263,46 0,00 0,00 3.693,00 3.773,00
377 263,46 263,46 263,46 3.791,00 3.783,00
378 263,46 0,00 0,00 3.691,00 3.794,00
379 263,46 0,00 0,00 3.789,00 3.800,00
380 263,46 263,46 263,46 3.887,00 3.810,00
381 263,46 0,00 0,00 3.787,00 3.821,00
382 263,46 263,46 263,46 3.885,00 3.831,00
383 263,46 0,00 0,00 3.785,00 3.842,00
384 263,46 263,46 263,46 3.883,00 3.852,00
385 263,46 0,00 0,00 3.783,00 3.863,00
386 263,46 263,46 263,46 3.881,00 3.873,00
387 263,46 0,00 0,00 3.781,00 3.884,00
388 263,46 0,00 0,00 3.879,00 3.890,00
389 263,46 263,46 263,46 3.977,00 3.900,00
390 263,46 0,00 0,00 3.877,00 3.911,00
391 263,46 263,46 263,46 3.975,00 3.921,00
392 263,46 0,00 0,00 3.875,00 3.932,00
393 263,46 263,46 263,46 3.973,00 3.942,00
394 263,46 0,00 0,00 3.873,00 3.953,00
395 263,46 263,46 263,46 3.971,00 3.963,00
396 263,46 0,00 0,00 3.871,00 3.974,00
397 263,46 0,00 0,00 3.969,00 3.980,00
398 263,46 263,46 263,46 4.067,00 3.990,00
399 263,46 0,00 0,00 3.967,00 4.001,00
400 263,46 263,46 263,46 4.065,00 4.011,00
401 263,46 0,00 0,00 3.965,00 4.022,00
402 263,46 263,46 263,46 4.063,00 4.032,00
403 263,46 0,00 0,00 3.963,00 4.043,00
404 263,46 263,46 263,46 4.061,00 4.053,00
405 263,46 0,00 0,00 3.961,00 4.064,00
406 263,46 0,00 0,00 4.059,00 4.070,00
407 263,46 263,46 263,46 4.157,00 4.080,00
408 263,46 0,00 0,00 4.057,00 4.091,00
409 263,46 263,46 263,46 4.155,00 4.101,00
410 263,46 0,00 0,00 4.055,00 4.112,00
411 263,46 263,46 263,46 4.153,00 4.122,00
412 263,46 0,00 0,00 4.053,00 4.133,00
413 263,46 263,46 263,46 4.151,00 4.143,00
414 263,46 0,00 0,00 4.051,00 4.154,00
415 263,46 0,00 0,00 4.149,00 4.160,00
416 263,46 263,46 263,46 4.247,00 4.170,00
417 263,46 0,00 0,00 4.147,00 4.181,00
418 263,46 263,46 263,46 4.245,00 4.191,00
419 263,46 0,00 0,00 4.145,00 4.202,00
420 263,46 263,46 263,46 4.243,00 4.212,00
421 263,46 0,00 0,00 4.143,00 4.223,00
422 263,46 263,46 263,46 4.241,00 4.233,00
423 263,46 0,00 0,00 4.141,00 4.244,00
424 263,46 0,00 0,00 4.239,00 4.250,00
425 263,46 263,46 263,46 4.337,00 4.260,00
426 263,46 0,00 0,00 4.237,00 4.271,00
427 263,46 263,46 263,46 4.335,00 4.281,00
428 263,46 0,00 0,00 4.235,00 4.292,00
429 263,46 263,46 263,46 4.333,00 4.302,00
430 263,46 0,00 0,00 4.233,00 4.313,00
431 263,46 263,46 263,46 4.331,00 4.323,00
432 263,46 0,00 0,00 4.231,00 4.334,00
433 263,46 0,00 0,00 4.329,00 4.340,00
434 263,46 263,46 263,46 4.427,00 4.350,00
435 263,46 0,00 0,00 4.327,00 4.361,00
436 263,46 263,46 263,46 4.425,00 4.371,00
437 263,46 0,00 0,00 4.325,00 4.382,00
438 263,46 263,46 263,46 4.423,00 4.392,00
439 263,46 0,00 0,00 4.323,00 4.403,00
440 263,46 263,46 263,46 4.421,00 4.413,00
441 263,46 0,00 0,00 4.321,00 4.424,00
442 263,46 0,00 0,00 4.419,00 4.430,00
443 263,46 263,46 263,46 4.517,00 4.440,00
444 263,46 0,00 0,00 4.417,00 4.451,00
445 263,46 263,46 263,46 4.515,00 4.461,00
446 263,46 0,00 0,00 4.415,00 4.472,00
447 263,46 263,46 263,46 4.513,00 4.482,00
448 263,46 0,00 0,00 4.413,00 4.493,00
449 263,46 263,46 263,46 4.511,00 4.503,00
450 263,46 0,00 0,00 4.411,00 4.514,00
451 263,46 0,00 0,00 4.509,00 4.520,00
452 263,46 263,46 263,46 4.607,00 4.530,00
453 263,46 0,00 0,00 4.507,00 4.541,00
454 263,46 263,46 263,46 4.605,00 4.551,00
455 263,46 0,00 0,00 4.505,00 4.562,00
456 263,46 263,46 263,46 4.603,00 4.572,00
457 263,46 0,00 0,00 4.503,00 4.583,00
458 263,46 263,46 263,46 4.601,00 4.593,00
459 263,46 0,00 0,00 4.501,00 4.604,00
460 263,46 0,00 0,00 4.599,00 4.610,00
461 263,46 263,46 263,46 4.697,00 4.620,00
462 263,46 0,00 0,00 4.597,00 4.631,00
463 263,46 263,46 263,46 4.695,00 4.641,00
464 263,46 0,00 0,00 4.595,00 4.652,00
465 263,46 263,46 263,46 4.693,00 4.662,00
466 263,46 0,00 0,00 4.593,00 4.673,00
467 263,46 263,46 263,46 4.691,00 4.683,00
468 263,46 0,00 0,00 4.591,00 4.694,00
469 263,46 0,00 0,00 4.689,00 4.700,00
470 263,46 263,46 263,46 4.787,00 4.710,00
471 263,46 0,00 0,00 4.687,00 4.721,00
472 263,46 263,46 263,46 4.785,00 4.731,00
473 263,46 0,00 0,00 4.685,00 4.742,00
474 263,46 263,46 263,46 4.783,00 4.752,00
475 263,46 0,00 0,00 4.683,00 4.763,00
476 263,46 263,46 263,46 4.781,00 4.773,00
477 263,46 0,00 0,00 4.681,00 4.784,00
478 263,46 0,00 0,00 4.779,00 4.790,00
479 263,46 263,46 263,46 4.877,00 4.800,00
480 263,46 0,00 0,00 4.777,00 4.811,00
481 263,46 263,46 263,46 4.875,00 4.821,00
482 263,46 0,00 0,00 4.775,00 4.832,00
483 263,46 263,46 263,46 4.873,00 4.842,00
484 263,46 0,00 0,00 4.773,00 4.853,00
485 263,46 263,46 263,46 4.871,00 4.863,00
486 263,46 0,00 0,00 4.771,00 4.874,00
487 263,46 0,00 0,00 4.869,00 4.880,00
488 263,46 263,46 263,46 4.967,00 4.890,00
489 263,46 0,00 0,00 4.867,00 4.901,00
490 263,46 263,46 263,46 4.965,00 4.911,00
491 263,46 0,00 0,00 4.865,00 4.922,00
492 263,46 263,46 263,46 4.963,00 4.932,00
493 263,46 0,00 0,00 4.863,00 4.943,00
494 263,46 263,46 263,46 4.961,00 4.953,00
495 263,46 0,00 0,00 4.861,00 4.964,00
496 263,46 0,00 0,00 4.959,00 4.970,00
497 263,46 263,46 263,46 5.057,00 4.980,00
498 263,46 0,00 0,00 4.957,00 4.991,00
499 263,46 263,46 263,46 5.055,00 5.001,00
