500
0 379,18 379,18 379,18 3,00 19,00 0 1
1 379,18 379,18 379,18 1,00 19,00 2034 1
2 379,18 379,18 43,34 1,00 16,00 5373 1
3 379,18 379,18 55,50 3,00 14,00 8224 1
4 379,18 379,18 73,06 1,00 12,00 10634 1
5 379,18 379,18 69,09 1,00 11,00 12916 1
6 379,18 379,18 104,88 3,00 10,00 15418 1
7 379,18 126,39 41,61 3,00 9,00 17536 1
8 379,18 126,39 43,96 8,00 6,00 19639 1
9 379,18 126,39 59,37 2,00 6,00 21808 1
10 379,18 126,39 61,58 4,00 6,00 23907 1
11 379,18 126,39 75,53 7,00 6,00 25930 1
12 379,18 126,39 80,44 1,00 6,00 27892 1
13 379,18 126,39 93,05 1,00 1,00 29850 1
14 379,18 126,39 127,18 2,00 1,00 31599 1
15 379,18 126,39 71,03 5,00 6,00 33497 1
16 379,18 126,39 152,43 1,00 6,00 35789 1
17 379,18 379,18 415,36 1,00 1,00 37955 1
18 379,18 379,18 339,54 1,00 1,00 39952 1
19 379,18 379,18 333,21 1,00 1,00 41766 1
20 379,18 379,18 369,54 1,00 1,00 43660 1
21 379,18 379,18 371,22 1,00 1,00 45373 1
22 379,18 379,18 324,12 1,00 1,00 47124 1
23 379,18 379,18 415,03 1,00 1,00 48807 1
24 379,18 379,18 439,62 1,00 1,00 50463 1
25 379,18 379,18 427,76 1,00 1,00 52047 1
26 379,18 379,18 416,09 1,00 1,00 53795 1
27 379,18 379,18 357,02 1,00 1,00 55520 1
28 379,18 379,18 332,04 1,00 1,00 57190 1
29 379,18 379,18 404,93 1,00 1,00 58778 1
30 379,18 379,18 457,38 1,00 1,00 60394 1
31 379,18 379,18 437,33 1,00 1,00 62105 1
32 379,18 379,18 379,99 1,00 1,00 63934 1
33 379,18 379,18 377,96 1,00 1,00 65556 1
34 379,18 379,18 404,76 1,00 1,00 67081 1
35 379,18 379,18 424,49 1,00 1,00 68549 1
36 379,18 379,18 427,42 1,00 1,00 69881 1
37 379,18 379,18 423,97 1,00 1,00 71145 1
38 379,18 379,18 422,99 1,00 1,00 72579 1
39 379,18 379,18 414,85 1,00 1,00 74208 1
40 379,18 379,18 407,30 1,00 1,00 75718 1
41 379,18 379,18 261,75 1,00 1,00 77166 1
42 379,18 379,18 340,41 1,00 1,00 78878 1
43 379,18 379,18 327,18 1,00 1,00 80555 1
44 379,18 379,18 330,77 1,00 1,00 81773 1
45 379,18 379,18 335,11 1,00 1,00 83109 1
46 379,18 379,18 335,35 1,00 1,00 84434 1
47 379,18 379,18 326,05 1,00 1,00 85600 1
48 379,18 379,18 328,16 1,00 1,00 87143 1
49 379,18 379,18 323,17 1,00 1,00 88485 1
50 379,18 379,18 317,42 1,00 1,00 89667 1
51 379,18 379,18 376,74 1,00 1,00 91101 1
52 379,18 379,18 386,30 1,00 1,00 92490 1
53 379,18 379,18 376,81 1,00 1,00 93718 1
54 379,18 379,18 370,97 1,00 1,00 94913 1
55 379,18 379,18 366,86 1,00 1,00 96246 1
56 379,18 379,18 370,99 1,00 1,00 97603 1
57 379,18 379,18 361,45 1,00 1,00 98885 1
58 379,18 379,18 363,99 1,00 1,00 100402 1
59 379,18 379,18 354,38 1,00 1,00 101741 1
60 379,18 379,18 354,60 1,00 1,00 103074 1
61 379,18 379,18 352,90 1,00 1,00 104418 1
62 379,18 379,18 344,12 1,00 1,00 105536 1
63 379,18 379,18 343,26 1,00 1,00 106810 1
64 379,18 379,18 374,75 1,00 1,00 108412 1
65 379,18 379,18 371,56 1,00 1,00 110148 1
66 379,18 379,18 374,34 1,00 1,00 111691 1
67 379,18 379,18 369,83 1,00 1,00 113010 1
68 379,18 379,18 354,48 1,00 1,00 114244 1
69 379,18 379,18 360,61 1,00 1,00 115821 1
70 379,18 379,18 349,84 1,00 1,00 117266 1
71 379,18 379,18 362,00 1,00 1,00 118561 1
72 379,18 379,18 361,40 1,00 1,00 120013 1
73 379,18 379,18 365,86 1,00 1,00 121298 1
74 379,18 379,18 372,72 1,00 1,00 122549 1
75 379,18 379,18 367,09 1,00 1,00 123751 1
76 379,18 379,18 364,72 1,00 1,00 124905 1
77 379,18 379,18 368,53 1,00 1,00 125986 1
78 379,18 379,18 364,10 1,00 1,00 127318 1
79 379,18 379,18 355,47 1,00 1,00 128543 1
80 379,18 379,18 354,54 1,00 1,00 130074 1
81 379,18 379,18 342,44 1,00 1,00 131439 1
82 379,18 379,18 426,45 1,00 1,00 132580 1
83 379,18 379,18 413,31 1,00 1,00 133739 1
84 379,18 379,18 414,65 1,00 1,00 134818 1
85 379,18 379,18 412,42 1,00 1,00 135948 1
86 379,18 379,18 429,69 1,00 1,00 136970 1
87 379,18 379,18 421,53 1,00 1,00 138018 1
88 379,18 379,18 426,15 1,00 1,00 139066 1
89 379,18 379,18 428,08 1,00 1,00 139999 1
90 379,18 379,18 421,47 1,00 1,00 141020 1
91 379,18 379,18 422,25 1,00 1,00 142167 1
92 379,18 379,18 406,58 1,00 1,00 143191 1
93 379,18 379,18 402,28 1,00 1,00 144073 1
94 379,18 379,18 412,87 1,00 1,00 145023 1
95 379,18 379,18 413,25 1,00 1,00 146050 1
96 379,18 379,18 409,32 1,00 1,00 147033 1
97 379,18 379,18 404,76 1,00 1,00 148185 1
98 379,18 379,18 408,13 1,00 1,00 149496 1
99 379,18 379,18 387,01 1,00 1,00 150789 1
100 379,18 379,18 396,25 1,00 1,00 151913 1
101 379,18 379,18 387,51 1,00 1,00 152923 1
102 379,18 379,18 380,07 1,00 1,00 154100 1
103 379,18 379,18 376,67 1,00 1,00 155304 1
104 379,18 379,18 373,85 1,00 1,00 156501 1
105 379,18 379,18 384,91 1,00 1,00 157770 1
106 379,18 379,18 391,24 1,00 1,00 159019 1
107 379,18 379,18 379,60 1,00 1,00 160099 1
108 379,18 379,18 377,62 1,00 1,00 161070 1
109 379,18 379,18 373,74 1,00 1,00 161897 1
110 379,18 379,18 369,28 1,00 1,00 162626 1
111 379,18 379,18 366,28 1,00 1,00 163252 1
112 379,18 379,18 365,52 1,00 1,00 163915 1
113 379,18 379,18 362,57 1,00 1,00 164484 1
114 379,18 379,18 361,38 1,00 1,00 165028 1
115 379,18 379,18 361,76 1,00 1,00 165663 1
116 379,18 379,18 362,65 1,00 1,00 166330 1
117 379,18 379,18 361,55 1,00 1,00 166906 1
118 379,18 379,18 360,79 1,00 1,00 167421 1
119 379,18 379,18 360,64 1,00 1,00 168035 1
120 379,18 379,18 357,86 1,00 1,00 168861 1
121 379,18 379,18 359,14 1,00 1,00 169578 1
122 379,18 379,18 359,64 1,00 1,00 170224 1
123 379,18 379,18 362,51 1,00 1,00 170893 1
124 379,18 379,18 359,48 1,00 1,00 171582 1
125 379,18 379,18 362,40 1,00 1,00 172216 1
126 379,18 379,18 367,49 1,00 1,00 172756 1
127 379,18 379,18 367,96 1,00 1,00 173305 1
128 379,18 379,18 365,14 1,00 1,00 173840 1
129 379,18 379,18 362,54 1,00 1,00 174427 1
130 379,18 379,18 359,69 1,00 1,00 175026 1
131 379,18 379,18 362,26 1,00 1,00 175704 1
132 379,18 379,18 354,52 1,00 1,00 176270 1
133 379,18 379,18 359,78 1,00 1,00 176881 1
134 379,18 379,18 352,16 1,00 1,00 177431 1
135 379,18 379,18 351,99 1,00 1,00 178005 1
136 379,18 379,18 351,90 1,00 1,00 178566 1
137 379,18 379,18 342,08 1,00 1,00 179265 1
138 379,18 379,18 344,23 1,00 1,00 179894 1
139 379,18 379,18 342,93 1,00 1,00 180482 1
140 379,18 379,18 348,00 1,00 1,00 181063 1
141 379,18 379,18 342,52 1,00 1,00 181637 1
142 379,18 379,18 335,92 1,00 1,00 182152 1
143 379,18 379,18 333,74 1,00 1,00 182626 1
144 379,18 379,18 332,81 1,00 1,00 183097 1
145 379,18 379,18 329,57 1,00 1,00 183576 1
146 379,18 379,18 330,00 1,00 1,00 184032 1
147 379,18 379,18 328,32 1,00 1,00 184511 1
148 379,18 379,18 328,33 1,00 1,00 184974 1
149 379,18 379,18 331,40 1,00 1,00 185531 1
150 379,18 379,18 331,86 1,00 1,00 186058 1
151 379,18 379,18 334,07 1,00 1,00 186631 1
152 379,18 379,18 335,95 1,00 1,00 187173 1
153 379,18 379,18 341,47 1,00 1,00 187653 1
154 379,18 379,18 346,18 1,00 1,00 188087 1
155 379,18 379,18 349,37 1,00 1,00 188478 1
156 379,18 379,18 352,06 1,00 1,00 188781 1
157 379,18 379,18 354,14 1,00 1,00 189113 1
158 379,18 379,18 357,90 1,00 1,00 189431 1
159 379,18 379,18 357,59 1,00 1,00 189747 1
160 379,18 379,18 359,59 1,00 1,00 190001 1
161 379,18 379,18 361,89 1,00 1,00 190235 1
162 379,18 379,18 356,82 1,00 1,00 190426 1
163 379,18 379,18 357,72 1,00 1,00 190604 1
164 379,18 379,18 360,30 1,00 1,00 190779 1
165 379,18 379,18 361,69 1,00 1,00 191045 1
166 379,18 379,18 362,74 1,00 1,00 191280 1
167 379,18 379,18 362,63 1,00 1,00 191593 1
168 379,18 379,18 363,73 1,00 1,00 192025 1
169 379,18 379,18 362,02 1,00 1,00 192568 1
170 379,18 379,18 360,74 1,00 1,00 193073 1
171 379,18 379,18 360,73 1,00 1,00 193588 1
172 379,18 379,18 360,71 1,00 1,00 194218 1
173 379,18 379,18 362,75 1,00 1,00 194884 1
174 379,18 379,18 364,94 1,00 1,00 195676 1
175 379,18 379,18 365,89 1,00 1,00 196337 1
176 379,18 379,18 362,89 1,00 1,00 196899 1
177 379,18 379,18 361,29 1,00 1,00 197325 1
178 379,18 379,18 362,08 1,00 1,00 197802 1
179 379,18 379,18 363,26 1,00 1,00 198275 1
180 379,18 379,18 364,55 1,00 1,00 198921 1
181 379,18 379,18 366,55 1,00 1,00 199549 1
182 379,18 379,18 370,88 1,00 1,00 200208 1
183 379,18 379,18 358,24 1,00 1,00 201052 1
184 379,18 379,18 359,65 1,00 1,00 201970 1
185 379,18 379,18 357,19 1,00 1,00 202680 1
186 379,18 379,18 355,96 1,00 1,00 203342 1
187 379,18 379,18 344,19 1,00 1,00 203905 1
188 379,18 379,18 348,05 1,00 1,00 204414 1
189 379,18 379,18 349,33 1,00 1,00 205267 1
190 379,18 379,18 352,82 1,00 1,00 206148 1
191 379,18 379,18 351,06 1,00 1,00 207071 1
192 379,18 379,18 347,79 1,00 1,00 207853 1
193 379,18 379,18 346,20 1,00 1,00 208707 1
194 379,18 379,18 348,03 1,00 1,00 209442 1
195 379,18 379,18 344,72 1,00 1,00 210092 1
196 379,18 379,18 344,40 1,00 1,00 210836 1
197 379,18 379,18 343,45 1,00 1,00 211520 1
198 379,18 379,18 342,04 1,00 1,00 212143 1
199 379,18 379,18 344,92 1,00 1,00 212798 1
200 379,18 379,18 343,08 1,00 1,00 213398 1
201 379,18 379,18 344,30 1,00 1,00 213972 1
202 379,18 379,18 346,33 1,00 1,00 214446 1
203 379,18 379,18 346,57 1,00 1,00 214886 1
204 379,18 379,18 341,50 1,00 1,00 215331 1
205 379,18 379,18 345,29 1,00 1,00 215711 1
206 379,18 379,18 345,69 1,00 1,00 216069 1
207 379,18 379,18 345,39 1,00 1,00 216426 1
208 379,18 379,18 345,93 1,00 1,00 216691 1
209 379,18 379,18 341,07 1,00 1,00 216851 1
210 379,18 379,18 346,47 1,00 1,00 217021 1
211 379,18 379,18 348,26 1,00 1,00 217235 1
212 379,18 379,18 347,90 1,00 1,00 217428 1
213 379,18 379,18 348,35 1,00 1,00 217613 1
214 379,18 379,18 348,27 1,00 1,00 217786 1
215 379,18 379,18 347,94 1,00 1,00 218014 1
216 379,18 379,18 347,17 1,00 1,00 218241 1
217 379,18 379,18 346,96 1,00 1,00 218632 1
218 379,18 379,18 344,44 1,00 1,00 219065 1
219 379,18 379,18 343,28 1,00 1,00 219510 1
220 379,18 379,18 345,70 1,00 1,00 219834 1
221 379,18 379,18 346,10 1,00 1,00 220118 1
222 379,18 379,18 346,49 1,00 1,00 220457 1
223 379,18 379,18 345,80 1,00 1,00 220780 1
224 379,18 379,18 344,97 1,00 1,00 221084 1
225 379,18 379,18 344,11 1,00 1,00 221368 1
226 379,18 379,18 343,55 1,00 1,00 221678 1
227 379,18 379,18 344,85 1,00 1,00 222006 1
228 379,18 379,18 344,92 1,00 1,00 222403 1
229 379,18 379,18 344,79 1,00 1,00 222737 1
230 379,18 379,18 345,23 1,00 1,00 223035 1
231 379,18 379,18 345,44 1,00 1,00 223321 1
232 379,18 379,18 345,09 1,00 1,00 223592 1
233 379,18 379,18 345,18 1,00 1,00 223825 1
234 379,18 379,18 345,72 1,00 1,00 224068 1
235 379,18 379,18 346,29 1,00 1,00 224238 1
236 379,18 379,18 346,54 1,00 1,00 224458 1
237 379,18 379,18 345,95 1,00 1,00 224715 1
238 379,18 379,18 345,95 1,00 1,00 224963 1
239 379,18 379,18 345,99 1,00 1,00 225171 1
240 379,18 379,18 345,79 1,00 1,00 225419 1
241 379,18 379,18 346,94 1,00 1,00 225651 1
242 379,18 379,18 346,15 1,00 1,00 225874 1
243 379,18 379,18 345,97 1,00 1,00 226049 1
244 379,18 379,18 345,82 1,00 1,00 226240 1
245 379,18 379,18 346,58 1,00 1,00 226509 1
246 379,18 379,18 345,53 1,00 1,00 226809 1
247 379,18 379,18 346,39 1,00 1,00 227215 1
248 379,18 379,18 345,10 1,00 1,00 227639 1
249 379,18 379,18 344,86 1,00 1,00 228105 1
250 379,18 379,18 345,95 1,00 1,00 228636 1
251 379,18 379,18 344,81 1,00 1,00 229213 1
252 379,18 379,18 344,07 1,00 1,00 229674 1
253 379,18 379,18 345,64 1,00 1,00 230044 1
254 379,18 379,18 342,66 1,00 1,00 230450 1
255 379,18 379,18 344,97 1,00 1,00 230803 1
256 379,18 379,18 344,87 1,00 1,00 231184 1
257 379,18 379,18 344,09 1,00 1,00 231585 1
258 379,18 379,18 343,55 1,00 1,00 232098 1
259 379,18 379,18 343,48 1,00 1,00 232617 1
260 379,18 379,18 341,23 1,00 1,00 233264 1
261 379,18 379,18 340,74 1,00 1,00 233979 1
262 379,18 379,18 346,09 1,00 1,00 234613 1
263 379,18 379,18 344,53 1,00 1,00 235212 1
264 379,18 379,18 345,42 1,00 1,00 235817 1
265 379,18 379,18 343,83 1,00 1,00 236398 1
266 379,18 379,18 345,17 1,00 1,00 236895 1
267 379,18 379,18 345,06 1,00 1,00 237510 1
268 379,18 379,18 344,06 1,00 1,00 238092 1
269 379,18 379,18 343,03 1,00 1,00 238725 1
270 379,18 379,18 342,33 1,00 1,00 239224 1
271 379,18 379,18 341,89 1,00 1,00 239797 1
272 379,18 379,18 343,00 1,00 1,00 240308 1
273 379,18 379,18 342,29 1,00 1,00 240800 1
274 379,18 379,18 336,59 1,00 1,00 241319 1
275 379,18 379,18 334,52 1,00 1,00 241758 1
276 379,18 379,18 331,09 1,00 1,00 242166 1
277 379,18 379,18 332,74 1,00 1,00 242581 1
278 379,18 379,18 329,65 1,00 1,00 242909 1
279 379,18 379,18 328,10 1,00 1,00 243219 1
280 379,18 379,18 325,50 1,00 1,00 243464 1
281 379,18 379,18 325,31 1,00 1,00 243676 1
282 379,18 379,18 326,40 1,00 1,00 243930 1
283 379,18 379,18 326,96 1,00 1,00 244170 1
284 379,18 379,18 326,86 1,00 1,00 244381 1
285 379,18 379,18 326,00 1,00 1,00 244581 1
286 379,18 379,18 327,45 1,00 1,00 244881 1
287 379,18 379,18 329,59 1,00 1,00 245197 1
288 379,18 379,18 331,86 1,00 1,00 245608 1
289 379,18 379,18 333,78 1,00 1,00 246088 1
290 379,18 379,18 336,57 1,00 1,00 246639 1
291 379,18 379,18 336,46 1,00 1,00 247156 1
292 379,18 379,18 337,30 1,00 1,00 247714 1
293 379,18 379,18 340,11 1,00 1,00 248241 1
294 379,18 379,18 339,29 1,00 1,00 248810 1
295 379,18 379,18 338,97 1,00 1,00 249419 1
296 379,18 379,18 339,29 1,00 1,00 250007 1
297 379,18 379,18 338,50 1,00 1,00 250497 1
298 379,18 379,18 341,16 1,00 1,00 250954 1
299 379,18 379,18 337,75 1,00 1,00 251457 1
300 379,18 379,18 341,81 1,00 1,00 251857 1
301 379,18 379,18 339,92 1,00 1,00 252267 1
302 379,18 379,18 339,73 1,00 1,00 252574 1
303 379,18 379,18 340,36 1,00 1,00 252830 1
304 379,18 379,18 336,60 1,00 1,00 253107 1
305 379,18 379,18 338,62 1,00 1,00 253377 1
306 379,18 379,18 339,07 1,00 1,00 253614 1
307 379,18 379,18 339,28 1,00 1,00 253802 1
308 379,18 379,18 341,85 1,00 1,00 254049 1
309 379,18 379,18 340,39 1,00 1,00 254401 1
310 379,18 379,18 341,70 1,00 1,00 254778 1
311 379,18 379,18 342,84 1,00 1,00 255271 1
312 379,18 379,18 341,87 1,00 1,00 255757 1
313 379,18 379,18 341,44 1,00 1,00 256168 1
314 379,18 379,18 341,79 1,00 1,00 256672 1
315 379,18 379,18 340,21 1,00 1,00 257185 1
316 379,18 379,18 341,92 1,00 1,00 257712 1
317 379,18 379,18 340,78 1,00 1,00 258122 1
318 379,18 379,18 341,00 1,00 1,00 258667 1
319 379,18 379,18 340,95 1,00 1,00 259142 1
320 379,18 379,18 340,60 1,00 1,00 259646 1
321 379,18 379,18 340,97 1,00 1,00 260162 1
322 379,18 379,18 340,54 1,00 1,00 260676 1
323 379,18 379,18 341,93 1,00 1,00 261138 1
324 379,18 379,18 343,23 1,00 1,00 261651 1
325 379,18 379,18 341,09 1,00 1,00 262097 1
326 379,18 379,18 340,31 1,00 1,00 262489 1
327 379,18 379,18 340,99 1,00 1,00 262843 1
328 379,18 379,18 341,71 1,00 1,00 263159 1
329 379,18 379,18 341,80 1,00 1,00 263421 1
330 379,18 379,18 342,25 1,00 1,00 263619 1
331 379,18 379,18 342,28 1,00 1,00 263843 1
332 379,18 379,18 341,58 1,00 1,00 264118 1
333 379,18 379,18 341,61 1,00 1,00 264399 1
334 379,18 379,18 341,78 1,00 1,00 264633 1
335 379,18 379,18 341,98 1,00 1,00 264897 1
336 379,18 379,18 341,71 1,00 1,00 265071 1
337 379,18 379,18 341,60 1,00 1,00 265325 1
338 379,18 379,18 341,79 1,00 1,00 265624 1
339 379,18 379,18 341,70 1,00 1,00 265881 1
340 379,18 379,18 341,70 1,00 1,00 266159 1
341 379,18 379,18 341,73 1,00 1,00 266407 1
342 379,18 379,18 341,64 1,00 1,00 266608 1
343 379,18 379,18 341,56 1,00 1,00 266826 1
344 379,18 379,18 341,63 1,00 1,00 267021 1
345 379,18 379,18 341,51 1,00 1,00 267267 1
346 379,18 379,18 341,40 1,00 1,00 267522 1
347 379,18 379,18 341,34 1,00 1,00 267800 1
348 379,18 379,18 341,32 1,00 1,00 267983 1
349 379,18 379,18 341,46 1,00 1,00 268149 1
350 379,18 379,18 341,24 1,00 1,00 268298 1
351 379,18 379,18 341,44 1,00 1,00 268420 1
352 379,18 379,18 341,31 1,00 1,00 268528 1
353 379,18 379,18 341,23 1,00 1,00 268604 1
354 379,18 379,18 341,11 1,00 1,00 268675 1
355 379,18 379,18 341,08 1,00 1,00 268771 1
356 379,18 379,18 340,93 1,00 1,00 268866 1
357 379,18 379,18 340,87 1,00 1,00 268992 1
358 379,18 379,18 341,11 1,00 1,00 269085 1
359 379,18 379,18 340,94 1,00 1,00 269183 1
360 379,18 379,18 340,96 1,00 1,00 269292 1
361 379,18 379,18 341,10 1,00 1,00 269492 1
362 379,18 379,18 340,95 1,00 1,00 269676 1
363 379,18 379,18 341,11 1,00 1,00 269862 1
364 379,18 379,18 341,22 1,00 1,00 270024 1
365 379,18 379,18 340,87 1,00 1,00 270194 1
366 379,18 379,18 341,18 1,00 1,00 270340 1
367 379,18 379,18 340,98 1,00 1,00 270507 1
368 379,18 379,18 341,18 1,00 1,00 270654 1
369 379,18 379,18 341,13 1,00 1,00 270777 1
370 379,18 379,18 341,17 1,00 1,00 270904 1
371 379,18 379,18 341,17 1,00 1,00 271036 1
372 379,18 379,18 341,05 1,00 1,00 271172 1
373 379,18 379,18 341,16 1,00 1,00 271283 1
374 379,18 379,18 341,10 1,00 1,00 271382 1
375 379,18 379,18 341,18 1,00 1,00 271457 1
376 379,18 379,18 341,20 1,00 1,00 271539 1
377 379,18 379,18 341,08 1,00 1,00 271646 1
378 379,18 379,18 341,13 1,00 1,00 271773 1
379 379,18 379,18 341,12 1,00 1,00 271893 1
380 379,18 379,18 341,13 1,00 1,00 272037 1
381 379,18 379,18 341,12 1,00 1,00 272202 1
382 379,18 379,18 341,06 1,00 1,00 272338 1
383 379,18 379,18 341,05 1,00 1,00 272459 1
384 379,18 379,18 341,01 1,00 1,00 272592 1
385 379,18 379,18 341,03 1,00 1,00 272715 1
386 379,18 379,18 341,07 1,00 1,00 272819 1
387 379,18 379,18 341,12 1,00 1,00 272909 1
388 379,18 379,18 341,12 1,00 1,00 272984 1
389 379,18 379,18 341,17 1,00 1,00 273060 1
390 379,18 379,18 341,18 1,00 1,00 273130 1
391 379,18 379,18 341,18 1,00 1,00 273200 1
392 379,18 379,18 341,16 1,00 1,00 273255 1
393 379,18 379,18 341,18 1,00 1,00 273325 1
394 379,18 379,18 341,12 1,00 1,00 273396 1
395 379,18 379,18 341,13 1,00 1,00 273468 1
396 379,18 379,18 341,13 1,00 1,00 273534 1
397 379,18 379,18 341,13 1,00 1,00 273607 1
398 379,18 379,18 341,13 1,00 1,00 273669 1
399 379,18 379,18 341,12 1,00 1,00 273741 1
400 379,18 379,18 341,13 1,00 1,00 273814 1
401 379,18 379,18 341,13 1,00 1,00 273888 1
402 379,18 379,18 341,12 1,00 1,00 273977 1
403 379,18 379,18 341,13 1,00 1,00 274059 1
404 379,18 379,18 341,13 1,00 1,00 274169 1
405 379,18 379,18 341,13 1,00 1,00 274272 1
406 379,18 379,18 341,10 1,00 1,00 274391 1
407 379,18 379,18 341,09 1,00 1,00 274514 1
408 379,18 379,18 341,13 1,00 1,00 274605 1
409 379,18 379,18 341,11 1,00 1,00 274690 1
410 379,18 379,18 341,10 1,00 1,00 274777 1
411 379,18 379,18 341,11 1,00 1,00 274881 1
412 379,18 379,18 341,13 1,00 1,00 274988 1
413 379,18 379,18 341,11 1,00 1,00 275096 1
414 379,18 379,18 341,10 1,00 1,00 275203 1
415 379,18 379,18 341,09 1,00 1,00 275294 1
416 379,18 379,18 341,08 1,00 1,00 275366 1
417 379,18 379,18 341,05 1,00 1,00 275439 1
418 379,18 379,18 341,05 1,00 1,00 275506 1
419 379,18 379,18 341,06 1,00 1,00 275568 1
420 379,18 379,18 341,04 1,00 1,00 275608 1
421 379,18 379,18 341,04 1,00 1,00 275655 1
422 379,18 379,18 341,04 1,00 1,00 275694 1
423 379,18 379,18 341,06 1,00 1,00 275738 1
424 379,18 379,18 341,08 1,00 1,00 275786 1
425 379,18 379,18 341,10 1,00 1,00 275834 1
426 379,18 379,18 341,13 1,00 1,00 275905 1
427 379,18 379,18 341,09 1,00 1,00 275978 1
428 379,18 379,18 341,10 1,00 1,00 276040 1
429 379,18 379,18 341,10 1,00 1,00 276089 1
430 379,18 379,18 341,11 1,00 1,00 276136 1
431 379,18 379,18 341,10 1,00 1,00 276202 1
432 379,18 379,18 341,11 1,00 1,00 276263 1
433 379,18 379,18 341,11 1,00 1,00 276339 1
434 379,18 379,18 341,09 1,00 1,00 276430 1
435 379,18 379,18 341,08 1,00 1,00 276471 1
436 379,18 379,18 341,13 1,00 1,00 276551 1
437 379,18 379,18 341,11 1,00 1,00 276623 1
438 379,18 379,18 341,13 1,00 1,00 276703 1
439 379,18 379,18 341,11 1,00 1,00 276776 1
440 379,18 379,18 341,11 1,00 1,00 276831 1
441 379,18 379,18 341,13 1,00 1,00 276912 1
442 379,18 379,18 341,13 1,00 1,00 276981 1
443 379,18 379,18 341,12 1,00 1,00 277029 1
444 379,18 379,18 341,13 1,00 1,00 277094 1
445 379,18 379,18 341,14 1,00 1,00 277155 1
446 379,18 379,18 341,13 1,00 1,00 277209 1
447 379,18 379,18 341,14 1,00 1,00 277276 1
448 379,18 379,18 341,12 1,00 1,00 277346 1
449 379,18 379,18 341,13 1,00 1,00 277419 1
450 379,18 379,18 341,12 1,00 1,00 277480 1
451 379,18 379,18 341,13 1,00 1,00 277546 1
452 379,18 379,18 341,12 1,00 1,00 277633 1
453 379,18 379,18 341,12 1,00 1,00 277699 1
454 379,18 379,18 341,12 1,00 1,00 277753 1
455 379,18 379,18 341,12 1,00 1,00 277794 1
456 379,18 379,18 341,12 1,00 1,00 277831 1
457 379,18 379,18 341,13 1,00 1,00 277866 1
458 379,18 379,18 341,12 1,00 1,00 277907 1
459 379,18 379,18 341,12 1,00 1,00 277956 1
460 379,18 379,18 341,13 1,00 1,00 278010 1
461 379,18 379,18 341,13 1,00 1,00 278052 1
462 379,18 379,18 341,13 1,00 1,00 278092 1
463 379,18 379,18 341,13 1,00 1,00 278136 1
464 379,18 379,18 341,13 1,00 1,00 278171 1
465 379,18 379,18 341,13 1,00 1,00 278215 1
466 379,18 379,18 341,13 1,00 1,00 278256 1
467 379,18 379,18 341,13 1,00 1,00 278310 1
468 379,18 379,18 341,13 1,00 1,00 278372 1
469 379,18 379,18 341,13 1,00 1,00 278422 1
470 379,18 379,18 341,12 1,00 1,00 278480 1
471 379,18 379,18 341,12 1,00 1,00 278532 1
472 379,18 379,18 341,12 1,00 1,00 278583 1
473 379,18 379,18 341,12 1,00 1,00 278628 1
474 379,18 379,18 341,13 1,00 1,00 278661 1
475 379,18 379,18 341,12 1,00 1,00 278697 1
476 379,18 379,18 341,12 1,00 1,00 278747 1
477 379,18 379,18 341,12 1,00 1,00 278809 1
478 379,18 379,18 341,12 1,00 1,00 278860 1
479 379,18 379,18 341,13 1,00 1,00 278924 1
480 379,18 379,18 341,12 1,00 1,00 278971 1
481 379,18 379,18 341,12 1,00 1,00 279018 1
482 379,18 379,18 341,12 1,00 1,00 279043 1
483 379,18 379,18 341,13 1,00 1,00 279071 1
484 379,18 379,18 341,13 1,00 1,00 279098 1
485 379,18 379,18 341,13 1,00 1,00 279123 1
486 379,18 379,18 341,13 1,00 1,00 279191 1
487 379,18 379,18 341,13 1,00 1,00 279255 1
488 379,18 379,18 341,13 1,00 1,00 279281 1
489 379,18 379,18 341,13 1,00 1,00 279305 1
490 379,18 379,18 341,13 1,00 1,00 279344 1
491 379,18 379,18 341,13 1,00 1,00 279378 1
492 379,18 379,18 341,13 1,00 1,00 279421 1
493 379,18 379,18 341,13 1,00 1,00 279458 1
494 379,18 379,18 341,13 1,00 1,00 279509 1
495 379,18 379,18 341,13 1,00 1,00 279558 1
496 379,18 379,18 341,13 1,00 1,00 279608 1
497 379,18 379,18 341,12 1,00 1,00 279665 1
498 379,18 379,18 341,12 1,00 1,00 279720 1
499 379,18 379,18 341,12 1,00 1,00 279792 1
