1000
0 356,85 356,85 356,85 1,00 31,00 0
1 356,85 356,85 356,85 1,00 47,00 1235
2 356,85 5,66 6,15 1,00 63,00 1774
3 356,85 4,52 5,07 1,00 79,00 1865
4 356,85 4,52 5,09 1,00 95,00 1875
5 356,85 4,52 5,08 1,00 111,00 1879
6 356,85 4,52 5,08 1,00 127,00 1881
7 356,85 4,52 5,09 1,00 143,00 1881
8 356,85 2,24 2,53 1,00 159,00 1881
9 356,85 2,24 2,53 1,00 175,00 1881
10 356,85 2,24 2,53 1,00 191,00 1881
11 356,85 2,24 2,53 1,00 207,00 1881
12 356,85 2,24 2,53 1,00 223,00 1881
13 356,85 2,24 2,53 1,00 239,00 1881
14 356,85 2,24 2,53 1,00 255,00 1881
15 356,85 2,24 2,53 1,00 271,00 1881
16 356,85 2,24 2,53 1,00 287,00 1881
17 356,85 2,24 2,53 1,00 303,00 1881
18 356,85 1,12 1,26 1,00 319,00 1881
19 356,85 1,12 1,26 1,00 335,00 1881
20 356,85 1,12 1,26 1,00 351,00 1881
21 356,85 1,12 1,26 1,00 367,00 1881
22 356,85 1,12 1,26 1,00 383,00 1881
23 356,85 1,12 1,26 1,00 399,00 1881
24 356,85 1,12 1,26 1,00 415,00 1881
25 356,85 1,12 1,26 1,00 431,00 1881
26 356,85 1,12 1,26 1,00 447,00 1881
27 356,85 1,12 1,26 1,00 463,00 1881
28 356,85 1,12 1,26 1,00 479,00 1881
29 356,85 1,12 1,26 1,00 495,00 1881
30 356,85 1,12 1,26 99,00 511,00 1881
31 356,85 69,27 78,08 99,00 526,00 2704
32 356,85 67,29 70,23 99,00 541,00 3431
33 356,85 67,29 90,97 99,00 557,00 3821
34 356,85 61,76 82,80 99,00 572,00 4072
35 356,85 60,08 87,24 99,00 588,00 4286
36 356,85 60,08 82,63 99,00 604,00 4405
37 356,85 60,08 82,32 99,00 620,00 4558
38 356,85 60,08 86,54 99,00 636,00 4625
39 356,85 60,08 84,20 99,00 652,00 4666
40 356,85 60,08 85,47 99,00 668,00 4711
41 356,85 60,08 85,63 99,00 684,00 4762
42 356,85 60,08 87,92 99,00 700,00 4795
43 356,85 60,08 84,65 99,00 716,00 4831
44 356,85 60,08 86,78 99,00 732,00 4863
45 356,85 60,08 86,77 99,00 748,00 4893
46 356,85 60,08 86,76 99,00 764,00 4918
47 356,85 60,08 86,76 99,00 780,00 4938
48 356,85 60,08 86,76 99,00 796,00 4953
49 356,85 60,08 86,76 99,00 812,00 4969
50 356,85 60,08 86,76 99,00 828,00 4978
51 356,85 60,08 86,76 99,00 844,00 4991
52 356,85 60,08 86,76 99,00 860,00 5006
53 356,85 40,33 58,24 99,00 876,00 5016
54 356,85 40,33 58,24 99,00 892,00 5027
55 356,85 40,33 58,24 99,00 908,00 5033
56 356,85 40,33 58,24 99,00 924,00 5043
57 356,85 40,33 58,24 99,00 940,00 5047
58 356,85 40,33 58,24 99,00 956,00 5055
59 356,85 40,33 58,24 99,00 972,00 5061
60 356,85 40,33 58,24 3,00 988,00 5068
61 356,85 40,33 58,24 3,00 1.004,00 5076
62 356,85 40,33 58,24 3,00 1.020,00 5097
63 356,85 40,33 58,24 3,00 1.036,00 5110
64 356,85 40,33 58,25 3,00 1.052,00 5114
65 356,85 40,33 58,25 3,00 1.068,00 5115
66 356,85 40,33 58,24 3,00 1.084,00 5118
67 356,85 0,97 1,41 3,00 1.100,00 5123
68 356,85 0,97 1,41 3,00 1.116,00 5124
69 356,85 0,97 1,41 3,00 1.132,00 5125
70 356,85 0,97 1,41 3,00 1.148,00 5125
71 356,85 0,97 1,41 3,00 1.164,00 5125
72 356,85 0,97 1,41 3,00 1.180,00 5125
73 356,85 0,90 1,29 3,00 1.196,00 5125
74 356,85 0,90 1,29 3,00 1.212,00 5126
75 356,85 0,90 1,29 3,00 1.228,00 5126
76 356,85 0,90 1,29 3,00 1.244,00 5126
77 356,85 0,85 1,23 3,00 1.260,00 5126
78 356,85 0,85 1,23 3,00 1.276,00 5127
79 356,85 0,85 1,23 3,00 1.292,00 5128
80 356,85 0,85 1,23 3,00 1.308,00 5128
81 356,85 0,85 1,23 3,00 1.324,00 5128
82 356,85 0,85 1,23 3,00 1.340,00 5128
83 356,85 0,85 1,23 3,00 1.356,00 5128
84 356,85 0,85 1,23 3,00 1.372,00 5128
85 356,85 0,85 1,23 3,00 1.388,00 5128
86 356,85 0,85 1,23 3,00 1.404,00 5128
87 356,85 0,85 1,23 3,00 1.420,00 5128
88 356,85 0,85 1,23 3,00 1.436,00 5129
89 356,85 0,85 1,23 3,00 1.452,00 5133
90 356,85 0,73 1,05 101,00 1.468,00 5133
91 356,85 24,57 35,49 101,00 1.483,00 5240
92 356,85 24,57 35,48 101,00 1.499,00 5280
93 356,85 24,57 35,47 101,00 1.515,00 5298
94 356,85 23,54 33,99 101,00 1.531,00 5308
95 356,85 23,54 33,99 101,00 1.547,00 5318
96 356,85 23,54 33,99 101,00 1.563,00 5327
97 356,85 22,83 32,96 101,00 1.579,00 5336
98 356,85 22,83 32,96 101,00 1.595,00 5340
99 356,85 22,83 32,96 101,00 1.611,00 5347
100 356,85 22,83 32,96 101,00 1.627,00 5351
101 356,85 22,83 32,96 101,00 1.643,00 5353
102 356,85 22,83 32,96 101,00 1.659,00 5354
103 356,85 21,52 31,07 101,00 1.675,00 5357
104 356,85 21,52 31,07 101,00 1.691,00 5357
105 356,85 21,11 30,49 101,00 1.707,00 5357
106 356,85 20,92 30,21 101,00 1.723,00 5357
107 356,85 20,92 30,21 101,00 1.739,00 5357
108 356,85 20,92 30,21 101,00 1.755,00 5357
109 356,85 20,92 30,21 101,00 1.771,00 5359
110 356,85 20,92 30,21 101,00 1.787,00 5359
111 356,85 20,92 30,21 101,00 1.803,00 5360
112 356,85 19,81 28,61 101,00 1.819,00 5362
113 356,85 19,81 28,61 101,00 1.835,00 5364
114 356,85 19,81 28,61 101,00 1.851,00 5366
115 356,85 19,81 28,61 101,00 1.867,00 5366
116 356,85 19,81 28,61 101,00 1.883,00 5366
117 356,85 19,81 28,61 101,00 1.899,00 5366
118 356,85 19,81 28,61 101,00 1.915,00 5367
119 356,85 18,66 26,95 101,00 1.931,00 5368
120 356,85 18,66 26,95 11,00 1.947,00 5368
121 356,85 2,00 2,89 11,00 1.963,00 5378
122 356,85 2,00 2,89 11,00 1.979,00 5387
123 356,85 2,00 2,89 11,00 1.995,00 5391
124 356,85 1,95 2,82 11,00 2.011,00 5392
125 356,85 1,95 2,82 11,00 2.027,00 5392
126 356,85 1,95 2,82 11,00 2.043,00 5392
127 356,85 1,95 2,82 11,00 2.059,00 5392
128 356,85 1,95 2,82 11,00 2.075,00 5392
129 356,85 1,95 2,82 11,00 2.091,00 5392
130 356,85 1,86 2,69 11,00 2.107,00 5392
131 356,85 1,86 2,69 11,00 2.123,00 5392
132 356,85 1,86 2,69 11,00 2.139,00 5392
133 356,85 1,86 2,69 11,00 2.155,00 5392
134 356,85 1,81 2,61 11,00 2.171,00 5392
135 356,85 1,81 2,61 11,00 2.187,00 5392
136 356,85 1,81 2,61 11,00 2.203,00 5392
137 356,85 1,81 2,61 11,00 2.219,00 5392
138 356,85 1,81 2,61 11,00 2.235,00 5392
139 356,85 1,81 2,61 11,00 2.251,00 5392
140 356,85 1,81 2,61 11,00 2.267,00 5397
141 356,85 1,81 2,61 11,00 2.283,00 5398
142 356,85 1,81 2,61 11,00 2.299,00 5398
143 356,85 1,81 2,61 11,00 2.315,00 5398
144 356,85 1,81 2,61 11,00 2.331,00 5398
145 356,85 1,81 2,61 11,00 2.347,00 5398
146 356,85 1,81 2,61 11,00 2.363,00 5398
147 356,85 1,81 2,61 11,00 2.379,00 5398
148 356,85 1,81 2,61 11,00 2.395,00 5398
149 356,85 1,81 2,61 11,00 2.411,00 5398
150 356,85 1,81 2,61 97,00 2.427,00 5398
151 356,85 1,81 2,61 97,00 2.443,00 5443
152 356,85 1,81 2,61 97,00 2.459,00 5461
153 356,85 1,81 2,61 97,00 2.475,00 5469
154 356,85 1,81 2,61 97,00 2.491,00 5476
155 356,85 1,81 2,61 97,00 2.507,00 5480
156 356,85 1,81 2,61 97,00 2.523,00 5482
157 356,85 1,81 2,61 97,00 2.539,00 5482
158 356,85 13,55 19,56 97,00 2.555,00 5492
159 356,85 13,55 19,56 97,00 2.571,00 5501
160 356,85 13,55 19,56 97,00 2.587,00 5510
161 356,85 13,30 19,20 97,00 2.603,00 5520
162 356,85 13,30 19,20 97,00 2.619,00 5532
163 356,85 13,30 19,20 97,00 2.635,00 5544
164 356,85 13,30 19,20 97,00 2.651,00 5553
165 356,85 13,30 19,20 97,00 2.667,00 5560
166 356,85 13,30 19,20 97,00 2.683,00 5566
167 356,85 13,30 19,20 97,00 2.699,00 5570
168 356,85 13,30 19,20 97,00 2.715,00 5573
169 356,85 13,30 19,20 97,00 2.731,00 5575
170 356,85 13,30 19,20 97,00 2.747,00 5576
171 356,85 13,30 19,20 97,00 2.763,00 5577
172 356,85 13,30 19,20 97,00 2.779,00 5578
173 356,85 13,30 19,20 97,00 2.795,00 5579
174 356,85 13,30 19,20 97,00 2.811,00 5580
175 356,85 13,30 19,20 97,00 2.827,00 5582
176 356,85 13,30 19,20 97,00 2.843,00 5583
177 356,85 13,30 19,20 97,00 2.859,00 5584
178 356,85 13,30 19,20 97,00 2.875,00 5587
179 356,85 13,30 19,20 97,00 2.891,00 5589
180 356,85 13,30 19,20 9,00 2.907,00 5591
181 356,85 13,30 19,20 9,00 2.923,00 5600
182 356,85 13,30 19,20 9,00 2.939,00 5601
183 356,85 13,30 19,20 9,00 2.955,00 5602
184 356,85 13,30 19,20 9,00 2.971,00 5602
185 356,85 13,30 19,20 9,00 2.987,00 5602
186 356,85 13,30 19,20 9,00 3.003,00 5602
187 356,85 13,30 19,20 9,00 3.019,00 5602
188 356,85 13,30 19,20 9,00 3.035,00 5602
189 356,85 13,30 19,20 9,00 3.051,00 5602
190 356,85 13,30 19,20 9,00 3.067,00 5602
191 356,85 13,30 19,20 9,00 3.083,00 5604
192 356,85 13,30 19,20 9,00 3.099,00 5606
193 356,85 13,30 19,20 9,00 3.115,00 5607
194 356,85 13,30 19,20 9,00 3.131,00 5611
195 356,85 13,30 19,20 9,00 3.147,00 5613
196 356,85 13,30 19,20 9,00 3.163,00 5613
197 356,85 13,30 19,20 9,00 3.179,00 5613
198 356,85 13,30 19,20 9,00 3.195,00 5613
199 356,85 13,30 19,20 9,00 3.211,00 5613
200 356,85 13,30 19,20 9,00 3.227,00 5613
201 356,85 13,30 19,20 9,00 3.243,00 5613
202 356,85 13,30 19,20 9,00 3.259,00 5613
203 356,85 13,30 19,20 9,00 3.275,00 5613
204 356,85 13,30 19,20 9,00 3.291,00 5613
205 356,85 13,30 19,20 9,00 3.307,00 5613
206 356,85 13,30 19,20 9,00 3.323,00 5613
207 356,85 13,30 19,20 9,00 3.339,00 5613
208 356,85 13,30 19,20 9,00 3.355,00 5614
209 356,85 13,30 19,20 9,00 3.371,00 5616
210 356,85 13,30 19,20 1,00 3.387,00 5616
211 356,85 13,30 19,20 1,00 3.403,00 5655
212 356,85 13,30 19,20 1,00 3.419,00 5665
213 356,85 13,30 19,20 1,00 3.435,00 5671
214 356,85 13,30 19,20 1,00 3.451,00 5671
215 356,85 13,30 19,20 1,00 3.467,00 5671
216 356,85 13,30 19,20 1,00 3.483,00 5671
217 356,85 13,30 19,20 1,00 3.499,00 5671
218 356,85 13,30 19,20 1,00 3.515,00 5671
219 356,85 13,30 19,20 1,00 3.531,00 5671
220 356,85 13,30 19,20 1,00 3.547,00 5671
221 356,85 13,30 19,20 1,00 3.563,00 5671
222 356,85 13,30 19,20 1,00 3.579,00 5671
223 356,85 13,30 19,20 1,00 3.595,00 5671
224 356,85 0,10 0,14 1,00 3.611,00 5671
225 356,85 0,10 0,14 1,00 3.627,00 5671
226 356,85 0,10 0,14 1,00 3.643,00 5671
227 356,85 0,10 0,14 1,00 3.659,00 5671
228 356,85 0,10 0,14 1,00 3.675,00 5671
229 356,85 0,10 0,14 1,00 3.691,00 5671
230 356,85 0,10 0,14 1,00 3.707,00 5671
231 356,85 0,10 0,14 1,00 3.723,00 5671
232 356,85 0,10 0,14 1,00 3.739,00 5671
233 356,85 0,10 0,14 1,00 3.755,00 5671
234 356,85 0,09 0,14 1,00 3.771,00 5671
235 356,85 0,09 0,14 1,00 3.787,00 5671
236 356,85 0,09 0,14 1,00 3.803,00 5671
237 356,85 0,09 0,14 1,00 3.819,00 5671
238 356,85 0,09 0,14 1,00 3.835,00 5671
239 356,85 0,09 0,14 1,00 3.851,00 5671
240 356,85 0,09 0,14 99,00 3.867,00 5671
241 356,85 9,14 13,20 99,00 3.882,00 5686
242 356,85 9,06 13,09 99,00 3.898,00 5686
243 356,85 9,06 13,09 99,00 3.914,00 5687
244 356,85 9,06 13,09 99,00 3.930,00 5688
245 356,85 9,06 13,09 99,00 3.946,00 5688
246 356,85 9,06 13,09 99,00 3.962,00 5688
247 356,85 9,06 13,09 99,00 3.978,00 5688
248 356,85 9,06 13,09 99,00 3.994,00 5688
249 356,85 9,06 13,09 99,00 4.010,00 5691
250 356,85 9,06 13,09 99,00 4.026,00 5693
251 356,85 9,06 13,09 99,00 4.042,00 5693
252 356,85 9,06 13,09 99,00 4.058,00 5693
253 356,85 9,06 13,09 99,00 4.074,00 5694
254 356,85 9,06 13,09 99,00 4.090,00 5694
255 356,85 9,06 13,09 99,00 4.106,00 5694
256 356,85 9,06 13,09 99,00 4.122,00 5694
257 356,85 9,06 13,09 99,00 4.138,00 5694
258 356,85 9,06 13,09 99,00 4.154,00 5694
259 356,85 9,06 13,09 99,00 4.170,00 5694
260 356,85 9,06 13,09 99,00 4.186,00 5694
261 356,85 9,06 13,09 99,00 4.202,00 5694
262 356,85 9,06 13,09 99,00 4.218,00 5694
263 356,85 9,06 13,09 99,00 4.234,00 5694
264 356,85 9,06 13,09 99,00 4.250,00 5694
265 356,85 9,06 13,09 99,00 4.266,00 5694
266 356,85 9,06 13,09 99,00 4.282,00 5694
267 356,85 9,06 13,09 99,00 4.298,00 5694
268 356,85 9,06 13,09 99,00 4.314,00 5694
269 356,85 9,06 13,09 99,00 4.330,00 5694
270 356,85 9,06 13,09 14,00 4.346,00 5694
271 356,85 9,06 13,09 14,00 4.362,00 5724
272 356,85 9,06 13,09 14,00 4.378,00 5736
273 356,85 9,06 13,09 14,00 4.394,00 5742
274 356,85 9,06 13,09 14,00 4.410,00 5742
275 356,85 9,06 13,09 14,00 4.426,00 5742
276 356,85 9,06 13,09 14,00 4.442,00 5742
277 356,85 9,06 13,09 14,00 4.458,00 5742
278 356,85 9,06 13,09 14,00 4.474,00 5742
279 356,85 1,11 1,61 14,00 4.490,00 5742
280 356,85 1,11 1,60 14,00 4.506,00 5742
281 356,85 1,11 1,60 14,00 4.522,00 5742
282 356,85 1,10 1,59 14,00 4.538,00 5742
283 356,85 1,10 1,59 14,00 4.554,00 5742
284 356,85 1,10 1,59 14,00 4.570,00 5742
285 356,85 1,10 1,59 14,00 4.586,00 5742
286 356,85 1,10 1,59 14,00 4.602,00 5742
287 356,85 1,10 1,59 14,00 4.618,00 5742
288 356,85 1,08 1,56 14,00 4.634,00 5742
289 356,85 1,08 1,56 14,00 4.650,00 5742
290 356,85 1,08 1,56 14,00 4.666,00 5742
291 356,85 1,08 1,56 14,00 4.682,00 5742
292 356,85 1,08 1,56 14,00 4.698,00 5742
293 356,85 1,06 1,53 14,00 4.714,00 5742
294 356,85 1,06 1,53 14,00 4.730,00 5742
295 356,85 1,06 1,53 14,00 4.746,00 5742
296 356,85 1,06 1,53 14,00 4.762,00 5742
297 356,85 1,06 1,53 14,00 4.778,00 5742
298 356,85 1,04 1,50 14,00 4.794,00 5742
299 356,85 1,04 1,50 14,00 4.810,00 5742
300 356,85 1,04 1,50 92,00 4.826,00 5742
301 356,85 1,04 1,50 92,00 4.842,00 5752
302 356,85 1,04 1,50 92,00 4.858,00 5752
303 356,85 1,04 1,50 92,00 4.874,00 5752
304 356,85 1,04 1,50 92,00 4.890,00 5752
305 356,85 1,04 1,50 92,00 4.906,00 5752
306 356,85 1,04 1,50 92,00 4.922,00 5762
307 356,85 1,04 1,50 92,00 4.938,00 5773
308 356,85 1,04 1,50 92,00 4.954,00 5778
309 356,85 1,04 1,50 92,00 4.970,00 5780
310 356,85 1,04 1,50 92,00 4.986,00 5780
311 356,85 1,04 1,50 92,00 5.002,00 5780
312 356,85 1,04 1,50 92,00 5.018,00 5780
313 356,85 1,04 1,50 92,00 5.034,00 5782
314 356,85 1,04 1,50 92,00 5.050,00 5783
315 356,85 1,04 1,50 92,00 5.066,00 5783
316 356,85 1,04 1,50 92,00 5.082,00 5783
317 356,85 1,04 1,50 92,00 5.098,00 5783
318 356,85 1,04 1,50 92,00 5.114,00 5783
319 356,85 6,40 9,24 92,00 5.130,00 5783
320 356,85 6,38 9,21 92,00 5.146,00 5783
321 356,85 6,38 9,21 92,00 5.162,00 5783
322 356,85 6,38 9,21 92,00 5.178,00 5783
323 356,85 6,38 9,21 92,00 5.194,00 5783
324 356,85 6,38 9,21 92,00 5.210,00 5783
325 356,85 6,38 9,21 92,00 5.226,00 5783
326 356,85 6,38 9,21 92,00 5.242,00 5783
327 356,85 6,38 9,21 92,00 5.258,00 5783
328 356,85 6,38 9,21 92,00 5.274,00 5783
329 356,85 6,38 9,21 92,00 5.290,00 5783
330 356,85 6,38 9,21 21,00 5.306,00 5783
331 356,85 6,38 9,21 21,00 5.322,00 5809
332 356,85 6,38 9,21 21,00 5.338,00 5815
333 356,85 6,38 9,21 21,00 5.354,00 5818
334 356,85 6,38 9,21 21,00 5.370,00 5819
335 356,85 6,38 9,21 21,00 5.386,00 5820
336 356,85 1,39 2,00 21,00 5.402,00 5820
337 356,85 1,38 2,00 21,00 5.418,00 5820
338 356,85 1,38 2,00 21,00 5.434,00 5820
339 356,85 1,38 2,00 21,00 5.450,00 5820
340 356,85 1,37 1,98 21,00 5.466,00 5820
341 356,85 1,37 1,98 21,00 5.482,00 5820
342 356,85 1,37 1,98 21,00 5.498,00 5820
343 356,85 1,37 1,98 21,00 5.514,00 5820
344 356,85 1,37 1,98 21,00 5.530,00 5820
345 356,85 1,37 1,98 21,00 5.546,00 5820
346 356,85 1,37 1,98 21,00 5.562,00 5820
347 356,85 1,34 1,94 21,00 5.578,00 5820
348 356,85 1,34 1,94 21,00 5.594,00 5820
349 356,85 1,34 1,94 21,00 5.610,00 5820
350 356,85 1,34 1,94 21,00 5.626,00 5820
351 356,85 1,34 1,94 21,00 5.642,00 5820
352 356,85 1,34 1,94 21,00 5.658,00 5820
353 356,85 1,32 1,91 21,00 5.674,00 5820
354 356,85 1,32 1,91 21,00 5.690,00 5820
355 356,85 1,32 1,91 21,00 5.706,00 5820
356 356,85 1,32 1,91 21,00 5.722,00 5820
357 356,85 1,32 1,91 21,00 5.738,00 5820
358 356,85 1,32 1,91 21,00 5.754,00 5820
359 356,85 1,32 1,91 21,00 5.770,00 5820
360 356,85 1,32 1,91 91,00 5.786,00 5820
361 356,85 1,32 1,91 91,00 5.802,00 5827
362 356,85 1,32 1,91 91,00 5.818,00 5827
363 356,85 1,32 1,91 91,00 5.834,00 5827
364 356,85 1,32 1,91 91,00 5.850,00 5827
365 356,85 1,32 1,91 91,00 5.866,00 5827
366 356,85 1,32 1,91 91,00 5.882,00 5827
367 356,85 5,51 7,95 91,00 5.898,00 5827
368 356,85 5,51 7,95 91,00 5.914,00 5827
369 356,85 5,51 7,95 91,00 5.930,00 5827
370 356,85 5,51 7,95 91,00 5.946,00 5827
371 356,85 5,51 7,95 91,00 5.962,00 5827
372 356,85 5,51 7,95 91,00 5.978,00 5827
373 356,85 5,51 7,95 91,00 5.994,00 5827
374 356,85 5,51 7,95 91,00 6.010,00 5827
375 356,85 5,51 7,95 91,00 6.026,00 5827
376 356,85 5,51 7,95 91,00 6.042,00 5827
377 356,85 5,51 7,95 91,00 6.058,00 5827
378 356,85 5,51 7,95 91,00 6.074,00 5827
379 356,85 5,51 7,95 91,00 6.090,00 5827
380 356,85 5,51 7,95 91,00 6.106,00 5827
381 356,85 5,51 7,95 91,00 6.122,00 5827
382 356,85 5,29 7,64 91,00 6.138,00 5827
383 356,85 5,29 7,64 91,00 6.154,00 5833
384 356,85 5,29 7,64 91,00 6.170,00 5833
385 356,85 5,29 7,64 91,00 6.186,00 5833
386 356,85 5,24 7,56 91,00 6.202,00 5833
387 356,85 5,24 7,56 91,00 6.218,00 5833
388 356,85 5,24 7,56 91,00 6.234,00 5833
389 356,85 5,24 7,56 91,00 6.250,00 5833
390 356,85 5,24 7,56 21,00 6.266,00 5833
391 356,85 5,24 7,56 21,00 6.282,00 5854
392 356,85 5,24 7,56 21,00 6.298,00 5858
393 356,85 5,24 7,56 21,00 6.314,00 5861
394 356,85 5,24 7,56 21,00 6.330,00 5861
395 356,85 5,24 7,56 21,00 6.346,00 5861
396 356,85 5,24 7,56 21,00 6.362,00 5861
397 356,85 5,24 7,56 21,00 6.378,00 5861
398 356,85 5,24 7,56 21,00 6.394,00 5861
399 356,85 5,24 7,56 21,00 6.410,00 5861
400 356,85 5,24 7,56 21,00 6.426,00 5861
401 356,85 5,24 7,56 21,00 6.442,00 5865
402 356,85 5,24 7,56 21,00 6.458,00 5866
403 356,85 5,24 7,56 21,00 6.474,00 5866
404 356,85 5,24 7,56 21,00 6.490,00 5866
405 356,85 5,24 7,56 21,00 6.506,00 5866
406 356,85 5,24 7,56 21,00 6.522,00 5866
407 356,85 5,24 7,56 21,00 6.538,00 5866
408 356,85 5,24 7,56 21,00 6.554,00 5866
409 356,85 5,24 7,56 21,00 6.570,00 5866
410 356,85 5,24 7,56 21,00 6.586,00 5866
411 356,85 5,24 7,56 21,00 6.602,00 5866
412 356,85 5,24 7,56 21,00 6.618,00 5866
413 356,85 5,24 7,56 21,00 6.634,00 5866
414 356,85 5,24 7,56 21,00 6.650,00 5866
415 356,85 1,12 1,62 21,00 6.666,00 5866
416 356,85 1,12 1,62 21,00 6.682,00 5866
417 356,85 1,12 1,62 21,00 6.698,00 5866
418 356,85 1,12 1,62 21,00 6.714,00 5866
419 356,85 1,12 1,62 21,00 6.730,00 5866
420 356,85 1,12 1,62 95,00 6.746,00 5866
421 356,85 1,12 1,62 95,00 6.762,00 5875
422 356,85 1,12 1,62 95,00 6.778,00 5878
423 356,85 1,12 1,62 95,00 6.794,00 5879
424 356,85 1,12 1,62 95,00 6.810,00 5879
425 356,85 1,12 1,62 95,00 6.826,00 5879
426 356,85 1,12 1,62 95,00 6.842,00 5879
427 356,85 1,12 1,62 95,00 6.858,00 5879
428 356,85 1,12 1,62 95,00 6.874,00 5880
429 356,85 1,12 1,62 95,00 6.890,00 5880
430 356,85 1,12 1,62 95,00 6.906,00 5880
431 356,85 1,12 1,62 95,00 6.922,00 5880
432 356,85 1,12 1,62 95,00 6.938,00 5880
433 356,85 1,12 1,62 95,00 6.954,00 5880
434 356,85 1,12 1,62 95,00 6.970,00 5880
435 356,85 1,12 1,62 95,00 6.986,00 5880
436 356,85 1,12 1,62 95,00 7.002,00 5880
437 356,85 1,12 1,62 95,00 7.018,00 5880
438 356,85 1,12 1,62 95,00 7.034,00 5880
439 356,85 1,12 1,62 95,00 7.050,00 5880
440 356,85 1,12 1,62 95,00 7.066,00 5880
441 356,85 1,12 1,62 95,00 7.082,00 5880
442 356,85 1,12 1,62 95,00 7.098,00 5880
443 356,85 4,77 6,88 95,00 7.114,00 5880
444 356,85 4,77 6,88 95,00 7.130,00 5880
445 356,85 4,77 6,88 95,00 7.146,00 5880
446 356,85 4,77 6,88 95,00 7.162,00 5880
447 356,85 4,77 6,88 95,00 7.178,00 5880
448 356,85 4,77 6,88 95,00 7.194,00 5880
449 356,85 4,77 6,88 95,00 7.210,00 5880
450 356,85 4,77 6,88 31,00 7.226,00 5880
451 356,85 4,77 6,88 31,00 7.242,00 5901
452 356,85 4,77 6,88 31,00 7.258,00 5908
453 356,85 4,77 6,88 31,00 7.274,00 5908
454 356,85 4,77 6,88 31,00 7.290,00 5908
455 356,85 4,77 6,88 31,00 7.306,00 5908
456 356,85 4,77 6,88 31,00 7.322,00 5909
457 356,85 4,77 6,88 31,00 7.338,00 5909
458 356,85 4,77 6,88 31,00 7.354,00 5909
459 356,85 4,77 6,88 31,00 7.370,00 5909
460 356,85 4,77 6,88 31,00 7.386,00 5909
461 356,85 4,77 6,88 31,00 7.402,00 5909
462 356,85 1,49 2,15 31,00 7.418,00 5909
463 356,85 1,49 2,15 31,00 7.434,00 5909
464 356,85 1,49 2,15 31,00 7.450,00 5909
465 356,85 1,49 2,15 31,00 7.466,00 5909
466 356,85 1,49 2,15 31,00 7.482,00 5909
467 356,85 1,49 2,15 31,00 7.498,00 5909
468 356,85 1,49 2,15 31,00 7.514,00 5909
469 356,85 1,47 2,12 31,00 7.530,00 5909
470 356,85 1,47 2,12 31,00 7.546,00 5909
471 356,85 1,47 2,12 31,00 7.562,00 5909
472 356,85 1,47 2,12 31,00 7.578,00 5909
473 356,85 1,47 2,12 31,00 7.594,00 5909
474 356,85 1,47 2,12 31,00 7.610,00 5909
475 356,85 1,47 2,12 31,00 7.626,00 5909
476 356,85 1,47 2,12 31,00 7.642,00 5909
477 356,85 1,47 2,12 31,00 7.658,00 5909
478 356,85 1,47 2,12 31,00 7.674,00 5909
479 356,85 1,47 2,12 31,00 7.690,00 5909
480 356,85 1,47 2,12 87,00 7.706,00 5909
481 356,85 1,47 2,12 87,00 7.722,00 5915
482 356,85 4,01 5,79 87,00 7.738,00 5916
483 356,85 4,00 5,78 87,00 7.754,00 5916
484 356,85 4,00 5,78 87,00 7.770,00 5916
485 356,85 3,99 5,76 87,00 7.786,00 5916
486 356,85 3,98 5,75 87,00 7.802,00 5916
487 356,85 3,98 5,75 87,00 7.818,00 5916
488 356,85 3,98 5,75 87,00 7.834,00 5916
489 356,85 3,98 5,75 87,00 7.850,00 5916
490 356,85 3,95 5,70 87,00 7.866,00 5916
491 356,85 3,95 5,70 87,00 7.882,00 5916
492 356,85 3,95 5,70 87,00 7.898,00 5916
493 356,85 3,95 5,70 87,00 7.914,00 5916
494 356,85 3,95 5,70 87,00 7.930,00 5916
495 356,85 3,95 5,70 87,00 7.946,00 5916
496 356,85 3,95 5,70 87,00 7.962,00 5916
497 356,85 3,95 5,70 87,00 7.978,00 5916
498 356,85 3,95 5,70 87,00 7.994,00 5916
499 356,85 3,95 5,70 87,00 8.010,00 5916
500 356,85 3,87 5,59 87,00 8.026,00 5916
501 356,85 3,87 5,59 87,00 8.042,00 5916
502 356,85 3,87 5,59 87,00 8.058,00 5916
503 356,85 3,87 5,59 87,00 8.074,00 5916
504 356,85 3,87 5,59 87,00 8.090,00 5916
505 356,85 3,87 5,59 87,00 8.106,00 5919
506 356,85 3,87 5,59 87,00 8.122,00 5919
507 356,85 3,87 5,59 87,00 8.138,00 5919
508 356,85 3,87 5,59 87,00 8.154,00 5919
509 356,85 3,87 5,59 87,00 8.170,00 5919
510 356,85 3,87 5,59 39,00 8.186,00 5919
511 356,85 3,87 5,59 39,00 8.202,00 5935
512 356,85 3,87 5,59 39,00 8.218,00 5937
513 356,85 3,87 5,59 39,00 8.234,00 5938
514 356,85 3,87 5,59 39,00 8.250,00 5938
515 356,85 3,87 5,59 39,00 8.266,00 5938
516 356,85 3,87 5,59 39,00 8.282,00 5938
517 356,85 3,87 5,59 39,00 8.298,00 5938
518 356,85 3,87 5,59 39,00 8.314,00 5938
519 356,85 3,87 5,59 39,00 8.330,00 5938
520 356,85 3,87 5,59 39,00 8.346,00 5938
521 356,85 3,87 5,59 39,00 8.362,00 5938
522 356,85 3,87 5,59 39,00 8.378,00 5938
523 356,85 3,87 5,59 39,00 8.394,00 5938
524 356,85 3,87 5,59 39,00 8.410,00 5938
525 356,85 3,87 5,59 39,00 8.426,00 5938
526 356,85 3,87 5,59 39,00 8.442,00 5938
527 356,85 3,87 5,59 39,00 8.458,00 5938
528 356,85 3,87 5,59 39,00 8.474,00 5938
529 356,85 3,87 5,59 39,00 8.490,00 5938
530 356,85 3,87 5,59 39,00 8.506,00 5938
531 356,85 3,87 5,59 39,00 8.522,00 5938
532 356,85 1,63 2,35 39,00 8.538,00 5938
533 356,85 1,63 2,35 39,00 8.554,00 5938
534 356,85 1,63 2,35 39,00 8.570,00 5938
535 356,85 1,63 2,35 39,00 8.586,00 5938
536 356,85 1,63 2,35 39,00 8.602,00 5938
537 356,85 1,63 2,35 39,00 8.618,00 5938
538 356,85 1,63 2,35 39,00 8.634,00 5938
539 356,85 1,63 2,35 39,00 8.650,00 5938
540 356,85 1,63 2,35 91,00 8.666,00 5938
541 356,85 1,63 2,35 91,00 8.682,00 5942
542 356,85 1,63 2,35 91,00 8.698,00 5944
543 356,85 1,63 2,35 91,00 8.714,00 5946
544 356,85 1,63 2,35 91,00 8.730,00 5947
545 356,85 3,71 5,36 91,00 8.746,00 5958
546 356,85 3,71 5,36 91,00 8.762,00 5965
547 356,85 3,71 5,36 91,00 8.778,00 5965
548 356,85 3,71 5,36 91,00 8.794,00 5965
549 356,85 3,71 5,36 91,00 8.810,00 5965
550 356,85 3,71 5,36 91,00 8.826,00 5965
551 356,85 3,71 5,36 91,00 8.842,00 5965
552 356,85 3,71 5,36 91,00 8.858,00 5965
553 356,85 3,71 5,36 91,00 8.874,00 5965
554 356,85 3,71 5,36 91,00 8.890,00 5965
555 356,85 3,71 5,36 91,00 8.906,00 5965
556 356,85 3,64 5,26 91,00 8.922,00 5965
557 356,85 3,64 5,26 91,00 8.938,00 5965
558 356,85 3,64 5,26 91,00 8.954,00 5965
559 356,85 3,64 5,26 91,00 8.970,00 5969
560 356,85 3,64 5,26 91,00 8.986,00 5969
561 356,85 3,64 5,26 91,00 9.002,00 5969
562 356,85 3,60 5,20 91,00 9.018,00 5969
563 356,85 3,60 5,20 91,00 9.034,00 5969
564 356,85 3,60 5,20 91,00 9.050,00 5969
565 356,85 3,60 5,20 91,00 9.066,00 5969
566 356,85 3,58 5,16 91,00 9.082,00 5969
567 356,85 3,58 5,16 91,00 9.098,00 5969
568 356,85 3,56 5,15 91,00 9.114,00 5969
569 356,85 3,56 5,15 91,00 9.130,00 5969
570 356,85 3,56 5,15 33,00 9.146,00 5969
571 356,85 1,29 1,86 33,00 9.162,00 5988
572 356,85 1,29 1,86 33,00 9.178,00 5994
573 356,85 1,29 1,86 33,00 9.194,00 5999
574 356,85 1,29 1,86 33,00 9.210,00 6004
575 356,85 1,29 1,86 33,00 9.226,00 6007
576 356,85 1,29 1,86 33,00 9.242,00 6009
577 356,85 1,29 1,86 33,00 9.258,00 6010
578 356,85 1,29 1,86 33,00 9.274,00 6010
579 356,85 1,29 1,86 33,00 9.290,00 6010
580 356,85 1,29 1,86 33,00 9.306,00 6010
581 356,85 1,29 1,86 33,00 9.322,00 6010
582 356,85 1,29 1,86 33,00 9.338,00 6010
583 356,85 1,29 1,86 33,00 9.354,00 6010
584 356,85 1,29 1,86 33,00 9.370,00 6010
585 356,85 1,29 1,86 33,00 9.386,00 6010
586 356,85 1,29 1,86 33,00 9.402,00 6010
587 356,85 1,29 1,86 33,00 9.418,00 6010
588 356,85 1,29 1,86 33,00 9.434,00 6010
589 356,85 1,29 1,86 33,00 9.450,00 6010
590 356,85 1,29 1,86 33,00 9.466,00 6010
591 356,85 1,29 1,86 33,00 9.482,00 6010
592 356,85 1,29 1,86 33,00 9.498,00 6010
593 356,85 1,24 1,79 33,00 9.514,00 6010
594 356,85 1,24 1,78 33,00 9.530,00 6010
595 356,85 1,24 1,78 33,00 9.546,00 6010
596 356,85 1,24 1,78 33,00 9.562,00 6010
597 356,85 1,24 1,78 33,00 9.578,00 6010
598 356,85 1,24 1,78 33,00 9.594,00 6010
599 356,85 1,24 1,78 33,00 9.610,00 6010
600 356,85 1,24 1,78 89,00 9.626,00 6010
601 356,85 1,24 1,78 89,00 9.642,00 6019
602 356,85 1,24 1,78 89,00 9.658,00 6021
603 356,85 1,24 1,78 89,00 9.674,00 6022
604 356,85 1,24 1,78 89,00 9.690,00 6022
605 356,85 1,24 1,78 89,00 9.706,00 6022
606 356,85 1,24 1,78 89,00 9.722,00 6022
607 356,85 3,26 4,71 89,00 9.738,00 6022
608 356,85 3,26 4,71 89,00 9.754,00 6023
609 356,85 3,25 4,69 89,00 9.770,00 6023
610 356,85 3,25 4,69 89,00 9.786,00 6023
611 356,85 3,24 4,68 89,00 9.802,00 6023
612 356,85 3,24 4,68 89,00 9.818,00 6023
613 356,85 3,23 4,66 89,00 9.834,00 6023
614 356,85 3,23 4,66 89,00 9.850,00 6023
615 356,85 3,23 4,66 89,00 9.866,00 6023
616 356,85 3,23 4,66 89,00 9.882,00 6023
617 356,85 3,23 4,66 89,00 9.898,00 6023
618 356,85 3,23 4,66 89,00 9.914,00 6023
619 356,85 3,23 4,66 89,00 9.930,00 6023
620 356,85 3,23 4,66 89,00 9.946,00 6023
621 356,85 3,23 4,66 89,00 9.962,00 6023
622 356,85 3,23 4,66 89,00 9.978,00 6023
623 356,85 3,23 4,66 89,00 9.994,00 6023
624 356,85 3,23 4,66 89,00 10.010,00 6023
625 356,85 3,23 4,66 89,00 10.026,00 6023
626 356,85 3,23 4,66 89,00 10.042,00 6023
627 356,85 3,23 4,66 89,00 10.058,00 6023
628 356,85 3,15 4,55 89,00 10.074,00 6023
629 356,85 3,15 4,55 89,00 10.090,00 6023
630 356,85 3,14 4,54 33,00 10.106,00 6023
631 356,85 1,16 1,68 33,00 10.122,00 6039
632 356,85 1,16 1,68 33,00 10.138,00 6043
633 356,85 1,16 1,68 33,00 10.154,00 6043
634 356,85 1,16 1,68 33,00 10.170,00 6043
635 356,85 1,16 1,67 33,00 10.186,00 6043
636 356,85 1,16 1,67 33,00 10.202,00 6043
637 356,85 1,16 1,67 33,00 10.218,00 6043
638 356,85 1,16 1,67 33,00 10.234,00 6043
639 356,85 1,15 1,66 33,00 10.250,00 6043
640 356,85 1,15 1,66 33,00 10.266,00 6043
641 356,85 1,15 1,66 33,00 10.282,00 6043
642 356,85 1,15 1,66 33,00 10.298,00 6043
643 356,85 1,15 1,66 33,00 10.314,00 6043
644 356,85 1,15 1,66 33,00 10.330,00 6043
645 356,85 1,15 1,66 33,00 10.346,00 6043
646 356,85 1,15 1,66 33,00 10.362,00 6043
647 356,85 1,15 1,66 33,00 10.378,00 6043
648 356,85 1,15 1,66 33,00 10.394,00 6043
649 356,85 1,13 1,63 33,00 10.410,00 6043
650 356,85 1,13 1,63 33,00 10.426,00 6043
651 356,85 1,13 1,63 33,00 10.442,00 6043
652 356,85 1,13 1,63 33,00 10.458,00 6043
653 356,85 1,12 1,62 33,00 10.474,00 6043
654 356,85 1,12 1,62 33,00 10.490,00 6043
655 356,85 1,12 1,62 33,00 10.506,00 6043
656 356,85 1,12 1,62 33,00 10.522,00 6043
657 356,85 1,12 1,62 33,00 10.538,00 6043
658 356,85 1,12 1,62 33,00 10.554,00 6043
659 356,85 1,12 1,62 33,00 10.570,00 6043
660 356,85 1,12 1,62 93,00 10.586,00 6043
661 356,85 1,12 1,62 93,00 10.602,00 6047
662 356,85 1,12 1,62 93,00 10.618,00 6047
663 356,85 1,12 1,62 93,00 10.634,00 6047
664 356,85 1,12 1,62 93,00 10.650,00 6047
665 356,85 1,12 1,62 93,00 10.666,00 6047
666 356,85 1,12 1,62 93,00 10.682,00 6047
667 356,85 1,12 1,62 93,00 10.698,00 6047
668 356,85 1,12 1,62 93,00 10.714,00 6048
669 356,85 1,12 1,62 93,00 10.730,00 6048
670 356,85 1,12 1,62 93,00 10.746,00 6048
671 356,85 1,12 1,62 93,00 10.762,00 6048
672 356,85 1,12 1,62 93,00 10.778,00 6048
673 356,85 1,12 1,62 93,00 10.794,00 6048
674 356,85 1,12 1,62 93,00 10.810,00 6048
675 356,85 1,12 1,62 93,00 10.826,00 6048
676 356,85 1,12 1,62 93,00 10.842,00 6048
677 356,85 1,12 1,62 93,00 10.858,00 6048
678 356,85 1,12 1,62 93,00 10.874,00 6048
679 356,85 1,12 1,62 93,00 10.890,00 6048
680 356,85 1,12 1,62 93,00 10.906,00 6048
681 356,85 1,12 1,62 93,00 10.922,00 6048
682 356,85 1,12 1,62 93,00 10.938,00 6048
683 356,85 1,12 1,62 93,00 10.954,00 6048
684 356,85 1,12 1,62 93,00 10.970,00 6048
685 356,85 1,12 1,62 93,00 10.986,00 6048
686 356,85 1,12 1,62 93,00 11.002,00 6048
687 356,85 1,12 1,62 93,00 11.018,00 6048
688 356,85 1,12 1,62 93,00 11.034,00 6048
689 356,85 1,12 1,62 93,00 11.050,00 6048
690 356,85 1,12 1,62 157,00 11.066,00 6048
691 356,85 1,12 1,62 157,00 11.082,00 6060
692 356,85 1,12 1,62 157,00 11.098,00 6063
693 356,85 1,12 1,62 157,00 11.114,00 6066
694 356,85 1,12 1,62 157,00 11.130,00 6067
695 356,85 1,12 1,62 157,00 11.146,00 6068
696 356,85 1,12 1,62 157,00 11.162,00 6070
697 356,85 1,12 1,62 157,00 11.178,00 6070
698 356,85 1,12 1,62 157,00 11.194,00 6070
699 356,85 1,12 1,62 157,00 11.210,00 6070
700 356,85 1,12 1,62 157,00 11.226,00 6070
701 356,85 1,12 1,62 157,00 11.242,00 6070
702 356,85 1,12 1,62 157,00 11.258,00 6070
703 356,85 1,12 1,62 157,00 11.274,00 6070
704 356,85 1,12 1,62 157,00 11.290,00 6070
705 356,85 1,12 1,62 157,00 11.306,00 6070
706 356,85 1,12 1,62 157,00 11.322,00 6070
707 356,85 1,12 1,62 157,00 11.338,00 6070
708 356,85 1,12 1,62 157,00 11.354,00 6070
709 356,85 1,12 1,62 157,00 11.370,00 6070
710 356,85 1,12 1,62 157,00 11.386,00 6070
711 356,85 1,12 1,62 157,00 11.402,00 6070
712 356,85 1,12 1,62 157,00 11.418,00 6070
713 356,85 4,90 7,08 157,00 11.434,00 6070
714 356,85 4,90 7,08 157,00 11.450,00 6070
715 356,85 4,90 7,08 157,00 11.466,00 6070
716 356,85 4,90 7,08 157,00 11.482,00 6070
717 356,85 4,90 7,08 157,00 11.498,00 6070
718 356,85 4,90 7,08 157,00 11.514,00 6070
719 356,85 4,90 7,08 157,00 11.530,00 6070
720 356,85 4,90 7,08 67,00 11.546,00 6070
721 356,85 4,90 7,08 67,00 11.562,00 6073
722 356,85 4,90 7,08 67,00 11.578,00 6073
723 356,85 4,90 7,08 67,00 11.594,00 6073
724 356,85 4,90 7,08 67,00 11.610,00 6073
725 356,85 4,90 7,08 67,00 11.626,00 6073
726 356,85 4,90 7,08 67,00 11.642,00 6073
727 356,85 4,90 7,08 67,00 11.658,00 6073
728 356,85 4,90 7,08 67,00 11.674,00 6073
729 356,85 4,90 7,08 67,00 11.690,00 6073
730 356,85 4,90 7,08 67,00 11.706,00 6073
731 356,85 4,90 7,08 67,00 11.722,00 6073
732 356,85 4,90 7,08 67,00 11.738,00 6073
733 356,85 4,90 7,08 67,00 11.754,00 6073
734 356,85 4,90 7,08 67,00 11.770,00 6073
735 356,85 4,90 7,08 67,00 11.786,00 6073
736 356,85 4,90 7,08 67,00 11.802,00 6073
737 356,85 4,90 7,08 67,00 11.818,00 6073
738 356,85 4,90 7,08 67,00 11.834,00 6073
739 356,85 2,02 2,91 67,00 11.850,00 6073
740 356,85 2,02 2,91 67,00 11.866,00 6073
741 356,85 2,02 2,91 67,00 11.882,00 6073
742 356,85 2,01 2,90 67,00 11.898,00 6073
743 356,85 2,01 2,90 67,00 11.914,00 6073
744 356,85 2,01 2,90 67,00 11.930,00 6073
745 356,85 2,01 2,90 67,00 11.946,00 6073
746 356,85 2,01 2,90 67,00 11.962,00 6073
747 356,85 2,01 2,90 67,00 11.978,00 6073
748 356,85 2,01 2,90 67,00 11.994,00 6073
749 356,85 2,01 2,90 67,00 12.010,00 6073
750 356,85 2,01 2,90 71,00 12.026,00 6073
751 356,85 2,01 2,90 71,00 12.042,00 6081
752 356,85 2,01 2,90 71,00 12.058,00 6085
753 356,85 2,01 2,90 71,00 12.074,00 6085
754 356,85 2,01 2,90 71,00 12.090,00 6085
755 356,85 2,01 2,90 71,00 12.106,00 6085
756 356,85 2,01 2,90 71,00 12.122,00 6085
757 356,85 2,01 2,90 71,00 12.138,00 6085
758 356,85 2,01 2,90 71,00 12.154,00 6091
759 356,85 2,01 2,90 71,00 12.170,00 6094
760 356,85 2,01 2,90 71,00 12.186,00 6096
761 356,85 2,01 2,90 71,00 12.202,00 6097
762 356,85 2,01 2,90 71,00 12.218,00 6098
763 356,85 2,01 2,90 71,00 12.234,00 6098
764 356,85 2,01 2,90 71,00 12.250,00 6098
765 356,85 2,01 2,90 71,00 12.266,00 6098
766 356,85 2,06 2,98 71,00 12.282,00 6098
767 356,85 2,06 2,98 71,00 12.298,00 6098
768 356,85 2,06 2,98 71,00 12.314,00 6098
769 356,85 2,06 2,98 71,00 12.330,00 6098
770 356,85 2,06 2,98 71,00 12.346,00 6098
771 356,85 2,06 2,98 71,00 12.362,00 6098
772 356,85 2,06 2,98 71,00 12.378,00 6098
773 356,85 2,06 2,98 71,00 12.394,00 6098
774 356,85 2,06 2,98 71,00 12.410,00 6098
775 356,85 2,04 2,94 71,00 12.426,00 6098
776 356,85 2,04 2,94 71,00 12.442,00 6098
777 356,85 2,04 2,94 71,00 12.458,00 6098
778 356,85 2,03 2,93 71,00 12.474,00 6098
779 356,85 2,03 2,93 71,00 12.490,00 6098
780 356,85 2,03 2,93 65,00 12.506,00 6098
781 356,85 2,03 2,93 65,00 12.522,00 6102
782 356,85 2,03 2,93 65,00 12.538,00 6107
783 356,85 1,85 2,67 65,00 12.554,00 6110
784 356,85 1,85 2,67 65,00 12.570,00 6111
785 356,85 1,85 2,67 65,00 12.586,00 6111
786 356,85 1,84 2,66 65,00 12.602,00 6111
787 356,85 1,84 2,66 65,00 12.618,00 6111
788 356,85 1,84 2,66 65,00 12.634,00 6111
789 356,85 1,84 2,66 65,00 12.650,00 6111
790 356,85 1,84 2,66 65,00 12.666,00 6111
791 356,85 1,84 2,66 65,00 12.682,00 6111
792 356,85 1,84 2,66 65,00 12.698,00 6111
793 356,85 1,82 2,63 65,00 12.714,00 6111
794 356,85 1,82 2,63 65,00 12.730,00 6111
795 356,85 1,82 2,63 65,00 12.746,00 6111
796 356,85 1,82 2,63 65,00 12.762,00 6111
797 356,85 1,82 2,63 65,00 12.778,00 6111
798 356,85 1,82 2,63 65,00 12.794,00 6111
799 356,85 1,82 2,63 65,00 12.810,00 6111
800 356,85 1,82 2,63 65,00 12.826,00 6111
801 356,85 1,82 2,63 65,00 12.842,00 6111
802 356,85 1,82 2,63 65,00 12.858,00 6111
803 356,85 1,82 2,63 65,00 12.874,00 6111
804 356,85 1,82 2,63 65,00 12.890,00 6111
805 356,85 1,82 2,63 65,00 12.906,00 6111
806 356,85 1,82 2,63 65,00 12.922,00 6111
807 356,85 1,82 2,63 65,00 12.938,00 6111
808 356,85 1,79 2,59 65,00 12.954,00 6111
809 356,85 1,79 2,59 65,00 12.970,00 6111
810 356,85 1,79 2,59 89,00 12.986,00 6111
811 356,85 1,79 2,59 89,00 13.002,00 6120
812 356,85 1,79 2,59 89,00 13.018,00 6122
813 356,85 1,79 2,59 89,00 13.034,00 6123
814 356,85 1,79 2,59 89,00 13.050,00 6123
815 356,85 1,79 2,59 89,00 13.066,00 6123
816 356,85 1,79 2,59 89,00 13.082,00 6123
817 356,85 1,79 2,59 89,00 13.098,00 6123
818 356,85 1,79 2,59 89,00 13.114,00 6123
819 356,85 1,79 2,59 89,00 13.130,00 6123
820 356,85 1,79 2,59 89,00 13.146,00 6123
821 356,85 1,79 2,59 89,00 13.162,00 6123
822 356,85 1,79 2,59 89,00 13.178,00 6123
823 356,85 1,79 2,59 89,00 13.194,00 6123
824 356,85 1,79 2,59 89,00 13.210,00 6123
825 356,85 1,79 2,59 89,00 13.226,00 6123
826 356,85 1,79 2,59 89,00 13.242,00 6123
827 356,85 1,79 2,59 89,00 13.258,00 6123
828 356,85 1,79 2,59 89,00 13.274,00 6123
829 356,85 1,79 2,59 89,00 13.290,00 6123
830 356,85 1,79 2,59 89,00 13.306,00 6123
831 356,85 2,38 3,44 89,00 13.322,00 6123
832 356,85 2,38 3,44 89,00 13.338,00 6123
833 356,85 2,38 3,44 89,00 13.354,00 6123
834 356,85 2,38 3,44 89,00 13.370,00 6123
835 356,85 2,38 3,44 89,00 13.386,00 6123
836 356,85 2,38 3,44 89,00 13.402,00 6123
837 356,85 2,38 3,44 89,00 13.418,00 6123
838 356,85 2,38 3,44 89,00 13.434,00 6123
839 356,85 2,36 3,41 89,00 13.450,00 6123
840 356,85 2,36 3,41 59,00 13.466,00 6123
841 356,85 2,36 3,41 59,00 13.482,00 6130
842 356,85 2,36 3,41 59,00 13.498,00 6130
843 356,85 2,36 3,41 59,00 13.514,00 6130
844 356,85 2,36 3,41 59,00 13.530,00 6130
845 356,85 2,36 3,41 59,00 13.546,00 6130
846 356,85 2,36 3,41 59,00 13.562,00 6130
847 356,85 2,36 3,41 59,00 13.578,00 6130
848 356,85 2,36 3,41 59,00 13.594,00 6130
849 356,85 2,36 3,41 59,00 13.610,00 6130
850 356,85 2,36 3,41 59,00 13.626,00 6130
851 356,85 2,36 3,41 59,00 13.642,00 6130
852 356,85 2,36 3,41 59,00 13.658,00 6130
853 356,85 2,36 3,41 59,00 13.674,00 6130
854 356,85 2,36 3,41 59,00 13.690,00 6130
855 356,85 2,36 3,41 59,00 13.706,00 6130
856 356,85 2,36 3,41 59,00 13.722,00 6130
857 356,85 2,36 3,41 59,00 13.738,00 6130
858 356,85 2,36 3,41 59,00 13.754,00 6130
859 356,85 2,36 3,41 59,00 13.770,00 6130
860 356,85 2,36 3,41 59,00 13.786,00 6130
861 356,85 2,36 3,41 59,00 13.802,00 6130
862 356,85 1,52 2,20 59,00 13.818,00 6130
863 356,85 1,52 2,20 59,00 13.834,00 6130
864 356,85 1,52 2,20 59,00 13.850,00 6130
865 356,85 1,52 2,20 59,00 13.866,00 6130
866 356,85 1,52 2,20 59,00 13.882,00 6130
867 356,85 1,52 2,20 59,00 13.898,00 6130
868 356,85 1,52 2,20 59,00 13.914,00 6130
869 356,85 1,52 2,20 59,00 13.930,00 6130
870 356,85 1,52 2,20 93,00 13.946,00 6130
871 356,85 1,52 2,20 93,00 13.962,00 6139
872 356,85 1,52 2,20 93,00 13.978,00 6142
873 356,85 1,52 2,20 93,00 13.994,00 6144
874 356,85 1,52 2,20 93,00 14.010,00 6144
875 356,85 1,52 2,20 93,00 14.026,00 6152
876 356,85 1,52 2,20 93,00 14.042,00 6155
877 356,85 1,52 2,20 93,00 14.058,00 6156
878 356,85 1,52 2,20 93,00 14.074,00 6156
879 356,85 1,52 2,20 93,00 14.090,00 6156
880 356,85 1,52 2,20 93,00 14.106,00 6156
881 356,85 1,52 2,20 93,00 14.122,00 6156
882 356,85 1,52 2,20 93,00 14.138,00 6156
883 356,85 1,52 2,20 93,00 14.154,00 6156
884 356,85 1,52 2,20 93,00 14.170,00 6156
885 356,85 1,52 2,20 93,00 14.186,00 6156
886 356,85 1,52 2,20 93,00 14.202,00 6156
887 356,85 1,52 2,20 93,00 14.218,00 6156
888 356,85 1,52 2,20 93,00 14.234,00 6156
889 356,85 1,52 2,20 93,00 14.250,00 6156
890 356,85 1,52 2,20 93,00 14.266,00 6156
891 356,85 1,52 2,20 93,00 14.282,00 6156
892 356,85 1,52 2,20 93,00 14.298,00 6156
893 356,85 1,52 2,20 93,00 14.314,00 6156
894 356,85 1,52 2,20 93,00 14.330,00 6156
895 356,85 1,52 2,20 93,00 14.346,00 6156
896 356,85 1,52 2,20 93,00 14.362,00 6156
897 356,85 1,52 2,20 93,00 14.378,00 6156
898 356,85 1,52 2,20 93,00 14.394,00 6156
899 356,85 1,52 2,20 93,00 14.410,00 6156
900 356,85 1,52 2,20 105,00 14.426,00 6156
901 356,85 2,59 3,75 105,00 14.442,00 6161
902 356,85 2,59 3,75 105,00 14.458,00 6162
903 356,85 2,59 3,75 105,00 14.474,00 6163
904 356,85 2,59 3,75 105,00 14.490,00 6163
905 356,85 2,59 3,75 105,00 14.506,00 6164
906 356,85 2,59 3,75 105,00 14.522,00 6165
907 356,85 2,59 3,75 105,00 14.538,00 6165
908 356,85 2,59 3,75 105,00 14.554,00 6165
909 356,85 2,59 3,75 105,00 14.570,00 6165
910 356,85 2,59 3,75 105,00 14.586,00 6165
911 356,85 2,59 3,75 105,00 14.602,00 6165
912 356,85 2,59 3,75 105,00 14.618,00 6165
913 356,85 2,59 3,75 105,00 14.634,00 6165
914 356,85 2,59 3,75 105,00 14.650,00 6165
915 356,85 2,59 3,75 105,00 14.666,00 6165
916 356,85 2,59 3,75 105,00 14.682,00 6165
917 356,85 2,59 3,75 105,00 14.698,00 6165
918 356,85 2,55 3,68 105,00 14.714,00 6165
919 356,85 2,54 3,67 105,00 14.730,00 6165
920 356,85 2,54 3,67 105,00 14.746,00 6165
921 356,85 2,54 3,67 105,00 14.762,00 6165
922 356,85 2,54 3,67 105,00 14.778,00 6165
923 356,85 2,54 3,67 105,00 14.794,00 6165
924 356,85 2,54 3,67 105,00 14.810,00 6165
925 356,85 2,54 3,67 105,00 14.826,00 6165
926 356,85 2,54 3,67 105,00 14.842,00 6165
927 356,85 2,54 3,67 105,00 14.858,00 6165
928 356,85 2,54 3,67 105,00 14.874,00 6165
929 356,85 2,54 3,67 105,00 14.890,00 6165
930 356,85 2,54 3,67 43,00 14.906,00 6165
931 356,85 2,54 3,67 43,00 14.922,00 6173
932 356,85 2,54 3,67 43,00 14.938,00 6176
933 356,85 2,54 3,67 43,00 14.954,00 6176
934 356,85 1,03 1,48 43,00 14.970,00 6176
935 356,85 1,03 1,48 43,00 14.986,00 6176
936 356,85 1,03 1,48 43,00 15.002,00 6177
937 356,85 1,03 1,48 43,00 15.018,00 6177
938 356,85 1,03 1,48 43,00 15.034,00 6177
939 356,85 1,03 1,48 43,00 15.050,00 6177
940 356,85 1,03 1,48 43,00 15.066,00 6177
941 356,85 1,03 1,48 43,00 15.082,00 6177
942 356,85 1,03 1,48 43,00 15.098,00 6177
943 356,85 1,03 1,48 43,00 15.114,00 6177
944 356,85 1,03 1,48 43,00 15.130,00 6177
945 356,85 1,03 1,48 43,00 15.146,00 6177
946 356,85 1,03 1,48 43,00 15.162,00 6177
947 356,85 1,03 1,48 43,00 15.178,00 6177
948 356,85 1,03 1,48 43,00 15.194,00 6177
949 356,85 1,03 1,48 43,00 15.210,00 6177
950 356,85 1,03 1,48 43,00 15.226,00 6177
951 356,85 1,01 1,45 43,00 15.242,00 6177
952 356,85 1,01 1,45 43,00 15.258,00 6177
953 356,85 1,01 1,45 43,00 15.274,00 6177
954 356,85 1,01 1,45 43,00 15.290,00 6177
955 356,85 1,01 1,45 43,00 15.306,00 6177
956 356,85 1,01 1,45 43,00 15.322,00 6177
957 356,85 1,00 1,44 43,00 15.338,00 6177
958 356,85 1,00 1,44 43,00 15.354,00 6177
959 356,85 1,00 1,44 43,00 15.370,00 6177
960 356,85 1,00 1,44 95,00 15.386,00 6177
961 356,85 1,00 1,44 95,00 15.402,00 6179
962 356,85 1,00 1,44 95,00 15.418,00 6180
963 356,85 1,00 1,44 95,00 15.434,00 6180
964 356,85 1,00 1,44 95,00 15.450,00 6180
965 356,85 1,00 1,44 95,00 15.466,00 6181
966 356,85 1,00 1,44 95,00 15.482,00 6181
967 356,85 1,00 1,44 95,00 15.498,00 6181
968 356,85 1,00 1,44 95,00 15.514,00 6181
969 356,85 1,00 1,44 95,00 15.530,00 6181
970 356,85 1,00 1,44 95,00 15.546,00 6181
971 356,85 1,00 1,44 95,00 15.562,00 6181
972 356,85 1,00 1,44 95,00 15.578,00 6181
973 356,85 1,00 1,44 95,00 15.594,00 6181
974 356,85 1,00 1,44 95,00 15.610,00 6181
975 356,85 1,00 1,44 95,00 15.626,00 6181
976 356,85 1,00 1,44 95,00 15.642,00 6181
977 356,85 1,00 1,44 95,00 15.658,00 6181
978 356,85 1,00 1,44 95,00 15.674,00 6181
979 356,85 1,00 1,44 95,00 15.690,00 6181
980 356,85 1,00 1,44 95,00 15.706,00 6181
981 356,85 1,00 1,44 95,00 15.722,00 6181
982 356,85 1,00 1,44 95,00 15.738,00 6181
983 356,85 1,00 1,44 95,00 15.754,00 6181
984 356,85 1,00 1,44 95,00 15.770,00 6181
985 356,85 2,15 3,10 95,00 15.786,00 6181
986 356,85 2,15 3,10 95,00 15.802,00 6181
987 356,85 2,15 3,10 95,00 15.818,00 6181
988 356,85 2,15 3,10 95,00 15.834,00 6181
989 356,85 2,15 3,10 95,00 15.850,00 6181
990 356,85 2,15 3,10 53,00 15.866,00 6181
991 356,85 2,15 3,10 53,00 15.882,00 6187
992 356,85 1,19 1,72 53,00 15.898,00 6189
993 356,85 1,19 1,72 53,00 15.914,00 6189
994 356,85 1,19 1,72 53,00 15.930,00 6189
995 356,85 1,19 1,71 53,00 15.946,00 6189
996 356,85 1,19 1,71 53,00 15.962,00 6189
997 356,85 1,19 1,71 53,00 15.978,00 6189
998 356,85 1,19 1,71 53,00 15.994,00 6189
999 356,85 1,19 1,71 53,00 16.010,00 6189
