500
0 272,71 272,71 272,71 1,00 14,00
1 272,71 0,00 0,00 1,00 6,00
2 272,71 2.454,41 2.625,70 99,00 10,00
3 272,71 0,00 0,00 1,00 15,00
4 272,71 1.363,56 1.223,52 99,00 19,00
5 272,71 0,00 0,00 1,00 24,00
6 272,71 818,14 779,35 99,00 28,00
7 272,71 0,00 0,00 1,00 33,00
8 272,71 545,42 488,85 99,00 37,00
9 272,71 0,00 0,00 1,00 42,00
10 272,71 545,42 500,47 99,00 46,00
11 272,71 0,00 0,00 1,00 51,00
12 272,71 272,71 246,57 99,00 55,00
13 272,71 0,00 0,00 1,00 60,00
14 272,71 272,71 248,01 99,00 64,00
15 272,71 0,00 0,00 1,00 69,00
16 272,71 272,71 247,09 99,00 73,00
17 272,71 0,00 0,00 1,00 78,00
18 272,71 272,71 245,67 99,00 82,00
19 272,71 0,00 0,00 1,00 87,00
20 272,71 272,71 245,75 99,00 91,00
21 272,71 0,00 0,00 1,00 96,00
22 272,71 0,00 0,00 99,00 100,00
23 272,71 272,71 244,31 197,00 104,00
24 272,71 0,00 0,00 97,00 109,00
25 272,71 272,71 243,87 195,00 113,00
26 272,71 0,00 0,00 96,00 118,00
27 272,71 272,71 243,35 194,00 122,00
28 272,71 0,00 0,00 94,00 127,00
29 272,71 272,71 242,91 192,00 131,00
30 272,71 0,00 0,00 93,00 136,00
31 272,71 272,71 242,36 191,00 140,00
32 272,71 0,00 0,00 91,00 145,00
33 272,71 272,71 241,95 189,00 149,00
34 272,71 0,00 0,00 89,00 154,00
35 272,71 272,71 241,45 187,00 158,00
36 272,71 0,00 0,00 87,00 163,00
37 272,71 272,71 241,01 185,00 167,00
38 272,71 0,00 0,00 85,00 172,00
39 272,71 272,71 240,49 183,00 176,00
40 272,71 0,00 0,00 83,00 181,00
41 272,71 0,00 0,00 181,00 185,00
42 272,71 272,71 239,74 279,00 189,00
43 272,71 0,00 0,00 179,00 194,00
44 272,71 272,71 239,24 277,00 198,00
45 272,71 0,00 0,00 177,00 203,00
46 272,71 272,71 238,72 275,00 207,00
47 272,71 0,00 0,00 176,00 212,00
48 272,71 272,71 238,18 274,00 216,00
49 272,71 0,00 0,00 174,00 221,00
50 272,71 272,71 237,66 272,00 225,00
51 272,71 0,00 0,00 172,00 230,00
52 272,71 272,71 237,15 270,00 234,00
53 272,71 0,00 0,00 170,00 239,00
54 272,71 272,71 236,64 268,00 243,00
55 272,71 0,00 0,00 168,00 248,00
56 272,71 272,71 236,12 266,00 252,00
57 272,71 0,00 0,00 166,00 257,00
58 272,71 272,71 235,62 264,00 261,00
59 272,71 0,00 0,00 164,00 266,00
60 272,71 0,00 0,00 262,00 267,00
61 272,71 272,71 234,87 360,00 271,00
62 272,71 0,00 0,00 260,00 276,00
63 272,71 272,71 234,35 358,00 280,00
64 272,71 0,00 0,00 259,00 285,00
65 272,71 272,71 233,81 357,00 289,00
66 272,71 0,00 0,00 257,00 294,00
67 272,71 272,71 233,30 355,00 298,00
68 272,71 0,00 0,00 255,00 303,00
69 272,71 272,71 232,82 353,00 307,00
70 272,71 0,00 0,00 253,00 312,00
71 272,71 272,71 232,32 351,00 316,00
72 272,71 0,00 0,00 251,00 321,00
73 272,71 272,71 231,80 349,00 325,00
74 272,71 0,00 0,00 249,00 330,00
75 272,71 272,71 231,29 347,00 334,00
76 272,71 0,00 0,00 247,00 339,00
77 272,71 272,71 230,81 345,00 343,00
78 272,71 0,00 0,00 245,00 348,00
79 272,71 0,00 0,00 343,00 348,00
80 272,71 272,71 230,10 441,00 352,00
81 272,71 0,00 0,00 341,00 357,00
82 272,71 272,71 229,65 439,00 361,00
83 272,71 0,00 0,00 339,00 366,00
84 272,71 272,71 229,18 437,00 370,00
85 272,71 0,00 0,00 338,00 375,00
86 272,71 272,71 228,73 436,00 379,00
87 272,71 0,00 0,00 336,00 384,00
88 272,71 272,71 228,27 434,00 388,00
89 272,71 0,00 0,00 334,00 393,00
90 272,71 272,71 227,80 432,00 397,00
91 272,71 0,00 0,00 332,00 402,00
92 272,71 272,71 227,34 430,00 406,00
93 272,71 0,00 0,00 331,00 411,00
94 272,71 272,71 226,91 429,00 415,00
95 272,71 0,00 0,00 329,00 420,00
96 272,71 272,71 226,49 427,00 424,00
97 272,71 0,00 0,00 327,00 429,00
98 272,71 0,00 0,00 425,00 430,00
99 272,71 272,71 225,81 523,00 434,00
100 272,71 0,00 0,00 423,00 439,00
101 272,71 272,71 225,37 521,00 443,00
102 272,71 0,00 0,00 421,00 448,00
103 272,71 272,71 224,95 519,00 452,00
104 272,71 0,00 0,00 419,00 457,00
105 272,71 272,71 224,54 517,00 461,00
106 272,71 0,00 0,00 417,00 466,00
107 272,71 272,71 224,15 515,00 470,00
108 272,71 0,00 0,00 415,00 475,00
109 272,71 272,71 223,70 513,00 479,00
110 272,71 0,00 0,00 413,00 484,00
111 272,71 272,71 223,30 511,00 488,00
112 272,71 0,00 0,00 411,00 493,00
113 272,71 272,71 222,89 509,00 497,00
114 272,71 0,00 0,00 409,00 502,00
115 272,71 272,71 222,48 507,00 506,00
116 272,71 0,00 0,00 407,00 511,00
117 272,71 0,00 0,00 505,00 510,00
118 272,71 272,71 221,86 603,00 514,00
119 272,71 0,00 0,00 503,00 519,00
120 272,71 272,71 221,46 601,00 523,00
121 272,71 0,00 0,00 501,00 528,00
122 272,71 272,71 221,06 599,00 532,00
123 272,71 0,00 0,00 500,00 537,00
124 272,71 272,71 220,66 598,00 541,00
125 272,71 0,00 0,00 498,00 546,00
126 272,71 272,71 220,28 596,00 550,00
127 272,71 0,00 0,00 496,00 555,00
128 272,71 272,71 219,94 594,00 559,00
129 272,71 0,00 0,00 494,00 564,00
130 272,71 272,71 219,60 592,00 568,00
131 272,71 0,00 0,00 492,00 573,00
132 272,71 272,71 219,26 590,00 577,00
133 272,71 0,00 0,00 491,00 582,00
134 272,71 272,71 218,92 589,00 586,00
135 272,71 0,00 0,00 489,00 591,00
136 272,71 0,00 0,00 587,00 592,00
137 272,71 272,71 218,43 685,00 596,00
138 272,71 0,00 0,00 585,00 601,00
139 272,71 272,71 218,11 683,00 605,00
140 272,71 0,00 0,00 583,00 610,00
141 272,71 272,71 217,80 681,00 614,00
142 272,71 0,00 0,00 582,00 619,00
143 272,71 272,71 217,49 680,00 623,00
144 272,71 0,00 0,00 580,00 628,00
145 272,71 272,71 217,18 678,00 632,00
146 272,71 0,00 0,00 578,00 637,00
147 272,71 272,71 216,88 676,00 641,00
148 272,71 0,00 0,00 576,00 646,00
149 272,71 272,71 216,60 674,00 650,00
150 272,71 0,00 0,00 574,00 655,00
151 272,71 272,71 216,33 672,00 659,00
152 272,71 0,00 0,00 572,00 664,00
153 272,71 272,71 216,04 670,00 668,00
154 272,71 0,00 0,00 570,00 673,00
155 272,71 0,00 0,00 668,00 673,00
156 272,71 272,71 215,62 766,00 677,00
157 272,71 0,00 0,00 666,00 682,00
158 272,71 272,71 215,33 764,00 686,00
159 272,71 0,00 0,00 664,00 691,00
160 272,71 272,71 215,05 762,00 695,00
161 272,71 0,00 0,00 662,00 700,00
162 272,71 272,71 214,79 760,00 704,00
163 272,71 0,00 0,00 660,00 709,00
164 272,71 272,71 214,54 758,00 713,00
165 272,71 0,00 0,00 658,00 718,00
166 272,71 272,71 214,28 756,00 722,00
167 272,71 0,00 0,00 656,00 727,00
168 272,71 272,71 214,02 754,00 731,00
169 272,71 0,00 0,00 654,00 736,00
170 272,71 272,71 213,77 752,00 740,00
171 272,71 0,00 0,00 652,00 745,00
172 272,71 272,71 213,53 750,00 749,00
173 272,71 0,00 0,00 651,00 754,00
174 272,71 0,00 0,00 749,00 754,00
175 272,71 272,71 213,16 847,00 758,00
176 272,71 0,00 0,00 748,00 763,00
177 272,71 272,71 212,94 846,00 767,00
178 272,71 0,00 0,00 746,00 772,00
179 272,71 272,71 212,73 844,00 776,00
180 272,71 0,00 0,00 744,00 781,00
181 272,71 272,71 212,51 842,00 785,00
182 272,71 0,00 0,00 743,00 790,00
183 272,71 272,71 212,30 841,00 794,00
184 272,71 0,00 0,00 741,00 799,00
185 272,71 272,71 212,11 839,00 803,00
186 272,71 0,00 0,00 739,00 808,00
187 272,71 272,71 211,92 837,00 812,00
188 272,71 0,00 0,00 737,00 817,00
189 272,71 272,71 211,72 835,00 821,00
190 272,71 0,00 0,00 735,00 826,00
191 272,71 272,71 211,54 833,00 830,00
192 272,71 0,00 0,00 733,00 835,00
193 272,71 0,00 0,00 831,00 836,00
194 272,71 272,71 211,26 929,00 840,00
195 272,71 0,00 0,00 829,00 845,00
196 272,71 272,71 211,08 927,00 849,00
197 272,71 0,00 0,00 828,00 854,00
198 272,71 272,71 210,92 926,00 858,00
199 272,71 0,00 0,00 826,00 863,00
200 272,71 272,71 210,75 924,00 867,00
201 272,71 0,00 0,00 824,00 872,00
202 272,71 272,71 210,59 922,00 876,00
203 272,71 0,00 0,00 822,00 881,00
204 272,71 272,71 210,43 920,00 885,00
205 272,71 0,00 0,00 820,00 890,00
206 272,71 272,71 210,25 918,00 894,00
207 272,71 0,00 0,00 818,00 899,00
208 272,71 272,71 210,09 916,00 903,00
209 272,71 0,00 0,00 816,00 908,00
210 272,71 272,71 209,93 914,00 912,00
211 272,71 0,00 0,00 814,00 917,00
212 272,71 0,00 0,00 912,00 917,00
213 272,71 272,71 209,71 1.010,00 921,00
214 272,71 0,00 0,00 910,00 926,00
215 272,71 272,71 209,57 1.008,00 930,00
216 272,71 0,00 0,00 908,00 935,00
217 272,71 272,71 209,41 1.006,00 939,00
218 272,71 0,00 0,00 906,00 944,00
219 272,71 272,71 209,27 1.004,00 948,00
220 272,71 0,00 0,00 904,00 953,00
221 272,71 272,71 209,14 1.002,00 957,00
222 272,71 0,00 0,00 902,00 962,00
223 272,71 272,71 209,01 1.000,00 966,00
224 272,71 0,00 0,00 900,00 971,00
225 272,71 272,71 208,88 998,00 975,00
226 272,71 0,00 0,00 898,00 980,00
227 272,71 272,71 208,74 996,00 984,00
228 272,71 0,00 0,00 896,00 989,00
229 272,71 272,71 208,62 994,00 993,00
230 272,71 0,00 0,00 895,00 998,00
231 272,71 0,00 0,00 993,00 998,00
232 272,71 272,71 208,44 1.091,00 1.002,00
233 272,71 0,00 0,00 991,00 1.007,00
234 272,71 272,71 208,33 1.089,00 1.011,00
235 272,71 0,00 0,00 989,00 1.016,00
236 272,71 272,71 208,23 1.087,00 1.020,00
237 272,71 0,00 0,00 987,00 1.025,00
238 272,71 272,71 208,12 1.085,00 1.029,00
239 272,71 0,00 0,00 985,00 1.034,00
240 272,71 272,71 208,02 1.083,00 1.038,00
241 272,71 0,00 0,00 983,00 1.043,00
242 272,71 272,71 207,91 1.081,00 1.047,00
243 272,71 0,00 0,00 981,00 1.052,00
244 272,71 272,71 207,81 1.079,00 1.056,00
245 272,71 0,00 0,00 979,00 1.061,00
246 272,71 272,71 207,72 1.077,00 1.065,00
247 272,71 0,00 0,00 977,00 1.070,00
248 272,71 272,71 207,63 1.075,00 1.074,00
249 272,71 0,00 0,00 975,00 1.079,00
250 272,71 0,00 0,00 1.073,00 1.078,00
251 272,71 272,71 207,50 1.171,00 1.082,00
252 272,71 0,00 0,00 1.071,00 1.087,00
253 272,71 272,71 207,41 1.169,00 1.091,00
254 272,71 0,00 0,00 1.069,00 1.096,00
255 272,71 272,71 207,33 1.167,00 1.100,00
256 272,71 0,00 0,00 1.067,00 1.105,00
257 272,71 272,71 207,25 1.165,00 1.109,00
258 272,71 0,00 0,00 1.066,00 1.114,00
259 272,71 272,71 207,16 1.164,00 1.118,00
260 272,71 0,00 0,00 1.064,00 1.123,00
261 272,71 272,71 207,07 1.162,00 1.127,00
262 272,71 0,00 0,00 1.063,00 1.132,00
263 272,71 272,71 206,99 1.161,00 1.136,00
264 272,71 0,00 0,00 1.061,00 1.141,00
265 272,71 272,71 206,91 1.159,00 1.145,00
266 272,71 0,00 0,00 1.059,00 1.150,00
267 272,71 272,71 206,84 1.157,00 1.154,00
268 272,71 0,00 0,00 1.057,00 1.159,00
269 272,71 0,00 0,00 1.155,00 1.160,00
270 272,71 272,71 206,74 1.253,00 1.164,00
271 272,71 0,00 0,00 1.153,00 1.169,00
272 272,71 272,71 206,66 1.251,00 1.173,00
273 272,71 0,00 0,00 1.151,00 1.178,00
274 272,71 272,71 206,58 1.249,00 1.182,00
275 272,71 0,00 0,00 1.149,00 1.187,00
276 272,71 272,71 206,51 1.247,00 1.191,00
277 272,71 0,00 0,00 1.148,00 1.196,00
278 272,71 272,71 206,44 1.246,00 1.200,00
279 272,71 0,00 0,00 1.146,00 1.205,00
280 272,71 272,71 206,37 1.244,00 1.209,00
281 272,71 0,00 0,00 1.144,00 1.214,00
282 272,71 272,71 206,30 1.242,00 1.218,00
283 272,71 0,00 0,00 1.142,00 1.223,00
284 272,71 272,71 206,25 1.240,00 1.227,00
285 272,71 0,00 0,00 1.140,00 1.232,00
286 272,71 272,71 206,19 1.238,00 1.236,00
287 272,71 0,00 0,00 1.138,00 1.241,00
288 272,71 0,00 0,00 1.236,00 1.241,00
289 272,71 272,71 206,10 1.334,00 1.245,00
290 272,71 0,00 0,00 1.234,00 1.250,00
291 272,71 272,71 206,06 1.332,00 1.254,00
292 272,71 0,00 0,00 1.232,00 1.259,00
293 272,71 272,71 206,01 1.330,00 1.263,00
294 272,71 0,00 0,00 1.231,00 1.268,00
295 272,71 272,71 205,96 1.329,00 1.272,00
296 272,71 0,00 0,00 1.229,00 1.277,00
297 272,71 272,71 205,91 1.327,00 1.281,00
298 272,71 0,00 0,00 1.227,00 1.286,00
299 272,71 272,71 205,87 1.325,00 1.290,00
300 272,71 0,00 0,00 1.225,00 1.295,00
301 272,71 272,71 205,83 1.323,00 1.299,00
302 272,71 0,00 0,00 1.223,00 1.304,00
303 272,71 272,71 205,79 1.321,00 1.308,00
304 272,71 0,00 0,00 1.221,00 1.313,00
305 272,71 272,71 205,76 1.319,00 1.317,00
306 272,71 0,00 0,00 1.219,00 1.322,00
307 272,71 0,00 0,00 1.317,00 1.322,00
308 272,71 272,71 205,70 1.415,00 1.326,00
309 272,71 0,00 0,00 1.315,00 1.331,00
310 272,71 272,71 205,66 1.413,00 1.335,00
311 272,71 0,00 0,00 1.313,00 1.340,00
312 272,71 272,71 205,62 1.411,00 1.344,00
313 272,71 0,00 0,00 1.312,00 1.349,00
314 272,71 272,71 205,58 1.410,00 1.353,00
315 272,71 0,00 0,00 1.310,00 1.358,00
316 272,71 272,71 205,55 1.408,00 1.362,00
317 272,71 0,00 0,00 1.309,00 1.367,00
318 272,71 272,71 205,51 1.407,00 1.371,00
319 272,71 0,00 0,00 1.307,00 1.376,00
320 272,71 272,71 205,48 1.405,00 1.380,00
321 272,71 0,00 0,00 1.306,00 1.385,00
322 272,71 272,71 205,45 1.404,00 1.389,00
323 272,71 0,00 0,00 1.304,00 1.394,00
324 272,71 272,71 205,42 1.402,00 1.398,00
325 272,71 0,00 0,00 1.302,00 1.403,00
326 272,71 0,00 0,00 1.400,00 1.405,00
327 272,71 272,71 205,37 1.498,00 1.409,00
328 272,71 0,00 0,00 1.398,00 1.414,00
329 272,71 272,71 205,33 1.496,00 1.418,00
330 272,71 0,00 0,00 1.396,00 1.423,00
331 272,71 272,71 205,30 1.494,00 1.427,00
332 272,71 0,00 0,00 1.394,00 1.432,00
333 272,71 272,71 205,27 1.492,00 1.436,00
334 272,71 0,00 0,00 1.392,00 1.441,00
335 272,71 272,71 205,25 1.490,00 1.445,00
336 272,71 0,00 0,00 1.390,00 1.450,00
337 272,71 272,71 205,22 1.488,00 1.454,00
338 272,71 0,00 0,00 1.389,00 1.459,00
339 272,71 272,71 205,20 1.487,00 1.463,00
340 272,71 0,00 0,00 1.388,00 1.468,00
341 272,71 272,71 205,18 1.486,00 1.472,00
342 272,71 0,00 0,00 1.386,00 1.477,00
343 272,71 272,71 205,15 1.484,00 1.481,00
344 272,71 0,00 0,00 1.385,00 1.486,00
345 272,71 0,00 0,00 1.483,00 1.488,00
346 272,71 272,71 205,13 1.581,00 1.492,00
347 272,71 0,00 0,00 1.481,00 1.497,00
348 272,71 272,71 205,11 1.579,00 1.501,00
349 272,71 0,00 0,00 1.479,00 1.506,00
350 272,71 272,71 205,10 1.577,00 1.510,00
351 272,71 0,00 0,00 1.477,00 1.515,00
352 272,71 272,71 205,08 1.575,00 1.519,00
353 272,71 0,00 0,00 1.475,00 1.524,00
354 272,71 272,71 205,06 1.573,00 1.528,00
355 272,71 0,00 0,00 1.473,00 1.533,00
356 272,71 272,71 205,06 1.571,00 1.537,00
357 272,71 0,00 0,00 1.471,00 1.542,00
358 272,71 272,71 205,04 1.569,00 1.546,00
359 272,71 0,00 0,00 1.469,00 1.551,00
360 272,71 272,71 205,02 1.567,00 1.555,00
361 272,71 0,00 0,00 1.467,00 1.560,00
362 272,71 272,71 205,00 1.565,00 1.564,00
363 272,71 0,00 0,00 1.465,00 1.569,00
364 272,71 0,00 0,00 1.563,00 1.568,00
365 272,71 272,71 204,98 1.661,00 1.572,00
366 272,71 0,00 0,00 1.561,00 1.577,00
367 272,71 272,71 204,96 1.659,00 1.581,00
368 272,71 0,00 0,00 1.559,00 1.586,00
369 272,71 272,71 204,95 1.657,00 1.590,00
370 272,71 0,00 0,00 1.557,00 1.595,00
371 272,71 272,71 204,94 1.655,00 1.599,00
372 272,71 0,00 0,00 1.555,00 1.604,00
373 272,71 272,71 204,93 1.653,00 1.608,00
374 272,71 0,00 0,00 1.553,00 1.613,00
375 272,71 272,71 204,92 1.651,00 1.617,00
376 272,71 0,00 0,00 1.551,00 1.622,00
377 272,71 272,71 204,91 1.649,00 1.626,00
378 272,71 0,00 0,00 1.549,00 1.631,00
379 272,71 272,71 204,89 1.647,00 1.635,00
380 272,71 0,00 0,00 1.547,00 1.640,00
381 272,71 272,71 204,88 1.645,00 1.644,00
382 272,71 0,00 0,00 1.546,00 1.649,00
383 272,71 0,00 0,00 1.644,00 1.649,00
384 272,71 272,71 204,87 1.742,00 1.653,00
385 272,71 0,00 0,00 1.642,00 1.658,00
386 272,71 272,71 204,86 1.740,00 1.662,00
387 272,71 0,00 0,00 1.640,00 1.667,00
388 272,71 272,71 204,85 1.738,00 1.671,00
389 272,71 0,00 0,00 1.639,00 1.676,00
390 272,71 272,71 204,85 1.737,00 1.680,00
391 272,71 0,00 0,00 1.637,00 1.685,00
392 272,71 272,71 204,84 1.735,00 1.689,00
393 272,71 0,00 0,00 1.635,00 1.694,00
394 272,71 272,71 204,84 1.733,00 1.698,00
395 272,71 0,00 0,00 1.633,00 1.703,00
396 272,71 272,71 204,83 1.731,00 1.707,00
397 272,71 0,00 0,00 1.631,00 1.712,00
398 272,71 272,71 204,82 1.729,00 1.716,00
399 272,71 0,00 0,00 1.630,00 1.721,00
400 272,71 272,71 204,82 1.728,00 1.725,00
401 272,71 0,00 0,00 1.629,00 1.730,00
402 272,71 0,00 0,00 1.727,00 1.732,00
403 272,71 272,71 204,83 1.825,00 1.736,00
404 272,71 0,00 0,00 1.725,00 1.741,00
405 272,71 272,71 204,83 1.823,00 1.745,00
406 272,71 0,00 0,00 1.723,00 1.750,00
407 272,71 272,71 204,83 1.821,00 1.754,00
408 272,71 0,00 0,00 1.721,00 1.759,00
409 272,71 272,71 204,82 1.819,00 1.763,00
410 272,71 0,00 0,00 1.719,00 1.768,00
411 272,71 272,71 204,82 1.817,00 1.772,00
412 272,71 0,00 0,00 1.717,00 1.777,00
413 272,71 272,71 204,82 1.815,00 1.781,00
414 272,71 0,00 0,00 1.715,00 1.786,00
415 272,71 272,71 204,82 1.813,00 1.790,00
416 272,71 0,00 0,00 1.713,00 1.795,00
417 272,71 272,71 204,83 1.811,00 1.799,00
418 272,71 0,00 0,00 1.711,00 1.804,00
419 272,71 272,71 204,83 1.809,00 1.808,00
420 272,71 0,00 0,00 1.709,00 1.813,00
421 272,71 0,00 0,00 1.807,00 1.812,00
422 272,71 272,71 204,83 1.905,00 1.816,00
423 272,71 0,00 0,00 1.805,00 1.821,00
424 272,71 272,71 204,84 1.903,00 1.825,00
425 272,71 0,00 0,00 1.803,00 1.830,00
426 272,71 272,71 204,84 1.901,00 1.834,00
427 272,71 0,00 0,00 1.802,00 1.839,00
428 272,71 272,71 204,84 1.900,00 1.843,00
429 272,71 0,00 0,00 1.800,00 1.848,00
430 272,71 272,71 204,84 1.898,00 1.852,00
431 272,71 0,00 0,00 1.798,00 1.857,00
432 272,71 272,71 204,84 1.896,00 1.861,00
433 272,71 0,00 0,00 1.796,00 1.866,00
434 272,71 272,71 204,84 1.894,00 1.870,00
435 272,71 0,00 0,00 1.794,00 1.875,00
436 272,71 272,71 204,84 1.892,00 1.879,00
437 272,71 0,00 0,00 1.792,00 1.884,00
438 272,71 272,71 204,84 1.890,00 1.888,00
439 272,71 0,00 0,00 1.790,00 1.893,00
440 272,71 0,00 0,00 1.888,00 1.893,00
441 272,71 272,71 204,85 1.986,00 1.897,00
442 272,71 0,00 0,00 1.886,00 1.902,00
443 272,71 272,71 204,85 1.984,00 1.906,00
444 272,71 0,00 0,00 1.884,00 1.911,00
445 272,71 272,71 204,85 1.982,00 1.915,00
446 272,71 0,00 0,00 1.882,00 1.920,00
447 272,71 272,71 204,85 1.980,00 1.924,00
448 272,71 0,00 0,00 1.881,00 1.929,00
449 272,71 272,71 204,85 1.979,00 1.933,00
450 272,71 0,00 0,00 1.879,00 1.938,00
451 272,71 272,71 204,86 1.977,00 1.942,00
452 272,71 0,00 0,00 1.878,00 1.947,00
453 272,71 272,71 204,86 1.976,00 1.951,00
454 272,71 0,00 0,00 1.876,00 1.956,00
455 272,71 272,71 204,87 1.974,00 1.960,00
456 272,71 0,00 0,00 1.874,00 1.965,00
457 272,71 272,71 204,88 1.972,00 1.969,00
458 272,71 0,00 0,00 1.872,00 1.974,00
459 272,71 0,00 0,00 1.970,00 1.975,00
460 272,71 272,71 204,89 2.068,00 1.979,00
461 272,71 0,00 0,00 1.968,00 1.984,00
462 272,71 272,71 204,89 2.066,00 1.988,00
463 272,71 0,00 0,00 1.966,00 1.993,00
464 272,71 272,71 204,90 2.064,00 1.997,00
465 272,71 0,00 0,00 1.964,00 2.002,00
466 272,71 272,71 204,91 2.062,00 2.006,00
467 272,71 0,00 0,00 1.962,00 2.011,00
468 272,71 272,71 204,91 2.060,00 2.015,00
469 272,71 0,00 0,00 1.960,00 2.020,00
470 272,71 272,71 204,92 2.058,00 2.024,00
471 272,71 0,00 0,00 1.958,00 2.029,00
472 272,71 272,71 204,93 2.056,00 2.033,00
473 272,71 0,00 0,00 1.956,00 2.038,00
474 272,71 272,71 204,93 2.054,00 2.042,00
475 272,71 0,00 0,00 1.954,00 2.047,00
476 272,71 272,71 204,94 2.052,00 2.051,00
477 272,71 0,00 0,00 1.952,00 2.056,00
478 272,71 0,00 0,00 2.050,00 2.055,00
479 272,71 272,71 204,95 2.148,00 2.059,00
480 272,71 0,00 0,00 2.048,00 2.064,00
481 272,71 272,71 204,95 2.146,00 2.068,00
482 272,71 0,00 0,00 2.046,00 2.073,00
483 272,71 272,71 204,95 2.144,00 2.077,00
484 272,71 0,00 0,00 2.044,00 2.082,00
485 272,71 272,71 204,96 2.142,00 2.086,00
486 272,71 0,00 0,00 2.042,00 2.091,00
487 272,71 272,71 204,97 2.140,00 2.095,00
488 272,71 0,00 0,00 2.040,00 2.100,00
489 272,71 272,71 204,97 2.138,00 2.104,00
490 272,71 0,00 0,00 2.038,00 2.109,00
491 272,71 272,71 204,98 2.136,00 2.113,00
492 272,71 0,00 0,00 2.037,00 2.118,00
493 272,71 272,71 204,99 2.135,00 2.122,00
494 272,71 0,00 0,00 2.035,00 2.127,00
495 272,71 272,71 205,00 2.133,00 2.131,00
496 272,71 0,00 0,00 2.033,00 2.136,00
497 272,71 0,00 0,00 2.131,00 2.136,00
498 272,71 272,71 205,01 2.229,00 2.140,00
499 272,71 0,00 0,00 2.129,00 2.145,00
