500
0 35,29 35,29 35,29 1,00 10,00
1 35,29 0,00 0,00 1,00 20,00
2 35,29 70,58 74,26 99,00 38,00
3 35,29 0,00 0,00 1,00 57,00
4 35,29 35,29 28,09 99,00 75,00
5 35,29 0,00 0,00 1,00 94,00
6 35,29 0,00 0,00 99,00 112,00
7 35,29 35,29 26,56 197,00 126,00
8 35,29 0,00 0,00 97,00 145,00
9 35,29 35,29 27,68 195,00 163,00
10 35,29 0,00 0,00 95,00 182,00
11 35,29 0,00 0,00 193,00 200,00
12 35,29 35,29 29,54 291,00 218,00
13 35,29 0,00 0,00 191,00 237,00
14 35,29 35,29 29,79 289,00 255,00
15 35,29 0,00 0,00 189,00 274,00
16 35,29 0,00 0,00 287,00 292,00
17 35,29 35,29 29,09 385,00 310,00
18 35,29 0,00 0,00 285,00 329,00
19 35,29 35,29 28,94 383,00 347,00
20 35,29 0,00 0,00 283,00 366,00
21 35,29 0,00 0,00 381,00 384,00
22 35,29 35,29 28,83 479,00 402,00
23 35,29 0,00 0,00 379,00 421,00
24 35,29 35,29 28,83 477,00 439,00
25 35,29 0,00 0,00 377,00 458,00
26 35,29 0,00 0,00 475,00 476,00
27 35,29 35,29 28,91 573,00 494,00
28 35,29 0,00 0,00 473,00 513,00
29 35,29 35,29 28,91 571,00 531,00
30 35,29 0,00 0,00 471,00 550,00
31 35,29 35,29 28,99 569,00 568,00
32 35,29 0,00 0,00 469,00 587,00
33 35,29 0,00 0,00 567,00 586,00
34 35,29 35,29 29,00 665,00 604,00
35 35,29 0,00 0,00 565,00 623,00
36 35,29 35,29 29,03 663,00 641,00
37 35,29 0,00 0,00 563,00 660,00
38 35,29 0,00 0,00 661,00 678,00
39 35,29 35,29 29,11 759,00 696,00
40 35,29 0,00 0,00 659,00 715,00
41 35,29 35,29 29,17 757,00 733,00
42 35,29 0,00 0,00 657,00 752,00
43 35,29 0,00 0,00 755,00 770,00
44 35,29 35,29 29,27 853,00 788,00
45 35,29 0,00 0,00 753,00 807,00
46 35,29 35,29 29,33 851,00 825,00
47 35,29 0,00 0,00 751,00 844,00
48 35,29 0,00 0,00 849,00 862,00
49 35,29 35,29 29,44 947,00 880,00
50 35,29 0,00 0,00 847,00 899,00
51 35,29 35,29 29,52 945,00 917,00
52 35,29 0,00 0,00 845,00 936,00
53 35,29 0,00 0,00 943,00 954,00
54 35,29 35,29 29,64 1.041,00 972,00
55 35,29 0,00 0,00 941,00 991,00
56 35,29 35,29 29,73 1.039,00 1.009,00
57 35,29 0,00 0,00 939,00 1.028,00
58 35,29 0,00 0,00 1.037,00 1.046,00
59 35,29 35,29 29,87 1.135,00 1.064,00
60 35,29 0,00 0,00 1.035,00 1.083,00
61 35,29 35,29 29,98 1.133,00 1.101,00
62 35,29 0,00 0,00 1.033,00 1.120,00
63 35,29 0,00 0,00 1.131,00 1.138,00
64 35,29 35,29 30,14 1.229,00 1.156,00
65 35,29 0,00 0,00 1.129,00 1.175,00
66 35,29 35,29 30,26 1.227,00 1.193,00
67 35,29 0,00 0,00 1.127,00 1.212,00
68 35,29 0,00 0,00 1.225,00 1.230,00
69 35,29 35,29 30,45 1.323,00 1.248,00
70 35,29 0,00 0,00 1.223,00 1.267,00
71 35,29 35,29 30,57 1.321,00 1.285,00
72 35,29 0,00 0,00 1.221,00 1.304,00
73 35,29 0,00 0,00 1.319,00 1.322,00
74 35,29 35,29 30,78 1.417,00 1.340,00
75 35,29 0,00 0,00 1.317,00 1.359,00
76 35,29 35,29 30,92 1.415,00 1.377,00
77 35,29 0,00 0,00 1.315,00 1.396,00
78 35,29 0,00 0,00 1.413,00 1.414,00
79 35,29 35,29 31,15 1.511,00 1.432,00
80 35,29 0,00 0,00 1.411,00 1.451,00
81 35,29 35,29 31,31 1.509,00 1.469,00
82 35,29 0,00 0,00 1.409,00 1.488,00
83 35,29 35,29 31,47 1.507,00 1.506,00
84 35,29 0,00 0,00 1.407,00 1.525,00
85 35,29 0,00 0,00 1.505,00 1.524,00
86 35,29 35,29 31,73 1.603,00 1.542,00
87 35,29 0,00 0,00 1.503,00 1.561,00
88 35,29 35,29 31,90 1.601,00 1.579,00
89 35,29 0,00 0,00 1.501,00 1.598,00
90 35,29 0,00 0,00 1.599,00 1.616,00
91 35,29 35,29 32,17 1.697,00 1.634,00
92 35,29 0,00 0,00 1.597,00 1.653,00
93 35,29 35,29 32,36 1.695,00 1.671,00
94 35,29 0,00 0,00 1.595,00 1.690,00
95 35,29 0,00 0,00 1.693,00 1.708,00
96 35,29 35,29 32,65 1.791,00 1.726,00
97 35,29 0,00 0,00 1.691,00 1.745,00
98 35,29 35,29 32,85 1.789,00 1.763,00
99 35,29 0,00 0,00 1.689,00 1.782,00
100 35,29 0,00 0,00 1.787,00 1.800,00
101 35,29 35,29 33,17 1.885,00 1.818,00
102 35,29 0,00 0,00 1.785,00 1.837,00
103 35,29 35,29 33,38 1.883,00 1.855,00
104 35,29 0,00 0,00 1.783,00 1.874,00
105 35,29 0,00 0,00 1.881,00 1.892,00
106 35,29 35,29 33,71 1.979,00 1.910,00
107 35,29 0,00 0,00 1.879,00 1.929,00
108 35,29 35,29 33,94 1.977,00 1.947,00
109 35,29 0,00 0,00 1.877,00 1.966,00
110 35,29 0,00 0,00 1.975,00 1.984,00
111 35,29 35,29 34,29 2.073,00 2.002,00
112 35,29 0,00 0,00 1.973,00 2.021,00
113 35,29 35,29 34,53 2.071,00 2.039,00
114 35,29 0,00 0,00 1.971,00 2.058,00
115 35,29 0,00 0,00 2.069,00 2.076,00
116 35,29 35,29 34,90 2.167,00 2.094,00
117 35,29 0,00 0,00 2.067,00 2.113,00
118 35,29 35,29 35,15 2.165,00 2.131,00
119 35,29 0,00 0,00 2.065,00 2.150,00
120 35,29 0,00 0,00 2.163,00 2.168,00
121 35,29 35,29 35,54 2.261,00 2.186,00
122 35,29 0,00 0,00 2.161,00 2.205,00
123 35,29 35,29 35,81 2.259,00 2.223,00
124 35,29 0,00 0,00 2.159,00 2.242,00
125 35,29 0,00 0,00 2.257,00 2.260,00
126 35,29 35,29 36,21 2.355,00 2.278,00
127 35,29 0,00 0,00 2.255,00 2.297,00
128 35,29 35,29 36,50 2.353,00 2.315,00
129 35,29 0,00 0,00 2.253,00 2.334,00
130 35,29 0,00 0,00 2.351,00 2.352,00
131 35,29 35,29 36,93 2.449,00 2.370,00
132 35,29 0,00 0,00 2.349,00 2.389,00
133 35,29 35,29 37,22 2.447,00 2.407,00
134 35,29 0,00 0,00 2.347,00 2.426,00
135 35,29 35,29 37,52 2.445,00 2.444,00
136 35,29 0,00 0,00 2.345,00 2.463,00
137 35,29 0,00 0,00 2.443,00 2.462,00
138 35,29 35,29 37,97 2.541,00 2.480,00
139 35,29 0,00 0,00 2.441,00 2.499,00
140 35,29 35,29 38,29 2.539,00 2.517,00
141 35,29 0,00 0,00 2.439,00 2.536,00
142 35,29 0,00 0,00 2.537,00 2.554,00
143 35,29 35,29 38,76 2.635,00 2.572,00
144 35,29 0,00 0,00 2.535,00 2.591,00
145 35,29 35,29 39,08 2.633,00 2.609,00
146 35,29 0,00 0,00 2.533,00 2.628,00
147 35,29 0,00 0,00 2.631,00 2.646,00
148 35,29 35,29 39,58 2.729,00 2.664,00
149 35,29 0,00 0,00 2.629,00 2.683,00
150 35,29 35,29 39,92 2.727,00 2.701,00
151 35,29 0,00 0,00 2.627,00 2.720,00
152 35,29 0,00 0,00 2.725,00 2.738,00
153 35,29 35,29 40,44 2.823,00 2.756,00
154 35,29 0,00 0,00 2.723,00 2.775,00
155 35,29 35,29 40,79 2.821,00 2.793,00
156 35,29 0,00 0,00 2.721,00 2.812,00
157 35,29 0,00 0,00 2.819,00 2.830,00
158 35,29 35,29 41,32 2.917,00 2.848,00
159 35,29 0,00 0,00 2.817,00 2.867,00
160 35,29 35,29 41,68 2.915,00 2.885,00
161 35,29 0,00 0,00 2.815,00 2.904,00
162 35,29 0,00 0,00 2.913,00 2.922,00
163 35,29 35,29 42,24 3.011,00 2.940,00
164 35,29 0,00 0,00 2.911,00 2.959,00
165 35,29 35,29 42,62 3.009,00 2.977,00
166 35,29 0,00 0,00 2.909,00 2.996,00
167 35,29 0,00 0,00 3.007,00 3.014,00
168 35,29 35,29 43,19 3.105,00 3.032,00
169 35,29 0,00 0,00 3.005,00 3.051,00
170 35,29 35,29 43,58 3.103,00 3.069,00
171 35,29 0,00 0,00 3.003,00 3.088,00
172 35,29 0,00 0,00 3.101,00 3.106,00
173 35,29 35,29 44,17 3.199,00 3.124,00
174 35,29 0,00 0,00 3.099,00 3.143,00
175 35,29 35,29 44,57 3.197,00 3.161,00
176 35,29 0,00 0,00 3.097,00 3.180,00
177 35,29 0,00 0,00 3.195,00 3.198,00
178 35,29 35,29 45,18 3.293,00 3.216,00
179 35,29 0,00 0,00 3.193,00 3.235,00
180 35,29 35,29 45,60 3.291,00 3.253,00
181 35,29 0,00 0,00 3.191,00 3.272,00
182 35,29 0,00 0,00 3.289,00 3.290,00
183 35,29 35,29 46,24 3.387,00 3.308,00
184 35,29 0,00 0,00 3.287,00 3.327,00
185 35,29 35,29 46,67 3.385,00 3.345,00
186 35,29 0,00 0,00 3.285,00 3.364,00
187 35,29 35,29 47,11 3.383,00 3.382,00
188 35,29 0,00 0,00 3.283,00 3.401,00
189 35,29 0,00 0,00 3.381,00 3.400,00
190 35,29 35,29 47,77 3.479,00 3.418,00
191 35,29 0,00 0,00 3.379,00 3.437,00
192 35,29 35,29 48,22 3.477,00 3.455,00
193 35,29 0,00 0,00 3.377,00 3.474,00
194 35,29 0,00 0,00 3.475,00 3.492,00
195 35,29 35,29 48,90 3.573,00 3.510,00
196 35,29 0,00 0,00 3.473,00 3.529,00
197 35,29 35,29 49,36 3.571,00 3.547,00
198 35,29 0,00 0,00 3.471,00 3.566,00
199 35,29 0,00 0,00 3.569,00 3.584,00
200 35,29 35,29 50,07 3.667,00 3.602,00
201 35,29 0,00 0,00 3.567,00 3.621,00
202 35,29 35,29 50,54 3.665,00 3.639,00
203 35,29 0,00 0,00 3.565,00 3.658,00
204 35,29 0,00 0,00 3.663,00 3.676,00
205 35,29 35,29 51,26 3.761,00 3.694,00
206 35,29 0,00 0,00 3.661,00 3.713,00
207 35,29 35,29 51,75 3.759,00 3.731,00
208 35,29 0,00 0,00 3.659,00 3.750,00
209 35,29 0,00 0,00 3.757,00 3.768,00
210 35,29 35,29 52,49 3.855,00 3.786,00
211 35,29 0,00 0,00 3.755,00 3.805,00
212 35,29 35,29 52,99 3.853,00 3.823,00
213 35,29 0,00 0,00 3.753,00 3.842,00
214 35,29 0,00 0,00 3.851,00 3.860,00
215 35,29 35,29 53,75 3.949,00 3.878,00
216 35,29 0,00 0,00 3.849,00 3.897,00
217 35,29 35,29 54,26 3.947,00 3.915,00
218 35,29 0,00 0,00 3.847,00 3.934,00
219 35,29 0,00 0,00 3.945,00 3.952,00
220 35,29 35,29 55,05 4.043,00 3.970,00
221 35,29 0,00 0,00 3.943,00 3.989,00
222 35,29 35,29 55,58 4.041,00 4.007,00
223 35,29 0,00 0,00 3.941,00 4.026,00
224 35,29 0,00 0,00 4.039,00 4.044,00
225 35,29 35,29 56,37 4.137,00 4.062,00
226 35,29 0,00 0,00 4.037,00 4.081,00
227 35,29 35,29 56,91 4.135,00 4.099,00
228 35,29 0,00 0,00 4.035,00 4.118,00
229 35,29 0,00 0,00 4.133,00 4.136,00
230 35,29 35,29 57,73 4.231,00 4.154,00
231 35,29 0,00 0,00 4.131,00 4.173,00
232 35,29 35,29 58,29 4.229,00 4.191,00
233 35,29 0,00 0,00 4.129,00 4.210,00
234 35,29 0,00 0,00 4.227,00 4.228,00
235 35,29 35,29 59,13 4.325,00 4.246,00
236 35,29 0,00 0,00 4.225,00 4.265,00
237 35,29 35,29 59,70 4.323,00 4.283,00
238 35,29 0,00 0,00 4.223,00 4.302,00
239 35,29 35,29 60,27 4.321,00 4.320,00
240 35,29 0,00 0,00 4.221,00 4.339,00
241 35,29 0,00 0,00 4.319,00 4.338,00
242 35,29 35,29 61,14 4.417,00 4.356,00
243 35,29 0,00 0,00 4.317,00 4.375,00
244 35,29 35,29 61,73 4.415,00 4.393,00
245 35,29 0,00 0,00 4.315,00 4.412,00
246 35,29 0,00 0,00 4.413,00 4.430,00
247 35,29 35,29 62,62 4.511,00 4.448,00
248 35,29 0,00 0,00 4.411,00 4.467,00
249 35,29 35,29 63,22 4.509,00 4.485,00
250 35,29 0,00 0,00 4.409,00 4.504,00
251 35,29 0,00 0,00 4.507,00 4.522,00
252 35,29 35,29 64,13 4.605,00 4.540,00
253 35,29 0,00 0,00 4.505,00 4.559,00
254 35,29 35,29 64,74 4.603,00 4.577,00
255 35,29 0,00 0,00 4.503,00 4.596,00
256 35,29 0,00 0,00 4.601,00 4.614,00
257 35,29 35,29 65,67 4.699,00 4.632,00
258 35,29 0,00 0,00 4.599,00 4.651,00
259 35,29 35,29 66,29 4.697,00 4.669,00
260 35,29 0,00 0,00 4.597,00 4.688,00
261 35,29 0,00 0,00 4.695,00 4.706,00
262 35,29 35,29 67,24 4.793,00 4.724,00
263 35,29 0,00 0,00 4.693,00 4.743,00
264 35,29 35,29 67,88 4.791,00 4.761,00
265 35,29 0,00 0,00 4.691,00 4.780,00
266 35,29 0,00 0,00 4.789,00 4.798,00
267 35,29 35,29 68,85 4.887,00 4.816,00
268 35,29 0,00 0,00 4.787,00 4.835,00
269 35,29 35,29 69,50 4.885,00 4.853,00
270 35,29 0,00 0,00 4.785,00 4.872,00
271 35,29 0,00 0,00 4.883,00 4.890,00
272 35,29 35,29 70,49 4.981,00 4.908,00
273 35,29 0,00 0,00 4.881,00 4.927,00
274 35,29 35,29 71,15 4.979,00 4.945,00
275 35,29 0,00 0,00 4.879,00 4.964,00
276 35,29 0,00 0,00 4.977,00 4.982,00
277 35,29 35,29 72,16 5.075,00 5.000,00
278 35,29 0,00 0,00 4.975,00 5.019,00
279 35,29 35,29 72,83 5.073,00 5.037,00
280 35,29 0,00 0,00 4.973,00 5.056,00
281 35,29 0,00 0,00 5.071,00 5.074,00
282 35,29 35,29 73,86 5.169,00 5.092,00
283 35,29 0,00 0,00 5.069,00 5.111,00
284 35,29 35,29 74,55 5.167,00 5.129,00
285 35,29 0,00 0,00 5.067,00 5.148,00
286 35,29 0,00 0,00 5.165,00 5.166,00
287 35,29 35,29 75,60 5.263,00 5.184,00
288 35,29 0,00 0,00 5.163,00 5.203,00
289 35,29 35,29 76,31 5.261,00 5.221,00
290 35,29 0,00 0,00 5.161,00 5.240,00
291 35,29 35,29 77,02 5.259,00 5.258,00
292 35,29 0,00 0,00 5.159,00 5.277,00
293 35,29 0,00 0,00 5.257,00 5.276,00
294 35,29 35,29 78,10 5.355,00 5.294,00
295 35,29 0,00 0,00 5.255,00 5.313,00
296 35,29 35,29 78,82 5.353,00 5.331,00
297 35,29 0,00 0,00 5.253,00 5.350,00
298 35,29 0,00 0,00 5.351,00 5.368,00
299 35,29 35,29 79,92 5.449,00 5.386,00
300 35,29 0,00 0,00 5.349,00 5.405,00
301 35,29 35,29 80,65 5.447,00 5.423,00
302 35,29 0,00 0,00 5.347,00 5.442,00
303 35,29 0,00 0,00 5.445,00 5.460,00
304 35,29 35,29 81,77 5.543,00 5.478,00
305 35,29 0,00 0,00 5.443,00 5.497,00
306 35,29 35,29 82,52 5.541,00 5.515,00
307 35,29 0,00 0,00 5.441,00 5.534,00
308 35,29 0,00 0,00 5.539,00 5.552,00
309 35,29 35,29 83,66 5.637,00 5.570,00
310 35,29 0,00 0,00 5.537,00 5.589,00
311 35,29 35,29 84,42 5.635,00 5.607,00
312 35,29 0,00 0,00 5.535,00 5.626,00
313 35,29 0,00 0,00 5.633,00 5.644,00
314 35,29 35,29 85,58 5.731,00 5.662,00
315 35,29 0,00 0,00 5.631,00 5.681,00
316 35,29 35,29 86,35 5.729,00 5.699,00
317 35,29 0,00 0,00 5.629,00 5.718,00
318 35,29 0,00 0,00 5.727,00 5.736,00
319 35,29 35,29 87,53 5.825,00 5.754,00
320 35,29 0,00 0,00 5.725,00 5.773,00
321 35,29 35,29 88,32 5.823,00 5.791,00
322 35,29 0,00 0,00 5.723,00 5.810,00
323 35,29 0,00 0,00 5.821,00 5.828,00
324 35,29 35,29 89,51 5.919,00 5.846,00
325 35,29 0,00 0,00 5.819,00 5.865,00
326 35,29 35,29 90,32 5.917,00 5.883,00
327 35,29 0,00 0,00 5.817,00 5.902,00
328 35,29 0,00 0,00 5.915,00 5.920,00
329 35,29 35,29 91,53 6.013,00 5.938,00
330 35,29 0,00 0,00 5.913,00 5.957,00
331 35,29 35,29 92,35 6.011,00 5.975,00
332 35,29 0,00 0,00 5.911,00 5.994,00
333 35,29 0,00 0,00 6.009,00 6.012,00
334 35,29 35,29 93,58 6.107,00 6.030,00
335 35,29 0,00 0,00 6.007,00 6.049,00
336 35,29 35,29 94,41 6.105,00 6.067,00
337 35,29 0,00 0,00 6.005,00 6.086,00
338 35,29 0,00 0,00 6.103,00 6.104,00
339 35,29 35,29 95,67 6.201,00 6.122,00
340 35,29 0,00 0,00 6.101,00 6.141,00
341 35,29 35,29 96,51 6.199,00 6.159,00
342 35,29 0,00 0,00 6.099,00 6.178,00
343 35,29 35,29 97,36 6.197,00 6.196,00
344 35,29 0,00 0,00 6.097,00 6.215,00
345 35,29 0,00 0,00 6.195,00 6.214,00
346 35,29 35,29 98,64 6.293,00 6.232,00
347 35,29 0,00 0,00 6.193,00 6.251,00
348 35,29 35,29 99,50 6.291,00 6.269,00
349 35,29 0,00 0,00 6.191,00 6.288,00
350 35,29 0,00 0,00 6.289,00 6.306,00
351 35,29 35,29 100,81 6.387,00 6.324,00
352 35,29 0,00 0,00 6.287,00 6.343,00
353 35,29 35,29 101,68 6.385,00 6.361,00
354 35,29 0,00 0,00 6.285,00 6.380,00
355 35,29 0,00 0,00 6.383,00 6.398,00
356 35,29 35,29 103,01 6.481,00 6.416,00
357 35,29 0,00 0,00 6.381,00 6.435,00
358 35,29 35,29 103,89 6.479,00 6.453,00
359 35,29 0,00 0,00 6.379,00 6.472,00
360 35,29 0,00 0,00 6.477,00 6.490,00
361 35,29 35,29 105,24 6.575,00 6.508,00
362 35,29 0,00 0,00 6.475,00 6.527,00
363 35,29 35,29 106,14 6.573,00 6.545,00
364 35,29 0,00 0,00 6.473,00 6.564,00
365 35,29 0,00 0,00 6.571,00 6.582,00
366 35,29 35,29 107,50 6.669,00 6.600,00
367 35,29 0,00 0,00 6.569,00 6.619,00
368 35,29 35,29 108,41 6.667,00 6.637,00
369 35,29 0,00 0,00 6.567,00 6.656,00
370 35,29 0,00 0,00 6.665,00 6.674,00
371 35,29 35,29 109,79 6.763,00 6.692,00
372 35,29 0,00 0,00 6.663,00 6.711,00
373 35,29 35,29 110,72 6.761,00 6.729,00
374 35,29 0,00 0,00 6.661,00 6.748,00
375 35,29 0,00 0,00 6.759,00 6.766,00
376 35,29 35,29 112,12 6.857,00 6.784,00
377 35,29 0,00 0,00 6.757,00 6.803,00
378 35,29 35,29 113,06 6.855,00 6.821,00
379 35,29 0,00 0,00 6.755,00 6.840,00
380 35,29 0,00 0,00 6.853,00 6.858,00
381 35,29 35,29 114,49 6.951,00 6.876,00
382 35,29 0,00 0,00 6.851,00 6.895,00
383 35,29 35,29 115,44 6.949,00 6.913,00
384 35,29 0,00 0,00 6.849,00 6.932,00
385 35,29 0,00 0,00 6.947,00 6.950,00
386 35,29 35,29 116,88 7.045,00 6.968,00
387 35,29 0,00 0,00 6.945,00 6.987,00
388 35,29 35,29 117,85 7.043,00 7.005,00
389 35,29 0,00 0,00 6.943,00 7.024,00
390 35,29 0,00 0,00 7.041,00 7.042,00
391 35,29 35,29 119,30 7.139,00 7.060,00
392 35,29 0,00 0,00 7.039,00 7.079,00
393 35,29 35,29 120,29 7.137,00 7.097,00
394 35,29 0,00 0,00 7.037,00 7.116,00
395 35,29 35,29 121,27 7.135,00 7.134,00
396 35,29 0,00 0,00 7.035,00 7.153,00
397 35,29 0,00 0,00 7.133,00 7.152,00
398 35,29 35,29 122,76 7.231,00 7.170,00
399 35,29 0,00 0,00 7.131,00 7.189,00
400 35,29 35,29 123,76 7.229,00 7.207,00
401 35,29 0,00 0,00 7.129,00 7.226,00
402 35,29 0,00 0,00 7.227,00 7.244,00
403 35,29 35,29 125,27 7.325,00 7.262,00
404 35,29 0,00 0,00 7.225,00 7.281,00
405 35,29 35,29 126,28 7.323,00 7.299,00
406 35,29 0,00 0,00 7.223,00 7.318,00
407 35,29 0,00 0,00 7.321,00 7.336,00
408 35,29 35,29 127,80 7.419,00 7.354,00
409 35,29 0,00 0,00 7.319,00 7.373,00
410 35,29 35,29 128,83 7.417,00 7.391,00
411 35,29 0,00 0,00 7.317,00 7.410,00
412 35,29 0,00 0,00 7.415,00 7.428,00
413 35,29 35,29 130,38 7.513,00 7.446,00
414 35,29 0,00 0,00 7.413,00 7.465,00
415 35,29 35,29 131,41 7.511,00 7.483,00
416 35,29 0,00 0,00 7.411,00 7.502,00
417 35,29 0,00 0,00 7.509,00 7.520,00
418 35,29 35,29 132,98 7.607,00 7.538,00
419 35,29 0,00 0,00 7.507,00 7.557,00
420 35,29 35,29 134,04 7.605,00 7.575,00
421 35,29 0,00 0,00 7.505,00 7.594,00
422 35,29 0,00 0,00 7.603,00 7.612,00
423 35,29 35,29 135,62 7.701,00 7.630,00
424 35,29 0,00 0,00 7.601,00 7.649,00
425 35,29 35,29 136,69 7.699,00 7.667,00
426 35,29 0,00 0,00 7.599,00 7.686,00
427 35,29 0,00 0,00 7.697,00 7.704,00
428 35,29 35,29 138,30 7.795,00 7.722,00
429 35,29 0,00 0,00 7.695,00 7.741,00
430 35,29 35,29 139,37 7.793,00 7.759,00
431 35,29 0,00 0,00 7.693,00 7.778,00
432 35,29 0,00 0,00 7.791,00 7.796,00
433 35,29 35,29 141,00 7.889,00 7.814,00
434 35,29 0,00 0,00 7.789,00 7.833,00
435 35,29 35,29 142,09 7.887,00 7.851,00
436 35,29 0,00 0,00 7.787,00 7.870,00
437 35,29 0,00 0,00 7.885,00 7.888,00
438 35,29 35,29 143,73 7.983,00 7.906,00
439 35,29 0,00 0,00 7.883,00 7.925,00
440 35,29 35,29 144,84 7.981,00 7.943,00
441 35,29 0,00 0,00 7.881,00 7.962,00
442 35,29 0,00 0,00 7.979,00 7.980,00
443 35,29 35,29 146,50 8.077,00 7.998,00
444 35,29 0,00 0,00 7.977,00 8.017,00
445 35,29 35,29 147,61 8.075,00 8.035,00
446 35,29 0,00 0,00 7.975,00 8.054,00
447 35,29 35,29 148,74 8.073,00 8.072,00
448 35,29 0,00 0,00 7.973,00 8.091,00
449 35,29 0,00 0,00 8.071,00 8.090,00
450 35,29 35,29 150,43 8.169,00 8.108,00
451 35,29 0,00 0,00 8.069,00 8.127,00
452 35,29 35,29 151,57 8.167,00 8.145,00
453 35,29 0,00 0,00 8.067,00 8.164,00
454 35,29 0,00 0,00 8.165,00 8.182,00
455 35,29 35,29 153,28 8.263,00 8.200,00
456 35,29 0,00 0,00 8.163,00 8.219,00
457 35,29 35,29 154,43 8.261,00 8.237,00
458 35,29 0,00 0,00 8.161,00 8.256,00
459 35,29 0,00 0,00 8.259,00 8.274,00
460 35,29 35,29 156,16 8.357,00 8.292,00
461 35,29 0,00 0,00 8.257,00 8.311,00
462 35,29 35,29 157,32 8.355,00 8.329,00
463 35,29 0,00 0,00 8.255,00 8.348,00
464 35,29 0,00 0,00 8.353,00 8.366,00
465 35,29 35,29 159,07 8.451,00 8.384,00
466 35,29 0,00 0,00 8.351,00 8.403,00
467 35,29 35,29 160,25 8.449,00 8.421,00
468 35,29 0,00 0,00 8.349,00 8.440,00
469 35,29 0,00 0,00 8.447,00 8.458,00
470 35,29 35,29 162,02 8.545,00 8.476,00
471 35,29 0,00 0,00 8.445,00 8.495,00
472 35,29 35,29 163,21 8.543,00 8.513,00
473 35,29 0,00 0,00 8.443,00 8.532,00
474 35,29 0,00 0,00 8.541,00 8.550,00
475 35,29 35,29 165,00 8.639,00 8.568,00
476 35,29 0,00 0,00 8.539,00 8.587,00
477 35,29 35,29 166,20 8.637,00 8.605,00
478 35,29 0,00 0,00 8.537,00 8.624,00
479 35,29 0,00 0,00 8.635,00 8.642,00
480 35,29 35,29 168,01 8.733,00 8.660,00
481 35,29 0,00 0,00 8.633,00 8.679,00
482 35,29 35,29 169,22 8.731,00 8.697,00
483 35,29 0,00 0,00 8.631,00 8.716,00
484 35,29 0,00 0,00 8.729,00 8.734,00
485 35,29 35,29 171,05 8.827,00 8.752,00
486 35,29 0,00 0,00 8.727,00 8.771,00
487 35,29 35,29 172,28 8.825,00 8.789,00
488 35,29 0,00 0,00 8.725,00 8.808,00
489 35,29 0,00 0,00 8.823,00 8.826,00
490 35,29 35,29 174,13 8.921,00 8.844,00
491 35,29 0,00 0,00 8.821,00 8.863,00
492 35,29 35,29 175,37 8.919,00 8.881,00
493 35,29 0,00 0,00 8.819,00 8.900,00
494 35,29 0,00 0,00 8.917,00 8.918,00
495 35,29 35,29 177,24 9.015,00 8.936,00
496 35,29 0,00 0,00 8.915,00 8.955,00
497 35,29 35,29 178,49 9.013,00 8.973,00
498 35,29 0,00 0,00 8.913,00 8.992,00
499 35,29 35,29 179,75 9.011,00 9.010,00
