1000
0 49,08 49,08 49,08 1,00 2,00 0
1 49,08 49,08 49,08 1,00 4,00 1235
2 49,08 49,08 36,34 1,00 4,00 1774
3 49,08 12,27 9,49 1,00 4,00 1865
4 49,08 49,08 38,37 1,00 4,00 1875
5 49,08 16,36 12,86 1,00 6,00 1879
6 49,08 16,36 12,97 1,00 9,00 1881
7 49,08 4,09 3,26 1,00 12,00 1881
8 49,08 4,09 3,26 1,00 15,00 1881
9 49,08 4,09 3,26 1,00 18,00 1881
10 49,08 2,34 1,86 1,00 21,00 1881
11 49,08 2,34 1,86 1,00 24,00 1881
12 49,08 2,34 1,86 1,00 27,00 1881
13 49,08 2,34 1,86 1,00 30,00 1881
14 49,08 2,34 1,86 1,00 33,00 1881
15 49,08 2,34 1,86 1,00 36,00 1881
16 49,08 2,34 1,86 1,00 39,00 1881
17 49,08 2,34 1,86 1,00 42,00 1881
18 49,08 2,34 1,86 1,00 45,00 1881
19 49,08 1,02 0,81 1,00 48,00 1881
20 49,08 1,02 0,81 1,00 51,00 1881
21 49,08 1,02 0,81 1,00 54,00 1881
22 49,08 1,02 0,81 1,00 57,00 1881
23 49,08 1,02 0,81 1,00 60,00 1881
24 49,08 1,02 0,81 1,00 63,00 1881
25 49,08 1,02 0,81 1,00 66,00 1881
26 49,08 1,02 0,81 1,00 69,00 1881
27 49,08 1,02 0,81 1,00 72,00 1881
28 49,08 1,02 0,81 1,00 75,00 1881
29 49,08 0,63 0,50 1,00 78,00 1881
30 49,08 0,63 0,50 99,00 81,00 1881
31 49,08 60,73 48,37 99,00 83,00 2704
32 49,08 60,73 53,70 99,00 86,00 3431
33 49,08 54,59 49,98 99,00 89,00 3821
34 49,08 54,59 55,15 99,00 92,00 4072
35 49,08 54,59 58,64 99,00 95,00 4286
36 49,08 54,59 57,01 99,00 98,00 4405
37 49,08 54,59 56,67 99,00 101,00 4558
38 49,08 54,59 58,45 99,00 104,00 4625
39 49,08 54,59 57,82 99,00 107,00 4666
40 49,08 54,59 57,65 99,00 110,00 4711
41 49,08 54,59 58,39 99,00 113,00 4762
42 49,08 54,59 59,17 99,00 116,00 4795
43 49,08 54,59 57,75 99,00 119,00 4831
44 49,08 54,59 59,12 99,00 122,00 4863
45 49,08 54,59 59,13 99,00 125,00 4893
46 49,08 54,59 59,13 99,00 128,00 4918
47 49,08 54,59 59,13 99,00 131,00 4938
48 49,08 36,26 39,27 99,00 134,00 4953
49 49,08 36,26 39,27 99,00 137,00 4969
50 49,08 36,26 39,27 99,00 140,00 4978
51 49,08 36,26 39,27 99,00 143,00 4991
52 49,08 36,26 39,27 99,00 146,00 5006
53 49,08 36,26 39,27 99,00 149,00 5016
54 49,08 36,26 39,27 99,00 152,00 5027
55 49,08 36,26 39,27 99,00 155,00 5033
56 49,08 36,26 39,27 99,00 158,00 5043
57 49,08 36,26 39,27 99,00 161,00 5047
58 49,08 36,26 39,27 99,00 164,00 5055
59 49,08 36,26 39,27 99,00 167,00 5061
60 49,08 36,26 39,27 1,00 170,00 5068
61 49,08 36,26 39,27 1,00 173,00 5076
62 49,08 36,26 39,27 1,00 176,00 5097
63 49,08 36,26 39,27 1,00 179,00 5110
64 49,08 36,26 39,27 1,00 182,00 5114
65 49,08 36,26 39,27 1,00 185,00 5115
66 49,08 36,26 39,26 1,00 188,00 5118
67 49,08 36,26 39,27 1,00 191,00 5123
68 49,08 0,25 0,27 1,00 194,00 5124
69 49,08 0,25 0,27 1,00 197,00 5125
70 49,08 0,25 0,27 1,00 200,00 5125
71 49,08 0,24 0,26 1,00 203,00 5125
72 49,08 0,24 0,26 1,00 206,00 5125
73 49,08 0,24 0,26 1,00 209,00 5125
74 49,08 0,24 0,26 1,00 212,00 5126
75 49,08 0,24 0,26 1,00 215,00 5126
76 49,08 0,23 0,24 1,00 218,00 5126
77 49,08 0,23 0,24 1,00 221,00 5126
78 49,08 0,23 0,24 1,00 224,00 5127
79 49,08 0,23 0,24 1,00 227,00 5128
80 49,08 0,23 0,24 1,00 230,00 5128
81 49,08 0,23 0,24 1,00 233,00 5128
82 49,08 0,23 0,24 1,00 236,00 5128
83 49,08 0,23 0,24 1,00 239,00 5128
84 49,08 0,23 0,24 1,00 242,00 5128
85 49,08 0,20 0,22 1,00 245,00 5128
86 49,08 0,20 0,22 1,00 248,00 5128
87 49,08 0,20 0,21 1,00 251,00 5128
88 49,08 0,20 0,21 1,00 254,00 5129
89 49,08 0,20 0,21 1,00 257,00 5133
90 49,08 0,20 0,21 99,00 260,00 5133
91 49,08 18,76 20,32 99,00 262,00 5240
92 49,08 18,76 20,32 99,00 265,00 5280
93 49,08 18,76 20,32 99,00 268,00 5298
94 49,08 18,76 20,32 99,00 271,00 5308
95 49,08 18,76 20,32 99,00 274,00 5318
96 49,08 18,76 20,32 99,00 277,00 5327
97 49,08 18,76 20,32 99,00 280,00 5336
98 49,08 18,76 20,32 99,00 283,00 5340
99 49,08 18,76 20,32 99,00 286,00 5347
100 49,08 18,76 20,32 99,00 289,00 5351
101 49,08 16,64 18,02 99,00 292,00 5353
102 49,08 16,64 18,02 99,00 295,00 5354
103 49,08 16,30 17,66 99,00 298,00 5357
104 49,08 16,30 17,66 99,00 301,00 5357
105 49,08 16,30 17,66 99,00 304,00 5357
106 49,08 16,30 17,66 99,00 307,00 5357
107 49,08 16,30 17,66 99,00 310,00 5357
108 49,08 15,52 16,81 99,00 313,00 5357
109 49,08 15,52 16,81 99,00 316,00 5359
110 49,08 15,23 16,50 99,00 319,00 5359
111 49,08 15,23 16,50 99,00 322,00 5360
112 49,08 15,23 16,50 99,00 325,00 5362
113 49,08 15,23 16,50 99,00 328,00 5364
114 49,08 14,68 15,90 99,00 331,00 5366
115 49,08 14,68 15,90 99,00 334,00 5366
116 49,08 14,68 15,90 99,00 337,00 5366
117 49,08 14,68 15,90 99,00 340,00 5366
118 49,08 14,68 15,90 99,00 343,00 5367
119 49,08 14,68 15,90 99,00 346,00 5368
120 49,08 14,68 15,90 1,00 349,00 5368
121 49,08 14,68 15,90 1,00 352,00 5378
122 49,08 14,68 15,90 1,00 355,00 5387
123 49,08 14,68 15,90 1,00 358,00 5391
124 49,08 14,68 15,90 1,00 361,00 5392
125 49,08 14,68 15,90 1,00 364,00 5392
126 49,08 0,13 0,14 1,00 367,00 5392
127 49,08 0,13 0,14 1,00 370,00 5392
128 49,08 0,13 0,14 1,00 373,00 5392
129 49,08 0,13 0,14 1,00 376,00 5392
130 49,08 0,13 0,14 1,00 379,00 5392
131 49,08 0,13 0,14 1,00 382,00 5392
132 49,08 0,13 0,14 1,00 385,00 5392
133 49,08 0,13 0,14 1,00 388,00 5392
134 49,08 0,13 0,14 1,00 391,00 5392
135 49,08 0,13 0,14 1,00 394,00 5392
136 49,08 0,13 0,14 1,00 397,00 5392
137 49,08 0,13 0,14 1,00 400,00 5392
138 49,08 0,13 0,14 1,00 403,00 5392
139 49,08 0,13 0,14 1,00 406,00 5392
140 49,08 0,13 0,14 1,00 409,00 5397
141 49,08 0,13 0,14 1,00 412,00 5398
142 49,08 0,13 0,14 1,00 415,00 5398
143 49,08 0,13 0,14 1,00 418,00 5398
144 49,08 0,13 0,14 1,00 421,00 5398
145 49,08 0,13 0,14 1,00 424,00 5398
146 49,08 0,13 0,14 1,00 427,00 5398
147 49,08 0,13 0,14 1,00 430,00 5398
148 49,08 0,11 0,12 1,00 433,00 5398
149 49,08 0,11 0,12 1,00 436,00 5398
150 49,08 0,11 0,12 99,00 439,00 5398
151 49,08 11,09 12,02 99,00 441,00 5443
152 49,08 11,09 12,02 99,00 444,00 5461
153 49,08 10,87 11,77 99,00 447,00 5469
154 49,08 10,80 11,69 99,00 450,00 5476
155 49,08 10,80 11,69 99,00 453,00 5480
156 49,08 10,80 11,69 99,00 456,00 5482
157 49,08 10,80 11,69 99,00 459,00 5482
158 49,08 10,80 11,69 99,00 462,00 5492
159 49,08 10,80 11,69 99,00 465,00 5501
160 49,08 10,80 11,69 99,00 468,00 5510
161 49,08 10,80 11,69 99,00 471,00 5520
162 49,08 10,25 11,10 99,00 474,00 5532
163 49,08 10,25 11,10 99,00 477,00 5544
164 49,08 10,25 11,10 99,00 480,00 5553
165 49,08 10,25 11,10 99,00 483,00 5560
166 49,08 10,25 11,10 99,00 486,00 5566
167 49,08 10,25 11,10 99,00 489,00 5570
168 49,08 10,25 11,10 99,00 492,00 5573
169 49,08 10,25 11,10 99,00 495,00 5575
170 49,08 10,25 11,10 99,00 498,00 5576
171 49,08 10,25 11,10 99,00 501,00 5577
172 49,08 10,25 11,10 99,00 504,00 5578
173 49,08 10,25 11,10 99,00 507,00 5579
174 49,08 10,25 11,10 99,00 510,00 5580
175 49,08 10,25 11,10 99,00 513,00 5582
176 49,08 10,25 11,10 99,00 516,00 5583
177 49,08 10,25 11,10 99,00 519,00 5584
178 49,08 10,25 11,10 99,00 522,00 5587
179 49,08 10,25 11,10 99,00 525,00 5589
180 49,08 10,25 11,10 1,00 528,00 5591
181 49,08 10,25 11,10 1,00 531,00 5600
182 49,08 10,25 11,10 1,00 534,00 5601
183 49,08 0,09 0,10 1,00 537,00 5602
184 49,08 0,09 0,10 1,00 540,00 5602
185 49,08 0,09 0,10 1,00 543,00 5602
186 49,08 0,09 0,10 1,00 546,00 5602
187 49,08 0,09 0,10 1,00 549,00 5602
188 49,08 0,09 0,10 1,00 552,00 5602
189 49,08 0,09 0,10 1,00 555,00 5602
190 49,08 0,09 0,10 1,00 558,00 5602
191 49,08 0,09 0,09 1,00 561,00 5604
192 49,08 0,09 0,09 1,00 564,00 5606
193 49,08 0,09 0,09 1,00 567,00 5607
194 49,08 0,09 0,09 1,00 570,00 5611
195 49,08 0,09 0,09 1,00 573,00 5613
196 49,08 0,09 0,09 1,00 576,00 5613
197 49,08 0,09 0,09 1,00 579,00 5613
198 49,08 0,09 0,09 1,00 582,00 5613
199 49,08 0,09 0,09 1,00 585,00 5613
200 49,08 0,09 0,09 1,00 588,00 5613
201 49,08 0,09 0,09 1,00 591,00 5613
202 49,08 0,09 0,09 1,00 594,00 5613
203 49,08 0,08 0,09 1,00 597,00 5613
204 49,08 0,08 0,09 1,00 600,00 5613
205 49,08 0,08 0,09 1,00 603,00 5613
206 49,08 0,08 0,09 1,00 606,00 5613
207 49,08 0,08 0,09 1,00 609,00 5613
208 49,08 0,08 0,09 1,00 612,00 5614
209 49,08 0,08 0,09 1,00 615,00 5616
210 49,08 0,08 0,09 97,00 618,00 5616
211 49,08 7,72 8,36 97,00 620,00 5655
212 49,08 7,72 8,36 97,00 623,00 5665
213 49,08 7,72 8,36 97,00 626,00 5671
214 49,08 7,72 8,36 97,00 629,00 5671
215 49,08 7,53 8,16 97,00 632,00 5671
216 49,08 7,53 8,16 97,00 635,00 5671
217 49,08 7,53 8,16 97,00 638,00 5671
218 49,08 7,53 8,16 97,00 641,00 5671
219 49,08 7,53 8,16 97,00 644,00 5671
220 49,08 7,53 8,16 97,00 647,00 5671
221 49,08 7,53 8,16 97,00 650,00 5671
222 49,08 7,53 8,16 97,00 653,00 5671
223 49,08 7,53 8,16 97,00 656,00 5671
224 49,08 7,53 8,16 97,00 659,00 5671
225 49,08 7,53 8,16 97,00 662,00 5671
226 49,08 7,53 8,16 97,00 665,00 5671
227 49,08 7,53 8,16 97,00 668,00 5671
228 49,08 7,53 8,16 97,00 671,00 5671
229 49,08 7,53 8,16 97,00 674,00 5671
230 49,08 7,53 8,16 97,00 677,00 5671
231 49,08 7,53 8,16 97,00 680,00 5671
232 49,08 7,53 8,16 97,00 683,00 5671
233 49,08 7,53 8,16 97,00 686,00 5671
234 49,08 7,53 8,16 97,00 689,00 5671
235 49,08 7,53 8,16 97,00 692,00 5671
236 49,08 7,53 8,16 97,00 695,00 5671
237 49,08 7,53 8,16 97,00 698,00 5671
238 49,08 6,79 7,36 97,00 701,00 5671
239 49,08 6,79 7,36 97,00 704,00 5671
240 49,08 6,79 7,36 1,00 707,00 5671
241 49,08 6,79 7,36 1,00 710,00 5686
242 49,08 6,79 7,36 1,00 713,00 5686
243 49,08 6,79 7,36 1,00 716,00 5687
244 49,08 6,79 7,36 1,00 719,00 5688
245 49,08 6,79 7,36 1,00 722,00 5688
246 49,08 6,79 7,36 1,00 725,00 5688
247 49,08 6,79 7,36 1,00 728,00 5688
248 49,08 6,79 7,36 1,00 731,00 5688
249 49,08 0,07 0,07 1,00 734,00 5691
250 49,08 0,07 0,07 1,00 737,00 5693
251 49,08 0,07 0,07 1,00 740,00 5693
252 49,08 0,07 0,07 1,00 743,00 5693
253 49,08 0,07 0,07 1,00 746,00 5694
254 49,08 0,07 0,07 1,00 749,00 5694
255 49,08 0,07 0,07 1,00 752,00 5694
256 49,08 0,07 0,07 1,00 755,00 5694
257 49,08 0,07 0,07 1,00 758,00 5694
258 49,08 0,07 0,07 1,00 761,00 5694
259 49,08 0,07 0,07 1,00 764,00 5694
260 49,08 0,07 0,07 1,00 767,00 5694
261 49,08 0,06 0,07 1,00 770,00 5694
262 49,08 0,06 0,07 1,00 773,00 5694
263 49,08 0,06 0,07 1,00 776,00 5694
264 49,08 0,06 0,07 1,00 779,00 5694
265 49,08 0,06 0,07 1,00 782,00 5694
266 49,08 0,06 0,07 1,00 785,00 5694
267 49,08 0,06 0,07 1,00 788,00 5694
268 49,08 0,06 0,07 1,00 791,00 5694
269 49,08 0,06 0,07 1,00 794,00 5694
270 49,08 0,06 0,07 99,00 797,00 5694
271 49,08 6,10 6,61 99,00 799,00 5724
272 49,08 6,06 6,56 99,00 802,00 5736
273 49,08 6,06 6,56 99,00 805,00 5742
274 49,08 6,06 6,56 99,00 808,00 5742
275 49,08 6,06 6,56 99,00 811,00 5742
276 49,08 6,06 6,56 99,00 814,00 5742
277 49,08 6,06 6,56 99,00 817,00 5742
278 49,08 6,06 6,56 99,00 820,00 5742
279 49,08 6,06 6,56 99,00 823,00 5742
280 49,08 6,06 6,56 99,00 826,00 5742
281 49,08 6,06 6,56 99,00 829,00 5742
282 49,08 6,06 6,56 99,00 832,00 5742
283 49,08 6,06 6,56 99,00 835,00 5742
284 49,08 6,06 6,56 99,00 838,00 5742
285 49,08 6,06 6,56 99,00 841,00 5742
286 49,08 6,06 6,56 99,00 844,00 5742
287 49,08 6,06 6,56 99,00 847,00 5742
288 49,08 5,72 6,19 99,00 850,00 5742
289 49,08 5,72 6,19 99,00 853,00 5742
290 49,08 5,72 6,19 99,00 856,00 5742
291 49,08 5,72 6,19 99,00 859,00 5742
292 49,08 5,72 6,19 99,00 862,00 5742
293 49,08 5,72 6,19 99,00 865,00 5742
294 49,08 5,72 6,19 99,00 868,00 5742
295 49,08 5,72 6,19 99,00 871,00 5742
296 49,08 5,72 6,19 99,00 874,00 5742
297 49,08 5,72 6,19 99,00 877,00 5742
298 49,08 5,72 6,19 99,00 880,00 5742
299 49,08 5,72 6,19 99,00 883,00 5742
300 49,08 5,72 6,19 1,00 886,00 5742
301 49,08 5,72 6,19 1,00 889,00 5752
302 49,08 5,72 6,19 1,00 892,00 5752
303 49,08 5,72 6,19 1,00 895,00 5752
304 49,08 5,72 6,19 1,00 898,00 5752
305 49,08 5,72 6,19 1,00 901,00 5752
306 49,08 5,72 6,19 1,00 904,00 5762
307 49,08 5,72 6,19 1,00 907,00 5773
308 49,08 5,72 6,19 1,00 910,00 5778
309 49,08 5,72 6,19 1,00 913,00 5780
310 49,08 5,72 6,19 1,00 916,00 5780
311 49,08 5,72 6,19 1,00 919,00 5780
312 49,08 5,72 6,19 1,00 922,00 5780
313 49,08 5,72 6,19 1,00 925,00 5782
314 49,08 5,72 6,19 1,00 928,00 5783
315 49,08 5,72 6,19 1,00 931,00 5783
316 49,08 0,05 0,06 1,00 934,00 5783
317 49,08 0,05 0,06 1,00 937,00 5783
318 49,08 0,05 0,06 1,00 940,00 5783
319 49,08 0,05 0,06 1,00 943,00 5783
320 49,08 0,05 0,06 1,00 946,00 5783
321 49,08 0,05 0,06 1,00 949,00 5783
322 49,08 0,05 0,06 1,00 952,00 5783
323 49,08 0,05 0,06 1,00 955,00 5783
324 49,08 0,05 0,06 1,00 958,00 5783
325 49,08 0,05 0,06 1,00 961,00 5783
326 49,08 0,05 0,06 1,00 964,00 5783
327 49,08 0,05 0,05 1,00 967,00 5783
328 49,08 0,05 0,05 1,00 970,00 5783
329 49,08 0,05 0,05 1,00 973,00 5783
330 49,08 0,05 0,05 99,00 976,00 5783
331 49,08 4,98 5,40 99,00 978,00 5809
332 49,08 4,98 5,40 99,00 981,00 5815
333 49,08 4,98 5,40 99,00 984,00 5818
334 49,08 4,98 5,40 99,00 987,00 5819
335 49,08 4,98 5,40 99,00 990,00 5820
336 49,08 4,89 5,30 99,00 993,00 5820
337 49,08 4,89 5,30 99,00 996,00 5820
338 49,08 4,89 5,30 99,00 999,00 5820
339 49,08 4,89 5,30 99,00 1.002,00 5820
340 49,08 4,83 5,24 99,00 1.005,00 5820
341 49,08 4,83 5,24 99,00 1.008,00 5820
342 49,08 4,83 5,24 99,00 1.011,00 5820
343 49,08 4,83 5,24 99,00 1.014,00 5820
344 49,08 4,83 5,24 99,00 1.017,00 5820
345 49,08 4,83 5,24 99,00 1.020,00 5820
346 49,08 4,83 5,24 99,00 1.023,00 5820
347 49,08 4,83 5,24 99,00 1.026,00 5820
348 49,08 4,83 5,24 99,00 1.029,00 5820
349 49,08 4,83 5,24 99,00 1.032,00 5820
350 49,08 4,83 5,24 99,00 1.035,00 5820
351 49,08 4,83 5,24 99,00 1.038,00 5820
352 49,08 4,83 5,24 99,00 1.041,00 5820
353 49,08 4,83 5,24 99,00 1.044,00 5820
354 49,08 4,83 5,24 99,00 1.047,00 5820
355 49,08 4,83 5,24 99,00 1.050,00 5820
356 49,08 4,83 5,24 99,00 1.053,00 5820
357 49,08 4,83 5,24 99,00 1.056,00 5820
358 49,08 4,83 5,24 99,00 1.059,00 5820
359 49,08 4,83 5,24 99,00 1.062,00 5820
360 49,08 4,83 5,24 1,00 1.065,00 5820
361 49,08 4,83 5,24 1,00 1.068,00 5827
362 49,08 4,83 5,24 1,00 1.071,00 5827
363 49,08 4,83 5,24 1,00 1.074,00 5827
364 49,08 4,83 5,24 1,00 1.077,00 5827
365 49,08 4,83 5,24 1,00 1.080,00 5827
366 49,08 4,83 5,24 1,00 1.083,00 5827
367 49,08 4,83 5,24 1,00 1.086,00 5827
368 49,08 0,05 0,05 1,00 1.089,00 5827
369 49,08 0,05 0,05 1,00 1.092,00 5827
370 49,08 0,05 0,05 1,00 1.095,00 5827
371 49,08 0,05 0,05 1,00 1.098,00 5827
372 49,08 0,05 0,05 1,00 1.101,00 5827
373 49,08 0,05 0,05 1,00 1.104,00 5827
374 49,08 0,05 0,05 1,00 1.107,00 5827
375 49,08 0,04 0,05 1,00 1.110,00 5827
376 49,08 0,04 0,05 1,00 1.113,00 5827
377 49,08 0,04 0,05 1,00 1.116,00 5827
378 49,08 0,04 0,05 1,00 1.119,00 5827
379 49,08 0,04 0,05 1,00 1.122,00 5827
380 49,08 0,04 0,05 1,00 1.125,00 5827
381 49,08 0,04 0,05 1,00 1.128,00 5827
382 49,08 0,04 0,05 1,00 1.131,00 5827
383 49,08 0,04 0,05 1,00 1.134,00 5833
384 49,08 0,04 0,05 1,00 1.137,00 5833
385 49,08 0,04 0,05 1,00 1.140,00 5833
386 49,08 0,04 0,05 1,00 1.143,00 5833
387 49,08 0,04 0,05 1,00 1.146,00 5833
388 49,08 0,04 0,05 1,00 1.149,00 5833
389 49,08 0,04 0,05 1,00 1.152,00 5833
390 49,08 0,04 0,05 99,00 1.155,00 5833
391 49,08 4,21 4,56 99,00 1.157,00 5854
392 49,08 4,19 4,54 99,00 1.160,00 5858
393 49,08 4,19 4,54 99,00 1.163,00 5861
394 49,08 4,19 4,54 99,00 1.166,00 5861
395 49,08 4,16 4,50 99,00 1.169,00 5861
396 49,08 4,16 4,50 99,00 1.172,00 5861
397 49,08 4,16 4,50 99,00 1.175,00 5861
398 49,08 4,16 4,50 99,00 1.178,00 5861
399 49,08 4,16 4,50 99,00 1.181,00 5861
400 49,08 4,16 4,50 99,00 1.184,00 5861
401 49,08 4,16 4,50 99,00 1.187,00 5865
402 49,08 4,16 4,50 99,00 1.190,00 5866
403 49,08 4,16 4,50 99,00 1.193,00 5866
404 49,08 4,06 4,40 99,00 1.196,00 5866
405 49,08 4,06 4,40 99,00 1.199,00 5866
406 49,08 4,04 4,38 99,00 1.202,00 5866
407 49,08 4,04 4,38 99,00 1.205,00 5866
408 49,08 4,04 4,38 99,00 1.208,00 5866
409 49,08 4,01 4,35 99,00 1.211,00 5866
410 49,08 4,01 4,35 99,00 1.214,00 5866
411 49,08 4,01 4,35 99,00 1.217,00 5866
412 49,08 4,01 4,35 99,00 1.220,00 5866
413 49,08 4,01 4,35 99,00 1.223,00 5866
414 49,08 4,01 4,35 99,00 1.226,00 5866
415 49,08 4,01 4,35 99,00 1.229,00 5866
416 49,08 4,01 4,35 99,00 1.232,00 5866
417 49,08 4,01 4,35 99,00 1.235,00 5866
418 49,08 4,01 4,35 99,00 1.238,00 5866
419 49,08 4,01 4,35 99,00 1.241,00 5866
420 49,08 3,91 4,23 1,00 1.244,00 5866
421 49,08 3,91 4,23 1,00 1.247,00 5875
422 49,08 3,91 4,23 1,00 1.250,00 5878
423 49,08 3,91 4,23 1,00 1.253,00 5879
424 49,08 3,91 4,23 1,00 1.256,00 5879
425 49,08 3,91 4,23 1,00 1.259,00 5879
426 49,08 3,91 4,23 1,00 1.262,00 5879
427 49,08 3,91 4,23 1,00 1.265,00 5879
428 49,08 3,91 4,23 1,00 1.268,00 5880
429 49,08 3,91 4,23 1,00 1.271,00 5880
430 49,08 3,91 4,23 1,00 1.274,00 5880
431 49,08 3,91 4,23 1,00 1.277,00 5880
432 49,08 3,91 4,23 1,00 1.280,00 5880
433 49,08 0,04 0,04 1,00 1.283,00 5880
434 49,08 0,04 0,04 1,00 1.286,00 5880
435 49,08 0,04 0,04 1,00 1.289,00 5880
436 49,08 0,04 0,04 1,00 1.292,00 5880
437 49,08 0,04 0,04 1,00 1.295,00 5880
438 49,08 0,04 0,04 1,00 1.298,00 5880
439 49,08 0,04 0,04 1,00 1.301,00 5880
440 49,08 0,04 0,04 1,00 1.304,00 5880
441 49,08 0,04 0,04 1,00 1.307,00 5880
442 49,08 0,04 0,04 1,00 1.310,00 5880
443 49,08 0,04 0,04 1,00 1.313,00 5880
444 49,08 0,04 0,04 1,00 1.316,00 5880
445 49,08 0,04 0,04 1,00 1.319,00 5880
446 49,08 0,04 0,04 1,00 1.322,00 5880
447 49,08 0,04 0,04 1,00 1.325,00 5880
448 49,08 0,04 0,04 1,00 1.328,00 5880
449 49,08 0,04 0,04 1,00 1.331,00 5880
450 49,08 0,04 0,04 99,00 1.334,00 5880
451 49,08 3,64 3,95 99,00 1.336,00 5901
452 49,08 3,64 3,95 99,00 1.339,00 5908
453 49,08 3,64 3,95 99,00 1.342,00 5908
454 49,08 3,61 3,91 99,00 1.345,00 5908
455 49,08 3,61 3,91 99,00 1.348,00 5908
456 49,08 3,61 3,91 99,00 1.351,00 5909
457 49,08 3,59 3,89 99,00 1.354,00 5909
458 49,08 3,59 3,89 99,00 1.357,00 5909
459 49,08 3,59 3,89 99,00 1.360,00 5909
460 49,08 3,59 3,89 99,00 1.363,00 5909
461 49,08 3,59 3,89 99,00 1.366,00 5909
462 49,08 3,59 3,89 99,00 1.369,00 5909
463 49,08 3,59 3,89 99,00 1.372,00 5909
464 49,08 3,59 3,89 99,00 1.375,00 5909
465 49,08 3,59 3,89 99,00 1.378,00 5909
466 49,08 3,59 3,89 99,00 1.381,00 5909
467 49,08 3,51 3,80 99,00 1.384,00 5909
468 49,08 3,50 3,79 99,00 1.387,00 5909
469 49,08 3,50 3,79 99,00 1.390,00 5909
470 49,08 3,50 3,79 99,00 1.393,00 5909
471 49,08 3,50 3,79 99,00 1.396,00 5909
472 49,08 3,50 3,79 99,00 1.399,00 5909
473 49,08 3,47 3,75 99,00 1.402,00 5909
474 49,08 3,47 3,75 99,00 1.405,00 5909
475 49,08 3,47 3,75 99,00 1.408,00 5909
476 49,08 3,47 3,75 99,00 1.411,00 5909
477 49,08 3,47 3,75 99,00 1.414,00 5909
478 49,08 3,47 3,75 99,00 1.417,00 5909
479 49,08 3,47 3,75 99,00 1.420,00 5909
480 49,08 3,47 3,75 1,00 1.423,00 5909
481 49,08 3,47 3,75 1,00 1.426,00 5915
482 49,08 0,03 0,04 1,00 1.429,00 5916
483 49,08 0,03 0,04 1,00 1.432,00 5916
484 49,08 0,03 0,04 1,00 1.435,00 5916
485 49,08 0,03 0,04 1,00 1.438,00 5916
486 49,08 0,03 0,04 1,00 1.441,00 5916
487 49,08 0,03 0,04 1,00 1.444,00 5916
488 49,08 0,03 0,04 1,00 1.447,00 5916
489 49,08 0,03 0,04 1,00 1.450,00 5916
490 49,08 0,03 0,04 1,00 1.453,00 5916
491 49,08 0,03 0,04 1,00 1.456,00 5916
492 49,08 0,03 0,04 1,00 1.459,00 5916
493 49,08 0,03 0,04 1,00 1.462,00 5916
494 49,08 0,03 0,04 1,00 1.465,00 5916
495 49,08 0,03 0,04 1,00 1.468,00 5916
496 49,08 0,03 0,04 1,00 1.471,00 5916
497 49,08 0,03 0,04 1,00 1.474,00 5916
498 49,08 0,03 0,04 1,00 1.477,00 5916
499 49,08 0,03 0,04 1,00 1.480,00 5916
500 49,08 0,03 0,04 1,00 1.483,00 5916
501 49,08 0,03 0,04 1,00 1.486,00 5916
502 49,08 0,03 0,04 1,00 1.489,00 5916
503 49,08 0,03 0,04 1,00 1.492,00 5916
504 49,08 0,03 0,04 1,00 1.495,00 5916
505 49,08 0,03 0,04 1,00 1.498,00 5919
506 49,08 0,03 0,04 1,00 1.501,00 5919
507 49,08 0,03 0,04 1,00 1.504,00 5919
508 49,08 0,03 0,04 1,00 1.507,00 5919
509 49,08 0,03 0,04 1,00 1.510,00 5919
510 49,08 0,03 0,04 99,00 1.513,00 5919
511 49,08 3,21 3,48 99,00 1.515,00 5935
512 49,08 3,21 3,48 99,00 1.518,00 5937
513 49,08 3,21 3,48 99,00 1.521,00 5938
514 49,08 3,21 3,48 99,00 1.524,00 5938
515 49,08 3,21 3,48 99,00 1.527,00 5938
516 49,08 3,21 3,48 99,00 1.530,00 5938
517 49,08 3,21 3,48 99,00 1.533,00 5938
518 49,08 3,21 3,48 99,00 1.536,00 5938
519 49,08 3,21 3,48 99,00 1.539,00 5938
520 49,08 3,21 3,48 99,00 1.542,00 5938
521 49,08 3,14 3,41 99,00 1.545,00 5938
522 49,08 3,14 3,41 99,00 1.548,00 5938
523 49,08 3,14 3,41 99,00 1.551,00 5938
524 49,08 3,14 3,41 99,00 1.554,00 5938
525 49,08 3,14 3,41 99,00 1.557,00 5938
526 49,08 3,14 3,41 99,00 1.560,00 5938
527 49,08 3,11 3,37 99,00 1.563,00 5938
528 49,08 3,11 3,37 99,00 1.566,00 5938
529 49,08 3,11 3,37 99,00 1.569,00 5938
530 49,08 3,11 3,37 99,00 1.572,00 5938
531 49,08 3,11 3,37 99,00 1.575,00 5938
532 49,08 3,11 3,37 99,00 1.578,00 5938
533 49,08 3,11 3,37 99,00 1.581,00 5938
534 49,08 3,11 3,37 99,00 1.584,00 5938
535 49,08 3,11 3,37 99,00 1.587,00 5938
536 49,08 3,11 3,37 99,00 1.590,00 5938
537 49,08 3,11 3,37 99,00 1.593,00 5938
538 49,08 3,11 3,37 99,00 1.596,00 5938
539 49,08 3,04 3,29 99,00 1.599,00 5938
540 49,08 3,04 3,29 1,00 1.602,00 5938
541 49,08 3,04 3,29 1,00 1.605,00 5942
542 49,08 3,04 3,29 1,00 1.608,00 5944
543 49,08 3,04 3,29 1,00 1.611,00 5946
544 49,08 3,04 3,29 1,00 1.614,00 5947
545 49,08 3,04 3,29 1,00 1.617,00 5958
546 49,08 3,04 3,29 1,00 1.620,00 5965
547 49,08 3,04 3,29 1,00 1.623,00 5965
548 49,08 3,04 3,29 1,00 1.626,00 5965
549 49,08 0,03 0,03 1,00 1.629,00 5965
550 49,08 0,03 0,03 1,00 1.632,00 5965
551 49,08 0,03 0,03 1,00 1.635,00 5965
552 49,08 0,03 0,03 1,00 1.638,00 5965
553 49,08 0,03 0,03 1,00 1.641,00 5965
554 49,08 0,03 0,03 1,00 1.644,00 5965
555 49,08 0,03 0,03 1,00 1.647,00 5965
556 49,08 0,03 0,03 1,00 1.650,00 5965
557 49,08 0,03 0,03 1,00 1.653,00 5965
558 49,08 0,03 0,03 1,00 1.656,00 5965
559 49,08 0,03 0,03 1,00 1.659,00 5969
560 49,08 0,03 0,03 1,00 1.662,00 5969
561 49,08 0,03 0,03 1,00 1.665,00 5969
562 49,08 0,03 0,03 1,00 1.668,00 5969
563 49,08 0,03 0,03 1,00 1.671,00 5969
564 49,08 0,03 0,03 1,00 1.674,00 5969
565 49,08 0,03 0,03 1,00 1.677,00 5969
566 49,08 0,03 0,03 1,00 1.680,00 5969
567 49,08 0,03 0,03 1,00 1.683,00 5969
568 49,08 0,03 0,03 1,00 1.686,00 5969
569 49,08 0,03 0,03 1,00 1.689,00 5969
570 49,08 0,03 0,03 99,00 1.692,00 5969
571 49,08 0,03 0,03 99,00 1.695,00 5988
572 49,08 2,87 3,11 99,00 1.697,00 5994
573 49,08 2,87 3,11 99,00 1.700,00 5999
574 49,08 2,87 3,11 99,00 1.703,00 6004
575 49,08 2,87 3,11 99,00 1.706,00 6007
576 49,08 2,84 3,08 99,00 1.709,00 6009
577 49,08 2,84 3,07 99,00 1.712,00 6010
578 49,08 2,84 3,07 99,00 1.715,00 6010
579 49,08 2,83 3,06 99,00 1.718,00 6010
580 49,08 2,83 3,06 99,00 1.721,00 6010
581 49,08 2,83 3,06 99,00 1.724,00 6010
582 49,08 2,81 3,05 99,00 1.727,00 6010
583 49,08 2,81 3,05 99,00 1.730,00 6010
584 49,08 2,81 3,05 99,00 1.733,00 6010
585 49,08 2,81 3,05 99,00 1.736,00 6010
586 49,08 2,81 3,05 99,00 1.739,00 6010
587 49,08 2,79 3,02 99,00 1.742,00 6010
588 49,08 2,79 3,02 99,00 1.745,00 6010
589 49,08 2,79 3,02 99,00 1.748,00 6010
590 49,08 2,79 3,02 99,00 1.751,00 6010
591 49,08 2,79 3,02 99,00 1.754,00 6010
592 49,08 2,79 3,02 99,00 1.757,00 6010
593 49,08 2,76 2,99 99,00 1.760,00 6010
594 49,08 2,76 2,99 99,00 1.763,00 6010
595 49,08 2,76 2,99 99,00 1.766,00 6010
596 49,08 2,76 2,99 99,00 1.769,00 6010
597 49,08 2,76 2,99 99,00 1.772,00 6010
598 49,08 2,76 2,99 99,00 1.775,00 6010
599 49,08 2,76 2,99 99,00 1.778,00 6010
600 49,08 2,76 2,99 4,00 1.781,00 6010
601 49,08 2,76 2,99 4,00 1.784,00 6019
602 49,08 2,76 2,99 4,00 1.787,00 6021
603 49,08 2,76 2,99 4,00 1.790,00 6022
604 49,08 0,11 0,12 4,00 1.793,00 6022
605 49,08 0,11 0,12 4,00 1.796,00 6022
606 49,08 0,11 0,12 4,00 1.799,00 6022
607 49,08 0,11 0,12 4,00 1.802,00 6022
608 49,08 0,11 0,12 4,00 1.805,00 6023
609 49,08 0,11 0,12 4,00 1.808,00 6023
610 49,08 0,11 0,12 4,00 1.811,00 6023
611 49,08 0,11 0,12 4,00 1.814,00 6023
612 49,08 0,11 0,12 4,00 1.817,00 6023
613 49,08 0,11 0,12 4,00 1.820,00 6023
614 49,08 0,11 0,12 4,00 1.823,00 6023
615 49,08 0,11 0,12 4,00 1.826,00 6023
616 49,08 0,11 0,12 4,00 1.829,00 6023
617 49,08 0,11 0,12 4,00 1.832,00 6023
618 49,08 0,11 0,12 4,00 1.835,00 6023
619 49,08 0,11 0,12 4,00 1.838,00 6023
620 49,08 0,11 0,12 4,00 1.841,00 6023
621 49,08 0,11 0,12 4,00 1.844,00 6023
622 49,08 0,11 0,12 4,00 1.847,00 6023
623 49,08 0,11 0,12 4,00 1.850,00 6023
624 49,08 0,11 0,12 4,00 1.853,00 6023
625 49,08 0,11 0,12 4,00 1.856,00 6023
626 49,08 0,11 0,11 4,00 1.859,00 6023
627 49,08 0,11 0,11 4,00 1.862,00 6023
628 49,08 0,11 0,11 4,00 1.865,00 6023
629 49,08 0,11 0,11 4,00 1.868,00 6023
630 49,08 0,11 0,11 100,00 1.871,00 6023
631 49,08 0,11 0,11 100,00 1.874,00 6039
632 49,08 2,61 2,83 100,00 1.877,00 6043
633 49,08 2,61 2,83 100,00 1.880,00 6043
634 49,08 2,61 2,83 100,00 1.883,00 6043
635 49,08 2,61 2,83 100,00 1.886,00 6043
636 49,08 2,61 2,83 100,00 1.889,00 6043
637 49,08 2,61 2,83 100,00 1.892,00 6043
638 49,08 2,61 2,83 100,00 1.895,00 6043
639 49,08 2,61 2,83 100,00 1.898,00 6043
640 49,08 2,61 2,83 100,00 1.901,00 6043
641 49,08 2,61 2,83 100,00 1.904,00 6043
642 49,08 2,61 2,83 100,00 1.907,00 6043
643 49,08 2,61 2,83 100,00 1.910,00 6043
644 49,08 2,61 2,83 100,00 1.913,00 6043
645 49,08 2,61 2,83 100,00 1.916,00 6043
646 49,08 2,61 2,83 100,00 1.919,00 6043
647 49,08 2,61 2,83 100,00 1.922,00 6043
648 49,08 2,61 2,83 100,00 1.925,00 6043
649 49,08 2,61 2,83 100,00 1.928,00 6043
650 49,08 2,61 2,83 100,00 1.931,00 6043
651 49,08 2,61 2,83 100,00 1.934,00 6043
652 49,08 2,61 2,83 100,00 1.937,00 6043
653 49,08 2,61 2,83 100,00 1.940,00 6043
654 49,08 2,61 2,83 100,00 1.943,00 6043
655 49,08 2,61 2,83 100,00 1.946,00 6043
656 49,08 2,61 2,83 100,00 1.949,00 6043
657 49,08 2,61 2,83 100,00 1.952,00 6043
658 49,08 2,61 2,83 100,00 1.955,00 6043
659 49,08 2,61 2,83 100,00 1.958,00 6043
660 49,08 2,61 2,83 1,00 1.961,00 6043
661 49,08 0,02 0,03 1,00 1.964,00 6047
662 49,08 0,02 0,03 1,00 1.967,00 6047
663 49,08 0,02 0,03 1,00 1.970,00 6047
664 49,08 0,02 0,03 1,00 1.973,00 6047
665 49,08 0,02 0,03 1,00 1.976,00 6047
666 49,08 0,02 0,03 1,00 1.979,00 6047
667 49,08 0,02 0,03 1,00 1.982,00 6047
668 49,08 0,02 0,03 1,00 1.985,00 6048
669 49,08 0,02 0,03 1,00 1.988,00 6048
670 49,08 0,02 0,03 1,00 1.991,00 6048
671 49,08 0,02 0,03 1,00 1.994,00 6048
672 49,08 0,02 0,03 1,00 1.997,00 6048
673 49,08 0,02 0,03 1,00 2.000,00 6048
674 49,08 0,02 0,03 1,00 2.003,00 6048
675 49,08 0,02 0,03 1,00 2.006,00 6048
676 49,08 0,02 0,03 1,00 2.009,00 6048
677 49,08 0,02 0,03 1,00 2.012,00 6048
678 49,08 0,02 0,03 1,00 2.015,00 6048
679 49,08 0,02 0,03 1,00 2.018,00 6048
680 49,08 0,02 0,03 1,00 2.021,00 6048
681 49,08 0,02 0,03 1,00 2.024,00 6048
682 49,08 0,02 0,03 1,00 2.027,00 6048
683 49,08 0,02 0,03 1,00 2.030,00 6048
684 49,08 0,02 0,03 1,00 2.033,00 6048
685 49,08 0,02 0,03 1,00 2.036,00 6048
686 49,08 0,02 0,03 1,00 2.039,00 6048
687 49,08 0,02 0,03 1,00 2.042,00 6048
688 49,08 0,02 0,03 1,00 2.045,00 6048
689 49,08 0,02 0,03 1,00 2.048,00 6048
690 49,08 0,02 0,03 99,00 2.051,00 6048
691 49,08 0,02 0,03 99,00 2.054,00 6060
692 49,08 2,36 2,56 99,00 2.057,00 6063
693 49,08 2,36 2,56 99,00 2.060,00 6066
694 49,08 2,36 2,56 99,00 2.063,00 6067
695 49,08 2,36 2,56 99,00 2.066,00 6068
696 49,08 2,36 2,56 99,00 2.069,00 6070
697 49,08 2,36 2,56 99,00 2.072,00 6070
698 49,08 2,36 2,56 99,00 2.075,00 6070
699 49,08 2,36 2,56 99,00 2.078,00 6070
700 49,08 2,36 2,56 99,00 2.081,00 6070
701 49,08 2,36 2,56 99,00 2.084,00 6070
702 49,08 2,36 2,56 99,00 2.087,00 6070
703 49,08 2,36 2,56 99,00 2.090,00 6070
704 49,08 2,36 2,56 99,00 2.093,00 6070
705 49,08 2,36 2,56 99,00 2.096,00 6070
706 49,08 2,36 2,56 99,00 2.099,00 6070
707 49,08 2,36 2,56 99,00 2.102,00 6070
708 49,08 2,36 2,56 99,00 2.105,00 6070
709 49,08 2,36 2,56 99,00 2.108,00 6070
710 49,08 2,36 2,56 99,00 2.111,00 6070
711 49,08 2,36 2,56 99,00 2.114,00 6070
712 49,08 2,36 2,56 99,00 2.117,00 6070
713 49,08 2,36 2,56 99,00 2.120,00 6070
714 49,08 2,36 2,56 99,00 2.123,00 6070
715 49,08 2,36 2,56 99,00 2.126,00 6070
716 49,08 2,28 2,47 99,00 2.129,00 6070
717 49,08 2,28 2,47 99,00 2.132,00 6070
718 49,08 2,28 2,47 99,00 2.135,00 6070
719 49,08 2,28 2,47 99,00 2.138,00 6070
720 49,08 2,28 2,47 2,00 2.141,00 6070
721 49,08 2,28 2,47 2,00 2.144,00 6073
722 49,08 2,28 2,47 2,00 2.147,00 6073
723 49,08 2,28 2,47 2,00 2.150,00 6073
724 49,08 2,28 2,47 2,00 2.153,00 6073
725 49,08 2,28 2,47 2,00 2.156,00 6073
726 49,08 2,28 2,47 2,00 2.159,00 6073
727 49,08 2,28 2,47 2,00 2.162,00 6073
728 49,08 2,28 2,47 2,00 2.165,00 6073
729 49,08 2,28 2,47 2,00 2.168,00 6073
730 49,08 2,28 2,47 2,00 2.171,00 6073
731 49,08 2,28 2,47 2,00 2.174,00 6073
732 49,08 2,28 2,47 2,00 2.177,00 6073
733 49,08 2,28 2,47 2,00 2.180,00 6073
734 49,08 2,28 2,47 2,00 2.183,00 6073
735 49,08 2,28 2,47 2,00 2.186,00 6073
736 49,08 2,28 2,47 2,00 2.189,00 6073
737 49,08 2,28 2,47 2,00 2.192,00 6073
738 49,08 2,28 2,47 2,00 2.195,00 6073
739 49,08 2,28 2,47 2,00 2.198,00 6073
740 49,08 2,28 2,47 2,00 2.201,00 6073
741 49,08 2,28 2,47 2,00 2.204,00 6073
742 49,08 2,28 2,47 2,00 2.207,00 6073
743 49,08 2,28 2,47 2,00 2.210,00 6073
744 49,08 2,28 2,47 2,00 2.213,00 6073
745 49,08 2,28 2,47 2,00 2.216,00 6073
746 49,08 2,28 2,47 2,00 2.219,00 6073
747 49,08 2,28 2,47 2,00 2.222,00 6073
748 49,08 2,28 2,47 2,00 2.225,00 6073
749 49,08 2,28 2,47 2,00 2.228,00 6073
750 49,08 2,28 2,47 1,00 2.231,00 6073
751 49,08 2,28 2,47 1,00 2.234,00 6081
752 49,08 2,28 2,47 1,00 2.237,00 6085
753 49,08 2,28 2,47 1,00 2.240,00 6085
754 49,08 0,02 0,02 1,00 2.243,00 6085
755 49,08 0,02 0,02 1,00 2.246,00 6085
756 49,08 0,02 0,02 1,00 2.249,00 6085
757 49,08 0,02 0,02 1,00 2.252,00 6085
758 49,08 0,02 0,02 1,00 2.255,00 6091
759 49,08 0,02 0,02 1,00 2.258,00 6094
760 49,08 0,02 0,02 1,00 2.261,00 6096
761 49,08 0,02 0,02 1,00 2.264,00 6097
762 49,08 0,02 0,02 1,00 2.267,00 6098
763 49,08 0,02 0,02 1,00 2.270,00 6098
764 49,08 0,02 0,02 1,00 2.273,00 6098
765 49,08 0,02 0,02 1,00 2.276,00 6098
766 49,08 0,02 0,02 1,00 2.279,00 6098
767 49,08 0,02 0,02 1,00 2.282,00 6098
768 49,08 0,02 0,02 1,00 2.285,00 6098
769 49,08 0,02 0,02 1,00 2.288,00 6098
770 49,08 0,02 0,02 1,00 2.291,00 6098
771 49,08 0,02 0,02 1,00 2.294,00 6098
772 49,08 0,02 0,02 1,00 2.297,00 6098
773 49,08 0,02 0,02 1,00 2.300,00 6098
774 49,08 0,02 0,02 1,00 2.303,00 6098
775 49,08 0,02 0,02 1,00 2.306,00 6098
776 49,08 0,02 0,02 1,00 2.309,00 6098
777 49,08 0,02 0,02 1,00 2.312,00 6098
778 49,08 0,02 0,02 1,00 2.315,00 6098
779 49,08 0,02 0,02 1,00 2.318,00 6098
780 49,08 0,02 0,02 99,00 2.321,00 6098
781 49,08 2,09 2,27 99,00 2.323,00 6102
782 49,08 2,09 2,27 99,00 2.326,00 6107
783 49,08 2,09 2,27 99,00 2.329,00 6110
784 49,08 2,09 2,27 99,00 2.332,00 6111
785 49,08 2,09 2,27 99,00 2.335,00 6111
786 49,08 2,09 2,27 99,00 2.338,00 6111
787 49,08 2,09 2,27 99,00 2.341,00 6111
788 49,08 2,09 2,27 99,00 2.344,00 6111
789 49,08 2,09 2,27 99,00 2.347,00 6111
790 49,08 2,09 2,27 99,00 2.350,00 6111
791 49,08 2,09 2,27 99,00 2.353,00 6111
792 49,08 2,09 2,27 99,00 2.356,00 6111
793 49,08 2,09 2,27 99,00 2.359,00 6111
794 49,08 2,09 2,27 99,00 2.362,00 6111
795 49,08 2,05 2,23 99,00 2.365,00 6111
796 49,08 2,05 2,23 99,00 2.368,00 6111
797 49,08 2,05 2,23 99,00 2.371,00 6111
798 49,08 2,05 2,23 99,00 2.374,00 6111
799 49,08 2,05 2,23 99,00 2.377,00 6111
800 49,08 2,05 2,23 99,00 2.380,00 6111
801 49,08 2,05 2,23 99,00 2.383,00 6111
802 49,08 2,05 2,23 99,00 2.386,00 6111
803 49,08 2,05 2,23 99,00 2.389,00 6111
804 49,08 2,05 2,23 99,00 2.392,00 6111
805 49,08 2,05 2,23 99,00 2.395,00 6111
806 49,08 2,05 2,23 99,00 2.398,00 6111
807 49,08 2,05 2,23 99,00 2.401,00 6111
808 49,08 2,05 2,23 99,00 2.404,00 6111
809 49,08 2,02 2,19 99,00 2.407,00 6111
810 49,08 2,02 2,19 3,00 2.410,00 6111
811 49,08 2,02 2,19 3,00 2.413,00 6120
812 49,08 2,02 2,19 3,00 2.416,00 6122
813 49,08 2,02 2,19 3,00 2.419,00 6123
814 49,08 2,02 2,19 3,00 2.422,00 6123
815 49,08 0,06 0,07 3,00 2.425,00 6123
816 49,08 0,06 0,07 3,00 2.428,00 6123
817 49,08 0,06 0,07 3,00 2.431,00 6123
818 49,08 0,06 0,07 3,00 2.434,00 6123
819 49,08 0,06 0,07 3,00 2.437,00 6123
820 49,08 0,06 0,07 3,00 2.440,00 6123
821 49,08 0,06 0,07 3,00 2.443,00 6123
822 49,08 0,06 0,07 3,00 2.446,00 6123
823 49,08 0,06 0,07 3,00 2.449,00 6123
824 49,08 0,06 0,07 3,00 2.452,00 6123
825 49,08 0,06 0,07 3,00 2.455,00 6123
826 49,08 0,06 0,07 3,00 2.458,00 6123
827 49,08 0,06 0,07 3,00 2.461,00 6123
828 49,08 0,06 0,07 3,00 2.464,00 6123
829 49,08 0,06 0,07 3,00 2.467,00 6123
830 49,08 0,06 0,07 3,00 2.470,00 6123
831 49,08 0,06 0,07 3,00 2.473,00 6123
832 49,08 0,06 0,07 3,00 2.476,00 6123
833 49,08 0,06 0,07 3,00 2.479,00 6123
834 49,08 0,06 0,07 3,00 2.482,00 6123
835 49,08 0,06 0,07 3,00 2.485,00 6123
836 49,08 0,06 0,07 3,00 2.488,00 6123
837 49,08 0,06 0,07 3,00 2.491,00 6123
838 49,08 0,06 0,07 3,00 2.494,00 6123
839 49,08 0,06 0,07 3,00 2.497,00 6123
840 49,08 0,06 0,07 101,00 2.500,00 6123
841 49,08 0,06 0,07 101,00 2.503,00 6130
842 49,08 0,06 0,07 101,00 2.506,00 6130
843 49,08 0,06 0,07 101,00 2.509,00 6130
844 49,08 0,06 0,07 101,00 2.512,00 6130
845 49,08 0,06 0,07 101,00 2.515,00 6130
846 49,08 1,97 2,13 101,00 2.518,00 6130
847 49,08 1,97 2,13 101,00 2.521,00 6130
848 49,08 1,97 2,13 101,00 2.524,00 6130
849 49,08 1,97 2,13 101,00 2.527,00 6130
850 49,08 1,97 2,13 101,00 2.530,00 6130
851 49,08 1,97 2,13 101,00 2.533,00 6130
852 49,08 1,97 2,13 101,00 2.536,00 6130
853 49,08 1,97 2,13 101,00 2.539,00 6130
854 49,08 1,97 2,13 101,00 2.542,00 6130
855 49,08 1,97 2,13 101,00 2.545,00 6130
856 49,08 1,97 2,13 101,00 2.548,00 6130
857 49,08 1,97 2,13 101,00 2.551,00 6130
858 49,08 1,97 2,13 101,00 2.554,00 6130
859 49,08 1,97 2,13 101,00 2.557,00 6130
860 49,08 1,97 2,13 101,00 2.560,00 6130
861 49,08 1,97 2,13 101,00 2.563,00 6130
862 49,08 1,97 2,13 101,00 2.566,00 6130
863 49,08 1,97 2,13 101,00 2.569,00 6130
864 49,08 1,93 2,09 101,00 2.572,00 6130
865 49,08 1,93 2,09 101,00 2.575,00 6130
866 49,08 1,93 2,09 101,00 2.578,00 6130
867 49,08 1,93 2,09 101,00 2.581,00 6130
868 49,08 1,93 2,09 101,00 2.584,00 6130
869 49,08 1,93 2,09 101,00 2.587,00 6130
870 49,08 1,93 2,09 4,00 2.590,00 6130
871 49,08 1,93 2,09 4,00 2.593,00 6139
872 49,08 1,93 2,09 4,00 2.596,00 6142
873 49,08 1,93 2,09 4,00 2.599,00 6144
874 49,08 1,93 2,09 4,00 2.602,00 6144
875 49,08 1,93 2,09 4,00 2.605,00 6152
876 49,08 0,08 0,08 4,00 2.608,00 6155
877 49,08 0,08 0,08 4,00 2.611,00 6156
878 49,08 0,08 0,08 4,00 2.614,00 6156
879 49,08 0,08 0,08 4,00 2.617,00 6156
880 49,08 0,08 0,08 4,00 2.620,00 6156
881 49,08 0,08 0,08 4,00 2.623,00 6156
882 49,08 0,08 0,08 4,00 2.626,00 6156
883 49,08 0,08 0,08 4,00 2.629,00 6156
884 49,08 0,08 0,08 4,00 2.632,00 6156
885 49,08 0,08 0,08 4,00 2.635,00 6156
886 49,08 0,08 0,08 4,00 2.638,00 6156
887 49,08 0,08 0,08 4,00 2.641,00 6156
888 49,08 0,08 0,08 4,00 2.644,00 6156
889 49,08 0,07 0,08 4,00 2.647,00 6156
890 49,08 0,07 0,08 4,00 2.650,00 6156
891 49,08 0,07 0,08 4,00 2.653,00 6156
892 49,08 0,07 0,08 4,00 2.656,00 6156
893 49,08 0,07 0,08 4,00 2.659,00 6156
894 49,08 0,07 0,08 4,00 2.662,00 6156
895 49,08 0,07 0,08 4,00 2.665,00 6156
896 49,08 0,07 0,08 4,00 2.668,00 6156
897 49,08 0,07 0,08 4,00 2.671,00 6156
898 49,08 0,07 0,08 4,00 2.674,00 6156
899 49,08 0,07 0,08 4,00 2.677,00 6156
900 49,08 0,07 0,08 98,00 2.680,00 6156
901 49,08 0,07 0,08 98,00 2.683,00 6161
902 49,08 0,07 0,08 98,00 2.686,00 6162
903 49,08 0,07 0,08 98,00 2.689,00 6163
904 49,08 0,07 0,08 98,00 2.692,00 6163
905 49,08 0,07 0,08 98,00 2.695,00 6164
906 49,08 1,78 1,93 98,00 2.698,00 6165
907 49,08 1,78 1,93 98,00 2.701,00 6165
908 49,08 1,78 1,93 98,00 2.704,00 6165
909 49,08 1,78 1,93 98,00 2.707,00 6165
910 49,08 1,78 1,93 98,00 2.710,00 6165
911 49,08 1,78 1,93 98,00 2.713,00 6165
912 49,08 1,77 1,92 98,00 2.716,00 6165
913 49,08 1,77 1,92 98,00 2.719,00 6165
914 49,08 1,77 1,92 98,00 2.722,00 6165
915 49,08 1,76 1,91 98,00 2.725,00 6165
916 49,08 1,76 1,91 98,00 2.728,00 6165
917 49,08 1,76 1,91 98,00 2.731,00 6165
918 49,08 1,76 1,91 98,00 2.734,00 6165
919 49,08 1,76 1,91 98,00 2.737,00 6165
920 49,08 1,76 1,91 98,00 2.740,00 6165
921 49,08 1,76 1,91 98,00 2.743,00 6165
922 49,08 1,75 1,90 98,00 2.746,00 6165
923 49,08 1,75 1,90 98,00 2.749,00 6165
924 49,08 1,75 1,90 98,00 2.752,00 6165
925 49,08 1,75 1,90 98,00 2.755,00 6165
926 49,08 1,75 1,90 98,00 2.758,00 6165
927 49,08 1,75 1,90 98,00 2.761,00 6165
928 49,08 1,75 1,90 98,00 2.764,00 6165
929 49,08 1,75 1,90 98,00 2.767,00 6165
930 49,08 1,75 1,90 6,00 2.770,00 6165
931 49,08 1,75 1,90 6,00 2.773,00 6173
932 49,08 1,75 1,90 6,00 2.776,00 6176
933 49,08 1,75 1,90 6,00 2.779,00 6176
934 49,08 0,11 0,11 6,00 2.782,00 6176
935 49,08 0,11 0,11 6,00 2.785,00 6176
936 49,08 0,11 0,11 6,00 2.788,00 6177
937 49,08 0,11 0,11 6,00 2.791,00 6177
938 49,08 0,11 0,11 6,00 2.794,00 6177
939 49,08 0,11 0,11 6,00 2.797,00 6177
940 49,08 0,11 0,11 6,00 2.800,00 6177
941 49,08 0,11 0,11 6,00 2.803,00 6177
942 49,08 0,11 0,11 6,00 2.806,00 6177
943 49,08 0,11 0,11 6,00 2.809,00 6177
944 49,08 0,10 0,11 6,00 2.812,00 6177
945 49,08 0,10 0,11 6,00 2.815,00 6177
946 49,08 0,10 0,11 6,00 2.818,00 6177
947 49,08 0,10 0,11 6,00 2.821,00 6177
948 49,08 0,10 0,11 6,00 2.824,00 6177
949 49,08 0,10 0,11 6,00 2.827,00 6177
950 49,08 0,10 0,11 6,00 2.830,00 6177
951 49,08 0,10 0,11 6,00 2.833,00 6177
952 49,08 0,10 0,11 6,00 2.836,00 6177
953 49,08 0,10 0,11 6,00 2.839,00 6177
954 49,08 0,10 0,11 6,00 2.842,00 6177
955 49,08 0,10 0,11 6,00 2.845,00 6177
956 49,08 0,10 0,11 6,00 2.848,00 6177
957 49,08 0,10 0,11 6,00 2.851,00 6177
958 49,08 0,10 0,11 6,00 2.854,00 6177
959 49,08 0,10 0,11 6,00 2.857,00 6177
960 49,08 0,10 0,11 100,00 2.860,00 6177
961 49,08 0,10 0,11 100,00 2.863,00 6179
962 49,08 0,10 0,11 100,00 2.866,00 6180
963 49,08 0,10 0,11 100,00 2.869,00 6180
964 49,08 0,10 0,11 100,00 2.872,00 6180
965 49,08 0,10 0,11 100,00 2.875,00 6181
966 49,08 0,10 0,11 100,00 2.878,00 6181
967 49,08 0,10 0,11 100,00 2.881,00 6181
968 49,08 0,10 0,11 100,00 2.884,00 6181
969 49,08 0,10 0,11 100,00 2.887,00 6181
970 49,08 0,10 0,11 100,00 2.890,00 6181
971 49,08 0,10 0,11 100,00 2.893,00 6181
972 49,08 0,10 0,11 100,00 2.896,00 6181
973 49,08 0,10 0,11 100,00 2.899,00 6181
974 49,08 0,10 0,11 100,00 2.902,00 6181
975 49,08 1,69 1,83 100,00 2.905,00 6181
976 49,08 1,69 1,83 100,00 2.908,00 6181
977 49,08 1,69 1,83 100,00 2.911,00 6181
978 49,08 1,69 1,83 100,00 2.914,00 6181
979 49,08 1,69 1,83 100,00 2.917,00 6181
980 49,08 1,69 1,83 100,00 2.920,00 6181
981 49,08 1,68 1,82 100,00 2.923,00 6181
982 49,08 1,68 1,82 100,00 2.926,00 6181
983 49,08 1,68 1,82 100,00 2.929,00 6181
984 49,08 1,68 1,82 100,00 2.932,00 6181
985 49,08 1,68 1,82 100,00 2.935,00 6181
986 49,08 1,68 1,82 100,00 2.938,00 6181
987 49,08 1,68 1,82 100,00 2.941,00 6181
988 49,08 1,68 1,82 100,00 2.944,00 6181
989 49,08 1,68 1,82 100,00 2.947,00 6181
990 49,08 1,66 1,80 5,00 2.950,00 6181
991 49,08 1,66 1,80 5,00 2.953,00 6187
992 49,08 1,66 1,80 5,00 2.956,00 6189
993 49,08 1,66 1,80 5,00 2.959,00 6189
994 49,08 1,66 1,80 5,00 2.962,00 6189
995 49,08 1,66 1,80 5,00 2.965,00 6189
996 49,08 1,66 1,80 5,00 2.968,00 6189
997 49,08 1,66 1,80 5,00 2.971,00 6189
998 49,08 1,66 1,80 5,00 2.974,00 6189
999 49,08 1,66 1,80 5,00 2.977,00 6189
