500
0 444,89 444,89 444,89 1,00 85,00
1 444,89 0,00 0,00 1,00 77,00
2 444,89 444,89 475,93 99,00 85,00
3 444,89 0,00 0,00 1,00 94,00
4 444,89 0,00 0,00 99,00 102,00
5 444,89 444,89 356,09 197,00 110,00
6 444,89 0,00 0,00 98,00 119,00
7 444,89 444,89 375,58 196,00 127,00
8 444,89 0,00 0,00 96,00 136,00
9 444,89 444,89 377,76 194,00 144,00
10 444,89 0,00 0,00 94,00 153,00
11 444,89 444,89 382,59 192,00 161,00
12 444,89 0,00 0,00 93,00 170,00
13 444,89 444,89 401,82 191,00 178,00
14 444,89 0,00 0,00 91,00 187,00
15 444,89 0,00 0,00 189,00 195,00
16 444,89 444,89 403,09 287,00 203,00
17 444,89 0,00 0,00 187,00 212,00
18 444,89 444,89 400,77 285,00 220,00
19 444,89 0,00 0,00 185,00 229,00
20 444,89 444,89 400,90 283,00 237,00
21 444,89 0,00 0,00 183,00 246,00
22 444,89 444,89 399,43 281,00 254,00
23 444,89 0,00 0,00 181,00 263,00
24 444,89 444,89 398,83 279,00 271,00
25 444,89 0,00 0,00 179,00 280,00
26 444,89 0,00 0,00 277,00 286,00
27 444,89 444,89 396,98 375,00 294,00
28 444,89 0,00 0,00 275,00 303,00
29 444,89 444,89 396,27 373,00 311,00
30 444,89 0,00 0,00 273,00 320,00
31 444,89 444,89 395,36 371,00 328,00
32 444,89 0,00 0,00 271,00 337,00
33 444,89 444,89 394,70 369,00 345,00
34 444,89 0,00 0,00 269,00 354,00
35 444,89 444,89 393,89 367,00 362,00
36 444,89 0,00 0,00 267,00 371,00
37 444,89 0,00 0,00 365,00 374,00
38 444,89 444,89 392,82 463,00 382,00
39 444,89 0,00 0,00 363,00 391,00
40 444,89 444,89 391,91 461,00 399,00
41 444,89 0,00 0,00 361,00 408,00
42 444,89 444,89 391,09 459,00 416,00
43 444,89 0,00 0,00 359,00 425,00
44 444,89 444,89 390,28 457,00 433,00
45 444,89 0,00 0,00 357,00 442,00
46 444,89 444,89 389,44 455,00 450,00
47 444,89 0,00 0,00 355,00 459,00
48 444,89 0,00 0,00 453,00 462,00
49 444,89 444,89 388,10 551,00 470,00
50 444,89 0,00 0,00 451,00 479,00
51 444,89 444,89 387,29 549,00 487,00
52 444,89 0,00 0,00 449,00 496,00
53 444,89 444,89 386,45 547,00 504,00
54 444,89 0,00 0,00 447,00 513,00
55 444,89 444,89 385,61 545,00 521,00
56 444,89 0,00 0,00 445,00 530,00
57 444,89 444,89 384,78 543,00 538,00
58 444,89 0,00 0,00 443,00 547,00
59 444,89 0,00 0,00 541,00 550,00
60 444,89 444,89 383,58 639,00 558,00
61 444,89 0,00 0,00 539,00 567,00
62 444,89 444,89 382,73 637,00 575,00
63 444,89 0,00 0,00 537,00 584,00
64 444,89 444,89 381,86 635,00 592,00
65 444,89 0,00 0,00 535,00 601,00
66 444,89 444,89 381,01 633,00 609,00
67 444,89 0,00 0,00 533,00 618,00
68 444,89 444,89 380,22 631,00 626,00
69 444,89 0,00 0,00 531,00 635,00
70 444,89 0,00 0,00 629,00 638,00
71 444,89 444,89 378,99 727,00 646,00
72 444,89 0,00 0,00 627,00 655,00
73 444,89 444,89 378,14 725,00 663,00
74 444,89 0,00 0,00 625,00 672,00
75 444,89 444,89 377,32 723,00 680,00
76 444,89 0,00 0,00 623,00 689,00
77 444,89 444,89 376,52 721,00 697,00
78 444,89 0,00 0,00 621,00 706,00
79 444,89 444,89 375,74 719,00 714,00
80 444,89 0,00 0,00 619,00 723,00
81 444,89 0,00 0,00 717,00 726,00
82 444,89 444,89 374,63 815,00 734,00
83 444,89 0,00 0,00 715,00 743,00
84 444,89 444,89 373,88 813,00 751,00
85 444,89 0,00 0,00 713,00 760,00
86 444,89 444,89 373,13 811,00 768,00
87 444,89 0,00 0,00 711,00 777,00
88 444,89 444,89 372,39 809,00 785,00
89 444,89 0,00 0,00 709,00 794,00
90 444,89 444,89 371,62 807,00 802,00
91 444,89 0,00 0,00 707,00 811,00
92 444,89 0,00 0,00 805,00 814,00
93 444,89 444,89 370,51 903,00 822,00
94 444,89 0,00 0,00 803,00 831,00
95 444,89 444,89 369,82 901,00 839,00
96 444,89 0,00 0,00 801,00 848,00
97 444,89 444,89 369,10 899,00 856,00
98 444,89 0,00 0,00 799,00 865,00
99 444,89 444,89 368,38 897,00 873,00
100 444,89 0,00 0,00 797,00 882,00
101 444,89 444,89 367,65 895,00 890,00
102 444,89 0,00 0,00 795,00 899,00
103 444,89 0,00 0,00 893,00 902,00
104 444,89 444,89 366,64 991,00 910,00
105 444,89 0,00 0,00 891,00 919,00
106 444,89 444,89 365,96 989,00 927,00
107 444,89 0,00 0,00 889,00 936,00
108 444,89 444,89 365,29 987,00 944,00
109 444,89 0,00 0,00 887,00 953,00
110 444,89 444,89 364,60 985,00 961,00
111 444,89 0,00 0,00 885,00 970,00
112 444,89 444,89 363,93 983,00 978,00
113 444,89 0,00 0,00 883,00 987,00
114 444,89 0,00 0,00 981,00 990,00
115 444,89 444,89 362,94 1.079,00 998,00
116 444,89 0,00 0,00 979,00 1.007,00
117 444,89 444,89 362,26 1.077,00 1.015,00
118 444,89 0,00 0,00 977,00 1.024,00
119 444,89 444,89 361,60 1.075,00 1.032,00
120 444,89 0,00 0,00 975,00 1.041,00
121 444,89 444,89 360,94 1.073,00 1.049,00
122 444,89 0,00 0,00 973,00 1.058,00
123 444,89 444,89 360,30 1.071,00 1.066,00
124 444,89 0,00 0,00 971,00 1.075,00
125 444,89 0,00 0,00 1.069,00 1.078,00
126 444,89 444,89 359,36 1.167,00 1.086,00
127 444,89 0,00 0,00 1.067,00 1.095,00
128 444,89 444,89 358,79 1.165,00 1.103,00
129 444,89 0,00 0,00 1.065,00 1.112,00
130 444,89 444,89 358,23 1.163,00 1.120,00
131 444,89 0,00 0,00 1.063,00 1.129,00
132 444,89 444,89 357,68 1.161,00 1.137,00
133 444,89 0,00 0,00 1.062,00 1.146,00
134 444,89 444,89 357,13 1.160,00 1.154,00
135 444,89 0,00 0,00 1.060,00 1.163,00
136 444,89 0,00 0,00 1.158,00 1.167,00
137 444,89 444,89 356,34 1.256,00 1.175,00
138 444,89 0,00 0,00 1.156,00 1.184,00
139 444,89 444,89 355,81 1.254,00 1.192,00
140 444,89 0,00 0,00 1.155,00 1.201,00
141 444,89 444,89 355,30 1.253,00 1.209,00
142 444,89 0,00 0,00 1.153,00 1.218,00
143 444,89 444,89 354,79 1.251,00 1.226,00
144 444,89 0,00 0,00 1.151,00 1.235,00
145 444,89 444,89 354,30 1.249,00 1.243,00
146 444,89 0,00 0,00 1.149,00 1.252,00
147 444,89 0,00 0,00 1.247,00 1.256,00
148 444,89 444,89 353,59 1.345,00 1.264,00
149 444,89 0,00 0,00 1.245,00 1.273,00
150 444,89 444,89 353,13 1.343,00 1.281,00
151 444,89 0,00 0,00 1.243,00 1.290,00
152 444,89 444,89 352,67 1.341,00 1.298,00
153 444,89 0,00 0,00 1.241,00 1.307,00
154 444,89 444,89 352,21 1.339,00 1.315,00
155 444,89 0,00 0,00 1.239,00 1.324,00
156 444,89 444,89 351,74 1.337,00 1.332,00
157 444,89 0,00 0,00 1.237,00 1.341,00
158 444,89 0,00 0,00 1.335,00 1.344,00
159 444,89 444,89 351,05 1.433,00 1.352,00
160 444,89 0,00 0,00 1.333,00 1.361,00
161 444,89 444,89 350,60 1.431,00 1.369,00
162 444,89 0,00 0,00 1.331,00 1.378,00
163 444,89 444,89 350,19 1.429,00 1.386,00
164 444,89 0,00 0,00 1.329,00 1.395,00
165 444,89 444,89 349,77 1.427,00 1.403,00
166 444,89 0,00 0,00 1.327,00 1.412,00
167 444,89 444,89 349,36 1.425,00 1.420,00
168 444,89 0,00 0,00 1.325,00 1.429,00
169 444,89 0,00 0,00 1.423,00 1.432,00
170 444,89 444,89 348,73 1.521,00 1.440,00
171 444,89 0,00 0,00 1.421,00 1.449,00
172 444,89 444,89 348,33 1.519,00 1.457,00
173 444,89 0,00 0,00 1.419,00 1.466,00
174 444,89 444,89 347,94 1.517,00 1.474,00
175 444,89 0,00 0,00 1.417,00 1.483,00
176 444,89 444,89 347,56 1.515,00 1.491,00
177 444,89 0,00 0,00 1.415,00 1.500,00
178 444,89 444,89 347,20 1.513,00 1.508,00
179 444,89 0,00 0,00 1.413,00 1.517,00
180 444,89 0,00 0,00 1.511,00 1.520,00
181 444,89 444,89 346,68 1.609,00 1.528,00
182 444,89 0,00 0,00 1.509,00 1.537,00
183 444,89 444,89 346,34 1.607,00 1.545,00
184 444,89 0,00 0,00 1.507,00 1.554,00
185 444,89 444,89 346,02 1.605,00 1.562,00
186 444,89 0,00 0,00 1.505,00 1.571,00
187 444,89 444,89 345,71 1.603,00 1.579,00
188 444,89 0,00 0,00 1.503,00 1.588,00
189 444,89 444,89 345,39 1.601,00 1.596,00
190 444,89 0,00 0,00 1.501,00 1.605,00
191 444,89 0,00 0,00 1.599,00 1.608,00
192 444,89 444,89 344,94 1.697,00 1.616,00
193 444,89 0,00 0,00 1.597,00 1.625,00
194 444,89 444,89 344,63 1.695,00 1.633,00
195 444,89 0,00 0,00 1.595,00 1.642,00
196 444,89 444,89 344,34 1.693,00 1.650,00
197 444,89 0,00 0,00 1.593,00 1.659,00
198 444,89 444,89 344,07 1.691,00 1.667,00
199 444,89 0,00 0,00 1.591,00 1.676,00
200 444,89 444,89 343,80 1.689,00 1.684,00
201 444,89 0,00 0,00 1.589,00 1.693,00
202 444,89 0,00 0,00 1.687,00 1.696,00
203 444,89 444,89 343,41 1.785,00 1.704,00
204 444,89 0,00 0,00 1.686,00 1.713,00
205 444,89 444,89 343,13 1.784,00 1.721,00
206 444,89 0,00 0,00 1.684,00 1.730,00
207 444,89 444,89 342,86 1.782,00 1.738,00
208 444,89 0,00 0,00 1.682,00 1.747,00
209 444,89 444,89 342,59 1.780,00 1.755,00
210 444,89 0,00 0,00 1.680,00 1.764,00
211 444,89 444,89 342,34 1.778,00 1.772,00
212 444,89 0,00 0,00 1.678,00 1.781,00
213 444,89 0,00 0,00 1.776,00 1.785,00
214 444,89 444,89 342,00 1.874,00 1.793,00
215 444,89 0,00 0,00 1.774,00 1.802,00
216 444,89 444,89 341,75 1.872,00 1.810,00
217 444,89 0,00 0,00 1.773,00 1.819,00
218 444,89 444,89 341,51 1.871,00 1.827,00
219 444,89 0,00 0,00 1.771,00 1.836,00
220 444,89 444,89 341,29 1.869,00 1.844,00
221 444,89 0,00 0,00 1.769,00 1.853,00
222 444,89 444,89 341,07 1.867,00 1.861,00
223 444,89 0,00 0,00 1.767,00 1.870,00
224 444,89 0,00 0,00 1.865,00 1.874,00
225 444,89 444,89 340,75 1.963,00 1.882,00
226 444,89 0,00 0,00 1.863,00 1.891,00
227 444,89 444,89 340,53 1.961,00 1.899,00
228 444,89 0,00 0,00 1.861,00 1.908,00
229 444,89 444,89 340,33 1.959,00 1.916,00
230 444,89 0,00 0,00 1.859,00 1.925,00
231 444,89 444,89 340,13 1.957,00 1.933,00
232 444,89 0,00 0,00 1.857,00 1.942,00
233 444,89 444,89 339,95 1.955,00 1.950,00
234 444,89 0,00 0,00 1.855,00 1.959,00
235 444,89 0,00 0,00 1.953,00 1.962,00
236 444,89 444,89 339,69 2.051,00 1.970,00
237 444,89 0,00 0,00 1.952,00 1.979,00
238 444,89 444,89 339,51 2.050,00 1.987,00
239 444,89 0,00 0,00 1.950,00 1.996,00
240 444,89 444,89 339,35 2.048,00 2.004,00
241 444,89 0,00 0,00 1.948,00 2.013,00
242 444,89 444,89 339,18 2.046,00 2.021,00
243 444,89 0,00 0,00 1.946,00 2.030,00
244 444,89 444,89 339,01 2.044,00 2.038,00
245 444,89 0,00 0,00 1.944,00 2.047,00
246 444,89 0,00 0,00 2.042,00 2.051,00
247 444,89 444,89 338,79 2.140,00 2.059,00
248 444,89 0,00 0,00 2.040,00 2.068,00
249 444,89 444,89 338,65 2.138,00 2.076,00
250 444,89 0,00 0,00 2.038,00 2.085,00
251 444,89 444,89 338,51 2.136,00 2.093,00
252 444,89 0,00 0,00 2.036,00 2.102,00
253 444,89 444,89 338,36 2.134,00 2.110,00
254 444,89 0,00 0,00 2.034,00 2.119,00
255 444,89 444,89 338,23 2.132,00 2.127,00
256 444,89 0,00 0,00 2.032,00 2.136,00
257 444,89 0,00 0,00 2.130,00 2.139,00
258 444,89 444,89 338,03 2.228,00 2.147,00
259 444,89 0,00 0,00 2.128,00 2.156,00
260 444,89 444,89 337,88 2.226,00 2.164,00
261 444,89 0,00 0,00 2.126,00 2.173,00
262 444,89 444,89 337,73 2.224,00 2.181,00
263 444,89 0,00 0,00 2.124,00 2.190,00
264 444,89 444,89 337,61 2.222,00 2.198,00
265 444,89 0,00 0,00 2.122,00 2.207,00
266 444,89 444,89 337,49 2.220,00 2.215,00
267 444,89 0,00 0,00 2.120,00 2.224,00
268 444,89 0,00 0,00 2.218,00 2.227,00
269 444,89 444,89 337,31 2.316,00 2.235,00
270 444,89 0,00 0,00 2.216,00 2.244,00
271 444,89 444,89 337,19 2.314,00 2.252,00
272 444,89 0,00 0,00 2.215,00 2.261,00
273 444,89 444,89 337,07 2.313,00 2.269,00
274 444,89 0,00 0,00 2.214,00 2.278,00
275 444,89 444,89 336,95 2.312,00 2.286,00
276 444,89 0,00 0,00 2.213,00 2.295,00
277 444,89 444,89 336,83 2.311,00 2.303,00
278 444,89 0,00 0,00 2.211,00 2.312,00
279 444,89 0,00 0,00 2.309,00 2.318,00
280 444,89 444,89 336,65 2.407,00 2.326,00
281 444,89 0,00 0,00 2.307,00 2.335,00
282 444,89 444,89 336,55 2.405,00 2.343,00
283 444,89 0,00 0,00 2.305,00 2.352,00
284 444,89 444,89 336,46 2.403,00 2.360,00
285 444,89 0,00 0,00 2.303,00 2.369,00
286 444,89 444,89 336,36 2.401,00 2.377,00
287 444,89 0,00 0,00 2.301,00 2.386,00
288 444,89 444,89 336,27 2.399,00 2.394,00
289 444,89 0,00 0,00 2.299,00 2.403,00
290 444,89 0,00 0,00 2.397,00 2.406,00
291 444,89 444,89 336,15 2.495,00 2.414,00
292 444,89 0,00 0,00 2.395,00 2.423,00
293 444,89 444,89 336,06 2.493,00 2.431,00
294 444,89 0,00 0,00 2.393,00 2.440,00
295 444,89 444,89 335,98 2.491,00 2.448,00
296 444,89 0,00 0,00 2.391,00 2.457,00
297 444,89 444,89 335,90 2.489,00 2.465,00
298 444,89 0,00 0,00 2.390,00 2.474,00
299 444,89 444,89 335,84 2.488,00 2.482,00
300 444,89 0,00 0,00 2.389,00 2.491,00
301 444,89 0,00 0,00 2.487,00 2.496,00
302 444,89 444,89 335,75 2.585,00 2.504,00
303 444,89 0,00 0,00 2.485,00 2.513,00
304 444,89 444,89 335,69 2.583,00 2.521,00
305 444,89 0,00 0,00 2.483,00 2.530,00
306 444,89 444,89 335,63 2.581,00 2.538,00
307 444,89 0,00 0,00 2.481,00 2.547,00
308 444,89 444,89 335,56 2.579,00 2.555,00
309 444,89 0,00 0,00 2.479,00 2.564,00
310 444,89 444,89 335,50 2.577,00 2.572,00
311 444,89 0,00 0,00 2.477,00 2.581,00
312 444,89 0,00 0,00 2.575,00 2.584,00
313 444,89 444,89 335,40 2.673,00 2.592,00
314 444,89 0,00 0,00 2.573,00 2.601,00
315 444,89 444,89 335,34 2.671,00 2.609,00
316 444,89 0,00 0,00 2.571,00 2.618,00
317 444,89 444,89 335,29 2.669,00 2.626,00
318 444,89 0,00 0,00 2.569,00 2.635,00
319 444,89 444,89 335,24 2.667,00 2.643,00
320 444,89 0,00 0,00 2.567,00 2.652,00
321 444,89 444,89 335,19 2.665,00 2.660,00
322 444,89 0,00 0,00 2.565,00 2.669,00
323 444,89 0,00 0,00 2.663,00 2.672,00
324 444,89 444,89 335,11 2.761,00 2.680,00
325 444,89 0,00 0,00 2.661,00 2.689,00
326 444,89 444,89 335,05 2.759,00 2.697,00
327 444,89 0,00 0,00 2.659,00 2.706,00
328 444,89 444,89 334,99 2.757,00 2.714,00
329 444,89 0,00 0,00 2.657,00 2.723,00
330 444,89 444,89 334,93 2.755,00 2.731,00
331 444,89 0,00 0,00 2.655,00 2.740,00
332 444,89 444,89 334,89 2.753,00 2.748,00
333 444,89 0,00 0,00 2.653,00 2.757,00
334 444,89 0,00 0,00 2.751,00 2.760,00
335 444,89 444,89 334,83 2.849,00 2.768,00
336 444,89 0,00 0,00 2.749,00 2.777,00
337 444,89 444,89 334,79 2.847,00 2.785,00
338 444,89 0,00 0,00 2.747,00 2.794,00
339 444,89 444,89 334,75 2.845,00 2.802,00
340 444,89 0,00 0,00 2.745,00 2.811,00
341 444,89 444,89 334,71 2.843,00 2.819,00
342 444,89 0,00 0,00 2.743,00 2.828,00
343 444,89 444,89 334,67 2.841,00 2.836,00
344 444,89 0,00 0,00 2.741,00 2.845,00
345 444,89 0,00 0,00 2.839,00 2.848,00
346 444,89 444,89 334,63 2.937,00 2.856,00
347 444,89 0,00 0,00 2.837,00 2.865,00
348 444,89 444,89 334,61 2.935,00 2.873,00
349 444,89 0,00 0,00 2.835,00 2.882,00
350 444,89 444,89 334,58 2.933,00 2.890,00
351 444,89 0,00 0,00 2.833,00 2.899,00
352 444,89 444,89 334,55 2.931,00 2.907,00
353 444,89 0,00 0,00 2.831,00 2.916,00
354 444,89 444,89 334,53 2.929,00 2.924,00
355 444,89 0,00 0,00 2.829,00 2.933,00
356 444,89 0,00 0,00 2.927,00 2.936,00
357 444,89 444,89 334,50 3.025,00 2.944,00
358 444,89 0,00 0,00 2.925,00 2.953,00
359 444,89 444,89 334,48 3.023,00 2.961,00
360 444,89 0,00 0,00 2.923,00 2.970,00
361 444,89 444,89 334,44 3.021,00 2.978,00
362 444,89 0,00 0,00 2.922,00 2.987,00
363 444,89 444,89 334,41 3.020,00 2.995,00
364 444,89 0,00 0,00 2.920,00 3.004,00
365 444,89 444,89 334,38 3.018,00 3.012,00
366 444,89 0,00 0,00 2.918,00 3.021,00
367 444,89 0,00 0,00 3.016,00 3.025,00
368 444,89 444,89 334,36 3.114,00 3.033,00
369 444,89 0,00 0,00 3.015,00 3.042,00
370 444,89 444,89 334,34 3.113,00 3.050,00
371 444,89 0,00 0,00 3.013,00 3.059,00
372 444,89 444,89 334,33 3.111,00 3.067,00
373 444,89 0,00 0,00 3.011,00 3.076,00
374 444,89 444,89 334,31 3.109,00 3.084,00
375 444,89 0,00 0,00 3.009,00 3.093,00
376 444,89 444,89 334,28 3.107,00 3.101,00
377 444,89 0,00 0,00 3.007,00 3.110,00
378 444,89 0,00 0,00 3.105,00 3.114,00
379 444,89 444,89 334,25 3.203,00 3.122,00
380 444,89 0,00 0,00 3.103,00 3.131,00
381 444,89 444,89 334,23 3.201,00 3.139,00
382 444,89 0,00 0,00 3.101,00 3.148,00
383 444,89 444,89 334,22 3.199,00 3.156,00
384 444,89 0,00 0,00 3.099,00 3.165,00
385 444,89 444,89 334,20 3.197,00 3.173,00
386 444,89 0,00 0,00 3.097,00 3.182,00
387 444,89 444,89 334,19 3.195,00 3.190,00
388 444,89 0,00 0,00 3.095,00 3.199,00
389 444,89 0,00 0,00 3.193,00 3.202,00
390 444,89 444,89 334,17 3.291,00 3.210,00
391 444,89 0,00 0,00 3.191,00 3.219,00
392 444,89 444,89 334,16 3.289,00 3.227,00
393 444,89 0,00 0,00 3.189,00 3.236,00
394 444,89 444,89 334,16 3.287,00 3.244,00
395 444,89 0,00 0,00 3.187,00 3.253,00
396 444,89 444,89 334,15 3.285,00 3.261,00
397 444,89 0,00 0,00 3.185,00 3.270,00
398 444,89 444,89 334,13 3.283,00 3.278,00
399 444,89 0,00 0,00 3.183,00 3.287,00
400 444,89 0,00 0,00 3.281,00 3.290,00
401 444,89 444,89 334,14 3.379,00 3.298,00
402 444,89 0,00 0,00 3.279,00 3.307,00
403 444,89 444,89 334,15 3.377,00 3.315,00
404 444,89 0,00 0,00 3.277,00 3.324,00
405 444,89 444,89 334,14 3.375,00 3.332,00
406 444,89 0,00 0,00 3.276,00 3.341,00
407 444,89 444,89 334,14 3.374,00 3.349,00
408 444,89 0,00 0,00 3.274,00 3.358,00
409 444,89 444,89 334,14 3.372,00 3.366,00
410 444,89 0,00 0,00 3.272,00 3.375,00
411 444,89 0,00 0,00 3.370,00 3.379,00
412 444,89 444,89 334,14 3.468,00 3.387,00
413 444,89 0,00 0,00 3.368,00 3.396,00
414 444,89 444,89 334,13 3.466,00 3.404,00
415 444,89 0,00 0,00 3.366,00 3.413,00
416 444,89 444,89 334,14 3.464,00 3.421,00
417 444,89 0,00 0,00 3.364,00 3.430,00
418 444,89 444,89 334,15 3.462,00 3.438,00
419 444,89 0,00 0,00 3.362,00 3.447,00
420 444,89 444,89 334,15 3.460,00 3.455,00
421 444,89 0,00 0,00 3.360,00 3.464,00
422 444,89 0,00 0,00 3.458,00 3.467,00
423 444,89 444,89 334,16 3.556,00 3.475,00
424 444,89 0,00 0,00 3.456,00 3.484,00
425 444,89 444,89 334,16 3.554,00 3.492,00
426 444,89 0,00 0,00 3.454,00 3.501,00
427 444,89 444,89 334,16 3.552,00 3.509,00
428 444,89 0,00 0,00 3.452,00 3.518,00
429 444,89 444,89 334,16 3.550,00 3.526,00
430 444,89 0,00 0,00 3.450,00 3.535,00
431 444,89 444,89 334,16 3.548,00 3.543,00
432 444,89 0,00 0,00 3.448,00 3.552,00
433 444,89 0,00 0,00 3.546,00 3.555,00
434 444,89 444,89 334,16 3.644,00 3.563,00
435 444,89 0,00 0,00 3.544,00 3.572,00
436 444,89 444,89 334,16 3.642,00 3.580,00
437 444,89 0,00 0,00 3.542,00 3.589,00
438 444,89 444,89 334,17 3.640,00 3.597,00
439 444,89 0,00 0,00 3.540,00 3.606,00
440 444,89 444,89 334,17 3.638,00 3.614,00
441 444,89 0,00 0,00 3.538,00 3.623,00
442 444,89 444,89 334,18 3.636,00 3.631,00
443 444,89 0,00 0,00 3.536,00 3.640,00
444 444,89 0,00 0,00 3.634,00 3.643,00
445 444,89 444,89 334,18 3.732,00 3.651,00
446 444,89 0,00 0,00 3.632,00 3.660,00
447 444,89 444,89 334,18 3.730,00 3.668,00
448 444,89 0,00 0,00 3.630,00 3.677,00
449 444,89 444,89 334,18 3.728,00 3.685,00
450 444,89 0,00 0,00 3.629,00 3.694,00
451 444,89 444,89 334,19 3.727,00 3.702,00
452 444,89 0,00 0,00 3.627,00 3.711,00
453 444,89 444,89 334,20 3.725,00 3.719,00
454 444,89 0,00 0,00 3.625,00 3.728,00
455 444,89 0,00 0,00 3.723,00 3.732,00
456 444,89 444,89 334,22 3.821,00 3.740,00
457 444,89 0,00 0,00 3.721,00 3.749,00
458 444,89 444,89 334,23 3.819,00 3.757,00
459 444,89 0,00 0,00 3.719,00 3.766,00
460 444,89 444,89 334,24 3.817,00 3.774,00
461 444,89 0,00 0,00 3.717,00 3.783,00
462 444,89 444,89 334,25 3.815,00 3.791,00
463 444,89 0,00 0,00 3.715,00 3.800,00
464 444,89 444,89 334,26 3.813,00 3.808,00
465 444,89 0,00 0,00 3.713,00 3.817,00
466 444,89 0,00 0,00 3.811,00 3.820,00
467 444,89 444,89 334,28 3.909,00 3.828,00
468 444,89 0,00 0,00 3.809,00 3.837,00
469 444,89 444,89 334,28 3.907,00 3.845,00
470 444,89 0,00 0,00 3.808,00 3.854,00
471 444,89 444,89 334,29 3.906,00 3.862,00
472 444,89 0,00 0,00 3.806,00 3.871,00
473 444,89 444,89 334,31 3.904,00 3.879,00
474 444,89 0,00 0,00 3.804,00 3.888,00
475 444,89 444,89 334,32 3.902,00 3.896,00
476 444,89 0,00 0,00 3.802,00 3.905,00
477 444,89 0,00 0,00 3.900,00 3.909,00
478 444,89 444,89 334,33 3.998,00 3.917,00
479 444,89 0,00 0,00 3.898,00 3.926,00
480 444,89 444,89 334,34 3.996,00 3.934,00
481 444,89 0,00 0,00 3.896,00 3.943,00
482 444,89 444,89 334,34 3.994,00 3.951,00
483 444,89 0,00 0,00 3.894,00 3.960,00
484 444,89 444,89 334,35 3.992,00 3.968,00
485 444,89 0,00 0,00 3.892,00 3.977,00
486 444,89 444,89 334,36 3.990,00 3.985,00
487 444,89 0,00 0,00 3.890,00 3.994,00
488 444,89 0,00 0,00 3.988,00 3.997,00
489 444,89 444,89 334,38 4.086,00 4.005,00
490 444,89 0,00 0,00 3.986,00 4.014,00
491 444,89 444,89 334,40 4.084,00 4.022,00
492 444,89 0,00 0,00 3.984,00 4.031,00
493 444,89 444,89 334,41 4.082,00 4.039,00
494 444,89 0,00 0,00 3.982,00 4.048,00
495 444,89 444,89 334,42 4.080,00 4.056,00
496 444,89 0,00 0,00 3.980,00 4.065,00
497 444,89 444,89 334,43 4.078,00 4.073,00
498 444,89 0,00 0,00 3.978,00 4.082,00
499 444,89 0,00 0,00 4.076,00 4.085,00
