500
0 266,26 266,26 266,26 1,00 82,00 0 1
1 266,26 266,26 266,26 1,00 82,00 2034 1
2 266,26 266,26 30,43 1,00 79,00 5373 1
3 266,26 266,26 38,97 2,00 77,00 8224 1
4 266,26 266,26 51,30 1,00 77,00 10634 1
5 266,26 266,26 48,51 1,00 77,00 12916 1
6 266,26 266,26 73,65 3,00 77,00 15418 1
7 266,26 266,26 87,65 1,00 77,00 17536 1
8 266,26 3,50 1,22 193,00 76,00 19639 1
9 266,26 3,50 1,65 379,00 34,00 21808 1
10 266,26 3,50 1,71 565,00 9,00 23907 1
11 266,26 3,50 2,09 749,00 9,00 25930 1
12 266,26 3,50 2,23 925,00 9,00 27892 1
13 266,26 3,50 2,58 1.101,00 9,00 29850 1
14 266,26 3,50 3,53 1.275,00 9,00 31599 1
15 266,26 3,50 1,97 1.449,00 9,00 33497 1
16 266,26 3,50 4,23 1.629,00 9,00 35789 1
17 266,26 3,50 3,84 1.801,00 9,00 37955 1
18 266,26 3,50 3,14 1.971,00 9,00 39952 1
19 266,26 3,50 3,08 2.141,00 9,00 41766 1
20 266,26 3,50 3,41 2.311,00 9,00 43660 1
21 266,26 3,50 3,43 2.479,00 9,00 45373 1
22 266,26 73.340,52 62.690,65 2.279,00 9,00 47124 1
23 266,26 73.340,52 80.275,72 2.079,00 17,00 48807 1
24 266,26 73.340,52 85.032,53 1.879,00 25,00 50463 1
25 266,26 73.340,52 82.737,01 1.679,00 33,00 52047 1
26 266,26 73.340,52 80.481,01 1.479,00 41,00 53795 1
27 266,26 73.340,52 69.054,28 1.279,00 49,00 55520 1
28 266,26 73.340,52 64.223,01 1.079,00 57,00 57190 1
29 266,26 73.340,52 78.321,48 879,00 65,00 58778 1
30 266,26 73.340,52 88.467,10 679,00 73,00 60394 1
31 266,26 73.340,52 84.589,08 479,00 81,00 62105 1
32 266,26 73.340,52 73.497,20 279,00 89,00 63934 1
33 266,26 765,85 763,40 81,00 97,00 65556 1
34 266,26 765,85 817,52 1,00 97,00 67081 1
35 266,26 765,85 857,37 1,00 97,00 68549 1
36 266,26 765,85 863,28 1,00 97,00 69881 1
37 266,26 765,85 856,32 1,00 97,00 71145 1
38 266,26 765,85 854,35 1,00 97,00 72579 1
39 266,26 765,85 837,91 1,00 97,00 74208 1
40 266,26 765,85 822,65 1,00 97,00 75718 1
41 266,26 765,85 528,68 1,00 97,00 77166 1
42 266,26 765,85 687,55 1,00 97,00 78878 1
43 266,26 765,85 660,82 1,00 97,00 80555 1
44 266,26 765,85 668,07 1,00 97,00 81773 1
45 266,26 765,85 676,85 1,00 97,00 83109 1
46 266,26 765,85 677,33 1,00 97,00 84434 1
47 266,26 765,85 658,54 1,00 97,00 85600 1
48 266,26 2,74 2,38 125,00 97,00 87143 1
49 266,26 2,74 2,34 241,00 77,00 88485 1
50 266,26 2,74 2,30 355,00 66,00 89667 1
51 266,26 2,74 2,73 467,00 35,00 91101 1
52 266,26 2,74 2,80 577,00 9,00 92490 1
53 266,26 2,74 2,73 685,00 9,00 93718 1
54 266,26 2,74 2,69 773,00 9,00 94913 1
55 266,26 2,74 2,66 855,00 9,00 96246 1
56 266,26 2,74 2,69 931,00 9,00 97603 1
57 266,26 2,74 2,62 1.013,00 9,00 98885 1
58 266,26 2,74 2,64 1.101,00 9,00 100402 1
59 266,26 2,74 2,57 1.193,00 9,00 101741 1
60 266,26 2,74 2,57 1.283,00 9,00 103074 1
61 266,26 2,74 2,55 1.367,00 9,00 104418 1
62 266,26 2,74 2,49 1.455,00 9,00 105536 1
63 266,26 2,74 2,48 1.545,00 9,00 106810 1
64 266,26 2,74 2,71 1.629,00 9,00 108412 1
65 266,26 2,74 2,69 1.711,00 9,00 110148 1
66 266,26 2,74 2,71 1.797,00 9,00 111691 1
67 266,26 2,74 2,68 1.877,00 9,00 113010 1
68 266,26 2,74 2,57 1.953,00 9,00 114244 1
69 266,26 2,74 2,61 2.031,00 9,00 115821 1
70 266,26 2,74 2,53 2.105,00 9,00 117266 1
71 266,26 2,74 2,62 2.181,00 9,00 118561 1
72 266,26 2,74 2,62 2.255,00 9,00 120013 1
73 266,26 2,74 2,65 2.323,00 9,00 121298 1
74 266,26 2,74 2,70 2.395,00 9,00 122549 1
75 266,26 2,74 2,66 2.471,00 9,00 123751 1
76 266,26 2,74 2,64 2.547,00 9,00 124905 1
77 266,26 2,74 2,67 2.625,00 9,00 125986 1
78 266,26 2,74 2,64 2.697,00 9,00 127318 1
79 266,26 2,74 2,57 2.773,00 9,00 128543 1
80 266,26 2,74 2,57 2.849,00 9,00 130074 1
81 266,26 2,74 2,48 2.927,00 9,00 131439 1
82 266,26 86.594,48 97.390,98 2.727,00 9,00 132580 1
83 266,26 86.594,48 94.390,66 2.527,00 17,00 133739 1
84 266,26 86.594,48 94.694,96 2.327,00 25,00 134818 1
85 266,26 86.594,48 94.185,89 2.127,00 33,00 135948 1
86 266,26 86.594,48 98.130,66 1.927,00 41,00 136970 1
87 266,26 86.594,48 96.267,24 1.727,00 49,00 138018 1
88 266,26 86.594,48 97.322,48 1.527,00 57,00 139066 1
89 266,26 86.594,48 97.762,81 1.327,00 65,00 139999 1
90 266,26 86.594,48 96.252,58 1.127,00 73,00 141020 1
91 266,26 86.594,48 96.432,26 927,00 81,00 142167 1
92 266,26 86.594,48 92.853,10 727,00 89,00 143191 1
93 266,26 86.594,48 91.871,73 527,00 97,00 144073 1
94 266,26 86.594,48 94.288,85 327,00 105,00 145023 1
95 266,26 86.594,48 94.375,00 127,00 113,00 146050 1
96 266,26 86.594,48 93.477,90 1,00 121,00 147033 1
97 266,26 86.594,48 92.437,62 1,00 121,00 148185 1
98 266,26 86.594,48 93.206,13 1,00 121,00 149496 1
99 266,26 86.594,48 88.383,65 1,00 121,00 150789 1
100 266,26 2,20 2,30 108,00 121,00 151913 1
101 266,26 2,20 2,25 216,00 98,00 152923 1
102 266,26 2,20 2,21 324,00 72,00 154100 1
103 266,26 2,20 2,19 430,00 48,00 155304 1
104 266,26 2,20 2,17 532,00 22,00 156501 1
105 266,26 2,20 2,23 638,00 9,00 157770 1
106 266,26 2,20 2,27 744,00 9,00 159019 1
107 266,26 2,20 2,20 848,00 9,00 160099 1
108 266,26 2,20 2,19 954,00 9,00 161070 1
109 266,26 28.223,82 27.819,29 754,00 9,00 161897 1
110 266,26 11.809,52 11.501,31 554,00 17,00 162626 1
111 266,26 11.809,52 11.407,73 354,00 25,00 163252 1
112 266,26 11.809,52 11.384,27 154,00 33,00 163915 1
113 266,26 11.809,52 11.292,39 1,00 41,00 164484 1
114 266,26 11.809,52 11.255,20 1,00 41,00 165028 1
115 266,26 11.809,52 11.267,00 1,00 41,00 165663 1
116 266,26 11.809,52 11.294,75 1,00 41,00 166330 1
117 266,26 11.809,52 11.260,54 1,00 41,00 166906 1
118 266,26 11.809,52 11.236,97 1,00 41,00 167421 1
119 266,26 11.809,52 11.232,18 1,00 41,00 168035 1
120 266,26 11.809,52 11.145,72 1,00 41,00 168861 1
121 266,26 11.809,52 11.185,65 1,00 41,00 169578 1
122 266,26 11.809,52 11.200,95 1,00 41,00 170224 1
123 266,26 11.809,52 11.290,48 1,00 41,00 170893 1
124 266,26 11.809,52 11.196,22 1,00 41,00 171582 1
125 266,26 11.809,52 11.287,17 1,00 41,00 172216 1
126 266,26 6,49 6,29 1,00 41,00 172756 1
127 266,26 6,49 6,30 1,00 27,00 173305 1
128 266,26 19,02 18,31 1,00 14,00 173840 1
129 266,26 19,02 18,18 1,00 5,00 174427 1
130 266,26 266,26 252,58 1,00 1,00 175026 1
131 266,26 266,26 254,38 1,00 1,00 175704 1
132 266,26 266,26 248,95 1,00 1,00 176270 1
133 266,26 266,26 252,64 1,00 1,00 176881 1
134 266,26 266,26 247,29 1,00 1,00 177431 1
135 266,26 266,26 247,17 1,00 1,00 178005 1
136 266,26 266,26 247,11 1,00 1,00 178566 1
137 266,26 266,26 240,22 1,00 1,00 179265 1
138 266,26 266,26 241,73 1,00 1,00 179894 1
139 266,26 266,26 240,81 1,00 1,00 180482 1
140 266,26 266,26 244,37 1,00 1,00 181063 1
141 266,26 266,26 240,52 1,00 1,00 181637 1
142 266,26 266,26 235,89 1,00 1,00 182152 1
143 266,26 266,26 234,36 1,00 1,00 182626 1
144 266,26 266,26 233,70 1,00 1,00 183097 1
145 266,26 266,26 231,43 1,00 1,00 183576 1
146 266,26 266,26 231,73 1,00 1,00 184032 1
147 266,26 266,26 230,55 1,00 1,00 184511 1
148 266,26 266,26 230,56 1,00 1,00 184974 1
149 266,26 266,26 232,71 1,00 1,00 185531 1
150 266,26 266,26 233,04 1,00 1,00 186058 1
151 266,26 266,26 234,59 1,00 1,00 186631 1
152 266,26 266,26 235,91 1,00 1,00 187173 1
153 266,26 266,26 239,78 1,00 1,00 187653 1
154 266,26 266,26 243,09 1,00 1,00 188087 1
155 266,26 266,26 245,33 1,00 1,00 188478 1
156 266,26 266,26 247,22 1,00 1,00 188781 1
157 266,26 266,26 248,68 1,00 1,00 189113 1
158 266,26 266,26 251,32 1,00 1,00 189431 1
159 266,26 266,26 251,10 1,00 1,00 189747 1
160 266,26 266,26 252,51 1,00 1,00 190001 1
161 266,26 266,26 254,12 1,00 1,00 190235 1
162 266,26 266,26 250,56 1,00 1,00 190426 1
163 266,26 266,26 251,19 1,00 1,00 190604 1
164 266,26 266,26 253,01 1,00 1,00 190779 1
165 266,26 266,26 253,98 1,00 1,00 191045 1
166 266,26 266,26 254,72 1,00 1,00 191280 1
167 266,26 266,26 254,65 1,00 1,00 191593 1
168 266,26 266,26 255,42 1,00 1,00 192025 1
169 266,26 266,26 254,22 1,00 1,00 192568 1
170 266,26 266,26 253,32 1,00 1,00 193073 1
171 266,26 266,26 253,31 1,00 1,00 193588 1
172 266,26 266,26 253,29 1,00 1,00 194218 1
173 266,26 266,26 254,73 1,00 1,00 194884 1
174 266,26 266,26 256,26 1,00 1,00 195676 1
175 266,26 266,26 256,93 1,00 1,00 196337 1
176 266,26 266,26 254,83 1,00 1,00 196899 1
177 266,26 266,26 253,70 1,00 1,00 197325 1
178 266,26 266,26 254,26 1,00 1,00 197802 1
179 266,26 266,26 255,09 1,00 1,00 198275 1
180 266,26 266,26 255,99 1,00 1,00 198921 1
181 266,26 266,26 257,40 1,00 1,00 199549 1
182 266,26 266,26 260,44 1,00 1,00 200208 1
183 266,26 266,26 251,56 1,00 1,00 201052 1
184 266,26 266,26 252,55 1,00 1,00 201970 1
185 266,26 266,26 250,82 1,00 1,00 202680 1
186 266,26 266,26 249,96 1,00 1,00 203342 1
187 266,26 266,26 241,70 1,00 1,00 203905 1
188 266,26 266,26 244,41 1,00 1,00 204414 1
189 266,26 266,26 245,30 1,00 1,00 205267 1
190 266,26 266,26 247,76 1,00 1,00 206148 1
191 266,26 266,26 246,52 1,00 1,00 207071 1
192 266,26 266,26 244,23 1,00 1,00 207853 1
193 266,26 266,26 243,11 1,00 1,00 208707 1
194 266,26 266,26 244,39 1,00 1,00 209442 1
195 266,26 266,26 242,06 1,00 1,00 210092 1
196 266,26 266,26 241,84 1,00 1,00 210836 1
197 266,26 266,26 241,18 1,00 1,00 211520 1
198 266,26 266,26 240,18 1,00 1,00 212143 1
199 266,26 266,26 242,21 1,00 1,00 212798 1
200 266,26 266,26 240,92 1,00 1,00 213398 1
201 266,26 266,26 241,77 1,00 1,00 213972 1
202 266,26 266,26 243,20 1,00 1,00 214446 1
203 266,26 266,26 243,36 1,00 1,00 214886 1
204 266,26 266,26 239,81 1,00 1,00 215331 1
205 266,26 266,26 242,47 1,00 1,00 215711 1
206 266,26 266,26 242,75 1,00 1,00 216069 1
207 266,26 266,26 242,54 1,00 1,00 216426 1
208 266,26 266,26 242,92 1,00 1,00 216691 1
209 266,26 266,26 239,51 1,00 1,00 216851 1
210 266,26 266,26 243,30 1,00 1,00 217021 1
211 266,26 266,26 244,55 1,00 1,00 217235 1
212 266,26 266,26 244,30 1,00 1,00 217428 1
213 266,26 266,26 244,62 1,00 1,00 217613 1
214 266,26 266,26 244,56 1,00 1,00 217786 1
215 266,26 266,26 244,33 1,00 1,00 218014 1
216 266,26 266,26 243,79 1,00 1,00 218241 1
217 266,26 266,26 243,64 1,00 1,00 218632 1
218 266,26 266,26 241,87 1,00 1,00 219065 1
219 266,26 266,26 241,06 1,00 1,00 219510 1
220 266,26 266,26 242,75 1,00 1,00 219834 1
221 266,26 266,26 243,04 1,00 1,00 220118 1
222 266,26 266,26 243,31 1,00 1,00 220457 1
223 266,26 266,26 242,83 1,00 1,00 220780 1
224 266,26 266,26 242,24 1,00 1,00 221084 1
225 266,26 266,26 241,64 1,00 1,00 221368 1
226 266,26 266,26 241,25 1,00 1,00 221678 1
227 266,26 266,26 242,15 1,00 1,00 222006 1
228 266,26 266,26 242,21 1,00 1,00 222403 1
229 266,26 266,26 242,12 1,00 1,00 222737 1
230 266,26 266,26 242,43 1,00 1,00 223035 1
231 266,26 266,26 242,57 1,00 1,00 223321 1
232 266,26 266,26 242,33 1,00 1,00 223592 1
233 266,26 266,26 242,39 1,00 1,00 223825 1
234 266,26 266,26 242,77 1,00 1,00 224068 1
235 266,26 266,26 243,17 1,00 1,00 224238 1
236 266,26 266,26 243,35 1,00 1,00 224458 1
237 266,26 266,26 242,93 1,00 1,00 224715 1
238 266,26 266,26 242,93 1,00 1,00 224963 1
239 266,26 266,26 242,96 1,00 1,00 225171 1
240 266,26 266,26 242,82 1,00 1,00 225419 1
241 266,26 266,26 243,63 1,00 1,00 225651 1
242 266,26 266,26 243,07 1,00 1,00 225874 1
243 266,26 266,26 242,95 1,00 1,00 226049 1
244 266,26 266,26 242,84 1,00 1,00 226240 1
245 266,26 266,26 243,37 1,00 1,00 226509 1
246 266,26 266,26 242,63 1,00 1,00 226809 1
247 266,26 266,26 243,24 1,00 1,00 227215 1
248 266,26 266,26 242,34 1,00 1,00 227639 1
249 266,26 266,26 242,16 1,00 1,00 228105 1
250 266,26 266,26 242,93 1,00 1,00 228636 1
251 266,26 266,26 242,13 1,00 1,00 229213 1
252 266,26 266,26 241,61 1,00 1,00 229674 1
253 266,26 266,26 242,72 1,00 1,00 230044 1
254 266,26 266,26 240,62 1,00 1,00 230450 1
255 266,26 266,26 242,24 1,00 1,00 230803 1
256 266,26 266,26 242,17 1,00 1,00 231184 1
257 266,26 266,26 241,63 1,00 1,00 231585 1
258 266,26 266,26 241,25 1,00 1,00 232098 1
259 266,26 266,26 241,19 1,00 1,00 232617 1
260 266,26 266,26 239,62 1,00 1,00 233264 1
261 266,26 266,26 239,27 1,00 1,00 233979 1
262 266,26 266,26 243,03 1,00 1,00 234613 1
263 266,26 266,26 241,93 1,00 1,00 235212 1
264 266,26 266,26 242,56 1,00 1,00 235817 1
265 266,26 266,26 241,44 1,00 1,00 236398 1
266 266,26 266,26 242,39 1,00 1,00 236895 1
267 266,26 266,26 242,30 1,00 1,00 237510 1
268 266,26 266,26 241,60 1,00 1,00 238092 1
269 266,26 266,26 240,88 1,00 1,00 238725 1
270 266,26 266,26 240,39 1,00 1,00 239224 1
271 266,26 266,26 240,08 1,00 1,00 239797 1
272 266,26 266,26 240,86 1,00 1,00 240308 1
273 266,26 266,26 240,36 1,00 1,00 240800 1
274 266,26 266,26 236,36 1,00 1,00 241319 1
275 266,26 266,26 234,90 1,00 1,00 241758 1
276 266,26 266,26 232,49 1,00 1,00 242166 1
277 266,26 266,26 233,66 1,00 1,00 242581 1
278 266,26 266,26 231,49 1,00 1,00 242909 1
279 266,26 266,26 230,40 1,00 1,00 243219 1
280 266,26 266,26 228,57 1,00 1,00 243464 1
281 266,26 266,26 228,44 1,00 1,00 243676 1
282 266,26 266,26 229,20 1,00 1,00 243930 1
283 266,26 266,26 229,60 1,00 1,00 244170 1
284 266,26 266,26 229,52 1,00 1,00 244381 1
285 266,26 266,26 228,92 1,00 1,00 244581 1
286 266,26 266,26 229,94 1,00 1,00 244881 1
287 266,26 266,26 231,44 1,00 1,00 245197 1
288 266,26 266,26 233,03 1,00 1,00 245608 1
289 266,26 266,26 234,39 1,00 1,00 246088 1
290 266,26 266,26 236,34 1,00 1,00 246639 1
291 266,26 266,26 236,27 1,00 1,00 247156 1
292 266,26 266,26 236,85 1,00 1,00 247714 1
293 266,26 266,26 238,83 1,00 1,00 248241 1
294 266,26 266,26 238,26 1,00 1,00 248810 1
295 266,26 266,26 238,03 1,00 1,00 249419 1
296 266,26 266,26 238,25 1,00 1,00 250007 1
297 266,26 266,26 237,70 1,00 1,00 250497 1
298 266,26 266,26 239,57 1,00 1,00 250954 1
299 266,26 266,26 237,17 1,00 1,00 251457 1
300 266,26 266,26 240,02 1,00 1,00 251857 1
301 266,26 266,26 238,69 1,00 1,00 252267 1
302 266,26 266,26 238,56 1,00 1,00 252574 1
303 266,26 266,26 239,00 1,00 1,00 252830 1
304 266,26 266,26 236,37 1,00 1,00 253107 1
305 266,26 266,26 237,78 1,00 1,00 253377 1
306 266,26 266,26 238,10 1,00 1,00 253614 1
307 266,26 266,26 238,25 1,00 1,00 253802 1
308 266,26 266,26 240,05 1,00 1,00 254049 1
309 266,26 266,26 239,02 1,00 1,00 254401 1
310 266,26 266,26 239,95 1,00 1,00 254778 1
311 266,26 266,26 240,75 1,00 1,00 255271 1
312 266,26 266,26 240,07 1,00 1,00 255757 1
313 266,26 266,26 239,76 1,00 1,00 256168 1
314 266,26 266,26 240,01 1,00 1,00 256672 1
315 266,26 266,26 238,90 1,00 1,00 257185 1
316 266,26 266,26 240,10 1,00 1,00 257712 1
317 266,26 266,26 239,30 1,00 1,00 258122 1
318 266,26 266,26 239,46 1,00 1,00 258667 1
319 266,26 266,26 239,42 1,00 1,00 259142 1
320 266,26 266,26 239,17 1,00 1,00 259646 1
321 266,26 266,26 239,43 1,00 1,00 260162 1
322 266,26 266,26 239,13 1,00 1,00 260676 1
323 266,26 266,26 240,11 1,00 1,00 261138 1
324 266,26 266,26 241,02 1,00 1,00 261651 1
325 266,26 266,26 239,52 1,00 1,00 262097 1
326 266,26 266,26 238,97 1,00 1,00 262489 1
327 266,26 266,26 239,45 1,00 1,00 262843 1
328 266,26 266,26 239,96 1,00 1,00 263159 1
329 266,26 266,26 240,02 1,00 1,00 263421 1
330 266,26 266,26 240,33 1,00 1,00 263619 1
331 266,26 266,26 240,36 1,00 1,00 263843 1
332 266,26 266,26 239,87 1,00 1,00 264118 1
333 266,26 266,26 239,89 1,00 1,00 264399 1
334 266,26 266,26 240,00 1,00 1,00 264633 1
335 266,26 266,26 240,14 1,00 1,00 264897 1
336 266,26 266,26 239,96 1,00 1,00 265071 1
337 266,26 266,26 239,87 1,00 1,00 265325 1
338 266,26 266,26 240,01 1,00 1,00 265624 1
339 266,26 266,26 239,94 1,00 1,00 265881 1
340 266,26 266,26 239,94 1,00 1,00 266159 1
341 266,26 266,26 239,97 1,00 1,00 266407 1
342 266,26 266,26 239,90 1,00 1,00 266608 1
343 266,26 266,26 239,84 1,00 1,00 266826 1
344 266,26 266,26 239,90 1,00 1,00 267021 1
345 266,26 266,26 239,82 1,00 1,00 267267 1
346 266,26 266,26 239,74 1,00 1,00 267522 1
347 266,26 266,26 239,70 1,00 1,00 267800 1
348 266,26 266,26 239,68 1,00 1,00 267983 1
349 266,26 266,26 239,78 1,00 1,00 268149 1
350 266,26 266,26 239,63 1,00 1,00 268298 1
351 266,26 266,26 239,76 1,00 1,00 268420 1
352 266,26 266,26 239,67 1,00 1,00 268528 1
353 266,26 266,26 239,62 1,00 1,00 268604 1
354 266,26 266,26 239,53 1,00 1,00 268675 1
355 266,26 266,26 239,51 1,00 1,00 268771 1
356 266,26 266,26 239,41 1,00 1,00 268866 1
357 266,26 266,26 239,36 1,00 1,00 268992 1
358 266,26 266,26 239,53 1,00 1,00 269085 1
359 266,26 266,26 239,41 1,00 1,00 269183 1
360 266,26 266,26 239,43 1,00 1,00 269292 1
361 266,26 266,26 239,52 1,00 1,00 269492 1
362 266,26 266,26 239,42 1,00 1,00 269676 1
363 266,26 266,26 239,53 1,00 1,00 269862 1
364 266,26 266,26 239,61 1,00 1,00 270024 1
365 266,26 266,26 239,37 1,00 1,00 270194 1
366 266,26 266,26 239,58 1,00 1,00 270340 1
367 266,26 266,26 239,44 1,00 1,00 270507 1
368 266,26 266,26 239,58 1,00 1,00 270654 1
369 266,26 266,26 239,54 1,00 1,00 270777 1
370 266,26 266,26 239,58 1,00 1,00 270904 1
371 266,26 266,26 239,58 1,00 1,00 271036 1
372 266,26 266,26 239,49 1,00 1,00 271172 1
373 266,26 266,26 239,57 1,00 1,00 271283 1
374 266,26 266,26 239,53 1,00 1,00 271382 1
375 266,26 266,26 239,58 1,00 1,00 271457 1
376 266,26 266,26 239,59 1,00 1,00 271539 1
377 266,26 266,26 239,51 1,00 1,00 271646 1
378 266,26 266,26 239,54 1,00 1,00 271773 1
379 266,26 266,26 239,54 1,00 1,00 271893 1
380 266,26 266,26 239,54 1,00 1,00 272037 1
381 266,26 266,26 239,54 1,00 1,00 272202 1
382 266,26 266,26 239,49 1,00 1,00 272338 1
383 266,26 266,26 239,49 1,00 1,00 272459 1
384 266,26 266,26 239,46 1,00 1,00 272592 1
385 266,26 266,26 239,48 1,00 1,00 272715 1
386 266,26 266,26 239,51 1,00 1,00 272819 1
387 266,26 266,26 239,54 1,00 1,00 272909 1
388 266,26 266,26 239,54 1,00 1,00 272984 1
389 266,26 266,26 239,57 1,00 1,00 273060 1
390 266,26 266,26 239,58 1,00 1,00 273130 1
391 266,26 266,26 239,58 1,00 1,00 273200 1
392 266,26 266,26 239,56 1,00 1,00 273255 1
393 266,26 266,26 239,58 1,00 1,00 273325 1
394 266,26 266,26 239,54 1,00 1,00 273396 1
395 266,26 266,26 239,54 1,00 1,00 273468 1
396 266,26 266,26 239,54 1,00 1,00 273534 1
397 266,26 266,26 239,54 1,00 1,00 273607 1
398 266,26 266,26 239,54 1,00 1,00 273669 1
399 266,26 266,26 239,54 1,00 1,00 273741 1
400 266,26 266,26 239,55 1,00 1,00 273814 1
401 266,26 266,26 239,55 1,00 1,00 273888 1
402 266,26 266,26 239,54 1,00 1,00 273977 1
403 266,26 266,26 239,54 1,00 1,00 274059 1
404 266,26 266,26 239,54 1,00 1,00 274169 1
405 266,26 266,26 239,54 1,00 1,00 274272 1
406 266,26 266,26 239,52 1,00 1,00 274391 1
407 266,26 266,26 239,52 1,00 1,00 274514 1
408 266,26 266,26 239,55 1,00 1,00 274605 1
409 266,26 266,26 239,53 1,00 1,00 274690 1
410 266,26 266,26 239,53 1,00 1,00 274777 1
411 266,26 266,26 239,53 1,00 1,00 274881 1
412 266,26 266,26 239,55 1,00 1,00 274988 1
413 266,26 266,26 239,53 1,00 1,00 275096 1
414 266,26 266,26 239,53 1,00 1,00 275203 1
415 266,26 266,26 239,51 1,00 1,00 275294 1
416 266,26 266,26 239,51 1,00 1,00 275366 1
417 266,26 266,26 239,49 1,00 1,00 275439 1
418 266,26 266,26 239,49 1,00 1,00 275506 1
419 266,26 266,26 239,50 1,00 1,00 275568 1
420 266,26 266,26 239,49 1,00 1,00 275608 1
421 266,26 266,26 239,48 1,00 1,00 275655 1
422 266,26 266,26 239,48 1,00 1,00 275694 1
423 266,26 266,26 239,49 1,00 1,00 275738 1
424 266,26 266,26 239,51 1,00 1,00 275786 1
425 266,26 266,26 239,53 1,00 1,00 275834 1
426 266,26 266,26 239,55 1,00 1,00 275905 1
427 266,26 266,26 239,52 1,00 1,00 275978 1
428 266,26 266,26 239,52 1,00 1,00 276040 1
429 266,26 266,26 239,53 1,00 1,00 276089 1
430 266,26 266,26 239,53 1,00 1,00 276136 1
431 266,26 266,26 239,53 1,00 1,00 276202 1
432 266,26 266,26 239,53 1,00 1,00 276263 1
433 266,26 266,26 239,53 1,00 1,00 276339 1
434 266,26 266,26 239,52 1,00 1,00 276430 1
435 266,26 266,26 239,51 1,00 1,00 276471 1
436 266,26 266,26 239,55 1,00 1,00 276551 1
437 266,26 266,26 239,53 1,00 1,00 276623 1
438 266,26 266,26 239,55 1,00 1,00 276703 1
439 266,26 266,26 239,53 1,00 1,00 276776 1
440 266,26 266,26 239,53 1,00 1,00 276831 1
441 266,26 266,26 239,54 1,00 1,00 276912 1
442 266,26 266,26 239,55 1,00 1,00 276981 1
443 266,26 266,26 239,54 1,00 1,00 277029 1
444 266,26 266,26 239,54 1,00 1,00 277094 1
445 266,26 266,26 239,55 1,00 1,00 277155 1
446 266,26 266,26 239,54 1,00 1,00 277209 1
447 266,26 266,26 239,55 1,00 1,00 277276 1
448 266,26 266,26 239,54 1,00 1,00 277346 1
449 266,26 266,26 239,54 1,00 1,00 277419 1
450 266,26 266,26 239,54 1,00 1,00 277480 1
451 266,26 266,26 239,55 1,00 1,00 277546 1
452 266,26 266,26 239,54 1,00 1,00 277633 1
453 266,26 266,26 239,54 1,00 1,00 277699 1
454 266,26 266,26 239,54 1,00 1,00 277753 1
455 266,26 266,26 239,54 1,00 1,00 277794 1
456 266,26 266,26 239,54 1,00 1,00 277831 1
457 266,26 266,26 239,54 1,00 1,00 277866 1
458 266,26 266,26 239,54 1,00 1,00 277907 1
459 266,26 266,26 239,54 1,00 1,00 277956 1
460 266,26 266,26 239,54 1,00 1,00 278010 1
461 266,26 266,26 239,54 1,00 1,00 278052 1
462 266,26 266,26 239,55 1,00 1,00 278092 1
463 266,26 266,26 239,54 1,00 1,00 278136 1
464 266,26 266,26 239,55 1,00 1,00 278171 1
465 266,26 266,26 239,55 1,00 1,00 278215 1
466 266,26 266,26 239,55 1,00 1,00 278256 1
467 266,26 266,26 239,55 1,00 1,00 278310 1
468 266,26 266,26 239,55 1,00 1,00 278372 1
469 266,26 266,26 239,54 1,00 1,00 278422 1
470 266,26 266,26 239,54 1,00 1,00 278480 1
471 266,26 266,26 239,54 1,00 1,00 278532 1
472 266,26 266,26 239,54 1,00 1,00 278583 1
473 266,26 266,26 239,54 1,00 1,00 278628 1
474 266,26 266,26 239,55 1,00 1,00 278661 1
475 266,26 266,26 239,54 1,00 1,00 278697 1
476 266,26 266,26 239,54 1,00 1,00 278747 1
477 266,26 266,26 239,54 1,00 1,00 278809 1
478 266,26 266,26 239,54 1,00 1,00 278860 1
479 266,26 266,26 239,54 1,00 1,00 278924 1
480 266,26 266,26 239,54 1,00 1,00 278971 1
481 266,26 266,26 239,54 1,00 1,00 279018 1
482 266,26 266,26 239,54 1,00 1,00 279043 1
483 266,26 266,26 239,55 1,00 1,00 279071 1
484 266,26 266,26 239,55 1,00 1,00 279098 1
485 266,26 266,26 239,55 1,00 1,00 279123 1
486 266,26 266,26 239,55 1,00 1,00 279191 1
487 266,26 266,26 239,55 1,00 1,00 279255 1
488 266,26 266,26 239,55 1,00 1,00 279281 1
489 266,26 266,26 239,55 1,00 1,00 279305 1
490 266,26 266,26 239,55 1,00 1,00 279344 1
491 266,26 266,26 239,55 1,00 1,00 279378 1
492 266,26 266,26 239,55 1,00 1,00 279421 1
493 266,26 266,26 239,55 1,00 1,00 279458 1
494 266,26 266,26 239,55 1,00 1,00 279509 1
495 266,26 266,26 239,55 1,00 1,00 279558 1
496 266,26 266,26 239,55 1,00 1,00 279608 1
497 266,26 266,26 239,54 1,00 1,00 279665 1
498 266,26 266,26 239,54 1,00 1,00 279720 1
499 266,26 266,26 239,54 1,00 1,00 279792 1
