500
0 320,55 320,55 320,55 1,00 88,00 0 1
1 320,55 320,55 320,55 1,00 87,00 2034 1
2 320,55 320,55 22,91 1,00 81,00 5373 1
3 320,55 320,55 31,81 3,00 81,00 8224 1
4 320,55 320,55 40,52 1,00 79,00 10634 1
5 320,55 320,55 44,69 1,00 79,00 12916 1
6 320,55 320,55 59,07 3,00 79,00 15418 1
7 320,55 320,55 81,85 1,00 79,00 17536 1
8 320,55 320,55 103,74 1,00 79,00 19639 1
9 320,55 320,55 124,96 1,00 79,00 21808 1
10 320,55 320,55 124,70 1,00 79,00 23907 1
11 320,55 4,11 1,88 183,00 78,00 25930 1
12 320,55 4,11 1,80 355,00 58,00 27892 1
13 320,55 4,11 2,12 527,00 25,00 29850 1
14 320,55 4,11 2,85 697,00 10,00 31599 1
15 320,55 4,11 1,50 865,00 10,00 33497 1
16 320,55 4,11 3,30 1.041,00 10,00 35789 1
17 320,55 4,11 3,35 1.209,00 10,00 37955 1
18 320,55 4,11 3,27 1.375,00 10,00 39952 1
19 320,55 4,11 2,96 1.541,00 10,00 41766 1
20 320,55 4,11 3,33 1.707,00 10,00 43660 1
21 320,55 4,11 3,47 1.871,00 10,00 45373 1
22 320,55 4,11 2,91 2.041,00 10,00 47124 1
23 320,55 65.423,69 58.372,67 1.841,00 10,00 48807 1
24 320,55 65.423,69 59.606,55 1.641,00 19,00 50463 1
25 320,55 65.423,69 65.198,73 1.441,00 28,00 52047 1
26 320,55 65.423,69 62.835,92 1.241,00 37,00 53795 1
27 320,55 65.423,69 50.607,25 1.041,00 46,00 55520 1
28 320,55 65.423,69 47.354,73 841,00 55,00 57190 1
29 320,55 65.423,69 58.139,36 641,00 64,00 58778 1
30 320,55 65.423,69 64.965,93 441,00 73,00 60394 1
31 320,55 65.423,69 63.811,35 241,00 82,00 62105 1
32 320,55 65.423,69 57.229,40 41,00 91,00 63934 1
33 320,55 65.423,69 56.612,18 1,00 91,00 65556 1
34 320,55 65.423,69 59.722,10 1,00 91,00 67081 1
35 320,55 65.423,69 62.750,73 1,00 91,00 68549 1
36 320,55 65.423,69 62.310,69 1,00 91,00 69881 1
37 320,55 65.423,69 62.098,29 1,00 91,00 71145 1
38 320,55 65.423,69 60.938,68 1,00 91,00 72579 1
39 320,55 65.423,69 61.558,00 1,00 91,00 74208 1
40 320,55 65.423,69 59.805,50 1,00 91,00 75718 1
41 320,55 3,52 2,57 131,00 91,00 77166 1
42 320,55 3,52 3,48 265,00 57,00 78878 1
43 320,55 3,52 3,30 393,00 36,00 80555 1
44 320,55 8.398,34 7.831,25 193,00 15,00 81773 1
45 320,55 8.398,34 7.884,42 1,00 24,00 83109 1
46 320,55 8.398,34 8.002,59 1,00 24,00 84434 1
47 320,55 8.398,34 7.868,17 1,00 24,00 85600 1
48 320,55 8.398,34 8.041,29 1,00 24,00 87143 1
49 320,55 8.398,34 7.890,38 1,00 24,00 88485 1
50 320,55 8.398,34 7.746,11 1,00 24,00 89667 1
51 320,55 8.398,34 9.375,02 1,00 24,00 91101 1
52 320,55 8.398,34 9.666,12 1,00 24,00 92490 1
53 320,55 8.398,34 9.549,66 1,00 24,00 93718 1
54 320,55 8.398,34 9.568,13 1,00 24,00 94913 1
55 320,55 8.398,34 9.648,68 1,00 24,00 96246 1
56 320,55 8.398,34 9.836,82 1,00 24,00 97603 1
57 320,55 8.398,34 9.679,00 1,00 24,00 98885 1
58 320,55 8.398,34 9.764,94 1,00 24,00 100402 1
59 320,55 13,36 15,49 1,00 24,00 101741 1
60 320,55 320,55 372,17 1,00 1,00 103074 1
61 320,55 320,55 375,17 1,00 1,00 104418 1
62 320,55 320,55 374,88 1,00 1,00 105536 1
63 320,55 320,55 375,54 1,00 1,00 106810 1
64 320,55 320,55 301,03 1,00 1,00 108412 1
65 320,55 320,55 295,70 1,00 1,00 110148 1
66 320,55 320,55 294,45 1,00 1,00 111691 1
67 320,55 320,55 287,34 1,00 1,00 113010 1
68 320,55 320,55 279,50 1,00 1,00 114244 1
69 320,55 320,55 284,12 1,00 1,00 115821 1
70 320,55 320,55 277,93 1,00 1,00 117266 1
71 320,55 320,55 278,50 1,00 1,00 118561 1
72 320,55 320,55 272,80 1,00 1,00 120013 1
73 320,55 320,55 272,25 1,00 1,00 121298 1
74 320,55 320,55 270,90 1,00 1,00 122549 1
75 320,55 320,55 271,03 1,00 1,00 123751 1
76 320,55 320,55 270,58 1,00 1,00 124905 1
77 320,55 320,55 266,82 1,00 1,00 125986 1
78 320,55 320,55 266,60 1,00 1,00 127318 1
79 320,55 320,55 262,93 1,00 1,00 128543 1
80 320,55 320,55 260,80 1,00 1,00 130074 1
81 320,55 320,55 259,24 1,00 1,00 131439 1
82 320,55 320,55 325,76 1,00 1,00 132580 1
83 320,55 320,55 313,75 1,00 1,00 133739 1
84 320,55 320,55 316,75 1,00 1,00 134818 1
85 320,55 320,55 313,52 1,00 1,00 135948 1
86 320,55 320,55 323,61 1,00 1,00 136970 1
87 320,55 320,55 318,62 1,00 1,00 138018 1
88 320,55 320,55 324,05 1,00 1,00 139066 1
89 320,55 320,55 325,73 1,00 1,00 139999 1
90 320,55 320,55 320,29 1,00 1,00 141020 1
91 320,55 320,55 321,77 1,00 1,00 142167 1
92 320,55 320,55 311,59 1,00 1,00 143191 1
93 320,55 320,55 310,80 1,00 1,00 144073 1
94 320,55 320,55 320,18 1,00 1,00 145023 1
95 320,55 320,55 325,39 1,00 1,00 146050 1
96 320,55 320,55 321,46 1,00 1,00 147033 1
97 320,55 320,55 319,24 1,00 1,00 148185 1
98 320,55 320,55 321,75 1,00 1,00 149496 1
99 320,55 320,55 302,09 1,00 1,00 150789 1
100 320,55 320,55 309,69 1,00 1,00 151913 1
101 320,55 320,55 306,55 1,00 1,00 152923 1
102 320,55 320,55 306,53 1,00 1,00 154100 1
103 320,55 320,55 300,03 1,00 1,00 155304 1
104 320,55 320,55 307,43 1,00 1,00 156501 1
105 320,55 320,55 319,44 1,00 1,00 157770 1
106 320,55 320,55 319,54 1,00 1,00 159019 1
107 320,55 320,55 321,62 1,00 1,00 160099 1
108 320,55 320,55 309,67 1,00 1,00 161070 1
109 320,55 320,55 307,41 1,00 1,00 161897 1
110 320,55 320,55 305,80 1,00 1,00 162626 1
111 320,55 320,55 302,42 1,00 1,00 163252 1
112 320,55 320,55 301,45 1,00 1,00 163915 1
113 320,55 320,55 299,06 1,00 1,00 164484 1
114 320,55 320,55 299,01 1,00 1,00 165028 1
115 320,55 320,55 299,32 1,00 1,00 165663 1
116 320,55 320,55 300,65 1,00 1,00 166330 1
117 320,55 320,55 302,08 1,00 1,00 166906 1
118 320,55 320,55 302,01 1,00 1,00 167421 1
119 320,55 320,55 302,79 1,00 1,00 168035 1
120 320,55 320,55 300,83 1,00 1,00 168861 1
121 320,55 320,55 302,62 1,00 1,00 169578 1
122 320,55 320,55 303,03 1,00 1,00 170224 1
123 320,55 320,55 305,58 1,00 1,00 170893 1
124 320,55 320,55 304,32 1,00 1,00 171582 1
125 320,55 320,55 306,65 1,00 1,00 172216 1
126 320,55 320,55 311,95 1,00 1,00 172756 1
127 320,55 320,55 311,52 1,00 1,00 173305 1
128 320,55 320,55 309,99 1,00 1,00 173840 1
129 320,55 320,55 307,45 1,00 1,00 174427 1
130 320,55 320,55 307,97 1,00 1,00 175026 1
131 320,55 320,55 308,63 1,00 1,00 175704 1
132 320,55 320,55 306,44 1,00 1,00 176270 1
133 320,55 320,55 308,25 1,00 1,00 176881 1
134 320,55 320,55 306,11 1,00 1,00 177431 1
135 320,55 320,55 306,62 1,00 1,00 178005 1
136 320,55 320,55 306,87 1,00 1,00 178566 1
137 320,55 320,55 300,56 1,00 1,00 179265 1
138 320,55 320,55 303,47 1,00 1,00 179894 1
139 320,55 320,55 304,01 1,00 1,00 180482 1
140 320,55 320,55 307,67 1,00 1,00 181063 1
141 320,55 320,55 301,97 1,00 1,00 181637 1
142 320,55 320,55 297,75 1,00 1,00 182152 1
143 320,55 320,55 296,72 1,00 1,00 182626 1
144 320,55 320,55 296,61 1,00 1,00 183097 1
145 320,55 320,55 293,72 1,00 1,00 183576 1
146 320,55 320,55 293,99 1,00 1,00 184032 1
147 320,55 320,55 292,91 1,00 1,00 184511 1
148 320,55 320,55 293,43 1,00 1,00 184974 1
149 320,55 320,55 294,67 1,00 1,00 185531 1
150 320,55 320,55 295,00 1,00 1,00 186058 1
151 320,55 320,55 295,67 1,00 1,00 186631 1
152 320,55 320,55 299,63 1,00 1,00 187173 1
153 320,55 320,55 303,48 1,00 1,00 187653 1
154 320,55 320,55 309,16 1,00 1,00 188087 1
155 320,55 320,55 311,17 1,00 1,00 188478 1
156 320,55 320,55 311,19 1,00 1,00 188781 1
157 320,55 320,55 310,66 1,00 1,00 189113 1
158 320,55 320,55 313,02 1,00 1,00 189431 1
159 320,55 320,55 312,68 1,00 1,00 189747 1
160 320,55 320,55 312,50 1,00 1,00 190001 1
161 320,55 320,55 313,02 1,00 1,00 190235 1
162 320,55 320,55 309,79 1,00 1,00 190426 1
163 320,55 320,55 310,27 1,00 1,00 190604 1
164 320,55 320,55 310,80 1,00 1,00 190779 1
165 320,55 320,55 312,26 1,00 1,00 191045 1
166 320,55 320,55 313,61 1,00 1,00 191280 1
167 320,55 320,55 313,46 1,00 1,00 191593 1
168 320,55 320,55 314,67 1,00 1,00 192025 1
169 320,55 320,55 313,74 1,00 1,00 192568 1
170 320,55 320,55 312,98 1,00 1,00 193073 1
171 320,55 320,55 313,09 1,00 1,00 193588 1
172 320,55 320,55 313,16 1,00 1,00 194218 1
173 320,55 320,55 313,49 1,00 1,00 194884 1
174 320,55 320,55 315,72 1,00 1,00 195676 1
175 320,55 320,55 314,70 1,00 1,00 196337 1
176 320,55 320,55 314,22 1,00 1,00 196899 1
177 320,55 320,55 314,41 1,00 1,00 197325 1
178 320,55 320,55 314,26 1,00 1,00 197802 1
179 320,55 320,55 315,31 1,00 1,00 198275 1
180 320,55 320,55 314,27 1,00 1,00 198921 1
181 320,55 320,55 313,05 1,00 1,00 199549 1
182 320,55 320,55 313,53 1,00 1,00 200208 1
183 320,55 320,55 309,55 1,00 1,00 201052 1
184 320,55 320,55 311,19 1,00 1,00 201970 1
185 320,55 320,55 312,91 1,00 1,00 202680 1
186 320,55 320,55 315,11 1,00 1,00 203342 1
187 320,55 320,55 309,05 1,00 1,00 203905 1
188 320,55 320,55 308,87 1,00 1,00 204414 1
189 320,55 320,55 309,01 1,00 1,00 205267 1
190 320,55 320,55 310,45 1,00 1,00 206148 1
191 320,55 320,55 312,21 1,00 1,00 207071 1
192 320,55 320,55 312,36 1,00 1,00 207853 1
193 320,55 320,55 312,50 1,00 1,00 208707 1
194 320,55 320,55 314,85 1,00 1,00 209442 1
195 320,55 320,55 313,84 1,00 1,00 210092 1
196 320,55 320,55 314,09 1,00 1,00 210836 1
197 320,55 320,55 311,86 1,00 1,00 211520 1
198 320,55 320,55 309,59 1,00 1,00 212143 1
199 320,55 320,55 312,52 1,00 1,00 212798 1
200 320,55 320,55 310,41 1,00 1,00 213398 1
201 320,55 320,55 309,78 1,00 1,00 213972 1
202 320,55 320,55 312,69 1,00 1,00 214446 1
203 320,55 320,55 311,81 1,00 1,00 214886 1
204 320,55 320,55 306,52 1,00 1,00 215331 1
205 320,55 320,55 311,98 1,00 1,00 215711 1
206 320,55 320,55 312,77 1,00 1,00 216069 1
207 320,55 320,55 312,80 1,00 1,00 216426 1
208 320,55 320,55 313,13 1,00 1,00 216691 1
209 320,55 320,55 308,18 1,00 1,00 216851 1
210 320,55 320,55 313,47 1,00 1,00 217021 1
211 320,55 320,55 313,73 1,00 1,00 217235 1
212 320,55 320,55 313,93 1,00 1,00 217428 1
213 320,55 320,55 314,03 1,00 1,00 217613 1
214 320,55 320,55 314,25 1,00 1,00 217786 1
215 320,55 320,55 314,20 1,00 1,00 218014 1
216 320,55 320,55 313,99 1,00 1,00 218241 1
217 320,55 320,55 313,81 1,00 1,00 218632 1
218 320,55 320,55 312,80 1,00 1,00 219065 1
219 320,55 320,55 311,65 1,00 1,00 219510 1
220 320,55 320,55 313,31 1,00 1,00 219834 1
221 320,55 320,55 313,61 1,00 1,00 220118 1
222 320,55 320,55 314,07 1,00 1,00 220457 1
223 320,55 320,55 313,35 1,00 1,00 220780 1
224 320,55 320,55 312,71 1,00 1,00 221084 1
225 320,55 320,55 312,77 1,00 1,00 221368 1
226 320,55 320,55 311,87 1,00 1,00 221678 1
227 320,55 320,55 313,44 1,00 1,00 222006 1
228 320,55 320,55 313,40 1,00 1,00 222403 1
229 320,55 320,55 313,76 1,00 1,00 222737 1
230 320,55 320,55 313,59 1,00 1,00 223035 1
231 320,55 320,55 314,14 1,00 1,00 223321 1
232 320,55 320,55 314,16 1,00 1,00 223592 1
233 320,55 320,55 314,30 1,00 1,00 223825 1
234 320,55 320,55 314,43 1,00 1,00 224068 1
235 320,55 320,55 314,68 1,00 1,00 224238 1
236 320,55 320,55 314,90 1,00 1,00 224458 1
237 320,55 320,55 314,91 1,00 1,00 224715 1
238 320,55 320,55 314,72 1,00 1,00 224963 1
239 320,55 320,55 314,92 1,00 1,00 225171 1
240 320,55 320,55 314,99 1,00 1,00 225419 1
241 320,55 320,55 315,03 1,00 1,00 225651 1
242 320,55 320,55 315,04 1,00 1,00 225874 1
243 320,55 320,55 314,98 1,00 1,00 226049 1
244 320,55 320,55 315,32 1,00 1,00 226240 1
245 320,55 320,55 315,50 1,00 1,00 226509 1
246 320,55 320,55 315,29 1,00 1,00 226809 1
247 320,55 320,55 314,99 1,00 1,00 227215 1
248 320,55 320,55 314,52 1,00 1,00 227639 1
249 320,55 320,55 314,93 1,00 1,00 228105 1
250 320,55 320,55 314,92 1,00 1,00 228636 1
251 320,55 320,55 314,33 1,00 1,00 229213 1
252 320,55 320,55 313,91 1,00 1,00 229674 1
253 320,55 320,55 314,67 1,00 1,00 230044 1
254 320,55 320,55 312,18 1,00 1,00 230450 1
255 320,55 320,55 314,27 1,00 1,00 230803 1
256 320,55 320,55 313,80 1,00 1,00 231184 1
257 320,55 320,55 312,94 1,00 1,00 231585 1
258 320,55 320,55 312,91 1,00 1,00 232098 1
259 320,55 320,55 312,49 1,00 1,00 232617 1
260 320,55 320,55 311,44 1,00 1,00 233264 1
261 320,55 320,55 309,84 1,00 1,00 233979 1
262 320,55 320,55 313,89 1,00 1,00 234613 1
263 320,55 320,55 313,49 1,00 1,00 235212 1
264 320,55 320,55 314,47 1,00 1,00 235817 1
265 320,55 320,55 313,22 1,00 1,00 236398 1
266 320,55 320,55 313,66 1,00 1,00 236895 1
267 320,55 320,55 313,15 1,00 1,00 237510 1
268 320,55 320,55 313,12 1,00 1,00 238092 1
269 320,55 320,55 313,22 1,00 1,00 238725 1
270 320,55 320,55 312,24 1,00 1,00 239224 1
271 320,55 320,55 310,77 1,00 1,00 239797 1
272 320,55 320,55 311,54 1,00 1,00 240308 1
273 320,55 320,55 309,71 1,00 1,00 240800 1
274 320,55 320,55 309,30 1,00 1,00 241319 1
275 320,55 320,55 306,42 1,00 1,00 241758 1
276 320,55 320,55 302,52 1,00 1,00 242166 1
277 320,55 320,55 303,16 1,00 1,00 242581 1
278 320,55 320,55 301,14 1,00 1,00 242909 1
279 320,55 320,55 301,45 1,00 1,00 243219 1
280 320,55 320,55 298,59 1,00 1,00 243464 1
281 320,55 320,55 297,85 1,00 1,00 243676 1
282 320,55 320,55 299,33 1,00 1,00 243930 1
283 320,55 320,55 298,99 1,00 1,00 244170 1
284 320,55 320,55 299,61 1,00 1,00 244381 1
285 320,55 320,55 299,64 1,00 1,00 244581 1
286 320,55 320,55 299,71 1,00 1,00 244881 1
287 320,55 320,55 301,32 1,00 1,00 245197 1
288 320,55 320,55 302,93 1,00 1,00 245608 1
289 320,55 320,55 305,32 1,00 1,00 246088 1
290 320,55 320,55 307,83 1,00 1,00 246639 1
291 320,55 320,55 307,83 1,00 1,00 247156 1
292 320,55 320,55 308,28 1,00 1,00 247714 1
293 320,55 320,55 309,45 1,00 1,00 248241 1
294 320,55 320,55 309,94 1,00 1,00 248810 1
295 320,55 320,55 309,64 1,00 1,00 249419 1
296 320,55 320,55 309,63 1,00 1,00 250007 1
297 320,55 320,55 309,65 1,00 1,00 250497 1
298 320,55 320,55 311,52 1,00 1,00 250954 1
299 320,55 320,55 309,11 1,00 1,00 251457 1
300 320,55 320,55 313,45 1,00 1,00 251857 1
301 320,55 320,55 311,79 1,00 1,00 252267 1
302 320,55 320,55 312,35 1,00 1,00 252574 1
303 320,55 320,55 311,97 1,00 1,00 252830 1
304 320,55 320,55 308,89 1,00 1,00 253107 1
305 320,55 320,55 311,09 1,00 1,00 253377 1
306 320,55 320,55 311,46 1,00 1,00 253614 1
307 320,55 320,55 311,56 1,00 1,00 253802 1
308 320,55 320,55 313,99 1,00 1,00 254049 1
309 320,55 320,55 312,30 1,00 1,00 254401 1
310 320,55 320,55 313,58 1,00 1,00 254778 1
311 320,55 320,55 314,20 1,00 1,00 255271 1
312 320,55 320,55 312,85 1,00 1,00 255757 1
313 320,55 320,55 312,87 1,00 1,00 256168 1
314 320,55 320,55 312,58 1,00 1,00 256672 1
315 320,55 320,55 311,96 1,00 1,00 257185 1
316 320,55 320,55 312,92 1,00 1,00 257712 1
317 320,55 320,55 311,85 1,00 1,00 258122 1
318 320,55 320,55 312,02 1,00 1,00 258667 1
319 320,55 320,55 312,17 1,00 1,00 259142 1
320 320,55 320,55 312,19 1,00 1,00 259646 1
321 320,55 320,55 312,42 1,00 1,00 260162 1
322 320,55 320,55 311,93 1,00 1,00 260676 1
323 320,55 320,55 312,55 1,00 1,00 261138 1
324 320,55 320,55 313,08 1,00 1,00 261651 1
325 320,55 320,55 312,21 1,00 1,00 262097 1
326 320,55 320,55 311,44 1,00 1,00 262489 1
327 320,55 320,55 311,98 1,00 1,00 262843 1
328 320,55 320,55 312,67 1,00 1,00 263159 1
329 320,55 320,55 312,85 1,00 1,00 263421 1
330 320,55 320,55 313,20 1,00 1,00 263619 1
331 320,55 320,55 313,18 1,00 1,00 263843 1
332 320,55 320,55 313,25 1,00 1,00 264118 1
333 320,55 320,55 313,28 1,00 1,00 264399 1
334 320,55 320,55 313,38 1,00 1,00 264633 1
335 320,55 320,55 313,40 1,00 1,00 264897 1
336 320,55 320,55 313,41 1,00 1,00 265071 1
337 320,55 320,55 313,24 1,00 1,00 265325 1
338 320,55 320,55 313,45 1,00 1,00 265624 1
339 320,55 320,55 313,42 1,00 1,00 265881 1
340 320,55 320,55 313,28 1,00 1,00 266159 1
341 320,55 320,55 313,32 1,00 1,00 266407 1
342 320,55 320,55 313,32 1,00 1,00 266608 1
343 320,55 320,55 313,36 1,00 1,00 266826 1
344 320,55 320,55 313,33 1,00 1,00 267021 1
345 320,55 320,55 313,21 1,00 1,00 267267 1
346 320,55 320,55 313,24 1,00 1,00 267522 1
347 320,55 320,55 313,15 1,00 1,00 267800 1
348 320,55 320,55 313,21 1,00 1,00 267983 1
349 320,55 320,55 313,33 1,00 1,00 268149 1
350 320,55 320,55 313,08 1,00 1,00 268298 1
351 320,55 320,55 313,25 1,00 1,00 268420 1
352 320,55 320,55 313,12 1,00 1,00 268528 1
353 320,55 320,55 313,04 1,00 1,00 268604 1
354 320,55 320,55 312,94 1,00 1,00 268675 1
355 320,55 320,55 312,91 1,00 1,00 268771 1
356 320,55 320,55 312,77 1,00 1,00 268866 1
357 320,55 320,55 312,71 1,00 1,00 268992 1
358 320,55 320,55 312,85 1,00 1,00 269085 1
359 320,55 320,55 312,73 1,00 1,00 269183 1
360 320,55 320,55 312,77 1,00 1,00 269292 1
361 320,55 320,55 312,90 1,00 1,00 269492 1
362 320,55 320,55 312,77 1,00 1,00 269676 1
363 320,55 320,55 312,89 1,00 1,00 269862 1
364 320,55 320,55 312,91 1,00 1,00 270024 1
365 320,55 320,55 312,69 1,00 1,00 270194 1
366 320,55 320,55 312,95 1,00 1,00 270340 1
367 320,55 320,55 312,76 1,00 1,00 270507 1
368 320,55 320,55 312,93 1,00 1,00 270654 1
369 320,55 320,55 312,92 1,00 1,00 270777 1
370 320,55 320,55 312,94 1,00 1,00 270904 1
371 320,55 320,55 312,94 1,00 1,00 271036 1
372 320,55 320,55 312,88 1,00 1,00 271172 1
373 320,55 320,55 312,99 1,00 1,00 271283 1
374 320,55 320,55 312,95 1,00 1,00 271382 1
375 320,55 320,55 312,96 1,00 1,00 271457 1
376 320,55 320,55 312,99 1,00 1,00 271539 1
377 320,55 320,55 312,92 1,00 1,00 271646 1
378 320,55 320,55 312,96 1,00 1,00 271773 1
379 320,55 320,55 312,95 1,00 1,00 271893 1
380 320,55 320,55 312,89 1,00 1,00 272037 1
381 320,55 320,55 312,93 1,00 1,00 272202 1
382 320,55 320,55 312,88 1,00 1,00 272338 1
383 320,55 320,55 312,88 1,00 1,00 272459 1
384 320,55 320,55 312,85 1,00 1,00 272592 1
385 320,55 320,55 312,89 1,00 1,00 272715 1
386 320,55 320,55 312,92 1,00 1,00 272819 1
387 320,55 320,55 312,98 1,00 1,00 272909 1
388 320,55 320,55 312,99 1,00 1,00 272984 1
389 320,55 320,55 313,00 1,00 1,00 273060 1
390 320,55 320,55 312,97 1,00 1,00 273130 1
391 320,55 320,55 312,97 1,00 1,00 273200 1
392 320,55 320,55 312,98 1,00 1,00 273255 1
393 320,55 320,55 312,98 1,00 1,00 273325 1
394 320,55 320,55 313,00 1,00 1,00 273396 1
395 320,55 320,55 313,02 1,00 1,00 273468 1
396 320,55 320,55 313,03 1,00 1,00 273534 1
397 320,55 320,55 313,05 1,00 1,00 273607 1
398 320,55 320,55 313,03 1,00 1,00 273669 1
399 320,55 320,55 313,03 1,00 1,00 273741 1
400 320,55 320,55 313,04 1,00 1,00 273814 1
401 320,55 320,55 313,04 1,00 1,00 273888 1
402 320,55 320,55 313,03 1,00 1,00 273977 1
403 320,55 320,55 313,04 1,00 1,00 274059 1
404 320,55 320,55 313,03 1,00 1,00 274169 1
405 320,55 320,55 313,04 1,00 1,00 274272 1
406 320,55 320,55 312,99 1,00 1,00 274391 1
407 320,55 320,55 312,99 1,00 1,00 274514 1
408 320,55 320,55 313,03 1,00 1,00 274605 1
409 320,55 320,55 313,02 1,00 1,00 274690 1
410 320,55 320,55 313,00 1,00 1,00 274777 1
411 320,55 320,55 313,01 1,00 1,00 274881 1
412 320,55 320,55 313,04 1,00 1,00 274988 1
413 320,55 320,55 313,02 1,00 1,00 275096 1
414 320,55 320,55 313,01 1,00 1,00 275203 1
415 320,55 320,55 313,00 1,00 1,00 275294 1
416 320,55 320,55 312,99 1,00 1,00 275366 1
417 320,55 320,55 312,96 1,00 1,00 275439 1
418 320,55 320,55 312,96 1,00 1,00 275506 1
419 320,55 320,55 312,97 1,00 1,00 275568 1
420 320,55 320,55 312,96 1,00 1,00 275608 1
421 320,55 320,55 312,95 1,00 1,00 275655 1
422 320,55 320,55 312,95 1,00 1,00 275694 1
423 320,55 320,55 312,97 1,00 1,00 275738 1
424 320,55 320,55 312,99 1,00 1,00 275786 1
425 320,55 320,55 313,01 1,00 1,00 275834 1
426 320,55 320,55 313,03 1,00 1,00 275905 1
427 320,55 320,55 313,00 1,00 1,00 275978 1
428 320,55 320,55 313,01 1,00 1,00 276040 1
429 320,55 320,55 313,01 1,00 1,00 276089 1
430 320,55 320,55 313,02 1,00 1,00 276136 1
431 320,55 320,55 313,01 1,00 1,00 276202 1
432 320,55 320,55 313,02 1,00 1,00 276263 1
433 320,55 320,55 313,02 1,00 1,00 276339 1
434 320,55 320,55 313,00 1,00 1,00 276430 1
435 320,55 320,55 312,99 1,00 1,00 276471 1
436 320,55 320,55 313,03 1,00 1,00 276551 1
437 320,55 320,55 313,01 1,00 1,00 276623 1
438 320,55 320,55 313,03 1,00 1,00 276703 1
439 320,55 320,55 313,02 1,00 1,00 276776 1
440 320,55 320,55 313,02 1,00 1,00 276831 1
441 320,55 320,55 313,04 1,00 1,00 276912 1
442 320,55 320,55 313,04 1,00 1,00 276981 1
443 320,55 320,55 313,03 1,00 1,00 277029 1
444 320,55 320,55 313,04 1,00 1,00 277094 1
445 320,55 320,55 313,04 1,00 1,00 277155 1
446 320,55 320,55 313,04 1,00 1,00 277209 1
447 320,55 320,55 313,04 1,00 1,00 277276 1
448 320,55 320,55 313,04 1,00 1,00 277346 1
449 320,55 320,55 313,04 1,00 1,00 277419 1
450 320,55 320,55 313,03 1,00 1,00 277480 1
451 320,55 320,55 313,04 1,00 1,00 277546 1
452 320,55 320,55 313,03 1,00 1,00 277633 1
453 320,55 320,55 313,03 1,00 1,00 277699 1
454 320,55 320,55 313,03 1,00 1,00 277753 1
455 320,55 320,55 313,03 1,00 1,00 277794 1
456 320,55 320,55 313,03 1,00 1,00 277831 1
457 320,55 320,55 313,04 1,00 1,00 277866 1
458 320,55 320,55 313,03 1,00 1,00 277907 1
459 320,55 320,55 313,04 1,00 1,00 277956 1
460 320,55 320,55 313,04 1,00 1,00 278010 1
461 320,55 320,55 313,04 1,00 1,00 278052 1
462 320,55 320,55 313,03 1,00 1,00 278092 1
463 320,55 320,55 313,04 1,00 1,00 278136 1
464 320,55 320,55 313,04 1,00 1,00 278171 1
465 320,55 320,55 313,04 1,00 1,00 278215 1
466 320,55 320,55 313,04 1,00 1,00 278256 1
467 320,55 320,55 313,04 1,00 1,00 278310 1
468 320,55 320,55 313,04 1,00 1,00 278372 1
469 320,55 320,55 313,04 1,00 1,00 278422 1
470 320,55 320,55 313,03 1,00 1,00 278480 1
471 320,55 320,55 313,03 1,00 1,00 278532 1
472 320,55 320,55 313,03 1,00 1,00 278583 1
473 320,55 320,55 313,03 1,00 1,00 278628 1
474 320,55 320,55 313,04 1,00 1,00 278661 1
475 320,55 320,55 313,03 1,00 1,00 278697 1
476 320,55 320,55 313,03 1,00 1,00 278747 1
477 320,55 320,55 313,03 1,00 1,00 278809 1
478 320,55 320,55 313,03 1,00 1,00 278860 1
479 320,55 320,55 313,03 1,00 1,00 278924 1
480 320,55 320,55 313,03 1,00 1,00 278971 1
481 320,55 320,55 313,03 1,00 1,00 279018 1
482 320,55 320,55 313,03 1,00 1,00 279043 1
483 320,55 320,55 313,03 1,00 1,00 279071 1
484 320,55 320,55 313,04 1,00 1,00 279098 1
485 320,55 320,55 313,04 1,00 1,00 279123 1
486 320,55 320,55 313,04 1,00 1,00 279191 1
487 320,55 320,55 313,04 1,00 1,00 279255 1
488 320,55 320,55 313,04 1,00 1,00 279281 1
489 320,55 320,55 313,04 1,00 1,00 279305 1
490 320,55 320,55 313,04 1,00 1,00 279344 1
491 320,55 320,55 313,05 1,00 1,00 279378 1
492 320,55 320,55 313,04 1,00 1,00 279421 1
493 320,55 320,55 313,04 1,00 1,00 279458 1
494 320,55 320,55 313,04 1,00 1,00 279509 1
495 320,55 320,55 313,04 1,00 1,00 279558 1
496 320,55 320,55 313,04 1,00 1,00 279608 1
497 320,55 320,55 313,03 1,00 1,00 279665 1
498 320,55 320,55 313,03 1,00 1,00 279720 1
499 320,55 320,55 313,03 1,00 1,00 279792 1
