500
0 239,84 239,84 239,84 1,00 85,00
1 239,84 0,00 0,00 1,00 83,00
2 239,84 239,84 256,58 99,00 91,00
3 239,84 0,00 0,00 1,00 100,00
4 239,84 0,00 0,00 99,00 108,00
5 239,84 239,84 191,97 197,00 114,00
6 239,84 0,00 0,00 97,00 123,00
7 239,84 239,84 202,48 195,00 131,00
8 239,84 0,00 0,00 95,00 140,00
9 239,84 239,84 203,65 193,00 148,00
10 239,84 0,00 0,00 93,00 157,00
11 239,84 239,84 206,26 191,00 165,00
12 239,84 0,00 0,00 91,00 174,00
13 239,84 239,84 216,62 189,00 182,00
14 239,84 0,00 0,00 89,00 191,00
15 239,84 0,00 0,00 187,00 196,00
16 239,84 239,84 217,31 285,00 204,00
17 239,84 0,00 0,00 185,00 213,00
18 239,84 239,84 216,06 283,00 221,00
19 239,84 0,00 0,00 183,00 230,00
20 239,84 239,84 216,12 281,00 238,00
21 239,84 0,00 0,00 181,00 247,00
22 239,84 239,84 215,33 279,00 255,00
23 239,84 0,00 0,00 179,00 264,00
24 239,84 239,84 215,01 277,00 272,00
25 239,84 0,00 0,00 177,00 281,00
26 239,84 0,00 0,00 275,00 284,00
27 239,84 239,84 214,01 373,00 292,00
28 239,84 0,00 0,00 273,00 301,00
29 239,84 239,84 213,63 371,00 309,00
30 239,84 0,00 0,00 271,00 318,00
31 239,84 239,84 213,14 369,00 326,00
32 239,84 0,00 0,00 269,00 335,00
33 239,84 239,84 212,78 367,00 343,00
34 239,84 0,00 0,00 267,00 352,00
35 239,84 239,84 212,35 365,00 360,00
36 239,84 0,00 0,00 265,00 369,00
37 239,84 0,00 0,00 363,00 372,00
38 239,84 239,84 211,77 461,00 380,00
39 239,84 0,00 0,00 361,00 389,00
40 239,84 239,84 211,28 459,00 397,00
41 239,84 0,00 0,00 359,00 406,00
42 239,84 239,84 210,84 457,00 414,00
43 239,84 0,00 0,00 357,00 423,00
44 239,84 239,84 210,40 455,00 431,00
45 239,84 0,00 0,00 355,00 440,00
46 239,84 239,84 209,95 453,00 448,00
47 239,84 0,00 0,00 353,00 457,00
48 239,84 0,00 0,00 451,00 460,00
49 239,84 239,84 209,23 549,00 468,00
50 239,84 0,00 0,00 449,00 477,00
51 239,84 239,84 208,79 547,00 485,00
52 239,84 0,00 0,00 447,00 494,00
53 239,84 239,84 208,33 545,00 502,00
54 239,84 0,00 0,00 445,00 511,00
55 239,84 239,84 207,88 543,00 519,00
56 239,84 0,00 0,00 443,00 528,00
57 239,84 239,84 207,44 541,00 536,00
58 239,84 0,00 0,00 441,00 545,00
59 239,84 0,00 0,00 539,00 548,00
60 239,84 239,84 206,79 637,00 556,00
61 239,84 0,00 0,00 537,00 565,00
62 239,84 239,84 206,33 635,00 573,00
63 239,84 0,00 0,00 535,00 582,00
64 239,84 239,84 205,86 633,00 590,00
65 239,84 0,00 0,00 533,00 599,00
66 239,84 239,84 205,40 631,00 607,00
67 239,84 0,00 0,00 531,00 616,00
68 239,84 239,84 204,98 629,00 624,00
69 239,84 0,00 0,00 529,00 633,00
70 239,84 0,00 0,00 627,00 636,00
71 239,84 239,84 204,32 725,00 644,00
72 239,84 0,00 0,00 625,00 653,00
73 239,84 239,84 203,86 723,00 661,00
74 239,84 0,00 0,00 623,00 670,00
75 239,84 239,84 203,41 721,00 678,00
76 239,84 0,00 0,00 621,00 687,00
77 239,84 239,84 202,99 719,00 695,00
78 239,84 0,00 0,00 619,00 704,00
79 239,84 239,84 202,56 717,00 712,00
80 239,84 0,00 0,00 617,00 721,00
81 239,84 0,00 0,00 715,00 724,00
82 239,84 239,84 201,97 813,00 732,00
83 239,84 0,00 0,00 713,00 741,00
84 239,84 239,84 201,56 811,00 749,00
85 239,84 0,00 0,00 711,00 758,00
86 239,84 239,84 201,16 809,00 766,00
87 239,84 0,00 0,00 709,00 775,00
88 239,84 239,84 200,76 807,00 783,00
89 239,84 0,00 0,00 707,00 792,00
90 239,84 239,84 200,34 805,00 800,00
91 239,84 0,00 0,00 705,00 809,00
92 239,84 0,00 0,00 803,00 812,00
93 239,84 239,84 199,74 901,00 820,00
94 239,84 0,00 0,00 801,00 829,00
95 239,84 239,84 199,37 899,00 837,00
96 239,84 0,00 0,00 799,00 846,00
97 239,84 239,84 198,98 897,00 854,00
98 239,84 0,00 0,00 797,00 863,00
99 239,84 239,84 198,59 895,00 871,00
100 239,84 0,00 0,00 795,00 880,00
101 239,84 239,84 198,20 893,00 888,00
102 239,84 0,00 0,00 793,00 897,00
103 239,84 0,00 0,00 891,00 900,00
104 239,84 239,84 197,66 989,00 908,00
105 239,84 0,00 0,00 889,00 917,00
106 239,84 239,84 197,29 987,00 925,00
107 239,84 0,00 0,00 887,00 934,00
108 239,84 239,84 196,93 985,00 942,00
109 239,84 0,00 0,00 885,00 951,00
110 239,84 239,84 196,56 983,00 959,00
111 239,84 0,00 0,00 883,00 968,00
112 239,84 239,84 196,19 981,00 976,00
113 239,84 0,00 0,00 881,00 985,00
114 239,84 0,00 0,00 979,00 988,00
115 239,84 239,84 195,66 1.077,00 996,00
116 239,84 0,00 0,00 977,00 1.005,00
117 239,84 239,84 195,30 1.075,00 1.013,00
118 239,84 0,00 0,00 975,00 1.022,00
119 239,84 239,84 194,94 1.073,00 1.030,00
120 239,84 0,00 0,00 973,00 1.039,00
121 239,84 239,84 194,58 1.071,00 1.047,00
122 239,84 0,00 0,00 971,00 1.056,00
123 239,84 239,84 194,24 1.069,00 1.064,00
124 239,84 0,00 0,00 969,00 1.073,00
125 239,84 0,00 0,00 1.067,00 1.076,00
126 239,84 239,84 193,73 1.165,00 1.084,00
127 239,84 0,00 0,00 1.065,00 1.093,00
128 239,84 239,84 193,43 1.163,00 1.101,00
129 239,84 0,00 0,00 1.063,00 1.110,00
130 239,84 239,84 193,13 1.161,00 1.118,00
131 239,84 0,00 0,00 1.061,00 1.127,00
132 239,84 239,84 192,83 1.159,00 1.135,00
133 239,84 0,00 0,00 1.059,00 1.144,00
134 239,84 239,84 192,53 1.157,00 1.152,00
135 239,84 0,00 0,00 1.057,00 1.161,00
136 239,84 0,00 0,00 1.155,00 1.164,00
137 239,84 239,84 192,10 1.253,00 1.172,00
138 239,84 0,00 0,00 1.153,00 1.181,00
139 239,84 239,84 191,82 1.251,00 1.189,00
140 239,84 0,00 0,00 1.151,00 1.198,00
141 239,84 239,84 191,54 1.249,00 1.206,00
142 239,84 0,00 0,00 1.149,00 1.215,00
143 239,84 239,84 191,27 1.247,00 1.223,00
144 239,84 0,00 0,00 1.147,00 1.232,00
145 239,84 239,84 191,00 1.245,00 1.240,00
146 239,84 0,00 0,00 1.145,00 1.249,00
147 239,84 0,00 0,00 1.243,00 1.252,00
148 239,84 239,84 190,62 1.341,00 1.260,00
149 239,84 0,00 0,00 1.241,00 1.269,00
150 239,84 239,84 190,37 1.339,00 1.277,00
151 239,84 0,00 0,00 1.239,00 1.286,00
152 239,84 239,84 190,12 1.337,00 1.294,00
153 239,84 0,00 0,00 1.237,00 1.303,00
154 239,84 239,84 189,88 1.335,00 1.311,00
155 239,84 0,00 0,00 1.235,00 1.320,00
156 239,84 239,84 189,63 1.333,00 1.328,00
157 239,84 0,00 0,00 1.233,00 1.337,00
158 239,84 0,00 0,00 1.331,00 1.340,00
159 239,84 239,84 189,25 1.429,00 1.348,00
160 239,84 0,00 0,00 1.329,00 1.357,00
161 239,84 239,84 189,01 1.427,00 1.365,00
162 239,84 0,00 0,00 1.327,00 1.374,00
163 239,84 239,84 188,79 1.425,00 1.382,00
164 239,84 0,00 0,00 1.325,00 1.391,00
165 239,84 239,84 188,56 1.423,00 1.399,00
166 239,84 0,00 0,00 1.323,00 1.408,00
167 239,84 239,84 188,34 1.421,00 1.416,00
168 239,84 0,00 0,00 1.321,00 1.425,00
169 239,84 0,00 0,00 1.419,00 1.428,00
170 239,84 239,84 188,00 1.517,00 1.436,00
171 239,84 0,00 0,00 1.417,00 1.445,00
172 239,84 239,84 187,79 1.515,00 1.453,00
173 239,84 0,00 0,00 1.415,00 1.462,00
174 239,84 239,84 187,57 1.513,00 1.470,00
175 239,84 0,00 0,00 1.413,00 1.479,00
176 239,84 239,84 187,37 1.511,00 1.487,00
177 239,84 0,00 0,00 1.411,00 1.496,00
178 239,84 239,84 187,18 1.509,00 1.504,00
179 239,84 0,00 0,00 1.409,00 1.513,00
180 239,84 0,00 0,00 1.507,00 1.516,00
181 239,84 239,84 186,90 1.605,00 1.524,00
182 239,84 0,00 0,00 1.505,00 1.533,00
183 239,84 239,84 186,71 1.603,00 1.541,00
184 239,84 0,00 0,00 1.503,00 1.550,00
185 239,84 239,84 186,54 1.601,00 1.558,00
186 239,84 0,00 0,00 1.501,00 1.567,00
187 239,84 239,84 186,38 1.599,00 1.575,00
188 239,84 0,00 0,00 1.499,00 1.584,00
189 239,84 239,84 186,20 1.597,00 1.592,00
190 239,84 0,00 0,00 1.497,00 1.601,00
191 239,84 0,00 0,00 1.595,00 1.604,00
192 239,84 239,84 185,96 1.693,00 1.612,00
193 239,84 0,00 0,00 1.593,00 1.621,00
194 239,84 239,84 185,79 1.691,00 1.629,00
195 239,84 0,00 0,00 1.591,00 1.638,00
196 239,84 239,84 185,64 1.689,00 1.646,00
197 239,84 0,00 0,00 1.589,00 1.655,00
198 239,84 239,84 185,49 1.687,00 1.663,00
199 239,84 0,00 0,00 1.587,00 1.672,00
200 239,84 239,84 185,34 1.685,00 1.680,00
201 239,84 0,00 0,00 1.585,00 1.689,00
202 239,84 0,00 0,00 1.683,00 1.692,00
203 239,84 239,84 185,13 1.781,00 1.700,00
204 239,84 0,00 0,00 1.681,00 1.709,00
205 239,84 239,84 184,98 1.779,00 1.717,00
206 239,84 0,00 0,00 1.679,00 1.726,00
207 239,84 239,84 184,83 1.777,00 1.734,00
208 239,84 0,00 0,00 1.677,00 1.743,00
209 239,84 239,84 184,69 1.775,00 1.751,00
210 239,84 0,00 0,00 1.675,00 1.760,00
211 239,84 239,84 184,56 1.773,00 1.768,00
212 239,84 0,00 0,00 1.673,00 1.777,00
213 239,84 0,00 0,00 1.771,00 1.780,00
214 239,84 239,84 184,37 1.869,00 1.788,00
215 239,84 0,00 0,00 1.769,00 1.797,00
216 239,84 239,84 184,24 1.867,00 1.805,00
217 239,84 0,00 0,00 1.767,00 1.814,00
218 239,84 239,84 184,11 1.865,00 1.822,00
219 239,84 0,00 0,00 1.765,00 1.831,00
220 239,84 239,84 183,99 1.863,00 1.839,00
221 239,84 0,00 0,00 1.763,00 1.848,00
222 239,84 239,84 183,87 1.861,00 1.856,00
223 239,84 0,00 0,00 1.761,00 1.865,00
224 239,84 0,00 0,00 1.859,00 1.868,00
225 239,84 239,84 183,70 1.957,00 1.876,00
226 239,84 0,00 0,00 1.857,00 1.885,00
227 239,84 239,84 183,58 1.955,00 1.893,00
228 239,84 0,00 0,00 1.855,00 1.902,00
229 239,84 239,84 183,47 1.953,00 1.910,00
230 239,84 0,00 0,00 1.853,00 1.919,00
231 239,84 239,84 183,37 1.951,00 1.927,00
232 239,84 0,00 0,00 1.851,00 1.936,00
233 239,84 239,84 183,27 1.949,00 1.944,00
234 239,84 0,00 0,00 1.849,00 1.953,00
235 239,84 0,00 0,00 1.947,00 1.956,00
236 239,84 239,84 183,13 2.045,00 1.964,00
237 239,84 0,00 0,00 1.945,00 1.973,00
238 239,84 239,84 183,03 2.043,00 1.981,00
239 239,84 0,00 0,00 1.943,00 1.990,00
240 239,84 239,84 182,94 2.041,00 1.998,00
241 239,84 0,00 0,00 1.941,00 2.007,00
242 239,84 239,84 182,85 2.039,00 2.015,00
243 239,84 0,00 0,00 1.939,00 2.024,00
244 239,84 239,84 182,76 2.037,00 2.032,00
245 239,84 0,00 0,00 1.937,00 2.041,00
246 239,84 0,00 0,00 2.035,00 2.044,00
247 239,84 239,84 182,64 2.133,00 2.052,00
248 239,84 0,00 0,00 2.033,00 2.061,00
249 239,84 239,84 182,57 2.131,00 2.069,00
250 239,84 0,00 0,00 2.031,00 2.078,00
251 239,84 239,84 182,49 2.129,00 2.086,00
252 239,84 0,00 0,00 2.029,00 2.095,00
253 239,84 239,84 182,41 2.127,00 2.103,00
254 239,84 0,00 0,00 2.027,00 2.112,00
255 239,84 239,84 182,34 2.125,00 2.120,00
256 239,84 0,00 0,00 2.025,00 2.129,00
257 239,84 0,00 0,00 2.123,00 2.132,00
258 239,84 239,84 182,23 2.221,00 2.140,00
259 239,84 0,00 0,00 2.121,00 2.149,00
260 239,84 239,84 182,15 2.219,00 2.157,00
261 239,84 0,00 0,00 2.119,00 2.166,00
262 239,84 239,84 182,07 2.217,00 2.174,00
263 239,84 0,00 0,00 2.117,00 2.183,00
264 239,84 239,84 182,01 2.215,00 2.191,00
265 239,84 0,00 0,00 2.115,00 2.200,00
266 239,84 239,84 181,94 2.213,00 2.208,00
267 239,84 0,00 0,00 2.113,00 2.217,00
268 239,84 0,00 0,00 2.211,00 2.220,00
269 239,84 239,84 181,85 2.309,00 2.228,00
270 239,84 0,00 0,00 2.209,00 2.237,00
271 239,84 239,84 181,78 2.307,00 2.245,00
272 239,84 0,00 0,00 2.207,00 2.254,00
273 239,84 239,84 181,71 2.305,00 2.262,00
274 239,84 0,00 0,00 2.205,00 2.271,00
275 239,84 239,84 181,65 2.303,00 2.279,00
276 239,84 0,00 0,00 2.203,00 2.288,00
277 239,84 239,84 181,58 2.301,00 2.296,00
278 239,84 0,00 0,00 2.201,00 2.305,00
279 239,84 0,00 0,00 2.299,00 2.308,00
280 239,84 239,84 181,49 2.397,00 2.316,00
281 239,84 0,00 0,00 2.297,00 2.325,00
282 239,84 239,84 181,44 2.395,00 2.333,00
283 239,84 0,00 0,00 2.295,00 2.342,00
284 239,84 239,84 181,38 2.393,00 2.350,00
285 239,84 0,00 0,00 2.293,00 2.359,00
286 239,84 239,84 181,33 2.391,00 2.367,00
287 239,84 0,00 0,00 2.291,00 2.376,00
288 239,84 239,84 181,29 2.389,00 2.384,00
289 239,84 0,00 0,00 2.289,00 2.393,00
290 239,84 0,00 0,00 2.387,00 2.396,00
291 239,84 239,84 181,22 2.485,00 2.404,00
292 239,84 0,00 0,00 2.385,00 2.413,00
293 239,84 239,84 181,17 2.483,00 2.421,00
294 239,84 0,00 0,00 2.383,00 2.430,00
295 239,84 239,84 181,13 2.481,00 2.438,00
296 239,84 0,00 0,00 2.381,00 2.447,00
297 239,84 239,84 181,09 2.479,00 2.455,00
298 239,84 0,00 0,00 2.379,00 2.464,00
299 239,84 239,84 181,05 2.477,00 2.472,00
300 239,84 0,00 0,00 2.377,00 2.481,00
301 239,84 0,00 0,00 2.475,00 2.484,00
302 239,84 239,84 181,00 2.573,00 2.492,00
303 239,84 0,00 0,00 2.473,00 2.501,00
304 239,84 239,84 180,97 2.571,00 2.509,00
305 239,84 0,00 0,00 2.471,00 2.518,00
306 239,84 239,84 180,94 2.569,00 2.526,00
307 239,84 0,00 0,00 2.469,00 2.535,00
308 239,84 239,84 180,90 2.567,00 2.543,00
309 239,84 0,00 0,00 2.467,00 2.552,00
310 239,84 239,84 180,87 2.565,00 2.560,00
311 239,84 0,00 0,00 2.465,00 2.569,00
312 239,84 0,00 0,00 2.563,00 2.572,00
313 239,84 239,84 180,82 2.661,00 2.580,00
314 239,84 0,00 0,00 2.561,00 2.589,00
315 239,84 239,84 180,78 2.659,00 2.597,00
316 239,84 0,00 0,00 2.559,00 2.606,00
317 239,84 239,84 180,75 2.657,00 2.614,00
318 239,84 0,00 0,00 2.557,00 2.623,00
319 239,84 239,84 180,73 2.655,00 2.631,00
320 239,84 0,00 0,00 2.555,00 2.640,00
321 239,84 239,84 180,70 2.653,00 2.648,00
322 239,84 0,00 0,00 2.553,00 2.657,00
323 239,84 0,00 0,00 2.651,00 2.660,00
324 239,84 239,84 180,66 2.749,00 2.668,00
325 239,84 0,00 0,00 2.649,00 2.677,00
326 239,84 239,84 180,63 2.747,00 2.685,00
327 239,84 0,00 0,00 2.647,00 2.694,00
328 239,84 239,84 180,60 2.745,00 2.702,00
329 239,84 0,00 0,00 2.645,00 2.711,00
330 239,84 239,84 180,56 2.743,00 2.719,00
331 239,84 0,00 0,00 2.643,00 2.728,00
332 239,84 239,84 180,54 2.741,00 2.736,00
333 239,84 0,00 0,00 2.641,00 2.745,00
334 239,84 0,00 0,00 2.739,00 2.748,00
335 239,84 239,84 180,51 2.837,00 2.756,00
336 239,84 0,00 0,00 2.737,00 2.765,00
337 239,84 239,84 180,49 2.835,00 2.773,00
338 239,84 0,00 0,00 2.735,00 2.782,00
339 239,84 239,84 180,47 2.833,00 2.790,00
340 239,84 0,00 0,00 2.733,00 2.799,00
341 239,84 239,84 180,44 2.831,00 2.807,00
342 239,84 0,00 0,00 2.731,00 2.816,00
343 239,84 239,84 180,42 2.829,00 2.824,00
344 239,84 0,00 0,00 2.729,00 2.833,00
345 239,84 0,00 0,00 2.827,00 2.836,00
346 239,84 239,84 180,40 2.925,00 2.844,00
347 239,84 0,00 0,00 2.825,00 2.853,00
348 239,84 239,84 180,39 2.923,00 2.861,00
349 239,84 0,00 0,00 2.823,00 2.870,00
350 239,84 239,84 180,37 2.921,00 2.878,00
351 239,84 0,00 0,00 2.821,00 2.887,00
352 239,84 239,84 180,36 2.919,00 2.895,00
353 239,84 0,00 0,00 2.819,00 2.904,00
354 239,84 239,84 180,34 2.917,00 2.912,00
355 239,84 0,00 0,00 2.817,00 2.921,00
356 239,84 0,00 0,00 2.915,00 2.924,00
357 239,84 239,84 180,33 3.013,00 2.932,00
358 239,84 0,00 0,00 2.913,00 2.941,00
359 239,84 239,84 180,32 3.011,00 2.949,00
360 239,84 0,00 0,00 2.911,00 2.958,00
361 239,84 239,84 180,30 3.009,00 2.966,00
362 239,84 0,00 0,00 2.909,00 2.975,00
363 239,84 239,84 180,28 3.007,00 2.983,00
364 239,84 0,00 0,00 2.907,00 2.992,00
365 239,84 239,84 180,27 3.005,00 3.000,00
366 239,84 0,00 0,00 2.905,00 3.009,00
367 239,84 0,00 0,00 3.003,00 3.012,00
368 239,84 239,84 180,25 3.101,00 3.020,00
369 239,84 0,00 0,00 3.001,00 3.029,00
370 239,84 239,84 180,25 3.099,00 3.037,00
371 239,84 0,00 0,00 2.999,00 3.046,00
372 239,84 239,84 180,24 3.097,00 3.054,00
373 239,84 0,00 0,00 2.997,00 3.063,00
374 239,84 239,84 180,23 3.095,00 3.071,00
375 239,84 0,00 0,00 2.995,00 3.080,00
376 239,84 239,84 180,21 3.093,00 3.088,00
377 239,84 0,00 0,00 2.993,00 3.097,00
378 239,84 0,00 0,00 3.091,00 3.100,00
379 239,84 239,84 180,19 3.189,00 3.108,00
380 239,84 0,00 0,00 3.089,00 3.117,00
381 239,84 239,84 180,19 3.187,00 3.125,00
382 239,84 0,00 0,00 3.087,00 3.134,00
383 239,84 239,84 180,18 3.185,00 3.142,00
384 239,84 0,00 0,00 3.085,00 3.151,00
385 239,84 239,84 180,17 3.183,00 3.159,00
386 239,84 0,00 0,00 3.083,00 3.168,00
387 239,84 239,84 180,16 3.181,00 3.176,00
388 239,84 0,00 0,00 3.081,00 3.185,00
389 239,84 0,00 0,00 3.179,00 3.188,00
390 239,84 239,84 180,15 3.277,00 3.196,00
391 239,84 0,00 0,00 3.177,00 3.205,00
392 239,84 239,84 180,15 3.275,00 3.213,00
393 239,84 0,00 0,00 3.175,00 3.222,00
394 239,84 239,84 180,14 3.273,00 3.230,00
395 239,84 0,00 0,00 3.173,00 3.239,00
396 239,84 239,84 180,14 3.271,00 3.247,00
397 239,84 0,00 0,00 3.171,00 3.256,00
398 239,84 239,84 180,13 3.269,00 3.264,00
399 239,84 0,00 0,00 3.169,00 3.273,00
400 239,84 0,00 0,00 3.267,00 3.276,00
401 239,84 239,84 180,14 3.365,00 3.284,00
402 239,84 0,00 0,00 3.265,00 3.293,00
403 239,84 239,84 180,14 3.363,00 3.301,00
404 239,84 0,00 0,00 3.263,00 3.310,00
405 239,84 239,84 180,14 3.361,00 3.318,00
406 239,84 0,00 0,00 3.261,00 3.327,00
407 239,84 239,84 180,14 3.359,00 3.335,00
408 239,84 0,00 0,00 3.259,00 3.344,00
409 239,84 239,84 180,13 3.357,00 3.352,00
410 239,84 0,00 0,00 3.257,00 3.361,00
411 239,84 0,00 0,00 3.355,00 3.364,00
412 239,84 239,84 180,13 3.453,00 3.372,00
413 239,84 0,00 0,00 3.353,00 3.381,00
414 239,84 239,84 180,13 3.451,00 3.389,00
415 239,84 0,00 0,00 3.351,00 3.398,00
416 239,84 239,84 180,13 3.449,00 3.406,00
417 239,84 0,00 0,00 3.349,00 3.415,00
418 239,84 239,84 180,14 3.447,00 3.423,00
419 239,84 0,00 0,00 3.347,00 3.432,00
420 239,84 239,84 180,14 3.445,00 3.440,00
421 239,84 0,00 0,00 3.345,00 3.449,00
422 239,84 0,00 0,00 3.443,00 3.452,00
423 239,84 239,84 180,14 3.541,00 3.460,00
424 239,84 0,00 0,00 3.441,00 3.469,00
425 239,84 239,84 180,15 3.539,00 3.477,00
426 239,84 0,00 0,00 3.439,00 3.486,00
427 239,84 239,84 180,15 3.537,00 3.494,00
428 239,84 0,00 0,00 3.437,00 3.503,00
429 239,84 239,84 180,15 3.535,00 3.511,00
430 239,84 0,00 0,00 3.435,00 3.520,00
431 239,84 239,84 180,15 3.533,00 3.528,00
432 239,84 0,00 0,00 3.433,00 3.537,00
433 239,84 0,00 0,00 3.531,00 3.540,00
434 239,84 239,84 180,15 3.629,00 3.548,00
435 239,84 0,00 0,00 3.529,00 3.557,00
436 239,84 239,84 180,15 3.627,00 3.565,00
437 239,84 0,00 0,00 3.527,00 3.574,00
438 239,84 239,84 180,15 3.625,00 3.582,00
439 239,84 0,00 0,00 3.525,00 3.591,00
440 239,84 239,84 180,15 3.623,00 3.599,00
441 239,84 0,00 0,00 3.523,00 3.608,00
442 239,84 239,84 180,16 3.621,00 3.616,00
443 239,84 0,00 0,00 3.521,00 3.625,00
444 239,84 0,00 0,00 3.619,00 3.628,00
445 239,84 239,84 180,16 3.717,00 3.636,00
446 239,84 0,00 0,00 3.617,00 3.645,00
447 239,84 239,84 180,16 3.715,00 3.653,00
448 239,84 0,00 0,00 3.615,00 3.662,00
449 239,84 239,84 180,16 3.713,00 3.670,00
450 239,84 0,00 0,00 3.613,00 3.679,00
451 239,84 239,84 180,16 3.711,00 3.687,00
452 239,84 0,00 0,00 3.611,00 3.696,00
453 239,84 239,84 180,17 3.709,00 3.704,00
454 239,84 0,00 0,00 3.609,00 3.713,00
455 239,84 0,00 0,00 3.707,00 3.716,00
456 239,84 239,84 180,18 3.805,00 3.724,00
457 239,84 0,00 0,00 3.705,00 3.733,00
458 239,84 239,84 180,18 3.803,00 3.741,00
459 239,84 0,00 0,00 3.703,00 3.750,00
460 239,84 239,84 180,19 3.801,00 3.758,00
461 239,84 0,00 0,00 3.701,00 3.767,00
462 239,84 239,84 180,19 3.799,00 3.775,00
463 239,84 0,00 0,00 3.699,00 3.784,00
464 239,84 239,84 180,20 3.797,00 3.792,00
465 239,84 0,00 0,00 3.697,00 3.801,00
466 239,84 0,00 0,00 3.795,00 3.804,00
467 239,84 239,84 180,21 3.893,00 3.812,00
468 239,84 0,00 0,00 3.793,00 3.821,00
469 239,84 239,84 180,21 3.891,00 3.829,00
470 239,84 0,00 0,00 3.791,00 3.838,00
471 239,84 239,84 180,22 3.889,00 3.846,00
472 239,84 0,00 0,00 3.789,00 3.855,00
473 239,84 239,84 180,23 3.887,00 3.863,00
474 239,84 0,00 0,00 3.787,00 3.872,00
475 239,84 239,84 180,23 3.885,00 3.880,00
476 239,84 0,00 0,00 3.785,00 3.889,00
477 239,84 0,00 0,00 3.883,00 3.892,00
478 239,84 239,84 180,24 3.981,00 3.900,00
479 239,84 0,00 0,00 3.881,00 3.909,00
480 239,84 239,84 180,24 3.979,00 3.917,00
481 239,84 0,00 0,00 3.879,00 3.926,00
482 239,84 239,84 180,24 3.977,00 3.934,00
483 239,84 0,00 0,00 3.877,00 3.943,00
484 239,84 239,84 180,25 3.975,00 3.951,00
485 239,84 0,00 0,00 3.875,00 3.960,00
486 239,84 239,84 180,25 3.973,00 3.968,00
487 239,84 0,00 0,00 3.873,00 3.977,00
488 239,84 0,00 0,00 3.971,00 3.980,00
489 239,84 239,84 180,27 4.069,00 3.988,00
490 239,84 0,00 0,00 3.969,00 3.997,00
491 239,84 239,84 180,27 4.067,00 4.005,00
492 239,84 0,00 0,00 3.967,00 4.014,00
493 239,84 239,84 180,28 4.065,00 4.022,00
494 239,84 0,00 0,00 3.965,00 4.031,00
495 239,84 239,84 180,29 4.063,00 4.039,00
496 239,84 0,00 0,00 3.963,00 4.048,00
497 239,84 239,84 180,29 4.061,00 4.056,00
498 239,84 0,00 0,00 3.961,00 4.065,00
499 239,84 0,00 0,00 4.059,00 4.068,00
