500
0 17,83 17,83 17,83 9,00 18,00 0 0
1 17,83 17,83 17,83 4,00 19,00 2034 0
2 17,83 17,83 1,29 1,00 19,00 5373 0
3 17,83 17,83 1,13 3,00 1,00 8224 0
4 17,83 2,82 0,21 145,00 19,00 10634 0
5 17,83 136,08 8,74 1,00 19,00 12916 0
6 17,83 1,37 0,13 179,00 13,00 15418 0
7 17,83 1,37 0,11 351,00 19,00 17536 0
8 17,83 1,37 0,12 533,00 19,00 19639 0
9 17,83 1,37 0,26 707,00 19,00 21808 0
10 17,83 1,37 0,18 875,00 19,00 23907 0
11 17,83 821,20 281,78 675,00 19,00 25930 0
12 17,83 821,20 153,76 475,00 36,00 27892 0
13 17,83 821,20 177,12 277,00 53,00 29850 0
14 17,83 821,20 325,69 77,00 70,00 31599 0
15 17,83 821,20 152,41 1,00 87,00 33497 0
16 17,83 821,20 335,88 1,00 87,00 35789 0
17 17,83 0,21 0,07 197,00 84,00 37955 0
18 17,83 0,21 0,11 393,00 19,00 39952 0
19 17,83 0,21 0,10 589,00 19,00 41766 0
20 17,83 0,21 0,11 785,00 19,00 43660 0
21 17,83 0,21 0,10 981,00 19,00 45373 0
22 17,83 0,21 0,10 1.179,00 19,00 47124 0
23 17,83 0,21 0,10 1.377,00 19,00 48807 0
24 17,83 0,21 0,09 1.575,00 19,00 50463 0
25 17,83 1.478,16 652,13 1.375,00 19,00 52047 0
26 17,83 1.478,16 655,44 1.177,00 37,00 53795 0
27 17,83 1.478,16 546,58 979,00 55,00 55520 0
28 17,83 242,46 82,13 785,00 72,00 57190 0
29 17,83 242,46 121,02 589,00 84,00 58778 0
30 17,83 242,46 133,51 401,00 102,00 60394 0
31 17,83 242,46 119,64 213,00 115,00 62105 0
32 17,83 242,46 103,61 23,00 124,00 63934 0
33 17,83 3,48 1,52 47,00 118,00 65556 0
34 17,83 3,48 1,77 75,00 64,00 67081 0
35 17,83 3,48 1,88 105,00 23,00 68549 0
36 17,83 3,48 1,89 129,00 19,00 69881 0
37 17,83 3,48 1,79 153,00 19,00 71145 0
38 17,83 3,48 1,74 185,00 19,00 72579 0
39 17,83 3,48 1,58 197,00 19,00 74208 0
40 17,83 3,48 1,48 197,00 19,00 75718 0
41 17,83 3,48 1,19 217,00 19,00 77166 0
42 17,83 3,48 1,53 211,00 19,00 78878 0
43 17,83 3,48 1,62 205,00 19,00 80555 0
44 17,83 3,48 1,61 221,00 19,00 81773 0
45 17,83 3,48 1,53 225,00 19,00 83109 0
46 17,83 3,48 1,54 197,00 19,00 84434 0
47 17,83 3,48 1,49 175,00 19,00 85600 0
48 17,83 3,48 1,45 139,00 19,00 87143 0
49 17,83 3,48 1,48 93,00 19,00 88485 0
50 17,83 3,48 1,44 73,00 19,00 89667 0
51 17,83 3,48 1,88 47,00 19,00 91101 0
52 17,83 3,48 1,91 5,00 19,00 92490 0
53 17,83 3,48 1,79 1,00 19,00 93718 0
54 17,83 3,48 1,80 2,00 1,00 94913 0
55 17,83 3,48 1,80 2,00 19,00 96246 0
56 17,83 3,48 1,85 1,00 19,00 97603 0
57 17,83 3,48 1,83 7,00 1,00 98885 0
58 17,83 3,48 1,86 1,00 19,00 100402 0
59 17,83 17,83 9,52 1,00 1,00 101741 0
60 17,83 17,83 9,61 1,00 1,00 103074 0
61 17,83 17,83 9,52 1,00 1,00 104418 0
62 17,83 17,83 9,57 1,00 1,00 105536 0
63 17,83 17,83 9,50 1,00 1,00 106810 0
64 17,83 17,83 9,53 1,00 1,00 108412 0
65 17,83 17,83 9,22 1,00 1,00 110148 0
66 17,83 17,83 9,14 1,00 1,00 111691 0
67 17,83 17,83 8,99 1,00 1,00 113010 0
68 17,83 17,83 8,68 1,00 1,00 114244 0
69 17,83 17,83 9,12 1,00 1,00 115821 0
70 17,83 17,83 8,76 1,00 1,00 117266 0
71 17,83 17,83 9,00 1,00 1,00 118561 0
72 17,83 17,83 8,87 1,00 1,00 120013 0
73 17,83 17,83 8,87 1,00 1,00 121298 0
74 17,83 17,83 8,79 1,00 1,00 122549 0
75 17,83 17,83 8,70 1,00 1,00 123751 0
76 17,83 17,83 8,72 1,00 1,00 124905 0
77 17,83 17,83 8,62 1,00 1,00 125986 0
78 17,83 17,83 8,56 1,00 1,00 127318 0
79 17,83 17,83 8,39 1,00 1,00 128543 0
80 17,83 17,83 8,80 1,00 1,00 130074 0
81 17,83 17,83 8,55 2,00 1,00 131439 0
82 17,83 1,88 1,16 4,00 19,00 132580 0
83 17,83 1,88 1,06 10,00 19,00 133739 0
84 17,83 1,88 1,09 12,00 19,00 134818 0
85 17,83 1,88 1,07 9,00 19,00 135948 0
86 17,83 8,45 4,92 1,00 19,00 136970 0
87 17,83 8,45 5,07 4,00 1,00 138018 0
88 17,83 3,75 2,24 2,00 19,00 139066 0
89 17,83 3,75 2,24 1,00 19,00 139999 0
90 17,83 3,75 2,19 3,00 1,00 141020 0
91 17,83 3,75 2,25 5,00 19,00 142167 0
92 17,83 3,75 2,18 3,00 19,00 143191 0
93 17,83 3,75 2,17 7,00 19,00 144073 0
94 17,83 3,75 2,24 4,00 19,00 145023 0
95 17,83 3,75 2,34 5,00 19,00 146050 0
96 17,83 3,75 2,29 1,00 19,00 147033 0
97 17,83 3,75 2,31 5,00 1,00 148185 0
98 17,83 3,75 2,31 6,00 19,00 149496 0
99 17,83 3,75 2,21 7,00 19,00 150789 0
100 17,83 3,75 2,23 7,00 19,00 151913 0
101 17,83 6,57 3,98 5,00 19,00 152923 0
102 17,83 6,57 3,89 3,00 19,00 154100 0
103 17,83 6,57 4,05 3,00 19,00 155304 0
104 17,83 6,57 4,39 2,00 19,00 156501 0
105 17,83 6,57 4,27 1,00 19,00 157770 0
106 17,83 6,57 4,36 1,00 1,00 159019 0
107 17,83 6,57 4,24 1,00 1,00 160099 0
108 17,83 6,57 4,14 1,00 1,00 161070 0
109 17,83 6,57 4,15 1,00 1,00 161897 0
110 17,83 17,83 11,13 1,00 1,00 162626 0
111 17,83 17,83 11,02 1,00 1,00 163252 0
112 17,83 17,83 10,92 1,00 1,00 163915 0
113 17,83 17,83 10,79 1,00 1,00 164484 0
114 17,83 17,83 10,77 1,00 1,00 165028 0
115 17,83 17,83 10,78 1,00 1,00 165663 0
116 17,83 17,83 10,80 1,00 1,00 166330 0
117 17,83 17,83 10,84 1,00 1,00 166906 0
118 17,83 17,83 10,83 1,00 1,00 167421 0
119 17,83 17,83 10,84 1,00 1,00 168035 0
120 17,83 17,83 10,79 1,00 1,00 168861 0
121 17,83 17,83 10,86 1,00 1,00 169578 0
122 17,83 17,83 10,87 1,00 1,00 170224 0
123 17,83 17,83 10,96 1,00 1,00 170893 0
124 17,83 17,83 10,90 1,00 1,00 171582 0
125 17,83 17,83 10,95 1,00 1,00 172216 0
126 17,83 17,83 11,11 1,00 1,00 172756 0
127 17,83 17,83 11,14 1,00 1,00 173305 0
128 17,83 17,83 11,08 1,00 1,00 173840 0
129 17,83 17,83 10,99 1,00 1,00 174427 0
130 17,83 17,83 11,08 1,00 1,00 175026 0
131 17,83 17,83 11,09 1,00 1,00 175704 0
132 17,83 17,83 10,97 1,00 1,00 176270 0
133 17,83 17,83 11,07 1,00 1,00 176881 0
134 17,83 17,83 10,97 1,00 1,00 177431 0
135 17,83 17,83 11,06 1,00 1,00 178005 0
136 17,83 17,83 11,06 1,00 1,00 178566 0
137 17,83 17,83 10,77 1,00 1,00 179265 0
138 17,83 17,83 10,83 1,00 1,00 179894 0
139 17,83 17,83 11,00 1,00 1,00 180482 0
140 17,83 17,83 11,17 1,00 1,00 181063 0
141 17,83 17,83 10,83 1,00 1,00 181637 0
142 17,83 17,83 10,60 1,00 1,00 182152 0
143 17,83 17,83 10,55 1,00 1,00 182626 0
144 17,83 17,83 10,54 2,00 1,00 183097 0
145 17,83 17,83 10,43 1,00 19,00 183576 0
146 17,83 1,37 0,80 1,00 13,00 184032 0
147 17,83 17,83 10,42 1,00 1,00 184511 0
148 17,83 17,83 10,41 1,00 1,00 184974 0
149 17,83 17,83 10,52 1,00 1,00 185531 0
150 17,83 17,83 10,55 1,00 1,00 186058 0
151 17,83 17,83 10,48 2,00 1,00 186631 0
152 17,83 17,83 10,57 1,00 19,00 187173 0
153 17,83 17,83 10,72 1,00 5,00 187653 0
154 17,83 17,83 11,01 1,00 1,00 188087 0
155 17,83 17,83 11,00 1,00 1,00 188478 0
156 17,83 17,83 11,00 1,00 1,00 188781 0
157 17,83 17,83 10,98 1,00 1,00 189113 0
158 17,83 17,83 11,10 1,00 1,00 189431 0
159 17,83 17,83 11,16 1,00 1,00 189747 0
160 17,83 17,83 11,10 1,00 1,00 190001 0
161 17,83 17,83 11,20 1,00 1,00 190235 0
162 17,83 17,83 10,97 1,00 1,00 190426 0
163 17,83 17,83 11,00 1,00 1,00 190604 0
164 17,83 17,83 11,05 1,00 1,00 190779 0
165 17,83 17,83 11,09 1,00 1,00 191045 0
166 17,83 17,83 11,12 2,00 1,00 191280 0
167 17,83 17,83 11,12 1,00 19,00 191593 0
168 17,83 17,83 11,16 1,00 10,00 192025 0
169 17,83 17,83 11,18 1,00 3,00 192568 0
170 17,83 17,83 11,14 1,00 1,00 193073 0
171 17,83 17,83 11,11 2,00 1,00 193588 0
172 17,83 17,83 11,11 2,00 19,00 194218 0
173 17,83 17,83 11,14 1,00 4,00 194884 0
174 17,83 17,83 11,22 1,00 1,00 195676 0
175 17,83 17,83 11,19 1,00 1,00 196337 0
176 17,83 17,83 11,12 1,00 1,00 196899 0
177 17,83 17,83 11,08 1,00 1,00 197325 0
178 17,83 17,83 11,19 2,00 1,00 197802 0
179 17,83 17,83 11,08 2,00 19,00 198275 0
180 17,83 17,83 11,06 1,00 6,00 198921 0
181 17,83 17,83 11,15 1,00 1,00 199549 0
182 17,83 17,83 11,15 1,00 1,00 200208 0
183 17,83 17,83 11,07 1,00 1,00 201052 0
184 17,83 17,83 11,21 1,00 1,00 201970 0
185 17,83 17,83 11,21 1,00 1,00 202680 0
186 17,83 17,83 11,17 1,00 1,00 203342 0
187 17,83 17,83 10,84 2,00 1,00 203905 0
188 17,83 17,83 11,07 2,00 19,00 204414 0
189 17,83 17,83 11,01 1,00 8,00 205267 0
190 17,83 17,83 11,09 2,00 1,00 206148 0
191 17,83 17,83 11,09 2,00 19,00 207071 0
192 17,83 17,83 11,29 1,00 6,00 207853 0
193 17,83 17,83 11,36 1,00 1,00 208707 0
194 17,83 17,83 11,22 1,00 1,00 209442 0
195 17,83 17,83 11,12 1,00 1,00 210092 0
196 17,83 17,83 11,18 2,00 1,00 210836 0
197 17,83 17,83 11,16 2,00 19,00 211520 0
198 17,83 17,83 11,09 1,00 5,00 212143 0
199 17,83 17,83 11,26 1,00 1,00 212798 0
200 17,83 17,83 11,14 1,00 1,00 213398 0
201 17,83 17,83 11,19 1,00 1,00 213972 0
202 17,83 17,83 11,22 1,00 1,00 214446 0
203 17,83 17,83 11,50 1,00 1,00 214886 0
204 17,83 17,83 10,94 1,00 1,00 215331 0
205 17,83 17,83 11,41 1,00 1,00 215711 0
206 17,83 17,83 11,33 1,00 1,00 216069 0
207 17,83 17,83 11,25 1,00 1,00 216426 0
208 17,83 17,83 11,32 1,00 1,00 216691 0
209 17,83 17,83 11,01 1,00 1,00 216851 0
210 17,83 17,83 11,29 1,00 1,00 217021 0
211 17,83 17,83 11,24 1,00 1,00 217235 0
212 17,83 17,83 11,51 1,00 1,00 217428 0
213 17,83 17,83 11,26 1,00 1,00 217613 0
214 17,83 17,83 11,26 1,00 1,00 217786 0
215 17,83 17,83 11,21 2,00 1,00 218014 0
216 17,83 17,83 11,20 2,00 19,00 218241 0
217 17,83 17,83 11,20 1,00 10,00 218632 0
218 17,83 17,83 11,16 1,00 1,00 219065 0
219 17,83 17,83 11,10 1,00 1,00 219510 0
220 17,83 17,83 11,13 2,00 1,00 219834 0
221 17,83 1,88 1,17 2,00 19,00 220118 0
222 17,83 1,88 1,18 2,00 19,00 220457 0
223 17,83 1,88 1,17 2,00 19,00 220780 0
224 17,83 1,88 1,17 2,00 19,00 221084 0
225 17,83 1,88 1,17 2,00 19,00 221368 0
226 17,83 1,88 1,17 2,00 19,00 221678 0
227 17,83 1,88 1,17 2,00 19,00 222006 0
228 17,83 1,88 1,17 1,00 19,00 222403 0
229 17,83 1,88 1,17 1,00 1,00 222737 0
230 17,83 1,88 1,17 1,00 1,00 223035 0
231 17,83 1,88 1,17 1,00 1,00 223321 0
232 17,83 1,88 1,18 1,00 1,00 223592 0
233 17,83 1,88 1,18 1,00 1,00 223825 0
234 17,83 1,88 1,18 1,00 1,00 224068 0
235 17,83 1,88 1,18 1,00 1,00 224238 0
236 17,83 1,88 1,18 1,00 1,00 224458 0
237 17,83 1,88 1,18 1,00 1,00 224715 0
238 17,83 1,88 1,17 1,00 1,00 224963 0
239 17,83 1,88 1,17 1,00 1,00 225171 0
240 17,83 1,88 1,18 1,00 1,00 225419 0
241 17,83 1,88 1,18 1,00 1,00 225651 0
242 17,83 1,88 1,18 1,00 1,00 225874 0
243 17,83 1,88 1,18 1,00 1,00 226049 0
244 17,83 1,88 1,18 1,00 1,00 226240 0
245 17,83 1,88 1,18 2,00 1,00 226509 0
246 17,83 1,88 1,18 2,00 19,00 226809 0
247 17,83 1,88 1,18 2,00 2,00 227215 0
248 17,83 1,88 1,17 2,00 19,00 227639 0
249 17,83 1,88 1,17 2,00 19,00 228105 0
250 17,83 1,88 1,18 2,00 19,00 228636 0
251 17,83 1,88 1,17 1,00 19,00 229213 0
252 17,83 1,88 1,17 1,00 1,00 229674 0
253 17,83 1,88 1,17 1,00 1,00 230044 0
254 17,83 1,88 1,17 1,00 1,00 230450 0
255 17,83 1,88 1,17 1,00 1,00 230803 0
256 17,83 1,88 1,17 2,00 1,00 231184 0
257 17,83 1,88 1,17 2,00 19,00 231585 0
258 17,83 17,83 11,08 1,00 2,00 232098 0
259 17,83 17,83 11,07 1,00 1,00 232617 0
260 17,83 17,83 11,00 1,00 1,00 233264 0
261 17,83 17,83 10,98 1,00 1,00 233979 0
262 17,83 17,83 11,13 1,00 1,00 234613 0
263 17,83 17,83 11,10 2,00 1,00 235212 0
264 17,83 17,83 11,13 1,00 19,00 235817 0
265 17,83 17,83 11,09 2,00 6,00 236398 0
266 17,83 17,83 11,24 2,00 19,00 236895 0
267 17,83 17,83 11,12 1,00 12,00 237510 0
268 17,83 17,83 11,14 1,00 5,00 238092 0
269 17,83 17,83 11,12 1,00 1,00 238725 0
270 17,83 17,83 11,08 1,00 1,00 239224 0
271 17,83 17,83 11,06 1,00 1,00 239797 0
272 17,83 17,83 11,06 1,00 1,00 240308 0
273 17,83 17,83 11,00 1,00 1,00 240800 0
274 17,83 17,83 10,91 1,00 1,00 241319 0
275 17,83 17,83 10,83 1,00 1,00 241758 0
276 17,83 17,83 10,76 1,00 1,00 242166 0
277 17,83 17,83 10,78 1,00 1,00 242581 0
278 17,83 17,83 10,70 1,00 1,00 242909 0
279 17,83 17,83 10,66 1,00 1,00 243219 0
280 17,83 17,83 10,58 1,00 1,00 243464 0
281 17,83 17,83 10,58 1,00 1,00 243676 0
282 17,83 17,83 10,61 1,00 1,00 243930 0
283 17,83 17,83 10,61 1,00 1,00 244170 0
284 17,83 17,83 10,61 2,00 1,00 244381 0
285 17,83 17,83 10,60 2,00 19,00 244581 0
286 17,83 2,74 1,63 2,00 13,00 244881 0
287 17,83 1,88 1,13 3,00 19,00 245197 0
288 17,83 1,88 1,14 2,00 19,00 245608 0
289 17,83 1,88 1,15 2,00 19,00 246088 0
290 17,83 1,88 1,15 2,00 19,00 246639 0
291 17,83 1,88 1,15 2,00 19,00 247156 0
292 17,83 1,88 1,16 2,00 19,00 247714 0
293 17,83 1,88 1,16 2,00 19,00 248241 0
294 17,83 1,88 1,16 2,00 19,00 248810 0
295 17,83 1,88 1,16 2,00 19,00 249419 0
296 17,83 1,88 1,16 2,00 19,00 250007 0
297 17,83 1,88 1,16 2,00 19,00 250497 0
298 17,83 1,88 1,17 2,00 19,00 250954 0
299 17,83 1,88 1,16 1,00 19,00 251457 0
300 17,83 1,88 1,17 1,00 1,00 251857 0
301 17,83 1,88 1,17 1,00 1,00 252267 0
302 17,83 1,88 1,17 1,00 1,00 252574 0
303 17,83 1,88 1,18 1,00 1,00 252830 0
304 17,83 1,88 1,16 1,00 1,00 253107 0
305 17,83 17,83 11,09 1,00 1,00 253377 0
306 17,83 17,83 11,10 2,00 1,00 253614 0
307 17,83 17,83 11,10 2,00 19,00 253802 0
308 17,83 17,83 11,18 1,00 15,00 254049 0
309 17,83 17,83 11,15 2,00 10,00 254401 0
310 17,83 1,88 1,18 2,00 19,00 254778 0
311 17,83 1,88 1,18 2,00 19,00 255271 0
312 17,83 1,88 1,18 2,00 19,00 255757 0
313 17,83 1,88 1,17 2,00 19,00 256168 0
314 17,83 1,88 1,17 2,00 19,00 256672 0
315 17,83 1,88 1,17 2,00 19,00 257185 0
316 17,83 1,88 1,18 2,00 19,00 257712 0
317 17,83 1,88 1,17 2,00 19,00 258122 0
318 17,83 1,88 1,19 2,00 19,00 258667 0
319 17,83 1,88 1,17 2,00 19,00 259142 0
320 17,83 1,88 1,17 2,00 19,00 259646 0
321 17,83 1,88 1,17 1,00 19,00 260162 0
322 17,83 1,88 1,18 1,00 1,00 260676 0
323 17,83 1,88 1,17 1,00 1,00 261138 0
324 17,83 1,88 1,18 1,00 1,00 261651 0
325 17,83 17,83 11,13 1,00 1,00 262097 0
326 17,83 17,83 11,10 1,00 1,00 262489 0
327 17,83 17,83 11,13 1,00 1,00 262843 0
328 17,83 17,83 11,16 1,00 1,00 263159 0
329 17,83 17,83 11,17 1,00 1,00 263421 0
330 17,83 17,83 11,19 2,00 1,00 263619 0
331 17,83 17,83 11,20 1,00 19,00 263843 0
332 17,83 17,83 11,21 1,00 16,00 264118 0
333 17,83 17,83 11,21 1,00 15,00 264399 0
334 17,83 17,83 11,21 1,00 15,00 264633 0
335 17,83 17,83 11,21 1,00 15,00 264897 0
336 17,83 17,83 11,21 1,00 13,00 265071 0
337 17,83 17,83 11,21 1,00 13,00 265325 0
338 17,83 17,83 11,20 1,00 11,00 265624 0
339 17,83 17,83 11,21 1,00 9,00 265881 0
340 17,83 17,83 11,21 1,00 9,00 266159 0
341 17,83 17,83 11,20 1,00 7,00 266407 0
342 17,83 17,83 11,21 1,00 5,00 266608 0
343 17,83 17,83 11,21 1,00 4,00 266826 0
344 17,83 8,92 5,60 1,00 2,00 267021 0
345 17,83 8,92 5,60 1,00 1,00 267267 0
346 17,83 17,83 11,20 1,00 1,00 267522 0
347 17,83 17,83 11,19 1,00 1,00 267800 0
348 17,83 17,83 11,19 1,00 1,00 267983 0
349 17,83 17,83 11,20 1,00 1,00 268149 0
350 17,83 17,83 11,19 1,00 1,00 268298 0
351 17,83 17,83 11,19 1,00 1,00 268420 0
352 17,83 17,83 11,19 1,00 1,00 268528 0
353 17,83 17,83 11,19 1,00 1,00 268604 0
354 17,83 17,83 11,18 1,00 1,00 268675 0
355 17,83 17,83 11,18 1,00 1,00 268771 0
356 17,83 17,83 11,18 1,00 1,00 268866 0
357 17,83 17,83 11,18 1,00 1,00 268992 0
358 17,83 17,83 11,18 1,00 1,00 269085 0
359 17,83 17,83 11,18 1,00 1,00 269183 0
360 17,83 17,83 11,18 2,00 1,00 269292 0
361 17,83 17,83 11,19 1,00 19,00 269492 0
362 17,83 17,83 11,18 1,00 19,00 269676 0
363 17,83 17,83 11,18 1,00 19,00 269862 0
364 17,83 17,83 11,19 1,00 18,00 270024 0
365 17,83 17,83 11,18 1,00 18,00 270194 0
366 17,83 17,83 11,19 1,00 18,00 270340 0
367 17,83 17,83 11,18 1,00 17,00 270507 0
368 17,83 1,05 0,66 2,00 17,00 270654 0
369 17,83 1,05 0,66 2,00 4,00 270777 0
370 17,83 1,05 0,66 2,00 19,00 270904 0
371 17,83 1,05 0,66 2,00 10,00 271036 0
372 17,83 1,05 0,66 2,00 19,00 271172 0
373 17,83 1,05 0,66 2,00 6,00 271283 0
374 17,83 1,05 0,66 2,00 19,00 271382 0
375 17,83 1,05 0,66 1,00 7,00 271457 0
376 17,83 1,05 0,66 1,00 1,00 271539 0
377 17,83 1,05 0,66 1,00 1,00 271646 0
378 17,83 1,05 0,66 1,00 1,00 271773 0
379 17,83 1,05 0,66 1,00 1,00 271893 0
380 17,83 1,05 0,66 1,00 1,00 272037 0
381 17,83 1,05 0,66 1,00 1,00 272202 0
382 17,83 1,05 0,66 1,00 1,00 272338 0
383 17,83 17,83 11,19 1,00 1,00 272459 0
384 17,83 17,83 11,18 1,00 1,00 272592 0
385 17,83 17,83 11,19 1,00 1,00 272715 0
386 17,83 17,83 11,19 1,00 1,00 272819 0
387 17,83 17,83 11,19 1,00 1,00 272909 0
388 17,83 17,83 11,19 1,00 1,00 272984 0
389 17,83 17,83 11,19 1,00 1,00 273060 0
390 17,83 17,83 11,19 1,00 1,00 273130 0
391 17,83 17,83 11,19 1,00 1,00 273200 0
392 17,83 17,83 11,19 1,00 1,00 273255 0
393 17,83 17,83 11,19 1,00 1,00 273325 0
394 17,83 17,83 11,19 1,00 1,00 273396 0
395 17,83 17,83 11,19 1,00 1,00 273468 0
396 17,83 17,83 11,19 1,00 1,00 273534 0
397 17,83 17,83 11,19 1,00 1,00 273607 0
398 17,83 17,83 11,19 1,00 1,00 273669 0
399 17,83 17,83 11,19 1,00 1,00 273741 0
400 17,83 17,83 11,19 1,00 1,00 273814 0
401 17,83 17,83 11,19 1,00 1,00 273888 0
402 17,83 17,83 11,19 1,00 1,00 273977 0
403 17,83 17,83 11,19 1,00 1,00 274059 0
404 17,83 17,83 11,19 1,00 1,00 274169 0
405 17,83 17,83 11,19 1,00 1,00 274272 0
406 17,83 17,83 11,19 1,00 1,00 274391 0
407 17,83 17,83 11,19 1,00 1,00 274514 0
408 17,83 17,83 11,19 1,00 1,00 274605 0
409 17,83 17,83 11,19 1,00 1,00 274690 0
410 17,83 17,83 11,19 1,00 1,00 274777 0
411 17,83 17,83 11,19 1,00 1,00 274881 0
412 17,83 17,83 11,19 1,00 1,00 274988 0
413 17,83 17,83 11,19 1,00 1,00 275096 0
414 17,83 17,83 11,19 1,00 1,00 275203 0
415 17,83 17,83 11,19 1,00 1,00 275294 0
416 17,83 17,83 11,19 1,00 1,00 275366 0
417 17,83 17,83 11,19 1,00 1,00 275439 0
418 17,83 17,83 11,19 1,00 1,00 275506 0
419 17,83 17,83 11,19 1,00 1,00 275568 0
420 17,83 17,83 11,19 1,00 1,00 275608 0
421 17,83 17,83 11,19 1,00 1,00 275655 0
422 17,83 17,83 11,19 1,00 1,00 275694 0
423 17,83 17,83 11,19 1,00 1,00 275738 0
424 17,83 17,83 11,19 1,00 1,00 275786 0
425 17,83 17,83 11,19 1,00 1,00 275834 0
426 17,83 17,83 11,19 1,00 1,00 275905 0
427 17,83 17,83 11,19 1,00 1,00 275978 0
428 17,83 17,83 11,19 1,00 1,00 276040 0
429 17,83 17,83 11,19 1,00 1,00 276089 0
430 17,83 17,83 11,19 1,00 1,00 276136 0
431 17,83 17,83 11,19 1,00 1,00 276202 0
432 17,83 17,83 11,19 1,00 1,00 276263 0
433 17,83 17,83 11,19 1,00 1,00 276339 0
434 17,83 17,83 11,19 1,00 1,00 276430 0
435 17,83 17,83 11,19 1,00 1,00 276471 0
436 17,83 17,83 11,19 1,00 1,00 276551 0
437 17,83 17,83 11,19 1,00 1,00 276623 0
438 17,83 17,83 11,19 1,00 1,00 276703 0
439 17,83 17,83 11,19 1,00 1,00 276776 0
440 17,83 17,83 11,19 1,00 1,00 276831 0
441 17,83 17,83 11,19 1,00 1,00 276912 0
442 17,83 17,83 11,19 1,00 1,00 276981 0
443 17,83 17,83 11,19 1,00 1,00 277029 0
444 17,83 17,83 11,19 1,00 1,00 277094 0
445 17,83 17,83 11,19 1,00 1,00 277155 0
446 17,83 17,83 11,19 1,00 1,00 277209 0
447 17,83 17,83 11,19 1,00 1,00 277276 0
448 17,83 17,83 11,19 1,00 1,00 277346 0
449 17,83 17,83 11,19 1,00 1,00 277419 0
450 17,83 17,83 11,19 1,00 1,00 277480 0
451 17,83 17,83 11,19 1,00 1,00 277546 0
452 17,83 17,83 11,19 1,00 1,00 277633 0
453 17,83 17,83 11,19 1,00 1,00 277699 0
454 17,83 17,83 11,19 1,00 1,00 277753 0
455 17,83 17,83 11,19 1,00 1,00 277794 0
456 17,83 17,83 11,19 1,00 1,00 277831 0
457 17,83 17,83 11,19 1,00 1,00 277866 0
458 17,83 17,83 11,19 1,00 1,00 277907 0
459 17,83 17,83 11,19 1,00 1,00 277956 0
460 17,83 17,83 11,19 1,00 1,00 278010 0
461 17,83 17,83 11,19 1,00 1,00 278052 0
462 17,83 17,83 11,19 1,00 1,00 278092 0
463 17,83 17,83 11,19 1,00 1,00 278136 0
464 17,83 17,83 11,19 1,00 1,00 278171 0
465 17,83 17,83 11,19 1,00 1,00 278215 0
466 17,83 17,83 11,19 1,00 1,00 278256 0
467 17,83 17,83 11,19 1,00 1,00 278310 0
468 17,83 17,83 11,19 1,00 1,00 278372 0
469 17,83 17,83 11,19 1,00 1,00 278422 0
470 17,83 17,83 11,19 1,00 1,00 278480 0
471 17,83 17,83 11,19 1,00 1,00 278532 0
472 17,83 17,83 11,19 1,00 1,00 278583 0
473 17,83 17,83 11,19 1,00 1,00 278628 0
474 17,83 17,83 11,19 1,00 1,00 278661 0
475 17,83 17,83 11,19 1,00 1,00 278697 0
476 17,83 17,83 11,19 1,00 1,00 278747 0
477 17,83 17,83 11,19 1,00 1,00 278809 0
478 17,83 17,83 11,19 1,00 1,00 278860 0
479 17,83 17,83 11,19 1,00 1,00 278924 0
480 17,83 17,83 11,19 1,00 1,00 278971 0
481 17,83 17,83 11,19 1,00 1,00 279018 0
482 17,83 17,83 11,19 1,00 1,00 279043 0
483 17,83 17,83 11,19 1,00 1,00 279071 0
484 17,83 17,83 11,19 1,00 1,00 279098 0
485 17,83 17,83 11,19 1,00 1,00 279123 0
486 17,83 17,83 11,19 1,00 1,00 279191 0
487 17,83 17,83 11,19 1,00 1,00 279255 0
488 17,83 17,83 11,19 1,00 1,00 279281 0
489 17,83 17,83 11,19 1,00 1,00 279305 0
490 17,83 17,83 11,19 1,00 1,00 279344 0
491 17,83 17,83 11,19 1,00 1,00 279378 0
492 17,83 17,83 11,19 1,00 1,00 279421 0
493 17,83 17,83 11,19 1,00 1,00 279458 0
494 17,83 17,83 11,19 1,00 1,00 279509 0
495 17,83 17,83 11,19 1,00 1,00 279558 0
496 17,83 17,83 11,19 1,00 1,00 279608 0
497 17,83 17,83 11,19 1,00 1,00 279665 0
498 17,83 17,83 11,19 1,00 1,00 279720 0
499 17,83 17,83 11,19 1,00 1,00 279792 0
