1000
0 186,04 186,04 186,04 1,00 97,00 0
1 186,04 2,00 2,00 1,00 104,00 1235
2 186,04 1,84 1,29 1,00 112,00 1774
3 186,04 1,84 1,44 1,00 123,00 1865
4 186,04 1,84 1,43 1,00 134,00 1875
5 186,04 1,84 1,43 1,00 145,00 1879
6 186,04 1,84 1,43 1,00 156,00 1881
7 186,04 1,11 0,87 1,00 167,00 1881
8 186,04 1,11 0,87 1,00 178,00 1881
9 186,04 1,11 0,87 1,00 189,00 1881
10 186,04 1,11 0,87 1,00 200,00 1881
11 186,04 1,11 0,87 1,00 211,00 1881
12 186,04 1,11 0,87 1,00 222,00 1881
13 186,04 1,11 0,87 1,00 233,00 1881
14 186,04 1,11 0,87 1,00 244,00 1881
15 186,04 1,11 0,87 1,00 255,00 1881
16 186,04 1,11 0,87 1,00 266,00 1881
17 186,04 1,11 0,87 1,00 277,00 1881
18 186,04 1,11 0,87 1,00 288,00 1881
19 186,04 1,11 0,87 1,00 299,00 1881
20 186,04 1,11 0,87 1,00 310,00 1881
21 186,04 1,11 0,87 1,00 321,00 1881
22 186,04 1,11 0,87 1,00 332,00 1881
23 186,04 1,11 0,87 1,00 343,00 1881
24 186,04 1,11 0,87 1,00 354,00 1881
25 186,04 1,11 0,87 1,00 365,00 1881
26 186,04 1,11 0,87 1,00 376,00 1881
27 186,04 1,11 0,87 1,00 387,00 1881
28 186,04 1,11 0,87 1,00 398,00 1881
29 186,04 1,11 0,87 1,00 409,00 1881
30 186,04 1,11 0,87 99,00 420,00 1881
31 186,04 43,96 34,24 99,00 430,00 2704
32 186,04 42,93 26,72 99,00 440,00 3431
33 186,04 42,93 30,12 99,00 451,00 3821
34 186,04 42,93 30,77 99,00 462,00 4072
35 186,04 42,93 34,19 99,00 473,00 4286
36 186,04 42,93 33,71 99,00 484,00 4405
37 186,04 42,93 33,64 99,00 495,00 4558
38 186,04 42,93 34,81 99,00 506,00 4625
39 186,04 42,93 34,46 99,00 517,00 4666
40 186,04 42,93 34,04 99,00 528,00 4711
41 186,04 42,93 34,71 99,00 539,00 4762
42 186,04 42,93 35,24 99,00 550,00 4795
43 186,04 42,93 34,27 99,00 561,00 4831
44 186,04 42,93 35,32 99,00 572,00 4863
45 186,04 42,93 35,40 99,00 583,00 4893
46 186,04 42,93 35,23 99,00 594,00 4918
47 186,04 42,93 35,23 99,00 605,00 4938
48 186,04 42,93 35,23 99,00 616,00 4953
49 186,04 42,93 35,23 99,00 627,00 4969
50 186,04 42,93 35,23 99,00 638,00 4978
51 186,04 42,93 35,23 99,00 649,00 4991
52 186,04 42,93 35,23 99,00 660,00 5006
53 186,04 42,93 35,23 99,00 671,00 5016
54 186,04 42,93 35,23 99,00 682,00 5027
55 186,04 42,93 35,23 99,00 693,00 5033
56 186,04 42,93 35,23 99,00 704,00 5043
57 186,04 25,76 21,14 99,00 715,00 5047
58 186,04 25,76 21,14 99,00 726,00 5055
59 186,04 24,99 20,50 99,00 737,00 5061
60 186,04 24,99 20,50 3,00 748,00 5068
61 186,04 24,99 20,50 3,00 759,00 5076
62 186,04 24,99 20,50 3,00 770,00 5097
63 186,04 24,99 20,50 3,00 781,00 5110
64 186,04 24,99 20,50 3,00 792,00 5114
65 186,04 24,99 20,50 3,00 803,00 5115
66 186,04 24,99 20,50 3,00 814,00 5118
67 186,04 24,99 20,50 3,00 825,00 5123
68 186,04 24,99 20,51 3,00 836,00 5124
69 186,04 24,99 20,51 3,00 847,00 5125
70 186,04 24,99 20,51 3,00 858,00 5125
71 186,04 24,99 20,51 3,00 869,00 5125
72 186,04 24,99 20,51 3,00 880,00 5125
73 186,04 24,99 20,51 3,00 891,00 5125
74 186,04 24,99 20,51 3,00 902,00 5126
75 186,04 24,99 20,51 3,00 913,00 5126
76 186,04 24,99 20,51 3,00 924,00 5126
77 186,04 24,99 20,51 3,00 935,00 5126
78 186,04 24,99 20,51 3,00 946,00 5127
79 186,04 24,99 20,51 3,00 957,00 5128
80 186,04 24,99 20,51 3,00 968,00 5128
81 186,04 0,57 0,47 3,00 979,00 5128
82 186,04 0,57 0,47 3,00 990,00 5128
83 186,04 0,57 0,47 3,00 1.001,00 5128
84 186,04 0,57 0,47 3,00 1.012,00 5128
85 186,04 0,57 0,47 3,00 1.023,00 5128
86 186,04 0,54 0,44 3,00 1.034,00 5128
87 186,04 0,54 0,44 3,00 1.045,00 5128
88 186,04 0,54 0,44 3,00 1.056,00 5129
89 186,04 0,54 0,44 3,00 1.067,00 5133
90 186,04 0,52 0,42 101,00 1.078,00 5133
91 186,04 17,45 14,32 101,00 1.088,00 5240
92 186,04 17,45 14,32 101,00 1.099,00 5280
93 186,04 17,45 14,31 101,00 1.110,00 5298
94 186,04 17,45 14,32 101,00 1.121,00 5308
95 186,04 17,45 14,32 101,00 1.132,00 5318
96 186,04 17,45 14,32 101,00 1.143,00 5327
97 186,04 17,45 14,32 101,00 1.154,00 5336
98 186,04 17,45 14,32 101,00 1.165,00 5340
99 186,04 17,45 14,32 101,00 1.176,00 5347
100 186,04 17,45 14,32 101,00 1.187,00 5351
101 186,04 17,45 14,32 101,00 1.198,00 5353
102 186,04 17,45 14,32 101,00 1.209,00 5354
103 186,04 15,40 12,64 101,00 1.220,00 5357
104 186,04 15,40 12,64 101,00 1.231,00 5357
105 186,04 15,40 12,64 101,00 1.242,00 5357
106 186,04 15,00 12,31 101,00 1.253,00 5357
107 186,04 15,00 12,31 101,00 1.264,00 5357
108 186,04 14,74 12,09 101,00 1.275,00 5357
109 186,04 14,61 11,99 101,00 1.286,00 5359
110 186,04 14,61 11,99 101,00 1.297,00 5359
111 186,04 14,61 11,99 101,00 1.308,00 5360
112 186,04 14,61 11,99 101,00 1.319,00 5362
113 186,04 14,61 11,99 101,00 1.330,00 5364
114 186,04 14,61 11,99 101,00 1.341,00 5366
115 186,04 13,90 11,40 101,00 1.352,00 5366
116 186,04 13,90 11,40 101,00 1.363,00 5366
117 186,04 13,68 11,22 101,00 1.374,00 5366
118 186,04 13,68 11,22 101,00 1.385,00 5367
119 186,04 13,68 11,22 101,00 1.396,00 5368
120 186,04 13,68 11,22 11,00 1.407,00 5368
121 186,04 13,68 11,22 11,00 1.418,00 5378
122 186,04 13,68 11,22 11,00 1.429,00 5387
123 186,04 13,68 11,22 11,00 1.440,00 5391
124 186,04 13,68 11,22 11,00 1.451,00 5392
125 186,04 13,68 11,22 11,00 1.462,00 5392
126 186,04 13,68 11,22 11,00 1.473,00 5392
127 186,04 13,68 11,22 11,00 1.484,00 5392
128 186,04 13,68 11,22 11,00 1.495,00 5392
129 186,04 13,68 11,22 11,00 1.506,00 5392
130 186,04 13,68 11,22 11,00 1.517,00 5392
131 186,04 13,68 11,22 11,00 1.528,00 5392
132 186,04 13,68 11,22 11,00 1.539,00 5392
133 186,04 1,32 1,08 11,00 1.550,00 5392
134 186,04 1,32 1,08 11,00 1.561,00 5392
135 186,04 1,32 1,08 11,00 1.572,00 5392
136 186,04 1,29 1,06 11,00 1.583,00 5392
137 186,04 1,29 1,06 11,00 1.594,00 5392
138 186,04 1,29 1,06 11,00 1.605,00 5392
139 186,04 1,29 1,06 11,00 1.616,00 5392
140 186,04 1,29 1,06 11,00 1.627,00 5397
141 186,04 1,29 1,06 11,00 1.638,00 5398
142 186,04 1,29 1,06 11,00 1.649,00 5398
143 186,04 1,29 1,06 11,00 1.660,00 5398
144 186,04 1,29 1,06 11,00 1.671,00 5398
145 186,04 1,29 1,06 11,00 1.682,00 5398
146 186,04 1,29 1,06 11,00 1.693,00 5398
147 186,04 1,20 0,99 11,00 1.704,00 5398
148 186,04 1,20 0,99 11,00 1.715,00 5398
149 186,04 1,20 0,99 11,00 1.726,00 5398
150 186,04 1,20 0,99 97,00 1.737,00 5398
151 186,04 1,20 0,99 97,00 1.748,00 5443
152 186,04 1,20 0,99 97,00 1.759,00 5461
153 186,04 1,20 0,99 97,00 1.770,00 5469
154 186,04 10,13 8,31 97,00 1.781,00 5476
155 186,04 10,13 8,31 97,00 1.792,00 5480
156 186,04 10,01 8,21 97,00 1.803,00 5482
157 186,04 9,95 8,16 97,00 1.814,00 5482
158 186,04 9,95 8,16 97,00 1.825,00 5492
159 186,04 9,95 8,16 97,00 1.836,00 5501
160 186,04 9,95 8,16 97,00 1.847,00 5510
161 186,04 9,95 8,16 97,00 1.858,00 5520
162 186,04 9,95 8,16 97,00 1.869,00 5532
163 186,04 9,95 8,16 97,00 1.880,00 5544
164 186,04 9,95 8,16 97,00 1.891,00 5553
165 186,04 9,95 8,16 97,00 1.902,00 5560
166 186,04 9,95 8,16 97,00 1.913,00 5566
167 186,04 9,95 8,16 97,00 1.924,00 5570
168 186,04 9,95 8,16 97,00 1.935,00 5573
169 186,04 9,27 7,61 97,00 1.946,00 5575
170 186,04 9,27 7,61 97,00 1.957,00 5576
171 186,04 9,27 7,61 97,00 1.968,00 5577
172 186,04 9,27 7,61 97,00 1.979,00 5578
173 186,04 9,27 7,61 97,00 1.990,00 5579
174 186,04 9,27 7,61 97,00 2.001,00 5580
175 186,04 9,27 7,61 97,00 2.012,00 5582
176 186,04 9,27 7,61 97,00 2.023,00 5583
177 186,04 9,27 7,61 97,00 2.034,00 5584
178 186,04 9,27 7,61 97,00 2.045,00 5587
179 186,04 9,27 7,61 97,00 2.056,00 5589
180 186,04 9,27 7,61 9,00 2.067,00 5591
181 186,04 9,27 7,61 9,00 2.078,00 5600
182 186,04 9,27 7,61 9,00 2.089,00 5601
183 186,04 9,27 7,61 9,00 2.100,00 5602
184 186,04 9,27 7,61 9,00 2.111,00 5602
185 186,04 0,79 0,65 9,00 2.122,00 5602
186 186,04 0,79 0,65 9,00 2.133,00 5602
187 186,04 0,79 0,65 9,00 2.144,00 5602
188 186,04 0,78 0,64 9,00 2.155,00 5602
189 186,04 0,78 0,64 9,00 2.166,00 5602
190 186,04 0,78 0,64 9,00 2.177,00 5602
191 186,04 0,78 0,64 9,00 2.188,00 5604
192 186,04 0,78 0,64 9,00 2.199,00 5606
193 186,04 0,78 0,64 9,00 2.210,00 5607
194 186,04 0,78 0,64 9,00 2.221,00 5611
195 186,04 0,78 0,64 9,00 2.232,00 5613
196 186,04 0,78 0,64 9,00 2.243,00 5613
197 186,04 0,78 0,64 9,00 2.254,00 5613
198 186,04 0,78 0,64 9,00 2.265,00 5613
199 186,04 0,78 0,64 9,00 2.276,00 5613
200 186,04 0,78 0,64 9,00 2.287,00 5613
201 186,04 0,78 0,64 9,00 2.298,00 5613
202 186,04 0,78 0,64 9,00 2.309,00 5613
203 186,04 0,78 0,64 9,00 2.320,00 5613
204 186,04 0,72 0,59 9,00 2.331,00 5613
205 186,04 0,72 0,59 9,00 2.342,00 5613
206 186,04 0,72 0,59 9,00 2.353,00 5613
207 186,04 0,72 0,59 9,00 2.364,00 5613
208 186,04 0,72 0,59 9,00 2.375,00 5614
209 186,04 0,72 0,59 9,00 2.386,00 5616
210 186,04 0,72 0,59 87,00 2.397,00 5616
211 186,04 0,72 0,59 87,00 2.408,00 5655
212 186,04 0,72 0,59 87,00 2.419,00 5665
213 186,04 0,72 0,59 87,00 2.430,00 5671
214 186,04 0,72 0,59 87,00 2.441,00 5671
215 186,04 0,72 0,59 87,00 2.452,00 5671
216 186,04 0,72 0,59 87,00 2.463,00 5671
217 186,04 0,72 0,59 87,00 2.474,00 5671
218 186,04 0,72 0,59 87,00 2.485,00 5671
219 186,04 0,72 0,59 87,00 2.496,00 5671
220 186,04 0,72 0,59 87,00 2.507,00 5671
221 186,04 0,72 0,59 87,00 2.518,00 5671
222 186,04 0,72 0,59 87,00 2.529,00 5671
223 186,04 0,72 0,59 87,00 2.540,00 5671
224 186,04 0,72 0,59 87,00 2.551,00 5671
225 186,04 0,72 0,59 87,00 2.562,00 5671
226 186,04 6,29 5,16 87,00 2.573,00 5671
227 186,04 6,29 5,16 87,00 2.584,00 5671
228 186,04 6,29 5,16 87,00 2.595,00 5671
229 186,04 6,29 5,16 87,00 2.606,00 5671
230 186,04 6,29 5,16 87,00 2.617,00 5671
231 186,04 6,29 5,16 87,00 2.628,00 5671
232 186,04 6,29 5,16 87,00 2.639,00 5671
233 186,04 6,29 5,16 87,00 2.650,00 5671
234 186,04 6,29 5,16 87,00 2.661,00 5671
235 186,04 6,29 5,16 87,00 2.672,00 5671
236 186,04 6,29 5,16 87,00 2.683,00 5671
237 186,04 6,29 5,16 87,00 2.694,00 5671
238 186,04 6,29 5,16 87,00 2.705,00 5671
239 186,04 6,29 5,16 87,00 2.716,00 5671
240 186,04 6,29 5,16 9,00 2.727,00 5671
241 186,04 6,29 5,16 9,00 2.738,00 5686
242 186,04 6,29 5,16 9,00 2.749,00 5686
243 186,04 6,29 5,16 9,00 2.760,00 5687
244 186,04 0,60 0,50 9,00 2.771,00 5688
245 186,04 0,60 0,50 9,00 2.782,00 5688
246 186,04 0,60 0,50 9,00 2.793,00 5688
247 186,04 0,60 0,50 9,00 2.804,00 5688
248 186,04 0,60 0,50 9,00 2.815,00 5688
249 186,04 0,60 0,50 9,00 2.826,00 5691
250 186,04 0,60 0,50 9,00 2.837,00 5693
251 186,04 0,59 0,48 9,00 2.848,00 5693
252 186,04 0,59 0,48 9,00 2.859,00 5693
253 186,04 0,59 0,48 9,00 2.870,00 5694
254 186,04 0,59 0,48 9,00 2.881,00 5694
255 186,04 0,59 0,48 9,00 2.892,00 5694
256 186,04 0,59 0,48 9,00 2.903,00 5694
257 186,04 0,59 0,48 9,00 2.914,00 5694
258 186,04 0,59 0,48 9,00 2.925,00 5694
259 186,04 0,59 0,48 9,00 2.936,00 5694
260 186,04 0,59 0,48 9,00 2.947,00 5694
261 186,04 0,59 0,48 9,00 2.958,00 5694
262 186,04 0,56 0,46 9,00 2.969,00 5694
263 186,04 0,56 0,46 9,00 2.980,00 5694
264 186,04 0,56 0,46 9,00 2.991,00 5694
265 186,04 0,56 0,46 9,00 3.002,00 5694
266 186,04 0,56 0,46 9,00 3.013,00 5694
267 186,04 0,56 0,46 9,00 3.024,00 5694
268 186,04 0,56 0,46 9,00 3.035,00 5694
269 186,04 0,56 0,46 9,00 3.046,00 5694
270 186,04 0,56 0,46 101,00 3.057,00 5694
271 186,04 0,56 0,46 101,00 3.068,00 5724
272 186,04 0,56 0,46 101,00 3.079,00 5736
273 186,04 0,56 0,46 101,00 3.090,00 5742
274 186,04 0,56 0,46 101,00 3.101,00 5742
275 186,04 0,56 0,46 101,00 3.112,00 5742
276 186,04 0,56 0,46 101,00 3.123,00 5742
277 186,04 0,56 0,46 101,00 3.134,00 5742
278 186,04 0,56 0,46 101,00 3.145,00 5742
279 186,04 5,95 4,89 101,00 3.156,00 5742
280 186,04 5,93 4,87 101,00 3.167,00 5742
281 186,04 5,93 4,87 101,00 3.178,00 5742
282 186,04 5,89 4,83 101,00 3.189,00 5742
283 186,04 5,89 4,83 101,00 3.200,00 5742
284 186,04 5,89 4,83 101,00 3.211,00 5742
285 186,04 5,89 4,83 101,00 3.222,00 5742
286 186,04 5,89 4,83 101,00 3.233,00 5742
287 186,04 5,89 4,83 101,00 3.244,00 5742
288 186,04 5,89 4,83 101,00 3.255,00 5742
289 186,04 5,89 4,83 101,00 3.266,00 5742
290 186,04 5,89 4,83 101,00 3.277,00 5742
291 186,04 5,89 4,83 101,00 3.288,00 5742
292 186,04 5,89 4,83 101,00 3.299,00 5742
293 186,04 5,89 4,83 101,00 3.310,00 5742
294 186,04 5,89 4,83 101,00 3.321,00 5742
295 186,04 5,64 4,63 101,00 3.332,00 5742
296 186,04 5,64 4,63 101,00 3.343,00 5742
297 186,04 5,64 4,63 101,00 3.354,00 5742
298 186,04 5,58 4,58 101,00 3.365,00 5742
299 186,04 5,58 4,58 101,00 3.376,00 5742
300 186,04 5,58 4,58 24,00 3.387,00 5742
301 186,04 5,58 4,58 24,00 3.398,00 5752
302 186,04 5,58 4,58 24,00 3.409,00 5752
303 186,04 5,58 4,58 24,00 3.420,00 5752
304 186,04 5,58 4,58 24,00 3.431,00 5752
305 186,04 5,58 4,58 24,00 3.442,00 5752
306 186,04 1,29 1,06 24,00 3.453,00 5762
307 186,04 1,29 1,06 24,00 3.464,00 5773
308 186,04 1,29 1,06 24,00 3.475,00 5778
309 186,04 1,28 1,05 24,00 3.486,00 5780
310 186,04 1,28 1,05 24,00 3.497,00 5780
311 186,04 1,28 1,05 24,00 3.508,00 5780
312 186,04 1,28 1,05 24,00 3.519,00 5780
313 186,04 1,28 1,05 24,00 3.530,00 5782
314 186,04 1,28 1,05 24,00 3.541,00 5783
315 186,04 1,28 1,05 24,00 3.552,00 5783
316 186,04 1,28 1,05 24,00 3.563,00 5783
317 186,04 1,28 1,05 24,00 3.574,00 5783
318 186,04 1,28 1,05 24,00 3.585,00 5783
319 186,04 1,28 1,05 24,00 3.596,00 5783
320 186,04 1,28 1,05 24,00 3.607,00 5783
321 186,04 1,28 1,05 24,00 3.618,00 5783
322 186,04 1,28 1,05 24,00 3.629,00 5783
323 186,04 1,28 1,05 24,00 3.640,00 5783
324 186,04 1,28 1,05 24,00 3.651,00 5783
325 186,04 1,28 1,05 24,00 3.662,00 5783
326 186,04 1,28 1,05 24,00 3.673,00 5783
327 186,04 1,28 1,05 24,00 3.684,00 5783
328 186,04 1,28 1,05 24,00 3.695,00 5783
329 186,04 1,28 1,05 24,00 3.706,00 5783
330 186,04 1,28 1,05 78,00 3.717,00 5783
331 186,04 1,28 1,05 78,00 3.728,00 5809
332 186,04 3,88 3,18 78,00 3.739,00 5815
333 186,04 3,87 3,18 78,00 3.750,00 5818
334 186,04 3,87 3,18 78,00 3.761,00 5819
335 186,04 3,87 3,18 78,00 3.772,00 5820
336 186,04 3,84 3,15 78,00 3.783,00 5820
337 186,04 3,84 3,15 78,00 3.794,00 5820
338 186,04 3,84 3,15 78,00 3.805,00 5820
339 186,04 3,84 3,15 78,00 3.816,00 5820
340 186,04 3,84 3,15 78,00 3.827,00 5820
341 186,04 3,84 3,15 78,00 3.838,00 5820
342 186,04 3,84 3,15 78,00 3.849,00 5820
343 186,04 3,84 3,15 78,00 3.860,00 5820
344 186,04 3,84 3,15 78,00 3.871,00 5820
345 186,04 3,84 3,15 78,00 3.882,00 5820
346 186,04 3,84 3,15 78,00 3.893,00 5820
347 186,04 3,84 3,15 78,00 3.904,00 5820
348 186,04 3,84 3,15 78,00 3.915,00 5820
349 186,04 3,84 3,15 78,00 3.926,00 5820
350 186,04 3,84 3,15 78,00 3.937,00 5820
351 186,04 3,84 3,15 78,00 3.948,00 5820
352 186,04 3,84 3,15 78,00 3.959,00 5820
353 186,04 3,84 3,15 78,00 3.970,00 5820
354 186,04 3,84 3,15 78,00 3.981,00 5820
355 186,04 3,84 3,15 78,00 3.992,00 5820
356 186,04 3,84 3,15 78,00 4.003,00 5820
357 186,04 3,84 3,15 78,00 4.014,00 5820
358 186,04 3,84 3,15 78,00 4.025,00 5820
359 186,04 3,84 3,15 78,00 4.036,00 5820
360 186,04 3,84 3,15 7,00 4.047,00 5820
361 186,04 0,32 0,26 7,00 4.058,00 5827
362 186,04 0,32 0,26 7,00 4.069,00 5827
363 186,04 0,32 0,26 7,00 4.080,00 5827
364 186,04 0,32 0,26 7,00 4.091,00 5827
365 186,04 0,32 0,26 7,00 4.102,00 5827
366 186,04 0,32 0,26 7,00 4.113,00 5827
367 186,04 0,32 0,26 7,00 4.124,00 5827
368 186,04 0,32 0,26 7,00 4.135,00 5827
369 186,04 0,32 0,26 7,00 4.146,00 5827
370 186,04 0,32 0,26 7,00 4.157,00 5827
371 186,04 0,32 0,26 7,00 4.168,00 5827
372 186,04 0,32 0,26 7,00 4.179,00 5827
373 186,04 0,32 0,26 7,00 4.190,00 5827
374 186,04 0,32 0,26 7,00 4.201,00 5827
375 186,04 0,32 0,26 7,00 4.212,00 5827
376 186,04 0,32 0,26 7,00 4.223,00 5827
377 186,04 0,32 0,26 7,00 4.234,00 5827
378 186,04 0,32 0,26 7,00 4.245,00 5827
379 186,04 0,32 0,26 7,00 4.256,00 5827
380 186,04 0,32 0,26 7,00 4.267,00 5827
381 186,04 0,32 0,26 7,00 4.278,00 5827
382 186,04 0,32 0,26 7,00 4.289,00 5827
383 186,04 0,32 0,26 7,00 4.300,00 5833
384 186,04 0,30 0,25 7,00 4.311,00 5833
385 186,04 0,30 0,25 7,00 4.322,00 5833
386 186,04 0,30 0,25 7,00 4.333,00 5833
387 186,04 0,30 0,25 7,00 4.344,00 5833
388 186,04 0,30 0,25 7,00 4.355,00 5833
389 186,04 0,30 0,25 7,00 4.366,00 5833
390 186,04 0,30 0,25 101,00 4.377,00 5833
391 186,04 4,28 3,51 101,00 4.388,00 5854
392 186,04 4,28 3,51 101,00 4.399,00 5858
393 186,04 4,28 3,51 101,00 4.410,00 5861
394 186,04 4,28 3,51 101,00 4.421,00 5861
395 186,04 4,28 3,51 101,00 4.432,00 5861
396 186,04 4,28 3,51 101,00 4.443,00 5861
397 186,04 4,28 3,51 101,00 4.454,00 5861
398 186,04 4,28 3,51 101,00 4.465,00 5861
399 186,04 4,28 3,51 101,00 4.476,00 5861
400 186,04 4,28 3,51 101,00 4.487,00 5861
401 186,04 4,28 3,51 101,00 4.498,00 5865
402 186,04 4,28 3,51 101,00 4.509,00 5866
403 186,04 4,28 3,51 101,00 4.520,00 5866
404 186,04 4,28 3,51 101,00 4.531,00 5866
405 186,04 4,28 3,51 101,00 4.542,00 5866
406 186,04 4,28 3,51 101,00 4.553,00 5866
407 186,04 4,28 3,51 101,00 4.564,00 5866
408 186,04 4,28 3,51 101,00 4.575,00 5866
409 186,04 4,28 3,51 101,00 4.586,00 5866
410 186,04 4,28 3,51 101,00 4.597,00 5866
411 186,04 4,28 3,51 101,00 4.608,00 5866
412 186,04 4,28 3,51 101,00 4.619,00 5866
413 186,04 4,28 3,51 101,00 4.630,00 5866
414 186,04 4,28 3,51 101,00 4.641,00 5866
415 186,04 4,28 3,51 101,00 4.652,00 5866
416 186,04 4,28 3,51 101,00 4.663,00 5866
417 186,04 4,28 3,51 101,00 4.674,00 5866
418 186,04 4,28 3,51 101,00 4.685,00 5866
419 186,04 4,28 3,51 101,00 4.696,00 5866
420 186,04 4,28 3,51 22,00 4.707,00 5866
421 186,04 4,28 3,51 22,00 4.718,00 5875
422 186,04 4,28 3,51 22,00 4.729,00 5878
423 186,04 4,28 3,51 22,00 4.740,00 5879
424 186,04 4,28 3,51 22,00 4.751,00 5879
425 186,04 4,28 3,51 22,00 4.762,00 5879
426 186,04 4,28 3,51 22,00 4.773,00 5879
427 186,04 4,28 3,51 22,00 4.784,00 5879
428 186,04 4,28 3,51 22,00 4.795,00 5880
429 186,04 4,28 3,51 22,00 4.806,00 5880
430 186,04 0,85 0,70 22,00 4.817,00 5880
431 186,04 0,85 0,70 22,00 4.828,00 5880
432 186,04 0,85 0,70 22,00 4.839,00 5880
433 186,04 0,85 0,70 22,00 4.850,00 5880
434 186,04 0,85 0,70 22,00 4.861,00 5880
435 186,04 0,85 0,70 22,00 4.872,00 5880
436 186,04 0,85 0,70 22,00 4.883,00 5880
437 186,04 0,84 0,69 22,00 4.894,00 5880
438 186,04 0,84 0,69 22,00 4.905,00 5880
439 186,04 0,83 0,68 22,00 4.916,00 5880
440 186,04 0,83 0,68 22,00 4.927,00 5880
441 186,04 0,83 0,68 22,00 4.938,00 5880
442 186,04 0,83 0,68 22,00 4.949,00 5880
443 186,04 0,83 0,68 22,00 4.960,00 5880
444 186,04 0,83 0,68 22,00 4.971,00 5880
445 186,04 0,83 0,68 22,00 4.982,00 5880
446 186,04 0,83 0,68 22,00 4.993,00 5880
447 186,04 0,83 0,68 22,00 5.004,00 5880
448 186,04 0,83 0,68 22,00 5.015,00 5880
449 186,04 0,83 0,68 22,00 5.026,00 5880
450 186,04 0,83 0,68 91,00 5.037,00 5880
451 186,04 0,83 0,68 91,00 5.048,00 5901
452 186,04 0,83 0,68 91,00 5.059,00 5908
453 186,04 0,83 0,68 91,00 5.070,00 5908
454 186,04 0,83 0,68 91,00 5.081,00 5908
455 186,04 0,83 0,68 91,00 5.092,00 5908
456 186,04 0,83 0,68 91,00 5.103,00 5909
457 186,04 0,83 0,68 91,00 5.114,00 5909
458 186,04 0,83 0,68 91,00 5.125,00 5909
459 186,04 0,83 0,68 91,00 5.136,00 5909
460 186,04 0,83 0,68 91,00 5.147,00 5909
461 186,04 0,83 0,68 91,00 5.158,00 5909
462 186,04 0,83 0,68 91,00 5.169,00 5909
463 186,04 0,83 0,68 91,00 5.180,00 5909
464 186,04 0,83 0,68 91,00 5.191,00 5909
465 186,04 0,83 0,68 91,00 5.202,00 5909
466 186,04 0,83 0,68 91,00 5.213,00 5909
467 186,04 0,83 0,68 91,00 5.224,00 5909
468 186,04 0,83 0,68 91,00 5.235,00 5909
469 186,04 3,23 2,65 91,00 5.246,00 5909
470 186,04 3,22 2,64 91,00 5.257,00 5909
471 186,04 3,21 2,64 91,00 5.268,00 5909
472 186,04 3,21 2,64 91,00 5.279,00 5909
473 186,04 3,21 2,64 91,00 5.290,00 5909
474 186,04 3,21 2,64 91,00 5.301,00 5909
475 186,04 3,21 2,64 91,00 5.312,00 5909
476 186,04 3,21 2,64 91,00 5.323,00 5909
477 186,04 3,21 2,64 91,00 5.334,00 5909
478 186,04 3,21 2,64 91,00 5.345,00 5909
479 186,04 3,21 2,64 91,00 5.356,00 5909
480 186,04 3,21 2,64 30,00 5.367,00 5909
481 186,04 3,21 2,64 30,00 5.378,00 5915
482 186,04 3,21 2,64 30,00 5.389,00 5916
483 186,04 3,21 2,64 30,00 5.400,00 5916
484 186,04 3,21 2,64 30,00 5.411,00 5916
485 186,04 3,21 2,64 30,00 5.422,00 5916
486 186,04 3,21 2,64 30,00 5.433,00 5916
487 186,04 3,21 2,64 30,00 5.444,00 5916
488 186,04 3,21 2,64 30,00 5.455,00 5916
489 186,04 3,21 2,64 30,00 5.466,00 5916
490 186,04 3,21 2,64 30,00 5.477,00 5916
491 186,04 3,21 2,64 30,00 5.488,00 5916
492 186,04 3,21 2,64 30,00 5.499,00 5916
493 186,04 3,21 2,64 30,00 5.510,00 5916
494 186,04 3,21 2,64 30,00 5.521,00 5916
495 186,04 3,21 2,64 30,00 5.532,00 5916
496 186,04 3,21 2,64 30,00 5.543,00 5916
497 186,04 3,21 2,64 30,00 5.554,00 5916
498 186,04 3,21 2,64 30,00 5.565,00 5916
499 186,04 3,21 2,64 30,00 5.576,00 5916
500 186,04 3,21 2,64 30,00 5.587,00 5916
501 186,04 3,21 2,64 30,00 5.598,00 5916
502 186,04 3,21 2,64 30,00 5.609,00 5916
503 186,04 3,21 2,64 30,00 5.620,00 5916
504 186,04 3,21 2,64 30,00 5.631,00 5916
505 186,04 0,99 0,81 30,00 5.642,00 5919
506 186,04 0,99 0,81 30,00 5.653,00 5919
507 186,04 0,99 0,81 30,00 5.664,00 5919
508 186,04 0,99 0,81 30,00 5.675,00 5919
509 186,04 0,99 0,81 30,00 5.686,00 5919
510 186,04 0,99 0,81 89,00 5.697,00 5919
511 186,04 0,99 0,81 89,00 5.708,00 5935
512 186,04 0,99 0,81 89,00 5.719,00 5937
513 186,04 0,99 0,81 89,00 5.730,00 5938
514 186,04 0,99 0,81 89,00 5.741,00 5938
515 186,04 0,99 0,81 89,00 5.752,00 5938
516 186,04 0,99 0,81 89,00 5.763,00 5938
517 186,04 0,99 0,81 89,00 5.774,00 5938
518 186,04 0,99 0,81 89,00 5.785,00 5938
519 186,04 0,99 0,81 89,00 5.796,00 5938
520 186,04 2,85 2,34 89,00 5.807,00 5938
521 186,04 2,85 2,34 89,00 5.818,00 5938
522 186,04 2,85 2,34 89,00 5.829,00 5938
523 186,04 2,85 2,34 89,00 5.840,00 5938
524 186,04 2,85 2,34 89,00 5.851,00 5938
525 186,04 2,85 2,34 89,00 5.862,00 5938
526 186,04 2,85 2,34 89,00 5.873,00 5938
527 186,04 2,85 2,34 89,00 5.884,00 5938
528 186,04 2,85 2,34 89,00 5.895,00 5938
529 186,04 2,85 2,34 89,00 5.906,00 5938
530 186,04 2,85 2,34 89,00 5.917,00 5938
531 186,04 2,85 2,34 89,00 5.928,00 5938
532 186,04 2,85 2,34 89,00 5.939,00 5938
533 186,04 2,85 2,34 89,00 5.950,00 5938
534 186,04 2,85 2,34 89,00 5.961,00 5938
535 186,04 2,85 2,34 89,00 5.972,00 5938
536 186,04 2,85 2,34 89,00 5.983,00 5938
537 186,04 2,85 2,34 89,00 5.994,00 5938
538 186,04 2,85 2,34 89,00 6.005,00 5938
539 186,04 2,85 2,34 89,00 6.016,00 5938
540 186,04 2,85 2,34 42,00 6.027,00 5938
541 186,04 2,85 2,34 42,00 6.038,00 5942
542 186,04 2,85 2,34 42,00 6.049,00 5944
543 186,04 1,29 1,06 42,00 6.060,00 5946
544 186,04 1,29 1,06 42,00 6.071,00 5947
545 186,04 1,29 1,06 42,00 6.082,00 5958
546 186,04 1,29 1,06 42,00 6.093,00 5965
547 186,04 1,29 1,06 42,00 6.104,00 5965
548 186,04 1,29 1,06 42,00 6.115,00 5965
549 186,04 1,29 1,06 42,00 6.126,00 5965
550 186,04 1,29 1,06 42,00 6.137,00 5965
551 186,04 1,29 1,06 42,00 6.148,00 5965
552 186,04 1,29 1,06 42,00 6.159,00 5965
553 186,04 1,27 1,04 42,00 6.170,00 5965
554 186,04 1,27 1,04 42,00 6.181,00 5965
555 186,04 1,27 1,04 42,00 6.192,00 5965
556 186,04 1,27 1,04 42,00 6.203,00 5965
557 186,04 1,27 1,04 42,00 6.214,00 5965
558 186,04 1,27 1,04 42,00 6.225,00 5965
559 186,04 1,27 1,04 42,00 6.236,00 5969
560 186,04 1,27 1,04 42,00 6.247,00 5969
561 186,04 1,27 1,04 42,00 6.258,00 5969
562 186,04 1,27 1,04 42,00 6.269,00 5969
563 186,04 1,27 1,04 42,00 6.280,00 5969
564 186,04 1,27 1,04 42,00 6.291,00 5969
565 186,04 1,27 1,04 42,00 6.302,00 5969
566 186,04 1,27 1,04 42,00 6.313,00 5969
567 186,04 1,27 1,04 42,00 6.324,00 5969
568 186,04 1,27 1,04 42,00 6.335,00 5969
569 186,04 1,27 1,04 42,00 6.346,00 5969
570 186,04 1,27 1,04 81,00 6.357,00 5969
571 186,04 2,37 1,94 81,00 6.368,00 5988
572 186,04 2,37 1,94 81,00 6.379,00 5994
573 186,04 2,37 1,94 81,00 6.390,00 5999
574 186,04 2,37 1,94 81,00 6.401,00 6004
575 186,04 2,37 1,94 81,00 6.412,00 6007
576 186,04 2,37 1,94 81,00 6.423,00 6009
577 186,04 2,37 1,94 81,00 6.434,00 6010
578 186,04 2,37 1,94 81,00 6.445,00 6010
579 186,04 2,33 1,92 81,00 6.456,00 6010
580 186,04 2,33 1,92 81,00 6.467,00 6010
581 186,04 2,33 1,91 81,00 6.478,00 6010
582 186,04 2,33 1,91 81,00 6.489,00 6010
583 186,04 2,33 1,91 81,00 6.500,00 6010
584 186,04 2,33 1,91 81,00 6.511,00 6010
585 186,04 2,33 1,91 81,00 6.522,00 6010
586 186,04 2,33 1,91 81,00 6.533,00 6010
587 186,04 2,33 1,91 81,00 6.544,00 6010
588 186,04 2,33 1,91 81,00 6.555,00 6010
589 186,04 2,33 1,91 81,00 6.566,00 6010
590 186,04 2,33 1,91 81,00 6.577,00 6010
591 186,04 2,33 1,91 81,00 6.588,00 6010
592 186,04 2,33 1,91 81,00 6.599,00 6010
593 186,04 2,33 1,91 81,00 6.610,00 6010
594 186,04 2,33 1,91 81,00 6.621,00 6010
595 186,04 2,27 1,86 81,00 6.632,00 6010
596 186,04 2,27 1,86 81,00 6.643,00 6010
597 186,04 2,27 1,86 81,00 6.654,00 6010
598 186,04 2,27 1,86 81,00 6.665,00 6010
599 186,04 2,27 1,86 81,00 6.676,00 6010
600 186,04 2,27 1,86 24,00 6.687,00 6010
601 186,04 2,27 1,86 24,00 6.698,00 6019
602 186,04 2,27 1,86 24,00 6.709,00 6021
603 186,04 2,27 1,86 24,00 6.720,00 6022
604 186,04 2,27 1,86 24,00 6.731,00 6022
605 186,04 2,27 1,86 24,00 6.742,00 6022
606 186,04 2,27 1,86 24,00 6.753,00 6022
607 186,04 2,27 1,86 24,00 6.764,00 6022
608 186,04 2,27 1,86 24,00 6.775,00 6023
609 186,04 2,27 1,86 24,00 6.786,00 6023
610 186,04 2,27 1,86 24,00 6.797,00 6023
611 186,04 2,27 1,86 24,00 6.808,00 6023
612 186,04 2,27 1,86 24,00 6.819,00 6023
613 186,04 2,27 1,86 24,00 6.830,00 6023
614 186,04 2,27 1,86 24,00 6.841,00 6023
615 186,04 2,27 1,86 24,00 6.852,00 6023
616 186,04 2,27 1,86 24,00 6.863,00 6023
617 186,04 2,27 1,86 24,00 6.874,00 6023
618 186,04 2,27 1,86 24,00 6.885,00 6023
619 186,04 2,27 1,86 24,00 6.896,00 6023
620 186,04 0,65 0,53 24,00 6.907,00 6023
621 186,04 0,65 0,53 24,00 6.918,00 6023
622 186,04 0,65 0,53 24,00 6.929,00 6023
623 186,04 0,65 0,53 24,00 6.940,00 6023
624 186,04 0,65 0,53 24,00 6.951,00 6023
625 186,04 0,65 0,53 24,00 6.962,00 6023
626 186,04 0,65 0,53 24,00 6.973,00 6023
627 186,04 0,64 0,52 24,00 6.984,00 6023
628 186,04 0,64 0,52 24,00 6.995,00 6023
629 186,04 0,64 0,52 24,00 7.006,00 6023
630 186,04 0,64 0,52 96,00 7.017,00 6023
631 186,04 0,64 0,52 96,00 7.028,00 6039
632 186,04 2,54 2,08 96,00 7.039,00 6043
633 186,04 2,54 2,08 96,00 7.050,00 6043
634 186,04 2,54 2,08 96,00 7.061,00 6043
635 186,04 2,54 2,08 96,00 7.072,00 6043
636 186,04 2,54 2,08 96,00 7.083,00 6043
637 186,04 2,52 2,07 96,00 7.094,00 6043
638 186,04 2,52 2,07 96,00 7.105,00 6043
639 186,04 2,51 2,06 96,00 7.116,00 6043
640 186,04 2,51 2,06 96,00 7.127,00 6043
641 186,04 2,51 2,06 96,00 7.138,00 6043
642 186,04 2,51 2,06 96,00 7.149,00 6043
643 186,04 2,51 2,06 96,00 7.160,00 6043
644 186,04 2,51 2,06 96,00 7.171,00 6043
645 186,04 2,51 2,06 96,00 7.182,00 6043
646 186,04 2,51 2,06 96,00 7.193,00 6043
647 186,04 2,51 2,06 96,00 7.204,00 6043
648 186,04 2,51 2,06 96,00 7.215,00 6043
649 186,04 2,51 2,06 96,00 7.226,00 6043
650 186,04 2,51 2,06 96,00 7.237,00 6043
651 186,04 2,51 2,06 96,00 7.248,00 6043
652 186,04 2,51 2,06 96,00 7.259,00 6043
653 186,04 2,46 2,02 96,00 7.270,00 6043
654 186,04 2,46 2,02 96,00 7.281,00 6043
655 186,04 2,46 2,02 96,00 7.292,00 6043
656 186,04 2,46 2,02 96,00 7.303,00 6043
657 186,04 2,46 2,02 96,00 7.314,00 6043
658 186,04 2,46 2,02 96,00 7.325,00 6043
659 186,04 2,46 2,02 96,00 7.336,00 6043
660 186,04 2,43 1,99 35,00 7.347,00 6043
661 186,04 2,43 1,99 35,00 7.358,00 6047
662 186,04 2,43 1,99 35,00 7.369,00 6047
663 186,04 2,43 1,99 35,00 7.380,00 6047
664 186,04 2,43 1,99 35,00 7.391,00 6047
665 186,04 2,43 1,99 35,00 7.402,00 6047
666 186,04 2,43 1,99 35,00 7.413,00 6047
667 186,04 2,43 1,99 35,00 7.424,00 6047
668 186,04 2,43 1,99 35,00 7.435,00 6048
669 186,04 2,43 1,99 35,00 7.446,00 6048
670 186,04 2,43 1,99 35,00 7.457,00 6048
671 186,04 2,43 1,99 35,00 7.468,00 6048
672 186,04 2,43 1,99 35,00 7.479,00 6048
673 186,04 2,43 1,99 35,00 7.490,00 6048
674 186,04 2,43 1,99 35,00 7.501,00 6048
675 186,04 2,43 1,99 35,00 7.512,00 6048
676 186,04 2,43 1,99 35,00 7.523,00 6048
677 186,04 2,43 1,99 35,00 7.534,00 6048
678 186,04 2,43 1,99 35,00 7.545,00 6048
679 186,04 2,43 1,99 35,00 7.556,00 6048
680 186,04 2,43 1,99 35,00 7.567,00 6048
681 186,04 2,43 1,99 35,00 7.578,00 6048
682 186,04 2,43 1,99 35,00 7.589,00 6048
683 186,04 2,43 1,99 35,00 7.600,00 6048
684 186,04 2,43 1,99 35,00 7.611,00 6048
685 186,04 2,43 1,99 35,00 7.622,00 6048
686 186,04 2,43 1,99 35,00 7.633,00 6048
687 186,04 2,43 1,99 35,00 7.644,00 6048
688 186,04 0,85 0,70 35,00 7.655,00 6048
689 186,04 0,85 0,70 35,00 7.666,00 6048
690 186,04 0,85 0,70 97,00 7.677,00 6048
691 186,04 0,85 0,70 97,00 7.688,00 6060
692 186,04 0,85 0,70 97,00 7.699,00 6063
693 186,04 0,85 0,70 97,00 7.710,00 6066
694 186,04 0,85 0,70 97,00 7.721,00 6067
695 186,04 0,85 0,70 97,00 7.732,00 6068
696 186,04 0,85 0,70 97,00 7.743,00 6070
697 186,04 2,33 1,91 97,00 7.754,00 6070
698 186,04 2,33 1,91 97,00 7.765,00 6070
699 186,04 2,33 1,91 97,00 7.776,00 6070
700 186,04 2,33 1,91 97,00 7.787,00 6070
701 186,04 2,33 1,91 97,00 7.798,00 6070
702 186,04 2,33 1,91 97,00 7.809,00 6070
703 186,04 2,33 1,91 97,00 7.820,00 6070
704 186,04 2,33 1,91 97,00 7.831,00 6070
705 186,04 2,33 1,91 97,00 7.842,00 6070
706 186,04 2,33 1,91 97,00 7.853,00 6070
707 186,04 2,33 1,91 97,00 7.864,00 6070
708 186,04 2,33 1,91 97,00 7.875,00 6070
709 186,04 2,33 1,91 97,00 7.886,00 6070
710 186,04 2,33 1,91 97,00 7.897,00 6070
711 186,04 2,33 1,91 97,00 7.908,00 6070
712 186,04 2,33 1,91 97,00 7.919,00 6070
713 186,04 2,28 1,87 97,00 7.930,00 6070
714 186,04 2,28 1,87 97,00 7.941,00 6070
715 186,04 2,28 1,87 97,00 7.952,00 6070
716 186,04 2,28 1,87 97,00 7.963,00 6070
717 186,04 2,28 1,87 97,00 7.974,00 6070
718 186,04 2,28 1,87 97,00 7.985,00 6070
719 186,04 2,28 1,87 97,00 7.996,00 6070
720 186,04 2,28 1,87 38,00 8.007,00 6070
721 186,04 2,28 1,87 38,00 8.018,00 6073
722 186,04 2,28 1,87 38,00 8.029,00 6073
723 186,04 2,28 1,87 38,00 8.040,00 6073
724 186,04 2,28 1,87 38,00 8.051,00 6073
725 186,04 2,28 1,87 38,00 8.062,00 6073
726 186,04 2,28 1,87 38,00 8.073,00 6073
727 186,04 2,28 1,87 38,00 8.084,00 6073
728 186,04 2,28 1,87 38,00 8.095,00 6073
729 186,04 0,87 0,72 38,00 8.106,00 6073
730 186,04 0,87 0,72 38,00 8.117,00 6073
731 186,04 0,87 0,72 38,00 8.128,00 6073
732 186,04 0,87 0,72 38,00 8.139,00 6073
733 186,04 0,87 0,72 38,00 8.150,00 6073
734 186,04 0,87 0,71 38,00 8.161,00 6073
735 186,04 0,87 0,71 38,00 8.172,00 6073
736 186,04 0,87 0,71 38,00 8.183,00 6073
737 186,04 0,87 0,71 38,00 8.194,00 6073
738 186,04 0,86 0,71 38,00 8.205,00 6073
739 186,04 0,86 0,71 38,00 8.216,00 6073
740 186,04 0,86 0,71 38,00 8.227,00 6073
741 186,04 0,86 0,71 38,00 8.238,00 6073
742 186,04 0,86 0,71 38,00 8.249,00 6073
743 186,04 0,86 0,71 38,00 8.260,00 6073
744 186,04 0,86 0,71 38,00 8.271,00 6073
745 186,04 0,86 0,71 38,00 8.282,00 6073
746 186,04 0,86 0,71 38,00 8.293,00 6073
747 186,04 0,86 0,71 38,00 8.304,00 6073
748 186,04 0,86 0,71 38,00 8.315,00 6073
749 186,04 0,85 0,70 38,00 8.326,00 6073
750 186,04 0,85 0,70 88,00 8.337,00 6073
751 186,04 0,85 0,70 88,00 8.348,00 6081
752 186,04 0,85 0,70 88,00 8.359,00 6085
753 186,04 0,85 0,70 88,00 8.370,00 6085
754 186,04 0,85 0,70 88,00 8.381,00 6085
755 186,04 0,85 0,70 88,00 8.392,00 6085
756 186,04 0,85 0,70 88,00 8.403,00 6085
757 186,04 0,85 0,70 88,00 8.414,00 6085
758 186,04 0,85 0,70 88,00 8.425,00 6091
759 186,04 0,85 0,70 88,00 8.436,00 6094
760 186,04 1,94 1,59 88,00 8.447,00 6096
761 186,04 1,94 1,59 88,00 8.458,00 6097
762 186,04 1,94 1,59 88,00 8.469,00 6098
763 186,04 1,94 1,59 88,00 8.480,00 6098
764 186,04 1,94 1,59 88,00 8.491,00 6098
765 186,04 1,94 1,59 88,00 8.502,00 6098
766 186,04 1,94 1,59 88,00 8.513,00 6098
767 186,04 1,94 1,59 88,00 8.524,00 6098
768 186,04 1,94 1,59 88,00 8.535,00 6098
769 186,04 1,94 1,59 88,00 8.546,00 6098
770 186,04 1,94 1,59 88,00 8.557,00 6098
771 186,04 1,94 1,59 88,00 8.568,00 6098
772 186,04 1,94 1,59 88,00 8.579,00 6098
773 186,04 1,94 1,59 88,00 8.590,00 6098
774 186,04 1,94 1,59 88,00 8.601,00 6098
775 186,04 1,94 1,59 88,00 8.612,00 6098
776 186,04 1,94 1,59 88,00 8.623,00 6098
777 186,04 1,94 1,59 88,00 8.634,00 6098
778 186,04 1,94 1,59 88,00 8.645,00 6098
779 186,04 1,89 1,55 88,00 8.656,00 6098
780 186,04 1,89 1,55 42,00 8.667,00 6098
781 186,04 1,89 1,55 42,00 8.678,00 6102
782 186,04 1,89 1,55 42,00 8.689,00 6107
783 186,04 1,89 1,55 42,00 8.700,00 6110
784 186,04 1,89 1,55 42,00 8.711,00 6111
785 186,04 1,89 1,55 42,00 8.722,00 6111
786 186,04 0,89 0,73 42,00 8.733,00 6111
787 186,04 0,89 0,73 42,00 8.744,00 6111
788 186,04 0,89 0,73 42,00 8.755,00 6111
789 186,04 0,89 0,73 42,00 8.766,00 6111
790 186,04 0,89 0,73 42,00 8.777,00 6111
791 186,04 0,89 0,73 42,00 8.788,00 6111
792 186,04 0,89 0,73 42,00 8.799,00 6111
793 186,04 0,89 0,73 42,00 8.810,00 6111
794 186,04 0,89 0,73 42,00 8.821,00 6111
795 186,04 0,89 0,73 42,00 8.832,00 6111
796 186,04 0,89 0,73 42,00 8.843,00 6111
797 186,04 0,89 0,73 42,00 8.854,00 6111
798 186,04 0,89 0,73 42,00 8.865,00 6111
799 186,04 0,89 0,73 42,00 8.876,00 6111
800 186,04 0,89 0,73 42,00 8.887,00 6111
801 186,04 0,89 0,73 42,00 8.898,00 6111
802 186,04 0,89 0,73 42,00 8.909,00 6111
803 186,04 0,89 0,73 42,00 8.920,00 6111
804 186,04 0,87 0,72 42,00 8.931,00 6111
805 186,04 0,87 0,72 42,00 8.942,00 6111
806 186,04 0,87 0,72 42,00 8.953,00 6111
807 186,04 0,87 0,72 42,00 8.964,00 6111
808 186,04 0,87 0,72 42,00 8.975,00 6111
809 186,04 0,87 0,72 42,00 8.986,00 6111
810 186,04 0,87 0,72 92,00 8.997,00 6111
811 186,04 0,87 0,72 92,00 9.008,00 6120
812 186,04 0,87 0,72 92,00 9.019,00 6122
813 186,04 0,87 0,72 92,00 9.030,00 6123
814 186,04 0,87 0,72 92,00 9.041,00 6123
815 186,04 0,87 0,72 92,00 9.052,00 6123
816 186,04 0,87 0,72 92,00 9.063,00 6123
817 186,04 1,89 1,55 92,00 9.074,00 6123
818 186,04 1,89 1,55 92,00 9.085,00 6123
819 186,04 1,89 1,55 92,00 9.096,00 6123
820 186,04 1,89 1,55 92,00 9.107,00 6123
821 186,04 1,88 1,54 92,00 9.118,00 6123
822 186,04 1,87 1,54 92,00 9.129,00 6123
823 186,04 1,87 1,54 92,00 9.140,00 6123
824 186,04 1,87 1,54 92,00 9.151,00 6123
825 186,04 1,87 1,54 92,00 9.162,00 6123
826 186,04 1,87 1,54 92,00 9.173,00 6123
827 186,04 1,87 1,54 92,00 9.184,00 6123
828 186,04 1,87 1,54 92,00 9.195,00 6123
829 186,04 1,87 1,54 92,00 9.206,00 6123
830 186,04 1,87 1,54 92,00 9.217,00 6123
831 186,04 1,87 1,54 92,00 9.228,00 6123
832 186,04 1,87 1,54 92,00 9.239,00 6123
833 186,04 1,87 1,54 92,00 9.250,00 6123
834 186,04 1,87 1,54 92,00 9.261,00 6123
835 186,04 1,87 1,54 92,00 9.272,00 6123
836 186,04 1,87 1,54 92,00 9.283,00 6123
837 186,04 1,87 1,54 92,00 9.294,00 6123
838 186,04 1,87 1,54 92,00 9.305,00 6123
839 186,04 1,87 1,54 92,00 9.316,00 6123
840 186,04 1,87 1,54 44,00 9.327,00 6123
841 186,04 1,87 1,54 44,00 9.338,00 6130
842 186,04 1,87 1,54 44,00 9.349,00 6130
843 186,04 1,87 1,54 44,00 9.360,00 6130
844 186,04 0,87 0,72 44,00 9.371,00 6130
845 186,04 0,87 0,72 44,00 9.382,00 6130
846 186,04 0,87 0,72 44,00 9.393,00 6130
847 186,04 0,87 0,72 44,00 9.404,00 6130
848 186,04 0,87 0,72 44,00 9.415,00 6130
849 186,04 0,87 0,71 44,00 9.426,00 6130
850 186,04 0,87 0,71 44,00 9.437,00 6130
851 186,04 0,87 0,71 44,00 9.448,00 6130
852 186,04 0,87 0,71 44,00 9.459,00 6130
853 186,04 0,87 0,71 44,00 9.470,00 6130
854 186,04 0,87 0,71 44,00 9.481,00 6130
855 186,04 0,87 0,71 44,00 9.492,00 6130
856 186,04 0,87 0,71 44,00 9.503,00 6130
857 186,04 0,87 0,71 44,00 9.514,00 6130
858 186,04 0,87 0,71 44,00 9.525,00 6130
859 186,04 0,87 0,71 44,00 9.536,00 6130
860 186,04 0,87 0,71 44,00 9.547,00 6130
861 186,04 0,87 0,71 44,00 9.558,00 6130
862 186,04 0,87 0,71 44,00 9.569,00 6130
863 186,04 0,87 0,71 44,00 9.580,00 6130
864 186,04 0,87 0,71 44,00 9.591,00 6130
865 186,04 0,85 0,70 44,00 9.602,00 6130
866 186,04 0,85 0,70 44,00 9.613,00 6130
867 186,04 0,85 0,70 44,00 9.624,00 6130
868 186,04 0,85 0,70 44,00 9.635,00 6130
869 186,04 0,85 0,70 44,00 9.646,00 6130
870 186,04 0,85 0,70 94,00 9.657,00 6130
871 186,04 0,85 0,70 94,00 9.668,00 6139
872 186,04 0,85 0,70 94,00 9.679,00 6142
873 186,04 0,85 0,70 94,00 9.690,00 6144
874 186,04 0,85 0,70 94,00 9.701,00 6144
875 186,04 0,85 0,70 94,00 9.712,00 6152
876 186,04 0,85 0,70 94,00 9.723,00 6155
877 186,04 0,85 0,70 94,00 9.734,00 6156
878 186,04 0,85 0,70 94,00 9.745,00 6156
879 186,04 0,85 0,70 94,00 9.756,00 6156
880 186,04 1,79 1,47 94,00 9.767,00 6156
881 186,04 1,79 1,47 94,00 9.778,00 6156
882 186,04 1,79 1,47 94,00 9.789,00 6156
883 186,04 1,79 1,47 94,00 9.800,00 6156
884 186,04 1,79 1,47 94,00 9.811,00 6156
885 186,04 1,78 1,46 94,00 9.822,00 6156
886 186,04 1,78 1,46 94,00 9.833,00 6156
887 186,04 1,78 1,46 94,00 9.844,00 6156
888 186,04 1,78 1,46 94,00 9.855,00 6156
889 186,04 1,78 1,46 94,00 9.866,00 6156
890 186,04 1,78 1,46 94,00 9.877,00 6156
891 186,04 1,78 1,46 94,00 9.888,00 6156
892 186,04 1,78 1,46 94,00 9.899,00 6156
893 186,04 1,78 1,46 94,00 9.910,00 6156
894 186,04 1,78 1,46 94,00 9.921,00 6156
895 186,04 1,78 1,46 94,00 9.932,00 6156
896 186,04 1,78 1,46 94,00 9.943,00 6156
897 186,04 1,78 1,46 94,00 9.954,00 6156
898 186,04 1,78 1,46 94,00 9.965,00 6156
899 186,04 1,78 1,46 94,00 9.976,00 6156
900 186,04 1,78 1,46 32,00 9.987,00 6156
901 186,04 1,78 1,46 32,00 9.998,00 6161
902 186,04 1,78 1,46 32,00 10.009,00 6162
903 186,04 0,59 0,49 32,00 10.020,00 6163
904 186,04 0,59 0,49 32,00 10.031,00 6163
905 186,04 0,59 0,49 32,00 10.042,00 6164
906 186,04 0,59 0,49 32,00 10.053,00 6165
907 186,04 0,59 0,49 32,00 10.064,00 6165
908 186,04 0,59 0,48 32,00 10.075,00 6165
909 186,04 0,59 0,48 32,00 10.086,00 6165
910 186,04 0,59 0,48 32,00 10.097,00 6165
911 186,04 0,59 0,48 32,00 10.108,00 6165
912 186,04 0,59 0,48 32,00 10.119,00 6165
913 186,04 0,59 0,48 32,00 10.130,00 6165
914 186,04 0,59 0,48 32,00 10.141,00 6165
915 186,04 0,59 0,48 32,00 10.152,00 6165
916 186,04 0,59 0,48 32,00 10.163,00 6165
917 186,04 0,59 0,48 32,00 10.174,00 6165
918 186,04 0,59 0,48 32,00 10.185,00 6165
919 186,04 0,59 0,48 32,00 10.196,00 6165
920 186,04 0,59 0,48 32,00 10.207,00 6165
921 186,04 0,59 0,48 32,00 10.218,00 6165
922 186,04 0,59 0,48 32,00 10.229,00 6165
923 186,04 0,58 0,48 32,00 10.240,00 6165
924 186,04 0,58 0,48 32,00 10.251,00 6165
925 186,04 0,58 0,48 32,00 10.262,00 6165
926 186,04 0,58 0,48 32,00 10.273,00 6165
927 186,04 0,58 0,48 32,00 10.284,00 6165
928 186,04 0,58 0,48 32,00 10.295,00 6165
929 186,04 0,58 0,48 32,00 10.306,00 6165
930 186,04 0,58 0,48 96,00 10.317,00 6165
931 186,04 0,58 0,48 96,00 10.328,00 6173
932 186,04 0,58 0,48 96,00 10.339,00 6176
933 186,04 0,58 0,48 96,00 10.350,00 6176
934 186,04 0,58 0,48 96,00 10.361,00 6176
935 186,04 0,58 0,48 96,00 10.372,00 6176
936 186,04 0,58 0,48 96,00 10.383,00 6177
937 186,04 0,58 0,48 96,00 10.394,00 6177
938 186,04 0,58 0,48 96,00 10.405,00 6177
939 186,04 0,58 0,48 96,00 10.416,00 6177
940 186,04 0,58 0,48 96,00 10.427,00 6177
941 186,04 0,58 0,48 96,00 10.438,00 6177
942 186,04 1,71 1,40 96,00 10.449,00 6177
943 186,04 1,71 1,40 96,00 10.460,00 6177
944 186,04 1,71 1,40 96,00 10.471,00 6177
945 186,04 1,71 1,40 96,00 10.482,00 6177
946 186,04 1,71 1,40 96,00 10.493,00 6177
947 186,04 1,71 1,40 96,00 10.504,00 6177
948 186,04 1,71 1,40 96,00 10.515,00 6177
949 186,04 1,71 1,40 96,00 10.526,00 6177
950 186,04 1,71 1,40 96,00 10.537,00 6177
951 186,04 1,71 1,40 96,00 10.548,00 6177
952 186,04 1,71 1,40 96,00 10.559,00 6177
953 186,04 1,69 1,39 96,00 10.570,00 6177
954 186,04 1,69 1,39 96,00 10.581,00 6177
955 186,04 1,69 1,39 96,00 10.592,00 6177
956 186,04 1,69 1,39 96,00 10.603,00 6177
957 186,04 1,69 1,39 96,00 10.614,00 6177
958 186,04 1,69 1,39 96,00 10.625,00 6177
959 186,04 1,69 1,39 96,00 10.636,00 6177
960 186,04 1,69 1,39 48,00 10.647,00 6177
961 186,04 1,69 1,39 48,00 10.658,00 6179
962 186,04 1,69 1,39 48,00 10.669,00 6180
963 186,04 1,69 1,39 48,00 10.680,00 6180
964 186,04 1,69 1,39 48,00 10.691,00 6180
965 186,04 1,69 1,39 48,00 10.702,00 6181
966 186,04 1,69 1,39 48,00 10.713,00 6181
967 186,04 1,69 1,39 48,00 10.724,00 6181
968 186,04 1,69 1,39 48,00 10.735,00 6181
969 186,04 1,69 1,39 48,00 10.746,00 6181
970 186,04 1,69 1,39 48,00 10.757,00 6181
971 186,04 1,69 1,39 48,00 10.768,00 6181
972 186,04 1,69 1,39 48,00 10.779,00 6181
973 186,04 1,69 1,39 48,00 10.790,00 6181
974 186,04 1,69 1,39 48,00 10.801,00 6181
975 186,04 0,83 0,68 48,00 10.812,00 6181
976 186,04 0,83 0,68 48,00 10.823,00 6181
977 186,04 0,83 0,68 48,00 10.834,00 6181
978 186,04 0,83 0,68 48,00 10.845,00 6181
979 186,04 0,83 0,68 48,00 10.856,00 6181
980 186,04 0,83 0,68 48,00 10.867,00 6181
981 186,04 0,82 0,67 48,00 10.878,00 6181
982 186,04 0,82 0,67 48,00 10.889,00 6181
983 186,04 0,82 0,67 48,00 10.900,00 6181
984 186,04 0,82 0,67 48,00 10.911,00 6181
985 186,04 0,82 0,67 48,00 10.922,00 6181
986 186,04 0,82 0,67 48,00 10.933,00 6181
987 186,04 0,82 0,67 48,00 10.944,00 6181
988 186,04 0,82 0,67 48,00 10.955,00 6181
989 186,04 0,82 0,67 48,00 10.966,00 6181
990 186,04 0,82 0,67 88,00 10.977,00 6181
991 186,04 0,82 0,67 88,00 10.988,00 6187
992 186,04 0,82 0,67 88,00 10.999,00 6189
993 186,04 0,82 0,67 88,00 11.010,00 6189
994 186,04 0,82 0,67 88,00 11.021,00 6189
995 186,04 0,82 0,67 88,00 11.032,00 6189
996 186,04 0,82 0,67 88,00 11.043,00 6189
997 186,04 0,82 0,67 88,00 11.054,00 6189
998 186,04 0,82 0,67 88,00 11.065,00 6189
999 186,04 0,82 0,67 88,00 11.076,00 6189
