500
0 190,23 190,23 190,23 1,00 79,00 0 0
1 190,23 190,23 190,23 1,00 68,00 2034 0
2 190,23 190,23 190,23 1,00 58,00 5373 0
3 190,23 190,23 190,23 3,00 46,00 8224 0
4 190,23 190,23 190,23 1,00 33,00 10634 0
5 190,23 190,23 190,23 1,00 28,00 12916 0
6 190,23 190,23 190,23 3,00 20,00 15418 0
7 190,23 190,23 190,23 1,00 12,00 17536 0
8 190,23 190,23 190,23 1,00 9,00 19639 0
9 190,23 190,23 190,23 1,00 1,00 21808 0
10 190,23 190,23 190,23 1,00 1,00 23907 0
11 190,23 190,23 190,23 1,00 1,00 25930 0
12 190,23 190,23 190,23 1,00 1,00 27892 0
13 190,23 190,23 190,23 1,00 1,00 29850 0
14 190,23 190,23 190,23 1,00 1,00 31599 0
15 190,23 190,23 190,23 1,00 1,00 33497 0
16 190,23 190,23 190,23 1,00 1,00 35789 0
17 190,23 190,23 190,23 1,00 1,00 37955 0
18 190,23 190,23 190,23 1,00 1,00 39952 0
19 190,23 190,23 190,23 1,00 1,00 41766 0
20 190,23 190,23 190,23 1,00 1,00 43660 0
21 190,23 190,23 190,23 1,00 1,00 45373 0
22 190,23 190,23 190,23 1,00 1,00 47124 0
23 190,23 190,23 190,23 1,00 1,00 48807 0
24 190,23 190,23 190,23 1,00 1,00 50463 0
25 190,23 190,23 190,23 1,00 1,00 52047 0
26 190,23 190,23 190,23 1,00 1,00 53795 0
27 190,23 190,23 190,23 1,00 1,00 55520 0
28 190,23 190,23 190,23 1,00 1,00 57190 0
29 190,23 190,23 190,23 1,00 1,00 58778 0
30 190,23 190,23 190,23 1,00 1,00 60394 0
31 190,23 190,23 190,23 1,00 1,00 62105 0
32 190,23 190,23 190,23 1,00 1,00 63934 0
33 190,23 190,23 190,23 1,00 1,00 65556 0
34 190,23 190,23 190,23 1,00 1,00 67081 0
35 190,23 190,23 190,23 1,00 1,00 68549 0
36 190,23 190,23 190,23 1,00 1,00 69881 0
37 190,23 190,23 190,23 1,00 1,00 71145 0
38 190,23 190,23 190,23 1,00 1,00 72579 0
39 190,23 190,23 190,23 1,00 1,00 74208 0
40 190,23 190,23 190,23 1,00 1,00 75718 0
41 190,23 190,23 190,23 1,00 1,00 77166 0
42 190,23 190,23 190,23 1,00 1,00 78878 0
43 190,23 190,23 190,23 1,00 1,00 80555 0
44 190,23 190,23 190,23 1,00 1,00 81773 0
45 190,23 190,23 190,23 1,00 1,00 83109 0
46 190,23 190,23 190,23 1,00 1,00 84434 0
47 190,23 190,23 190,23 1,00 1,00 85600 0
48 190,23 190,23 190,23 1,00 1,00 87143 0
49 190,23 190,23 190,23 1,00 1,00 88485 0
50 190,23 190,23 190,23 1,00 1,00 89667 0
51 190,23 190,23 190,23 1,00 1,00 91101 0
52 190,23 190,23 190,23 1,00 1,00 92490 0
53 190,23 190,23 190,23 1,00 1,00 93718 0
54 190,23 190,23 190,23 1,00 1,00 94913 0
55 190,23 190,23 190,23 1,00 1,00 96246 0
56 190,23 190,23 190,23 1,00 1,00 97603 0
57 190,23 190,23 190,23 1,00 1,00 98885 0
58 190,23 190,23 190,23 1,00 1,00 100402 0
59 190,23 190,23 190,23 1,00 1,00 101741 0
60 190,23 190,23 190,23 1,00 1,00 103074 0
61 190,23 190,23 190,23 1,00 1,00 104418 0
62 190,23 190,23 190,23 1,00 1,00 105536 0
63 190,23 190,23 190,23 1,00 1,00 106810 0
64 190,23 190,23 190,23 1,00 1,00 108412 0
65 190,23 190,23 190,23 1,00 1,00 110148 0
66 190,23 190,23 190,23 1,00 1,00 111691 0
67 190,23 190,23 190,23 1,00 1,00 113010 0
68 190,23 190,23 190,23 1,00 1,00 114244 0
69 190,23 190,23 190,23 1,00 1,00 115821 0
70 190,23 190,23 190,23 1,00 1,00 117266 0
71 190,23 190,23 190,23 1,00 1,00 118561 0
72 190,23 190,23 190,23 1,00 1,00 120013 0
73 190,23 190,23 190,23 1,00 1,00 121298 0
74 190,23 190,23 190,23 1,00 1,00 122549 0
75 190,23 190,23 190,23 1,00 1,00 123751 0
76 190,23 190,23 190,23 1,00 1,00 124905 0
77 190,23 190,23 190,23 1,00 1,00 125986 0
78 190,23 190,23 190,23 1,00 1,00 127318 0
79 190,23 190,23 190,23 1,00 1,00 128543 0
80 190,23 190,23 190,23 1,00 1,00 130074 0
81 190,23 190,23 190,23 1,00 1,00 131439 0
82 190,23 190,23 190,23 1,00 1,00 132580 0
83 190,23 190,23 190,23 1,00 1,00 133739 0
84 190,23 190,23 190,23 1,00 1,00 134818 0
85 190,23 190,23 190,23 1,00 1,00 135948 0
86 190,23 190,23 190,23 1,00 1,00 136970 0
87 190,23 190,23 190,23 1,00 1,00 138018 0
88 190,23 190,23 190,23 1,00 1,00 139066 0
89 190,23 190,23 190,23 1,00 1,00 139999 0
90 190,23 190,23 190,23 1,00 1,00 141020 0
91 190,23 190,23 190,23 1,00 1,00 142167 0
92 190,23 190,23 190,23 1,00 1,00 143191 0
93 190,23 190,23 190,23 1,00 1,00 144073 0
94 190,23 190,23 190,23 1,00 1,00 145023 0
95 190,23 190,23 190,23 1,00 1,00 146050 0
96 190,23 190,23 190,23 1,00 1,00 147033 0
97 190,23 190,23 190,23 1,00 1,00 148185 0
98 190,23 190,23 190,23 1,00 1,00 149496 0
99 190,23 190,23 190,23 1,00 1,00 150789 0
100 190,23 190,23 190,23 1,00 1,00 151913 0
101 190,23 190,23 190,23 1,00 1,00 152923 0
102 190,23 190,23 190,23 1,00 1,00 154100 0
103 190,23 190,23 190,23 1,00 1,00 155304 0
104 190,23 190,23 190,23 1,00 1,00 156501 0
105 190,23 190,23 190,23 1,00 1,00 157770 0
106 190,23 190,23 190,23 1,00 1,00 159019 0
107 190,23 190,23 190,23 1,00 1,00 160099 0
108 190,23 190,23 190,23 1,00 1,00 161070 0
109 190,23 190,23 190,23 1,00 1,00 161897 0
110 190,23 190,23 190,23 1,00 1,00 162626 0
111 190,23 190,23 190,23 1,00 1,00 163252 0
112 190,23 190,23 190,23 1,00 1,00 163915 0
113 190,23 190,23 190,23 1,00 1,00 164484 0
114 190,23 190,23 190,23 1,00 1,00 165028 0
115 190,23 190,23 190,23 1,00 1,00 165663 0
116 190,23 190,23 190,23 1,00 1,00 166330 0
117 190,23 190,23 190,23 1,00 1,00 166906 0
118 190,23 190,23 190,23 1,00 1,00 167421 0
119 190,23 190,23 190,23 1,00 1,00 168035 0
120 190,23 190,23 190,23 1,00 1,00 168861 0
121 190,23 190,23 190,23 1,00 1,00 169578 0
122 190,23 190,23 190,23 1,00 1,00 170224 0
123 190,23 190,23 190,23 1,00 1,00 170893 0
124 190,23 190,23 190,23 1,00 1,00 171582 0
125 190,23 190,23 190,23 1,00 1,00 172216 0
126 190,23 190,23 190,23 1,00 1,00 172756 0
127 190,23 190,23 190,23 1,00 1,00 173305 0
128 190,23 190,23 190,23 1,00 1,00 173840 0
129 190,23 190,23 190,23 1,00 1,00 174427 0
130 190,23 190,23 190,23 1,00 1,00 175026 0
131 190,23 190,23 190,23 1,00 1,00 175704 0
132 190,23 190,23 190,23 1,00 1,00 176270 0
133 190,23 190,23 190,23 1,00 1,00 176881 0
134 190,23 190,23 190,23 1,00 1,00 177431 0
135 190,23 190,23 190,23 1,00 1,00 178005 0
136 190,23 190,23 190,23 1,00 1,00 178566 0
137 190,23 190,23 190,23 1,00 1,00 179265 0
138 190,23 190,23 190,23 1,00 1,00 179894 0
139 190,23 190,23 190,23 1,00 1,00 180482 0
140 190,23 190,23 190,23 1,00 1,00 181063 0
141 190,23 190,23 190,23 1,00 1,00 181637 0
142 190,23 190,23 190,23 1,00 1,00 182152 0
143 190,23 190,23 190,23 1,00 1,00 182626 0
144 190,23 190,23 190,23 1,00 1,00 183097 0
145 190,23 190,23 190,23 1,00 1,00 183576 0
146 190,23 190,23 190,23 1,00 1,00 184032 0
147 190,23 190,23 190,23 1,00 1,00 184511 0
148 190,23 190,23 190,23 1,00 1,00 184974 0
149 190,23 190,23 190,23 1,00 1,00 185531 0
150 190,23 190,23 190,23 1,00 1,00 186058 0
151 190,23 190,23 190,23 1,00 1,00 186631 0
152 190,23 190,23 190,23 1,00 1,00 187173 0
153 190,23 190,23 190,23 1,00 1,00 187653 0
154 190,23 190,23 190,23 1,00 1,00 188087 0
155 190,23 190,23 190,23 1,00 1,00 188478 0
156 190,23 190,23 190,23 1,00 1,00 188781 0
157 190,23 190,23 190,23 1,00 1,00 189113 0
158 190,23 190,23 190,23 1,00 1,00 189431 0
159 190,23 190,23 190,23 1,00 1,00 189747 0
160 190,23 190,23 190,23 1,00 1,00 190001 0
161 190,23 190,23 190,23 1,00 1,00 190235 0
162 190,23 190,23 190,23 1,00 1,00 190426 0
163 190,23 190,23 190,23 1,00 1,00 190604 0
164 190,23 190,23 190,23 1,00 1,00 190779 0
165 190,23 190,23 190,23 1,00 1,00 191045 0
166 190,23 190,23 190,23 1,00 1,00 191280 0
167 190,23 190,23 190,23 1,00 1,00 191593 0
168 190,23 190,23 190,23 1,00 1,00 192025 0
169 190,23 190,23 190,23 1,00 1,00 192568 0
170 190,23 190,23 190,23 1,00 1,00 193073 0
171 190,23 190,23 190,23 1,00 1,00 193588 0
172 190,23 190,23 190,23 1,00 1,00 194218 0
173 190,23 190,23 190,23 1,00 1,00 194884 0
174 190,23 190,23 190,23 1,00 1,00 195676 0
175 190,23 190,23 190,23 1,00 1,00 196337 0
176 190,23 190,23 190,23 1,00 1,00 196899 0
177 190,23 190,23 190,23 1,00 1,00 197325 0
178 190,23 190,23 190,23 1,00 1,00 197802 0
179 190,23 190,23 190,23 1,00 1,00 198275 0
180 190,23 190,23 190,23 1,00 1,00 198921 0
181 190,23 190,23 190,23 1,00 1,00 199549 0
182 190,23 190,23 190,23 1,00 1,00 200208 0
183 190,23 190,23 190,23 1,00 1,00 201052 0
184 190,23 190,23 190,23 1,00 1,00 201970 0
185 190,23 190,23 190,23 1,00 1,00 202680 0
186 190,23 190,23 190,23 1,00 1,00 203342 0
187 190,23 190,23 190,23 1,00 1,00 203905 0
188 190,23 190,23 190,23 1,00 1,00 204414 0
189 190,23 190,23 190,23 1,00 1,00 205267 0
190 190,23 190,23 190,23 1,00 1,00 206148 0
191 190,23 190,23 190,23 1,00 1,00 207071 0
192 190,23 190,23 190,23 1,00 1,00 207853 0
193 190,23 190,23 190,23 1,00 1,00 208707 0
194 190,23 190,23 190,23 1,00 1,00 209442 0
195 190,23 190,23 190,23 1,00 1,00 210092 0
196 190,23 190,23 190,23 1,00 1,00 210836 0
197 190,23 190,23 190,23 1,00 1,00 211520 0
198 190,23 190,23 190,23 1,00 1,00 212143 0
199 190,23 190,23 190,23 1,00 1,00 212798 0
200 190,23 190,23 190,23 1,00 1,00 213398 0
201 190,23 190,23 190,23 1,00 1,00 213972 0
202 190,23 190,23 190,23 1,00 1,00 214446 0
203 190,23 190,23 190,23 1,00 1,00 214886 0
204 190,23 190,23 190,23 1,00 1,00 215331 0
205 190,23 190,23 190,23 1,00 1,00 215711 0
206 190,23 190,23 190,23 1,00 1,00 216069 0
207 190,23 190,23 190,23 1,00 1,00 216426 0
208 190,23 190,23 190,23 1,00 1,00 216691 0
209 190,23 190,23 190,23 1,00 1,00 216851 0
210 190,23 190,23 190,23 1,00 1,00 217021 0
211 190,23 190,23 190,23 1,00 1,00 217235 0
212 190,23 190,23 190,23 1,00 1,00 217428 0
213 190,23 190,23 190,23 1,00 1,00 217613 0
214 190,23 190,23 190,23 1,00 1,00 217786 0
215 190,23 190,23 190,23 1,00 1,00 218014 0
216 190,23 190,23 190,23 1,00 1,00 218241 0
217 190,23 190,23 190,23 1,00 1,00 218632 0
218 190,23 190,23 190,23 1,00 1,00 219065 0
219 190,23 190,23 190,23 1,00 1,00 219510 0
220 190,23 190,23 190,23 1,00 1,00 219834 0
221 190,23 190,23 190,23 1,00 1,00 220118 0
222 190,23 190,23 190,23 1,00 1,00 220457 0
223 190,23 190,23 190,23 1,00 1,00 220780 0
224 190,23 190,23 190,23 1,00 1,00 221084 0
225 190,23 190,23 190,23 1,00 1,00 221368 0
226 190,23 190,23 190,23 1,00 1,00 221678 0
227 190,23 190,23 190,23 1,00 1,00 222006 0
228 190,23 190,23 190,23 1,00 1,00 222403 0
229 190,23 190,23 190,23 1,00 1,00 222737 0
230 190,23 190,23 190,23 1,00 1,00 223035 0
231 190,23 190,23 190,23 1,00 1,00 223321 0
232 190,23 190,23 190,23 1,00 1,00 223592 0
233 190,23 190,23 190,23 1,00 1,00 223825 0
234 190,23 190,23 190,23 1,00 1,00 224068 0
235 190,23 190,23 190,23 1,00 1,00 224238 0
236 190,23 190,23 190,23 1,00 1,00 224458 0
237 190,23 190,23 190,23 1,00 1,00 224715 0
238 190,23 190,23 190,23 1,00 1,00 224963 0
239 190,23 190,23 190,23 1,00 1,00 225171 0
240 190,23 190,23 190,23 1,00 1,00 225419 0
241 190,23 190,23 190,23 1,00 1,00 225651 0
242 190,23 190,23 190,23 1,00 1,00 225874 0
243 190,23 190,23 190,23 1,00 1,00 226049 0
244 190,23 190,23 190,23 1,00 1,00 226240 0
245 190,23 190,23 190,23 1,00 1,00 226509 0
246 190,23 190,23 190,23 1,00 1,00 226809 0
247 190,23 190,23 190,23 1,00 1,00 227215 0
248 190,23 190,23 190,23 1,00 1,00 227639 0
249 190,23 190,23 190,23 1,00 1,00 228105 0
250 190,23 190,23 190,23 1,00 1,00 228636 0
251 190,23 190,23 190,23 1,00 1,00 229213 0
252 190,23 190,23 190,23 1,00 1,00 229674 0
253 190,23 190,23 190,23 1,00 1,00 230044 0
254 190,23 190,23 190,23 1,00 1,00 230450 0
255 190,23 190,23 190,23 1,00 1,00 230803 0
256 190,23 190,23 190,23 1,00 1,00 231184 0
257 190,23 190,23 190,23 1,00 1,00 231585 0
258 190,23 190,23 190,23 1,00 1,00 232098 0
259 190,23 190,23 190,23 1,00 1,00 232617 0
260 190,23 190,23 190,23 1,00 1,00 233264 0
261 190,23 190,23 190,23 1,00 1,00 233979 0
262 190,23 190,23 190,23 1,00 1,00 234613 0
263 190,23 190,23 190,23 1,00 1,00 235212 0
264 190,23 190,23 190,23 1,00 1,00 235817 0
265 190,23 190,23 190,23 1,00 1,00 236398 0
266 190,23 190,23 190,23 1,00 1,00 236895 0
267 190,23 190,23 190,23 1,00 1,00 237510 0
268 190,23 190,23 190,23 1,00 1,00 238092 0
269 190,23 190,23 190,23 1,00 1,00 238725 0
270 190,23 190,23 190,23 1,00 1,00 239224 0
271 190,23 190,23 190,23 1,00 1,00 239797 0
272 190,23 190,23 190,23 1,00 1,00 240308 0
273 190,23 190,23 190,23 1,00 1,00 240800 0
274 190,23 190,23 190,23 1,00 1,00 241319 0
275 190,23 190,23 190,23 1,00 1,00 241758 0
276 190,23 190,23 190,23 1,00 1,00 242166 0
277 190,23 190,23 190,23 1,00 1,00 242581 0
278 190,23 190,23 190,23 1,00 1,00 242909 0
279 190,23 190,23 190,23 1,00 1,00 243219 0
280 190,23 190,23 190,23 1,00 1,00 243464 0
281 190,23 190,23 190,23 1,00 1,00 243676 0
282 190,23 190,23 190,23 1,00 1,00 243930 0
283 190,23 190,23 190,23 1,00 1,00 244170 0
284 190,23 190,23 190,23 1,00 1,00 244381 0
285 190,23 190,23 190,23 1,00 1,00 244581 0
286 190,23 190,23 190,23 1,00 1,00 244881 0
287 190,23 190,23 190,23 1,00 1,00 245197 0
288 190,23 190,23 190,23 1,00 1,00 245608 0
289 190,23 190,23 190,23 1,00 1,00 246088 0
290 190,23 190,23 190,23 1,00 1,00 246639 0
291 190,23 190,23 190,23 1,00 1,00 247156 0
292 190,23 190,23 190,23 1,00 1,00 247714 0
293 190,23 190,23 190,23 1,00 1,00 248241 0
294 190,23 190,23 190,23 1,00 1,00 248810 0
295 190,23 190,23 190,23 1,00 1,00 249419 0
296 190,23 190,23 190,23 1,00 1,00 250007 0
297 190,23 190,23 190,23 1,00 1,00 250497 0
298 190,23 190,23 190,23 1,00 1,00 250954 0
299 190,23 190,23 190,23 1,00 1,00 251457 0
300 190,23 190,23 190,23 1,00 1,00 251857 0
301 190,23 190,23 190,23 1,00 1,00 252267 0
302 190,23 190,23 190,23 1,00 1,00 252574 0
303 190,23 190,23 190,23 1,00 1,00 252830 0
304 190,23 190,23 190,23 1,00 1,00 253107 0
305 190,23 190,23 190,23 1,00 1,00 253377 0
306 190,23 190,23 190,23 1,00 1,00 253614 0
307 190,23 190,23 190,23 1,00 1,00 253802 0
308 190,23 190,23 190,23 1,00 1,00 254049 0
309 190,23 190,23 190,23 1,00 1,00 254401 0
310 190,23 190,23 190,23 1,00 1,00 254778 0
311 190,23 190,23 190,23 1,00 1,00 255271 0
312 190,23 190,23 190,23 1,00 1,00 255757 0
313 190,23 190,23 190,23 1,00 1,00 256168 0
314 190,23 190,23 190,23 1,00 1,00 256672 0
315 190,23 190,23 190,23 1,00 1,00 257185 0
316 190,23 190,23 190,23 1,00 1,00 257712 0
317 190,23 190,23 190,23 1,00 1,00 258122 0
318 190,23 190,23 190,23 1,00 1,00 258667 0
319 190,23 190,23 190,23 1,00 1,00 259142 0
320 190,23 190,23 190,23 1,00 1,00 259646 0
321 190,23 190,23 190,23 1,00 1,00 260162 0
322 190,23 190,23 190,23 1,00 1,00 260676 0
323 190,23 190,23 190,23 1,00 1,00 261138 0
324 190,23 190,23 190,23 1,00 1,00 261651 0
325 190,23 190,23 190,23 1,00 1,00 262097 0
326 190,23 190,23 190,23 1,00 1,00 262489 0
327 190,23 190,23 190,23 1,00 1,00 262843 0
328 190,23 190,23 190,23 1,00 1,00 263159 0
329 190,23 190,23 190,23 1,00 1,00 263421 0
330 190,23 190,23 190,23 1,00 1,00 263619 0
331 190,23 190,23 190,23 1,00 1,00 263843 0
332 190,23 190,23 190,23 1,00 1,00 264118 0
333 190,23 190,23 190,23 1,00 1,00 264399 0
334 190,23 190,23 190,23 1,00 1,00 264633 0
335 190,23 190,23 190,23 1,00 1,00 264897 0
336 190,23 190,23 190,23 1,00 1,00 265071 0
337 190,23 190,23 190,23 1,00 1,00 265325 0
338 190,23 190,23 190,23 1,00 1,00 265624 0
339 190,23 190,23 190,23 1,00 1,00 265881 0
340 190,23 190,23 190,23 1,00 1,00 266159 0
341 190,23 190,23 190,23 1,00 1,00 266407 0
342 190,23 190,23 190,23 1,00 1,00 266608 0
343 190,23 190,23 190,23 1,00 1,00 266826 0
344 190,23 190,23 190,23 1,00 1,00 267021 0
345 190,23 190,23 190,23 1,00 1,00 267267 0
346 190,23 190,23 190,23 1,00 1,00 267522 0
347 190,23 190,23 190,23 1,00 1,00 267800 0
348 190,23 190,23 190,23 1,00 1,00 267983 0
349 190,23 190,23 190,23 1,00 1,00 268149 0
350 190,23 190,23 190,23 1,00 1,00 268298 0
351 190,23 190,23 190,23 1,00 1,00 268420 0
352 190,23 190,23 190,23 1,00 1,00 268528 0
353 190,23 190,23 190,23 1,00 1,00 268604 0
354 190,23 190,23 190,23 1,00 1,00 268675 0
355 190,23 190,23 190,23 1,00 1,00 268771 0
356 190,23 190,23 190,23 1,00 1,00 268866 0
357 190,23 190,23 190,23 1,00 1,00 268992 0
358 190,23 190,23 190,23 1,00 1,00 269085 0
359 190,23 190,23 190,23 1,00 1,00 269183 0
360 190,23 190,23 190,23 1,00 1,00 269292 0
361 190,23 190,23 190,23 1,00 1,00 269492 0
362 190,23 190,23 190,23 1,00 1,00 269676 0
363 190,23 190,23 190,23 1,00 1,00 269862 0
364 190,23 190,23 190,23 1,00 1,00 270024 0
365 190,23 190,23 190,23 1,00 1,00 270194 0
366 190,23 190,23 190,23 1,00 1,00 270340 0
367 190,23 190,23 190,23 1,00 1,00 270507 0
368 190,23 190,23 190,23 1,00 1,00 270654 0
369 190,23 190,23 190,23 1,00 1,00 270777 0
370 190,23 190,23 190,23 1,00 1,00 270904 0
371 190,23 190,23 190,23 1,00 1,00 271036 0
372 190,23 190,23 190,23 1,00 1,00 271172 0
373 190,23 190,23 190,23 1,00 1,00 271283 0
374 190,23 190,23 190,23 1,00 1,00 271382 0
375 190,23 190,23 190,23 1,00 1,00 271457 0
376 190,23 190,23 190,23 1,00 1,00 271539 0
377 190,23 190,23 190,23 1,00 1,00 271646 0
378 190,23 190,23 190,23 1,00 1,00 271773 0
379 190,23 190,23 190,23 1,00 1,00 271893 0
380 190,23 190,23 190,23 1,00 1,00 272037 0
381 190,23 190,23 190,23 1,00 1,00 272202 0
382 190,23 190,23 190,23 1,00 1,00 272338 0
383 190,23 190,23 190,23 1,00 1,00 272459 0
384 190,23 190,23 190,23 1,00 1,00 272592 0
385 190,23 190,23 190,23 1,00 1,00 272715 0
386 190,23 190,23 190,23 1,00 1,00 272819 0
387 190,23 190,23 190,23 1,00 1,00 272909 0
388 190,23 190,23 190,23 1,00 1,00 272984 0
389 190,23 190,23 190,23 1,00 1,00 273060 0
390 190,23 190,23 190,23 1,00 1,00 273130 0
391 190,23 190,23 190,23 1,00 1,00 273200 0
392 190,23 190,23 190,23 1,00 1,00 273255 0
393 190,23 190,23 190,23 1,00 1,00 273325 0
394 190,23 190,23 190,23 1,00 1,00 273396 0
395 190,23 190,23 190,23 1,00 1,00 273468 0
396 190,23 190,23 190,23 1,00 1,00 273534 0
397 190,23 190,23 190,23 1,00 1,00 273607 0
398 190,23 190,23 190,23 1,00 1,00 273669 0
399 190,23 190,23 190,23 1,00 1,00 273741 0
400 190,23 190,23 190,23 1,00 1,00 273814 0
401 190,23 190,23 190,23 1,00 1,00 273888 0
402 190,23 190,23 190,23 1,00 1,00 273977 0
403 190,23 190,23 190,23 1,00 1,00 274059 0
404 190,23 190,23 190,23 1,00 1,00 274169 0
405 190,23 190,23 190,23 1,00 1,00 274272 0
406 190,23 190,23 190,23 1,00 1,00 274391 0
407 190,23 190,23 190,23 1,00 1,00 274514 0
408 190,23 190,23 190,23 1,00 1,00 274605 0
409 190,23 190,23 190,23 1,00 1,00 274690 0
410 190,23 190,23 190,23 1,00 1,00 274777 0
411 190,23 190,23 190,23 1,00 1,00 274881 0
412 190,23 190,23 190,23 1,00 1,00 274988 0
413 190,23 190,23 190,23 1,00 1,00 275096 0
414 190,23 190,23 190,23 1,00 1,00 275203 0
415 190,23 190,23 190,23 1,00 1,00 275294 0
416 190,23 190,23 190,23 1,00 1,00 275366 0
417 190,23 190,23 190,23 1,00 1,00 275439 0
418 190,23 190,23 190,23 1,00 1,00 275506 0
419 190,23 190,23 190,23 1,00 1,00 275568 0
420 190,23 190,23 190,23 1,00 1,00 275608 0
421 190,23 190,23 190,23 1,00 1,00 275655 0
422 190,23 190,23 190,23 1,00 1,00 275694 0
423 190,23 190,23 190,23 1,00 1,00 275738 0
424 190,23 190,23 190,23 1,00 1,00 275786 0
425 190,23 190,23 190,23 1,00 1,00 275834 0
426 190,23 190,23 190,23 1,00 1,00 275905 0
427 190,23 190,23 190,23 1,00 1,00 275978 0
428 190,23 190,23 190,23 1,00 1,00 276040 0
429 190,23 190,23 190,23 1,00 1,00 276089 0
430 190,23 190,23 190,23 1,00 1,00 276136 0
431 190,23 190,23 190,23 1,00 1,00 276202 0
432 190,23 190,23 190,23 1,00 1,00 276263 0
433 190,23 190,23 190,23 1,00 1,00 276339 0
434 190,23 190,23 190,23 1,00 1,00 276430 0
435 190,23 190,23 190,23 1,00 1,00 276471 0
436 190,23 190,23 190,23 1,00 1,00 276551 0
437 190,23 190,23 190,23 1,00 1,00 276623 0
438 190,23 190,23 190,23 1,00 1,00 276703 0
439 190,23 190,23 190,23 1,00 1,00 276776 0
440 190,23 190,23 190,23 1,00 1,00 276831 0
441 190,23 190,23 190,23 1,00 1,00 276912 0
442 190,23 190,23 190,23 1,00 1,00 276981 0
443 190,23 190,23 190,23 1,00 1,00 277029 0
444 190,23 190,23 190,23 1,00 1,00 277094 0
445 190,23 190,23 190,23 1,00 1,00 277155 0
446 190,23 190,23 190,23 1,00 1,00 277209 0
447 190,23 190,23 190,23 1,00 1,00 277276 0
448 190,23 190,23 190,23 1,00 1,00 277346 0
449 190,23 190,23 190,23 1,00 1,00 277419 0
450 190,23 190,23 190,23 1,00 1,00 277480 0
451 190,23 190,23 190,23 1,00 1,00 277546 0
452 190,23 190,23 190,23 1,00 1,00 277633 0
453 190,23 190,23 190,23 1,00 1,00 277699 0
454 190,23 190,23 190,23 1,00 1,00 277753 0
455 190,23 190,23 190,23 1,00 1,00 277794 0
456 190,23 190,23 190,23 1,00 1,00 277831 0
457 190,23 190,23 190,23 1,00 1,00 277866 0
458 190,23 190,23 190,23 1,00 1,00 277907 0
459 190,23 190,23 190,23 1,00 1,00 277956 0
460 190,23 190,23 190,23 1,00 1,00 278010 0
461 190,23 190,23 190,23 1,00 1,00 278052 0
462 190,23 190,23 190,23 1,00 1,00 278092 0
463 190,23 190,23 190,23 1,00 1,00 278136 0
464 190,23 190,23 190,23 1,00 1,00 278171 0
465 190,23 190,23 190,23 1,00 1,00 278215 0
466 190,23 190,23 190,23 1,00 1,00 278256 0
467 190,23 190,23 190,23 1,00 1,00 278310 0
468 190,23 190,23 190,23 1,00 1,00 278372 0
469 190,23 190,23 190,23 1,00 1,00 278422 0
470 190,23 190,23 190,23 1,00 1,00 278480 0
471 190,23 190,23 190,23 1,00 1,00 278532 0
472 190,23 190,23 190,23 1,00 1,00 278583 0
473 190,23 190,23 190,23 1,00 1,00 278628 0
474 190,23 190,23 190,23 1,00 1,00 278661 0
475 190,23 190,23 190,23 1,00 1,00 278697 0
476 190,23 190,23 190,23 1,00 1,00 278747 0
477 190,23 190,23 190,23 1,00 1,00 278809 0
478 190,23 190,23 190,23 1,00 1,00 278860 0
479 190,23 190,23 190,23 1,00 1,00 278924 0
480 190,23 190,23 190,23 1,00 1,00 278971 0
481 190,23 190,23 190,23 1,00 1,00 279018 0
482 190,23 190,23 190,23 1,00 1,00 279043 0
483 190,23 190,23 190,23 1,00 1,00 279071 0
484 190,23 190,23 190,23 1,00 1,00 279098 0
485 190,23 190,23 190,23 1,00 1,00 279123 0
486 190,23 190,23 190,23 1,00 1,00 279191 0
487 190,23 190,23 190,23 1,00 1,00 279255 0
488 190,23 190,23 190,23 1,00 1,00 279281 0
489 190,23 190,23 190,23 1,00 1,00 279305 0
490 190,23 190,23 190,23 1,00 1,00 279344 0
491 190,23 190,23 190,23 1,00 1,00 279378 0
492 190,23 190,23 190,23 1,00 1,00 279421 0
493 190,23 190,23 190,23 1,00 1,00 279458 0
494 190,23 190,23 190,23 1,00 1,00 279509 0
495 190,23 190,23 190,23 1,00 1,00 279558 0
496 190,23 190,23 190,23 1,00 1,00 279608 0
497 190,23 190,23 190,23 1,00 1,00 279665 0
498 190,23 190,23 190,23 1,00 1,00 279720 0
499 190,23 190,23 190,23 1,00 1,00 279792 0
