500
0 374,77 374,77 374,77 2,00 4,00 0 1
1 374,77 374,77 374,77 1,00 4,00 2034 1
2 374,77 374,77 54,67 1,00 1,00 5373 1
3 374,77 374,77 59,69 3,00 1,00 8224 1
4 374,77 374,77 56,63 1,00 6,00 10634 1
5 374,77 374,77 64,42 1,00 6,00 12916 1
6 374,77 374,77 68,23 3,00 4,00 15418 1
7 374,77 374,77 70,84 1,00 3,00 17536 1
8 374,77 374,77 89,89 1,00 3,00 19639 1
9 374,77 374,77 115,68 1,00 3,00 21808 1
10 374,77 374,77 104,44 1,00 3,00 23907 1
11 374,77 374,77 127,62 1,00 2,00 25930 1
12 374,77 374,77 143,82 1,00 2,00 27892 1
13 374,77 187,38 81,09 1,00 2,00 29850 1
14 374,77 187,38 112,82 2,00 1,00 31599 1
15 374,77 187,38 59,49 2,00 6,00 33497 1
16 374,77 187,38 133,57 1,00 3,00 35789 1
17 374,77 187,38 142,03 1,00 2,00 37955 1
18 374,77 187,38 128,45 2,00 1,00 39952 1
19 374,77 187,38 125,53 1,00 6,00 41766 1
20 374,77 187,38 133,11 1,00 2,00 43660 1
21 374,77 187,38 136,33 2,00 1,00 45373 1
22 374,77 187,38 131,13 2,00 6,00 47124 1
23 374,77 187,38 146,55 1,00 2,00 48807 1
24 374,77 187,38 160,79 2,00 1,00 50463 1
25 374,77 187,38 164,50 2,00 6,00 52047 1
26 374,77 187,38 176,28 1,00 2,00 53795 1
27 374,77 187,38 161,05 1,00 1,00 55520 1
28 374,77 187,38 145,26 2,00 1,00 57190 1
29 374,77 187,38 186,15 2,00 6,00 58778 1
30 374,77 187,38 206,84 1,00 3,00 60394 1
31 374,77 187,38 201,63 2,00 1,00 62105 1
32 374,77 187,38 173,65 1,00 6,00 63934 1
33 374,77 187,38 172,23 1,00 2,00 65556 1
34 374,77 187,38 183,25 1,00 1,00 67081 1
35 374,77 187,38 187,78 1,00 1,00 68549 1
36 374,77 187,38 183,59 1,00 1,00 69881 1
37 374,77 187,38 187,39 1,00 1,00 71145 1
38 374,77 187,38 184,42 1,00 1,00 72579 1
39 374,77 187,38 184,97 1,00 1,00 74208 1
40 374,77 187,38 176,18 1,00 1,00 75718 1
41 374,77 187,38 135,18 1,00 1,00 77166 1
42 374,77 187,38 176,60 1,00 1,00 78878 1
43 374,77 187,38 168,27 1,00 1,00 80555 1
44 374,77 187,38 168,26 1,00 1,00 81773 1
45 374,77 187,38 169,45 1,00 1,00 83109 1
46 374,77 187,38 173,29 1,00 1,00 84434 1
47 374,77 187,38 170,45 1,00 1,00 85600 1
48 374,77 187,38 172,06 1,00 1,00 87143 1
49 374,77 187,38 171,16 1,00 1,00 88485 1
50 374,77 187,38 168,74 1,00 1,00 89667 1
51 374,77 187,38 202,42 1,00 1,00 91101 1
52 374,77 187,38 206,49 1,00 1,00 92490 1
53 374,77 187,38 203,69 1,00 1,00 93718 1
54 374,77 374,77 405,45 1,00 1,00 94913 1
55 374,77 374,77 414,52 1,00 1,00 96246 1
56 374,77 374,77 417,67 1,00 1,00 97603 1
57 374,77 374,77 409,74 1,00 1,00 98885 1
58 374,77 374,77 423,92 1,00 1,00 100402 1
59 374,77 374,77 412,71 1,00 1,00 101741 1
60 374,77 374,77 422,04 1,00 1,00 103074 1
61 374,77 374,77 423,59 1,00 1,00 104418 1
62 374,77 374,77 419,84 1,00 1,00 105536 1
63 374,77 374,77 416,76 1,00 1,00 106810 1
64 374,77 374,77 413,14 1,00 1,00 108412 1
65 374,77 374,77 407,43 1,00 1,00 110148 1
66 374,77 374,77 411,85 1,00 1,00 111691 1
67 374,77 374,77 406,44 1,00 1,00 113010 1
68 374,77 374,77 395,61 1,00 1,00 114244 1
69 374,77 374,77 403,32 1,00 1,00 115821 1
70 374,77 374,77 397,32 1,00 1,00 117266 1
71 374,77 374,77 402,55 1,00 1,00 118561 1
72 374,77 374,77 400,85 1,00 1,00 120013 1
73 374,77 374,77 402,14 1,00 1,00 121298 1
74 374,77 374,77 401,30 1,00 1,00 122549 1
75 374,77 374,77 398,87 1,00 1,00 123751 1
76 374,77 374,77 394,09 1,00 1,00 124905 1
77 374,77 374,77 390,42 1,00 1,00 125986 1
78 374,77 374,77 390,43 1,00 1,00 127318 1
79 374,77 374,77 385,18 1,00 1,00 128543 1
80 374,77 374,77 313,79 1,00 1,00 130074 1
81 374,77 374,77 311,27 1,00 1,00 131439 1
82 374,77 374,77 398,26 1,00 1,00 132580 1
83 374,77 374,77 382,48 1,00 1,00 133739 1
84 374,77 374,77 385,46 1,00 1,00 134818 1
85 374,77 374,77 378,84 1,00 1,00 135948 1
86 374,77 374,77 402,23 1,00 1,00 136970 1
87 374,77 374,77 399,53 1,00 1,00 138018 1
88 374,77 374,77 408,41 1,00 1,00 139066 1
89 374,77 374,77 410,54 1,00 1,00 139999 1
90 374,77 374,77 405,79 1,00 1,00 141020 1
91 374,77 374,77 408,04 1,00 1,00 142167 1
92 374,77 374,77 395,24 1,00 1,00 143191 1
93 374,77 374,77 400,32 1,00 1,00 144073 1
94 374,77 374,77 405,15 1,00 1,00 145023 1
95 374,77 374,77 412,01 1,00 1,00 146050 1
96 374,77 374,77 406,13 1,00 1,00 147033 1
97 374,77 374,77 400,70 1,00 1,00 148185 1
98 374,77 374,77 401,57 1,00 1,00 149496 1
99 374,77 374,77 376,62 1,00 1,00 150789 1
100 374,77 374,77 389,35 1,00 1,00 151913 1
101 374,77 374,77 386,70 1,00 1,00 152923 1
102 374,77 374,77 388,35 1,00 1,00 154100 1
103 374,77 374,77 382,76 1,00 1,00 155304 1
104 374,77 374,77 398,88 1,00 1,00 156501 1
105 374,77 374,77 422,77 1,00 1,00 157770 1
106 374,77 374,77 427,99 1,00 1,00 159019 1
107 374,77 374,77 419,21 1,00 1,00 160099 1
108 374,77 374,77 416,18 1,00 1,00 161070 1
109 374,77 374,77 416,98 1,00 1,00 161897 1
110 374,77 374,77 412,18 1,00 1,00 162626 1
111 374,77 374,77 411,93 1,00 1,00 163252 1
112 374,77 374,77 413,05 1,00 1,00 163915 1
113 374,77 374,77 410,58 1,00 1,00 164484 1
114 374,77 374,77 411,04 1,00 1,00 165028 1
115 374,77 374,77 411,08 1,00 1,00 165663 1
116 374,77 374,77 411,65 1,00 1,00 166330 1
117 374,77 374,77 412,20 1,00 1,00 166906 1
118 374,77 374,77 411,01 1,00 1,00 167421 1
119 374,77 374,77 409,24 1,00 1,00 168035 1
120 374,77 374,77 404,84 1,00 1,00 168861 1
121 374,77 374,77 406,84 1,00 1,00 169578 1
122 374,77 374,77 405,92 1,00 1,00 170224 1
123 374,77 374,77 407,31 1,00 1,00 170893 1
124 374,77 374,77 405,04 1,00 1,00 171582 1
125 374,77 374,77 405,63 1,00 1,00 172216 1
126 374,77 374,77 409,24 1,00 1,00 172756 1
127 374,77 374,77 411,29 1,00 1,00 173305 1
128 374,77 374,77 407,34 1,00 1,00 173840 1
129 374,77 374,77 402,79 1,00 1,00 174427 1
130 374,77 374,77 402,80 1,00 1,00 175026 1
131 374,77 374,77 404,70 1,00 1,00 175704 1
132 374,77 374,77 405,36 1,00 1,00 176270 1
133 374,77 374,77 403,65 1,00 1,00 176881 1
134 374,77 374,77 402,68 1,00 1,00 177431 1
135 374,77 374,77 402,81 1,00 1,00 178005 1
136 374,77 374,77 403,12 1,00 1,00 178566 1
137 374,77 374,77 392,95 1,00 1,00 179265 1
138 374,77 374,77 395,19 1,00 1,00 179894 1
139 374,77 374,77 396,54 1,00 1,00 180482 1
140 374,77 374,77 400,48 1,00 1,00 181063 1
141 374,77 374,77 392,50 1,00 1,00 181637 1
142 374,77 374,77 388,33 1,00 1,00 182152 1
143 374,77 374,77 385,67 1,00 1,00 182626 1
144 374,77 374,77 385,01 1,00 1,00 183097 1
145 374,77 374,77 380,94 1,00 1,00 183576 1
146 374,77 374,77 378,84 1,00 1,00 184032 1
147 374,77 374,77 377,92 1,00 1,00 184511 1
148 374,77 374,77 378,60 1,00 1,00 184974 1
149 374,77 374,77 380,73 1,00 1,00 185531 1
150 374,77 374,77 378,74 1,00 1,00 186058 1
151 374,77 374,77 379,84 1,00 1,00 186631 1
152 374,77 374,77 384,13 1,00 1,00 187173 1
153 374,77 374,77 391,12 1,00 1,00 187653 1
154 374,77 374,77 395,15 1,00 1,00 188087 1
155 374,77 374,77 399,18 1,00 1,00 188478 1
156 374,77 374,77 401,72 1,00 1,00 188781 1
157 374,77 374,77 401,63 1,00 1,00 189113 1
158 374,77 374,77 403,29 1,00 1,00 189431 1
159 374,77 374,77 403,95 1,00 1,00 189747 1
160 374,77 374,77 403,50 1,00 1,00 190001 1
161 374,77 374,77 401,40 1,00 1,00 190235 1
162 374,77 374,77 397,73 1,00 1,00 190426 1
163 374,77 374,77 400,71 1,00 1,00 190604 1
164 374,77 374,77 402,79 1,00 1,00 190779 1
165 374,77 374,77 405,58 1,00 1,00 191045 1
166 374,77 374,77 406,59 1,00 1,00 191280 1
167 374,77 374,77 406,51 1,00 1,00 191593 1
168 374,77 374,77 408,49 1,00 1,00 192025 1
169 374,77 374,77 407,98 1,00 1,00 192568 1
170 374,77 374,77 406,42 1,00 1,00 193073 1
171 374,77 374,77 406,41 1,00 1,00 193588 1
172 374,77 374,77 406,38 1,00 1,00 194218 1
173 374,77 374,77 406,56 1,00 1,00 194884 1
174 374,77 374,77 407,04 1,00 1,00 195676 1
175 374,77 374,77 404,11 1,00 1,00 196337 1
176 374,77 374,77 402,10 1,00 1,00 196899 1
177 374,77 374,77 402,88 1,00 1,00 197325 1
178 374,77 374,77 403,27 1,00 1,00 197802 1
179 374,77 374,77 400,44 1,00 1,00 198275 1
180 374,77 374,77 401,42 1,00 1,00 198921 1
181 374,77 374,77 403,12 1,00 1,00 199549 1
182 374,77 374,77 408,19 1,00 1,00 200208 1
183 374,77 374,77 403,11 1,00 1,00 201052 1
184 374,77 374,77 404,09 1,00 1,00 201970 1
185 374,77 374,77 408,88 1,00 1,00 202680 1
186 374,77 374,77 403,94 1,00 1,00 203342 1
187 374,77 374,77 394,52 1,00 1,00 203905 1
188 374,77 374,77 397,63 1,00 1,00 204414 1
189 374,77 374,77 400,02 1,00 1,00 205267 1
190 374,77 374,77 404,10 1,00 1,00 206148 1
191 374,77 374,77 403,30 1,00 1,00 207071 1
192 374,77 374,77 409,12 1,00 1,00 207853 1
193 374,77 374,77 407,06 1,00 1,00 208707 1
194 374,77 374,77 409,40 1,00 1,00 209442 1
195 374,77 374,77 413,31 1,00 1,00 210092 1
196 374,77 374,77 404,89 1,00 1,00 210836 1
197 374,77 374,77 403,61 1,00 1,00 211520 1
198 374,77 374,77 403,68 1,00 1,00 212143 1
199 374,77 374,77 405,22 1,00 1,00 212798 1
200 374,77 374,77 405,97 1,00 1,00 213398 1
201 374,77 374,77 404,27 1,00 1,00 213972 1
202 374,77 374,77 404,29 1,00 1,00 214446 1
203 374,77 374,77 404,64 1,00 1,00 214886 1
204 374,77 374,77 397,96 1,00 1,00 215331 1
205 374,77 374,77 404,82 1,00 1,00 215711 1
206 374,77 374,77 407,12 1,00 1,00 216069 1
207 374,77 374,77 407,52 1,00 1,00 216426 1
208 374,77 374,77 407,79 1,00 1,00 216691 1
209 374,77 374,77 401,37 1,00 1,00 216851 1
210 374,77 374,77 409,26 1,00 1,00 217021 1
211 374,77 374,77 410,36 1,00 1,00 217235 1
212 374,77 374,77 408,36 1,00 1,00 217428 1
213 374,77 374,77 409,37 1,00 1,00 217613 1
214 374,77 374,77 411,93 1,00 1,00 217786 1
215 374,77 374,77 410,72 1,00 1,00 218014 1
216 374,77 374,77 409,12 1,00 1,00 218241 1
217 374,77 374,77 409,55 1,00 1,00 218632 1
218 374,77 374,77 405,95 1,00 1,00 219065 1
219 374,77 374,77 403,75 1,00 1,00 219510 1
220 374,77 374,77 407,18 1,00 1,00 219834 1
221 374,77 374,77 409,03 1,00 1,00 220118 1
222 374,77 374,77 409,41 1,00 1,00 220457 1
223 374,77 374,77 407,42 1,00 1,00 220780 1
224 374,77 374,77 406,34 1,00 1,00 221084 1
225 374,77 374,77 406,66 1,00 1,00 221368 1
226 374,77 374,77 405,08 1,00 1,00 221678 1
227 374,77 374,77 406,60 1,00 1,00 222006 1
228 374,77 374,77 407,30 1,00 1,00 222403 1
229 374,77 374,77 407,09 1,00 1,00 222737 1
230 374,77 374,77 408,42 1,00 1,00 223035 1
231 374,77 374,77 409,48 1,00 1,00 223321 1
232 374,77 374,77 408,35 1,00 1,00 223592 1
233 374,77 374,77 408,34 1,00 1,00 223825 1
234 374,77 374,77 409,03 1,00 1,00 224068 1
235 374,77 374,77 409,02 1,00 1,00 224238 1
236 374,77 374,77 408,57 1,00 1,00 224458 1
237 374,77 374,77 407,79 1,00 1,00 224715 1
238 374,77 374,77 408,26 1,00 1,00 224963 1
239 374,77 374,77 408,53 1,00 1,00 225171 1
240 374,77 374,77 408,76 1,00 1,00 225419 1
241 374,77 374,77 408,81 1,00 1,00 225651 1
242 374,77 374,77 408,22 1,00 1,00 225874 1
243 374,77 374,77 409,44 1,00 1,00 226049 1
244 374,77 374,77 409,34 1,00 1,00 226240 1
245 374,77 374,77 407,85 1,00 1,00 226509 1
246 374,77 374,77 409,75 1,00 1,00 226809 1
247 374,77 374,77 409,17 1,00 1,00 227215 1
248 374,77 374,77 408,25 1,00 1,00 227639 1
249 374,77 374,77 408,21 1,00 1,00 228105 1
250 374,77 374,77 409,70 1,00 1,00 228636 1
251 374,77 374,77 407,81 1,00 1,00 229213 1
252 374,77 374,77 406,57 1,00 1,00 229674 1
253 374,77 374,77 408,99 1,00 1,00 230044 1
254 374,77 374,77 407,26 1,00 1,00 230450 1
255 374,77 374,77 409,74 1,00 1,00 230803 1
256 374,77 374,77 409,02 1,00 1,00 231184 1
257 374,77 374,77 407,53 1,00 1,00 231585 1
258 374,77 374,77 408,90 1,00 1,00 232098 1
259 374,77 374,77 406,20 1,00 1,00 232617 1
260 374,77 374,77 403,91 1,00 1,00 233264 1
261 374,77 374,77 402,63 1,00 1,00 233979 1
262 374,77 374,77 406,57 1,00 1,00 234613 1
263 374,77 374,77 406,00 1,00 1,00 235212 1
264 374,77 374,77 408,30 1,00 1,00 235817 1
265 374,77 374,77 404,99 1,00 1,00 236398 1
266 374,77 374,77 406,26 1,00 1,00 236895 1
267 374,77 374,77 406,60 1,00 1,00 237510 1
268 374,77 374,77 405,97 1,00 1,00 238092 1
269 374,77 374,77 405,75 1,00 1,00 238725 1
270 374,77 374,77 405,60 1,00 1,00 239224 1
271 374,77 374,77 402,25 1,00 1,00 239797 1
272 374,77 374,77 402,13 1,00 1,00 240308 1
273 374,77 374,77 400,17 1,00 1,00 240800 1
274 374,77 374,77 396,35 1,00 1,00 241319 1
275 374,77 374,77 393,56 1,00 1,00 241758 1
276 374,77 374,77 390,95 1,00 1,00 242166 1
277 374,77 374,77 391,86 1,00 1,00 242581 1
278 374,77 374,77 388,89 1,00 1,00 242909 1
279 374,77 374,77 387,54 1,00 1,00 243219 1
280 374,77 374,77 384,59 1,00 1,00 243464 1
281 374,77 374,77 384,47 1,00 1,00 243676 1
282 374,77 374,77 385,91 1,00 1,00 243930 1
283 374,77 374,77 385,77 1,00 1,00 244170 1
284 374,77 374,77 385,60 1,00 1,00 244381 1
285 374,77 374,77 385,45 1,00 1,00 244581 1
286 374,77 374,77 386,17 1,00 1,00 244881 1
287 374,77 374,77 390,81 1,00 1,00 245197 1
288 374,77 374,77 392,15 1,00 1,00 245608 1
289 374,77 374,77 396,36 1,00 1,00 246088 1
290 374,77 374,77 398,70 1,00 1,00 246639 1
291 374,77 374,77 399,98 1,00 1,00 247156 1
292 374,77 374,77 400,39 1,00 1,00 247714 1
293 374,77 374,77 400,82 1,00 1,00 248241 1
294 374,77 374,77 403,04 1,00 1,00 248810 1
295 374,77 374,77 402,51 1,00 1,00 249419 1
296 374,77 374,77 402,38 1,00 1,00 250007 1
297 374,77 374,77 401,86 1,00 1,00 250497 1
298 374,77 374,77 406,73 1,00 1,00 250954 1
299 374,77 374,77 401,39 1,00 1,00 251457 1
300 374,77 374,77 406,78 1,00 1,00 251857 1
301 374,77 374,77 404,78 1,00 1,00 252267 1
302 374,77 374,77 403,89 1,00 1,00 252574 1
303 374,77 374,77 404,09 1,00 1,00 252830 1
304 374,77 374,77 399,40 1,00 1,00 253107 1
305 374,77 374,77 401,59 1,00 1,00 253377 1
306 374,77 374,77 402,17 1,00 1,00 253614 1
307 374,77 374,77 402,42 1,00 1,00 253802 1
308 374,77 374,77 406,02 1,00 1,00 254049 1
309 374,77 374,77 403,45 1,00 1,00 254401 1
310 374,77 374,77 404,84 1,00 1,00 254778 1
311 374,77 374,77 405,68 1,00 1,00 255271 1
312 374,77 374,77 404,55 1,00 1,00 255757 1
313 374,77 374,77 404,61 1,00 1,00 256168 1
314 374,77 374,77 404,66 1,00 1,00 256672 1
315 374,77 374,77 402,49 1,00 1,00 257185 1
316 374,77 374,77 405,10 1,00 1,00 257712 1
317 374,77 374,77 403,45 1,00 1,00 258122 1
318 374,77 374,77 403,12 1,00 1,00 258667 1
319 374,77 374,77 403,41 1,00 1,00 259142 1
320 374,77 374,77 402,36 1,00 1,00 259646 1
321 374,77 374,77 404,57 1,00 1,00 260162 1
322 374,77 374,77 403,12 1,00 1,00 260676 1
323 374,77 374,77 404,48 1,00 1,00 261138 1
324 374,77 374,77 404,85 1,00 1,00 261651 1
325 374,77 374,77 403,77 1,00 1,00 262097 1
326 374,77 374,77 402,54 1,00 1,00 262489 1
327 374,77 374,77 403,23 1,00 1,00 262843 1
328 374,77 374,77 404,05 1,00 1,00 263159 1
329 374,77 374,77 404,19 1,00 1,00 263421 1
330 374,77 374,77 404,62 1,00 1,00 263619 1
331 374,77 374,77 404,63 1,00 1,00 263843 1
332 374,77 374,77 404,99 1,00 1,00 264118 1
333 374,77 374,77 404,90 1,00 1,00 264399 1
334 374,77 374,77 405,20 1,00 1,00 264633 1
335 374,77 374,77 405,20 1,00 1,00 264897 1
336 374,77 374,77 405,05 1,00 1,00 265071 1
337 374,77 374,77 404,86 1,00 1,00 265325 1
338 374,77 374,77 405,19 1,00 1,00 265624 1
339 374,77 374,77 405,23 1,00 1,00 265881 1
340 374,77 374,77 404,91 1,00 1,00 266159 1
341 374,77 374,77 404,93 1,00 1,00 266407 1
342 374,77 374,77 405,10 1,00 1,00 266608 1
343 374,77 374,77 404,92 1,00 1,00 266826 1
344 374,77 374,77 404,86 1,00 1,00 267021 1
345 374,77 374,77 404,81 1,00 1,00 267267 1
346 374,77 374,77 404,87 1,00 1,00 267522 1
347 374,77 374,77 404,81 1,00 1,00 267800 1
348 374,77 374,77 404,82 1,00 1,00 267983 1
349 374,77 374,77 404,94 1,00 1,00 268149 1
350 374,77 374,77 404,65 1,00 1,00 268298 1
351 374,77 374,77 404,98 1,00 1,00 268420 1
352 374,77 374,77 404,81 1,00 1,00 268528 1
353 374,77 374,77 404,78 1,00 1,00 268604 1
354 374,77 374,77 404,63 1,00 1,00 268675 1
355 374,77 374,77 404,59 1,00 1,00 268771 1
356 374,77 374,77 404,40 1,00 1,00 268866 1
357 374,77 374,77 404,27 1,00 1,00 268992 1
358 374,77 374,77 404,49 1,00 1,00 269085 1
359 374,77 374,77 404,40 1,00 1,00 269183 1
360 374,77 374,77 404,36 1,00 1,00 269292 1
361 374,77 374,77 404,59 1,00 1,00 269492 1
362 374,77 374,77 404,42 1,00 1,00 269676 1
363 374,77 374,77 404,52 1,00 1,00 269862 1
364 374,77 374,77 404,56 1,00 1,00 270024 1
365 374,77 374,77 404,22 1,00 1,00 270194 1
366 374,77 374,77 404,50 1,00 1,00 270340 1
367 374,77 374,77 404,30 1,00 1,00 270507 1
368 374,77 374,77 404,50 1,00 1,00 270654 1
369 374,77 374,77 404,56 1,00 1,00 270777 1
370 374,77 374,77 404,53 1,00 1,00 270904 1
371 374,77 374,77 404,50 1,00 1,00 271036 1
372 374,77 374,77 404,40 1,00 1,00 271172 1
373 374,77 374,77 404,54 1,00 1,00 271283 1
374 374,77 374,77 404,56 1,00 1,00 271382 1
375 374,77 374,77 404,55 1,00 1,00 271457 1
376 374,77 374,77 404,52 1,00 1,00 271539 1
377 374,77 374,77 404,47 1,00 1,00 271646 1
378 374,77 374,77 404,55 1,00 1,00 271773 1
379 374,77 374,77 404,59 1,00 1,00 271893 1
380 374,77 374,77 404,49 1,00 1,00 272037 1
381 374,77 374,77 404,50 1,00 1,00 272202 1
382 374,77 374,77 404,45 1,00 1,00 272338 1
383 374,77 374,77 404,45 1,00 1,00 272459 1
384 374,77 374,77 404,42 1,00 1,00 272592 1
385 374,77 374,77 404,45 1,00 1,00 272715 1
386 374,77 374,77 404,50 1,00 1,00 272819 1
387 374,77 374,77 404,56 1,00 1,00 272909 1
388 374,77 374,77 404,56 1,00 1,00 272984 1
389 374,77 374,77 404,54 1,00 1,00 273060 1
390 374,77 374,77 404,54 1,00 1,00 273130 1
391 374,77 374,77 404,54 1,00 1,00 273200 1
392 374,77 374,77 404,55 1,00 1,00 273255 1
393 374,77 374,77 404,53 1,00 1,00 273325 1
394 374,77 374,77 404,56 1,00 1,00 273396 1
395 374,77 374,77 404,56 1,00 1,00 273468 1
396 374,77 374,77 404,55 1,00 1,00 273534 1
397 374,77 374,77 404,55 1,00 1,00 273607 1
398 374,77 374,77 404,55 1,00 1,00 273669 1
399 374,77 374,77 404,55 1,00 1,00 273741 1
400 374,77 374,77 404,55 1,00 1,00 273814 1
401 374,77 374,77 404,55 1,00 1,00 273888 1
402 374,77 374,77 404,54 1,00 1,00 273977 1
403 374,77 374,77 404,54 1,00 1,00 274059 1
404 374,77 374,77 404,54 1,00 1,00 274169 1
405 374,77 374,77 404,55 1,00 1,00 274272 1
406 374,77 374,77 404,51 1,00 1,00 274391 1
407 374,77 374,77 404,50 1,00 1,00 274514 1
408 374,77 374,77 404,55 1,00 1,00 274605 1
409 374,77 374,77 404,52 1,00 1,00 274690 1
410 374,77 374,77 404,51 1,00 1,00 274777 1
411 374,77 374,77 404,52 1,00 1,00 274881 1
412 374,77 374,77 404,55 1,00 1,00 274988 1
413 374,77 374,77 404,52 1,00 1,00 275096 1
414 374,77 374,77 404,51 1,00 1,00 275203 1
415 374,77 374,77 404,49 1,00 1,00 275294 1
416 374,77 374,77 404,49 1,00 1,00 275366 1
417 374,77 374,77 404,46 1,00 1,00 275439 1
418 374,77 374,77 404,46 1,00 1,00 275506 1
419 374,77 374,77 404,47 1,00 1,00 275568 1
420 374,77 374,77 404,45 1,00 1,00 275608 1
421 374,77 374,77 404,44 1,00 1,00 275655 1
422 374,77 374,77 404,43 1,00 1,00 275694 1
423 374,77 374,77 404,46 1,00 1,00 275738 1
424 374,77 374,77 404,50 1,00 1,00 275786 1
425 374,77 374,77 404,51 1,00 1,00 275834 1
426 374,77 374,77 404,54 1,00 1,00 275905 1
427 374,77 374,77 404,50 1,00 1,00 275978 1
428 374,77 374,77 404,51 1,00 1,00 276040 1
429 374,77 374,77 404,52 1,00 1,00 276089 1
430 374,77 374,77 404,53 1,00 1,00 276136 1
431 374,77 374,77 404,52 1,00 1,00 276202 1
432 374,77 374,77 404,52 1,00 1,00 276263 1
433 374,77 374,77 404,52 1,00 1,00 276339 1
434 374,77 374,77 404,51 1,00 1,00 276430 1
435 374,77 374,77 404,49 1,00 1,00 276471 1
436 374,77 374,77 404,53 1,00 1,00 276551 1
437 374,77 374,77 404,51 1,00 1,00 276623 1
438 374,77 374,77 404,54 1,00 1,00 276703 1
439 374,77 374,77 404,52 1,00 1,00 276776 1
440 374,77 374,77 404,53 1,00 1,00 276831 1
441 374,77 374,77 404,54 1,00 1,00 276912 1
442 374,77 374,77 404,55 1,00 1,00 276981 1
443 374,77 374,77 404,53 1,00 1,00 277029 1
444 374,77 374,77 404,55 1,00 1,00 277094 1
445 374,77 374,77 404,55 1,00 1,00 277155 1
446 374,77 374,77 404,55 1,00 1,00 277209 1
447 374,77 374,77 404,54 1,00 1,00 277276 1
448 374,77 374,77 404,54 1,00 1,00 277346 1
449 374,77 374,77 404,54 1,00 1,00 277419 1
450 374,77 374,77 404,53 1,00 1,00 277480 1
451 374,77 374,77 404,54 1,00 1,00 277546 1
452 374,77 374,77 404,54 1,00 1,00 277633 1
453 374,77 374,77 404,53 1,00 1,00 277699 1
454 374,77 374,77 404,54 1,00 1,00 277753 1
455 374,77 374,77 404,54 1,00 1,00 277794 1
456 374,77 374,77 404,54 1,00 1,00 277831 1
457 374,77 374,77 404,54 1,00 1,00 277866 1
458 374,77 374,77 404,54 1,00 1,00 277907 1
459 374,77 374,77 404,54 1,00 1,00 277956 1
460 374,77 374,77 404,55 1,00 1,00 278010 1
461 374,77 374,77 404,55 1,00 1,00 278052 1
462 374,77 374,77 404,55 1,00 1,00 278092 1
463 374,77 374,77 404,55 1,00 1,00 278136 1
464 374,77 374,77 404,55 1,00 1,00 278171 1
465 374,77 374,77 404,55 1,00 1,00 278215 1
466 374,77 374,77 404,55 1,00 1,00 278256 1
467 374,77 374,77 404,54 1,00 1,00 278310 1
468 374,77 374,77 404,55 1,00 1,00 278372 1
469 374,77 374,77 404,54 1,00 1,00 278422 1
470 374,77 374,77 404,54 1,00 1,00 278480 1
471 374,77 374,77 404,53 1,00 1,00 278532 1
472 374,77 374,77 404,53 1,00 1,00 278583 1
473 374,77 374,77 404,53 1,00 1,00 278628 1
474 374,77 374,77 404,54 1,00 1,00 278661 1
475 374,77 374,77 404,53 1,00 1,00 278697 1
476 374,77 374,77 404,53 1,00 1,00 278747 1
477 374,77 374,77 404,54 1,00 1,00 278809 1
478 374,77 374,77 404,54 1,00 1,00 278860 1
479 374,77 374,77 404,54 1,00 1,00 278924 1
480 374,77 374,77 404,53 1,00 1,00 278971 1
481 374,77 374,77 404,54 1,00 1,00 279018 1
482 374,77 374,77 404,53 1,00 1,00 279043 1
483 374,77 374,77 404,54 1,00 1,00 279071 1
484 374,77 374,77 404,54 1,00 1,00 279098 1
485 374,77 374,77 404,55 1,00 1,00 279123 1
486 374,77 374,77 404,55 1,00 1,00 279191 1
487 374,77 374,77 404,55 1,00 1,00 279255 1
488 374,77 374,77 404,55 1,00 1,00 279281 1
489 374,77 374,77 404,56 1,00 1,00 279305 1
490 374,77 374,77 404,55 1,00 1,00 279344 1
491 374,77 374,77 404,55 1,00 1,00 279378 1
492 374,77 374,77 404,55 1,00 1,00 279421 1
493 374,77 374,77 404,55 1,00 1,00 279458 1
494 374,77 374,77 404,56 1,00 1,00 279509 1
495 374,77 374,77 404,56 1,00 1,00 279558 1
496 374,77 374,77 404,55 1,00 1,00 279608 1
497 374,77 374,77 404,54 1,00 1,00 279665 1
498 374,77 374,77 404,54 1,00 1,00 279720 1
499 374,77 374,77 404,54 1,00 1,00 279792 1
