1000
0 201,72 201,72 201,72 1,00 28,00 0
1 201,72 28,82 28,82 1,00 23,00 1235
2 201,72 5,45 2,92 1,00 37,00 1774
3 201,72 5,60 3,12 1,00 52,00 1865
4 201,72 2,97 1,66 1,00 68,00 1875
5 201,72 2,97 1,66 1,00 84,00 1879
6 201,72 2,97 1,66 1,00 100,00 1881
7 201,72 2,97 1,66 1,00 116,00 1881
8 201,72 2,97 1,66 1,00 132,00 1881
9 201,72 1,36 0,76 1,00 148,00 1881
10 201,72 1,36 0,76 1,00 164,00 1881
11 201,72 1,36 0,76 1,00 180,00 1881
12 201,72 1,36 0,76 1,00 196,00 1881
13 201,72 1,36 0,76 1,00 212,00 1881
14 201,72 1,36 0,76 1,00 228,00 1881
15 201,72 1,36 0,76 1,00 244,00 1881
16 201,72 1,36 0,76 1,00 260,00 1881
17 201,72 1,36 0,76 1,00 276,00 1881
18 201,72 1,36 0,76 1,00 292,00 1881
19 201,72 1,36 0,76 1,00 308,00 1881
20 201,72 1,36 0,76 1,00 324,00 1881
21 201,72 1,36 0,76 1,00 340,00 1881
22 201,72 1,36 0,76 1,00 356,00 1881
23 201,72 0,54 0,30 1,00 372,00 1881
24 201,72 0,54 0,30 1,00 388,00 1881
25 201,72 0,54 0,30 1,00 404,00 1881
26 201,72 0,54 0,30 1,00 420,00 1881
27 201,72 0,54 0,30 1,00 436,00 1881
28 201,72 0,54 0,30 1,00 452,00 1881
29 201,72 0,54 0,30 1,00 468,00 1881
30 201,72 0,54 0,30 99,00 484,00 1881
31 201,72 41,35 23,18 99,00 499,00 2704
32 201,72 40,10 33,05 99,00 514,00 3431
33 201,72 40,10 27,32 99,00 530,00 3821
34 201,72 40,10 29,24 99,00 546,00 4072
35 201,72 40,10 31,57 99,00 562,00 4286
36 201,72 40,10 29,34 99,00 578,00 4405
37 201,72 40,10 30,60 99,00 594,00 4558
38 201,72 40,10 30,07 99,00 610,00 4625
39 201,72 40,10 29,65 99,00 626,00 4666
40 201,72 40,10 29,20 99,00 642,00 4711
41 201,72 40,10 29,59 99,00 658,00 4762
42 201,72 40,10 29,50 99,00 674,00 4795
43 201,72 40,10 28,74 99,00 690,00 4831
44 201,72 40,10 29,42 99,00 706,00 4863
45 201,72 40,10 29,43 99,00 722,00 4893
46 201,72 40,10 29,43 99,00 738,00 4918
47 201,72 40,10 29,46 99,00 754,00 4938
48 201,72 40,10 29,45 99,00 770,00 4953
49 201,72 40,10 29,45 99,00 786,00 4969
50 201,72 40,10 29,46 99,00 802,00 4978
51 201,72 24,41 17,94 99,00 818,00 4991
52 201,72 24,41 17,94 99,00 834,00 5006
53 201,72 23,49 17,26 99,00 850,00 5016
54 201,72 23,49 17,26 99,00 866,00 5027
55 201,72 23,49 17,26 99,00 882,00 5033
56 201,72 23,49 17,26 99,00 898,00 5043
57 201,72 23,49 17,26 99,00 914,00 5047
58 201,72 23,49 17,26 99,00 930,00 5055
59 201,72 23,49 17,26 99,00 946,00 5061
60 201,72 20,76 15,25 13,00 962,00 5068
61 201,72 20,76 15,25 13,00 978,00 5076
62 201,72 20,76 15,25 13,00 994,00 5097
63 201,72 20,76 15,25 13,00 1.010,00 5110
64 201,72 20,76 15,25 13,00 1.026,00 5114
65 201,72 20,76 15,25 13,00 1.042,00 5115
66 201,72 20,76 15,25 13,00 1.058,00 5118
67 201,72 20,76 15,25 13,00 1.074,00 5123
68 201,72 20,76 15,25 13,00 1.090,00 5124
69 201,72 20,76 15,25 13,00 1.106,00 5125
70 201,72 20,76 15,25 13,00 1.122,00 5125
71 201,72 20,76 15,25 13,00 1.138,00 5125
72 201,72 20,76 15,25 13,00 1.154,00 5125
73 201,72 20,76 15,25 13,00 1.170,00 5125
74 201,72 20,76 15,25 13,00 1.186,00 5126
75 201,72 20,76 15,25 13,00 1.202,00 5126
76 201,72 20,76 15,25 13,00 1.218,00 5126
77 201,72 20,76 15,25 13,00 1.234,00 5126
78 201,72 20,76 15,25 13,00 1.250,00 5127
79 201,72 20,76 15,25 13,00 1.266,00 5128
80 201,72 20,76 15,25 13,00 1.282,00 5128
81 201,72 20,76 15,25 13,00 1.298,00 5128
82 201,72 20,76 15,25 13,00 1.314,00 5128
83 201,72 20,76 15,25 13,00 1.330,00 5128
84 201,72 1,95 1,43 13,00 1.346,00 5128
85 201,72 1,95 1,43 13,00 1.362,00 5128
86 201,72 1,95 1,43 13,00 1.378,00 5128
87 201,72 1,95 1,43 13,00 1.394,00 5128
88 201,72 1,95 1,43 13,00 1.410,00 5129
89 201,72 1,84 1,35 13,00 1.426,00 5133
90 201,72 1,84 1,35 103,00 1.442,00 5133
91 201,72 1,84 1,35 103,00 1.458,00 5240
92 201,72 14,10 10,36 103,00 1.474,00 5280
93 201,72 14,10 10,35 103,00 1.490,00 5298
94 201,72 14,10 10,36 103,00 1.506,00 5308
95 201,72 13,65 10,03 103,00 1.522,00 5318
96 201,72 13,65 10,03 103,00 1.538,00 5327
97 201,72 13,65 10,03 103,00 1.554,00 5336
98 201,72 13,65 10,03 103,00 1.570,00 5340
99 201,72 13,10 9,62 103,00 1.586,00 5347
100 201,72 13,10 9,62 103,00 1.602,00 5351
101 201,72 13,10 9,62 103,00 1.618,00 5353
102 201,72 13,10 9,62 103,00 1.634,00 5354
103 201,72 13,10 9,62 103,00 1.650,00 5357
104 201,72 13,10 9,62 103,00 1.666,00 5357
105 201,72 13,10 9,62 103,00 1.682,00 5357
106 201,72 13,10 9,62 103,00 1.698,00 5357
107 201,72 13,10 9,62 103,00 1.714,00 5357
108 201,72 13,10 9,62 103,00 1.730,00 5357
109 201,72 13,10 9,62 103,00 1.746,00 5359
110 201,72 11,79 8,66 103,00 1.762,00 5359
111 201,72 11,79 8,66 103,00 1.778,00 5360
112 201,72 11,79 8,66 103,00 1.794,00 5362
113 201,72 11,79 8,66 103,00 1.810,00 5364
114 201,72 11,79 8,66 103,00 1.826,00 5366
115 201,72 11,79 8,66 103,00 1.842,00 5366
116 201,72 11,79 8,66 103,00 1.858,00 5366
117 201,72 11,79 8,66 103,00 1.874,00 5366
118 201,72 11,79 8,66 103,00 1.890,00 5367
119 201,72 11,79 8,66 103,00 1.906,00 5368
120 201,72 11,79 8,66 14,00 1.922,00 5368
121 201,72 1,46 1,07 14,00 1.938,00 5378
122 201,72 1,46 1,07 14,00 1.954,00 5387
123 201,72 1,46 1,07 14,00 1.970,00 5391
124 201,72 1,46 1,07 14,00 1.986,00 5392
125 201,72 1,46 1,07 14,00 2.002,00 5392
126 201,72 1,46 1,07 14,00 2.018,00 5392
127 201,72 1,46 1,07 14,00 2.034,00 5392
128 201,72 1,46 1,07 14,00 2.050,00 5392
129 201,72 1,46 1,07 14,00 2.066,00 5392
130 201,72 1,46 1,07 14,00 2.082,00 5392
131 201,72 1,46 1,07 14,00 2.098,00 5392
132 201,72 1,46 1,07 14,00 2.114,00 5392
133 201,72 1,46 1,07 14,00 2.130,00 5392
134 201,72 1,46 1,07 14,00 2.146,00 5392
135 201,72 1,46 1,07 14,00 2.162,00 5392
136 201,72 1,46 1,07 14,00 2.178,00 5392
137 201,72 1,46 1,07 14,00 2.194,00 5392
138 201,72 1,46 1,07 14,00 2.210,00 5392
139 201,72 1,46 1,07 14,00 2.226,00 5392
140 201,72 1,46 1,07 14,00 2.242,00 5397
141 201,72 1,25 0,92 14,00 2.258,00 5398
142 201,72 1,25 0,92 14,00 2.274,00 5398
143 201,72 1,25 0,92 14,00 2.290,00 5398
144 201,72 1,25 0,92 14,00 2.306,00 5398
145 201,72 1,25 0,92 14,00 2.322,00 5398
146 201,72 1,25 0,92 14,00 2.338,00 5398
147 201,72 1,25 0,92 14,00 2.354,00 5398
148 201,72 1,25 0,92 14,00 2.370,00 5398
149 201,72 1,25 0,92 14,00 2.386,00 5398
150 201,72 1,25 0,92 100,00 2.402,00 5398
151 201,72 1,25 0,92 100,00 2.418,00 5443
152 201,72 8,29 6,09 100,00 2.434,00 5461
153 201,72 8,29 6,09 100,00 2.450,00 5469
154 201,72 8,29 6,09 100,00 2.466,00 5476
155 201,72 8,29 6,09 100,00 2.482,00 5480
156 201,72 8,29 6,09 100,00 2.498,00 5482
157 201,72 8,29 6,09 100,00 2.514,00 5482
158 201,72 8,29 6,09 100,00 2.530,00 5492
159 201,72 8,29 6,09 100,00 2.546,00 5501
160 201,72 8,29 6,09 100,00 2.562,00 5510
161 201,72 8,29 6,09 100,00 2.578,00 5520
162 201,72 8,29 6,09 100,00 2.594,00 5532
163 201,72 7,73 5,68 100,00 2.610,00 5544
164 201,72 7,73 5,68 100,00 2.626,00 5553
165 201,72 7,73 5,68 100,00 2.642,00 5560
166 201,72 7,73 5,68 100,00 2.658,00 5566
167 201,72 7,73 5,68 100,00 2.674,00 5570
168 201,72 7,50 5,51 100,00 2.690,00 5573
169 201,72 7,45 5,48 100,00 2.706,00 5575
170 201,72 7,45 5,48 100,00 2.722,00 5576
171 201,72 7,45 5,48 100,00 2.738,00 5577
172 201,72 7,45 5,48 100,00 2.754,00 5578
173 201,72 7,45 5,48 100,00 2.770,00 5579
174 201,72 7,45 5,48 100,00 2.786,00 5580
175 201,72 7,45 5,48 100,00 2.802,00 5582
176 201,72 7,16 5,26 100,00 2.818,00 5583
177 201,72 7,16 5,26 100,00 2.834,00 5584
178 201,72 7,16 5,26 100,00 2.850,00 5587
179 201,72 7,16 5,26 100,00 2.866,00 5589
180 201,72 7,16 5,26 30,00 2.882,00 5591
181 201,72 7,16 5,26 30,00 2.898,00 5600
182 201,72 7,16 5,26 30,00 2.914,00 5601
183 201,72 7,16 5,26 30,00 2.930,00 5602
184 201,72 7,16 5,26 30,00 2.946,00 5602
185 201,72 7,16 5,26 30,00 2.962,00 5602
186 201,72 7,16 5,26 30,00 2.978,00 5602
187 201,72 7,16 5,26 30,00 2.994,00 5602
188 201,72 7,16 5,26 30,00 3.010,00 5602
189 201,72 7,16 5,26 30,00 3.026,00 5602
190 201,72 7,16 5,26 30,00 3.042,00 5602
191 201,72 7,16 5,26 30,00 3.058,00 5604
192 201,72 7,16 5,26 30,00 3.074,00 5606
193 201,72 7,16 5,26 30,00 3.090,00 5607
194 201,72 7,16 5,26 30,00 3.106,00 5611
195 201,72 7,16 5,26 30,00 3.122,00 5613
196 201,72 7,16 5,26 30,00 3.138,00 5613
197 201,72 7,16 5,26 30,00 3.154,00 5613
198 201,72 7,16 5,26 30,00 3.170,00 5613
199 201,72 7,16 5,26 30,00 3.186,00 5613
200 201,72 7,16 5,26 30,00 3.202,00 5613
201 201,72 7,16 5,26 30,00 3.218,00 5613
202 201,72 7,16 5,26 30,00 3.234,00 5613
203 201,72 7,16 5,26 30,00 3.250,00 5613
204 201,72 1,85 1,36 30,00 3.266,00 5613
205 201,72 1,85 1,36 30,00 3.282,00 5613
206 201,72 1,85 1,36 30,00 3.298,00 5613
207 201,72 1,85 1,36 30,00 3.314,00 5613
208 201,72 1,82 1,34 30,00 3.330,00 5614
209 201,72 1,82 1,34 30,00 3.346,00 5616
210 201,72 1,82 1,34 76,00 3.362,00 5616
211 201,72 1,82 1,34 76,00 3.378,00 5655
212 201,72 4,52 3,32 76,00 3.394,00 5665
213 201,72 4,50 3,30 76,00 3.410,00 5671
214 201,72 4,50 3,30 76,00 3.426,00 5671
215 201,72 4,50 3,30 76,00 3.442,00 5671
216 201,72 4,50 3,30 76,00 3.458,00 5671
217 201,72 4,50 3,30 76,00 3.474,00 5671
218 201,72 4,50 3,30 76,00 3.490,00 5671
219 201,72 4,50 3,30 76,00 3.506,00 5671
220 201,72 4,50 3,30 76,00 3.522,00 5671
221 201,72 4,50 3,30 76,00 3.538,00 5671
222 201,72 4,50 3,30 76,00 3.554,00 5671
223 201,72 4,50 3,30 76,00 3.570,00 5671
224 201,72 4,50 3,30 76,00 3.586,00 5671
225 201,72 4,50 3,30 76,00 3.602,00 5671
226 201,72 4,50 3,30 76,00 3.618,00 5671
227 201,72 4,50 3,30 76,00 3.634,00 5671
228 201,72 4,50 3,30 76,00 3.650,00 5671
229 201,72 4,50 3,30 76,00 3.666,00 5671
230 201,72 4,16 3,06 76,00 3.682,00 5671
231 201,72 4,16 3,06 76,00 3.698,00 5671
232 201,72 4,16 3,06 76,00 3.714,00 5671
233 201,72 4,16 3,06 76,00 3.730,00 5671
234 201,72 4,16 3,06 76,00 3.746,00 5671
235 201,72 4,16 3,06 76,00 3.762,00 5671
236 201,72 4,16 3,06 76,00 3.778,00 5671
237 201,72 4,16 3,06 76,00 3.794,00 5671
238 201,72 4,16 3,06 76,00 3.810,00 5671
239 201,72 4,16 3,06 76,00 3.826,00 5671
240 201,72 3,99 2,93 40,00 3.842,00 5671
241 201,72 3,99 2,93 40,00 3.858,00 5686
242 201,72 3,99 2,93 40,00 3.874,00 5686
243 201,72 2,07 1,52 40,00 3.890,00 5687
244 201,72 2,07 1,52 40,00 3.906,00 5688
245 201,72 2,07 1,52 40,00 3.922,00 5688
246 201,72 2,07 1,52 40,00 3.938,00 5688
247 201,72 2,07 1,52 40,00 3.954,00 5688
248 201,72 2,07 1,52 40,00 3.970,00 5688
249 201,72 2,07 1,52 40,00 3.986,00 5691
250 201,72 2,07 1,52 40,00 4.002,00 5693
251 201,72 2,07 1,52 40,00 4.018,00 5693
252 201,72 2,07 1,52 40,00 4.034,00 5693
253 201,72 2,07 1,52 40,00 4.050,00 5694
254 201,72 2,07 1,52 40,00 4.066,00 5694
255 201,72 2,07 1,52 40,00 4.082,00 5694
256 201,72 2,07 1,52 40,00 4.098,00 5694
257 201,72 2,07 1,52 40,00 4.114,00 5694
258 201,72 2,07 1,52 40,00 4.130,00 5694
259 201,72 2,07 1,52 40,00 4.146,00 5694
260 201,72 2,07 1,52 40,00 4.162,00 5694
261 201,72 2,07 1,52 40,00 4.178,00 5694
262 201,72 1,92 1,41 40,00 4.194,00 5694
263 201,72 1,92 1,41 40,00 4.210,00 5694
264 201,72 1,92 1,41 40,00 4.226,00 5694
265 201,72 1,92 1,41 40,00 4.242,00 5694
266 201,72 1,92 1,41 40,00 4.258,00 5694
267 201,72 1,92 1,41 40,00 4.274,00 5694
268 201,72 1,88 1,38 40,00 4.290,00 5694
269 201,72 1,88 1,38 40,00 4.306,00 5694
270 201,72 1,88 1,38 77,00 4.322,00 5694
271 201,72 1,88 1,38 77,00 4.338,00 5724
272 201,72 1,88 1,38 77,00 4.354,00 5736
273 201,72 1,88 1,38 77,00 4.370,00 5742
274 201,72 1,88 1,38 77,00 4.386,00 5742
275 201,72 1,88 1,38 77,00 4.402,00 5742
276 201,72 1,88 1,38 77,00 4.418,00 5742
277 201,72 1,88 1,38 77,00 4.434,00 5742
278 201,72 3,49 2,56 77,00 4.450,00 5742
279 201,72 3,49 2,56 77,00 4.466,00 5742
280 201,72 3,49 2,56 77,00 4.482,00 5742
281 201,72 3,49 2,56 77,00 4.498,00 5742
282 201,72 3,49 2,56 77,00 4.514,00 5742
283 201,72 3,49 2,56 77,00 4.530,00 5742
284 201,72 3,49 2,56 77,00 4.546,00 5742
285 201,72 3,49 2,56 77,00 4.562,00 5742
286 201,72 3,49 2,56 77,00 4.578,00 5742
287 201,72 3,49 2,56 77,00 4.594,00 5742
288 201,72 3,49 2,56 77,00 4.610,00 5742
289 201,72 3,49 2,56 77,00 4.626,00 5742
290 201,72 3,49 2,56 77,00 4.642,00 5742
291 201,72 3,49 2,56 77,00 4.658,00 5742
292 201,72 3,49 2,56 77,00 4.674,00 5742
293 201,72 3,49 2,56 77,00 4.690,00 5742
294 201,72 3,49 2,56 77,00 4.706,00 5742
295 201,72 3,49 2,56 77,00 4.722,00 5742
296 201,72 3,49 2,56 77,00 4.738,00 5742
297 201,72 3,49 2,56 77,00 4.754,00 5742
298 201,72 3,49 2,56 77,00 4.770,00 5742
299 201,72 3,49 2,56 77,00 4.786,00 5742
300 201,72 3,49 2,56 42,00 4.802,00 5742
301 201,72 3,49 2,56 42,00 4.818,00 5752
302 201,72 3,49 2,56 42,00 4.834,00 5752
303 201,72 3,49 2,56 42,00 4.850,00 5752
304 201,72 3,49 2,56 42,00 4.866,00 5752
305 201,72 3,49 2,56 42,00 4.882,00 5752
306 201,72 3,49 2,56 42,00 4.898,00 5762
307 201,72 3,49 2,56 42,00 4.914,00 5773
308 201,72 3,49 2,56 42,00 4.930,00 5778
309 201,72 1,71 1,26 42,00 4.946,00 5780
310 201,72 1,71 1,26 42,00 4.962,00 5780
311 201,72 1,71 1,26 42,00 4.978,00 5780
312 201,72 1,71 1,26 42,00 4.994,00 5780
313 201,72 1,71 1,26 42,00 5.010,00 5782
314 201,72 1,71 1,26 42,00 5.026,00 5783
315 201,72 1,71 1,26 42,00 5.042,00 5783
316 201,72 1,71 1,26 42,00 5.058,00 5783
317 201,72 1,71 1,26 42,00 5.074,00 5783
318 201,72 1,71 1,26 42,00 5.090,00 5783
319 201,72 1,71 1,26 42,00 5.106,00 5783
320 201,72 1,71 1,26 42,00 5.122,00 5783
321 201,72 1,71 1,26 42,00 5.138,00 5783
322 201,72 1,64 1,21 42,00 5.154,00 5783
323 201,72 1,64 1,20 42,00 5.170,00 5783
324 201,72 1,64 1,20 42,00 5.186,00 5783
325 201,72 1,64 1,20 42,00 5.202,00 5783
326 201,72 1,64 1,20 42,00 5.218,00 5783
327 201,72 1,64 1,20 42,00 5.234,00 5783
328 201,72 1,64 1,20 42,00 5.250,00 5783
329 201,72 1,61 1,18 42,00 5.266,00 5783
330 201,72 1,61 1,18 75,00 5.282,00 5783
331 201,72 1,61 1,18 75,00 5.298,00 5809
332 201,72 2,85 2,09 75,00 5.314,00 5815
333 201,72 2,85 2,09 75,00 5.330,00 5818
334 201,72 2,85 2,09 75,00 5.346,00 5819
335 201,72 2,85 2,09 75,00 5.362,00 5820
336 201,72 2,85 2,09 75,00 5.378,00 5820
337 201,72 2,85 2,09 75,00 5.394,00 5820
338 201,72 2,85 2,09 75,00 5.410,00 5820
339 201,72 2,79 2,05 75,00 5.426,00 5820
340 201,72 2,78 2,04 75,00 5.442,00 5820
341 201,72 2,78 2,04 75,00 5.458,00 5820
342 201,72 2,78 2,04 75,00 5.474,00 5820
343 201,72 2,78 2,04 75,00 5.490,00 5820
344 201,72 2,78 2,04 75,00 5.506,00 5820
345 201,72 2,78 2,04 75,00 5.522,00 5820
346 201,72 2,78 2,04 75,00 5.538,00 5820
347 201,72 2,72 2,00 75,00 5.554,00 5820
348 201,72 2,72 2,00 75,00 5.570,00 5820
349 201,72 2,72 2,00 75,00 5.586,00 5820
350 201,72 2,72 2,00 75,00 5.602,00 5820
351 201,72 2,72 2,00 75,00 5.618,00 5820
352 201,72 2,72 2,00 75,00 5.634,00 5820
353 201,72 2,68 1,97 75,00 5.650,00 5820
354 201,72 2,68 1,97 75,00 5.666,00 5820
355 201,72 2,66 1,96 75,00 5.682,00 5820
356 201,72 2,66 1,96 75,00 5.698,00 5820
357 201,72 2,66 1,96 75,00 5.714,00 5820
358 201,72 2,66 1,96 75,00 5.730,00 5820
359 201,72 2,66 1,96 75,00 5.746,00 5820
360 201,72 2,66 1,96 57,00 5.762,00 5820
361 201,72 2,66 1,96 57,00 5.778,00 5827
362 201,72 2,66 1,96 57,00 5.794,00 5827
363 201,72 2,66 1,96 57,00 5.810,00 5827
364 201,72 2,66 1,96 57,00 5.826,00 5827
365 201,72 2,66 1,96 57,00 5.842,00 5827
366 201,72 2,66 1,96 57,00 5.858,00 5827
367 201,72 1,96 1,44 57,00 5.874,00 5827
368 201,72 1,96 1,44 57,00 5.890,00 5827
369 201,72 1,96 1,44 57,00 5.906,00 5827
370 201,72 1,96 1,44 57,00 5.922,00 5827
371 201,72 1,94 1,42 57,00 5.938,00 5827
372 201,72 1,94 1,42 57,00 5.954,00 5827
373 201,72 1,94 1,42 57,00 5.970,00 5827
374 201,72 1,92 1,41 57,00 5.986,00 5827
375 201,72 1,92 1,41 57,00 6.002,00 5827
376 201,72 1,92 1,41 57,00 6.018,00 5827
377 201,72 1,91 1,40 57,00 6.034,00 5827
378 201,72 1,91 1,40 57,00 6.050,00 5827
379 201,72 1,91 1,40 57,00 6.066,00 5827
380 201,72 1,91 1,40 57,00 6.082,00 5827
381 201,72 1,91 1,40 57,00 6.098,00 5827
382 201,72 1,91 1,40 57,00 6.114,00 5827
383 201,72 1,91 1,40 57,00 6.130,00 5833
384 201,72 1,91 1,40 57,00 6.146,00 5833
385 201,72 1,91 1,40 57,00 6.162,00 5833
386 201,72 1,91 1,40 57,00 6.178,00 5833
387 201,72 1,91 1,40 57,00 6.194,00 5833
388 201,72 1,91 1,40 57,00 6.210,00 5833
389 201,72 1,91 1,40 57,00 6.226,00 5833
390 201,72 1,91 1,40 72,00 6.242,00 5833
391 201,72 1,91 1,40 72,00 6.258,00 5854
392 201,72 1,91 1,40 72,00 6.274,00 5858
393 201,72 1,91 1,40 72,00 6.290,00 5861
394 201,72 1,91 1,40 72,00 6.306,00 5861
395 201,72 1,91 1,40 72,00 6.322,00 5861
396 201,72 1,91 1,40 72,00 6.338,00 5861
397 201,72 1,91 1,40 72,00 6.354,00 5861
398 201,72 1,91 1,40 72,00 6.370,00 5861
399 201,72 1,91 1,40 72,00 6.386,00 5861
400 201,72 2,27 1,67 72,00 6.402,00 5861
401 201,72 2,27 1,67 72,00 6.418,00 5865
402 201,72 2,27 1,67 72,00 6.434,00 5866
403 201,72 2,27 1,67 72,00 6.450,00 5866
404 201,72 2,27 1,67 72,00 6.466,00 5866
405 201,72 2,27 1,67 72,00 6.482,00 5866
406 201,72 2,27 1,67 72,00 6.498,00 5866
407 201,72 2,27 1,67 72,00 6.514,00 5866
408 201,72 2,27 1,67 72,00 6.530,00 5866
409 201,72 2,27 1,67 72,00 6.546,00 5866
410 201,72 2,27 1,67 72,00 6.562,00 5866
411 201,72 2,27 1,67 72,00 6.578,00 5866
412 201,72 2,27 1,67 72,00 6.594,00 5866
413 201,72 2,27 1,67 72,00 6.610,00 5866
414 201,72 2,27 1,67 72,00 6.626,00 5866
415 201,72 2,27 1,67 72,00 6.642,00 5866
416 201,72 2,27 1,67 72,00 6.658,00 5866
417 201,72 2,18 1,60 72,00 6.674,00 5866
418 201,72 2,18 1,60 72,00 6.690,00 5866
419 201,72 2,18 1,60 72,00 6.706,00 5866
420 201,72 2,18 1,60 68,00 6.722,00 5866
421 201,72 2,18 1,60 68,00 6.738,00 5875
422 201,72 2,18 1,60 68,00 6.754,00 5878
423 201,72 2,18 1,60 68,00 6.770,00 5879
424 201,72 2,18 1,60 68,00 6.786,00 5879
425 201,72 2,18 1,60 68,00 6.802,00 5879
426 201,72 2,18 1,60 68,00 6.818,00 5879
427 201,72 2,01 1,47 68,00 6.834,00 5879
428 201,72 2,01 1,47 68,00 6.850,00 5880
429 201,72 2,01 1,47 68,00 6.866,00 5880
430 201,72 2,01 1,47 68,00 6.882,00 5880
431 201,72 2,01 1,47 68,00 6.898,00 5880
432 201,72 2,01 1,47 68,00 6.914,00 5880
433 201,72 2,01 1,47 68,00 6.930,00 5880
434 201,72 2,01 1,47 68,00 6.946,00 5880
435 201,72 2,01 1,47 68,00 6.962,00 5880
436 201,72 2,01 1,47 68,00 6.978,00 5880
437 201,72 2,01 1,47 68,00 6.994,00 5880
438 201,72 2,01 1,47 68,00 7.010,00 5880
439 201,72 2,01 1,47 68,00 7.026,00 5880
440 201,72 2,01 1,47 68,00 7.042,00 5880
441 201,72 1,94 1,43 68,00 7.058,00 5880
442 201,72 1,94 1,43 68,00 7.074,00 5880
443 201,72 1,93 1,42 68,00 7.090,00 5880
444 201,72 1,93 1,42 68,00 7.106,00 5880
445 201,72 1,93 1,42 68,00 7.122,00 5880
446 201,72 1,93 1,42 68,00 7.138,00 5880
447 201,72 1,93 1,42 68,00 7.154,00 5880
448 201,72 1,93 1,42 68,00 7.170,00 5880
449 201,72 1,93 1,42 68,00 7.186,00 5880
450 201,72 1,93 1,42 68,00 7.202,00 5880
451 201,72 1,93 1,42 68,00 7.218,00 5901
452 201,72 1,90 1,39 68,00 7.234,00 5908
453 201,72 1,90 1,39 68,00 7.250,00 5908
454 201,72 1,90 1,39 68,00 7.266,00 5908
455 201,72 1,90 1,39 68,00 7.282,00 5908
456 201,72 1,90 1,39 68,00 7.298,00 5909
457 201,72 1,90 1,39 68,00 7.314,00 5909
458 201,72 1,90 1,39 68,00 7.330,00 5909
459 201,72 1,90 1,39 68,00 7.346,00 5909
460 201,72 1,90 1,39 68,00 7.362,00 5909
461 201,72 1,90 1,39 68,00 7.378,00 5909
462 201,72 1,90 1,39 68,00 7.394,00 5909
463 201,72 1,90 1,39 68,00 7.410,00 5909
464 201,72 1,90 1,39 68,00 7.426,00 5909
465 201,72 1,90 1,39 68,00 7.442,00 5909
466 201,72 1,84 1,35 68,00 7.458,00 5909
467 201,72 1,84 1,35 68,00 7.474,00 5909
468 201,72 1,83 1,35 68,00 7.490,00 5909
469 201,72 1,83 1,35 68,00 7.506,00 5909
470 201,72 1,83 1,35 68,00 7.522,00 5909
471 201,72 1,83 1,35 68,00 7.538,00 5909
472 201,72 1,83 1,35 68,00 7.554,00 5909
473 201,72 1,83 1,35 68,00 7.570,00 5909
474 201,72 1,83 1,35 68,00 7.586,00 5909
475 201,72 1,83 1,35 68,00 7.602,00 5909
476 201,72 1,83 1,35 68,00 7.618,00 5909
477 201,72 1,83 1,35 68,00 7.634,00 5909
478 201,72 1,83 1,35 68,00 7.650,00 5909
479 201,72 1,83 1,35 68,00 7.666,00 5909
480 201,72 1,83 1,35 76,00 7.682,00 5909
481 201,72 1,83 1,35 76,00 7.698,00 5915
482 201,72 1,83 1,35 76,00 7.714,00 5916
483 201,72 1,83 1,35 76,00 7.730,00 5916
484 201,72 1,98 1,45 76,00 7.746,00 5916
485 201,72 1,98 1,45 76,00 7.762,00 5916
486 201,72 1,98 1,45 76,00 7.778,00 5916
487 201,72 1,97 1,45 76,00 7.794,00 5916
488 201,72 1,97 1,45 76,00 7.810,00 5916
489 201,72 1,97 1,45 76,00 7.826,00 5916
490 201,72 1,97 1,45 76,00 7.842,00 5916
491 201,72 1,97 1,45 76,00 7.858,00 5916
492 201,72 1,97 1,45 76,00 7.874,00 5916
493 201,72 1,94 1,43 76,00 7.890,00 5916
494 201,72 1,94 1,43 76,00 7.906,00 5916
495 201,72 1,94 1,43 76,00 7.922,00 5916
496 201,72 1,94 1,43 76,00 7.938,00 5916
497 201,72 1,94 1,43 76,00 7.954,00 5916
498 201,72 1,94 1,43 76,00 7.970,00 5916
499 201,72 1,94 1,43 76,00 7.986,00 5916
500 201,72 1,94 1,43 76,00 8.002,00 5916
501 201,72 1,94 1,43 76,00 8.018,00 5916
502 201,72 1,94 1,43 76,00 8.034,00 5916
503 201,72 1,94 1,43 76,00 8.050,00 5916
504 201,72 1,94 1,43 76,00 8.066,00 5916
505 201,72 1,94 1,43 76,00 8.082,00 5919
506 201,72 1,94 1,43 76,00 8.098,00 5919
507 201,72 1,94 1,43 76,00 8.114,00 5919
508 201,72 1,94 1,43 76,00 8.130,00 5919
509 201,72 1,94 1,43 76,00 8.146,00 5919
510 201,72 1,88 1,38 85,00 8.162,00 5919
511 201,72 1,88 1,38 85,00 8.178,00 5935
512 201,72 1,88 1,38 85,00 8.194,00 5937
513 201,72 1,88 1,38 85,00 8.210,00 5938
514 201,72 1,88 1,38 85,00 8.226,00 5938
515 201,72 1,88 1,38 85,00 8.242,00 5938
516 201,72 1,88 1,38 85,00 8.258,00 5938
517 201,72 1,88 1,38 85,00 8.274,00 5938
518 201,72 1,88 1,38 85,00 8.290,00 5938
519 201,72 1,88 1,38 85,00 8.306,00 5938
520 201,72 1,88 1,38 85,00 8.322,00 5938
521 201,72 1,88 1,38 85,00 8.338,00 5938
522 201,72 1,88 1,38 85,00 8.354,00 5938
523 201,72 1,88 1,38 85,00 8.370,00 5938
524 201,72 1,88 1,38 85,00 8.386,00 5938
525 201,72 1,88 1,38 85,00 8.402,00 5938
526 201,72 1,88 1,38 85,00 8.418,00 5938
527 201,72 1,88 1,38 85,00 8.434,00 5938
528 201,72 1,88 1,38 85,00 8.450,00 5938
529 201,72 1,88 1,38 85,00 8.466,00 5938
530 201,72 1,88 1,38 85,00 8.482,00 5938
531 201,72 1,88 1,38 85,00 8.498,00 5938
532 201,72 1,88 1,38 85,00 8.514,00 5938
533 201,72 2,01 1,48 85,00 8.530,00 5938
534 201,72 2,01 1,48 85,00 8.546,00 5938
535 201,72 2,01 1,48 85,00 8.562,00 5938
536 201,72 2,01 1,48 85,00 8.578,00 5938
537 201,72 2,01 1,48 85,00 8.594,00 5938
538 201,72 2,01 1,48 85,00 8.610,00 5938
539 201,72 2,01 1,48 85,00 8.626,00 5938
540 201,72 2,01 1,48 82,00 8.642,00 5938
541 201,72 2,01 1,48 82,00 8.658,00 5942
542 201,72 2,01 1,48 82,00 8.674,00 5944
543 201,72 1,90 1,40 82,00 8.690,00 5946
544 201,72 1,90 1,40 82,00 8.706,00 5947
545 201,72 1,90 1,40 82,00 8.722,00 5958
546 201,72 1,89 1,39 82,00 8.738,00 5965
547 201,72 1,89 1,39 82,00 8.754,00 5965
548 201,72 1,89 1,39 82,00 8.770,00 5965
549 201,72 1,89 1,39 82,00 8.786,00 5965
550 201,72 1,89 1,39 82,00 8.802,00 5965
551 201,72 1,89 1,39 82,00 8.818,00 5965
552 201,72 1,89 1,39 82,00 8.834,00 5965
553 201,72 1,89 1,39 82,00 8.850,00 5965
554 201,72 1,89 1,39 82,00 8.866,00 5965
555 201,72 1,89 1,39 82,00 8.882,00 5965
556 201,72 1,89 1,39 82,00 8.898,00 5965
557 201,72 1,89 1,39 82,00 8.914,00 5965
558 201,72 1,89 1,39 82,00 8.930,00 5965
559 201,72 1,89 1,39 82,00 8.946,00 5969
560 201,72 1,89 1,39 82,00 8.962,00 5969
561 201,72 1,89 1,39 82,00 8.978,00 5969
562 201,72 1,89 1,39 82,00 8.994,00 5969
563 201,72 1,89 1,39 82,00 9.010,00 5969
564 201,72 1,89 1,39 82,00 9.026,00 5969
565 201,72 1,89 1,39 82,00 9.042,00 5969
566 201,72 1,89 1,39 82,00 9.058,00 5969
567 201,72 1,89 1,39 82,00 9.074,00 5969
568 201,72 1,89 1,39 82,00 9.090,00 5969
569 201,72 1,89 1,39 82,00 9.106,00 5969
570 201,72 1,89 1,39 71,00 9.122,00 5969
571 201,72 1,89 1,39 71,00 9.138,00 5988
572 201,72 1,89 1,39 71,00 9.154,00 5994
573 201,72 1,89 1,39 71,00 9.170,00 5999
574 201,72 1,89 1,39 71,00 9.186,00 6004
575 201,72 1,89 1,39 71,00 9.202,00 6007
576 201,72 1,55 1,14 71,00 9.218,00 6009
577 201,72 1,55 1,14 71,00 9.234,00 6010
578 201,72 1,55 1,14 71,00 9.250,00 6010
579 201,72 1,55 1,14 71,00 9.266,00 6010
580 201,72 1,55 1,14 71,00 9.282,00 6010
581 201,72 1,55 1,14 71,00 9.298,00 6010
582 201,72 1,55 1,14 71,00 9.314,00 6010
583 201,72 1,55 1,14 71,00 9.330,00 6010
584 201,72 1,55 1,14 71,00 9.346,00 6010
585 201,72 1,55 1,14 71,00 9.362,00 6010
586 201,72 1,55 1,14 71,00 9.378,00 6010
587 201,72 1,55 1,14 71,00 9.394,00 6010
588 201,72 1,55 1,14 71,00 9.410,00 6010
589 201,72 1,55 1,14 71,00 9.426,00 6010
590 201,72 1,55 1,14 71,00 9.442,00 6010
591 201,72 1,55 1,14 71,00 9.458,00 6010
592 201,72 1,55 1,14 71,00 9.474,00 6010
593 201,72 1,55 1,14 71,00 9.490,00 6010
594 201,72 1,55 1,14 71,00 9.506,00 6010
595 201,72 1,55 1,14 71,00 9.522,00 6010
596 201,72 1,55 1,14 71,00 9.538,00 6010
597 201,72 1,55 1,14 71,00 9.554,00 6010
598 201,72 1,55 1,14 71,00 9.570,00 6010
599 201,72 1,55 1,14 71,00 9.586,00 6010
600 201,72 1,55 1,14 81,00 9.602,00 6010
601 201,72 1,55 1,14 81,00 9.618,00 6019
602 201,72 1,70 1,25 81,00 9.634,00 6021
603 201,72 1,70 1,25 81,00 9.650,00 6022
604 201,72 1,70 1,25 81,00 9.666,00 6022
605 201,72 1,70 1,25 81,00 9.682,00 6022
606 201,72 1,70 1,25 81,00 9.698,00 6022
607 201,72 1,70 1,25 81,00 9.714,00 6022
608 201,72 1,70 1,25 81,00 9.730,00 6023
609 201,72 1,70 1,25 81,00 9.746,00 6023
610 201,72 1,70 1,25 81,00 9.762,00 6023
611 201,72 1,70 1,25 81,00 9.778,00 6023
612 201,72 1,70 1,25 81,00 9.794,00 6023
613 201,72 1,70 1,25 81,00 9.810,00 6023
614 201,72 1,70 1,25 81,00 9.826,00 6023
615 201,72 1,70 1,25 81,00 9.842,00 6023
616 201,72 1,70 1,25 81,00 9.858,00 6023
617 201,72 1,70 1,25 81,00 9.874,00 6023
618 201,72 1,70 1,25 81,00 9.890,00 6023
619 201,72 1,70 1,25 81,00 9.906,00 6023
620 201,72 1,70 1,25 81,00 9.922,00 6023
621 201,72 1,70 1,25 81,00 9.938,00 6023
622 201,72 1,70 1,25 81,00 9.954,00 6023
623 201,72 1,70 1,25 81,00 9.970,00 6023
624 201,72 1,70 1,25 81,00 9.986,00 6023
625 201,72 1,70 1,25 81,00 10.002,00 6023
626 201,72 1,70 1,25 81,00 10.018,00 6023
627 201,72 1,70 1,25 81,00 10.034,00 6023
628 201,72 1,70 1,25 81,00 10.050,00 6023
629 201,72 1,70 1,25 81,00 10.066,00 6023
630 201,72 1,70 1,25 75,00 10.082,00 6023
631 201,72 1,70 1,25 75,00 10.098,00 6039
632 201,72 1,70 1,25 75,00 10.114,00 6043
633 201,72 1,70 1,25 75,00 10.130,00 6043
634 201,72 1,70 1,25 75,00 10.146,00 6043
635 201,72 1,70 1,25 75,00 10.162,00 6043
636 201,72 1,70 1,25 75,00 10.178,00 6043
637 201,72 1,70 1,25 75,00 10.194,00 6043
638 201,72 1,70 1,25 75,00 10.210,00 6043
639 201,72 1,48 1,09 75,00 10.226,00 6043
640 201,72 1,48 1,09 75,00 10.242,00 6043
641 201,72 1,48 1,09 75,00 10.258,00 6043
642 201,72 1,48 1,09 75,00 10.274,00 6043
643 201,72 1,48 1,09 75,00 10.290,00 6043
644 201,72 1,48 1,09 75,00 10.306,00 6043
645 201,72 1,48 1,09 75,00 10.322,00 6043
646 201,72 1,48 1,09 75,00 10.338,00 6043
647 201,72 1,48 1,09 75,00 10.354,00 6043
648 201,72 1,48 1,09 75,00 10.370,00 6043
649 201,72 1,48 1,09 75,00 10.386,00 6043
650 201,72 1,45 1,07 75,00 10.402,00 6043
651 201,72 1,45 1,07 75,00 10.418,00 6043
652 201,72 1,45 1,07 75,00 10.434,00 6043
653 201,72 1,45 1,07 75,00 10.450,00 6043
654 201,72 1,45 1,07 75,00 10.466,00 6043
655 201,72 1,45 1,07 75,00 10.482,00 6043
656 201,72 1,45 1,07 75,00 10.498,00 6043
657 201,72 1,45 1,07 75,00 10.514,00 6043
658 201,72 1,45 1,07 75,00 10.530,00 6043
659 201,72 1,45 1,07 75,00 10.546,00 6043
660 201,72 1,45 1,07 89,00 10.562,00 6043
661 201,72 1,45 1,07 89,00 10.578,00 6047
662 201,72 1,45 1,07 89,00 10.594,00 6047
663 201,72 1,45 1,07 89,00 10.610,00 6047
664 201,72 1,45 1,07 89,00 10.626,00 6047
665 201,72 1,45 1,07 89,00 10.642,00 6047
666 201,72 1,68 1,24 89,00 10.658,00 6047
667 201,72 1,68 1,24 89,00 10.674,00 6047
668 201,72 1,68 1,24 89,00 10.690,00 6048
669 201,72 1,68 1,24 89,00 10.706,00 6048
670 201,72 1,68 1,24 89,00 10.722,00 6048
671 201,72 1,68 1,24 89,00 10.738,00 6048
672 201,72 1,68 1,24 89,00 10.754,00 6048
673 201,72 1,67 1,22 89,00 10.770,00 6048
674 201,72 1,67 1,22 89,00 10.786,00 6048
675 201,72 1,67 1,22 89,00 10.802,00 6048
676 201,72 1,67 1,22 89,00 10.818,00 6048
677 201,72 1,67 1,22 89,00 10.834,00 6048
678 201,72 1,67 1,22 89,00 10.850,00 6048
679 201,72 1,67 1,22 89,00 10.866,00 6048
680 201,72 1,67 1,22 89,00 10.882,00 6048
681 201,72 1,67 1,22 89,00 10.898,00 6048
682 201,72 1,67 1,22 89,00 10.914,00 6048
683 201,72 1,64 1,21 89,00 10.930,00 6048
684 201,72 1,64 1,21 89,00 10.946,00 6048
685 201,72 1,64 1,20 89,00 10.962,00 6048
686 201,72 1,64 1,20 89,00 10.978,00 6048
687 201,72 1,64 1,20 89,00 10.994,00 6048
688 201,72 1,63 1,20 89,00 11.010,00 6048
689 201,72 1,63 1,20 89,00 11.026,00 6048
690 201,72 1,63 1,20 91,00 11.042,00 6048
691 201,72 1,63 1,20 91,00 11.058,00 6060
692 201,72 1,63 1,20 91,00 11.074,00 6063
693 201,72 1,63 1,20 91,00 11.090,00 6066
694 201,72 1,63 1,20 91,00 11.106,00 6067
695 201,72 1,63 1,20 91,00 11.122,00 6068
696 201,72 1,63 1,20 91,00 11.138,00 6070
697 201,72 1,63 1,20 91,00 11.154,00 6070
698 201,72 1,63 1,20 91,00 11.170,00 6070
699 201,72 1,63 1,20 91,00 11.186,00 6070
700 201,72 1,63 1,20 91,00 11.202,00 6070
701 201,72 1,63 1,20 91,00 11.218,00 6070
702 201,72 1,63 1,20 91,00 11.234,00 6070
703 201,72 1,63 1,20 91,00 11.250,00 6070
704 201,72 1,63 1,20 91,00 11.266,00 6070
705 201,72 1,63 1,20 91,00 11.282,00 6070
706 201,72 1,63 1,20 91,00 11.298,00 6070
707 201,72 1,63 1,20 91,00 11.314,00 6070
708 201,72 1,63 1,20 91,00 11.330,00 6070
709 201,72 1,63 1,20 91,00 11.346,00 6070
710 201,72 1,63 1,20 91,00 11.362,00 6070
711 201,72 1,63 1,20 91,00 11.378,00 6070
712 201,72 1,63 1,20 91,00 11.394,00 6070
713 201,72 1,63 1,20 91,00 11.410,00 6070
714 201,72 1,61 1,18 91,00 11.426,00 6070
715 201,72 1,61 1,18 91,00 11.442,00 6070
716 201,72 1,60 1,18 91,00 11.458,00 6070
717 201,72 1,60 1,18 91,00 11.474,00 6070
718 201,72 1,60 1,18 91,00 11.490,00 6070
719 201,72 1,60 1,18 91,00 11.506,00 6070
720 201,72 1,59 1,17 84,00 11.522,00 6070
721 201,72 1,59 1,17 84,00 11.538,00 6073
722 201,72 1,59 1,17 84,00 11.554,00 6073
723 201,72 1,59 1,17 84,00 11.570,00 6073
724 201,72 1,59 1,17 84,00 11.586,00 6073
725 201,72 1,59 1,17 84,00 11.602,00 6073
726 201,72 1,59 1,17 84,00 11.618,00 6073
727 201,72 1,59 1,17 84,00 11.634,00 6073
728 201,72 1,59 1,17 84,00 11.650,00 6073
729 201,72 1,59 1,17 84,00 11.666,00 6073
730 201,72 1,45 1,07 84,00 11.682,00 6073
731 201,72 1,45 1,07 84,00 11.698,00 6073
732 201,72 1,45 1,07 84,00 11.714,00 6073
733 201,72 1,45 1,07 84,00 11.730,00 6073
734 201,72 1,45 1,07 84,00 11.746,00 6073
735 201,72 1,44 1,06 84,00 11.762,00 6073
736 201,72 1,44 1,06 84,00 11.778,00 6073
737 201,72 1,44 1,06 84,00 11.794,00 6073
738 201,72 1,43 1,05 84,00 11.810,00 6073
739 201,72 1,43 1,05 84,00 11.826,00 6073
740 201,72 1,43 1,05 84,00 11.842,00 6073
741 201,72 1,43 1,05 84,00 11.858,00 6073
742 201,72 1,43 1,05 84,00 11.874,00 6073
743 201,72 1,43 1,05 84,00 11.890,00 6073
744 201,72 1,43 1,05 84,00 11.906,00 6073
745 201,72 1,43 1,05 84,00 11.922,00 6073
746 201,72 1,43 1,05 84,00 11.938,00 6073
747 201,72 1,43 1,05 84,00 11.954,00 6073
748 201,72 1,42 1,04 84,00 11.970,00 6073
749 201,72 1,42 1,04 84,00 11.986,00 6073
750 201,72 1,42 1,04 96,00 12.002,00 6073
751 201,72 1,42 1,04 96,00 12.018,00 6081
752 201,72 1,42 1,04 96,00 12.034,00 6085
753 201,72 1,42 1,04 96,00 12.050,00 6085
754 201,72 1,42 1,04 96,00 12.066,00 6085
755 201,72 1,42 1,04 96,00 12.082,00 6085
756 201,72 1,42 1,04 96,00 12.098,00 6085
757 201,72 1,42 1,04 96,00 12.114,00 6085
758 201,72 1,42 1,04 96,00 12.130,00 6091
759 201,72 1,42 1,04 96,00 12.146,00 6094
760 201,72 1,42 1,04 96,00 12.162,00 6096
761 201,72 1,42 1,04 96,00 12.178,00 6097
762 201,72 1,42 1,04 96,00 12.194,00 6098
763 201,72 1,42 1,04 96,00 12.210,00 6098
764 201,72 1,42 1,04 96,00 12.226,00 6098
765 201,72 1,42 1,04 96,00 12.242,00 6098
766 201,72 1,42 1,04 96,00 12.258,00 6098
767 201,72 1,42 1,04 96,00 12.274,00 6098
768 201,72 1,58 1,16 96,00 12.290,00 6098
769 201,72 1,58 1,16 96,00 12.306,00 6098
770 201,72 1,58 1,16 96,00 12.322,00 6098
771 201,72 1,58 1,16 96,00 12.338,00 6098
772 201,72 1,58 1,16 96,00 12.354,00 6098
773 201,72 1,58 1,16 96,00 12.370,00 6098
774 201,72 1,56 1,15 96,00 12.386,00 6098
775 201,72 1,56 1,15 96,00 12.402,00 6098
776 201,72 1,56 1,15 96,00 12.418,00 6098
777 201,72 1,56 1,15 96,00 12.434,00 6098
778 201,72 1,56 1,15 96,00 12.450,00 6098
779 201,72 1,56 1,15 96,00 12.466,00 6098
780 201,72 1,55 1,14 90,00 12.482,00 6098
781 201,72 1,55 1,14 90,00 12.498,00 6102
782 201,72 1,55 1,14 90,00 12.514,00 6107
783 201,72 1,55 1,14 90,00 12.530,00 6110
784 201,72 1,45 1,06 90,00 12.546,00 6111
785 201,72 1,45 1,06 90,00 12.562,00 6111
786 201,72 1,45 1,06 90,00 12.578,00 6111
787 201,72 1,44 1,06 90,00 12.594,00 6111
788 201,72 1,44 1,06 90,00 12.610,00 6111
789 201,72 1,44 1,06 90,00 12.626,00 6111
790 201,72 1,44 1,06 90,00 12.642,00 6111
791 201,72 1,44 1,06 90,00 12.658,00 6111
792 201,72 1,44 1,06 90,00 12.674,00 6111
793 201,72 1,44 1,06 90,00 12.690,00 6111
794 201,72 1,44 1,06 90,00 12.706,00 6111
795 201,72 1,44 1,06 90,00 12.722,00 6111
796 201,72 1,44 1,06 90,00 12.738,00 6111
797 201,72 1,44 1,06 90,00 12.754,00 6111
798 201,72 1,42 1,04 90,00 12.770,00 6111
799 201,72 1,42 1,04 90,00 12.786,00 6111
800 201,72 1,42 1,04 90,00 12.802,00 6111
801 201,72 1,42 1,04 90,00 12.818,00 6111
802 201,72 1,42 1,04 90,00 12.834,00 6111
803 201,72 1,42 1,04 90,00 12.850,00 6111
804 201,72 1,42 1,04 90,00 12.866,00 6111
805 201,72 1,42 1,04 90,00 12.882,00 6111
806 201,72 1,42 1,04 90,00 12.898,00 6111
807 201,72 1,42 1,04 90,00 12.914,00 6111
808 201,72 1,42 1,04 90,00 12.930,00 6111
809 201,72 1,42 1,04 90,00 12.946,00 6111
810 201,72 1,42 1,04 96,00 12.962,00 6111
811 201,72 1,42 1,04 96,00 12.978,00 6120
812 201,72 1,42 1,04 96,00 12.994,00 6122
813 201,72 1,42 1,04 96,00 13.010,00 6123
814 201,72 1,42 1,04 96,00 13.026,00 6123
815 201,72 1,42 1,04 96,00 13.042,00 6123
816 201,72 1,42 1,04 96,00 13.058,00 6123
817 201,72 1,42 1,04 96,00 13.074,00 6123
818 201,72 1,42 1,04 96,00 13.090,00 6123
819 201,72 1,42 1,04 96,00 13.106,00 6123
820 201,72 1,42 1,04 96,00 13.122,00 6123
821 201,72 1,42 1,04 96,00 13.138,00 6123
822 201,72 1,42 1,04 96,00 13.154,00 6123
823 201,72 1,42 1,04 96,00 13.170,00 6123
824 201,72 1,42 1,04 96,00 13.186,00 6123
825 201,72 1,42 1,04 96,00 13.202,00 6123
826 201,72 1,42 1,04 96,00 13.218,00 6123
827 201,72 1,42 1,04 96,00 13.234,00 6123
828 201,72 1,42 1,04 96,00 13.250,00 6123
829 201,72 1,42 1,04 96,00 13.266,00 6123
830 201,72 1,42 1,04 96,00 13.282,00 6123
831 201,72 1,42 1,04 96,00 13.298,00 6123
832 201,72 1,42 1,04 96,00 13.314,00 6123
833 201,72 1,42 1,04 96,00 13.330,00 6123
834 201,72 1,42 1,04 96,00 13.346,00 6123
835 201,72 1,42 1,04 96,00 13.362,00 6123
836 201,72 1,42 1,04 96,00 13.378,00 6123
837 201,72 1,42 1,04 96,00 13.394,00 6123
838 201,72 1,42 1,04 96,00 13.410,00 6123
839 201,72 1,42 1,04 96,00 13.426,00 6123
840 201,72 1,42 1,04 97,00 13.442,00 6123
841 201,72 1,42 1,04 97,00 13.458,00 6130
842 201,72 1,42 1,04 97,00 13.474,00 6130
843 201,72 1,42 1,04 97,00 13.490,00 6130
844 201,72 1,42 1,04 97,00 13.506,00 6130
845 201,72 1,42 1,04 97,00 13.522,00 6130
846 201,72 1,42 1,04 97,00 13.538,00 6130
847 201,72 1,42 1,04 97,00 13.554,00 6130
848 201,72 1,42 1,04 97,00 13.570,00 6130
849 201,72 1,42 1,04 97,00 13.586,00 6130
850 201,72 1,42 1,04 97,00 13.602,00 6130
851 201,72 1,42 1,04 97,00 13.618,00 6130
852 201,72 1,42 1,04 97,00 13.634,00 6130
853 201,72 1,43 1,05 97,00 13.650,00 6130
854 201,72 1,43 1,05 97,00 13.666,00 6130
855 201,72 1,43 1,05 97,00 13.682,00 6130
856 201,72 1,43 1,05 97,00 13.698,00 6130
857 201,72 1,43 1,05 97,00 13.714,00 6130
858 201,72 1,43 1,05 97,00 13.730,00 6130
859 201,72 1,43 1,05 97,00 13.746,00 6130
860 201,72 1,42 1,04 97,00 13.762,00 6130
861 201,72 1,42 1,04 97,00 13.778,00 6130
862 201,72 1,42 1,04 97,00 13.794,00 6130
863 201,72 1,42 1,04 97,00 13.810,00 6130
864 201,72 1,42 1,04 97,00 13.826,00 6130
865 201,72 1,42 1,04 97,00 13.842,00 6130
866 201,72 1,42 1,04 97,00 13.858,00 6130
867 201,72 1,42 1,04 97,00 13.874,00 6130
868 201,72 1,42 1,04 97,00 13.890,00 6130
869 201,72 1,42 1,04 97,00 13.906,00 6130
870 201,72 1,42 1,04 99,00 13.922,00 6130
871 201,72 1,42 1,04 99,00 13.938,00 6139
872 201,72 1,42 1,04 99,00 13.954,00 6142
873 201,72 1,43 1,05 99,00 13.970,00 6144
874 201,72 1,43 1,05 99,00 13.986,00 6144
875 201,72 1,43 1,05 99,00 14.002,00 6152
876 201,72 1,42 1,05 99,00 14.018,00 6155
877 201,72 1,42 1,05 99,00 14.034,00 6156
878 201,72 1,42 1,05 99,00 14.050,00 6156
879 201,72 1,42 1,05 99,00 14.066,00 6156
880 201,72 1,42 1,05 99,00 14.082,00 6156
881 201,72 1,42 1,05 99,00 14.098,00 6156
882 201,72 1,42 1,05 99,00 14.114,00 6156
883 201,72 1,42 1,05 99,00 14.130,00 6156
884 201,72 1,42 1,05 99,00 14.146,00 6156
885 201,72 1,42 1,05 99,00 14.162,00 6156
886 201,72 1,42 1,05 99,00 14.178,00 6156
887 201,72 1,42 1,05 99,00 14.194,00 6156
888 201,72 1,42 1,05 99,00 14.210,00 6156
889 201,72 1,42 1,05 99,00 14.226,00 6156
890 201,72 1,42 1,05 99,00 14.242,00 6156
891 201,72 1,42 1,05 99,00 14.258,00 6156
892 201,72 1,42 1,05 99,00 14.274,00 6156
893 201,72 1,42 1,05 99,00 14.290,00 6156
894 201,72 1,42 1,05 99,00 14.306,00 6156
895 201,72 1,42 1,05 99,00 14.322,00 6156
896 201,72 1,39 1,02 99,00 14.338,00 6156
897 201,72 1,39 1,02 99,00 14.354,00 6156
898 201,72 1,39 1,02 99,00 14.370,00 6156
899 201,72 1,39 1,02 99,00 14.386,00 6156
900 201,72 1,39 1,02 83,00 14.402,00 6156
901 201,72 1,39 1,02 83,00 14.418,00 6161
902 201,72 1,39 1,02 83,00 14.434,00 6162
903 201,72 1,39 1,02 83,00 14.450,00 6163
904 201,72 1,39 1,02 83,00 14.466,00 6163
905 201,72 1,16 0,85 83,00 14.482,00 6164
906 201,72 1,16 0,85 83,00 14.498,00 6165
907 201,72 1,16 0,85 83,00 14.514,00 6165
908 201,72 1,16 0,85 83,00 14.530,00 6165
909 201,72 1,16 0,85 83,00 14.546,00 6165
910 201,72 1,16 0,85 83,00 14.562,00 6165
911 201,72 1,16 0,85 83,00 14.578,00 6165
912 201,72 1,15 0,84 83,00 14.594,00 6165
913 201,72 1,15 0,84 83,00 14.610,00 6165
914 201,72 1,15 0,84 83,00 14.626,00 6165
915 201,72 1,15 0,84 83,00 14.642,00 6165
916 201,72 1,14 0,84 83,00 14.658,00 6165
917 201,72 1,14 0,84 83,00 14.674,00 6165
918 201,72 1,14 0,84 83,00 14.690,00 6165
919 201,72 1,14 0,84 83,00 14.706,00 6165
920 201,72 1,14 0,84 83,00 14.722,00 6165
921 201,72 1,14 0,84 83,00 14.738,00 6165
922 201,72 1,13 0,83 83,00 14.754,00 6165
923 201,72 1,13 0,83 83,00 14.770,00 6165
924 201,72 1,13 0,83 83,00 14.786,00 6165
925 201,72 1,13 0,83 83,00 14.802,00 6165
926 201,72 1,13 0,83 83,00 14.818,00 6165
927 201,72 1,13 0,83 83,00 14.834,00 6165
928 201,72 1,13 0,83 83,00 14.850,00 6165
929 201,72 1,13 0,83 83,00 14.866,00 6165
930 201,72 1,13 0,83 103,00 14.882,00 6165
931 201,72 1,13 0,83 103,00 14.898,00 6173
932 201,72 1,13 0,83 103,00 14.914,00 6176
933 201,72 1,13 0,83 103,00 14.930,00 6176
934 201,72 1,13 0,83 103,00 14.946,00 6176
935 201,72 1,13 0,83 103,00 14.962,00 6176
936 201,72 1,13 0,83 103,00 14.978,00 6177
937 201,72 1,13 0,83 103,00 14.994,00 6177
938 201,72 1,38 1,02 103,00 15.010,00 6177
939 201,72 1,38 1,02 103,00 15.026,00 6177
940 201,72 1,38 1,02 103,00 15.042,00 6177
941 201,72 1,38 1,01 103,00 15.058,00 6177
942 201,72 1,38 1,01 103,00 15.074,00 6177
943 201,72 1,38 1,01 103,00 15.090,00 6177
944 201,72 1,38 1,01 103,00 15.106,00 6177
945 201,72 1,38 1,01 103,00 15.122,00 6177
946 201,72 1,38 1,01 103,00 15.138,00 6177
947 201,72 1,38 1,01 103,00 15.154,00 6177
948 201,72 1,38 1,01 103,00 15.170,00 6177
949 201,72 1,38 1,01 103,00 15.186,00 6177
950 201,72 1,38 1,01 103,00 15.202,00 6177
951 201,72 1,38 1,01 103,00 15.218,00 6177
952 201,72 1,38 1,01 103,00 15.234,00 6177
953 201,72 1,38 1,01 103,00 15.250,00 6177
954 201,72 1,38 1,01 103,00 15.266,00 6177
955 201,72 1,38 1,01 103,00 15.282,00 6177
956 201,72 1,38 1,01 103,00 15.298,00 6177
957 201,72 1,38 1,01 103,00 15.314,00 6177
958 201,72 1,38 1,01 103,00 15.330,00 6177
959 201,72 1,38 1,01 103,00 15.346,00 6177
960 201,72 1,38 1,01 105,00 15.362,00 6177
961 201,72 1,38 1,01 105,00 15.378,00 6179
962 201,72 1,38 1,01 105,00 15.394,00 6180
963 201,72 1,38 1,01 105,00 15.410,00 6180
964 201,72 1,38 1,01 105,00 15.426,00 6180
965 201,72 1,38 1,01 105,00 15.442,00 6181
966 201,72 1,38 1,01 105,00 15.458,00 6181
967 201,72 1,38 1,01 105,00 15.474,00 6181
968 201,72 1,38 1,01 105,00 15.490,00 6181
969 201,72 1,37 1,00 105,00 15.506,00 6181
970 201,72 1,37 1,00 105,00 15.522,00 6181
971 201,72 1,37 1,00 105,00 15.538,00 6181
972 201,72 1,37 1,00 105,00 15.554,00 6181
973 201,72 1,37 1,00 105,00 15.570,00 6181
974 201,72 1,37 1,00 105,00 15.586,00 6181
975 201,72 1,37 1,00 105,00 15.602,00 6181
976 201,72 1,37 1,00 105,00 15.618,00 6181
977 201,72 1,37 1,00 105,00 15.634,00 6181
978 201,72 1,37 1,00 105,00 15.650,00 6181
979 201,72 1,35 0,99 105,00 15.666,00 6181
980 201,72 1,35 0,99 105,00 15.682,00 6181
981 201,72 1,35 0,99 105,00 15.698,00 6181
982 201,72 1,35 0,99 105,00 15.714,00 6181
983 201,72 1,35 0,99 105,00 15.730,00 6181
984 201,72 1,35 0,99 105,00 15.746,00 6181
985 201,72 1,35 0,99 105,00 15.762,00 6181
986 201,72 1,35 0,99 105,00 15.778,00 6181
987 201,72 1,35 0,99 105,00 15.794,00 6181
988 201,72 1,35 0,99 105,00 15.810,00 6181
989 201,72 1,35 0,99 105,00 15.826,00 6181
990 201,72 1,35 0,99 107,00 15.842,00 6181
991 201,72 1,35 0,99 107,00 15.858,00 6187
992 201,72 1,35 0,99 107,00 15.874,00 6189
993 201,72 1,35 0,99 107,00 15.890,00 6189
994 201,72 1,35 0,99 107,00 15.906,00 6189
995 201,72 1,35 0,99 107,00 15.922,00 6189
996 201,72 1,35 0,99 107,00 15.938,00 6189
997 201,72 1,35 0,99 107,00 15.954,00 6189
998 201,72 1,35 0,99 107,00 15.970,00 6189
999 201,72 1,35 0,99 107,00 15.986,00 6189
