500
0 236,17 236,17 236,17 1,00 6,00
1 236,17 0,00 0,00 1,00 12,00
2 236,17 1.180,84 2.427,52 99,00 17,00
3 236,17 0,00 0,00 1,00 23,00
4 236,17 708,50 1.282,17 99,00 28,00
5 236,17 0,00 0,00 1,00 34,00
6 236,17 472,33 927,78 99,00 39,00
7 236,17 0,00 0,00 1,00 45,00
8 236,17 236,17 551,21 99,00 50,00
9 236,17 0,00 0,00 1,00 56,00
10 236,17 236,17 548,25 99,00 61,00
11 236,17 0,00 0,00 1,00 67,00
12 236,17 236,17 525,35 99,00 72,00
13 236,17 0,00 0,00 1,00 78,00
14 236,17 236,17 520,84 99,00 83,00
15 236,17 0,00 0,00 1,00 89,00
16 236,17 236,17 508,01 99,00 94,00
17 236,17 0,00 0,00 1,00 100,00
18 236,17 0,00 0,00 99,00 105,00
19 236,17 236,17 494,47 197,00 110,00
20 236,17 0,00 0,00 97,00 116,00
21 236,17 236,17 487,91 195,00 121,00
22 236,17 0,00 0,00 95,00 127,00
23 236,17 236,17 482,25 193,00 132,00
24 236,17 0,00 0,00 93,00 138,00
25 236,17 236,17 475,71 191,00 143,00
26 236,17 0,00 0,00 91,00 149,00
27 236,17 236,17 468,86 189,00 154,00
28 236,17 0,00 0,00 89,00 160,00
29 236,17 236,17 461,78 187,00 165,00
30 236,17 0,00 0,00 87,00 171,00
31 236,17 236,17 454,11 185,00 176,00
32 236,17 0,00 0,00 85,00 182,00
33 236,17 0,00 0,00 183,00 187,00
34 236,17 236,17 442,94 281,00 192,00
35 236,17 0,00 0,00 181,00 198,00
36 236,17 236,17 435,25 279,00 203,00
37 236,17 0,00 0,00 179,00 209,00
38 236,17 236,17 427,66 277,00 214,00
39 236,17 0,00 0,00 177,00 220,00
40 236,17 236,17 420,14 275,00 225,00
41 236,17 0,00 0,00 175,00 231,00
42 236,17 236,17 412,49 273,00 236,00
43 236,17 0,00 0,00 173,00 242,00
44 236,17 236,17 404,79 271,00 247,00
45 236,17 0,00 0,00 171,00 253,00
46 236,17 236,17 397,15 269,00 258,00
47 236,17 0,00 0,00 169,00 264,00
48 236,17 0,00 0,00 267,00 269,00
49 236,17 236,17 385,54 365,00 274,00
50 236,17 0,00 0,00 265,00 280,00
51 236,17 236,17 377,82 363,00 285,00
52 236,17 0,00 0,00 263,00 291,00
53 236,17 236,17 370,35 361,00 296,00
54 236,17 0,00 0,00 261,00 302,00
55 236,17 236,17 363,01 359,00 307,00
56 236,17 0,00 0,00 259,00 313,00
57 236,17 236,17 355,81 357,00 318,00
58 236,17 0,00 0,00 257,00 324,00
59 236,17 236,17 348,66 355,00 329,00
60 236,17 0,00 0,00 255,00 335,00
61 236,17 236,17 341,72 353,00 340,00
62 236,17 0,00 0,00 253,00 346,00
63 236,17 236,17 334,98 351,00 351,00
64 236,17 0,00 0,00 251,00 357,00
65 236,17 0,00 0,00 349,00 355,00
66 236,17 236,17 325,09 447,00 360,00
67 236,17 0,00 0,00 347,00 366,00
68 236,17 236,17 318,57 445,00 371,00
69 236,17 0,00 0,00 346,00 377,00
70 236,17 236,17 312,19 444,00 382,00
71 236,17 0,00 0,00 344,00 388,00
72 236,17 236,17 305,99 442,00 393,00
73 236,17 0,00 0,00 342,00 399,00
74 236,17 236,17 299,99 440,00 404,00
75 236,17 0,00 0,00 340,00 410,00
76 236,17 236,17 294,15 438,00 415,00
77 236,17 0,00 0,00 338,00 421,00
78 236,17 236,17 288,47 436,00 426,00
79 236,17 0,00 0,00 336,00 432,00
80 236,17 0,00 0,00 434,00 437,00
81 236,17 236,17 280,23 532,00 442,00
82 236,17 0,00 0,00 432,00 448,00
83 236,17 236,17 274,85 530,00 453,00
84 236,17 0,00 0,00 430,00 459,00
85 236,17 236,17 269,56 528,00 464,00
86 236,17 0,00 0,00 428,00 470,00
87 236,17 236,17 264,43 526,00 475,00
88 236,17 0,00 0,00 426,00 481,00
89 236,17 236,17 259,49 524,00 486,00
90 236,17 0,00 0,00 424,00 492,00
91 236,17 236,17 254,66 522,00 497,00
92 236,17 0,00 0,00 422,00 503,00
93 236,17 236,17 249,97 520,00 508,00
94 236,17 0,00 0,00 420,00 514,00
95 236,17 0,00 0,00 518,00 519,00
96 236,17 236,17 243,22 616,00 524,00
97 236,17 0,00 0,00 516,00 530,00
98 236,17 236,17 238,88 614,00 535,00
99 236,17 0,00 0,00 514,00 541,00
100 236,17 236,17 234,65 612,00 546,00
101 236,17 0,00 0,00 512,00 552,00
102 236,17 236,17 230,56 610,00 557,00
103 236,17 0,00 0,00 511,00 563,00
104 236,17 236,17 226,59 609,00 568,00
105 236,17 0,00 0,00 509,00 574,00
106 236,17 236,17 222,75 607,00 579,00
107 236,17 0,00 0,00 507,00 585,00
108 236,17 236,17 219,06 605,00 590,00
109 236,17 0,00 0,00 505,00 596,00
110 236,17 236,17 215,47 603,00 601,00
111 236,17 0,00 0,00 503,00 607,00
112 236,17 0,00 0,00 601,00 607,00
113 236,17 236,17 210,29 699,00 612,00
114 236,17 0,00 0,00 599,00 618,00
115 236,17 236,17 206,88 697,00 623,00
116 236,17 0,00 0,00 597,00 629,00
117 236,17 236,17 203,61 695,00 634,00
118 236,17 0,00 0,00 595,00 640,00
119 236,17 236,17 200,45 693,00 645,00
120 236,17 0,00 0,00 593,00 651,00
121 236,17 236,17 197,40 691,00 656,00
122 236,17 0,00 0,00 591,00 662,00
123 236,17 236,17 194,48 689,00 667,00
124 236,17 0,00 0,00 589,00 673,00
125 236,17 236,17 191,63 687,00 678,00
126 236,17 0,00 0,00 587,00 684,00
127 236,17 0,00 0,00 685,00 689,00
128 236,17 236,17 187,57 783,00 694,00
129 236,17 0,00 0,00 683,00 700,00
130 236,17 236,17 184,97 781,00 705,00
131 236,17 0,00 0,00 681,00 711,00
132 236,17 236,17 182,35 779,00 716,00
133 236,17 0,00 0,00 679,00 722,00
134 236,17 236,17 179,85 777,00 727,00
135 236,17 0,00 0,00 677,00 733,00
136 236,17 236,17 177,43 775,00 738,00
137 236,17 0,00 0,00 675,00 744,00
138 236,17 236,17 175,05 773,00 749,00
139 236,17 0,00 0,00 673,00 755,00
140 236,17 236,17 172,72 771,00 760,00
141 236,17 0,00 0,00 671,00 766,00
142 236,17 0,00 0,00 769,00 771,00
143 236,17 236,17 169,41 867,00 776,00
144 236,17 0,00 0,00 767,00 782,00
145 236,17 236,17 167,28 865,00 787,00
146 236,17 0,00 0,00 765,00 793,00
147 236,17 236,17 165,22 863,00 798,00
148 236,17 0,00 0,00 763,00 804,00
149 236,17 236,17 163,24 861,00 809,00
150 236,17 0,00 0,00 761,00 815,00
151 236,17 236,17 161,30 859,00 820,00
152 236,17 0,00 0,00 759,00 826,00
153 236,17 236,17 159,41 857,00 831,00
154 236,17 0,00 0,00 757,00 837,00
155 236,17 236,17 157,58 855,00 842,00
156 236,17 0,00 0,00 755,00 848,00
157 236,17 236,17 155,78 853,00 853,00
158 236,17 0,00 0,00 753,00 859,00
159 236,17 0,00 0,00 851,00 857,00
160 236,17 236,17 153,23 949,00 862,00
161 236,17 0,00 0,00 849,00 868,00
162 236,17 236,17 151,55 947,00 873,00
163 236,17 0,00 0,00 847,00 879,00
164 236,17 236,17 149,96 945,00 884,00
165 236,17 0,00 0,00 845,00 890,00
166 236,17 236,17 148,37 943,00 895,00
167 236,17 0,00 0,00 843,00 901,00
168 236,17 236,17 146,83 941,00 906,00
169 236,17 0,00 0,00 842,00 912,00
170 236,17 236,17 145,36 940,00 917,00
171 236,17 0,00 0,00 840,00 923,00
172 236,17 236,17 143,91 938,00 928,00
173 236,17 0,00 0,00 838,00 934,00
174 236,17 0,00 0,00 936,00 939,00
175 236,17 236,17 141,84 1.034,00 944,00
176 236,17 0,00 0,00 935,00 950,00
177 236,17 236,17 140,48 1.033,00 955,00
178 236,17 0,00 0,00 933,00 961,00
179 236,17 236,17 139,18 1.031,00 966,00
180 236,17 0,00 0,00 931,00 972,00
181 236,17 236,17 137,91 1.029,00 977,00
182 236,17 0,00 0,00 929,00 983,00
183 236,17 236,17 136,69 1.027,00 988,00
184 236,17 0,00 0,00 927,00 994,00
185 236,17 236,17 135,51 1.025,00 999,00
186 236,17 0,00 0,00 925,00 1.005,00
187 236,17 236,17 134,34 1.023,00 1.010,00
188 236,17 0,00 0,00 923,00 1.016,00
189 236,17 236,17 133,20 1.021,00 1.021,00
190 236,17 0,00 0,00 921,00 1.027,00
191 236,17 0,00 0,00 1.019,00 1.025,00
192 236,17 236,17 131,54 1.117,00 1.030,00
193 236,17 0,00 0,00 1.017,00 1.036,00
194 236,17 236,17 130,49 1.115,00 1.041,00
195 236,17 0,00 0,00 1.015,00 1.047,00
196 236,17 236,17 129,44 1.113,00 1.052,00
197 236,17 0,00 0,00 1.013,00 1.058,00
198 236,17 236,17 128,43 1.111,00 1.063,00
199 236,17 0,00 0,00 1.011,00 1.069,00
200 236,17 236,17 127,44 1.109,00 1.074,00
201 236,17 0,00 0,00 1.009,00 1.080,00
202 236,17 236,17 126,47 1.107,00 1.085,00
203 236,17 0,00 0,00 1.007,00 1.091,00
204 236,17 236,17 125,52 1.105,00 1.096,00
205 236,17 0,00 0,00 1.005,00 1.102,00
206 236,17 0,00 0,00 1.103,00 1.107,00
207 236,17 236,17 124,15 1.201,00 1.112,00
208 236,17 0,00 0,00 1.101,00 1.118,00
209 236,17 236,17 123,28 1.199,00 1.123,00
210 236,17 0,00 0,00 1.099,00 1.129,00
211 236,17 236,17 122,41 1.197,00 1.134,00
212 236,17 0,00 0,00 1.097,00 1.140,00
213 236,17 236,17 121,56 1.195,00 1.145,00
214 236,17 0,00 0,00 1.095,00 1.151,00
215 236,17 236,17 120,74 1.193,00 1.156,00
216 236,17 0,00 0,00 1.093,00 1.162,00
217 236,17 236,17 119,94 1.191,00 1.167,00
218 236,17 0,00 0,00 1.091,00 1.173,00
219 236,17 236,17 119,16 1.189,00 1.178,00
220 236,17 0,00 0,00 1.089,00 1.184,00
221 236,17 0,00 0,00 1.187,00 1.189,00
222 236,17 236,17 118,04 1.285,00 1.194,00
223 236,17 0,00 0,00 1.185,00 1.200,00
224 236,17 236,17 117,31 1.283,00 1.205,00
225 236,17 0,00 0,00 1.183,00 1.211,00
226 236,17 236,17 116,60 1.281,00 1.216,00
227 236,17 0,00 0,00 1.181,00 1.222,00
228 236,17 236,17 115,92 1.279,00 1.227,00
229 236,17 0,00 0,00 1.179,00 1.233,00
230 236,17 236,17 115,22 1.277,00 1.238,00
231 236,17 0,00 0,00 1.178,00 1.244,00
232 236,17 236,17 114,57 1.276,00 1.249,00
233 236,17 0,00 0,00 1.176,00 1.255,00
234 236,17 236,17 113,91 1.274,00 1.260,00
235 236,17 0,00 0,00 1.174,00 1.266,00
236 236,17 236,17 113,28 1.272,00 1.271,00
237 236,17 0,00 0,00 1.172,00 1.277,00
238 236,17 0,00 0,00 1.270,00 1.276,00
239 236,17 236,17 112,35 1.368,00 1.281,00
240 236,17 0,00 0,00 1.268,00 1.287,00
241 236,17 236,17 111,76 1.366,00 1.292,00
242 236,17 0,00 0,00 1.266,00 1.298,00
243 236,17 236,17 111,17 1.364,00 1.303,00
244 236,17 0,00 0,00 1.264,00 1.309,00
245 236,17 236,17 110,60 1.362,00 1.314,00
246 236,17 0,00 0,00 1.262,00 1.320,00
247 236,17 236,17 110,05 1.360,00 1.325,00
248 236,17 0,00 0,00 1.260,00 1.331,00
249 236,17 236,17 109,50 1.358,00 1.336,00
250 236,17 0,00 0,00 1.258,00 1.342,00
251 236,17 236,17 108,96 1.356,00 1.347,00
252 236,17 0,00 0,00 1.256,00 1.353,00
253 236,17 0,00 0,00 1.354,00 1.358,00
254 236,17 236,17 108,18 1.452,00 1.363,00
255 236,17 0,00 0,00 1.352,00 1.369,00
256 236,17 236,17 107,67 1.450,00 1.374,00
257 236,17 0,00 0,00 1.350,00 1.380,00
258 236,17 236,17 107,17 1.448,00 1.385,00
259 236,17 0,00 0,00 1.348,00 1.391,00
260 236,17 236,17 106,68 1.446,00 1.396,00
261 236,17 0,00 0,00 1.346,00 1.402,00
262 236,17 236,17 106,20 1.444,00 1.407,00
263 236,17 0,00 0,00 1.344,00 1.413,00
264 236,17 236,17 105,73 1.442,00 1.418,00
265 236,17 0,00 0,00 1.342,00 1.424,00
266 236,17 236,17 105,27 1.440,00 1.429,00
267 236,17 0,00 0,00 1.340,00 1.435,00
268 236,17 0,00 0,00 1.438,00 1.440,00
269 236,17 236,17 104,62 1.536,00 1.445,00
270 236,17 0,00 0,00 1.436,00 1.451,00
271 236,17 236,17 104,18 1.534,00 1.456,00
272 236,17 0,00 0,00 1.434,00 1.462,00
273 236,17 236,17 103,76 1.532,00 1.467,00
274 236,17 0,00 0,00 1.432,00 1.473,00
275 236,17 236,17 103,34 1.530,00 1.478,00
276 236,17 0,00 0,00 1.430,00 1.484,00
277 236,17 236,17 102,94 1.528,00 1.489,00
278 236,17 0,00 0,00 1.428,00 1.495,00
279 236,17 236,17 102,54 1.526,00 1.500,00
280 236,17 0,00 0,00 1.426,00 1.506,00
281 236,17 236,17 102,17 1.524,00 1.511,00
282 236,17 0,00 0,00 1.424,00 1.517,00
283 236,17 236,17 101,80 1.522,00 1.522,00
284 236,17 0,00 0,00 1.423,00 1.528,00
285 236,17 0,00 0,00 1.521,00 1.527,00
286 236,17 236,17 101,25 1.619,00 1.532,00
287 236,17 0,00 0,00 1.519,00 1.538,00
288 236,17 236,17 100,89 1.617,00 1.543,00
289 236,17 0,00 0,00 1.517,00 1.549,00
290 236,17 236,17 100,57 1.615,00 1.554,00
291 236,17 0,00 0,00 1.515,00 1.560,00
292 236,17 236,17 100,22 1.613,00 1.565,00
293 236,17 0,00 0,00 1.513,00 1.571,00
294 236,17 236,17 99,86 1.611,00 1.576,00
295 236,17 0,00 0,00 1.511,00 1.582,00
296 236,17 236,17 99,53 1.609,00 1.587,00
297 236,17 0,00 0,00 1.509,00 1.593,00
298 236,17 236,17 99,21 1.607,00 1.598,00
299 236,17 0,00 0,00 1.507,00 1.604,00
300 236,17 0,00 0,00 1.605,00 1.609,00
301 236,17 236,17 98,73 1.703,00 1.614,00
302 236,17 0,00 0,00 1.603,00 1.620,00
303 236,17 236,17 98,42 1.701,00 1.625,00
304 236,17 0,00 0,00 1.601,00 1.631,00
305 236,17 236,17 98,12 1.699,00 1.636,00
306 236,17 0,00 0,00 1.600,00 1.642,00
307 236,17 236,17 97,82 1.698,00 1.647,00
308 236,17 0,00 0,00 1.598,00 1.653,00
309 236,17 236,17 97,52 1.696,00 1.658,00
310 236,17 0,00 0,00 1.596,00 1.664,00
311 236,17 236,17 97,23 1.694,00 1.669,00
312 236,17 0,00 0,00 1.594,00 1.675,00
313 236,17 236,17 96,95 1.692,00 1.680,00
314 236,17 0,00 0,00 1.592,00 1.686,00
315 236,17 0,00 0,00 1.690,00 1.691,00
316 236,17 236,17 96,54 1.788,00 1.696,00
317 236,17 0,00 0,00 1.688,00 1.702,00
318 236,17 236,17 96,27 1.786,00 1.707,00
319 236,17 0,00 0,00 1.686,00 1.713,00
320 236,17 236,17 96,01 1.784,00 1.718,00
321 236,17 0,00 0,00 1.684,00 1.724,00
322 236,17 236,17 95,75 1.782,00 1.729,00
323 236,17 0,00 0,00 1.682,00 1.735,00
324 236,17 236,17 95,50 1.780,00 1.740,00
325 236,17 0,00 0,00 1.680,00 1.746,00
326 236,17 236,17 95,25 1.778,00 1.751,00
327 236,17 0,00 0,00 1.678,00 1.757,00
328 236,17 236,17 95,01 1.776,00 1.762,00
329 236,17 0,00 0,00 1.676,00 1.768,00
330 236,17 236,17 94,77 1.774,00 1.773,00
331 236,17 0,00 0,00 1.674,00 1.779,00
332 236,17 0,00 0,00 1.772,00 1.778,00
333 236,17 236,17 94,44 1.870,00 1.783,00
334 236,17 0,00 0,00 1.770,00 1.789,00
335 236,17 236,17 94,21 1.868,00 1.794,00
336 236,17 0,00 0,00 1.768,00 1.800,00
337 236,17 236,17 93,99 1.866,00 1.805,00
338 236,17 0,00 0,00 1.766,00 1.811,00
339 236,17 236,17 93,77 1.864,00 1.816,00
340 236,17 0,00 0,00 1.764,00 1.822,00
341 236,17 236,17 93,56 1.862,00 1.827,00
342 236,17 0,00 0,00 1.762,00 1.833,00
343 236,17 236,17 93,34 1.860,00 1.838,00
344 236,17 0,00 0,00 1.760,00 1.844,00
345 236,17 236,17 93,13 1.858,00 1.849,00
346 236,17 0,00 0,00 1.758,00 1.855,00
347 236,17 0,00 0,00 1.856,00 1.860,00
348 236,17 236,17 92,83 1.954,00 1.865,00
349 236,17 0,00 0,00 1.854,00 1.871,00
350 236,17 236,17 92,62 1.952,00 1.876,00
351 236,17 0,00 0,00 1.852,00 1.882,00
352 236,17 236,17 92,43 1.950,00 1.887,00
353 236,17 0,00 0,00 1.850,00 1.893,00
354 236,17 236,17 92,24 1.948,00 1.898,00
355 236,17 0,00 0,00 1.848,00 1.904,00
356 236,17 236,17 92,05 1.946,00 1.909,00
357 236,17 0,00 0,00 1.846,00 1.915,00
358 236,17 236,17 91,86 1.944,00 1.920,00
359 236,17 0,00 0,00 1.844,00 1.926,00
360 236,17 236,17 91,68 1.942,00 1.931,00
361 236,17 0,00 0,00 1.842,00 1.937,00
362 236,17 0,00 0,00 1.940,00 1.942,00
363 236,17 236,17 91,41 2.038,00 1.947,00
364 236,17 0,00 0,00 1.938,00 1.953,00
365 236,17 236,17 91,23 2.036,00 1.958,00
366 236,17 0,00 0,00 1.936,00 1.964,00
367 236,17 236,17 91,06 2.034,00 1.969,00
368 236,17 0,00 0,00 1.934,00 1.975,00
369 236,17 236,17 90,89 2.032,00 1.980,00
370 236,17 0,00 0,00 1.932,00 1.986,00
371 236,17 236,17 90,73 2.030,00 1.991,00
372 236,17 0,00 0,00 1.930,00 1.997,00
373 236,17 236,17 90,56 2.028,00 2.002,00
374 236,17 0,00 0,00 1.928,00 2.008,00
375 236,17 236,17 90,40 2.026,00 2.013,00
376 236,17 0,00 0,00 1.926,00 2.019,00
377 236,17 236,17 90,24 2.024,00 2.024,00
378 236,17 0,00 0,00 1.924,00 2.030,00
379 236,17 0,00 0,00 2.022,00 2.028,00
380 236,17 236,17 90,01 2.120,00 2.033,00
381 236,17 0,00 0,00 2.020,00 2.039,00
382 236,17 236,17 89,85 2.118,00 2.044,00
383 236,17 0,00 0,00 2.018,00 2.050,00
384 236,17 236,17 89,71 2.116,00 2.055,00
385 236,17 0,00 0,00 2.016,00 2.061,00
386 236,17 236,17 89,56 2.114,00 2.066,00
387 236,17 0,00 0,00 2.014,00 2.072,00
388 236,17 236,17 89,41 2.112,00 2.077,00
389 236,17 0,00 0,00 2.012,00 2.083,00
390 236,17 236,17 89,27 2.110,00 2.088,00
391 236,17 0,00 0,00 2.010,00 2.094,00
392 236,17 236,17 89,13 2.108,00 2.099,00
393 236,17 0,00 0,00 2.008,00 2.105,00
394 236,17 0,00 0,00 2.106,00 2.110,00
395 236,17 236,17 88,92 2.204,00 2.115,00
396 236,17 0,00 0,00 2.104,00 2.121,00
397 236,17 236,17 88,79 2.202,00 2.126,00
398 236,17 0,00 0,00 2.102,00 2.132,00
399 236,17 236,17 88,66 2.200,00 2.137,00
400 236,17 0,00 0,00 2.100,00 2.143,00
401 236,17 236,17 88,53 2.198,00 2.148,00
402 236,17 0,00 0,00 2.099,00 2.154,00
403 236,17 236,17 88,40 2.197,00 2.159,00
404 236,17 0,00 0,00 2.097,00 2.165,00
405 236,17 236,17 88,27 2.195,00 2.170,00
406 236,17 0,00 0,00 2.095,00 2.176,00
407 236,17 236,17 88,15 2.193,00 2.181,00
408 236,17 0,00 0,00 2.093,00 2.187,00
409 236,17 0,00 0,00 2.191,00 2.192,00
410 236,17 236,17 87,97 2.289,00 2.197,00
411 236,17 0,00 0,00 2.189,00 2.203,00
412 236,17 236,17 87,85 2.287,00 2.208,00
413 236,17 0,00 0,00 2.187,00 2.214,00
414 236,17 236,17 87,72 2.285,00 2.219,00
415 236,17 0,00 0,00 2.185,00 2.225,00
416 236,17 236,17 87,61 2.283,00 2.230,00
417 236,17 0,00 0,00 2.183,00 2.236,00
418 236,17 236,17 87,50 2.281,00 2.241,00
419 236,17 0,00 0,00 2.181,00 2.247,00
420 236,17 236,17 87,39 2.279,00 2.252,00
421 236,17 0,00 0,00 2.179,00 2.258,00
422 236,17 236,17 87,28 2.277,00 2.263,00
423 236,17 0,00 0,00 2.177,00 2.269,00
424 236,17 236,17 87,17 2.275,00 2.274,00
425 236,17 0,00 0,00 2.175,00 2.280,00
426 236,17 0,00 0,00 2.273,00 2.279,00
427 236,17 236,17 87,01 2.371,00 2.284,00
428 236,17 0,00 0,00 2.271,00 2.290,00
429 236,17 236,17 86,90 2.369,00 2.295,00
430 236,17 0,00 0,00 2.269,00 2.301,00
431 236,17 236,17 86,80 2.367,00 2.306,00
432 236,17 0,00 0,00 2.267,00 2.312,00
433 236,17 236,17 86,70 2.365,00 2.317,00
434 236,17 0,00 0,00 2.265,00 2.323,00
435 236,17 236,17 86,60 2.363,00 2.328,00
436 236,17 0,00 0,00 2.263,00 2.334,00
437 236,17 236,17 86,50 2.361,00 2.339,00
438 236,17 0,00 0,00 2.262,00 2.345,00
439 236,17 236,17 86,40 2.360,00 2.350,00
440 236,17 0,00 0,00 2.260,00 2.356,00
441 236,17 0,00 0,00 2.358,00 2.361,00
442 236,17 236,17 86,25 2.456,00 2.366,00
443 236,17 0,00 0,00 2.356,00 2.372,00
444 236,17 236,17 86,16 2.454,00 2.377,00
445 236,17 0,00 0,00 2.354,00 2.383,00
446 236,17 236,17 86,06 2.452,00 2.388,00
447 236,17 0,00 0,00 2.352,00 2.394,00
448 236,17 236,17 85,97 2.450,00 2.399,00
449 236,17 0,00 0,00 2.350,00 2.405,00
450 236,17 236,17 85,88 2.448,00 2.410,00
451 236,17 0,00 0,00 2.348,00 2.416,00
452 236,17 236,17 85,79 2.446,00 2.421,00
453 236,17 0,00 0,00 2.346,00 2.427,00
454 236,17 236,17 85,70 2.444,00 2.432,00
455 236,17 0,00 0,00 2.344,00 2.438,00
456 236,17 0,00 0,00 2.442,00 2.443,00
457 236,17 236,17 85,57 2.540,00 2.448,00
458 236,17 0,00 0,00 2.440,00 2.454,00
459 236,17 236,17 85,48 2.538,00 2.459,00
460 236,17 0,00 0,00 2.438,00 2.465,00
461 236,17 236,17 85,40 2.536,00 2.470,00
462 236,17 0,00 0,00 2.436,00 2.476,00
463 236,17 236,17 85,32 2.534,00 2.481,00
464 236,17 0,00 0,00 2.434,00 2.487,00
465 236,17 236,17 85,23 2.532,00 2.492,00
466 236,17 0,00 0,00 2.432,00 2.498,00
467 236,17 236,17 85,15 2.530,00 2.503,00
468 236,17 0,00 0,00 2.431,00 2.509,00
469 236,17 236,17 85,07 2.529,00 2.514,00
470 236,17 0,00 0,00 2.429,00 2.520,00
471 236,17 236,17 85,00 2.527,00 2.525,00
472 236,17 0,00 0,00 2.427,00 2.531,00
473 236,17 0,00 0,00 2.525,00 2.531,00
474 236,17 236,17 84,88 2.623,00 2.536,00
475 236,17 0,00 0,00 2.523,00 2.542,00
476 236,17 236,17 84,81 2.621,00 2.547,00
477 236,17 0,00 0,00 2.521,00 2.553,00
478 236,17 236,17 84,74 2.619,00 2.558,00
479 236,17 0,00 0,00 2.519,00 2.564,00
480 236,17 236,17 84,66 2.617,00 2.569,00
481 236,17 0,00 0,00 2.517,00 2.575,00
482 236,17 236,17 84,58 2.615,00 2.580,00
483 236,17 0,00 0,00 2.515,00 2.586,00
484 236,17 236,17 84,51 2.613,00 2.591,00
485 236,17 0,00 0,00 2.513,00 2.597,00
486 236,17 236,17 84,44 2.611,00 2.602,00
487 236,17 0,00 0,00 2.511,00 2.608,00
488 236,17 0,00 0,00 2.609,00 2.613,00
489 236,17 236,17 84,34 2.707,00 2.618,00
490 236,17 0,00 0,00 2.607,00 2.624,00
491 236,17 236,17 84,27 2.705,00 2.629,00
492 236,17 0,00 0,00 2.605,00 2.635,00
493 236,17 236,17 84,20 2.703,00 2.640,00
494 236,17 0,00 0,00 2.604,00 2.646,00
495 236,17 236,17 84,14 2.702,00 2.651,00
496 236,17 0,00 0,00 2.602,00 2.657,00
497 236,17 236,17 84,07 2.700,00 2.662,00
498 236,17 0,00 0,00 2.600,00 2.668,00
499 236,17 236,17 84,01 2.698,00 2.673,00
