500
0 347,63 347,63 347,63 1,00 74,00 0 1
1 347,63 347,63 347,63 1,00 74,00 2034 1
2 347,63 4,90 0,48 197,00 71,00 5373 1
3 347,63 4,90 1,04 385,00 18,00 8224 1
4 347,63 8.364,95 2.518,88 185,00 16,00 10634 1
5 347,63 8.364,95 2.781,93 1,00 31,00 12916 1
6 347,63 8.364,95 3.364,83 1,00 31,00 15418 1
7 347,63 8.364,95 3.457,64 1,00 31,00 17536 1
8 347,63 8.364,95 3.266,93 1,00 31,00 19639 1
9 347,63 8.364,95 4.039,32 1,00 31,00 21808 1
10 347,63 8.364,95 3.792,20 1,00 31,00 23907 1
11 347,63 8.364,95 3.931,09 1,00 31,00 25930 1
12 347,63 8.364,95 3.463,69 1,00 31,00 27892 1
13 347,63 8.364,95 3.916,34 1,00 31,00 29850 1
14 347,63 8.364,95 5.070,96 1,00 31,00 31599 1
15 347,63 8.364,95 2.585,86 1,00 31,00 33497 1
16 347,63 8.364,95 4.930,82 1,00 31,00 35789 1
17 347,63 8.364,95 4.626,59 1,00 31,00 37955 1
18 347,63 8.364,95 4.148,36 1,00 31,00 39952 1
19 347,63 8.364,95 3.662,53 1,00 31,00 41766 1
20 347,63 8.364,95 4.316,98 1,00 31,00 43660 1
21 347,63 8.364,95 3.970,67 1,00 31,00 45373 1
22 347,63 8.364,95 3.371,17 1,00 31,00 47124 1
23 347,63 8.364,95 4.171,41 1,00 31,00 48807 1
24 347,63 8.364,95 4.436,20 1,00 31,00 50463 1
25 347,63 8.364,95 4.785,78 1,00 31,00 52047 1
26 347,63 8.364,95 4.832,90 1,00 31,00 53795 1
27 347,63 8.364,95 4.063,94 1,00 31,00 55520 1
28 347,63 8.364,95 3.427,89 1,00 31,00 57190 1
29 347,63 8.364,95 4.070,62 1,00 31,00 58778 1
30 347,63 8.364,95 4.194,47 1,00 31,00 60394 1
31 347,63 8.364,95 3.328,31 1,00 31,00 62105 1
32 347,63 8.364,95 1.761,69 1,00 31,00 63934 1
33 347,63 8.364,95 1.490,77 1,00 31,00 65556 1
34 347,63 8.364,95 697,03 1,00 31,00 67081 1
35 347,63 11,21 1,12 51,00 31,00 68549 1
36 347,63 11,21 1,40 95,00 16,00 69881 1
37 347,63 11,21 0,88 137,00 16,00 71145 1
38 347,63 11,21 0,95 193,00 16,00 72579 1
39 347,63 11,21 0,92 233,00 16,00 74208 1
40 347,63 11,21 0,86 251,00 16,00 75718 1
41 347,63 11,21 0,74 287,00 16,00 77166 1
42 347,63 11,21 0,98 327,00 16,00 78878 1
43 347,63 7.104,78 670,76 127,00 16,00 80555 1
44 347,63 7.104,78 761,13 1,00 31,00 81773 1
45 347,63 7.104,78 645,75 1,00 31,00 83109 1
46 347,63 7.104,78 658,08 1,00 31,00 84434 1
47 347,63 7.104,78 647,75 1,00 31,00 85600 1
48 347,63 7.104,78 663,69 1,00 31,00 87143 1
49 347,63 7.104,78 665,17 1,00 31,00 88485 1
50 347,63 7.104,78 659,24 1,00 31,00 89667 1
51 347,63 7.104,78 816,50 1,00 31,00 91101 1
52 347,63 7.104,78 830,48 1,00 31,00 92490 1
53 347,63 7.104,78 823,18 1,00 31,00 93718 1
54 347,63 7.104,78 819,36 1,00 31,00 94913 1
55 347,63 11,21 1,31 10,00 31,00 96246 1
56 347,63 11,21 1,69 8,00 16,00 97603 1
57 347,63 11,21 1,36 11,00 16,00 98885 1
58 347,63 11,21 1,43 1,00 16,00 100402 1
59 347,63 347,63 43,44 1,00 1,00 101741 1
60 347,63 347,63 45,31 1,00 1,00 103074 1
61 347,63 347,63 43,22 1,00 1,00 104418 1
62 347,63 347,63 42,76 1,00 1,00 105536 1
63 347,63 347,63 42,63 1,00 1,00 106810 1
64 347,63 347,63 42,48 1,00 1,00 108412 1
65 347,63 347,63 41,73 1,00 1,00 110148 1
66 347,63 347,63 52,36 1,00 1,00 111691 1
67 347,63 347,63 42,20 1,00 1,00 113010 1
68 347,63 347,63 40,49 1,00 1,00 114244 1
69 347,63 347,63 43,36 1,00 1,00 115821 1
70 347,63 347,63 47,20 1,00 1,00 117266 1
71 347,63 347,63 44,56 1,00 1,00 118561 1
72 347,63 347,63 43,47 1,00 1,00 120013 1
73 347,63 347,63 47,74 1,00 1,00 121298 1
74 347,63 347,63 43,56 1,00 1,00 122549 1
75 347,63 347,63 43,15 1,00 1,00 123751 1
76 347,63 347,63 46,11 1,00 1,00 124905 1
77 347,63 347,63 48,04 1,00 1,00 125986 1
78 347,63 347,63 49,93 1,00 1,00 127318 1
79 347,63 347,63 53,03 1,00 1,00 128543 1
80 347,63 347,63 51,24 1,00 1,00 130074 1
81 347,63 347,63 45,17 1,00 1,00 131439 1
82 347,63 347,63 58,27 1,00 1,00 132580 1
83 347,63 347,63 53,42 1,00 1,00 133739 1
84 347,63 347,63 54,58 1,00 1,00 134818 1
85 347,63 347,63 50,66 1,00 1,00 135948 1
86 347,63 347,63 58,56 1,00 1,00 136970 1
87 347,63 347,63 53,76 1,00 1,00 138018 1
88 347,63 347,63 53,76 1,00 1,00 139066 1
89 347,63 347,63 54,16 1,00 1,00 139999 1
90 347,63 347,63 52,97 1,00 1,00 141020 1
91 347,63 347,63 53,99 1,00 1,00 142167 1
92 347,63 347,63 51,82 1,00 1,00 143191 1
93 347,63 347,63 53,07 1,00 1,00 144073 1
94 347,63 347,63 54,40 1,00 1,00 145023 1
95 347,63 347,63 59,48 1,00 1,00 146050 1
96 347,63 347,63 64,39 1,00 1,00 147033 1
97 347,63 347,63 60,32 1,00 1,00 148185 1
98 347,63 347,63 63,59 1,00 1,00 149496 1
99 347,63 347,63 64,04 1,00 1,00 150789 1
100 347,63 347,63 69,72 1,00 1,00 151913 1
101 347,63 347,63 58,65 1,00 1,00 152923 1
102 347,63 347,63 51,10 1,00 1,00 154100 1
103 347,63 347,63 52,90 1,00 1,00 155304 1
104 347,63 347,63 51,96 1,00 1,00 156501 1
105 347,63 347,63 64,88 1,00 1,00 157770 1
106 347,63 347,63 93,55 1,00 1,00 159019 1
107 347,63 347,63 74,40 1,00 1,00 160099 1
108 347,63 347,63 79,15 1,00 1,00 161070 1
109 347,63 347,63 83,08 1,00 1,00 161897 1
110 347,63 347,63 87,86 1,00 1,00 162626 1
111 347,63 347,63 89,85 1,00 1,00 163252 1
112 347,63 347,63 87,67 1,00 1,00 163915 1
113 347,63 347,63 88,90 1,00 1,00 164484 1
114 347,63 347,63 88,08 1,00 1,00 165028 1
115 347,63 347,63 88,33 1,00 1,00 165663 1
116 347,63 347,63 84,71 1,00 1,00 166330 1
117 347,63 347,63 86,08 1,00 1,00 166906 1
118 347,63 347,63 86,59 1,00 1,00 167421 1
119 347,63 347,63 87,00 1,00 1,00 168035 1
120 347,63 347,63 87,20 1,00 1,00 168861 1
121 347,63 347,63 86,75 1,00 1,00 169578 1
122 347,63 347,63 87,64 1,00 1,00 170224 1
123 347,63 347,63 85,64 1,00 1,00 170893 1
124 347,63 347,63 85,19 1,00 1,00 171582 1
125 347,63 347,63 86,06 1,00 1,00 172216 1
126 347,63 347,63 86,62 1,00 1,00 172756 1
127 347,63 347,63 86,86 1,00 1,00 173305 1
128 347,63 347,63 89,17 1,00 1,00 173840 1
129 347,63 347,63 88,68 1,00 1,00 174427 1
130 347,63 347,63 89,30 1,00 1,00 175026 1
131 347,63 347,63 81,25 1,00 1,00 175704 1
132 347,63 347,63 84,96 1,00 1,00 176270 1
133 347,63 347,63 82,09 1,00 1,00 176881 1
134 347,63 347,63 83,28 1,00 1,00 177431 1
135 347,63 347,63 84,67 1,00 1,00 178005 1
136 347,63 347,63 83,46 1,00 1,00 178566 1
137 347,63 347,63 78,48 1,00 1,00 179265 1
138 347,63 347,63 75,20 1,00 1,00 179894 1
139 347,63 347,63 65,85 1,00 1,00 180482 1
140 347,63 347,63 64,21 1,00 1,00 181063 1
141 347,63 347,63 63,15 1,00 1,00 181637 1
142 347,63 347,63 57,79 1,00 1,00 182152 1
143 347,63 347,63 57,38 1,00 1,00 182626 1
144 347,63 347,63 57,74 1,00 1,00 183097 1
145 347,63 347,63 55,11 1,00 1,00 183576 1
146 347,63 347,63 51,24 1,00 1,00 184032 1
147 347,63 347,63 49,73 1,00 1,00 184511 1
148 347,63 347,63 50,14 1,00 1,00 184974 1
149 347,63 347,63 51,02 1,00 1,00 185531 1
150 347,63 347,63 51,11 1,00 1,00 186058 1
151 347,63 347,63 50,93 1,00 1,00 186631 1
152 347,63 347,63 52,07 1,00 1,00 187173 1
153 347,63 347,63 52,59 1,00 1,00 187653 1
154 347,63 347,63 54,20 1,00 1,00 188087 1
155 347,63 347,63 56,26 1,00 1,00 188478 1
156 347,63 347,63 56,81 1,00 1,00 188781 1
157 347,63 347,63 58,91 1,00 1,00 189113 1
158 347,63 347,63 57,86 1,00 1,00 189431 1
159 347,63 347,63 55,80 1,00 1,00 189747 1
160 347,63 347,63 54,49 1,00 1,00 190001 1
161 347,63 347,63 54,06 1,00 1,00 190235 1
162 347,63 347,63 52,50 1,00 1,00 190426 1
163 347,63 347,63 52,46 1,00 1,00 190604 1
164 347,63 347,63 52,52 1,00 1,00 190779 1
165 347,63 347,63 52,66 1,00 1,00 191045 1
166 347,63 347,63 52,74 1,00 1,00 191280 1
167 347,63 347,63 52,66 1,00 1,00 191593 1
168 347,63 347,63 53,06 1,00 1,00 192025 1
169 347,63 347,63 53,25 1,00 1,00 192568 1
170 347,63 347,63 53,14 1,00 1,00 193073 1
171 347,63 347,63 53,04 1,00 1,00 193588 1
172 347,63 347,63 52,91 1,00 1,00 194218 1
173 347,63 347,63 53,83 1,00 1,00 194884 1
174 347,63 347,63 53,86 1,00 1,00 195676 1
175 347,63 347,63 53,85 1,00 1,00 196337 1
176 347,63 347,63 53,33 1,00 1,00 196899 1
177 347,63 347,63 52,88 1,00 1,00 197325 1
178 347,63 347,63 52,75 1,00 1,00 197802 1
179 347,63 347,63 52,58 1,00 1,00 198275 1
180 347,63 347,63 52,36 1,00 1,00 198921 1
181 347,63 347,63 53,42 1,00 1,00 199549 1
182 347,63 347,63 54,51 1,00 1,00 200208 1
183 347,63 347,63 52,79 1,00 1,00 201052 1
184 347,63 347,63 53,38 1,00 1,00 201970 1
185 347,63 347,63 53,02 1,00 1,00 202680 1
186 347,63 347,63 52,67 1,00 1,00 203342 1
187 347,63 347,63 51,21 1,00 1,00 203905 1
188 347,63 347,63 51,56 1,00 1,00 204414 1
189 347,63 347,63 51,76 1,00 1,00 205267 1
190 347,63 347,63 53,36 1,00 1,00 206148 1
191 347,63 347,63 52,79 1,00 1,00 207071 1
192 347,63 347,63 52,85 1,00 1,00 207853 1
193 347,63 347,63 52,98 1,00 1,00 208707 1
194 347,63 347,63 53,51 1,00 1,00 209442 1
195 347,63 347,63 53,51 1,00 1,00 210092 1
196 347,63 347,63 56,90 1,00 1,00 210836 1
197 347,63 347,63 57,83 1,00 1,00 211520 1
198 347,63 347,63 59,41 1,00 1,00 212143 1
199 347,63 347,63 53,47 1,00 1,00 212798 1
200 347,63 347,63 54,15 1,00 1,00 213398 1
201 347,63 347,63 56,63 1,00 1,00 213972 1
202 347,63 347,63 53,37 1,00 1,00 214446 1
203 347,63 347,63 52,86 1,00 1,00 214886 1
204 347,63 347,63 51,70 1,00 1,00 215331 1
205 347,63 347,63 52,48 1,00 1,00 215711 1
206 347,63 347,63 52,61 1,00 1,00 216069 1
207 347,63 347,63 52,64 1,00 1,00 216426 1
208 347,63 347,63 52,69 1,00 1,00 216691 1
209 347,63 347,63 51,83 1,00 1,00 216851 1
210 347,63 347,63 52,72 1,00 1,00 217021 1
211 347,63 347,63 53,83 1,00 1,00 217235 1
212 347,63 347,63 53,75 1,00 1,00 217428 1
213 347,63 347,63 55,39 1,00 1,00 217613 1
214 347,63 347,63 54,44 1,00 1,00 217786 1
215 347,63 347,63 55,95 1,00 1,00 218014 1
216 347,63 347,63 56,78 1,00 1,00 218241 1
217 347,63 347,63 57,21 1,00 1,00 218632 1
218 347,63 347,63 54,35 1,00 1,00 219065 1
219 347,63 347,63 53,12 1,00 1,00 219510 1
220 347,63 347,63 53,97 1,00 1,00 219834 1
221 347,63 347,63 53,49 1,00 1,00 220118 1
222 347,63 347,63 52,91 1,00 1,00 220457 1
223 347,63 347,63 53,09 1,00 1,00 220780 1
224 347,63 347,63 52,92 1,00 1,00 221084 1
225 347,63 347,63 52,98 1,00 1,00 221368 1
226 347,63 347,63 52,57 1,00 1,00 221678 1
227 347,63 347,63 52,82 1,00 1,00 222006 1
228 347,63 347,63 52,82 1,00 1,00 222403 1
229 347,63 347,63 52,89 1,00 1,00 222737 1
230 347,63 347,63 52,83 1,00 1,00 223035 1
231 347,63 347,63 52,69 1,00 1,00 223321 1
232 347,63 347,63 53,13 1,00 1,00 223592 1
233 347,63 347,63 52,98 1,00 1,00 223825 1
234 347,63 347,63 52,93 1,00 1,00 224068 1
235 347,63 347,63 52,77 1,00 1,00 224238 1
236 347,63 347,63 53,62 1,00 1,00 224458 1
237 347,63 347,63 52,72 1,00 1,00 224715 1
238 347,63 347,63 53,85 1,00 1,00 224963 1
239 347,63 347,63 54,66 1,00 1,00 225171 1
240 347,63 347,63 55,54 1,00 1,00 225419 1
241 347,63 347,63 53,86 1,00 1,00 225651 1
242 347,63 347,63 54,76 1,00 1,00 225874 1
243 347,63 347,63 54,49 1,00 1,00 226049 1
244 347,63 347,63 55,35 1,00 1,00 226240 1
245 347,63 347,63 56,22 1,00 1,00 226509 1
246 347,63 347,63 53,53 1,00 1,00 226809 1
247 347,63 347,63 53,19 1,00 1,00 227215 1
248 347,63 347,63 54,13 1,00 1,00 227639 1
249 347,63 347,63 54,74 1,00 1,00 228105 1
250 347,63 347,63 53,26 1,00 1,00 228636 1
251 347,63 347,63 53,45 1,00 1,00 229213 1
252 347,63 347,63 53,05 1,00 1,00 229674 1
253 347,63 347,63 53,48 1,00 1,00 230044 1
254 347,63 347,63 52,50 1,00 1,00 230450 1
255 347,63 347,63 52,63 1,00 1,00 230803 1
256 347,63 347,63 52,52 1,00 1,00 231184 1
257 347,63 347,63 52,37 1,00 1,00 231585 1
258 347,63 347,63 52,36 1,00 1,00 232098 1
259 347,63 347,63 53,03 1,00 1,00 232617 1
260 347,63 347,63 52,56 1,00 1,00 233264 1
261 347,63 347,63 52,10 1,00 1,00 233979 1
262 347,63 347,63 53,26 1,00 1,00 234613 1
263 347,63 347,63 53,43 1,00 1,00 235212 1
264 347,63 347,63 53,11 1,00 1,00 235817 1
265 347,63 347,63 53,29 1,00 1,00 236398 1
266 347,63 347,63 53,14 1,00 1,00 236895 1
267 347,63 347,63 52,57 1,00 1,00 237510 1
268 347,63 347,63 53,02 1,00 1,00 238092 1
269 347,63 347,63 53,87 1,00 1,00 238725 1
270 347,63 347,63 52,87 1,00 1,00 239224 1
271 347,63 347,63 52,42 1,00 1,00 239797 1
272 347,63 347,63 52,16 1,00 1,00 240308 1
273 347,63 347,63 51,83 1,00 1,00 240800 1
274 347,63 347,63 51,22 1,00 1,00 241319 1
275 347,63 347,63 50,86 1,00 1,00 241758 1
276 347,63 347,63 50,51 1,00 1,00 242166 1
277 347,63 347,63 50,63 1,00 1,00 242581 1
278 347,63 347,63 50,23 1,00 1,00 242909 1
279 347,63 347,63 50,04 1,00 1,00 243219 1
280 347,63 347,63 50,86 1,00 1,00 243464 1
281 347,63 347,63 50,65 1,00 1,00 243676 1
282 347,63 347,63 50,77 1,00 1,00 243930 1
283 347,63 347,63 50,54 1,00 1,00 244170 1
284 347,63 347,63 50,29 1,00 1,00 244381 1
285 347,63 347,63 50,16 1,00 1,00 244581 1
286 347,63 347,63 50,12 1,00 1,00 244881 1
287 347,63 347,63 52,03 1,00 1,00 245197 1
288 347,63 347,63 52,06 1,00 1,00 245608 1
289 347,63 347,63 51,76 1,00 1,00 246088 1
290 347,63 347,63 52,49 1,00 1,00 246639 1
291 347,63 347,63 52,46 1,00 1,00 247156 1
292 347,63 347,63 52,92 1,00 1,00 247714 1
293 347,63 347,63 52,03 1,00 1,00 248241 1
294 347,63 347,63 52,35 1,00 1,00 248810 1
295 347,63 347,63 52,50 1,00 1,00 249419 1
296 347,63 347,63 55,22 1,00 1,00 250007 1
297 347,63 347,63 56,04 1,00 1,00 250497 1
298 347,63 347,63 55,11 1,00 1,00 250954 1
299 347,63 347,63 52,66 1,00 1,00 251457 1
300 347,63 347,63 53,09 1,00 1,00 251857 1
301 347,63 347,63 53,39 1,00 1,00 252267 1
302 347,63 347,63 54,83 1,00 1,00 252574 1
303 347,63 347,63 56,35 1,00 1,00 252830 1
304 347,63 347,63 53,04 1,00 1,00 253107 1
305 347,63 347,63 54,31 1,00 1,00 253377 1
306 347,63 347,63 54,80 1,00 1,00 253614 1
307 347,63 347,63 53,42 1,00 1,00 253802 1
308 347,63 347,63 54,72 1,00 1,00 254049 1
309 347,63 347,63 53,09 1,00 1,00 254401 1
310 347,63 347,63 54,98 1,00 1,00 254778 1
311 347,63 347,63 53,40 1,00 1,00 255271 1
312 347,63 347,63 53,21 1,00 1,00 255757 1
313 347,63 347,63 52,87 1,00 1,00 256168 1
314 347,63 347,63 52,93 1,00 1,00 256672 1
315 347,63 347,63 53,24 1,00 1,00 257185 1
316 347,63 347,63 53,13 1,00 1,00 257712 1
317 347,63 347,63 52,27 1,00 1,00 258122 1
318 347,63 347,63 52,77 1,00 1,00 258667 1
319 347,63 347,63 52,48 1,00 1,00 259142 1
320 347,63 347,63 52,51 1,00 1,00 259646 1
321 347,63 347,63 52,90 1,00 1,00 260162 1
322 347,63 347,63 52,61 1,00 1,00 260676 1
323 347,63 347,63 52,46 1,00 1,00 261138 1
324 347,63 347,63 53,64 1,00 1,00 261651 1
325 347,63 347,63 53,01 1,00 1,00 262097 1
326 347,63 347,63 52,91 1,00 1,00 262489 1
327 347,63 347,63 52,96 1,00 1,00 262843 1
328 347,63 347,63 53,29 1,00 1,00 263159 1
329 347,63 347,63 53,34 1,00 1,00 263421 1
330 347,63 347,63 53,61 1,00 1,00 263619 1
331 347,63 347,63 52,72 1,00 1,00 263843 1
332 347,63 347,63 52,69 1,00 1,00 264118 1
333 347,63 347,63 53,19 1,00 1,00 264399 1
334 347,63 347,63 52,86 1,00 1,00 264633 1
335 347,63 347,63 52,45 1,00 1,00 264897 1
336 347,63 347,63 52,44 1,00 1,00 265071 1
337 347,63 347,63 52,41 1,00 1,00 265325 1
338 347,63 347,63 52,50 1,00 1,00 265624 1
339 347,63 347,63 52,36 1,00 1,00 265881 1
340 347,63 347,63 52,48 1,00 1,00 266159 1
341 347,63 347,63 52,42 1,00 1,00 266407 1
342 347,63 347,63 52,43 1,00 1,00 266608 1
343 347,63 347,63 52,34 1,00 1,00 266826 1
344 347,63 347,63 52,42 1,00 1,00 267021 1
345 347,63 347,63 52,42 1,00 1,00 267267 1
346 347,63 347,63 52,42 1,00 1,00 267522 1
347 347,63 347,63 52,40 1,00 1,00 267800 1
348 347,63 347,63 52,31 1,00 1,00 267983 1
349 347,63 347,63 52,34 1,00 1,00 268149 1
350 347,63 347,63 52,30 1,00 1,00 268298 1
351 347,63 347,63 52,35 1,00 1,00 268420 1
352 347,63 347,63 52,32 1,00 1,00 268528 1
353 347,63 347,63 52,31 1,00 1,00 268604 1
354 347,63 347,63 52,30 1,00 1,00 268675 1
355 347,63 347,63 52,29 1,00 1,00 268771 1
356 347,63 347,63 52,27 1,00 1,00 268866 1
357 347,63 347,63 52,26 1,00 1,00 268992 1
358 347,63 347,63 52,28 1,00 1,00 269085 1
359 347,63 347,63 52,27 1,00 1,00 269183 1
360 347,63 347,63 52,28 1,00 1,00 269292 1
361 347,63 347,63 52,35 1,00 1,00 269492 1
362 347,63 347,63 52,43 1,00 1,00 269676 1
363 347,63 347,63 52,61 1,00 1,00 269862 1
364 347,63 347,63 52,53 1,00 1,00 270024 1
365 347,63 347,63 52,28 1,00 1,00 270194 1
366 347,63 347,63 52,42 1,00 1,00 270340 1
367 347,63 347,63 52,40 1,00 1,00 270507 1
368 347,63 347,63 52,50 1,00 1,00 270654 1
369 347,63 347,63 52,60 1,00 1,00 270777 1
370 347,63 347,63 52,40 1,00 1,00 270904 1
371 347,63 347,63 52,34 1,00 1,00 271036 1
372 347,63 347,63 52,38 1,00 1,00 271172 1
373 347,63 347,63 52,54 1,00 1,00 271283 1
374 347,63 347,63 52,43 1,00 1,00 271382 1
375 347,63 347,63 52,47 1,00 1,00 271457 1
376 347,63 347,63 52,36 1,00 1,00 271539 1
377 347,63 347,63 52,35 1,00 1,00 271646 1
378 347,63 347,63 52,48 1,00 1,00 271773 1
379 347,63 347,63 52,40 1,00 1,00 271893 1
380 347,63 347,63 52,34 1,00 1,00 272037 1
381 347,63 347,63 52,33 1,00 1,00 272202 1
382 347,63 347,63 52,31 1,00 1,00 272338 1
383 347,63 347,63 52,31 1,00 1,00 272459 1
384 347,63 347,63 52,31 1,00 1,00 272592 1
385 347,63 347,63 52,31 1,00 1,00 272715 1
386 347,63 347,63 52,32 1,00 1,00 272819 1
387 347,63 347,63 52,32 1,00 1,00 272909 1
388 347,63 347,63 52,32 1,00 1,00 272984 1
389 347,63 347,63 52,33 1,00 1,00 273060 1
390 347,63 347,63 52,32 1,00 1,00 273130 1
391 347,63 347,63 52,32 1,00 1,00 273200 1
392 347,63 347,63 52,33 1,00 1,00 273255 1
393 347,63 347,63 52,32 1,00 1,00 273325 1
394 347,63 347,63 52,32 1,00 1,00 273396 1
395 347,63 347,63 52,33 1,00 1,00 273468 1
396 347,63 347,63 52,33 1,00 1,00 273534 1
397 347,63 347,63 52,33 1,00 1,00 273607 1
398 347,63 347,63 52,33 1,00 1,00 273669 1
399 347,63 347,63 52,33 1,00 1,00 273741 1
400 347,63 347,63 52,33 1,00 1,00 273814 1
401 347,63 347,63 52,33 1,00 1,00 273888 1
402 347,63 347,63 52,33 1,00 1,00 273977 1
403 347,63 347,63 52,33 1,00 1,00 274059 1
404 347,63 347,63 52,33 1,00 1,00 274169 1
405 347,63 347,63 52,33 1,00 1,00 274272 1
406 347,63 347,63 52,32 1,00 1,00 274391 1
407 347,63 347,63 52,33 1,00 1,00 274514 1
408 347,63 347,63 52,34 1,00 1,00 274605 1
409 347,63 347,63 52,33 1,00 1,00 274690 1
410 347,63 347,63 52,33 1,00 1,00 274777 1
411 347,63 347,63 52,34 1,00 1,00 274881 1
412 347,63 347,63 52,34 1,00 1,00 274988 1
413 347,63 347,63 52,34 1,00 1,00 275096 1
414 347,63 347,63 52,34 1,00 1,00 275203 1
415 347,63 347,63 52,34 1,00 1,00 275294 1
416 347,63 347,63 52,34 1,00 1,00 275366 1
417 347,63 347,63 52,34 1,00 1,00 275439 1
418 347,63 347,63 52,35 1,00 1,00 275506 1
419 347,63 347,63 52,35 1,00 1,00 275568 1
420 347,63 347,63 52,34 1,00 1,00 275608 1
421 347,63 347,63 52,34 1,00 1,00 275655 1
422 347,63 347,63 52,34 1,00 1,00 275694 1
423 347,63 347,63 52,34 1,00 1,00 275738 1
424 347,63 347,63 52,34 1,00 1,00 275786 1
425 347,63 347,63 52,35 1,00 1,00 275834 1
426 347,63 347,63 52,35 1,00 1,00 275905 1
427 347,63 347,63 52,34 1,00 1,00 275978 1
428 347,63 347,63 52,35 1,00 1,00 276040 1
429 347,63 347,63 52,35 1,00 1,00 276089 1
430 347,63 347,63 52,35 1,00 1,00 276136 1
431 347,63 347,63 52,35 1,00 1,00 276202 1
432 347,63 347,63 52,35 1,00 1,00 276263 1
433 347,63 347,63 52,35 1,00 1,00 276339 1
434 347,63 347,63 52,34 1,00 1,00 276430 1
435 347,63 347,63 52,35 1,00 1,00 276471 1
436 347,63 347,63 52,35 1,00 1,00 276551 1
437 347,63 347,63 52,35 1,00 1,00 276623 1
438 347,63 347,63 52,35 1,00 1,00 276703 1
439 347,63 347,63 52,35 1,00 1,00 276776 1
440 347,63 347,63 52,35 1,00 1,00 276831 1
441 347,63 347,63 52,36 1,00 1,00 276912 1
442 347,63 347,63 52,36 1,00 1,00 276981 1
443 347,63 347,63 52,36 1,00 1,00 277029 1
444 347,63 347,63 52,36 1,00 1,00 277094 1
445 347,63 347,63 52,37 1,00 1,00 277155 1
446 347,63 347,63 52,37 1,00 1,00 277209 1
447 347,63 347,63 52,37 1,00 1,00 277276 1
448 347,63 347,63 52,38 1,00 1,00 277346 1
449 347,63 347,63 52,38 1,00 1,00 277419 1
450 347,63 347,63 52,39 1,00 1,00 277480 1
451 347,63 347,63 52,39 1,00 1,00 277546 1
452 347,63 347,63 52,39 1,00 1,00 277633 1
453 347,63 347,63 52,40 1,00 1,00 277699 1
454 347,63 347,63 52,40 1,00 1,00 277753 1
455 347,63 347,63 52,40 1,00 1,00 277794 1
456 347,63 347,63 52,40 1,00 1,00 277831 1
457 347,63 347,63 52,40 1,00 1,00 277866 1
458 347,63 347,63 52,40 1,00 1,00 277907 1
459 347,63 347,63 52,40 1,00 1,00 277956 1
460 347,63 347,63 52,40 1,00 1,00 278010 1
461 347,63 347,63 52,40 1,00 1,00 278052 1
462 347,63 347,63 52,40 1,00 1,00 278092 1
463 347,63 347,63 52,40 1,00 1,00 278136 1
464 347,63 347,63 52,40 1,00 1,00 278171 1
465 347,63 347,63 52,40 1,00 1,00 278215 1
466 347,63 347,63 52,40 1,00 1,00 278256 1
467 347,63 347,63 52,40 1,00 1,00 278310 1
468 347,63 347,63 52,40 1,00 1,00 278372 1
469 347,63 347,63 52,40 1,00 1,00 278422 1
470 347,63 347,63 52,40 1,00 1,00 278480 1
471 347,63 347,63 52,39 1,00 1,00 278532 1
472 347,63 347,63 52,39 1,00 1,00 278583 1
473 347,63 347,63 52,39 1,00 1,00 278628 1
474 347,63 347,63 52,40 1,00 1,00 278661 1
475 347,63 347,63 52,39 1,00 1,00 278697 1
476 347,63 347,63 52,39 1,00 1,00 278747 1
477 347,63 347,63 52,40 1,00 1,00 278809 1
478 347,63 347,63 52,39 1,00 1,00 278860 1
479 347,63 347,63 52,39 1,00 1,00 278924 1
480 347,63 347,63 52,40 1,00 1,00 278971 1
481 347,63 347,63 52,40 1,00 1,00 279018 1
482 347,63 347,63 52,39 1,00 1,00 279043 1
483 347,63 347,63 52,40 1,00 1,00 279071 1
484 347,63 347,63 52,40 1,00 1,00 279098 1
485 347,63 347,63 52,40 1,00 1,00 279123 1
486 347,63 347,63 52,40 1,00 1,00 279191 1
487 347,63 347,63 52,40 1,00 1,00 279255 1
488 347,63 347,63 52,40 1,00 1,00 279281 1
489 347,63 347,63 52,40 1,00 1,00 279305 1
490 347,63 347,63 52,40 1,00 1,00 279344 1
491 347,63 347,63 52,40 1,00 1,00 279378 1
492 347,63 347,63 52,40 1,00 1,00 279421 1
493 347,63 347,63 52,40 1,00 1,00 279458 1
494 347,63 347,63 52,40 1,00 1,00 279509 1
495 347,63 347,63 52,40 1,00 1,00 279558 1
496 347,63 347,63 52,40 1,00 1,00 279608 1
497 347,63 347,63 52,40 1,00 1,00 279665 1
498 347,63 347,63 52,40 1,00 1,00 279720 1
499 347,63 347,63 52,39 1,00 1,00 279792 1
