1000
0 350,96 350,96 350,96 1,00 4,00 0
1 350,96 350,96 350,96 1,00 12,00 1235
2 350,96 350,96 195,22 1,00 20,00 1774
3 350,96 12,53 7,44 1,00 28,00 1865
4 350,96 12,53 7,52 1,00 36,00 1875
5 350,96 12,53 7,52 1,00 44,00 1879
6 350,96 12,53 7,51 1,00 52,00 1881
7 350,96 12,53 7,50 1,00 60,00 1881
8 350,96 12,53 7,50 1,00 68,00 1881
9 350,96 12,53 7,50 1,00 76,00 1881
10 350,96 12,53 7,50 1,00 84,00 1881
11 350,96 12,53 7,50 1,00 92,00 1881
12 350,96 3,51 2,10 1,00 100,00 1881
13 350,96 3,51 2,10 1,00 108,00 1881
14 350,96 3,51 2,10 1,00 116,00 1881
15 350,96 3,51 2,10 1,00 124,00 1881
16 350,96 3,51 2,10 1,00 132,00 1881
17 350,96 2,51 1,50 1,00 140,00 1881
18 350,96 2,51 1,50 1,00 148,00 1881
19 350,96 2,51 1,50 1,00 156,00 1881
20 350,96 2,51 1,50 1,00 164,00 1881
21 350,96 2,51 1,50 1,00 172,00 1881
22 350,96 2,51 1,50 1,00 180,00 1881
23 350,96 2,51 1,50 1,00 188,00 1881
24 350,96 2,51 1,50 1,00 196,00 1881
25 350,96 2,51 1,50 1,00 204,00 1881
26 350,96 2,51 1,50 1,00 212,00 1881
27 350,96 2,51 1,50 1,00 220,00 1881
28 350,96 2,51 1,50 1,00 228,00 1881
29 350,96 2,51 1,50 1,00 236,00 1881
30 350,96 2,51 1,50 95,00 244,00 1881
31 350,96 137,21 82,15 95,00 251,00 2704
32 350,96 133,37 78,00 95,00 258,00 3431
33 350,96 133,37 76,63 95,00 266,00 3821
34 350,96 133,37 80,90 95,00 274,00 4072
35 350,96 133,37 81,81 95,00 282,00 4286
36 350,96 133,37 78,85 95,00 290,00 4405
37 350,96 133,37 78,81 95,00 298,00 4558
38 350,96 133,37 80,98 95,00 306,00 4625
39 350,96 133,37 78,32 95,00 314,00 4666
40 350,96 133,37 78,08 95,00 322,00 4711
41 350,96 101,03 59,74 95,00 330,00 4762
42 350,96 98,64 59,36 95,00 338,00 4795
43 350,96 98,64 57,33 95,00 346,00 4831
44 350,96 98,64 58,91 95,00 354,00 4863
45 350,96 98,64 58,81 95,00 362,00 4893
46 350,96 98,64 58,96 95,00 370,00 4918
47 350,96 98,64 58,63 95,00 378,00 4938
48 350,96 98,64 58,61 95,00 386,00 4953
49 350,96 98,64 58,63 95,00 394,00 4969
50 350,96 98,64 58,55 95,00 402,00 4978
51 350,96 98,64 58,56 95,00 410,00 4991
52 350,96 98,64 58,48 95,00 418,00 5006
53 350,96 98,64 58,44 95,00 426,00 5016
54 350,96 76,82 45,53 95,00 434,00 5027
55 350,96 76,82 45,47 95,00 442,00 5033
56 350,96 76,82 45,48 95,00 450,00 5043
57 350,96 76,82 45,42 95,00 458,00 5047
58 350,96 76,82 45,42 95,00 466,00 5055
59 350,96 76,82 45,42 95,00 474,00 5061
60 350,96 76,82 45,42 1,00 482,00 5068
61 350,96 76,82 45,42 1,00 490,00 5076
62 350,96 76,82 45,28 1,00 498,00 5097
63 350,96 76,82 45,26 1,00 506,00 5110
64 350,96 76,82 45,22 1,00 514,00 5114
65 350,96 76,82 45,20 1,00 522,00 5115
66 350,96 76,82 45,19 1,00 530,00 5118
67 350,96 76,82 45,19 1,00 538,00 5123
68 350,96 76,82 45,20 1,00 546,00 5124
69 350,96 0,63 0,37 1,00 554,00 5125
70 350,96 0,63 0,37 1,00 562,00 5125
71 350,96 0,63 0,37 1,00 570,00 5125
72 350,96 0,63 0,37 1,00 578,00 5125
73 350,96 0,63 0,37 1,00 586,00 5125
74 350,96 0,63 0,37 1,00 594,00 5126
75 350,96 0,58 0,34 1,00 602,00 5126
76 350,96 0,58 0,34 1,00 610,00 5126
77 350,96 0,58 0,34 1,00 618,00 5126
78 350,96 0,56 0,33 1,00 626,00 5127
79 350,96 0,56 0,33 1,00 634,00 5128
80 350,96 0,56 0,33 1,00 642,00 5128
81 350,96 0,56 0,33 1,00 650,00 5128
82 350,96 0,56 0,33 1,00 658,00 5128
83 350,96 0,56 0,33 1,00 666,00 5128
84 350,96 0,56 0,33 1,00 674,00 5128
85 350,96 0,51 0,30 1,00 682,00 5128
86 350,96 0,51 0,30 1,00 690,00 5128
87 350,96 0,51 0,30 1,00 698,00 5128
88 350,96 0,51 0,30 1,00 706,00 5129
89 350,96 0,51 0,30 1,00 714,00 5133
90 350,96 0,51 0,30 99,00 722,00 5133
91 350,96 0,51 0,30 99,00 730,00 5240
92 350,96 47,66 27,61 99,00 737,00 5280
93 350,96 47,66 27,59 99,00 745,00 5298
94 350,96 47,66 27,58 99,00 753,00 5308
95 350,96 47,66 27,56 99,00 761,00 5318
96 350,96 47,66 27,55 99,00 769,00 5327
97 350,96 47,66 27,53 99,00 777,00 5336
98 350,96 47,66 27,53 99,00 785,00 5340
99 350,96 47,66 27,53 99,00 793,00 5347
100 350,96 47,66 27,53 99,00 801,00 5351
101 350,96 47,66 27,53 99,00 809,00 5353
102 350,96 47,66 27,53 99,00 817,00 5354
103 350,96 42,12 24,33 99,00 825,00 5357
104 350,96 42,12 24,33 99,00 833,00 5357
105 350,96 42,12 24,33 99,00 841,00 5357
106 350,96 42,12 24,33 99,00 849,00 5357
107 350,96 42,12 24,33 99,00 857,00 5357
108 350,96 42,12 24,33 99,00 865,00 5357
109 350,96 42,12 24,33 99,00 873,00 5359
110 350,96 42,12 24,33 99,00 881,00 5359
111 350,96 42,12 24,33 99,00 889,00 5360
112 350,96 42,12 24,33 99,00 897,00 5362
113 350,96 42,12 24,33 99,00 905,00 5364
114 350,96 42,12 24,33 99,00 913,00 5366
115 350,96 42,12 24,33 99,00 921,00 5366
116 350,96 37,40 21,60 99,00 929,00 5366
117 350,96 37,40 21,60 99,00 937,00 5366
118 350,96 37,40 21,60 99,00 945,00 5367
119 350,96 37,40 21,60 99,00 953,00 5368
120 350,96 37,40 21,60 1,00 961,00 5368
121 350,96 37,40 21,60 1,00 969,00 5378
122 350,96 37,40 21,30 1,00 977,00 5387
123 350,96 37,40 21,30 1,00 985,00 5391
124 350,96 37,40 21,30 1,00 993,00 5392
125 350,96 37,40 21,30 1,00 1.001,00 5392
126 350,96 37,40 21,30 1,00 1.009,00 5392
127 350,96 37,40 21,30 1,00 1.017,00 5392
128 350,96 0,34 0,19 1,00 1.025,00 5392
129 350,96 0,34 0,19 1,00 1.033,00 5392
130 350,96 0,34 0,19 1,00 1.041,00 5392
131 350,96 0,34 0,19 1,00 1.049,00 5392
132 350,96 0,33 0,19 1,00 1.057,00 5392
133 350,96 0,33 0,19 1,00 1.065,00 5392
134 350,96 0,33 0,19 1,00 1.073,00 5392
135 350,96 0,33 0,19 1,00 1.081,00 5392
136 350,96 0,32 0,18 1,00 1.089,00 5392
137 350,96 0,32 0,18 1,00 1.097,00 5392
138 350,96 0,32 0,18 1,00 1.105,00 5392
139 350,96 0,32 0,18 1,00 1.113,00 5392
140 350,96 0,32 0,18 1,00 1.121,00 5397
141 350,96 0,32 0,18 1,00 1.129,00 5398
142 350,96 0,32 0,18 1,00 1.137,00 5398
143 350,96 0,32 0,18 1,00 1.145,00 5398
144 350,96 0,32 0,18 1,00 1.153,00 5398
145 350,96 0,32 0,18 1,00 1.161,00 5398
146 350,96 0,32 0,18 1,00 1.169,00 5398
147 350,96 0,32 0,18 1,00 1.177,00 5398
148 350,96 0,32 0,18 1,00 1.185,00 5398
149 350,96 0,32 0,18 1,00 1.193,00 5398
150 350,96 0,32 0,18 99,00 1.201,00 5398
151 350,96 0,32 0,18 99,00 1.209,00 5443
152 350,96 28,76 16,11 99,00 1.216,00 5461
153 350,96 28,76 16,11 99,00 1.224,00 5469
154 350,96 28,76 16,10 99,00 1.232,00 5476
155 350,96 28,76 16,09 99,00 1.240,00 5480
156 350,96 28,76 16,08 99,00 1.248,00 5482
157 350,96 28,76 16,08 99,00 1.256,00 5482
158 350,96 28,76 16,08 99,00 1.264,00 5492
159 350,96 28,76 16,06 99,00 1.272,00 5501
160 350,96 28,76 16,05 99,00 1.280,00 5510
161 350,96 26,98 15,04 99,00 1.288,00 5520
162 350,96 26,98 15,04 99,00 1.296,00 5532
163 350,96 26,98 15,03 99,00 1.304,00 5544
164 350,96 26,98 15,02 99,00 1.312,00 5553
165 350,96 26,98 15,02 99,00 1.320,00 5560
166 350,96 26,98 15,01 99,00 1.328,00 5566
167 350,96 26,01 14,46 99,00 1.336,00 5570
168 350,96 25,85 14,37 99,00 1.344,00 5573
169 350,96 25,85 14,37 99,00 1.352,00 5575
170 350,96 25,85 14,36 99,00 1.360,00 5576
171 350,96 25,40 14,11 99,00 1.368,00 5577
172 350,96 25,40 14,11 99,00 1.376,00 5578
173 350,96 25,40 14,11 99,00 1.384,00 5579
174 350,96 25,40 14,11 99,00 1.392,00 5580
175 350,96 25,40 14,11 99,00 1.400,00 5582
176 350,96 25,40 14,11 99,00 1.408,00 5583
177 350,96 25,40 14,11 99,00 1.416,00 5584
178 350,96 25,40 14,11 99,00 1.424,00 5587
179 350,96 25,40 14,11 99,00 1.432,00 5589
180 350,96 25,40 14,11 1,00 1.440,00 5591
181 350,96 25,40 14,11 1,00 1.448,00 5600
182 350,96 25,40 14,04 1,00 1.456,00 5601
183 350,96 0,24 0,13 1,00 1.464,00 5602
184 350,96 0,24 0,13 1,00 1.472,00 5602
185 350,96 0,24 0,13 1,00 1.480,00 5602
186 350,96 0,24 0,13 1,00 1.488,00 5602
187 350,96 0,23 0,13 1,00 1.496,00 5602
188 350,96 0,23 0,13 1,00 1.504,00 5602
189 350,96 0,23 0,13 1,00 1.512,00 5602
190 350,96 0,23 0,13 1,00 1.520,00 5602
191 350,96 0,23 0,13 1,00 1.528,00 5604
192 350,96 0,23 0,13 1,00 1.536,00 5606
193 350,96 0,23 0,13 1,00 1.544,00 5607
194 350,96 0,23 0,13 1,00 1.552,00 5611
195 350,96 0,23 0,13 1,00 1.560,00 5613
196 350,96 0,23 0,13 1,00 1.568,00 5613
197 350,96 0,23 0,13 1,00 1.576,00 5613
198 350,96 0,23 0,13 1,00 1.584,00 5613
199 350,96 0,23 0,13 1,00 1.592,00 5613
200 350,96 0,22 0,12 1,00 1.600,00 5613
201 350,96 0,22 0,12 1,00 1.608,00 5613
202 350,96 0,22 0,12 1,00 1.616,00 5613
203 350,96 0,22 0,12 1,00 1.624,00 5613
204 350,96 0,22 0,12 1,00 1.632,00 5613
205 350,96 0,22 0,12 1,00 1.640,00 5613
206 350,96 0,22 0,12 1,00 1.648,00 5613
207 350,96 0,22 0,12 1,00 1.656,00 5613
208 350,96 0,22 0,12 1,00 1.664,00 5614
209 350,96 0,22 0,12 1,00 1.672,00 5616
210 350,96 0,22 0,12 97,00 1.680,00 5616
211 350,96 0,22 0,12 97,00 1.688,00 5655
212 350,96 20,18 11,02 97,00 1.695,00 5665
213 350,96 20,18 11,02 97,00 1.703,00 5671
214 350,96 20,18 11,02 97,00 1.711,00 5671
215 350,96 20,18 11,02 97,00 1.719,00 5671
216 350,96 20,18 11,02 97,00 1.727,00 5671
217 350,96 20,18 11,02 97,00 1.735,00 5671
218 350,96 20,18 11,02 97,00 1.743,00 5671
219 350,96 20,18 11,02 97,00 1.751,00 5671
220 350,96 20,18 11,02 97,00 1.759,00 5671
221 350,96 20,18 11,02 97,00 1.767,00 5671
222 350,96 20,18 11,02 97,00 1.775,00 5671
223 350,96 20,18 11,02 97,00 1.783,00 5671
224 350,96 19,01 10,38 97,00 1.791,00 5671
225 350,96 19,01 10,38 97,00 1.799,00 5671
226 350,96 19,01 10,38 97,00 1.807,00 5671
227 350,96 19,01 10,38 97,00 1.815,00 5671
228 350,96 19,01 10,38 97,00 1.823,00 5671
229 350,96 19,01 10,38 97,00 1.831,00 5671
230 350,96 18,51 10,10 97,00 1.839,00 5671
231 350,96 18,51 10,10 97,00 1.847,00 5671
232 350,96 18,35 10,02 97,00 1.855,00 5671
233 350,96 18,35 10,02 97,00 1.863,00 5671
234 350,96 18,35 10,02 97,00 1.871,00 5671
235 350,96 18,35 10,02 97,00 1.879,00 5671
236 350,96 18,35 10,02 97,00 1.887,00 5671
237 350,96 18,35 10,02 97,00 1.895,00 5671
238 350,96 18,35 10,02 97,00 1.903,00 5671
239 350,96 18,35 10,02 97,00 1.911,00 5671
240 350,96 18,35 10,02 1,00 1.919,00 5671
241 350,96 18,35 10,02 1,00 1.927,00 5686
242 350,96 18,35 9,91 1,00 1.935,00 5686
243 350,96 18,35 9,91 1,00 1.943,00 5687
244 350,96 18,35 9,90 1,00 1.951,00 5688
245 350,96 18,35 9,90 1,00 1.959,00 5688
246 350,96 18,35 9,90 1,00 1.967,00 5688
247 350,96 18,35 9,90 1,00 1.975,00 5688
248 350,96 0,18 0,10 1,00 1.983,00 5688
249 350,96 0,18 0,10 1,00 1.991,00 5691
250 350,96 0,18 0,10 1,00 1.999,00 5693
251 350,96 0,18 0,10 1,00 2.007,00 5693
252 350,96 0,18 0,10 1,00 2.015,00 5693
253 350,96 0,18 0,10 1,00 2.023,00 5694
254 350,96 0,18 0,10 1,00 2.031,00 5694
255 350,96 0,18 0,10 1,00 2.039,00 5694
256 350,96 0,18 0,10 1,00 2.047,00 5694
257 350,96 0,18 0,10 1,00 2.055,00 5694
258 350,96 0,17 0,09 1,00 2.063,00 5694
259 350,96 0,17 0,09 1,00 2.071,00 5694
260 350,96 0,17 0,09 1,00 2.079,00 5694
261 350,96 0,17 0,09 1,00 2.087,00 5694
262 350,96 0,17 0,09 1,00 2.095,00 5694
263 350,96 0,17 0,09 1,00 2.103,00 5694
264 350,96 0,17 0,09 1,00 2.111,00 5694
265 350,96 0,17 0,09 1,00 2.119,00 5694
266 350,96 0,17 0,09 1,00 2.127,00 5694
267 350,96 0,17 0,09 1,00 2.135,00 5694
268 350,96 0,17 0,09 1,00 2.143,00 5694
269 350,96 0,17 0,09 1,00 2.151,00 5694
270 350,96 0,17 0,09 99,00 2.159,00 5694
271 350,96 0,17 0,09 99,00 2.167,00 5724
272 350,96 16,04 8,56 99,00 2.174,00 5736
273 350,96 16,04 8,56 99,00 2.182,00 5742
274 350,96 16,04 8,55 99,00 2.190,00 5742
275 350,96 16,04 8,55 99,00 2.198,00 5742
276 350,96 16,04 8,55 99,00 2.206,00 5742
277 350,96 16,04 8,55 99,00 2.214,00 5742
278 350,96 16,04 8,55 99,00 2.222,00 5742
279 350,96 16,04 8,55 99,00 2.230,00 5742
280 350,96 16,04 8,55 99,00 2.238,00 5742
281 350,96 16,04 8,55 99,00 2.246,00 5742
282 350,96 16,04 8,55 99,00 2.254,00 5742
283 350,96 16,04 8,55 99,00 2.262,00 5742
284 350,96 16,04 8,55 99,00 2.270,00 5742
285 350,96 16,04 8,55 99,00 2.278,00 5742
286 350,96 16,04 8,55 99,00 2.286,00 5742
287 350,96 16,04 8,55 99,00 2.294,00 5742
288 350,96 16,04 8,55 99,00 2.302,00 5742
289 350,96 16,04 8,55 99,00 2.310,00 5742
290 350,96 16,04 8,55 99,00 2.318,00 5742
291 350,96 16,04 8,55 99,00 2.326,00 5742
292 350,96 16,04 8,55 99,00 2.334,00 5742
293 350,96 16,04 8,55 99,00 2.342,00 5742
294 350,96 14,79 7,88 99,00 2.350,00 5742
295 350,96 14,79 7,88 99,00 2.358,00 5742
296 350,96 14,79 7,88 99,00 2.366,00 5742
297 350,96 14,64 7,80 99,00 2.374,00 5742
298 350,96 14,64 7,80 99,00 2.382,00 5742
299 350,96 14,64 7,80 99,00 2.390,00 5742
300 350,96 14,64 7,80 1,00 2.398,00 5742
301 350,96 14,64 7,80 1,00 2.406,00 5752
302 350,96 14,64 7,72 1,00 2.414,00 5752
303 350,96 14,64 7,72 1,00 2.422,00 5752
304 350,96 14,64 7,72 1,00 2.430,00 5752
305 350,96 14,64 7,72 1,00 2.438,00 5752
306 350,96 14,64 7,72 1,00 2.446,00 5762
307 350,96 0,14 0,08 1,00 2.454,00 5773
308 350,96 0,14 0,08 1,00 2.462,00 5778
309 350,96 0,14 0,08 1,00 2.470,00 5780
310 350,96 0,14 0,08 1,00 2.478,00 5780
311 350,96 0,14 0,08 1,00 2.486,00 5780
312 350,96 0,14 0,08 1,00 2.494,00 5780
313 350,96 0,14 0,08 1,00 2.502,00 5782
314 350,96 0,14 0,07 1,00 2.510,00 5783
315 350,96 0,14 0,07 1,00 2.518,00 5783
316 350,96 0,14 0,07 1,00 2.526,00 5783
317 350,96 0,14 0,07 1,00 2.534,00 5783
318 350,96 0,14 0,07 1,00 2.542,00 5783
319 350,96 0,14 0,07 1,00 2.550,00 5783
320 350,96 0,14 0,07 1,00 2.558,00 5783
321 350,96 0,14 0,07 1,00 2.566,00 5783
322 350,96 0,14 0,07 1,00 2.574,00 5783
323 350,96 0,14 0,07 1,00 2.582,00 5783
324 350,96 0,14 0,07 1,00 2.590,00 5783
325 350,96 0,14 0,07 1,00 2.598,00 5783
326 350,96 0,14 0,07 1,00 2.606,00 5783
327 350,96 0,14 0,07 1,00 2.614,00 5783
328 350,96 0,14 0,07 1,00 2.622,00 5783
329 350,96 0,14 0,07 1,00 2.630,00 5783
330 350,96 0,14 0,07 99,00 2.638,00 5783
331 350,96 13,18 6,92 99,00 2.645,00 5809
332 350,96 13,18 6,87 99,00 2.653,00 5815
333 350,96 13,18 6,87 99,00 2.661,00 5818
334 350,96 13,18 6,87 99,00 2.669,00 5819
335 350,96 13,18 6,87 99,00 2.677,00 5820
336 350,96 13,18 6,86 99,00 2.685,00 5820
337 350,96 13,18 6,86 99,00 2.693,00 5820
338 350,96 13,18 6,86 99,00 2.701,00 5820
339 350,96 12,83 6,68 99,00 2.709,00 5820
340 350,96 12,83 6,68 99,00 2.717,00 5820
341 350,96 12,83 6,68 99,00 2.725,00 5820
342 350,96 12,71 6,62 99,00 2.733,00 5820
343 350,96 12,71 6,62 99,00 2.741,00 5820
344 350,96 12,71 6,62 99,00 2.749,00 5820
345 350,96 12,71 6,62 99,00 2.757,00 5820
346 350,96 12,71 6,62 99,00 2.765,00 5820
347 350,96 12,71 6,62 99,00 2.773,00 5820
348 350,96 12,71 6,62 99,00 2.781,00 5820
349 350,96 12,71 6,62 99,00 2.789,00 5820
350 350,96 12,71 6,62 99,00 2.797,00 5820
351 350,96 12,71 6,62 99,00 2.805,00 5820
352 350,96 12,71 6,62 99,00 2.813,00 5820
353 350,96 12,71 6,62 99,00 2.821,00 5820
354 350,96 12,71 6,62 99,00 2.829,00 5820
355 350,96 12,71 6,62 99,00 2.837,00 5820
356 350,96 12,71 6,62 99,00 2.845,00 5820
357 350,96 12,71 6,62 99,00 2.853,00 5820
358 350,96 12,71 6,62 99,00 2.861,00 5820
359 350,96 12,71 6,62 99,00 2.869,00 5820
360 350,96 12,08 6,29 1,00 2.877,00 5820
361 350,96 12,08 6,29 1,00 2.885,00 5827
362 350,96 12,08 6,23 1,00 2.893,00 5827
363 350,96 12,08 6,23 1,00 2.901,00 5827
364 350,96 12,08 6,23 1,00 2.909,00 5827
365 350,96 12,08 6,23 1,00 2.917,00 5827
366 350,96 12,08 6,23 1,00 2.925,00 5827
367 350,96 0,12 0,06 1,00 2.933,00 5827
368 350,96 0,12 0,06 1,00 2.941,00 5827
369 350,96 0,12 0,06 1,00 2.949,00 5827
370 350,96 0,12 0,06 1,00 2.957,00 5827
371 350,96 0,12 0,06 1,00 2.965,00 5827
372 350,96 0,12 0,06 1,00 2.973,00 5827
373 350,96 0,12 0,06 1,00 2.981,00 5827
374 350,96 0,12 0,06 1,00 2.989,00 5827
375 350,96 0,12 0,06 1,00 2.997,00 5827
376 350,96 0,12 0,06 1,00 3.005,00 5827
377 350,96 0,12 0,06 1,00 3.013,00 5827
378 350,96 0,12 0,06 1,00 3.021,00 5827
379 350,96 0,12 0,06 1,00 3.029,00 5827
380 350,96 0,12 0,06 1,00 3.037,00 5827
381 350,96 0,12 0,06 1,00 3.045,00 5827
382 350,96 0,12 0,06 1,00 3.053,00 5827
383 350,96 0,12 0,06 1,00 3.061,00 5833
384 350,96 0,12 0,06 1,00 3.069,00 5833
385 350,96 0,12 0,06 1,00 3.077,00 5833
386 350,96 0,12 0,06 1,00 3.085,00 5833
387 350,96 0,12 0,06 1,00 3.093,00 5833
388 350,96 0,12 0,06 1,00 3.101,00 5833
389 350,96 0,12 0,06 1,00 3.109,00 5833
390 350,96 0,12 0,06 99,00 3.117,00 5833
391 350,96 11,15 5,70 99,00 3.124,00 5854
392 350,96 11,15 5,69 99,00 3.132,00 5858
393 350,96 11,15 5,69 99,00 3.140,00 5861
394 350,96 11,15 5,68 99,00 3.148,00 5861
395 350,96 11,15 5,68 99,00 3.156,00 5861
396 350,96 11,15 5,68 99,00 3.164,00 5861
397 350,96 11,15 5,68 99,00 3.172,00 5861
398 350,96 11,15 5,68 99,00 3.180,00 5861
399 350,96 10,90 5,55 99,00 3.188,00 5861
400 350,96 10,90 5,55 99,00 3.196,00 5861
401 350,96 10,90 5,55 99,00 3.204,00 5865
402 350,96 10,90 5,54 99,00 3.212,00 5866
403 350,96 10,90 5,54 99,00 3.220,00 5866
404 350,96 10,90 5,54 99,00 3.228,00 5866
405 350,96 10,90 5,54 99,00 3.236,00 5866
406 350,96 10,90 5,54 99,00 3.244,00 5866
407 350,96 10,90 5,54 99,00 3.252,00 5866
408 350,96 10,90 5,54 99,00 3.260,00 5866
409 350,96 10,90 5,54 99,00 3.268,00 5866
410 350,96 10,90 5,54 99,00 3.276,00 5866
411 350,96 10,90 5,54 99,00 3.284,00 5866
412 350,96 10,90 5,54 99,00 3.292,00 5866
413 350,96 10,90 5,54 99,00 3.300,00 5866
414 350,96 10,90 5,54 99,00 3.308,00 5866
415 350,96 10,48 5,32 99,00 3.316,00 5866
416 350,96 10,48 5,32 99,00 3.324,00 5866
417 350,96 10,48 5,32 99,00 3.332,00 5866
418 350,96 10,40 5,29 99,00 3.340,00 5866
419 350,96 10,40 5,29 99,00 3.348,00 5866
420 350,96 10,40 5,29 1,00 3.356,00 5866
421 350,96 0,10 0,05 1,00 3.364,00 5875
422 350,96 0,10 0,05 1,00 3.372,00 5878
423 350,96 0,10 0,05 1,00 3.380,00 5879
424 350,96 0,10 0,05 1,00 3.388,00 5879
425 350,96 0,10 0,05 1,00 3.396,00 5879
426 350,96 0,10 0,05 1,00 3.404,00 5879
427 350,96 0,10 0,05 1,00 3.412,00 5879
428 350,96 0,10 0,05 1,00 3.420,00 5880
429 350,96 0,10 0,05 1,00 3.428,00 5880
430 350,96 0,10 0,05 1,00 3.436,00 5880
431 350,96 0,10 0,05 1,00 3.444,00 5880
432 350,96 0,10 0,05 1,00 3.452,00 5880
433 350,96 0,10 0,05 1,00 3.460,00 5880
434 350,96 0,10 0,05 1,00 3.468,00 5880
435 350,96 0,10 0,05 1,00 3.476,00 5880
436 350,96 0,10 0,05 1,00 3.484,00 5880
437 350,96 0,10 0,05 1,00 3.492,00 5880
438 350,96 0,10 0,05 1,00 3.500,00 5880
439 350,96 0,10 0,05 1,00 3.508,00 5880
440 350,96 0,10 0,05 1,00 3.516,00 5880
441 350,96 0,10 0,05 1,00 3.524,00 5880
442 350,96 0,10 0,05 1,00 3.532,00 5880
443 350,96 0,10 0,05 1,00 3.540,00 5880
444 350,96 0,10 0,05 1,00 3.548,00 5880
445 350,96 0,10 0,05 1,00 3.556,00 5880
446 350,96 0,10 0,05 1,00 3.564,00 5880
447 350,96 0,10 0,05 1,00 3.572,00 5880
448 350,96 0,10 0,05 1,00 3.580,00 5880
449 350,96 0,10 0,05 1,00 3.588,00 5880
450 350,96 0,10 0,05 99,00 3.596,00 5880
451 350,96 0,10 0,05 99,00 3.604,00 5901
452 350,96 9,64 4,81 99,00 3.611,00 5908
453 350,96 9,60 4,79 99,00 3.619,00 5908
454 350,96 9,58 4,78 99,00 3.627,00 5908
455 350,96 9,58 4,78 99,00 3.635,00 5908
456 350,96 9,58 4,78 99,00 3.643,00 5909
457 350,96 9,58 4,77 99,00 3.651,00 5909
458 350,96 9,50 4,73 99,00 3.659,00 5909
459 350,96 9,50 4,73 99,00 3.667,00 5909
460 350,96 9,50 4,73 99,00 3.675,00 5909
461 350,96 9,50 4,73 99,00 3.683,00 5909
462 350,96 9,50 4,73 99,00 3.691,00 5909
463 350,96 9,50 4,73 99,00 3.699,00 5909
464 350,96 9,50 4,73 99,00 3.707,00 5909
465 350,96 9,50 4,73 99,00 3.715,00 5909
466 350,96 9,50 4,73 99,00 3.723,00 5909
467 350,96 9,50 4,73 99,00 3.731,00 5909
468 350,96 9,50 4,73 99,00 3.739,00 5909
469 350,96 9,27 4,62 99,00 3.747,00 5909
470 350,96 9,27 4,62 99,00 3.755,00 5909
471 350,96 9,27 4,62 99,00 3.763,00 5909
472 350,96 9,27 4,62 99,00 3.771,00 5909
473 350,96 9,27 4,62 99,00 3.779,00 5909
474 350,96 9,27 4,62 99,00 3.787,00 5909
475 350,96 9,27 4,62 99,00 3.795,00 5909
476 350,96 9,27 4,62 99,00 3.803,00 5909
477 350,96 9,27 4,62 99,00 3.811,00 5909
478 350,96 9,27 4,62 99,00 3.819,00 5909
479 350,96 9,27 4,62 99,00 3.827,00 5909
480 350,96 9,27 4,62 1,00 3.835,00 5909
481 350,96 9,27 4,62 1,00 3.843,00 5915
482 350,96 9,27 4,58 1,00 3.851,00 5916
483 350,96 0,09 0,04 1,00 3.859,00 5916
484 350,96 0,09 0,04 1,00 3.867,00 5916
485 350,96 0,09 0,04 1,00 3.875,00 5916
486 350,96 0,09 0,04 1,00 3.883,00 5916
487 350,96 0,09 0,04 1,00 3.891,00 5916
488 350,96 0,09 0,04 1,00 3.899,00 5916
489 350,96 0,09 0,04 1,00 3.907,00 5916
490 350,96 0,09 0,04 1,00 3.915,00 5916
491 350,96 0,09 0,04 1,00 3.923,00 5916
492 350,96 0,09 0,04 1,00 3.931,00 5916
493 350,96 0,09 0,04 1,00 3.939,00 5916
494 350,96 0,09 0,04 1,00 3.947,00 5916
495 350,96 0,09 0,04 1,00 3.955,00 5916
496 350,96 0,09 0,04 1,00 3.963,00 5916
497 350,96 0,09 0,04 1,00 3.971,00 5916
498 350,96 0,09 0,04 1,00 3.979,00 5916
499 350,96 0,09 0,04 1,00 3.987,00 5916
500 350,96 0,09 0,04 1,00 3.995,00 5916
501 350,96 0,09 0,04 1,00 4.003,00 5916
502 350,96 0,09 0,04 1,00 4.011,00 5916
503 350,96 0,09 0,04 1,00 4.019,00 5916
504 350,96 0,09 0,04 1,00 4.027,00 5916
505 350,96 0,09 0,04 1,00 4.035,00 5919
506 350,96 0,09 0,04 1,00 4.043,00 5919
507 350,96 0,09 0,04 1,00 4.051,00 5919
508 350,96 0,09 0,04 1,00 4.059,00 5919
509 350,96 0,09 0,04 1,00 4.067,00 5919
510 350,96 0,09 0,04 99,00 4.075,00 5919
511 350,96 8,51 4,17 99,00 4.082,00 5935
512 350,96 8,51 4,16 99,00 4.090,00 5937
513 350,96 8,51 4,16 99,00 4.098,00 5938
514 350,96 8,46 4,13 99,00 4.106,00 5938
515 350,96 8,46 4,13 99,00 4.114,00 5938
516 350,96 8,46 4,13 99,00 4.122,00 5938
517 350,96 8,46 4,13 99,00 4.130,00 5938
518 350,96 8,46 4,13 99,00 4.138,00 5938
519 350,96 8,46 4,13 99,00 4.146,00 5938
520 350,96 8,46 4,13 99,00 4.154,00 5938
521 350,96 8,46 4,13 99,00 4.162,00 5938
522 350,96 8,46 4,13 99,00 4.170,00 5938
523 350,96 8,46 4,13 99,00 4.178,00 5938
524 350,96 8,46 4,13 99,00 4.186,00 5938
525 350,96 8,46 4,13 99,00 4.194,00 5938
526 350,96 8,27 4,04 99,00 4.202,00 5938
527 350,96 8,27 4,04 99,00 4.210,00 5938
528 350,96 8,27 4,04 99,00 4.218,00 5938
529 350,96 8,27 4,04 99,00 4.226,00 5938
530 350,96 8,27 4,04 99,00 4.234,00 5938
531 350,96 8,27 4,04 99,00 4.242,00 5938
532 350,96 8,27 4,04 99,00 4.250,00 5938
533 350,96 8,27 4,04 99,00 4.258,00 5938
534 350,96 8,27 4,04 99,00 4.266,00 5938
535 350,96 8,27 4,04 99,00 4.274,00 5938
536 350,96 8,11 3,96 99,00 4.282,00 5938
537 350,96 8,11 3,96 99,00 4.290,00 5938
538 350,96 8,11 3,96 99,00 4.298,00 5938
539 350,96 8,11 3,96 99,00 4.306,00 5938
540 350,96 8,11 3,96 1,00 4.314,00 5938
541 350,96 8,11 3,96 1,00 4.322,00 5942
542 350,96 8,11 3,92 1,00 4.330,00 5944
543 350,96 8,11 3,92 1,00 4.338,00 5946
544 350,96 8,11 3,92 1,00 4.346,00 5947
545 350,96 8,11 3,92 1,00 4.354,00 5958
546 350,96 8,11 3,92 1,00 4.362,00 5965
547 350,96 8,11 3,92 1,00 4.370,00 5965
548 350,96 8,11 3,92 1,00 4.378,00 5965
549 350,96 8,11 3,92 1,00 4.386,00 5965
550 350,96 8,11 3,92 1,00 4.394,00 5965
551 350,96 8,11 3,92 1,00 4.402,00 5965
552 350,96 8,11 3,92 1,00 4.410,00 5965
553 350,96 8,11 3,92 1,00 4.418,00 5965
554 350,96 8,11 3,92 1,00 4.426,00 5965
555 350,96 8,11 3,92 1,00 4.434,00 5965
556 350,96 8,11 3,92 1,00 4.442,00 5965
557 350,96 8,11 3,92 1,00 4.450,00 5965
558 350,96 8,11 3,92 1,00 4.458,00 5965
559 350,96 8,11 3,92 1,00 4.466,00 5969
560 350,96 8,11 3,90 1,00 4.474,00 5969
561 350,96 0,08 0,04 1,00 4.482,00 5969
562 350,96 0,08 0,04 1,00 4.490,00 5969
563 350,96 0,08 0,04 1,00 4.498,00 5969
564 350,96 0,08 0,04 1,00 4.506,00 5969
565 350,96 0,08 0,04 1,00 4.514,00 5969
566 350,96 0,08 0,04 1,00 4.522,00 5969
567 350,96 0,08 0,04 1,00 4.530,00 5969
568 350,96 0,08 0,04 1,00 4.538,00 5969
569 350,96 0,08 0,04 1,00 4.546,00 5969
570 350,96 0,08 0,04 99,00 4.554,00 5969
571 350,96 7,63 3,66 99,00 4.561,00 5988
572 350,96 7,63 3,65 99,00 4.569,00 5994
573 350,96 7,63 3,65 99,00 4.577,00 5999
574 350,96 7,63 3,65 99,00 4.585,00 6004
575 350,96 7,63 3,65 99,00 4.593,00 6007
576 350,96 7,63 3,65 99,00 4.601,00 6009
577 350,96 7,63 3,65 99,00 4.609,00 6010
578 350,96 7,63 3,65 99,00 4.617,00 6010
579 350,96 7,63 3,65 99,00 4.625,00 6010
580 350,96 7,63 3,65 99,00 4.633,00 6010
581 350,96 7,63 3,65 99,00 4.641,00 6010
582 350,96 7,63 3,65 99,00 4.649,00 6010
583 350,96 7,63 3,65 99,00 4.657,00 6010
584 350,96 7,63 3,65 99,00 4.665,00 6010
585 350,96 7,63 3,65 99,00 4.673,00 6010
586 350,96 7,63 3,65 99,00 4.681,00 6010
587 350,96 7,63 3,65 99,00 4.689,00 6010
588 350,96 7,63 3,65 99,00 4.697,00 6010
589 350,96 7,63 3,65 99,00 4.705,00 6010
590 350,96 7,63 3,65 99,00 4.713,00 6010
591 350,96 7,63 3,65 99,00 4.721,00 6010
592 350,96 7,63 3,65 99,00 4.729,00 6010
593 350,96 7,63 3,65 99,00 4.737,00 6010
594 350,96 7,63 3,65 99,00 4.745,00 6010
595 350,96 7,63 3,65 99,00 4.753,00 6010
596 350,96 7,63 3,65 99,00 4.761,00 6010
597 350,96 7,63 3,65 99,00 4.769,00 6010
598 350,96 7,63 3,65 99,00 4.777,00 6010
599 350,96 7,63 3,65 99,00 4.785,00 6010
600 350,96 7,63 3,65 3,00 4.793,00 6010
601 350,96 7,63 3,65 3,00 4.801,00 6019
602 350,96 7,63 3,65 3,00 4.809,00 6021
603 350,96 7,63 3,65 3,00 4.817,00 6022
604 350,96 7,63 3,65 3,00 4.825,00 6022
605 350,96 7,63 3,65 3,00 4.833,00 6022
606 350,96 7,63 3,65 3,00 4.841,00 6022
607 350,96 7,63 3,65 3,00 4.849,00 6022
608 350,96 7,63 3,65 3,00 4.857,00 6023
609 350,96 7,63 3,65 3,00 4.865,00 6023
610 350,96 7,63 3,65 3,00 4.873,00 6023
611 350,96 0,22 0,10 3,00 4.881,00 6023
612 350,96 0,22 0,10 3,00 4.889,00 6023
613 350,96 0,22 0,10 3,00 4.897,00 6023
614 350,96 0,22 0,10 3,00 4.905,00 6023
615 350,96 0,22 0,10 3,00 4.913,00 6023
616 350,96 0,22 0,10 3,00 4.921,00 6023
617 350,96 0,22 0,10 3,00 4.929,00 6023
618 350,96 0,22 0,10 3,00 4.937,00 6023
619 350,96 0,22 0,10 3,00 4.945,00 6023
620 350,96 0,22 0,10 3,00 4.953,00 6023
621 350,96 0,22 0,10 3,00 4.961,00 6023
622 350,96 0,22 0,10 3,00 4.969,00 6023
623 350,96 0,21 0,10 3,00 4.977,00 6023
624 350,96 0,21 0,10 3,00 4.985,00 6023
625 350,96 0,21 0,10 3,00 4.993,00 6023
626 350,96 0,21 0,10 3,00 5.001,00 6023
627 350,96 0,21 0,10 3,00 5.009,00 6023
628 350,96 0,21 0,10 3,00 5.017,00 6023
629 350,96 0,21 0,10 3,00 5.025,00 6023
630 350,96 0,21 0,10 101,00 5.033,00 6023
631 350,96 0,21 0,10 101,00 5.041,00 6039
632 350,96 0,21 0,10 101,00 5.049,00 6043
633 350,96 0,21 0,10 101,00 5.057,00 6043
634 350,96 7,00 3,28 101,00 5.065,00 6043
635 350,96 7,00 3,28 101,00 5.073,00 6043
636 350,96 7,00 3,28 101,00 5.081,00 6043
637 350,96 7,00 3,28 101,00 5.089,00 6043
638 350,96 7,00 3,28 101,00 5.097,00 6043
639 350,96 7,00 3,28 101,00 5.105,00 6043
640 350,96 7,00 3,28 101,00 5.113,00 6043
641 350,96 7,00 3,28 101,00 5.121,00 6043
642 350,96 7,00 3,28 101,00 5.129,00 6043
643 350,96 7,00 3,28 101,00 5.137,00 6043
644 350,96 7,00 3,28 101,00 5.145,00 6043
645 350,96 7,00 3,28 101,00 5.153,00 6043
646 350,96 7,00 3,28 101,00 5.161,00 6043
647 350,96 7,00 3,28 101,00 5.169,00 6043
648 350,96 7,00 3,28 101,00 5.177,00 6043
649 350,96 7,00 3,28 101,00 5.185,00 6043
650 350,96 7,00 3,28 101,00 5.193,00 6043
651 350,96 7,00 3,28 101,00 5.201,00 6043
652 350,96 7,00 3,28 101,00 5.209,00 6043
653 350,96 6,79 3,18 101,00 5.217,00 6043
654 350,96 6,79 3,18 101,00 5.225,00 6043
655 350,96 6,79 3,18 101,00 5.233,00 6043
656 350,96 6,76 3,17 101,00 5.241,00 6043
657 350,96 6,76 3,17 101,00 5.249,00 6043
658 350,96 6,76 3,17 101,00 5.257,00 6043
659 350,96 6,76 3,17 101,00 5.265,00 6043
660 350,96 6,76 3,17 1,00 5.273,00 6043
661 350,96 6,76 3,17 1,00 5.281,00 6047
662 350,96 6,76 3,17 1,00 5.289,00 6047
663 350,96 6,76 3,17 1,00 5.297,00 6047
664 350,96 6,76 3,17 1,00 5.305,00 6047
665 350,96 6,76 3,17 1,00 5.313,00 6047
666 350,96 6,76 3,17 1,00 5.321,00 6047
667 350,96 6,76 3,17 1,00 5.329,00 6047
668 350,96 6,76 3,17 1,00 5.337,00 6048
669 350,96 6,76 3,13 1,00 5.345,00 6048
670 350,96 6,76 3,13 1,00 5.353,00 6048
671 350,96 6,76 3,13 1,00 5.361,00 6048
672 350,96 6,76 3,13 1,00 5.369,00 6048
673 350,96 6,76 3,13 1,00 5.377,00 6048
674 350,96 6,76 3,13 1,00 5.385,00 6048
675 350,96 6,76 3,13 1,00 5.393,00 6048
676 350,96 6,76 3,13 1,00 5.401,00 6048
677 350,96 6,76 3,13 1,00 5.409,00 6048
678 350,96 6,76 3,13 1,00 5.417,00 6048
679 350,96 6,76 3,13 1,00 5.425,00 6048
680 350,96 6,76 3,13 1,00 5.433,00 6048
681 350,96 6,76 3,13 1,00 5.441,00 6048
682 350,96 6,76 3,13 1,00 5.449,00 6048
683 350,96 6,76 3,13 1,00 5.457,00 6048
684 350,96 6,76 3,13 1,00 5.465,00 6048
685 350,96 0,06 0,03 1,00 5.473,00 6048
686 350,96 0,06 0,03 1,00 5.481,00 6048
687 350,96 0,06 0,03 1,00 5.489,00 6048
688 350,96 0,06 0,03 1,00 5.497,00 6048
689 350,96 0,06 0,03 1,00 5.505,00 6048
690 350,96 0,06 0,03 99,00 5.513,00 6048
691 350,96 0,06 0,03 99,00 5.521,00 6060
692 350,96 0,06 0,03 99,00 5.529,00 6063
693 350,96 0,06 0,03 99,00 5.537,00 6066
694 350,96 0,06 0,03 99,00 5.545,00 6067
695 350,96 0,06 0,03 99,00 5.553,00 6068
696 350,96 6,26 2,87 99,00 5.560,00 6070
697 350,96 6,26 2,87 99,00 5.568,00 6070
698 350,96 6,26 2,87 99,00 5.576,00 6070
699 350,96 6,26 2,87 99,00 5.584,00 6070
700 350,96 6,26 2,87 99,00 5.592,00 6070
701 350,96 6,26 2,87 99,00 5.600,00 6070
702 350,96 6,26 2,87 99,00 5.608,00 6070
703 350,96 6,26 2,87 99,00 5.616,00 6070
704 350,96 6,26 2,87 99,00 5.624,00 6070
705 350,96 6,26 2,87 99,00 5.632,00 6070
706 350,96 6,26 2,87 99,00 5.640,00 6070
707 350,96 6,26 2,87 99,00 5.648,00 6070
708 350,96 6,14 2,82 99,00 5.656,00 6070
709 350,96 6,14 2,82 99,00 5.664,00 6070
710 350,96 6,14 2,82 99,00 5.672,00 6070
711 350,96 6,14 2,82 99,00 5.680,00 6070
712 350,96 6,14 2,82 99,00 5.688,00 6070
713 350,96 6,14 2,82 99,00 5.696,00 6070
714 350,96 6,14 2,82 99,00 5.704,00 6070
715 350,96 6,14 2,82 99,00 5.712,00 6070
716 350,96 6,14 2,82 99,00 5.720,00 6070
717 350,96 6,14 2,82 99,00 5.728,00 6070
718 350,96 6,14 2,82 99,00 5.736,00 6070
719 350,96 6,14 2,82 99,00 5.744,00 6070
720 350,96 6,14 2,82 3,00 5.752,00 6070
721 350,96 6,14 2,82 3,00 5.760,00 6073
722 350,96 6,14 2,82 3,00 5.768,00 6073
723 350,96 6,14 2,82 3,00 5.776,00 6073
724 350,96 0,18 0,08 3,00 5.784,00 6073
725 350,96 0,18 0,08 3,00 5.792,00 6073
726 350,96 0,18 0,08 3,00 5.800,00 6073
727 350,96 0,18 0,08 3,00 5.808,00 6073
728 350,96 0,18 0,08 3,00 5.816,00 6073
729 350,96 0,18 0,08 3,00 5.824,00 6073
730 350,96 0,18 0,08 3,00 5.832,00 6073
731 350,96 0,18 0,08 3,00 5.840,00 6073
732 350,96 0,18 0,08 3,00 5.848,00 6073
733 350,96 0,18 0,08 3,00 5.856,00 6073
734 350,96 0,18 0,08 3,00 5.864,00 6073
735 350,96 0,18 0,08 3,00 5.872,00 6073
736 350,96 0,18 0,08 3,00 5.880,00 6073
737 350,96 0,18 0,08 3,00 5.888,00 6073
738 350,96 0,18 0,08 3,00 5.896,00 6073
739 350,96 0,18 0,08 3,00 5.904,00 6073
740 350,96 0,18 0,08 3,00 5.912,00 6073
741 350,96 0,18 0,08 3,00 5.920,00 6073
742 350,96 0,18 0,08 3,00 5.928,00 6073
743 350,96 0,18 0,08 3,00 5.936,00 6073
744 350,96 0,18 0,08 3,00 5.944,00 6073
745 350,96 0,18 0,08 3,00 5.952,00 6073
746 350,96 0,18 0,08 3,00 5.960,00 6073
747 350,96 0,18 0,08 3,00 5.968,00 6073
748 350,96 0,18 0,08 3,00 5.976,00 6073
749 350,96 0,18 0,08 3,00 5.984,00 6073
750 350,96 0,18 0,08 101,00 5.992,00 6073
751 350,96 0,18 0,08 101,00 6.000,00 6081
752 350,96 0,18 0,08 101,00 6.008,00 6085
753 350,96 0,18 0,08 101,00 6.016,00 6085
754 350,96 5,88 2,65 101,00 6.024,00 6085
755 350,96 5,88 2,65 101,00 6.032,00 6085
756 350,96 5,88 2,65 101,00 6.040,00 6085
757 350,96 5,88 2,65 101,00 6.048,00 6085
758 350,96 5,88 2,65 101,00 6.056,00 6091
759 350,96 5,88 2,65 101,00 6.064,00 6094
760 350,96 5,88 2,65 101,00 6.072,00 6096
761 350,96 5,88 2,65 101,00 6.080,00 6097
762 350,96 5,88 2,65 101,00 6.088,00 6098
763 350,96 5,88 2,65 101,00 6.096,00 6098
764 350,96 5,88 2,65 101,00 6.104,00 6098
765 350,96 5,88 2,65 101,00 6.112,00 6098
766 350,96 5,88 2,65 101,00 6.120,00 6098
767 350,96 5,88 2,65 101,00 6.128,00 6098
768 350,96 5,78 2,60 101,00 6.136,00 6098
769 350,96 5,78 2,60 101,00 6.144,00 6098
770 350,96 5,78 2,60 101,00 6.152,00 6098
771 350,96 5,75 2,59 101,00 6.160,00 6098
772 350,96 5,75 2,59 101,00 6.168,00 6098
773 350,96 5,75 2,59 101,00 6.176,00 6098
774 350,96 5,75 2,59 101,00 6.184,00 6098
775 350,96 5,75 2,59 101,00 6.192,00 6098
776 350,96 5,75 2,59 101,00 6.200,00 6098
777 350,96 5,75 2,59 101,00 6.208,00 6098
778 350,96 5,75 2,59 101,00 6.216,00 6098
779 350,96 5,70 2,56 101,00 6.224,00 6098
780 350,96 5,69 2,56 5,00 6.232,00 6098
781 350,96 5,69 2,56 5,00 6.240,00 6102
782 350,96 5,69 2,54 5,00 6.248,00 6107
783 350,96 5,69 2,54 5,00 6.256,00 6110
784 350,96 5,69 2,54 5,00 6.264,00 6111
785 350,96 0,28 0,12 5,00 6.272,00 6111
786 350,96 0,28 0,12 5,00 6.280,00 6111
787 350,96 0,28 0,12 5,00 6.288,00 6111
788 350,96 0,28 0,12 5,00 6.296,00 6111
789 350,96 0,28 0,12 5,00 6.304,00 6111
790 350,96 0,28 0,12 5,00 6.312,00 6111
791 350,96 0,28 0,12 5,00 6.320,00 6111
792 350,96 0,28 0,12 5,00 6.328,00 6111
793 350,96 0,28 0,12 5,00 6.336,00 6111
794 350,96 0,28 0,12 5,00 6.344,00 6111
795 350,96 0,28 0,12 5,00 6.352,00 6111
796 350,96 0,28 0,12 5,00 6.360,00 6111
797 350,96 0,28 0,12 5,00 6.368,00 6111
798 350,96 0,28 0,12 5,00 6.376,00 6111
799 350,96 0,28 0,12 5,00 6.384,00 6111
800 350,96 0,28 0,12 5,00 6.392,00 6111
801 350,96 0,28 0,12 5,00 6.400,00 6111
802 350,96 0,28 0,12 5,00 6.408,00 6111
803 350,96 0,27 0,12 5,00 6.416,00 6111
804 350,96 0,27 0,12 5,00 6.424,00 6111
805 350,96 0,27 0,12 5,00 6.432,00 6111
806 350,96 0,27 0,12 5,00 6.440,00 6111
807 350,96 0,27 0,12 5,00 6.448,00 6111
808 350,96 0,27 0,12 5,00 6.456,00 6111
809 350,96 0,27 0,12 5,00 6.464,00 6111
810 350,96 0,27 0,12 103,00 6.472,00 6111
811 350,96 5,58 2,49 103,00 6.480,00 6120
812 350,96 5,57 2,46 103,00 6.488,00 6122
813 350,96 5,57 2,46 103,00 6.496,00 6123
814 350,96 5,57 2,46 103,00 6.504,00 6123
815 350,96 5,57 2,46 103,00 6.512,00 6123
816 350,96 5,57 2,46 103,00 6.520,00 6123
817 350,96 5,57 2,46 103,00 6.528,00 6123
818 350,96 5,57 2,46 103,00 6.536,00 6123
819 350,96 5,57 2,46 103,00 6.544,00 6123
820 350,96 5,57 2,46 103,00 6.552,00 6123
821 350,96 5,57 2,46 103,00 6.560,00 6123
822 350,96 5,57 2,46 103,00 6.568,00 6123
823 350,96 5,57 2,46 103,00 6.576,00 6123
824 350,96 5,57 2,46 103,00 6.584,00 6123
825 350,96 5,48 2,42 103,00 6.592,00 6123
826 350,96 5,48 2,42 103,00 6.600,00 6123
827 350,96 5,48 2,42 103,00 6.608,00 6123
828 350,96 5,48 2,42 103,00 6.616,00 6123
829 350,96 5,48 2,42 103,00 6.624,00 6123
830 350,96 5,45 2,41 103,00 6.632,00 6123
831 350,96 5,45 2,41 103,00 6.640,00 6123
832 350,96 5,45 2,41 103,00 6.648,00 6123
833 350,96 5,45 2,41 103,00 6.656,00 6123
834 350,96 5,45 2,41 103,00 6.664,00 6123
835 350,96 5,45 2,41 103,00 6.672,00 6123
836 350,96 5,45 2,41 103,00 6.680,00 6123
837 350,96 5,45 2,41 103,00 6.688,00 6123
838 350,96 5,45 2,41 103,00 6.696,00 6123
839 350,96 5,45 2,41 103,00 6.704,00 6123
840 350,96 5,45 2,41 5,00 6.712,00 6123
841 350,96 5,45 2,41 5,00 6.720,00 6130
842 350,96 5,45 2,38 5,00 6.728,00 6130
843 350,96 5,45 2,38 5,00 6.736,00 6130
844 350,96 5,45 2,38 5,00 6.744,00 6130
845 350,96 5,45 2,38 5,00 6.752,00 6130
846 350,96 5,45 2,38 5,00 6.760,00 6130
847 350,96 5,45 2,38 5,00 6.768,00 6130
848 350,96 5,45 2,38 5,00 6.776,00 6130
849 350,96 5,45 2,38 5,00 6.784,00 6130
850 350,96 5,45 2,38 5,00 6.792,00 6130
851 350,96 5,45 2,38 5,00 6.800,00 6130
852 350,96 5,45 2,38 5,00 6.808,00 6130
853 350,96 5,45 2,38 5,00 6.816,00 6130
854 350,96 5,45 2,38 5,00 6.824,00 6130
855 350,96 5,45 2,38 5,00 6.832,00 6130
856 350,96 5,45 2,38 5,00 6.840,00 6130
857 350,96 5,45 2,38 5,00 6.848,00 6130
858 350,96 5,45 2,38 5,00 6.856,00 6130
859 350,96 5,45 2,38 5,00 6.864,00 6130
860 350,96 5,45 2,38 5,00 6.872,00 6130
861 350,96 5,45 2,38 5,00 6.880,00 6130
862 350,96 5,45 2,38 5,00 6.888,00 6130
863 350,96 5,45 2,38 5,00 6.896,00 6130
864 350,96 5,45 2,38 5,00 6.904,00 6130
865 350,96 5,45 2,38 5,00 6.912,00 6130
866 350,96 5,45 2,38 5,00 6.920,00 6130
867 350,96 5,45 2,38 5,00 6.928,00 6130
868 350,96 5,45 2,38 5,00 6.936,00 6130
869 350,96 5,45 2,38 5,00 6.944,00 6130
870 350,96 5,45 2,38 1,00 6.952,00 6130
871 350,96 5,45 2,38 1,00 6.960,00 6139
872 350,96 5,45 2,36 1,00 6.968,00 6142
873 350,96 5,45 2,36 1,00 6.976,00 6144
874 350,96 5,45 2,36 1,00 6.984,00 6144
875 350,96 5,45 2,36 1,00 6.992,00 6152
876 350,96 5,45 2,36 1,00 7.000,00 6155
877 350,96 5,45 2,36 1,00 7.008,00 6156
878 350,96 5,45 2,36 1,00 7.016,00 6156
879 350,96 5,45 2,36 1,00 7.024,00 6156
880 350,96 5,45 2,36 1,00 7.032,00 6156
881 350,96 5,45 2,36 1,00 7.040,00 6156
882 350,96 5,45 2,36 1,00 7.048,00 6156
883 350,96 5,45 2,36 1,00 7.056,00 6156
884 350,96 5,45 2,36 1,00 7.064,00 6156
885 350,96 5,45 2,36 1,00 7.072,00 6156
886 350,96 0,05 0,02 1,00 7.080,00 6156
887 350,96 0,05 0,02 1,00 7.088,00 6156
888 350,96 0,05 0,02 1,00 7.096,00 6156
889 350,96 0,05 0,02 1,00 7.104,00 6156
890 350,96 0,05 0,02 1,00 7.112,00 6156
891 350,96 0,05 0,02 1,00 7.120,00 6156
892 350,96 0,05 0,02 1,00 7.128,00 6156
893 350,96 0,05 0,02 1,00 7.136,00 6156
894 350,96 0,05 0,02 1,00 7.144,00 6156
895 350,96 0,05 0,02 1,00 7.152,00 6156
896 350,96 0,05 0,02 1,00 7.160,00 6156
897 350,96 0,05 0,02 1,00 7.168,00 6156
898 350,96 0,05 0,02 1,00 7.176,00 6156
899 350,96 0,05 0,02 1,00 7.184,00 6156
900 350,96 0,05 0,02 99,00 7.192,00 6156
901 350,96 4,83 2,09 99,00 7.199,00 6161
902 350,96 4,83 2,07 99,00 7.207,00 6162
903 350,96 4,83 2,07 99,00 7.215,00 6163
904 350,96 4,83 2,07 99,00 7.223,00 6163
905 350,96 4,83 2,07 99,00 7.231,00 6164
906 350,96 4,83 2,07 99,00 7.239,00 6165
907 350,96 4,83 2,07 99,00 7.247,00 6165
908 350,96 4,83 2,07 99,00 7.255,00 6165
909 350,96 4,83 2,07 99,00 7.263,00 6165
910 350,96 4,83 2,07 99,00 7.271,00 6165
911 350,96 4,83 2,07 99,00 7.279,00 6165
912 350,96 4,83 2,07 99,00 7.287,00 6165
913 350,96 4,83 2,07 99,00 7.295,00 6165
914 350,96 4,76 2,04 99,00 7.303,00 6165
915 350,96 4,76 2,04 99,00 7.311,00 6165
916 350,96 4,76 2,04 99,00 7.319,00 6165
917 350,96 4,76 2,04 99,00 7.327,00 6165
918 350,96 4,76 2,04 99,00 7.335,00 6165
919 350,96 4,76 2,04 99,00 7.343,00 6165
920 350,96 4,76 2,04 99,00 7.351,00 6165
921 350,96 4,76 2,04 99,00 7.359,00 6165
922 350,96 4,76 2,04 99,00 7.367,00 6165
923 350,96 4,76 2,04 99,00 7.375,00 6165
924 350,96 4,76 2,04 99,00 7.383,00 6165
925 350,96 4,76 2,04 99,00 7.391,00 6165
926 350,96 4,76 2,04 99,00 7.399,00 6165
927 350,96 4,76 2,04 99,00 7.407,00 6165
928 350,96 4,76 2,04 99,00 7.415,00 6165
929 350,96 4,76 2,04 99,00 7.423,00 6165
930 350,96 4,76 2,04 5,00 7.431,00 6165
931 350,96 4,76 2,04 5,00 7.439,00 6173
932 350,96 4,76 2,02 5,00 7.447,00 6176
933 350,96 4,76 2,02 5,00 7.455,00 6176
934 350,96 4,76 2,02 5,00 7.463,00 6176
935 350,96 4,76 2,02 5,00 7.471,00 6176
936 350,96 4,76 2,02 5,00 7.479,00 6177
937 350,96 4,76 2,02 5,00 7.487,00 6177
938 350,96 4,76 2,02 5,00 7.495,00 6177
939 350,96 4,76 2,02 5,00 7.503,00 6177
940 350,96 4,76 2,02 5,00 7.511,00 6177
941 350,96 4,76 2,02 5,00 7.519,00 6177
942 350,96 4,76 2,02 5,00 7.527,00 6177
943 350,96 0,23 0,10 5,00 7.535,00 6177
944 350,96 0,23 0,10 5,00 7.543,00 6177
945 350,96 0,23 0,10 5,00 7.551,00 6177
946 350,96 0,23 0,10 5,00 7.559,00 6177
947 350,96 0,23 0,10 5,00 7.567,00 6177
948 350,96 0,23 0,10 5,00 7.575,00 6177
949 350,96 0,23 0,10 5,00 7.583,00 6177
950 350,96 0,23 0,10 5,00 7.591,00 6177
951 350,96 0,23 0,10 5,00 7.599,00 6177
952 350,96 0,23 0,10 5,00 7.607,00 6177
953 350,96 0,23 0,10 5,00 7.615,00 6177
954 350,96 0,23 0,10 5,00 7.623,00 6177
955 350,96 0,23 0,10 5,00 7.631,00 6177
956 350,96 0,23 0,10 5,00 7.639,00 6177
957 350,96 0,23 0,10 5,00 7.647,00 6177
958 350,96 0,23 0,10 5,00 7.655,00 6177
959 350,96 0,23 0,10 5,00 7.663,00 6177
960 350,96 0,23 0,10 101,00 7.671,00 6177
961 350,96 0,23 0,10 101,00 7.679,00 6179
962 350,96 0,23 0,10 101,00 7.687,00 6180
963 350,96 4,61 1,96 101,00 7.695,00 6180
964 350,96 4,60 1,96 101,00 7.703,00 6180
965 350,96 4,60 1,96 101,00 7.711,00 6181
966 350,96 4,60 1,96 101,00 7.719,00 6181
967 350,96 4,59 1,95 101,00 7.727,00 6181
968 350,96 4,59 1,95 101,00 7.735,00 6181
969 350,96 4,59 1,95 101,00 7.743,00 6181
970 350,96 4,59 1,95 101,00 7.751,00 6181
971 350,96 4,59 1,95 101,00 7.759,00 6181
972 350,96 4,56 1,94 101,00 7.767,00 6181
973 350,96 4,56 1,94 101,00 7.775,00 6181
974 350,96 4,56 1,94 101,00 7.783,00 6181
975 350,96 4,55 1,94 101,00 7.791,00 6181
976 350,96 4,55 1,94 101,00 7.799,00 6181
977 350,96 4,55 1,94 101,00 7.807,00 6181
978 350,96 4,55 1,94 101,00 7.815,00 6181
979 350,96 4,55 1,94 101,00 7.823,00 6181
980 350,96 4,55 1,94 101,00 7.831,00 6181
981 350,96 4,55 1,94 101,00 7.839,00 6181
982 350,96 4,55 1,94 101,00 7.847,00 6181
983 350,96 4,55 1,94 101,00 7.855,00 6181
984 350,96 4,55 1,94 101,00 7.863,00 6181
985 350,96 4,55 1,94 101,00 7.871,00 6181
986 350,96 4,55 1,94 101,00 7.879,00 6181
987 350,96 4,55 1,94 101,00 7.887,00 6181
988 350,96 4,55 1,94 101,00 7.895,00 6181
989 350,96 4,55 1,94 101,00 7.903,00 6181
990 350,96 4,48 1,91 7,00 7.911,00 6181
991 350,96 0,31 0,13 7,00 7.919,00 6187
992 350,96 0,31 0,13 7,00 7.927,00 6189
993 350,96 0,31 0,13 7,00 7.935,00 6189
994 350,96 0,31 0,13 7,00 7.943,00 6189
995 350,96 0,31 0,13 7,00 7.951,00 6189
996 350,96 0,31 0,13 7,00 7.959,00 6189
997 350,96 0,31 0,13 7,00 7.967,00 6189
998 350,96 0,31 0,13 7,00 7.975,00 6189
999 350,96 0,31 0,13 7,00 7.983,00 6189
