500
0 378,36 378,36 378,36 1,00 29,00
1 378,36 0,00 0,00 1,00 34,00
2 378,36 756,73 1.145,05 99,00 43,00
3 378,36 0,00 0,00 1,00 53,00
4 378,36 378,36 484,00 99,00 62,00
5 378,36 0,00 0,00 1,00 72,00
6 378,36 378,36 515,25 99,00 81,00
7 378,36 0,00 0,00 1,00 91,00
8 378,36 0,00 0,00 99,00 100,00
9 378,36 378,36 466,78 197,00 109,00
10 378,36 0,00 0,00 97,00 119,00
11 378,36 378,36 481,47 195,00 128,00
12 378,36 0,00 0,00 95,00 138,00
13 378,36 378,36 511,08 193,00 147,00
14 378,36 0,00 0,00 93,00 157,00
15 378,36 378,36 510,47 191,00 166,00
16 378,36 0,00 0,00 91,00 176,00
17 378,36 378,36 505,06 189,00 185,00
18 378,36 0,00 0,00 89,00 195,00
19 378,36 0,00 0,00 187,00 197,00
20 378,36 378,36 499,31 285,00 206,00
21 378,36 0,00 0,00 185,00 216,00
22 378,36 378,36 500,66 283,00 225,00
23 378,36 0,00 0,00 183,00 235,00
24 378,36 378,36 500,07 281,00 244,00
25 378,36 0,00 0,00 181,00 254,00
26 378,36 378,36 499,67 279,00 263,00
27 378,36 0,00 0,00 179,00 273,00
28 378,36 0,00 0,00 277,00 282,00
29 378,36 378,36 500,23 375,00 291,00
30 378,36 0,00 0,00 275,00 301,00
31 378,36 378,36 499,68 373,00 310,00
32 378,36 0,00 0,00 273,00 320,00
33 378,36 378,36 499,64 371,00 329,00
34 378,36 0,00 0,00 271,00 339,00
35 378,36 378,36 499,58 369,00 348,00
36 378,36 0,00 0,00 269,00 358,00
37 378,36 378,36 499,78 367,00 367,00
38 378,36 0,00 0,00 267,00 377,00
39 378,36 0,00 0,00 365,00 375,00
40 378,36 378,36 500,04 463,00 384,00
41 378,36 0,00 0,00 363,00 394,00
42 378,36 378,36 500,31 461,00 403,00
43 378,36 0,00 0,00 361,00 413,00
44 378,36 378,36 500,73 459,00 422,00
45 378,36 0,00 0,00 359,00 432,00
46 378,36 378,36 501,21 457,00 441,00
47 378,36 0,00 0,00 357,00 451,00
48 378,36 0,00 0,00 455,00 460,00
49 378,36 378,36 501,77 553,00 469,00
50 378,36 0,00 0,00 453,00 479,00
51 378,36 378,36 502,56 551,00 488,00
52 378,36 0,00 0,00 451,00 498,00
53 378,36 378,36 503,51 549,00 507,00
54 378,36 0,00 0,00 449,00 517,00
55 378,36 378,36 504,50 547,00 526,00
56 378,36 0,00 0,00 447,00 536,00
57 378,36 378,36 505,62 545,00 545,00
58 378,36 0,00 0,00 445,00 555,00
59 378,36 0,00 0,00 543,00 553,00
60 378,36 378,36 507,33 641,00 562,00
61 378,36 0,00 0,00 541,00 572,00
62 378,36 378,36 508,55 639,00 581,00
63 378,36 0,00 0,00 539,00 591,00
64 378,36 378,36 509,86 637,00 600,00
65 378,36 0,00 0,00 537,00 610,00
66 378,36 378,36 511,11 635,00 619,00
67 378,36 0,00 0,00 535,00 629,00
68 378,36 0,00 0,00 633,00 638,00
69 378,36 378,36 513,29 731,00 647,00
70 378,36 0,00 0,00 631,00 657,00
71 378,36 378,36 514,85 729,00 666,00
72 378,36 0,00 0,00 629,00 676,00
73 378,36 378,36 516,49 727,00 685,00
74 378,36 0,00 0,00 627,00 695,00
75 378,36 378,36 518,20 725,00 704,00
76 378,36 0,00 0,00 625,00 714,00
77 378,36 378,36 519,94 723,00 723,00
78 378,36 0,00 0,00 623,00 733,00
79 378,36 0,00 0,00 721,00 731,00
80 378,36 378,36 522,86 819,00 740,00
81 378,36 0,00 0,00 719,00 750,00
82 378,36 378,36 524,78 817,00 759,00
83 378,36 0,00 0,00 717,00 769,00
84 378,36 378,36 526,78 815,00 778,00
85 378,36 0,00 0,00 715,00 788,00
86 378,36 378,36 528,81 813,00 797,00
87 378,36 0,00 0,00 713,00 807,00
88 378,36 0,00 0,00 811,00 816,00
89 378,36 378,36 532,32 909,00 825,00
90 378,36 0,00 0,00 809,00 835,00
91 378,36 378,36 534,71 907,00 844,00
92 378,36 0,00 0,00 807,00 854,00
93 378,36 378,36 537,10 905,00 863,00
94 378,36 0,00 0,00 805,00 873,00
95 378,36 378,36 539,63 903,00 882,00
96 378,36 0,00 0,00 803,00 892,00
97 378,36 378,36 542,33 901,00 901,00
98 378,36 0,00 0,00 801,00 911,00
99 378,36 0,00 0,00 899,00 909,00
100 378,36 378,36 546,30 997,00 918,00
101 378,36 0,00 0,00 897,00 928,00
102 378,36 378,36 549,22 995,00 937,00
103 378,36 0,00 0,00 895,00 947,00
104 378,36 378,36 552,13 993,00 956,00
105 378,36 0,00 0,00 893,00 966,00
106 378,36 378,36 555,21 991,00 975,00
107 378,36 0,00 0,00 891,00 985,00
108 378,36 0,00 0,00 989,00 994,00
109 378,36 378,36 559,85 1.087,00 1.003,00
110 378,36 0,00 0,00 987,00 1.013,00
111 378,36 378,36 563,05 1.085,00 1.022,00
112 378,36 0,00 0,00 985,00 1.032,00
113 378,36 378,36 566,37 1.083,00 1.041,00
114 378,36 0,00 0,00 983,00 1.051,00
115 378,36 378,36 569,81 1.081,00 1.060,00
116 378,36 0,00 0,00 981,00 1.070,00
117 378,36 378,36 573,55 1.079,00 1.079,00
118 378,36 0,00 0,00 979,00 1.089,00
119 378,36 0,00 0,00 1.077,00 1.087,00
120 378,36 378,36 578,77 1.175,00 1.096,00
121 378,36 0,00 0,00 1.075,00 1.106,00
122 378,36 378,36 582,32 1.173,00 1.115,00
123 378,36 0,00 0,00 1.073,00 1.125,00
124 378,36 378,36 586,01 1.171,00 1.134,00
125 378,36 0,00 0,00 1.071,00 1.144,00
126 378,36 378,36 589,71 1.169,00 1.153,00
127 378,36 0,00 0,00 1.069,00 1.163,00
128 378,36 0,00 0,00 1.167,00 1.172,00
129 378,36 378,36 595,46 1.265,00 1.181,00
130 378,36 0,00 0,00 1.165,00 1.191,00
131 378,36 378,36 599,47 1.263,00 1.200,00
132 378,36 0,00 0,00 1.163,00 1.210,00
133 378,36 378,36 603,39 1.261,00 1.219,00
134 378,36 0,00 0,00 1.161,00 1.229,00
135 378,36 378,36 607,55 1.259,00 1.238,00
136 378,36 0,00 0,00 1.159,00 1.248,00
137 378,36 378,36 611,81 1.257,00 1.257,00
138 378,36 0,00 0,00 1.157,00 1.267,00
139 378,36 0,00 0,00 1.255,00 1.265,00
140 378,36 378,36 618,45 1.353,00 1.274,00
141 378,36 0,00 0,00 1.253,00 1.284,00
142 378,36 378,36 622,69 1.351,00 1.293,00
143 378,36 0,00 0,00 1.251,00 1.303,00
144 378,36 378,36 627,04 1.349,00 1.312,00
145 378,36 0,00 0,00 1.249,00 1.322,00
146 378,36 378,36 631,53 1.347,00 1.331,00
147 378,36 0,00 0,00 1.247,00 1.341,00
148 378,36 0,00 0,00 1.345,00 1.350,00
149 378,36 378,36 638,28 1.443,00 1.359,00
150 378,36 0,00 0,00 1.343,00 1.369,00
151 378,36 378,36 643,08 1.441,00 1.378,00
152 378,36 0,00 0,00 1.341,00 1.388,00
153 378,36 378,36 647,96 1.439,00 1.397,00
154 378,36 0,00 0,00 1.339,00 1.407,00
155 378,36 378,36 652,95 1.437,00 1.416,00
156 378,36 0,00 0,00 1.337,00 1.426,00
157 378,36 378,36 658,02 1.435,00 1.435,00
158 378,36 0,00 0,00 1.335,00 1.445,00
159 378,36 0,00 0,00 1.433,00 1.443,00
160 378,36 378,36 665,87 1.531,00 1.452,00
161 378,36 0,00 0,00 1.431,00 1.462,00
162 378,36 378,36 671,04 1.529,00 1.471,00
163 378,36 0,00 0,00 1.429,00 1.481,00
164 378,36 378,36 676,26 1.527,00 1.490,00
165 378,36 0,00 0,00 1.427,00 1.500,00
166 378,36 378,36 681,57 1.525,00 1.509,00
167 378,36 0,00 0,00 1.425,00 1.519,00
168 378,36 0,00 0,00 1.523,00 1.528,00
169 378,36 378,36 689,52 1.621,00 1.537,00
170 378,36 0,00 0,00 1.521,00 1.547,00
171 378,36 378,36 695,05 1.619,00 1.556,00
172 378,36 0,00 0,00 1.519,00 1.566,00
173 378,36 378,36 700,81 1.617,00 1.575,00
174 378,36 0,00 0,00 1.517,00 1.585,00
175 378,36 378,36 706,49 1.615,00 1.594,00
176 378,36 0,00 0,00 1.515,00 1.604,00
177 378,36 378,36 712,18 1.613,00 1.613,00
178 378,36 0,00 0,00 1.513,00 1.623,00
179 378,36 0,00 0,00 1.611,00 1.621,00
180 378,36 378,36 720,92 1.709,00 1.630,00
181 378,36 0,00 0,00 1.609,00 1.640,00
182 378,36 378,36 726,69 1.707,00 1.649,00
183 378,36 0,00 0,00 1.607,00 1.659,00
184 378,36 378,36 732,48 1.705,00 1.668,00
185 378,36 0,00 0,00 1.605,00 1.678,00
186 378,36 378,36 738,43 1.703,00 1.687,00
187 378,36 0,00 0,00 1.603,00 1.697,00
188 378,36 0,00 0,00 1.701,00 1.706,00
189 378,36 378,36 747,37 1.799,00 1.715,00
190 378,36 0,00 0,00 1.699,00 1.725,00
191 378,36 378,36 753,32 1.797,00 1.734,00
192 378,36 0,00 0,00 1.697,00 1.744,00
193 378,36 378,36 759,45 1.795,00 1.753,00
194 378,36 0,00 0,00 1.695,00 1.763,00
195 378,36 378,36 765,89 1.793,00 1.772,00
196 378,36 0,00 0,00 1.693,00 1.782,00
197 378,36 378,36 772,36 1.791,00 1.791,00
198 378,36 0,00 0,00 1.691,00 1.801,00
199 378,36 0,00 0,00 1.789,00 1.799,00
200 378,36 378,36 782,16 1.887,00 1.808,00
201 378,36 0,00 0,00 1.787,00 1.818,00
202 378,36 378,36 788,65 1.885,00 1.827,00
203 378,36 0,00 0,00 1.785,00 1.837,00
204 378,36 378,36 795,20 1.883,00 1.846,00
205 378,36 0,00 0,00 1.783,00 1.856,00
206 378,36 378,36 801,93 1.881,00 1.865,00
207 378,36 0,00 0,00 1.781,00 1.875,00
208 378,36 0,00 0,00 1.879,00 1.884,00
209 378,36 378,36 812,29 1.977,00 1.893,00
210 378,36 0,00 0,00 1.877,00 1.903,00
211 378,36 378,36 819,20 1.975,00 1.912,00
212 378,36 0,00 0,00 1.875,00 1.922,00
213 378,36 378,36 826,29 1.973,00 1.931,00
214 378,36 0,00 0,00 1.873,00 1.941,00
215 378,36 378,36 833,36 1.971,00 1.950,00
216 378,36 0,00 0,00 1.871,00 1.960,00
217 378,36 378,36 840,55 1.969,00 1.969,00
218 378,36 0,00 0,00 1.869,00 1.979,00
219 378,36 0,00 0,00 1.967,00 1.977,00
220 378,36 378,36 851,53 2.065,00 1.986,00
221 378,36 0,00 0,00 1.965,00 1.996,00
222 378,36 378,36 858,79 2.063,00 2.005,00
223 378,36 0,00 0,00 1.963,00 2.015,00
224 378,36 378,36 866,08 2.061,00 2.024,00
225 378,36 0,00 0,00 1.961,00 2.034,00
226 378,36 378,36 873,35 2.059,00 2.043,00
227 378,36 0,00 0,00 1.959,00 2.053,00
228 378,36 0,00 0,00 2.057,00 2.062,00
229 378,36 378,36 884,35 2.155,00 2.071,00
230 378,36 0,00 0,00 2.055,00 2.081,00
231 378,36 378,36 891,76 2.153,00 2.090,00
232 378,36 0,00 0,00 2.053,00 2.100,00
233 378,36 378,36 899,20 2.151,00 2.109,00
234 378,36 0,00 0,00 2.051,00 2.119,00
235 378,36 378,36 906,87 2.149,00 2.128,00
236 378,36 0,00 0,00 2.049,00 2.138,00
237 378,36 378,36 914,49 2.147,00 2.147,00
238 378,36 0,00 0,00 2.047,00 2.157,00
239 378,36 0,00 0,00 2.145,00 2.155,00
240 378,36 378,36 925,98 2.243,00 2.164,00
241 378,36 0,00 0,00 2.143,00 2.174,00
242 378,36 378,36 933,77 2.241,00 2.183,00
243 378,36 0,00 0,00 2.141,00 2.193,00
244 378,36 378,36 941,67 2.239,00 2.202,00
245 378,36 0,00 0,00 2.139,00 2.212,00
246 378,36 378,36 949,47 2.237,00 2.221,00
247 378,36 0,00 0,00 2.137,00 2.231,00
248 378,36 0,00 0,00 2.235,00 2.240,00
249 378,36 378,36 961,58 2.333,00 2.249,00
250 378,36 0,00 0,00 2.233,00 2.259,00
251 378,36 378,36 969,65 2.331,00 2.268,00
252 378,36 0,00 0,00 2.231,00 2.278,00
253 378,36 378,36 977,68 2.329,00 2.287,00
254 378,36 0,00 0,00 2.229,00 2.297,00
255 378,36 378,36 985,96 2.327,00 2.306,00
256 378,36 0,00 0,00 2.227,00 2.316,00
257 378,36 378,36 994,40 2.325,00 2.325,00
258 378,36 0,00 0,00 2.225,00 2.335,00
259 378,36 0,00 0,00 2.323,00 2.333,00
260 378,36 378,36 1.007,35 2.421,00 2.342,00
261 378,36 0,00 0,00 2.321,00 2.352,00
262 378,36 378,36 1.015,80 2.419,00 2.361,00
263 378,36 0,00 0,00 2.319,00 2.371,00
264 378,36 378,36 1.024,51 2.417,00 2.380,00
265 378,36 0,00 0,00 2.317,00 2.390,00
266 378,36 378,36 1.033,15 2.415,00 2.399,00
267 378,36 0,00 0,00 2.315,00 2.409,00
268 378,36 0,00 0,00 2.413,00 2.418,00
269 378,36 378,36 1.046,32 2.511,00 2.427,00
270 378,36 0,00 0,00 2.411,00 2.437,00
271 378,36 378,36 1.055,30 2.509,00 2.446,00
272 378,36 0,00 0,00 2.409,00 2.456,00
273 378,36 378,36 1.064,30 2.507,00 2.465,00
274 378,36 0,00 0,00 2.407,00 2.475,00
275 378,36 378,36 1.072,98 2.505,00 2.484,00
276 378,36 0,00 0,00 2.405,00 2.494,00
277 378,36 378,36 1.082,02 2.503,00 2.503,00
278 378,36 0,00 0,00 2.403,00 2.513,00
279 378,36 0,00 0,00 2.501,00 2.511,00
280 378,36 378,36 1.095,84 2.599,00 2.520,00
281 378,36 0,00 0,00 2.499,00 2.530,00
282 378,36 378,36 1.104,67 2.597,00 2.539,00
283 378,36 0,00 0,00 2.497,00 2.549,00
284 378,36 378,36 1.113,50 2.595,00 2.558,00
285 378,36 0,00 0,00 2.495,00 2.568,00
286 378,36 378,36 1.122,48 2.593,00 2.577,00
287 378,36 0,00 0,00 2.493,00 2.587,00
288 378,36 0,00 0,00 2.591,00 2.596,00
289 378,36 378,36 1.135,97 2.689,00 2.605,00
290 378,36 0,00 0,00 2.589,00 2.615,00
291 378,36 378,36 1.145,43 2.687,00 2.624,00
292 378,36 0,00 0,00 2.587,00 2.634,00
293 378,36 378,36 1.154,92 2.685,00 2.643,00
294 378,36 0,00 0,00 2.585,00 2.653,00
295 378,36 378,36 1.164,50 2.683,00 2.662,00
296 378,36 0,00 0,00 2.583,00 2.672,00
297 378,36 378,36 1.174,09 2.681,00 2.681,00
298 378,36 0,00 0,00 2.581,00 2.691,00
299 378,36 0,00 0,00 2.679,00 2.689,00
300 378,36 378,36 1.188,43 2.777,00 2.698,00
301 378,36 0,00 0,00 2.677,00 2.708,00
302 378,36 378,36 1.197,76 2.775,00 2.717,00
303 378,36 0,00 0,00 2.675,00 2.727,00
304 378,36 378,36 1.207,34 2.773,00 2.736,00
305 378,36 0,00 0,00 2.673,00 2.746,00
306 378,36 378,36 1.217,08 2.771,00 2.755,00
307 378,36 0,00 0,00 2.671,00 2.765,00
308 378,36 0,00 0,00 2.769,00 2.774,00
309 378,36 378,36 1.231,69 2.867,00 2.783,00
310 378,36 0,00 0,00 2.767,00 2.793,00
311 378,36 378,36 1.241,55 2.865,00 2.802,00
312 378,36 0,00 0,00 2.765,00 2.812,00
313 378,36 378,36 1.251,71 2.863,00 2.821,00
314 378,36 0,00 0,00 2.763,00 2.831,00
315 378,36 378,36 1.262,15 2.861,00 2.840,00
316 378,36 0,00 0,00 2.761,00 2.850,00
317 378,36 378,36 1.272,53 2.859,00 2.859,00
318 378,36 0,00 0,00 2.759,00 2.869,00
319 378,36 0,00 0,00 2.857,00 2.867,00
320 378,36 378,36 1.288,11 2.955,00 2.876,00
321 378,36 0,00 0,00 2.855,00 2.886,00
322 378,36 378,36 1.298,21 2.953,00 2.895,00
323 378,36 0,00 0,00 2.853,00 2.905,00
324 378,36 378,36 1.308,39 2.951,00 2.914,00
325 378,36 0,00 0,00 2.851,00 2.924,00
326 378,36 378,36 1.318,70 2.949,00 2.933,00
327 378,36 0,00 0,00 2.849,00 2.943,00
328 378,36 0,00 0,00 2.947,00 2.952,00
329 378,36 378,36 1.334,28 3.045,00 2.961,00
330 378,36 0,00 0,00 2.945,00 2.971,00
331 378,36 378,36 1.344,49 3.043,00 2.980,00
332 378,36 0,00 0,00 2.943,00 2.990,00
333 378,36 378,36 1.355,07 3.041,00 2.999,00
334 378,36 0,00 0,00 2.941,00 3.009,00
335 378,36 378,36 1.365,54 3.039,00 3.018,00
336 378,36 0,00 0,00 2.939,00 3.028,00
337 378,36 378,36 1.375,92 3.037,00 3.037,00
338 378,36 0,00 0,00 2.937,00 3.047,00
339 378,36 0,00 0,00 3.035,00 3.045,00
340 378,36 378,36 1.391,92 3.133,00 3.054,00
341 378,36 0,00 0,00 3.033,00 3.064,00
342 378,36 378,36 1.402,55 3.131,00 3.073,00
343 378,36 0,00 0,00 3.031,00 3.083,00
344 378,36 378,36 1.413,02 3.129,00 3.092,00
345 378,36 0,00 0,00 3.029,00 3.102,00
346 378,36 378,36 1.423,51 3.127,00 3.111,00
347 378,36 0,00 0,00 3.027,00 3.121,00
348 378,36 0,00 0,00 3.125,00 3.130,00
349 378,36 378,36 1.439,73 3.223,00 3.139,00
350 378,36 0,00 0,00 3.123,00 3.149,00
351 378,36 378,36 1.450,62 3.221,00 3.158,00
352 378,36 0,00 0,00 3.121,00 3.168,00
353 378,36 378,36 1.461,49 3.219,00 3.177,00
354 378,36 0,00 0,00 3.119,00 3.187,00
355 378,36 378,36 1.472,57 3.217,00 3.196,00
356 378,36 0,00 0,00 3.117,00 3.206,00
357 378,36 378,36 1.483,68 3.215,00 3.215,00
358 378,36 0,00 0,00 3.115,00 3.225,00
359 378,36 0,00 0,00 3.213,00 3.223,00
360 378,36 378,36 1.500,72 3.311,00 3.232,00
361 378,36 0,00 0,00 3.211,00 3.242,00
362 378,36 378,36 1.512,10 3.309,00 3.251,00
363 378,36 0,00 0,00 3.209,00 3.261,00
364 378,36 378,36 1.523,52 3.307,00 3.270,00
365 378,36 0,00 0,00 3.207,00 3.280,00
366 378,36 378,36 1.534,80 3.305,00 3.289,00
367 378,36 0,00 0,00 3.205,00 3.299,00
368 378,36 0,00 0,00 3.303,00 3.308,00
369 378,36 378,36 1.552,24 3.401,00 3.317,00
370 378,36 0,00 0,00 3.301,00 3.327,00
371 378,36 378,36 1.563,49 3.399,00 3.336,00
372 378,36 0,00 0,00 3.299,00 3.346,00
373 378,36 378,36 1.575,00 3.397,00 3.355,00
374 378,36 0,00 0,00 3.297,00 3.365,00
375 378,36 378,36 1.586,98 3.395,00 3.374,00
376 378,36 0,00 0,00 3.295,00 3.384,00
377 378,36 378,36 1.598,82 3.393,00 3.393,00
378 378,36 0,00 0,00 3.293,00 3.403,00
379 378,36 0,00 0,00 3.391,00 3.401,00
380 378,36 378,36 1.616,58 3.489,00 3.410,00
381 378,36 0,00 0,00 3.389,00 3.420,00
382 378,36 378,36 1.628,44 3.487,00 3.429,00
383 378,36 0,00 0,00 3.387,00 3.439,00
384 378,36 378,36 1.640,23 3.485,00 3.448,00
385 378,36 0,00 0,00 3.385,00 3.458,00
386 378,36 378,36 1.651,66 3.483,00 3.467,00
387 378,36 0,00 0,00 3.383,00 3.477,00
388 378,36 0,00 0,00 3.481,00 3.486,00
389 378,36 378,36 1.669,28 3.579,00 3.495,00
390 378,36 0,00 0,00 3.479,00 3.505,00
391 378,36 378,36 1.680,83 3.577,00 3.514,00
392 378,36 0,00 0,00 3.477,00 3.524,00
393 378,36 378,36 1.692,60 3.575,00 3.533,00
394 378,36 0,00 0,00 3.475,00 3.543,00
395 378,36 378,36 1.704,49 3.573,00 3.552,00
396 378,36 0,00 0,00 3.473,00 3.562,00
397 378,36 378,36 1.716,42 3.571,00 3.571,00
398 378,36 0,00 0,00 3.471,00 3.581,00
399 378,36 0,00 0,00 3.569,00 3.579,00
400 378,36 378,36 1.734,43 3.667,00 3.588,00
401 378,36 0,00 0,00 3.567,00 3.598,00
402 378,36 378,36 1.746,38 3.665,00 3.607,00
403 378,36 0,00 0,00 3.565,00 3.617,00
404 378,36 378,36 1.758,59 3.663,00 3.626,00
405 378,36 0,00 0,00 3.563,00 3.636,00
406 378,36 378,36 1.770,65 3.661,00 3.645,00
407 378,36 0,00 0,00 3.561,00 3.655,00
408 378,36 0,00 0,00 3.659,00 3.664,00
409 378,36 378,36 1.788,62 3.757,00 3.673,00
410 378,36 0,00 0,00 3.657,00 3.683,00
411 378,36 378,36 1.801,31 3.755,00 3.692,00
412 378,36 0,00 0,00 3.655,00 3.702,00
413 378,36 378,36 1.814,05 3.753,00 3.711,00
414 378,36 0,00 0,00 3.653,00 3.721,00
415 378,36 378,36 1.826,58 3.751,00 3.730,00
416 378,36 0,00 0,00 3.651,00 3.740,00
417 378,36 378,36 1.839,29 3.749,00 3.749,00
418 378,36 0,00 0,00 3.649,00 3.759,00
419 378,36 0,00 0,00 3.747,00 3.757,00
420 378,36 378,36 1.858,25 3.845,00 3.766,00
421 378,36 0,00 0,00 3.745,00 3.776,00
422 378,36 378,36 1.870,50 3.843,00 3.785,00
423 378,36 0,00 0,00 3.743,00 3.795,00
424 378,36 378,36 1.883,09 3.841,00 3.804,00
425 378,36 0,00 0,00 3.741,00 3.814,00
426 378,36 378,36 1.895,89 3.839,00 3.823,00
427 378,36 0,00 0,00 3.739,00 3.833,00
428 378,36 0,00 0,00 3.837,00 3.842,00
429 378,36 378,36 1.915,14 3.935,00 3.851,00
430 378,36 0,00 0,00 3.835,00 3.861,00
431 378,36 378,36 1.927,94 3.933,00 3.870,00
432 378,36 0,00 0,00 3.833,00 3.880,00
433 378,36 378,36 1.940,95 3.931,00 3.889,00
434 378,36 0,00 0,00 3.831,00 3.899,00
435 378,36 378,36 1.953,95 3.929,00 3.908,00
436 378,36 0,00 0,00 3.829,00 3.918,00
437 378,36 378,36 1.966,62 3.927,00 3.927,00
438 378,36 0,00 0,00 3.827,00 3.937,00
439 378,36 0,00 0,00 3.925,00 3.935,00
440 378,36 378,36 1.985,87 4.023,00 3.944,00
441 378,36 0,00 0,00 3.923,00 3.954,00
442 378,36 378,36 1.998,23 4.021,00 3.963,00
443 378,36 0,00 0,00 3.921,00 3.973,00
444 378,36 378,36 2.010,74 4.019,00 3.982,00
445 378,36 0,00 0,00 3.919,00 3.992,00
446 378,36 378,36 2.023,58 4.017,00 4.001,00
447 378,36 0,00 0,00 3.917,00 4.011,00
448 378,36 0,00 0,00 4.015,00 4.020,00
449 378,36 378,36 2.043,29 4.113,00 4.029,00
450 378,36 0,00 0,00 4.013,00 4.039,00
451 378,36 378,36 2.056,46 4.111,00 4.048,00
452 378,36 0,00 0,00 4.011,00 4.058,00
453 378,36 378,36 2.069,74 4.109,00 4.067,00
454 378,36 0,00 0,00 4.009,00 4.077,00
455 378,36 378,36 2.082,86 4.107,00 4.086,00
456 378,36 0,00 0,00 4.007,00 4.096,00
457 378,36 378,36 2.096,13 4.105,00 4.105,00
458 378,36 0,00 0,00 4.005,00 4.115,00
459 378,36 0,00 0,00 4.103,00 4.113,00
460 378,36 378,36 2.116,33 4.201,00 4.122,00
461 378,36 0,00 0,00 4.101,00 4.132,00
462 378,36 378,36 2.129,60 4.199,00 4.141,00
463 378,36 0,00 0,00 4.099,00 4.151,00
464 378,36 378,36 2.142,70 4.197,00 4.160,00
465 378,36 0,00 0,00 4.097,00 4.170,00
466 378,36 378,36 2.156,15 4.195,00 4.179,00
467 378,36 0,00 0,00 4.095,00 4.189,00
468 378,36 0,00 0,00 4.193,00 4.198,00
469 378,36 378,36 2.176,50 4.291,00 4.207,00
470 378,36 0,00 0,00 4.191,00 4.217,00
471 378,36 378,36 2.190,18 4.289,00 4.226,00
472 378,36 0,00 0,00 4.189,00 4.236,00
473 378,36 378,36 2.204,01 4.287,00 4.245,00
474 378,36 0,00 0,00 4.187,00 4.255,00
475 378,36 378,36 2.217,72 4.285,00 4.264,00
476 378,36 0,00 0,00 4.185,00 4.274,00
477 378,36 378,36 2.231,68 4.283,00 4.283,00
478 378,36 0,00 0,00 4.183,00 4.293,00
479 378,36 0,00 0,00 4.281,00 4.291,00
480 378,36 378,36 2.253,19 4.379,00 4.300,00
481 378,36 0,00 0,00 4.279,00 4.310,00
482 378,36 378,36 2.266,95 4.377,00 4.319,00
483 378,36 0,00 0,00 4.277,00 4.329,00
484 378,36 378,36 2.280,66 4.375,00 4.338,00
485 378,36 0,00 0,00 4.275,00 4.348,00
486 378,36 378,36 2.294,43 4.373,00 4.357,00
487 378,36 0,00 0,00 4.273,00 4.367,00
488 378,36 0,00 0,00 4.371,00 4.376,00
489 378,36 378,36 2.315,00 4.469,00 4.385,00
490 378,36 0,00 0,00 4.369,00 4.395,00
491 378,36 378,36 2.328,10 4.467,00 4.404,00
492 378,36 0,00 0,00 4.367,00 4.414,00
493 378,36 378,36 2.341,67 4.465,00 4.423,00
494 378,36 0,00 0,00 4.365,00 4.433,00
495 378,36 378,36 2.355,71 4.463,00 4.442,00
496 378,36 0,00 0,00 4.363,00 4.452,00
497 378,36 378,36 2.369,76 4.461,00 4.461,00
498 378,36 0,00 0,00 4.361,00 4.471,00
499 378,36 0,00 0,00 4.459,00 4.469,00
