1000
0 328,68 328,68 328,68 1,00 58,00 0
1 328,68 5,98 5,98 1,00 71,00 1235
2 328,68 4,83 5,25 1,00 84,00 1774
3 328,68 4,83 5,43 1,00 100,00 1865
4 328,68 4,83 5,44 1,00 116,00 1875
5 328,68 4,83 5,43 1,00 132,00 1879
6 328,68 4,83 5,44 1,00 148,00 1881
7 328,68 4,83 5,45 1,00 164,00 1881
8 328,68 4,83 5,45 1,00 180,00 1881
9 328,68 4,83 5,45 1,00 196,00 1881
10 328,68 4,83 5,45 1,00 212,00 1881
11 328,68 4,83 5,45 1,00 228,00 1881
12 328,68 4,83 5,45 1,00 244,00 1881
13 328,68 4,83 5,45 1,00 260,00 1881
14 328,68 4,83 5,45 1,00 276,00 1881
15 328,68 4,83 5,45 1,00 292,00 1881
16 328,68 4,83 5,45 1,00 308,00 1881
17 328,68 4,83 5,45 1,00 324,00 1881
18 328,68 4,83 5,45 1,00 340,00 1881
19 328,68 4,83 5,45 1,00 356,00 1881
20 328,68 4,83 5,45 1,00 372,00 1881
21 328,68 4,83 5,45 1,00 388,00 1881
22 328,68 4,83 5,45 1,00 404,00 1881
23 328,68 4,83 5,45 1,00 420,00 1881
24 328,68 4,83 5,45 1,00 436,00 1881
25 328,68 4,83 5,45 1,00 452,00 1881
26 328,68 4,83 5,45 1,00 468,00 1881
27 328,68 4,83 5,45 1,00 484,00 1881
28 328,68 4,83 5,45 1,00 500,00 1881
29 328,68 4,83 5,45 1,00 516,00 1881
30 328,68 4,83 5,45 81,00 532,00 1881
31 328,68 50,33 56,73 81,00 545,00 2704
32 328,68 49,21 51,36 81,00 557,00 3431
33 328,68 48,06 64,97 81,00 570,00 3821
34 328,68 46,79 62,73 81,00 585,00 4072
35 328,68 45,59 66,19 81,00 600,00 4286
36 328,68 45,59 62,70 81,00 616,00 4405
37 328,68 42,19 57,81 81,00 631,00 4558
38 328,68 41,15 59,27 81,00 647,00 4625
39 328,68 41,15 57,67 81,00 663,00 4666
40 328,68 41,15 58,54 81,00 679,00 4711
41 328,68 38,31 54,59 81,00 695,00 4762
42 328,68 38,31 56,06 81,00 711,00 4795
43 328,68 38,31 53,97 81,00 727,00 4831
44 328,68 38,31 55,33 81,00 743,00 4863
45 328,68 38,31 55,32 81,00 759,00 4893
46 328,68 38,31 55,32 81,00 775,00 4918
47 328,68 38,31 55,32 81,00 791,00 4938
48 328,68 38,31 55,32 81,00 807,00 4953
49 328,68 38,31 55,32 81,00 823,00 4969
50 328,68 38,31 55,32 81,00 839,00 4978
51 328,68 38,31 55,32 81,00 855,00 4991
52 328,68 38,31 55,32 81,00 871,00 5006
53 328,68 38,31 55,32 81,00 887,00 5016
54 328,68 38,31 55,32 81,00 903,00 5027
55 328,68 38,31 55,32 81,00 919,00 5033
56 328,68 38,31 55,32 81,00 935,00 5043
57 328,68 38,31 55,32 81,00 951,00 5047
58 328,68 38,31 55,32 81,00 967,00 5055
59 328,68 27,08 39,11 81,00 983,00 5061
60 328,68 27,08 39,11 1,00 999,00 5068
61 328,68 27,08 39,11 1,00 1.015,00 5076
62 328,68 0,32 0,46 1,00 1.031,00 5097
63 328,68 0,32 0,46 1,00 1.041,00 5110
64 328,68 0,32 0,46 1,00 1.055,00 5114
65 328,68 0,32 0,46 1,00 1.071,00 5115
66 328,68 0,32 0,46 1,00 1.087,00 5118
67 328,68 0,32 0,46 1,00 1.103,00 5123
68 328,68 0,32 0,46 1,00 1.119,00 5124
69 328,68 0,29 0,42 1,00 1.135,00 5125
70 328,68 0,29 0,41 1,00 1.151,00 5125
71 328,68 0,29 0,41 1,00 1.167,00 5125
72 328,68 0,29 0,41 1,00 1.183,00 5125
73 328,68 0,29 0,41 1,00 1.199,00 5125
74 328,68 0,29 0,41 1,00 1.215,00 5126
75 328,68 0,29 0,41 1,00 1.231,00 5126
76 328,68 0,29 0,41 1,00 1.247,00 5126
77 328,68 0,29 0,41 1,00 1.263,00 5126
78 328,68 0,29 0,41 1,00 1.279,00 5127
79 328,68 0,29 0,41 1,00 1.295,00 5128
80 328,68 0,29 0,41 1,00 1.311,00 5128
81 328,68 0,29 0,41 1,00 1.327,00 5128
82 328,68 0,29 0,41 1,00 1.343,00 5128
83 328,68 0,24 0,35 1,00 1.359,00 5128
84 328,68 0,24 0,35 1,00 1.375,00 5128
85 328,68 0,24 0,34 1,00 1.391,00 5128
86 328,68 0,24 0,34 1,00 1.407,00 5128
87 328,68 0,23 0,33 1,00 1.423,00 5128
88 328,68 0,23 0,33 1,00 1.439,00 5129
89 328,68 0,23 0,33 1,00 1.455,00 5133
90 328,68 0,23 0,33 99,00 1.471,00 5133
91 328,68 22,14 31,97 99,00 1.486,00 5240
92 328,68 22,14 31,96 99,00 1.502,00 5280
93 328,68 22,14 31,96 99,00 1.518,00 5298
94 328,68 22,14 31,96 99,00 1.534,00 5308
95 328,68 22,14 31,96 99,00 1.550,00 5318
96 328,68 20,78 30,01 99,00 1.566,00 5327
97 328,68 20,78 30,01 99,00 1.582,00 5336
98 328,68 20,36 29,41 99,00 1.598,00 5340
99 328,68 20,36 29,41 99,00 1.614,00 5347
100 328,68 20,36 29,41 99,00 1.630,00 5351
101 328,68 20,36 29,41 99,00 1.646,00 5353
102 328,68 20,36 29,41 99,00 1.662,00 5354
103 328,68 20,36 29,41 99,00 1.678,00 5357
104 328,68 20,36 29,41 99,00 1.694,00 5357
105 328,68 20,36 29,41 99,00 1.710,00 5357
106 328,68 20,36 29,41 99,00 1.726,00 5357
107 328,68 20,36 29,41 99,00 1.742,00 5357
108 328,68 20,36 29,41 99,00 1.758,00 5357
109 328,68 20,36 29,41 99,00 1.774,00 5359
110 328,68 20,36 29,41 99,00 1.790,00 5359
111 328,68 20,36 29,41 99,00 1.806,00 5360
112 328,68 20,36 29,41 99,00 1.822,00 5362
113 328,68 17,70 25,57 99,00 1.838,00 5364
114 328,68 17,70 25,57 99,00 1.854,00 5366
115 328,68 17,70 25,57 99,00 1.870,00 5366
116 328,68 17,70 25,57 99,00 1.886,00 5366
117 328,68 17,70 25,57 99,00 1.902,00 5366
118 328,68 16,97 24,50 99,00 1.918,00 5367
119 328,68 16,97 24,50 99,00 1.934,00 5368
120 328,68 16,97 24,50 9,00 1.950,00 5368
121 328,68 16,97 24,50 9,00 1.966,00 5378
122 328,68 16,97 24,50 9,00 1.982,00 5387
123 328,68 16,97 24,50 9,00 1.998,00 5391
124 328,68 16,97 24,50 9,00 2.014,00 5392
125 328,68 1,46 2,10 9,00 2.030,00 5392
126 328,68 1,46 2,10 9,00 2.046,00 5392
127 328,68 1,46 2,10 9,00 2.062,00 5392
128 328,68 1,46 2,10 9,00 2.078,00 5392
129 328,68 1,46 2,10 9,00 2.094,00 5392
130 328,68 1,46 2,10 9,00 2.110,00 5392
131 328,68 1,46 2,10 9,00 2.126,00 5392
132 328,68 1,46 2,10 9,00 2.142,00 5392
133 328,68 1,46 2,10 9,00 2.158,00 5392
134 328,68 1,46 2,10 9,00 2.174,00 5392
135 328,68 1,46 2,10 9,00 2.190,00 5392
136 328,68 1,46 2,10 9,00 2.206,00 5392
137 328,68 1,46 2,10 9,00 2.222,00 5392
138 328,68 1,46 2,10 9,00 2.238,00 5392
139 328,68 1,46 2,10 9,00 2.254,00 5392
140 328,68 1,46 2,10 9,00 2.270,00 5397
141 328,68 1,46 2,10 9,00 2.286,00 5398
142 328,68 1,46 2,10 9,00 2.302,00 5398
143 328,68 1,46 2,10 9,00 2.318,00 5398
144 328,68 1,46 2,10 9,00 2.334,00 5398
145 328,68 1,46 2,10 9,00 2.350,00 5398
146 328,68 1,25 1,81 9,00 2.366,00 5398
147 328,68 1,25 1,81 9,00 2.382,00 5398
148 328,68 1,25 1,81 9,00 2.398,00 5398
149 328,68 1,25 1,81 9,00 2.414,00 5398
150 328,68 1,25 1,81 95,00 2.430,00 5398
151 328,68 1,25 1,81 95,00 2.446,00 5443
152 328,68 1,25 1,81 95,00 2.462,00 5461
153 328,68 1,25 1,81 95,00 2.478,00 5469
154 328,68 1,25 1,81 95,00 2.494,00 5476
155 328,68 1,25 1,81 95,00 2.510,00 5480
156 328,68 1,25 1,81 95,00 2.526,00 5482
157 328,68 1,25 1,81 95,00 2.542,00 5482
158 328,68 1,25 1,81 95,00 2.558,00 5492
159 328,68 1,25 1,81 95,00 2.574,00 5501
160 328,68 1,25 1,81 95,00 2.590,00 5510
161 328,68 1,25 1,81 95,00 2.606,00 5520
162 328,68 1,25 1,81 95,00 2.622,00 5532
163 328,68 1,25 1,81 95,00 2.638,00 5544
164 328,68 1,25 1,81 95,00 2.654,00 5553
165 328,68 1,25 1,81 95,00 2.670,00 5560
166 328,68 1,25 1,81 95,00 2.686,00 5566
167 328,68 1,25 1,81 95,00 2.702,00 5570
168 328,68 1,25 1,81 95,00 2.718,00 5573
169 328,68 1,25 1,81 95,00 2.734,00 5575
170 328,68 1,25 1,81 95,00 2.750,00 5576
171 328,68 1,25 1,81 95,00 2.766,00 5577
172 328,68 1,25 1,81 95,00 2.782,00 5578
173 328,68 1,25 1,81 95,00 2.798,00 5579
174 328,68 1,25 1,81 95,00 2.814,00 5580
175 328,68 1,25 1,81 95,00 2.830,00 5582
176 328,68 1,25 1,81 95,00 2.846,00 5583
177 328,68 1,25 1,81 95,00 2.862,00 5584
178 328,68 1,25 1,81 95,00 2.878,00 5587
179 328,68 1,25 1,81 95,00 2.894,00 5589
180 328,68 1,25 1,81 167,00 2.910,00 5591
181 328,68 18,76 27,09 167,00 2.926,00 5600
182 328,68 18,66 26,94 167,00 2.942,00 5601
183 328,68 18,66 26,94 167,00 2.958,00 5602
184 328,68 18,66 26,94 167,00 2.974,00 5602
185 328,68 18,66 26,94 167,00 2.990,00 5602
186 328,68 18,66 26,94 167,00 3.006,00 5602
187 328,68 18,66 26,94 167,00 3.022,00 5602
188 328,68 18,66 26,94 167,00 3.038,00 5602
189 328,68 18,66 26,94 167,00 3.054,00 5602
190 328,68 18,66 26,94 167,00 3.070,00 5602
191 328,68 18,66 26,94 167,00 3.086,00 5604
192 328,68 18,66 26,94 167,00 3.102,00 5606
193 328,68 17,60 25,42 167,00 3.118,00 5607
194 328,68 17,60 25,42 167,00 3.134,00 5611
195 328,68 17,60 25,42 167,00 3.150,00 5613
196 328,68 17,34 25,04 167,00 3.166,00 5613
197 328,68 17,34 25,04 167,00 3.182,00 5613
198 328,68 17,34 25,04 167,00 3.198,00 5613
199 328,68 17,34 25,04 167,00 3.214,00 5613
200 328,68 17,34 25,04 167,00 3.230,00 5613
201 328,68 16,91 24,42 167,00 3.246,00 5613
202 328,68 16,91 24,42 167,00 3.262,00 5613
203 328,68 16,91 24,42 167,00 3.278,00 5613
204 328,68 16,91 24,42 167,00 3.294,00 5613
205 328,68 16,91 24,42 167,00 3.310,00 5613
206 328,68 16,91 24,42 167,00 3.326,00 5613
207 328,68 16,91 24,42 167,00 3.342,00 5613
208 328,68 16,91 24,42 167,00 3.358,00 5614
209 328,68 16,91 24,42 167,00 3.374,00 5616
210 328,68 16,91 24,42 67,00 3.390,00 5616
211 328,68 16,91 24,42 67,00 3.406,00 5655
212 328,68 16,91 24,42 67,00 3.422,00 5665
213 328,68 16,91 24,42 67,00 3.438,00 5671
214 328,68 16,91 24,42 67,00 3.454,00 5671
215 328,68 16,91 24,42 67,00 3.470,00 5671
216 328,68 6,32 9,12 67,00 3.486,00 5671
217 328,68 6,32 9,12 67,00 3.502,00 5671
218 328,68 6,26 9,04 67,00 3.518,00 5671
219 328,68 6,26 9,04 67,00 3.534,00 5671
220 328,68 6,26 9,04 67,00 3.550,00 5671
221 328,68 6,26 9,04 67,00 3.566,00 5671
222 328,68 6,26 9,04 67,00 3.582,00 5671
223 328,68 6,26 9,04 67,00 3.598,00 5671
224 328,68 6,26 9,04 67,00 3.614,00 5671
225 328,68 6,26 9,04 67,00 3.630,00 5671
226 328,68 6,04 8,72 67,00 3.646,00 5671
227 328,68 6,04 8,72 67,00 3.662,00 5671
228 328,68 6,04 8,72 67,00 3.678,00 5671
229 328,68 6,04 8,72 67,00 3.694,00 5671
230 328,68 6,04 8,72 67,00 3.710,00 5671
231 328,68 6,04 8,72 67,00 3.726,00 5671
232 328,68 6,04 8,72 67,00 3.742,00 5671
233 328,68 6,04 8,72 67,00 3.758,00 5671
234 328,68 6,04 8,72 67,00 3.774,00 5671
235 328,68 6,04 8,72 67,00 3.790,00 5671
236 328,68 5,79 8,36 67,00 3.806,00 5671
237 328,68 5,79 8,36 67,00 3.822,00 5671
238 328,68 5,79 8,36 67,00 3.838,00 5671
239 328,68 5,79 8,36 67,00 3.854,00 5671
240 328,68 5,79 8,36 23,00 3.870,00 5671
241 328,68 5,79 8,36 23,00 3.886,00 5686
242 328,68 5,79 8,36 23,00 3.902,00 5686
243 328,68 5,79 8,36 23,00 3.918,00 5687
244 328,68 5,79 8,36 23,00 3.934,00 5688
245 328,68 5,79 8,36 23,00 3.950,00 5688
246 328,68 5,79 8,36 23,00 3.966,00 5688
247 328,68 5,79 8,36 23,00 3.982,00 5688
248 328,68 5,79 8,36 23,00 3.998,00 5688
249 328,68 5,79 8,36 23,00 4.014,00 5691
250 328,68 5,79 8,36 23,00 4.030,00 5693
251 328,68 5,79 8,36 23,00 4.046,00 5693
252 328,68 5,79 8,36 23,00 4.062,00 5693
253 328,68 5,79 8,36 23,00 4.078,00 5694
254 328,68 5,79 8,36 23,00 4.094,00 5694
255 328,68 5,79 8,36 23,00 4.110,00 5694
256 328,68 5,79 8,36 23,00 4.126,00 5694
257 328,68 5,79 8,36 23,00 4.142,00 5694
258 328,68 5,79 8,36 23,00 4.158,00 5694
259 328,68 5,79 8,36 23,00 4.174,00 5694
260 328,68 5,79 8,36 23,00 4.190,00 5694
261 328,68 1,80 2,60 23,00 4.206,00 5694
262 328,68 1,80 2,60 23,00 4.222,00 5694
263 328,68 1,80 2,60 23,00 4.238,00 5694
264 328,68 1,80 2,60 23,00 4.254,00 5694
265 328,68 1,80 2,60 23,00 4.270,00 5694
266 328,68 1,80 2,60 23,00 4.286,00 5694
267 328,68 1,80 2,60 23,00 4.302,00 5694
268 328,68 1,80 2,60 23,00 4.318,00 5694
269 328,68 1,80 2,60 23,00 4.334,00 5694
270 328,68 1,80 2,60 88,00 4.350,00 5694
271 328,68 1,80 2,60 88,00 4.366,00 5724
272 328,68 1,80 2,60 88,00 4.382,00 5736
273 328,68 1,80 2,60 88,00 4.398,00 5742
274 328,68 1,80 2,60 88,00 4.414,00 5742
275 328,68 1,80 2,60 88,00 4.430,00 5742
276 328,68 1,80 2,60 88,00 4.446,00 5742
277 328,68 1,80 2,60 88,00 4.462,00 5742
278 328,68 1,80 2,60 88,00 4.478,00 5742
279 328,68 6,44 9,29 88,00 4.494,00 5742
280 328,68 6,44 9,29 88,00 4.510,00 5742
281 328,68 6,44 9,29 88,00 4.526,00 5742
282 328,68 6,44 9,29 88,00 4.542,00 5742
283 328,68 6,44 9,29 88,00 4.558,00 5742
284 328,68 6,44 9,29 88,00 4.574,00 5742
285 328,68 6,44 9,29 88,00 4.590,00 5742
286 328,68 6,44 9,29 88,00 4.606,00 5742
287 328,68 6,44 9,29 88,00 4.622,00 5742
288 328,68 6,44 9,29 88,00 4.638,00 5742
289 328,68 6,44 9,29 88,00 4.654,00 5742
290 328,68 6,44 9,29 88,00 4.670,00 5742
291 328,68 6,44 9,29 88,00 4.686,00 5742
292 328,68 6,44 9,29 88,00 4.702,00 5742
293 328,68 6,13 8,85 88,00 4.718,00 5742
294 328,68 6,11 8,82 88,00 4.734,00 5742
295 328,68 6,09 8,79 88,00 4.750,00 5742
296 328,68 6,09 8,79 88,00 4.766,00 5742
297 328,68 6,09 8,79 88,00 4.782,00 5742
298 328,68 6,09 8,79 88,00 4.798,00 5742
299 328,68 6,09 8,79 88,00 4.814,00 5742
300 328,68 6,09 8,79 29,00 4.830,00 5742
301 328,68 6,09 8,79 29,00 4.846,00 5752
302 328,68 6,09 8,79 29,00 4.862,00 5752
303 328,68 6,09 8,79 29,00 4.878,00 5752
304 328,68 6,09 8,79 29,00 4.894,00 5752
305 328,68 6,09 8,79 29,00 4.910,00 5752
306 328,68 6,09 8,79 29,00 4.926,00 5762
307 328,68 6,09 8,79 29,00 4.942,00 5773
308 328,68 1,92 2,78 29,00 4.958,00 5778
309 328,68 1,92 2,78 29,00 4.974,00 5780
310 328,68 1,92 2,78 29,00 4.990,00 5780
311 328,68 1,92 2,78 29,00 5.006,00 5780
312 328,68 1,92 2,78 29,00 5.022,00 5780
313 328,68 1,92 2,78 29,00 5.038,00 5782
314 328,68 1,92 2,78 29,00 5.054,00 5783
315 328,68 1,92 2,78 29,00 5.070,00 5783
316 328,68 1,92 2,78 29,00 5.086,00 5783
317 328,68 1,92 2,78 29,00 5.102,00 5783
318 328,68 1,92 2,78 29,00 5.118,00 5783
319 328,68 1,92 2,78 29,00 5.134,00 5783
320 328,68 1,92 2,78 29,00 5.150,00 5783
321 328,68 1,92 2,78 29,00 5.166,00 5783
322 328,68 1,92 2,78 29,00 5.182,00 5783
323 328,68 1,92 2,78 29,00 5.198,00 5783
324 328,68 1,92 2,78 29,00 5.214,00 5783
325 328,68 1,92 2,78 29,00 5.230,00 5783
326 328,68 1,82 2,62 29,00 5.246,00 5783
327 328,68 1,82 2,62 29,00 5.262,00 5783
328 328,68 1,82 2,62 29,00 5.278,00 5783
329 328,68 1,82 2,62 29,00 5.294,00 5783
330 328,68 1,82 2,62 76,00 5.310,00 5783
331 328,68 1,82 2,62 76,00 5.326,00 5809
332 328,68 4,68 6,75 76,00 5.342,00 5815
333 328,68 4,68 6,75 76,00 5.358,00 5818
334 328,68 4,65 6,71 76,00 5.374,00 5819
335 328,68 4,65 6,71 76,00 5.390,00 5820
336 328,68 4,62 6,67 76,00 5.406,00 5820
337 328,68 4,62 6,67 76,00 5.422,00 5820
338 328,68 4,62 6,67 76,00 5.438,00 5820
339 328,68 4,62 6,67 76,00 5.454,00 5820
340 328,68 4,62 6,67 76,00 5.470,00 5820
341 328,68 4,62 6,67 76,00 5.486,00 5820
342 328,68 4,62 6,67 76,00 5.502,00 5820
343 328,68 4,62 6,67 76,00 5.518,00 5820
344 328,68 4,62 6,67 76,00 5.534,00 5820
345 328,68 4,62 6,67 76,00 5.550,00 5820
346 328,68 4,62 6,67 76,00 5.566,00 5820
347 328,68 4,48 6,46 76,00 5.582,00 5820
348 328,68 4,48 6,46 76,00 5.598,00 5820
349 328,68 4,48 6,46 76,00 5.614,00 5820
350 328,68 4,48 6,46 76,00 5.630,00 5820
351 328,68 4,48 6,46 76,00 5.646,00 5820
352 328,68 4,48 6,46 76,00 5.662,00 5820
353 328,68 4,48 6,46 76,00 5.678,00 5820
354 328,68 4,48 6,46 76,00 5.694,00 5820
355 328,68 4,48 6,46 76,00 5.710,00 5820
356 328,68 4,48 6,46 76,00 5.726,00 5820
357 328,68 4,48 6,46 76,00 5.742,00 5820
358 328,68 4,48 6,46 76,00 5.758,00 5820
359 328,68 4,48 6,46 76,00 5.774,00 5820
360 328,68 4,48 6,46 17,00 5.790,00 5820
361 328,68 4,48 6,46 17,00 5.806,00 5827
362 328,68 4,48 6,46 17,00 5.822,00 5827
363 328,68 4,48 6,46 17,00 5.838,00 5827
364 328,68 4,48 6,46 17,00 5.854,00 5827
365 328,68 4,48 6,46 17,00 5.870,00 5827
366 328,68 4,48 6,46 17,00 5.886,00 5827
367 328,68 0,95 1,37 17,00 5.902,00 5827
368 328,68 0,95 1,37 17,00 5.918,00 5827
369 328,68 0,94 1,36 17,00 5.934,00 5827
370 328,68 0,94 1,36 17,00 5.950,00 5827
371 328,68 0,94 1,36 17,00 5.966,00 5827
372 328,68 0,94 1,36 17,00 5.982,00 5827
373 328,68 0,94 1,36 17,00 5.998,00 5827
374 328,68 0,94 1,36 17,00 6.014,00 5827
375 328,68 0,94 1,36 17,00 6.030,00 5827
376 328,68 0,94 1,36 17,00 6.046,00 5827
377 328,68 0,94 1,36 17,00 6.062,00 5827
378 328,68 0,92 1,33 17,00 6.078,00 5827
379 328,68 0,92 1,33 17,00 6.094,00 5827
380 328,68 0,91 1,32 17,00 6.110,00 5827
381 328,68 0,91 1,32 17,00 6.126,00 5827
382 328,68 0,91 1,32 17,00 6.142,00 5827
383 328,68 0,91 1,32 17,00 6.158,00 5833
384 328,68 0,91 1,32 17,00 6.174,00 5833
385 328,68 0,91 1,32 17,00 6.190,00 5833
386 328,68 0,91 1,32 17,00 6.206,00 5833
387 328,68 0,91 1,32 17,00 6.222,00 5833
388 328,68 0,91 1,32 17,00 6.238,00 5833
389 328,68 0,89 1,29 17,00 6.254,00 5833
390 328,68 0,89 1,29 99,00 6.270,00 5833
391 328,68 0,89 1,29 99,00 6.286,00 5854
392 328,68 0,89 1,29 99,00 6.302,00 5858
393 328,68 0,89 1,29 99,00 6.318,00 5861
394 328,68 0,89 1,29 99,00 6.334,00 5861
395 328,68 0,89 1,29 99,00 6.350,00 5861
396 328,68 0,89 1,29 99,00 6.366,00 5861
397 328,68 5,10 7,36 99,00 6.382,00 5861
398 328,68 5,10 7,36 99,00 6.398,00 5861
399 328,68 5,10 7,36 99,00 6.414,00 5861
400 328,68 5,10 7,36 99,00 6.430,00 5861
401 328,68 5,05 7,29 99,00 6.446,00 5865
402 328,68 5,05 7,29 99,00 6.462,00 5866
403 328,68 5,05 7,29 99,00 6.478,00 5866
404 328,68 5,05 7,29 99,00 6.494,00 5866
405 328,68 5,05 7,29 99,00 6.510,00 5866
406 328,68 5,05 7,29 99,00 6.526,00 5866
407 328,68 5,05 7,29 99,00 6.542,00 5866
408 328,68 5,05 7,29 99,00 6.558,00 5866
409 328,68 5,05 7,29 99,00 6.574,00 5866
410 328,68 5,05 7,29 99,00 6.590,00 5866
411 328,68 5,05 7,29 99,00 6.606,00 5866
412 328,68 5,05 7,29 99,00 6.622,00 5866
413 328,68 5,05 7,29 99,00 6.638,00 5866
414 328,68 5,05 7,29 99,00 6.654,00 5866
415 328,68 5,05 7,29 99,00 6.670,00 5866
416 328,68 5,05 7,29 99,00 6.686,00 5866
417 328,68 5,05 7,29 99,00 6.702,00 5866
418 328,68 5,05 7,29 99,00 6.718,00 5866
419 328,68 5,05 7,29 99,00 6.734,00 5866
420 328,68 5,05 7,29 28,00 6.750,00 5866
421 328,68 5,05 7,29 28,00 6.766,00 5875
422 328,68 5,05 7,29 28,00 6.782,00 5878
423 328,68 5,05 7,29 28,00 6.798,00 5879
424 328,68 5,05 7,29 28,00 6.814,00 5879
425 328,68 5,05 7,29 28,00 6.830,00 5879
426 328,68 5,05 7,29 28,00 6.846,00 5879
427 328,68 5,05 7,29 28,00 6.862,00 5879
428 328,68 5,05 7,29 28,00 6.878,00 5880
429 328,68 5,05 7,29 28,00 6.894,00 5880
430 328,68 5,05 7,29 28,00 6.910,00 5880
431 328,68 5,05 7,29 28,00 6.926,00 5880
432 328,68 5,05 7,29 28,00 6.942,00 5880
433 328,68 5,05 7,29 28,00 6.958,00 5880
434 328,68 5,05 7,29 28,00 6.974,00 5880
435 328,68 5,05 7,29 28,00 6.990,00 5880
436 328,68 1,31 1,90 28,00 7.006,00 5880
437 328,68 1,31 1,90 28,00 7.022,00 5880
438 328,68 1,31 1,90 28,00 7.038,00 5880
439 328,68 1,31 1,90 28,00 7.054,00 5880
440 328,68 1,31 1,90 28,00 7.070,00 5880
441 328,68 1,30 1,88 28,00 7.086,00 5880
442 328,68 1,30 1,88 28,00 7.102,00 5880
443 328,68 1,30 1,88 28,00 7.118,00 5880
444 328,68 1,30 1,88 28,00 7.134,00 5880
445 328,68 1,30 1,88 28,00 7.150,00 5880
446 328,68 1,28 1,85 28,00 7.166,00 5880
447 328,68 1,28 1,85 28,00 7.182,00 5880
448 328,68 1,28 1,85 28,00 7.198,00 5880
449 328,68 1,28 1,85 28,00 7.214,00 5880
450 328,68 1,28 1,85 90,00 7.230,00 5880
451 328,68 4,08 5,90 90,00 7.246,00 5901
452 328,68 4,08 5,90 90,00 7.262,00 5908
453 328,68 4,08 5,90 90,00 7.278,00 5908
454 328,68 4,08 5,90 90,00 7.294,00 5908
455 328,68 4,08 5,90 90,00 7.310,00 5908
456 328,68 4,08 5,90 90,00 7.326,00 5909
457 328,68 4,08 5,90 90,00 7.342,00 5909
458 328,68 4,08 5,90 90,00 7.358,00 5909
459 328,68 4,08 5,90 90,00 7.374,00 5909
460 328,68 4,08 5,90 90,00 7.390,00 5909
461 328,68 4,08 5,90 90,00 7.406,00 5909
462 328,68 4,08 5,90 90,00 7.422,00 5909
463 328,68 4,08 5,90 90,00 7.438,00 5909
464 328,68 4,08 5,90 90,00 7.454,00 5909
465 328,68 4,08 5,90 90,00 7.470,00 5909
466 328,68 4,08 5,90 90,00 7.486,00 5909
467 328,68 4,08 5,90 90,00 7.502,00 5909
468 328,68 4,08 5,90 90,00 7.518,00 5909
469 328,68 4,08 5,90 90,00 7.534,00 5909
470 328,68 4,08 5,90 90,00 7.550,00 5909
471 328,68 4,08 5,90 90,00 7.566,00 5909
472 328,68 4,08 5,90 90,00 7.582,00 5909
473 328,68 3,89 5,62 90,00 7.598,00 5909
474 328,68 3,89 5,62 90,00 7.614,00 5909
475 328,68 3,89 5,62 90,00 7.630,00 5909
476 328,68 3,87 5,59 90,00 7.646,00 5909
477 328,68 3,86 5,58 90,00 7.662,00 5909
478 328,68 3,86 5,58 90,00 7.678,00 5909
479 328,68 3,86 5,58 90,00 7.694,00 5909
480 328,68 3,86 5,58 40,00 7.710,00 5909
481 328,68 3,86 5,58 40,00 7.726,00 5915
482 328,68 3,86 5,58 40,00 7.742,00 5916
483 328,68 3,86 5,58 40,00 7.758,00 5916
484 328,68 3,86 5,58 40,00 7.774,00 5916
485 328,68 3,86 5,58 40,00 7.790,00 5916
486 328,68 3,86 5,58 40,00 7.806,00 5916
487 328,68 3,86 5,58 40,00 7.822,00 5916
488 328,68 3,86 5,58 40,00 7.838,00 5916
489 328,68 1,67 2,42 40,00 7.854,00 5916
490 328,68 1,67 2,42 40,00 7.870,00 5916
491 328,68 1,67 2,42 40,00 7.886,00 5916
492 328,68 1,67 2,42 40,00 7.902,00 5916
493 328,68 1,67 2,42 40,00 7.918,00 5916
494 328,68 1,67 2,42 40,00 7.934,00 5916
495 328,68 1,67 2,42 40,00 7.950,00 5916
496 328,68 1,65 2,38 40,00 7.966,00 5916
497 328,68 1,65 2,38 40,00 7.982,00 5916
498 328,68 1,65 2,38 40,00 7.998,00 5916
499 328,68 1,65 2,38 40,00 8.014,00 5916
500 328,68 1,65 2,38 40,00 8.030,00 5916
501 328,68 1,65 2,38 40,00 8.046,00 5916
502 328,68 1,65 2,38 40,00 8.062,00 5916
503 328,68 1,65 2,38 40,00 8.078,00 5916
504 328,68 1,65 2,38 40,00 8.094,00 5916
505 328,68 1,65 2,38 40,00 8.110,00 5919
506 328,68 1,65 2,38 40,00 8.126,00 5919
507 328,68 1,65 2,38 40,00 8.142,00 5919
508 328,68 1,65 2,38 40,00 8.158,00 5919
509 328,68 1,65 2,38 40,00 8.174,00 5919
510 328,68 1,65 2,38 92,00 8.190,00 5919
511 328,68 1,65 2,38 92,00 8.206,00 5935
512 328,68 1,65 2,38 92,00 8.222,00 5937
513 328,68 1,65 2,38 92,00 8.238,00 5938
514 328,68 1,65 2,38 92,00 8.254,00 5938
515 328,68 1,65 2,38 92,00 8.270,00 5938
516 328,68 1,65 2,38 92,00 8.286,00 5938
517 328,68 1,65 2,38 92,00 8.302,00 5938
518 328,68 1,65 2,38 92,00 8.318,00 5938
519 328,68 1,65 2,38 92,00 8.334,00 5938
520 328,68 1,65 2,38 92,00 8.350,00 5938
521 328,68 1,65 2,38 92,00 8.366,00 5938
522 328,68 1,65 2,38 92,00 8.382,00 5938
523 328,68 1,65 2,38 92,00 8.398,00 5938
524 328,68 1,65 2,38 92,00 8.414,00 5938
525 328,68 1,65 2,38 92,00 8.430,00 5938
526 328,68 1,65 2,38 92,00 8.446,00 5938
527 328,68 1,65 2,38 92,00 8.462,00 5938
528 328,68 1,65 2,38 92,00 8.478,00 5938
529 328,68 1,65 2,38 92,00 8.494,00 5938
530 328,68 1,65 2,38 92,00 8.510,00 5938
531 328,68 1,65 2,38 92,00 8.526,00 5938
532 328,68 1,65 2,38 92,00 8.542,00 5938
533 328,68 1,65 2,38 92,00 8.558,00 5938
534 328,68 1,65 2,38 92,00 8.574,00 5938
535 328,68 1,65 2,38 92,00 8.590,00 5938
536 328,68 1,65 2,38 92,00 8.606,00 5938
537 328,68 1,65 2,38 92,00 8.622,00 5938
538 328,68 1,65 2,38 92,00 8.638,00 5938
539 328,68 1,65 2,38 92,00 8.654,00 5938
540 328,68 1,65 2,38 144,00 8.670,00 5938
541 328,68 5,45 7,87 144,00 8.686,00 5942
542 328,68 5,45 7,87 144,00 8.702,00 5944
543 328,68 5,45 7,87 144,00 8.718,00 5946
544 328,68 5,45 7,87 144,00 8.734,00 5947
545 328,68 5,45 7,87 144,00 8.750,00 5958
546 328,68 5,45 7,87 144,00 8.766,00 5965
547 328,68 5,45 7,87 144,00 8.782,00 5965
548 328,68 5,38 7,77 144,00 8.798,00 5965
549 328,68 5,38 7,77 144,00 8.814,00 5965
550 328,68 5,38 7,77 144,00 8.830,00 5965
551 328,68 5,38 7,77 144,00 8.846,00 5965
552 328,68 5,38 7,77 144,00 8.862,00 5965
553 328,68 5,38 7,77 144,00 8.878,00 5965
554 328,68 5,38 7,77 144,00 8.894,00 5965
555 328,68 5,38 7,77 144,00 8.910,00 5965
556 328,68 5,38 7,77 144,00 8.926,00 5965
557 328,68 5,38 7,77 144,00 8.942,00 5965
558 328,68 5,38 7,77 144,00 8.958,00 5965
559 328,68 5,38 7,77 144,00 8.974,00 5969
560 328,68 5,38 7,77 144,00 8.990,00 5969
561 328,68 5,38 7,77 144,00 9.006,00 5969
562 328,68 5,38 7,77 144,00 9.022,00 5969
563 328,68 5,38 7,77 144,00 9.038,00 5969
564 328,68 5,38 7,77 144,00 9.054,00 5969
565 328,68 5,22 7,54 144,00 9.070,00 5969
566 328,68 5,21 7,52 144,00 9.086,00 5969
567 328,68 5,21 7,52 144,00 9.102,00 5969
568 328,68 5,21 7,52 144,00 9.118,00 5969
569 328,68 5,21 7,52 144,00 9.134,00 5969
570 328,68 5,21 7,52 58,00 9.150,00 5969
571 328,68 5,21 7,52 58,00 9.166,00 5988
572 328,68 2,08 3,00 58,00 9.182,00 5994
573 328,68 2,08 3,00 58,00 9.198,00 5999
574 328,68 2,08 3,00 58,00 9.214,00 6004
575 328,68 2,08 3,00 58,00 9.230,00 6007
576 328,68 2,08 3,00 58,00 9.246,00 6009
577 328,68 2,08 3,00 58,00 9.262,00 6010
578 328,68 2,08 3,00 58,00 9.278,00 6010
579 328,68 2,05 2,96 58,00 9.294,00 6010
580 328,68 2,05 2,96 58,00 9.310,00 6010
581 328,68 2,05 2,96 58,00 9.326,00 6010
582 328,68 2,05 2,96 58,00 9.342,00 6010
583 328,68 2,04 2,94 58,00 9.358,00 6010
584 328,68 2,04 2,94 58,00 9.374,00 6010
585 328,68 2,04 2,94 58,00 9.390,00 6010
586 328,68 2,04 2,94 58,00 9.406,00 6010
587 328,68 2,04 2,94 58,00 9.422,00 6010
588 328,68 2,04 2,94 58,00 9.438,00 6010
589 328,68 2,04 2,94 58,00 9.454,00 6010
590 328,68 2,04 2,94 58,00 9.470,00 6010
591 328,68 2,04 2,94 58,00 9.486,00 6010
592 328,68 2,04 2,94 58,00 9.502,00 6010
593 328,68 2,04 2,94 58,00 9.518,00 6010
594 328,68 2,04 2,94 58,00 9.534,00 6010
595 328,68 2,04 2,94 58,00 9.550,00 6010
596 328,68 2,04 2,94 58,00 9.566,00 6010
597 328,68 2,04 2,94 58,00 9.582,00 6010
598 328,68 2,04 2,94 58,00 9.598,00 6010
599 328,68 1,98 2,86 58,00 9.614,00 6010
600 328,68 1,98 2,86 68,00 9.630,00 6010
601 328,68 1,98 2,86 68,00 9.646,00 6019
602 328,68 1,98 2,86 68,00 9.662,00 6021
603 328,68 1,98 2,86 68,00 9.678,00 6022
604 328,68 1,98 2,86 68,00 9.694,00 6022
605 328,68 2,30 3,32 68,00 9.710,00 6022
606 328,68 2,30 3,32 68,00 9.726,00 6022
607 328,68 2,30 3,32 68,00 9.742,00 6022
608 328,68 2,30 3,32 68,00 9.758,00 6023
609 328,68 2,30 3,32 68,00 9.774,00 6023
610 328,68 2,30 3,32 68,00 9.790,00 6023
611 328,68 2,30 3,32 68,00 9.806,00 6023
612 328,68 2,30 3,32 68,00 9.822,00 6023
613 328,68 2,27 3,28 68,00 9.838,00 6023
614 328,68 2,27 3,28 68,00 9.854,00 6023
615 328,68 2,27 3,28 68,00 9.870,00 6023
616 328,68 2,27 3,28 68,00 9.886,00 6023
617 328,68 2,27 3,28 68,00 9.902,00 6023
618 328,68 2,25 3,25 68,00 9.918,00 6023
619 328,68 2,25 3,25 68,00 9.934,00 6023
620 328,68 2,25 3,25 68,00 9.950,00 6023
621 328,68 2,25 3,25 68,00 9.966,00 6023
622 328,68 2,25 3,25 68,00 9.982,00 6023
623 328,68 2,24 3,23 68,00 9.998,00 6023
624 328,68 2,24 3,23 68,00 10.014,00 6023
625 328,68 2,24 3,23 68,00 10.030,00 6023
626 328,68 2,24 3,23 68,00 10.046,00 6023
627 328,68 2,24 3,23 68,00 10.062,00 6023
628 328,68 2,24 3,23 68,00 10.078,00 6023
629 328,68 2,24 3,23 68,00 10.094,00 6023
630 328,68 2,24 3,23 60,00 10.110,00 6023
631 328,68 2,24 3,23 60,00 10.126,00 6039
632 328,68 1,94 2,81 60,00 10.142,00 6043
633 328,68 1,94 2,81 60,00 10.158,00 6043
634 328,68 1,94 2,81 60,00 10.174,00 6043
635 328,68 1,94 2,81 60,00 10.190,00 6043
636 328,68 1,93 2,79 60,00 10.206,00 6043
637 328,68 1,93 2,79 60,00 10.222,00 6043
638 328,68 1,93 2,79 60,00 10.238,00 6043
639 328,68 1,93 2,79 60,00 10.254,00 6043
640 328,68 1,93 2,79 60,00 10.270,00 6043
641 328,68 1,93 2,79 60,00 10.286,00 6043
642 328,68 1,93 2,79 60,00 10.302,00 6043
643 328,68 1,93 2,79 60,00 10.318,00 6043
644 328,68 1,93 2,79 60,00 10.334,00 6043
645 328,68 1,93 2,79 60,00 10.350,00 6043
646 328,68 1,93 2,79 60,00 10.366,00 6043
647 328,68 1,93 2,79 60,00 10.382,00 6043
648 328,68 1,93 2,79 60,00 10.398,00 6043
649 328,68 1,93 2,79 60,00 10.414,00 6043
650 328,68 1,89 2,73 60,00 10.430,00 6043
651 328,68 1,89 2,73 60,00 10.446,00 6043
652 328,68 1,89 2,73 60,00 10.462,00 6043
653 328,68 1,89 2,73 60,00 10.478,00 6043
654 328,68 1,89 2,73 60,00 10.494,00 6043
655 328,68 1,89 2,73 60,00 10.510,00 6043
656 328,68 1,89 2,73 60,00 10.526,00 6043
657 328,68 1,89 2,73 60,00 10.542,00 6043
658 328,68 1,89 2,73 60,00 10.558,00 6043
659 328,68 1,87 2,69 60,00 10.574,00 6043
660 328,68 1,87 2,69 74,00 10.590,00 6043
661 328,68 1,87 2,69 74,00 10.606,00 6047
662 328,68 1,87 2,69 74,00 10.622,00 6047
663 328,68 1,87 2,69 74,00 10.638,00 6047
664 328,68 1,87 2,69 74,00 10.654,00 6047
665 328,68 1,87 2,69 74,00 10.670,00 6047
666 328,68 1,87 2,69 74,00 10.686,00 6047
667 328,68 1,87 2,69 74,00 10.702,00 6047
668 328,68 1,87 2,69 74,00 10.718,00 6048
669 328,68 1,87 2,69 74,00 10.734,00 6048
670 328,68 1,87 2,69 74,00 10.750,00 6048
671 328,68 1,87 2,69 74,00 10.766,00 6048
672 328,68 1,87 2,69 74,00 10.782,00 6048
673 328,68 1,87 2,69 74,00 10.798,00 6048
674 328,68 1,87 2,69 74,00 10.814,00 6048
675 328,68 1,87 2,69 74,00 10.830,00 6048
676 328,68 1,87 2,69 74,00 10.846,00 6048
677 328,68 1,87 2,69 74,00 10.862,00 6048
678 328,68 1,87 2,69 74,00 10.878,00 6048
679 328,68 1,87 2,69 74,00 10.894,00 6048
680 328,68 1,87 2,69 74,00 10.910,00 6048
681 328,68 1,87 2,69 74,00 10.926,00 6048
682 328,68 2,22 3,21 74,00 10.942,00 6048
683 328,68 2,22 3,21 74,00 10.958,00 6048
684 328,68 2,22 3,21 74,00 10.974,00 6048
685 328,68 2,22 3,21 74,00 10.990,00 6048
686 328,68 2,22 3,21 74,00 11.006,00 6048
687 328,68 2,22 3,21 74,00 11.022,00 6048
688 328,68 2,22 3,21 74,00 11.038,00 6048
689 328,68 2,22 3,21 74,00 11.054,00 6048
690 328,68 2,22 3,21 71,00 11.070,00 6048
691 328,68 2,22 3,21 71,00 11.086,00 6060
692 328,68 2,22 3,21 71,00 11.102,00 6063
693 328,68 2,22 3,21 71,00 11.118,00 6066
694 328,68 2,10 3,03 71,00 11.134,00 6067
695 328,68 2,10 3,03 71,00 11.150,00 6068
696 328,68 2,10 3,03 71,00 11.166,00 6070
697 328,68 2,10 3,03 71,00 11.182,00 6070
698 328,68 2,10 3,03 71,00 11.198,00 6070
699 328,68 2,10 3,03 71,00 11.214,00 6070
700 328,68 2,10 3,03 71,00 11.230,00 6070
701 328,68 2,10 3,03 71,00 11.246,00 6070
702 328,68 2,07 2,99 71,00 11.262,00 6070
703 328,68 2,07 2,99 71,00 11.278,00 6070
704 328,68 2,07 2,99 71,00 11.294,00 6070
705 328,68 2,07 2,99 71,00 11.310,00 6070
706 328,68 2,07 2,99 71,00 11.326,00 6070
707 328,68 2,07 2,99 71,00 11.342,00 6070
708 328,68 2,07 2,99 71,00 11.358,00 6070
709 328,68 2,07 2,99 71,00 11.374,00 6070
710 328,68 2,07 2,99 71,00 11.390,00 6070
711 328,68 2,07 2,99 71,00 11.406,00 6070
712 328,68 2,07 2,99 71,00 11.422,00 6070
713 328,68 2,07 2,99 71,00 11.438,00 6070
714 328,68 2,07 2,99 71,00 11.454,00 6070
715 328,68 2,07 2,99 71,00 11.470,00 6070
716 328,68 2,07 2,99 71,00 11.486,00 6070
717 328,68 2,07 2,99 71,00 11.502,00 6070
718 328,68 2,07 2,99 71,00 11.518,00 6070
719 328,68 2,07 2,99 71,00 11.534,00 6070
720 328,68 2,07 2,99 61,00 11.550,00 6070
721 328,68 2,07 2,99 61,00 11.566,00 6073
722 328,68 2,07 2,99 61,00 11.582,00 6073
723 328,68 2,07 2,99 61,00 11.598,00 6073
724 328,68 2,07 2,99 61,00 11.614,00 6073
725 328,68 2,07 2,99 61,00 11.630,00 6073
726 328,68 1,72 2,49 61,00 11.646,00 6073
727 328,68 1,72 2,49 61,00 11.662,00 6073
728 328,68 1,72 2,49 61,00 11.678,00 6073
729 328,68 1,72 2,49 61,00 11.694,00 6073
730 328,68 1,72 2,49 61,00 11.710,00 6073
731 328,68 1,72 2,49 61,00 11.726,00 6073
732 328,68 1,72 2,49 61,00 11.742,00 6073
733 328,68 1,72 2,49 61,00 11.758,00 6073
734 328,68 1,70 2,46 61,00 11.774,00 6073
735 328,68 1,70 2,46 61,00 11.790,00 6073
736 328,68 1,70 2,46 61,00 11.806,00 6073
737 328,68 1,70 2,45 61,00 11.822,00 6073
738 328,68 1,70 2,45 61,00 11.838,00 6073
739 328,68 1,70 2,45 61,00 11.854,00 6073
740 328,68 1,69 2,44 61,00 11.870,00 6073
741 328,68 1,69 2,44 61,00 11.886,00 6073
742 328,68 1,69 2,44 61,00 11.902,00 6073
743 328,68 1,69 2,44 61,00 11.918,00 6073
744 328,68 1,69 2,44 61,00 11.934,00 6073
745 328,68 1,69 2,44 61,00 11.950,00 6073
746 328,68 1,68 2,42 61,00 11.966,00 6073
747 328,68 1,67 2,42 61,00 11.982,00 6073
748 328,68 1,67 2,42 61,00 11.998,00 6073
749 328,68 1,67 2,42 61,00 12.014,00 6073
750 328,68 1,67 2,42 93,00 12.030,00 6073
751 328,68 2,54 3,66 93,00 12.046,00 6081
752 328,68 2,54 3,66 93,00 12.062,00 6085
753 328,68 2,54 3,66 93,00 12.078,00 6085
754 328,68 2,54 3,66 93,00 12.094,00 6085
755 328,68 2,54 3,66 93,00 12.110,00 6085
756 328,68 2,54 3,66 93,00 12.126,00 6085
757 328,68 2,54 3,66 93,00 12.142,00 6085
758 328,68 2,54 3,66 93,00 12.158,00 6091
759 328,68 2,54 3,66 93,00 12.174,00 6094
760 328,68 2,54 3,66 93,00 12.190,00 6096
761 328,68 2,54 3,66 93,00 12.206,00 6097
762 328,68 2,54 3,66 93,00 12.222,00 6098
763 328,68 2,54 3,66 93,00 12.238,00 6098
764 328,68 2,54 3,66 93,00 12.254,00 6098
765 328,68 2,54 3,66 93,00 12.270,00 6098
766 328,68 2,54 3,66 93,00 12.286,00 6098
767 328,68 2,54 3,66 93,00 12.302,00 6098
768 328,68 2,54 3,66 93,00 12.318,00 6098
769 328,68 2,54 3,66 93,00 12.334,00 6098
770 328,68 2,54 3,66 93,00 12.350,00 6098
771 328,68 2,54 3,66 93,00 12.366,00 6098
772 328,68 2,54 3,66 93,00 12.382,00 6098
773 328,68 2,54 3,66 93,00 12.398,00 6098
774 328,68 2,54 3,66 93,00 12.414,00 6098
775 328,68 2,54 3,66 93,00 12.430,00 6098
776 328,68 2,46 3,55 93,00 12.446,00 6098
777 328,68 2,46 3,55 93,00 12.462,00 6098
778 328,68 2,46 3,55 93,00 12.478,00 6098
779 328,68 2,46 3,55 93,00 12.494,00 6098
780 328,68 2,46 3,55 55,00 12.510,00 6098
781 328,68 2,46 3,55 55,00 12.526,00 6102
782 328,68 2,46 3,55 55,00 12.542,00 6107
783 328,68 2,46 3,55 55,00 12.558,00 6110
784 328,68 1,44 2,08 55,00 12.574,00 6111
785 328,68 1,44 2,08 55,00 12.590,00 6111
786 328,68 1,44 2,08 55,00 12.606,00 6111
787 328,68 1,44 2,08 55,00 12.622,00 6111
788 328,68 1,44 2,08 55,00 12.638,00 6111
789 328,68 1,44 2,08 55,00 12.654,00 6111
790 328,68 1,44 2,08 55,00 12.670,00 6111
791 328,68 1,44 2,08 55,00 12.686,00 6111
792 328,68 1,44 2,08 55,00 12.702,00 6111
793 328,68 1,44 2,08 55,00 12.718,00 6111
794 328,68 1,44 2,08 55,00 12.734,00 6111
795 328,68 1,42 2,05 55,00 12.750,00 6111
796 328,68 1,42 2,05 55,00 12.766,00 6111
797 328,68 1,42 2,05 55,00 12.782,00 6111
798 328,68 1,42 2,05 55,00 12.798,00 6111
799 328,68 1,42 2,05 55,00 12.814,00 6111
800 328,68 1,42 2,05 55,00 12.830,00 6111
801 328,68 1,42 2,05 55,00 12.846,00 6111
802 328,68 1,42 2,05 55,00 12.862,00 6111
803 328,68 1,42 2,05 55,00 12.878,00 6111
804 328,68 1,42 2,05 55,00 12.894,00 6111
805 328,68 1,42 2,05 55,00 12.910,00 6111
806 328,68 1,42 2,05 55,00 12.926,00 6111
807 328,68 1,42 2,05 55,00 12.942,00 6111
808 328,68 1,42 2,05 55,00 12.958,00 6111
809 328,68 1,42 2,05 55,00 12.974,00 6111
810 328,68 1,42 2,05 91,00 12.990,00 6111
811 328,68 1,42 2,05 91,00 13.006,00 6120
812 328,68 2,30 3,32 91,00 13.022,00 6122
813 328,68 2,30 3,32 91,00 13.038,00 6123
814 328,68 2,29 3,31 91,00 13.054,00 6123
815 328,68 2,29 3,31 91,00 13.070,00 6123
816 328,68 2,29 3,31 91,00 13.086,00 6123
817 328,68 2,29 3,31 91,00 13.102,00 6123
818 328,68 2,29 3,31 91,00 13.118,00 6123
819 328,68 2,29 3,31 91,00 13.134,00 6123
820 328,68 2,27 3,28 91,00 13.150,00 6123
821 328,68 2,27 3,28 91,00 13.166,00 6123
822 328,68 2,27 3,28 91,00 13.182,00 6123
823 328,68 2,27 3,28 91,00 13.198,00 6123
824 328,68 2,27 3,28 91,00 13.214,00 6123
825 328,68 2,27 3,28 91,00 13.230,00 6123
826 328,68 2,27 3,28 91,00 13.246,00 6123
827 328,68 2,27 3,28 91,00 13.262,00 6123
828 328,68 2,27 3,28 91,00 13.278,00 6123
829 328,68 2,25 3,25 91,00 13.294,00 6123
830 328,68 2,25 3,25 91,00 13.310,00 6123
831 328,68 2,25 3,25 91,00 13.326,00 6123
832 328,68 2,25 3,25 91,00 13.342,00 6123
833 328,68 2,25 3,25 91,00 13.358,00 6123
834 328,68 2,25 3,25 91,00 13.374,00 6123
835 328,68 2,25 3,25 91,00 13.390,00 6123
836 328,68 2,25 3,25 91,00 13.406,00 6123
837 328,68 2,25 3,25 91,00 13.422,00 6123
838 328,68 2,25 3,25 91,00 13.438,00 6123
839 328,68 2,25 3,25 91,00 13.454,00 6123
840 328,68 2,25 3,25 61,00 13.470,00 6123
841 328,68 2,25 3,25 61,00 13.486,00 6130
842 328,68 2,25 3,25 61,00 13.502,00 6130
843 328,68 1,48 2,14 61,00 13.518,00 6130
844 328,68 1,48 2,14 61,00 13.534,00 6130
845 328,68 1,48 2,14 61,00 13.550,00 6130
846 328,68 1,48 2,14 61,00 13.566,00 6130
847 328,68 1,48 2,14 61,00 13.582,00 6130
848 328,68 1,48 2,14 61,00 13.598,00 6130
849 328,68 1,48 2,14 61,00 13.614,00 6130
850 328,68 1,48 2,14 61,00 13.630,00 6130
851 328,68 1,47 2,12 61,00 13.646,00 6130
852 328,68 1,47 2,12 61,00 13.662,00 6130
853 328,68 1,47 2,12 61,00 13.678,00 6130
854 328,68 1,47 2,12 61,00 13.694,00 6130
855 328,68 1,47 2,12 61,00 13.710,00 6130
856 328,68 1,47 2,12 61,00 13.726,00 6130
857 328,68 1,47 2,12 61,00 13.742,00 6130
858 328,68 1,47 2,12 61,00 13.758,00 6130
859 328,68 1,47 2,12 61,00 13.774,00 6130
860 328,68 1,47 2,12 61,00 13.790,00 6130
861 328,68 1,47 2,12 61,00 13.806,00 6130
862 328,68 1,47 2,12 61,00 13.822,00 6130
863 328,68 1,45 2,09 61,00 13.838,00 6130
864 328,68 1,45 2,09 61,00 13.854,00 6130
865 328,68 1,45 2,09 61,00 13.870,00 6130
866 328,68 1,45 2,09 61,00 13.886,00 6130
867 328,68 1,45 2,09 61,00 13.902,00 6130
868 328,68 1,45 2,09 61,00 13.918,00 6130
869 328,68 1,45 2,09 61,00 13.934,00 6130
870 328,68 1,45 2,09 95,00 13.950,00 6130
871 328,68 1,45 2,09 95,00 13.966,00 6139
872 328,68 1,45 2,09 95,00 13.982,00 6142
873 328,68 1,45 2,09 95,00 13.998,00 6144
874 328,68 1,45 2,09 95,00 14.014,00 6144
875 328,68 1,45 2,09 95,00 14.030,00 6152
876 328,68 1,45 2,09 95,00 14.046,00 6155
877 328,68 1,45 2,09 95,00 14.062,00 6156
878 328,68 1,45 2,09 95,00 14.078,00 6156
879 328,68 1,45 2,09 95,00 14.094,00 6156
880 328,68 1,45 2,09 95,00 14.110,00 6156
881 328,68 1,45 2,09 95,00 14.126,00 6156
882 328,68 1,45 2,09 95,00 14.142,00 6156
883 328,68 1,45 2,09 95,00 14.158,00 6156
884 328,68 1,45 2,09 95,00 14.174,00 6156
885 328,68 1,45 2,09 95,00 14.190,00 6156
886 328,68 1,45 2,09 95,00 14.206,00 6156
887 328,68 1,45 2,09 95,00 14.222,00 6156
888 328,68 2,19 3,17 95,00 14.238,00 6156
889 328,68 2,19 3,17 95,00 14.254,00 6156
890 328,68 2,19 3,17 95,00 14.270,00 6156
891 328,68 2,19 3,17 95,00 14.286,00 6156
892 328,68 2,18 3,15 95,00 14.302,00 6156
893 328,68 2,18 3,15 95,00 14.318,00 6156
894 328,68 2,18 3,15 95,00 14.334,00 6156
895 328,68 2,18 3,15 95,00 14.350,00 6156
896 328,68 2,18 3,15 95,00 14.366,00 6156
897 328,68 2,18 3,15 95,00 14.382,00 6156
898 328,68 2,18 3,15 95,00 14.398,00 6156
899 328,68 2,17 3,13 95,00 14.414,00 6156
900 328,68 2,17 3,13 46,00 14.430,00 6156
901 328,68 2,17 3,13 46,00 14.446,00 6161
902 328,68 2,17 3,13 46,00 14.462,00 6162
903 328,68 1,04 1,51 46,00 14.478,00 6163
904 328,68 1,04 1,51 46,00 14.494,00 6163
905 328,68 1,04 1,51 46,00 14.510,00 6164
906 328,68 1,04 1,51 46,00 14.526,00 6165
907 328,68 1,04 1,50 46,00 14.542,00 6165
908 328,68 1,04 1,50 46,00 14.558,00 6165
909 328,68 1,04 1,50 46,00 14.574,00 6165
910 328,68 1,04 1,50 46,00 14.590,00 6165
911 328,68 1,04 1,50 46,00 14.606,00 6165
912 328,68 1,04 1,50 46,00 14.622,00 6165
913 328,68 1,03 1,49 46,00 14.638,00 6165
914 328,68 1,03 1,49 46,00 14.654,00 6165
915 328,68 1,03 1,49 46,00 14.670,00 6165
916 328,68 1,03 1,49 46,00 14.686,00 6165
917 328,68 1,03 1,49 46,00 14.702,00 6165
918 328,68 1,03 1,49 46,00 14.718,00 6165
919 328,68 1,03 1,49 46,00 14.734,00 6165
920 328,68 1,03 1,49 46,00 14.750,00 6165
921 328,68 1,03 1,49 46,00 14.766,00 6165
922 328,68 1,03 1,49 46,00 14.782,00 6165
923 328,68 1,03 1,49 46,00 14.798,00 6165
924 328,68 1,03 1,49 46,00 14.814,00 6165
925 328,68 1,03 1,49 46,00 14.830,00 6165
926 328,68 1,03 1,49 46,00 14.846,00 6165
927 328,68 1,03 1,49 46,00 14.862,00 6165
928 328,68 1,02 1,47 46,00 14.878,00 6165
929 328,68 1,02 1,47 46,00 14.894,00 6165
930 328,68 1,02 1,47 94,00 14.910,00 6165
931 328,68 1,02 1,47 94,00 14.926,00 6173
932 328,68 1,02 1,47 94,00 14.942,00 6176
933 328,68 1,02 1,47 94,00 14.958,00 6176
934 328,68 2,06 2,98 94,00 14.974,00 6176
935 328,68 2,06 2,98 94,00 14.990,00 6176
936 328,68 2,06 2,98 94,00 15.006,00 6177
937 328,68 2,06 2,98 94,00 15.022,00 6177
938 328,68 2,06 2,98 94,00 15.038,00 6177
939 328,68 2,06 2,98 94,00 15.054,00 6177
940 328,68 2,06 2,98 94,00 15.070,00 6177
941 328,68 2,06 2,98 94,00 15.086,00 6177
942 328,68 2,06 2,98 94,00 15.102,00 6177
943 328,68 2,06 2,98 94,00 15.118,00 6177
944 328,68 2,06 2,98 94,00 15.134,00 6177
945 328,68 2,06 2,98 94,00 15.150,00 6177
946 328,68 2,06 2,98 94,00 15.166,00 6177
947 328,68 2,06 2,98 94,00 15.182,00 6177
948 328,68 2,06 2,98 94,00 15.198,00 6177
949 328,68 2,06 2,98 94,00 15.214,00 6177
950 328,68 2,03 2,93 94,00 15.230,00 6177
951 328,68 2,03 2,93 94,00 15.246,00 6177
952 328,68 2,02 2,92 94,00 15.262,00 6177
953 328,68 2,02 2,92 94,00 15.278,00 6177
954 328,68 2,02 2,92 94,00 15.294,00 6177
955 328,68 2,02 2,92 94,00 15.310,00 6177
956 328,68 2,02 2,92 94,00 15.326,00 6177
957 328,68 2,02 2,92 94,00 15.342,00 6177
958 328,68 2,01 2,90 94,00 15.358,00 6177
959 328,68 2,01 2,90 94,00 15.374,00 6177
960 328,68 2,01 2,90 64,00 15.390,00 6177
961 328,68 2,01 2,90 64,00 15.406,00 6179
962 328,68 2,01 2,90 64,00 15.422,00 6180
963 328,68 2,01 2,90 64,00 15.438,00 6180
964 328,68 2,01 2,90 64,00 15.454,00 6180
965 328,68 2,01 2,90 64,00 15.470,00 6181
966 328,68 2,01 2,90 64,00 15.486,00 6181
967 328,68 2,01 2,90 64,00 15.502,00 6181
968 328,68 2,01 2,90 64,00 15.518,00 6181
969 328,68 2,01 2,90 64,00 15.534,00 6181
970 328,68 1,35 1,95 64,00 15.550,00 6181
971 328,68 1,35 1,95 64,00 15.566,00 6181
972 328,68 1,35 1,95 64,00 15.582,00 6181
973 328,68 1,35 1,95 64,00 15.598,00 6181
974 328,68 1,35 1,95 64,00 15.614,00 6181
975 328,68 1,35 1,95 64,00 15.630,00 6181
976 328,68 1,35 1,95 64,00 15.646,00 6181
977 328,68 1,35 1,95 64,00 15.662,00 6181
978 328,68 1,35 1,95 64,00 15.678,00 6181
979 328,68 1,35 1,95 64,00 15.694,00 6181
980 328,68 1,35 1,95 64,00 15.710,00 6181
981 328,68 1,35 1,95 64,00 15.726,00 6181
982 328,68 1,35 1,95 64,00 15.742,00 6181
983 328,68 1,35 1,95 64,00 15.758,00 6181
984 328,68 1,33 1,93 64,00 15.774,00 6181
985 328,68 1,33 1,93 64,00 15.790,00 6181
986 328,68 1,33 1,93 64,00 15.806,00 6181
987 328,68 1,33 1,93 64,00 15.822,00 6181
988 328,68 1,33 1,93 64,00 15.838,00 6181
989 328,68 1,33 1,93 64,00 15.854,00 6181
990 328,68 1,33 1,93 84,00 15.870,00 6181
991 328,68 1,33 1,93 84,00 15.886,00 6187
992 328,68 1,33 1,93 84,00 15.902,00 6189
993 328,68 1,33 1,93 84,00 15.918,00 6189
994 328,68 1,33 1,93 84,00 15.934,00 6189
995 328,68 1,33 1,93 84,00 15.950,00 6189
996 328,68 1,33 1,93 84,00 15.966,00 6189
997 328,68 1,33 1,93 84,00 15.982,00 6189
998 328,68 1,33 1,93 84,00 15.998,00 6189
999 328,68 1,33 1,93 84,00 16.014,00 6189
