1000
0 206,73 206,73 206,73 1,00 9,00 0
1 206,73 29,53 29,53 1,00 12,00 1235
2 206,73 29,53 34,42 1,00 12,00 1774
3 206,73 29,53 36,55 1,00 17,00 1865
4 206,73 29,53 36,75 1,00 22,00 1875
5 206,73 29,53 36,75 1,00 27,00 1879
6 206,73 29,53 36,85 1,00 32,00 1881
7 206,73 29,53 36,90 1,00 37,00 1881
8 206,73 29,53 36,90 1,00 42,00 1881
9 206,73 29,53 36,90 1,00 47,00 1881
10 206,73 29,53 36,90 1,00 52,00 1881
11 206,73 29,53 36,90 1,00 57,00 1881
12 206,73 29,53 36,90 1,00 62,00 1881
13 206,73 29,53 36,90 1,00 67,00 1881
14 206,73 29,53 36,90 1,00 72,00 1881
15 206,73 29,53 36,90 1,00 77,00 1881
16 206,73 29,53 36,90 1,00 82,00 1881
17 206,73 29,53 36,90 1,00 87,00 1881
18 206,73 29,53 36,90 1,00 92,00 1881
19 206,73 29,53 36,90 1,00 97,00 1881
20 206,73 29,53 36,90 1,00 102,00 1881
21 206,73 29,53 36,90 1,00 107,00 1881
22 206,73 1,85 2,31 1,00 112,00 1881
23 206,73 1,77 2,21 1,00 117,00 1881
24 206,73 1,77 2,21 1,00 122,00 1881
25 206,73 1,77 2,21 1,00 127,00 1881
26 206,73 1,77 2,21 1,00 132,00 1881
27 206,73 1,77 2,21 1,00 137,00 1881
28 206,73 1,77 2,21 1,00 142,00 1881
29 206,73 1,77 2,21 1,00 147,00 1881
30 206,73 1,77 2,21 97,00 152,00 1881
31 206,73 132,80 165,92 97,00 156,00 2704
32 206,73 130,21 123,65 97,00 159,00 3431
33 206,73 127,73 131,35 97,00 162,00 3821
34 206,73 124,55 128,35 97,00 166,00 4072
35 206,73 121,53 133,05 97,00 170,00 4286
36 206,73 121,53 128,33 97,00 175,00 4405
37 206,73 121,53 129,46 97,00 180,00 4558
38 206,73 121,53 132,17 97,00 185,00 4625
39 206,73 121,53 129,74 97,00 190,00 4666
40 206,73 121,53 129,26 97,00 195,00 4711
41 206,73 121,53 130,59 97,00 200,00 4762
42 206,73 121,53 132,07 97,00 205,00 4795
43 206,73 121,53 128,66 97,00 210,00 4831
44 206,73 121,53 131,65 97,00 215,00 4863
45 206,73 91,15 98,74 97,00 220,00 4893
46 206,73 91,15 98,74 97,00 225,00 4918
47 206,73 91,15 98,74 97,00 230,00 4938
48 206,73 91,15 98,74 97,00 235,00 4953
49 206,73 91,15 98,74 97,00 240,00 4969
50 206,73 81,85 88,65 97,00 245,00 4978
51 206,73 81,85 88,65 97,00 250,00 4991
52 206,73 81,85 88,65 97,00 255,00 5006
53 206,73 81,85 88,65 97,00 260,00 5016
54 206,73 81,85 88,65 97,00 265,00 5027
55 206,73 81,85 88,65 97,00 270,00 5033
56 206,73 81,85 88,63 97,00 275,00 5043
57 206,73 81,85 88,63 97,00 280,00 5047
58 206,73 81,85 88,63 97,00 285,00 5055
59 206,73 81,85 88,63 97,00 290,00 5061
60 206,73 81,85 88,63 1,00 295,00 5068
61 206,73 81,85 88,63 1,00 300,00 5076
62 206,73 81,85 88,65 1,00 305,00 5097
63 206,73 81,85 88,64 1,00 310,00 5110
64 206,73 81,85 88,64 1,00 315,00 5114
65 206,73 81,85 88,64 1,00 320,00 5115
66 206,73 81,85 88,62 1,00 325,00 5118
67 206,73 81,85 88,63 1,00 330,00 5123
68 206,73 81,85 88,64 1,00 335,00 5124
69 206,73 81,85 88,64 1,00 340,00 5125
70 206,73 81,85 88,64 1,00 345,00 5125
71 206,73 81,85 88,64 1,00 350,00 5125
72 206,73 81,85 88,64 1,00 355,00 5125
73 206,73 81,85 88,64 1,00 360,00 5125
74 206,73 81,85 88,64 1,00 365,00 5126
75 206,73 81,85 88,64 1,00 370,00 5126
76 206,73 81,85 88,64 1,00 375,00 5126
77 206,73 81,85 88,64 1,00 380,00 5126
78 206,73 81,85 88,64 1,00 385,00 5127
79 206,73 81,85 88,64 1,00 390,00 5128
80 206,73 81,85 88,64 1,00 395,00 5128
81 206,73 81,85 88,64 1,00 400,00 5128
82 206,73 81,85 88,64 1,00 405,00 5128
83 206,73 81,85 88,64 1,00 410,00 5128
84 206,73 81,85 88,64 1,00 415,00 5128
85 206,73 81,85 88,64 1,00 420,00 5128
86 206,73 81,85 88,64 1,00 425,00 5128
87 206,73 81,85 88,64 1,00 430,00 5128
88 206,73 81,85 88,64 1,00 435,00 5129
89 206,73 81,85 88,63 1,00 440,00 5133
90 206,73 81,85 88,63 1,00 445,00 5133
91 206,73 81,85 88,63 1,00 450,00 5240
92 206,73 81,85 88,62 1,00 455,00 5280
93 206,73 81,85 88,60 1,00 460,00 5298
94 206,73 81,85 88,63 1,00 465,00 5308
95 206,73 81,85 88,61 1,00 470,00 5318
96 206,73 81,85 88,62 1,00 475,00 5327
97 206,73 81,85 88,62 1,00 480,00 5336
98 206,73 81,85 88,62 1,00 485,00 5340
99 206,73 81,85 88,62 1,00 490,00 5347
100 206,73 81,85 88,62 1,00 495,00 5351
101 206,73 81,85 88,62 1,00 500,00 5353
102 206,73 81,85 88,62 1,00 505,00 5354
103 206,73 81,85 88,62 1,00 510,00 5357
104 206,73 81,85 88,62 1,00 515,00 5357
105 206,73 81,85 88,62 1,00 520,00 5357
106 206,73 81,85 88,62 1,00 525,00 5357
107 206,73 0,39 0,42 1,00 530,00 5357
108 206,73 0,39 0,42 1,00 535,00 5357
109 206,73 0,39 0,42 1,00 540,00 5359
110 206,73 0,39 0,42 1,00 545,00 5359
111 206,73 0,38 0,41 1,00 550,00 5360
112 206,73 0,38 0,41 1,00 555,00 5362
113 206,73 0,38 0,41 1,00 560,00 5364
114 206,73 0,38 0,41 1,00 565,00 5366
115 206,73 0,38 0,41 1,00 570,00 5366
116 206,73 0,38 0,41 1,00 575,00 5366
117 206,73 0,38 0,41 1,00 580,00 5366
118 206,73 0,38 0,41 1,00 585,00 5367
119 206,73 0,38 0,41 1,00 590,00 5368
120 206,73 0,38 0,41 99,00 595,00 5368
121 206,73 34,46 37,31 99,00 599,00 5378
122 206,73 34,46 37,31 99,00 604,00 5387
123 206,73 34,46 37,31 99,00 609,00 5391
124 206,73 34,46 37,31 99,00 614,00 5392
125 206,73 34,46 37,31 99,00 619,00 5392
126 206,73 34,46 37,31 99,00 624,00 5392
127 206,73 32,54 35,23 99,00 629,00 5392
128 206,73 32,54 35,23 99,00 634,00 5392
129 206,73 32,54 35,23 99,00 639,00 5392
130 206,73 32,54 35,23 99,00 644,00 5392
131 206,73 31,54 34,15 99,00 649,00 5392
132 206,73 31,54 34,15 99,00 654,00 5392
133 206,73 31,54 34,15 99,00 659,00 5392
134 206,73 31,54 34,15 99,00 664,00 5392
135 206,73 31,54 34,15 99,00 669,00 5392
136 206,73 31,54 34,15 99,00 674,00 5392
137 206,73 30,14 32,64 99,00 679,00 5392
138 206,73 30,14 32,64 99,00 684,00 5392
139 206,73 30,14 32,64 99,00 689,00 5392
140 206,73 30,14 32,64 99,00 694,00 5397
141 206,73 30,14 32,64 99,00 699,00 5398
142 206,73 30,14 32,64 99,00 704,00 5398
143 206,73 30,14 32,64 99,00 709,00 5398
144 206,73 30,14 32,64 99,00 714,00 5398
145 206,73 30,14 32,64 99,00 719,00 5398
146 206,73 30,14 32,64 99,00 724,00 5398
147 206,73 30,14 32,64 99,00 729,00 5398
148 206,73 27,88 30,19 99,00 734,00 5398
149 206,73 27,88 30,19 99,00 739,00 5398
150 206,73 27,88 30,19 1,00 744,00 5398
151 206,73 27,88 30,19 1,00 749,00 5443
152 206,73 27,88 30,19 1,00 754,00 5461
153 206,73 27,88 30,19 1,00 759,00 5469
154 206,73 27,88 30,19 1,00 764,00 5476
155 206,73 27,88 30,19 1,00 769,00 5480
156 206,73 27,88 30,19 1,00 774,00 5482
157 206,73 27,88 30,19 1,00 779,00 5482
158 206,73 27,88 30,19 1,00 784,00 5492
159 206,73 0,26 0,28 1,00 789,00 5501
160 206,73 0,26 0,28 1,00 794,00 5510
161 206,73 0,26 0,28 1,00 799,00 5520
162 206,73 0,26 0,28 1,00 804,00 5532
163 206,73 0,26 0,28 1,00 809,00 5544
164 206,73 0,26 0,28 1,00 814,00 5553
165 206,73 0,26 0,28 1,00 819,00 5560
166 206,73 0,26 0,28 1,00 824,00 5566
167 206,73 0,26 0,28 1,00 829,00 5570
168 206,73 0,26 0,28 1,00 834,00 5573
169 206,73 0,26 0,28 1,00 839,00 5575
170 206,73 0,26 0,28 1,00 844,00 5576
171 206,73 0,24 0,26 1,00 849,00 5577
172 206,73 0,24 0,26 1,00 854,00 5578
173 206,73 0,24 0,26 1,00 859,00 5579
174 206,73 0,24 0,26 1,00 864,00 5580
175 206,73 0,24 0,26 1,00 869,00 5582
176 206,73 0,24 0,26 1,00 874,00 5583
177 206,73 0,24 0,26 1,00 879,00 5584
178 206,73 0,24 0,26 1,00 884,00 5587
179 206,73 0,24 0,26 1,00 889,00 5589
180 206,73 0,24 0,26 97,00 894,00 5591
181 206,73 22,46 24,31 97,00 898,00 5600
182 206,73 22,21 24,05 97,00 903,00 5601
183 206,73 22,21 24,05 97,00 908,00 5602
184 206,73 22,21 24,05 97,00 913,00 5602
185 206,73 22,21 24,05 97,00 918,00 5602
186 206,73 21,73 23,53 97,00 923,00 5602
187 206,73 21,73 23,53 97,00 928,00 5602
188 206,73 21,73 23,53 97,00 933,00 5602
189 206,73 21,73 23,53 97,00 938,00 5602
190 206,73 21,73 23,53 97,00 943,00 5602
191 206,73 21,73 23,53 97,00 948,00 5604
192 206,73 21,73 23,53 97,00 953,00 5606
193 206,73 20,93 22,67 97,00 958,00 5607
194 206,73 20,82 22,55 97,00 963,00 5611
195 206,73 20,82 22,55 97,00 968,00 5613
196 206,73 20,82 22,55 97,00 973,00 5613
197 206,73 20,82 22,55 97,00 978,00 5613
198 206,73 20,82 22,55 97,00 983,00 5613
199 206,73 20,82 22,55 97,00 988,00 5613
200 206,73 20,82 22,55 97,00 993,00 5613
201 206,73 20,82 22,55 97,00 998,00 5613
202 206,73 20,82 22,55 97,00 1.003,00 5613
203 206,73 20,82 22,55 97,00 1.008,00 5613
204 206,73 20,82 22,55 97,00 1.013,00 5613
205 206,73 20,82 22,55 97,00 1.018,00 5613
206 206,73 20,82 22,55 97,00 1.023,00 5613
207 206,73 20,82 22,55 97,00 1.028,00 5613
208 206,73 20,82 22,55 97,00 1.033,00 5614
209 206,73 20,82 22,55 97,00 1.038,00 5616
210 206,73 20,82 22,55 1,00 1.043,00 5616
211 206,73 20,82 22,55 1,00 1.048,00 5655
212 206,73 20,82 22,55 1,00 1.053,00 5665
213 206,73 20,82 22,55 1,00 1.058,00 5671
214 206,73 0,19 0,21 1,00 1.063,00 5671
215 206,73 0,19 0,21 1,00 1.068,00 5671
216 206,73 0,19 0,21 1,00 1.073,00 5671
217 206,73 0,19 0,21 1,00 1.078,00 5671
218 206,73 0,19 0,21 1,00 1.083,00 5671
219 206,73 0,19 0,21 1,00 1.088,00 5671
220 206,73 0,19 0,21 1,00 1.093,00 5671
221 206,73 0,19 0,21 1,00 1.098,00 5671
222 206,73 0,19 0,21 1,00 1.103,00 5671
223 206,73 0,19 0,21 1,00 1.108,00 5671
224 206,73 0,19 0,21 1,00 1.113,00 5671
225 206,73 0,19 0,21 1,00 1.118,00 5671
226 206,73 0,19 0,21 1,00 1.123,00 5671
227 206,73 0,19 0,21 1,00 1.128,00 5671
228 206,73 0,19 0,21 1,00 1.133,00 5671
229 206,73 0,19 0,21 1,00 1.138,00 5671
230 206,73 0,19 0,21 1,00 1.143,00 5671
231 206,73 0,18 0,19 1,00 1.148,00 5671
232 206,73 0,18 0,19 1,00 1.153,00 5671
233 206,73 0,18 0,19 1,00 1.158,00 5671
234 206,73 0,18 0,19 1,00 1.163,00 5671
235 206,73 0,18 0,19 1,00 1.168,00 5671
236 206,73 0,18 0,19 1,00 1.173,00 5671
237 206,73 0,18 0,19 1,00 1.178,00 5671
238 206,73 0,17 0,19 1,00 1.183,00 5671
239 206,73 0,17 0,19 1,00 1.188,00 5671
240 206,73 0,17 0,19 99,00 1.193,00 5671
241 206,73 17,17 18,59 99,00 1.197,00 5686
242 206,73 17,17 18,59 99,00 1.202,00 5686
243 206,73 17,17 18,59 99,00 1.207,00 5687
244 206,73 16,89 18,28 99,00 1.212,00 5688
245 206,73 16,89 18,28 99,00 1.217,00 5688
246 206,73 16,89 18,28 99,00 1.222,00 5688
247 206,73 16,89 18,28 99,00 1.227,00 5688
248 206,73 16,89 18,28 99,00 1.232,00 5688
249 206,73 16,89 18,28 99,00 1.237,00 5691
250 206,73 16,89 18,28 99,00 1.242,00 5693
251 206,73 16,89 18,28 99,00 1.247,00 5693
252 206,73 16,35 17,70 99,00 1.252,00 5693
253 206,73 16,35 17,70 99,00 1.257,00 5694
254 206,73 16,35 17,70 99,00 1.262,00 5694
255 206,73 16,35 17,70 99,00 1.267,00 5694
256 206,73 16,35 17,70 99,00 1.272,00 5694
257 206,73 16,35 17,70 99,00 1.277,00 5694
258 206,73 16,35 17,70 99,00 1.282,00 5694
259 206,73 15,90 17,22 99,00 1.287,00 5694
260 206,73 15,90 17,22 99,00 1.292,00 5694
261 206,73 15,90 17,22 99,00 1.297,00 5694
262 206,73 15,90 17,22 99,00 1.302,00 5694
263 206,73 15,90 17,22 99,00 1.307,00 5694
264 206,73 15,90 17,22 99,00 1.312,00 5694
265 206,73 15,90 17,22 99,00 1.317,00 5694
266 206,73 15,90 17,22 99,00 1.322,00 5694
267 206,73 15,90 17,22 99,00 1.327,00 5694
268 206,73 15,90 17,22 99,00 1.332,00 5694
269 206,73 15,90 17,22 99,00 1.337,00 5694
270 206,73 15,90 17,22 1,00 1.342,00 5694
271 206,73 15,90 17,22 1,00 1.347,00 5724
272 206,73 15,90 17,22 1,00 1.352,00 5736
273 206,73 15,90 17,22 1,00 1.357,00 5742
274 206,73 15,90 17,22 1,00 1.362,00 5742
275 206,73 15,90 17,22 1,00 1.367,00 5742
276 206,73 15,90 17,22 1,00 1.372,00 5742
277 206,73 15,90 17,22 1,00 1.377,00 5742
278 206,73 15,90 17,22 1,00 1.382,00 5742
279 206,73 15,90 17,22 1,00 1.387,00 5742
280 206,73 15,90 17,22 1,00 1.392,00 5742
281 206,73 15,90 17,22 1,00 1.397,00 5742
282 206,73 15,90 17,22 1,00 1.402,00 5742
283 206,73 15,90 17,22 1,00 1.407,00 5742
284 206,73 15,90 17,22 1,00 1.412,00 5742
285 206,73 15,90 17,22 1,00 1.417,00 5742
286 206,73 15,90 17,22 1,00 1.422,00 5742
287 206,73 15,90 17,22 1,00 1.427,00 5742
288 206,73 15,90 17,22 1,00 1.432,00 5742
289 206,73 15,90 17,22 1,00 1.437,00 5742
290 206,73 15,90 17,22 1,00 1.442,00 5742
291 206,73 15,90 17,22 1,00 1.447,00 5742
292 206,73 0,14 0,15 1,00 1.452,00 5742
293 206,73 0,14 0,15 1,00 1.457,00 5742
294 206,73 0,14 0,15 1,00 1.462,00 5742
295 206,73 0,14 0,15 1,00 1.467,00 5742
296 206,73 0,14 0,15 1,00 1.472,00 5742
297 206,73 0,14 0,15 1,00 1.477,00 5742
298 206,73 0,14 0,15 1,00 1.482,00 5742
299 206,73 0,14 0,15 1,00 1.487,00 5742
300 206,73 0,14 0,15 99,00 1.492,00 5742
301 206,73 13,73 14,86 99,00 1.496,00 5752
302 206,73 13,64 14,76 99,00 1.501,00 5752
303 206,73 13,64 14,76 99,00 1.506,00 5752
304 206,73 13,64 14,76 99,00 1.511,00 5752
305 206,73 13,50 14,62 99,00 1.516,00 5752
306 206,73 13,50 14,62 99,00 1.521,00 5762
307 206,73 13,50 14,62 99,00 1.526,00 5773
308 206,73 13,50 14,62 99,00 1.531,00 5778
309 206,73 13,50 14,62 99,00 1.536,00 5780
310 206,73 13,50 14,62 99,00 1.541,00 5780
311 206,73 13,50 14,62 99,00 1.546,00 5780
312 206,73 13,50 14,62 99,00 1.551,00 5780
313 206,73 13,50 14,62 99,00 1.556,00 5782
314 206,73 13,50 14,62 99,00 1.561,00 5783
315 206,73 13,50 14,62 99,00 1.566,00 5783
316 206,73 13,50 14,62 99,00 1.571,00 5783
317 206,73 13,50 14,62 99,00 1.576,00 5783
318 206,73 13,50 14,62 99,00 1.581,00 5783
319 206,73 13,50 14,62 99,00 1.586,00 5783
320 206,73 13,50 14,62 99,00 1.591,00 5783
321 206,73 13,50 14,62 99,00 1.596,00 5783
322 206,73 12,78 13,84 99,00 1.601,00 5783
323 206,73 12,78 13,84 99,00 1.606,00 5783
324 206,73 12,78 13,84 99,00 1.611,00 5783
325 206,73 12,78 13,84 99,00 1.616,00 5783
326 206,73 12,78 13,84 99,00 1.621,00 5783
327 206,73 12,78 13,84 99,00 1.626,00 5783
328 206,73 12,78 13,84 99,00 1.631,00 5783
329 206,73 12,78 13,84 99,00 1.636,00 5783
330 206,73 12,78 13,84 1,00 1.641,00 5783
331 206,73 12,78 13,84 1,00 1.646,00 5809
332 206,73 12,78 13,84 1,00 1.651,00 5815
333 206,73 12,78 13,84 1,00 1.656,00 5818
334 206,73 12,78 13,84 1,00 1.661,00 5819
335 206,73 0,12 0,13 1,00 1.666,00 5820
336 206,73 0,12 0,13 1,00 1.671,00 5820
337 206,73 0,12 0,13 1,00 1.676,00 5820
338 206,73 0,12 0,13 1,00 1.681,00 5820
339 206,73 0,12 0,13 1,00 1.686,00 5820
340 206,73 0,12 0,13 1,00 1.691,00 5820
341 206,73 0,12 0,13 1,00 1.696,00 5820
342 206,73 0,12 0,13 1,00 1.701,00 5820
343 206,73 0,12 0,13 1,00 1.706,00 5820
344 206,73 0,12 0,13 1,00 1.711,00 5820
345 206,73 0,12 0,13 1,00 1.716,00 5820
346 206,73 0,12 0,13 1,00 1.721,00 5820
347 206,73 0,12 0,13 1,00 1.726,00 5820
348 206,73 0,12 0,13 1,00 1.731,00 5820
349 206,73 0,12 0,13 1,00 1.736,00 5820
350 206,73 0,12 0,13 1,00 1.741,00 5820
351 206,73 0,12 0,13 1,00 1.746,00 5820
352 206,73 0,12 0,13 1,00 1.751,00 5820
353 206,73 0,12 0,13 1,00 1.756,00 5820
354 206,73 0,12 0,13 1,00 1.761,00 5820
355 206,73 0,12 0,13 1,00 1.766,00 5820
356 206,73 0,12 0,13 1,00 1.771,00 5820
357 206,73 0,12 0,13 1,00 1.776,00 5820
358 206,73 0,12 0,13 1,00 1.781,00 5820
359 206,73 0,12 0,13 1,00 1.786,00 5820
360 206,73 0,12 0,13 99,00 1.791,00 5820
361 206,73 0,12 0,13 99,00 1.796,00 5827
362 206,73 0,12 0,13 99,00 1.801,00 5827
363 206,73 11,33 12,27 99,00 1.806,00 5827
364 206,73 11,33 12,27 99,00 1.811,00 5827
365 206,73 11,33 12,27 99,00 1.816,00 5827
366 206,73 11,24 12,17 99,00 1.821,00 5827
367 206,73 11,24 12,17 99,00 1.826,00 5827
368 206,73 11,24 12,17 99,00 1.831,00 5827
369 206,73 11,24 12,17 99,00 1.836,00 5827
370 206,73 11,24 12,17 99,00 1.841,00 5827
371 206,73 11,24 12,17 99,00 1.846,00 5827
372 206,73 11,24 12,17 99,00 1.851,00 5827
373 206,73 11,24 12,17 99,00 1.856,00 5827
374 206,73 11,24 12,17 99,00 1.861,00 5827
375 206,73 11,24 12,17 99,00 1.866,00 5827
376 206,73 10,94 11,84 99,00 1.871,00 5827
377 206,73 10,94 11,84 99,00 1.876,00 5827
378 206,73 10,94 11,84 99,00 1.881,00 5827
379 206,73 10,94 11,84 99,00 1.886,00 5827
380 206,73 10,94 11,84 99,00 1.891,00 5827
381 206,73 10,79 11,69 99,00 1.896,00 5827
382 206,73 10,79 11,69 99,00 1.901,00 5827
383 206,73 10,79 11,69 99,00 1.906,00 5833
384 206,73 10,79 11,69 99,00 1.911,00 5833
385 206,73 10,79 11,69 99,00 1.916,00 5833
386 206,73 10,79 11,69 99,00 1.921,00 5833
387 206,73 10,79 11,69 99,00 1.926,00 5833
388 206,73 10,79 11,69 99,00 1.931,00 5833
389 206,73 10,79 11,69 99,00 1.936,00 5833
390 206,73 10,54 11,42 1,00 1.941,00 5833
391 206,73 0,11 0,12 1,00 1.946,00 5854
392 206,73 0,11 0,12 1,00 1.951,00 5858
393 206,73 0,11 0,12 1,00 1.956,00 5861
394 206,73 0,11 0,12 1,00 1.961,00 5861
395 206,73 0,11 0,12 1,00 1.966,00 5861
396 206,73 0,11 0,12 1,00 1.971,00 5861
397 206,73 0,11 0,12 1,00 1.976,00 5861
398 206,73 0,11 0,12 1,00 1.981,00 5861
399 206,73 0,11 0,12 1,00 1.986,00 5861
400 206,73 0,11 0,12 1,00 1.991,00 5861
401 206,73 0,11 0,12 1,00 1.996,00 5865
402 206,73 0,11 0,12 1,00 2.001,00 5866
403 206,73 0,11 0,12 1,00 2.006,00 5866
404 206,73 0,11 0,12 1,00 2.011,00 5866
405 206,73 0,11 0,12 1,00 2.016,00 5866
406 206,73 0,11 0,12 1,00 2.021,00 5866
407 206,73 0,11 0,12 1,00 2.026,00 5866
408 206,73 0,11 0,12 1,00 2.031,00 5866
409 206,73 0,11 0,12 1,00 2.036,00 5866
410 206,73 0,11 0,12 1,00 2.041,00 5866
411 206,73 0,11 0,12 1,00 2.046,00 5866
412 206,73 0,11 0,12 1,00 2.051,00 5866
413 206,73 0,11 0,12 1,00 2.056,00 5866
414 206,73 0,10 0,11 1,00 2.061,00 5866
415 206,73 0,10 0,11 1,00 2.066,00 5866
416 206,73 0,10 0,11 1,00 2.071,00 5866
417 206,73 0,10 0,11 1,00 2.076,00 5866
418 206,73 0,10 0,11 1,00 2.081,00 5866
419 206,73 0,10 0,11 1,00 2.086,00 5866
420 206,73 0,10 0,11 99,00 2.091,00 5866
421 206,73 9,79 10,60 99,00 2.095,00 5875
422 206,73 9,79 10,60 99,00 2.100,00 5878
423 206,73 9,79 10,60 99,00 2.105,00 5879
424 206,73 9,79 10,60 99,00 2.110,00 5879
425 206,73 9,79 10,60 99,00 2.115,00 5879
426 206,73 9,65 10,45 99,00 2.120,00 5879
427 206,73 9,65 10,45 99,00 2.125,00 5879
428 206,73 9,61 10,40 99,00 2.130,00 5880
429 206,73 9,61 10,40 99,00 2.135,00 5880
430 206,73 9,61 10,40 99,00 2.140,00 5880
431 206,73 9,61 10,40 99,00 2.145,00 5880
432 206,73 9,61 10,40 99,00 2.150,00 5880
433 206,73 9,61 10,40 99,00 2.155,00 5880
434 206,73 9,61 10,40 99,00 2.160,00 5880
435 206,73 9,61 10,40 99,00 2.165,00 5880
436 206,73 9,61 10,40 99,00 2.170,00 5880
437 206,73 9,61 10,40 99,00 2.175,00 5880
438 206,73 9,61 10,40 99,00 2.180,00 5880
439 206,73 9,61 10,40 99,00 2.185,00 5880
440 206,73 9,61 10,40 99,00 2.190,00 5880
441 206,73 9,61 10,40 99,00 2.195,00 5880
442 206,73 9,61 10,40 99,00 2.200,00 5880
443 206,73 9,61 10,40 99,00 2.205,00 5880
444 206,73 9,61 10,40 99,00 2.210,00 5880
445 206,73 9,61 10,40 99,00 2.215,00 5880
446 206,73 9,61 10,40 99,00 2.220,00 5880
447 206,73 9,61 10,40 99,00 2.225,00 5880
448 206,73 9,18 9,94 99,00 2.230,00 5880
449 206,73 9,18 9,94 99,00 2.235,00 5880
450 206,73 9,18 9,94 1,00 2.240,00 5880
451 206,73 9,18 9,94 1,00 2.245,00 5901
452 206,73 9,18 9,94 1,00 2.250,00 5908
453 206,73 9,18 9,94 1,00 2.255,00 5908
454 206,73 9,18 9,94 1,00 2.260,00 5908
455 206,73 9,18 9,94 1,00 2.265,00 5908
456 206,73 9,18 9,94 1,00 2.270,00 5909
457 206,73 0,09 0,10 1,00 2.275,00 5909
458 206,73 0,09 0,10 1,00 2.280,00 5909
459 206,73 0,09 0,10 1,00 2.285,00 5909
460 206,73 0,09 0,10 1,00 2.290,00 5909
461 206,73 0,09 0,10 1,00 2.295,00 5909
462 206,73 0,09 0,10 1,00 2.300,00 5909
463 206,73 0,09 0,10 1,00 2.305,00 5909
464 206,73 0,09 0,10 1,00 2.310,00 5909
465 206,73 0,09 0,10 1,00 2.315,00 5909
466 206,73 0,09 0,10 1,00 2.320,00 5909
467 206,73 0,09 0,10 1,00 2.325,00 5909
468 206,73 0,09 0,10 1,00 2.330,00 5909
469 206,73 0,09 0,10 1,00 2.335,00 5909
470 206,73 0,09 0,10 1,00 2.340,00 5909
471 206,73 0,09 0,10 1,00 2.345,00 5909
472 206,73 0,09 0,10 1,00 2.350,00 5909
473 206,73 0,09 0,10 1,00 2.355,00 5909
474 206,73 0,09 0,10 1,00 2.360,00 5909
475 206,73 0,09 0,10 1,00 2.365,00 5909
476 206,73 0,09 0,10 1,00 2.370,00 5909
477 206,73 0,09 0,10 1,00 2.375,00 5909
478 206,73 0,09 0,10 1,00 2.380,00 5909
479 206,73 0,09 0,10 1,00 2.385,00 5909
480 206,73 0,09 0,10 99,00 2.390,00 5909
481 206,73 0,09 0,10 99,00 2.395,00 5915
482 206,73 0,09 0,10 99,00 2.400,00 5916
483 206,73 0,09 0,10 99,00 2.405,00 5916
484 206,73 0,09 0,10 99,00 2.410,00 5916
485 206,73 0,09 0,10 99,00 2.415,00 5916
486 206,73 0,09 0,10 99,00 2.420,00 5916
487 206,73 0,09 0,10 99,00 2.425,00 5916
488 206,73 0,09 0,10 99,00 2.430,00 5916
489 206,73 0,09 0,10 99,00 2.435,00 5916
490 206,73 8,39 9,08 99,00 2.440,00 5916
491 206,73 8,39 9,08 99,00 2.445,00 5916
492 206,73 8,39 9,08 99,00 2.450,00 5916
493 206,73 8,39 9,08 99,00 2.455,00 5916
494 206,73 8,39 9,08 99,00 2.460,00 5916
495 206,73 8,39 9,08 99,00 2.465,00 5916
496 206,73 8,39 9,08 99,00 2.470,00 5916
497 206,73 8,39 9,08 99,00 2.475,00 5916
498 206,73 8,39 9,08 99,00 2.480,00 5916
499 206,73 8,39 9,08 99,00 2.485,00 5916
500 206,73 8,39 9,08 99,00 2.490,00 5916
501 206,73 8,39 9,08 99,00 2.495,00 5916
502 206,73 8,39 9,08 99,00 2.500,00 5916
503 206,73 8,39 9,08 99,00 2.505,00 5916
504 206,73 8,39 9,08 99,00 2.510,00 5916
505 206,73 8,39 9,08 99,00 2.515,00 5919
506 206,73 8,39 9,08 99,00 2.520,00 5919
507 206,73 8,39 9,08 99,00 2.525,00 5919
508 206,73 8,39 9,08 99,00 2.530,00 5919
509 206,73 8,39 9,08 99,00 2.535,00 5919
510 206,73 8,39 9,08 1,00 2.540,00 5919
511 206,73 8,39 9,08 1,00 2.545,00 5935
512 206,73 8,39 9,08 1,00 2.550,00 5937
513 206,73 8,39 9,08 1,00 2.555,00 5938
514 206,73 8,39 9,08 1,00 2.560,00 5938
515 206,73 8,39 9,08 1,00 2.565,00 5938
516 206,73 8,39 9,08 1,00 2.570,00 5938
517 206,73 8,39 9,08 1,00 2.575,00 5938
518 206,73 0,08 0,09 1,00 2.580,00 5938
519 206,73 0,08 0,09 1,00 2.585,00 5938
520 206,73 0,08 0,09 1,00 2.590,00 5938
521 206,73 0,08 0,09 1,00 2.595,00 5938
522 206,73 0,08 0,09 1,00 2.600,00 5938
523 206,73 0,08 0,09 1,00 2.605,00 5938
524 206,73 0,08 0,09 1,00 2.610,00 5938
525 206,73 0,08 0,09 1,00 2.615,00 5938
526 206,73 0,08 0,09 1,00 2.620,00 5938
527 206,73 0,08 0,09 1,00 2.625,00 5938
528 206,73 0,08 0,09 1,00 2.630,00 5938
529 206,73 0,08 0,09 1,00 2.635,00 5938
530 206,73 0,08 0,08 1,00 2.640,00 5938
531 206,73 0,08 0,08 1,00 2.645,00 5938
532 206,73 0,08 0,08 1,00 2.650,00 5938
533 206,73 0,08 0,08 1,00 2.655,00 5938
534 206,73 0,08 0,08 1,00 2.660,00 5938
535 206,73 0,08 0,08 1,00 2.665,00 5938
536 206,73 0,08 0,08 1,00 2.670,00 5938
537 206,73 0,08 0,08 1,00 2.675,00 5938
538 206,73 0,08 0,08 1,00 2.680,00 5938
539 206,73 0,08 0,08 1,00 2.685,00 5938
540 206,73 0,08 0,08 99,00 2.690,00 5938
541 206,73 0,08 0,08 99,00 2.695,00 5942
542 206,73 0,08 0,08 99,00 2.700,00 5944
543 206,73 0,08 0,08 99,00 2.705,00 5946
544 206,73 0,08 0,08 99,00 2.710,00 5947
545 206,73 0,08 0,08 99,00 2.715,00 5958
546 206,73 7,54 8,17 99,00 2.719,00 5965
547 206,73 7,54 8,17 99,00 2.724,00 5965
548 206,73 7,54 8,17 99,00 2.729,00 5965
549 206,73 7,54 8,17 99,00 2.734,00 5965
550 206,73 7,54 8,17 99,00 2.739,00 5965
551 206,73 7,54 8,17 99,00 2.744,00 5965
552 206,73 7,54 8,17 99,00 2.749,00 5965
553 206,73 7,54 8,17 99,00 2.754,00 5965
554 206,73 7,54 8,17 99,00 2.759,00 5965
555 206,73 7,54 8,17 99,00 2.764,00 5965
556 206,73 7,54 8,17 99,00 2.769,00 5965
557 206,73 7,54 8,17 99,00 2.774,00 5965
558 206,73 7,54 8,17 99,00 2.779,00 5965
559 206,73 7,54 8,17 99,00 2.784,00 5969
560 206,73 7,54 8,17 99,00 2.789,00 5969
561 206,73 7,54 8,17 99,00 2.794,00 5969
562 206,73 7,54 8,17 99,00 2.799,00 5969
563 206,73 7,54 8,17 99,00 2.804,00 5969
564 206,73 7,54 8,17 99,00 2.809,00 5969
565 206,73 7,54 8,17 99,00 2.814,00 5969
566 206,73 7,54 8,17 99,00 2.819,00 5969
567 206,73 7,54 8,17 99,00 2.824,00 5969
568 206,73 7,54 8,17 99,00 2.829,00 5969
569 206,73 7,54 8,17 99,00 2.834,00 5969
570 206,73 7,54 8,17 1,00 2.839,00 5969
571 206,73 7,54 8,17 1,00 2.844,00 5988
572 206,73 7,54 8,17 1,00 2.849,00 5994
573 206,73 7,54 8,17 1,00 2.854,00 5999
574 206,73 7,54 8,17 1,00 2.859,00 6004
575 206,73 7,54 8,17 1,00 2.864,00 6007
576 206,73 7,54 8,17 1,00 2.869,00 6009
577 206,73 7,54 8,17 1,00 2.874,00 6010
578 206,73 7,54 8,17 1,00 2.879,00 6010
579 206,73 7,54 8,17 1,00 2.884,00 6010
580 206,73 7,54 8,17 1,00 2.889,00 6010
581 206,73 7,54 8,17 1,00 2.894,00 6010
582 206,73 7,54 8,17 1,00 2.899,00 6010
583 206,73 0,07 0,08 1,00 2.904,00 6010
584 206,73 0,07 0,08 1,00 2.909,00 6010
585 206,73 0,07 0,08 1,00 2.914,00 6010
586 206,73 0,07 0,08 1,00 2.919,00 6010
587 206,73 0,07 0,08 1,00 2.924,00 6010
588 206,73 0,07 0,08 1,00 2.929,00 6010
589 206,73 0,07 0,08 1,00 2.934,00 6010
590 206,73 0,07 0,08 1,00 2.939,00 6010
591 206,73 0,07 0,08 1,00 2.944,00 6010
592 206,73 0,07 0,08 1,00 2.949,00 6010
593 206,73 0,07 0,08 1,00 2.954,00 6010
594 206,73 0,07 0,08 1,00 2.959,00 6010
595 206,73 0,07 0,08 1,00 2.964,00 6010
596 206,73 0,07 0,08 1,00 2.969,00 6010
597 206,73 0,07 0,08 1,00 2.974,00 6010
598 206,73 0,07 0,08 1,00 2.979,00 6010
599 206,73 0,07 0,08 1,00 2.984,00 6010
600 206,73 0,07 0,08 99,00 2.989,00 6010
601 206,73 6,85 7,42 99,00 2.993,00 6019
602 206,73 6,85 7,42 99,00 2.998,00 6021
603 206,73 6,85 7,42 99,00 3.003,00 6022
604 206,73 6,85 7,42 99,00 3.008,00 6022
605 206,73 6,85 7,42 99,00 3.013,00 6022
606 206,73 6,78 7,34 99,00 3.018,00 6022
607 206,73 6,78 7,34 99,00 3.023,00 6022
608 206,73 6,78 7,34 99,00 3.028,00 6023
609 206,73 6,78 7,34 99,00 3.033,00 6023
610 206,73 6,78 7,34 99,00 3.038,00 6023
611 206,73 6,78 7,34 99,00 3.043,00 6023
612 206,73 6,78 7,34 99,00 3.048,00 6023
613 206,73 6,78 7,34 99,00 3.053,00 6023
614 206,73 6,78 7,34 99,00 3.058,00 6023
615 206,73 6,78 7,34 99,00 3.063,00 6023
616 206,73 6,78 7,34 99,00 3.068,00 6023
617 206,73 6,78 7,34 99,00 3.073,00 6023
618 206,73 6,78 7,34 99,00 3.078,00 6023
619 206,73 6,78 7,34 99,00 3.083,00 6023
620 206,73 6,78 7,34 99,00 3.088,00 6023
621 206,73 6,78 7,34 99,00 3.093,00 6023
622 206,73 6,78 7,34 99,00 3.098,00 6023
623 206,73 6,78 7,34 99,00 3.103,00 6023
624 206,73 6,78 7,34 99,00 3.108,00 6023
625 206,73 6,78 7,34 99,00 3.113,00 6023
626 206,73 6,78 7,34 99,00 3.118,00 6023
627 206,73 6,78 7,34 99,00 3.123,00 6023
628 206,73 6,78 7,34 99,00 3.128,00 6023
629 206,73 6,78 7,34 99,00 3.133,00 6023
630 206,73 6,78 7,34 1,00 3.138,00 6023
631 206,73 6,78 7,34 1,00 3.143,00 6039
632 206,73 6,78 7,34 1,00 3.148,00 6043
633 206,73 6,78 7,34 1,00 3.153,00 6043
634 206,73 6,78 7,34 1,00 3.158,00 6043
635 206,73 0,07 0,07 1,00 3.163,00 6043
636 206,73 0,07 0,07 1,00 3.168,00 6043
637 206,73 0,07 0,07 1,00 3.173,00 6043
638 206,73 0,07 0,07 1,00 3.178,00 6043
639 206,73 0,07 0,07 1,00 3.183,00 6043
640 206,73 0,07 0,07 1,00 3.188,00 6043
641 206,73 0,07 0,07 1,00 3.193,00 6043
642 206,73 0,07 0,07 1,00 3.198,00 6043
643 206,73 0,07 0,07 1,00 3.203,00 6043
644 206,73 0,07 0,07 1,00 3.208,00 6043
645 206,73 0,07 0,07 1,00 3.213,00 6043
646 206,73 0,06 0,07 1,00 3.218,00 6043
647 206,73 0,06 0,07 1,00 3.223,00 6043
648 206,73 0,06 0,07 1,00 3.228,00 6043
649 206,73 0,06 0,07 1,00 3.233,00 6043
650 206,73 0,06 0,07 1,00 3.238,00 6043
651 206,73 0,06 0,07 1,00 3.243,00 6043
652 206,73 0,06 0,07 1,00 3.248,00 6043
653 206,73 0,06 0,07 1,00 3.253,00 6043
654 206,73 0,06 0,07 1,00 3.258,00 6043
655 206,73 0,06 0,07 1,00 3.263,00 6043
656 206,73 0,06 0,07 1,00 3.268,00 6043
657 206,73 0,06 0,07 1,00 3.273,00 6043
658 206,73 0,06 0,07 1,00 3.278,00 6043
659 206,73 0,06 0,07 1,00 3.283,00 6043
660 206,73 0,06 0,07 99,00 3.288,00 6043
661 206,73 0,06 0,07 99,00 3.293,00 6047
662 206,73 0,06 0,07 99,00 3.298,00 6047
663 206,73 0,06 0,07 99,00 3.303,00 6047
664 206,73 6,19 6,70 99,00 3.308,00 6047
665 206,73 6,19 6,70 99,00 3.313,00 6047
666 206,73 6,19 6,70 99,00 3.318,00 6047
667 206,73 6,19 6,70 99,00 3.323,00 6047
668 206,73 6,19 6,70 99,00 3.328,00 6048
669 206,73 6,19 6,70 99,00 3.333,00 6048
670 206,73 6,19 6,70 99,00 3.338,00 6048
671 206,73 6,19 6,70 99,00 3.343,00 6048
672 206,73 6,19 6,70 99,00 3.348,00 6048
673 206,73 6,19 6,70 99,00 3.353,00 6048
674 206,73 6,19 6,70 99,00 3.358,00 6048
675 206,73 6,09 6,59 99,00 3.363,00 6048
676 206,73 6,09 6,59 99,00 3.368,00 6048
677 206,73 6,09 6,59 99,00 3.373,00 6048
678 206,73 6,09 6,59 99,00 3.378,00 6048
679 206,73 6,09 6,59 99,00 3.383,00 6048
680 206,73 6,09 6,59 99,00 3.388,00 6048
681 206,73 6,03 6,53 99,00 3.393,00 6048
682 206,73 6,03 6,53 99,00 3.398,00 6048
683 206,73 6,03 6,53 99,00 3.403,00 6048
684 206,73 6,03 6,53 99,00 3.408,00 6048
685 206,73 6,03 6,53 99,00 3.413,00 6048
686 206,73 6,03 6,53 99,00 3.418,00 6048
687 206,73 6,03 6,53 99,00 3.423,00 6048
688 206,73 6,03 6,53 99,00 3.428,00 6048
689 206,73 6,03 6,53 99,00 3.433,00 6048
690 206,73 5,95 6,45 1,00 3.438,00 6048
691 206,73 5,95 6,45 1,00 3.443,00 6060
692 206,73 5,95 6,45 1,00 3.448,00 6063
693 206,73 5,95 6,45 1,00 3.453,00 6066
694 206,73 5,95 6,45 1,00 3.458,00 6067
695 206,73 5,95 6,45 1,00 3.463,00 6068
696 206,73 5,95 6,45 1,00 3.468,00 6070
697 206,73 5,95 6,45 1,00 3.473,00 6070
698 206,73 5,95 6,45 1,00 3.478,00 6070
699 206,73 0,06 0,06 1,00 3.483,00 6070
700 206,73 0,06 0,06 1,00 3.488,00 6070
701 206,73 0,06 0,06 1,00 3.493,00 6070
702 206,73 0,06 0,06 1,00 3.498,00 6070
703 206,73 0,06 0,06 1,00 3.503,00 6070
704 206,73 0,06 0,06 1,00 3.508,00 6070
705 206,73 0,06 0,06 1,00 3.513,00 6070
706 206,73 0,06 0,06 1,00 3.518,00 6070
707 206,73 0,06 0,06 1,00 3.523,00 6070
708 206,73 0,06 0,06 1,00 3.528,00 6070
709 206,73 0,06 0,06 1,00 3.533,00 6070
710 206,73 0,06 0,06 1,00 3.538,00 6070
711 206,73 0,06 0,06 1,00 3.543,00 6070
712 206,73 0,06 0,06 1,00 3.548,00 6070
713 206,73 0,06 0,06 1,00 3.553,00 6070
714 206,73 0,06 0,06 1,00 3.558,00 6070
715 206,73 0,06 0,06 1,00 3.563,00 6070
716 206,73 0,06 0,06 1,00 3.568,00 6070
717 206,73 0,06 0,06 1,00 3.573,00 6070
718 206,73 0,06 0,06 1,00 3.578,00 6070
719 206,73 0,06 0,06 1,00 3.583,00 6070
720 206,73 0,06 0,06 99,00 3.588,00 6070
721 206,73 0,06 0,06 99,00 3.593,00 6073
722 206,73 0,06 0,06 99,00 3.598,00 6073
723 206,73 0,06 0,06 99,00 3.603,00 6073
724 206,73 0,06 0,06 99,00 3.608,00 6073
725 206,73 0,06 0,06 99,00 3.613,00 6073
726 206,73 0,06 0,06 99,00 3.618,00 6073
727 206,73 0,06 0,06 99,00 3.623,00 6073
728 206,73 5,64 6,11 99,00 3.628,00 6073
729 206,73 5,64 6,11 99,00 3.633,00 6073
730 206,73 5,64 6,11 99,00 3.638,00 6073
731 206,73 5,64 6,11 99,00 3.643,00 6073
732 206,73 5,64 6,11 99,00 3.648,00 6073
733 206,73 5,64 6,11 99,00 3.653,00 6073
734 206,73 5,64 6,11 99,00 3.658,00 6073
735 206,73 5,59 6,05 99,00 3.663,00 6073
736 206,73 5,59 6,05 99,00 3.668,00 6073
737 206,73 5,59 6,05 99,00 3.673,00 6073
738 206,73 5,59 6,05 99,00 3.678,00 6073
739 206,73 5,59 6,05 99,00 3.683,00 6073
740 206,73 5,59 6,05 99,00 3.688,00 6073
741 206,73 5,59 6,05 99,00 3.693,00 6073
742 206,73 5,53 5,99 99,00 3.698,00 6073
743 206,73 5,53 5,99 99,00 3.703,00 6073
744 206,73 5,53 5,99 99,00 3.708,00 6073
745 206,73 5,53 5,99 99,00 3.713,00 6073
746 206,73 5,53 5,99 99,00 3.718,00 6073
747 206,73 5,53 5,99 99,00 3.723,00 6073
748 206,73 5,53 5,99 99,00 3.728,00 6073
749 206,73 5,53 5,99 99,00 3.733,00 6073
750 206,73 5,53 5,99 1,00 3.738,00 6073
751 206,73 5,53 5,99 1,00 3.743,00 6081
752 206,73 5,53 5,99 1,00 3.748,00 6085
753 206,73 5,53 5,99 1,00 3.753,00 6085
754 206,73 5,53 5,99 1,00 3.758,00 6085
755 206,73 5,53 5,99 1,00 3.763,00 6085
756 206,73 5,53 5,99 1,00 3.768,00 6085
757 206,73 5,53 5,99 1,00 3.773,00 6085
758 206,73 5,53 5,99 1,00 3.778,00 6091
759 206,73 5,53 5,99 1,00 3.783,00 6094
760 206,73 5,53 5,99 1,00 3.788,00 6096
761 206,73 5,53 5,99 1,00 3.793,00 6097
762 206,73 5,53 5,99 1,00 3.798,00 6098
763 206,73 5,53 5,99 1,00 3.803,00 6098
764 206,73 5,53 5,99 1,00 3.808,00 6098
765 206,73 5,53 5,99 1,00 3.813,00 6098
766 206,73 5,53 5,99 1,00 3.818,00 6098
767 206,73 5,53 5,99 1,00 3.823,00 6098
768 206,73 5,53 5,99 1,00 3.828,00 6098
769 206,73 5,53 5,99 1,00 3.833,00 6098
770 206,73 5,53 5,99 1,00 3.838,00 6098
771 206,73 5,53 5,99 1,00 3.843,00 6098
772 206,73 0,05 0,06 1,00 3.848,00 6098
773 206,73 0,05 0,06 1,00 3.853,00 6098
774 206,73 0,05 0,06 1,00 3.858,00 6098
775 206,73 0,05 0,06 1,00 3.863,00 6098
776 206,73 0,05 0,06 1,00 3.868,00 6098
777 206,73 0,05 0,06 1,00 3.873,00 6098
778 206,73 0,05 0,06 1,00 3.878,00 6098
779 206,73 0,05 0,06 1,00 3.883,00 6098
780 206,73 0,05 0,06 99,00 3.888,00 6098
781 206,73 0,05 0,06 99,00 3.893,00 6102
782 206,73 0,05 0,06 99,00 3.898,00 6107
783 206,73 0,05 0,06 99,00 3.903,00 6110
784 206,73 0,05 0,06 99,00 3.908,00 6111
785 206,73 0,05 0,06 99,00 3.913,00 6111
786 206,73 0,05 0,06 99,00 3.918,00 6111
787 206,73 0,05 0,06 99,00 3.923,00 6111
788 206,73 0,05 0,06 99,00 3.928,00 6111
789 206,73 0,05 0,06 99,00 3.933,00 6111
790 206,73 0,05 0,06 99,00 3.938,00 6111
791 206,73 0,05 0,06 99,00 3.943,00 6111
792 206,73 0,05 0,06 99,00 3.948,00 6111
793 206,73 0,05 0,06 99,00 3.953,00 6111
794 206,73 0,05 0,06 99,00 3.958,00 6111
795 206,73 5,16 5,59 99,00 3.963,00 6111
796 206,73 5,16 5,59 99,00 3.968,00 6111
797 206,73 5,16 5,59 99,00 3.973,00 6111
798 206,73 5,16 5,59 99,00 3.978,00 6111
799 206,73 5,16 5,59 99,00 3.983,00 6111
800 206,73 5,16 5,59 99,00 3.988,00 6111
801 206,73 5,16 5,59 99,00 3.993,00 6111
802 206,73 5,12 5,54 99,00 3.998,00 6111
803 206,73 5,12 5,54 99,00 4.003,00 6111
804 206,73 5,12 5,54 99,00 4.008,00 6111
805 206,73 5,12 5,54 99,00 4.013,00 6111
806 206,73 5,12 5,54 99,00 4.018,00 6111
807 206,73 5,12 5,54 99,00 4.023,00 6111
808 206,73 5,12 5,54 99,00 4.028,00 6111
809 206,73 5,12 5,54 99,00 4.033,00 6111
810 206,73 5,12 5,54 1,00 4.038,00 6111
811 206,73 5,12 5,54 1,00 4.043,00 6120
812 206,73 5,12 5,54 1,00 4.048,00 6122
813 206,73 5,12 5,54 1,00 4.053,00 6123
814 206,73 5,12 5,54 1,00 4.058,00 6123
815 206,73 5,12 5,54 1,00 4.063,00 6123
816 206,73 5,12 5,54 1,00 4.068,00 6123
817 206,73 5,12 5,54 1,00 4.073,00 6123
818 206,73 5,12 5,54 1,00 4.078,00 6123
819 206,73 5,12 5,54 1,00 4.083,00 6123
820 206,73 5,12 5,54 1,00 4.088,00 6123
821 206,73 5,12 5,54 1,00 4.093,00 6123
822 206,73 5,12 5,54 1,00 4.098,00 6123
823 206,73 5,12 5,54 1,00 4.103,00 6123
824 206,73 5,12 5,54 1,00 4.108,00 6123
825 206,73 5,12 5,54 1,00 4.113,00 6123
826 206,73 5,12 5,54 1,00 4.118,00 6123
827 206,73 0,05 0,05 1,00 4.123,00 6123
828 206,73 0,05 0,05 1,00 4.128,00 6123
829 206,73 0,05 0,05 1,00 4.133,00 6123
830 206,73 0,05 0,05 1,00 4.138,00 6123
831 206,73 0,05 0,05 1,00 4.143,00 6123
832 206,73 0,05 0,05 1,00 4.148,00 6123
833 206,73 0,05 0,05 1,00 4.153,00 6123
834 206,73 0,05 0,05 1,00 4.158,00 6123
835 206,73 0,05 0,05 1,00 4.163,00 6123
836 206,73 0,05 0,05 1,00 4.168,00 6123
837 206,73 0,05 0,05 1,00 4.173,00 6123
838 206,73 0,05 0,05 1,00 4.178,00 6123
839 206,73 0,05 0,05 1,00 4.183,00 6123
840 206,73 0,05 0,05 99,00 4.188,00 6123
841 206,73 0,05 0,05 99,00 4.193,00 6130
842 206,73 0,05 0,05 99,00 4.198,00 6130
843 206,73 0,05 0,05 99,00 4.203,00 6130
844 206,73 0,05 0,05 99,00 4.208,00 6130
845 206,73 0,05 0,05 99,00 4.213,00 6130
846 206,73 0,05 0,05 99,00 4.218,00 6130
847 206,73 0,05 0,05 99,00 4.223,00 6130
848 206,73 0,05 0,05 99,00 4.228,00 6130
849 206,73 4,83 5,24 99,00 4.233,00 6130
850 206,73 4,83 5,24 99,00 4.238,00 6130
851 206,73 4,83 5,24 99,00 4.243,00 6130
852 206,73 4,83 5,24 99,00 4.248,00 6130
853 206,73 4,83 5,24 99,00 4.253,00 6130
854 206,73 4,83 5,24 99,00 4.258,00 6130
855 206,73 4,83 5,24 99,00 4.263,00 6130
856 206,73 4,83 5,24 99,00 4.268,00 6130
857 206,73 4,83 5,24 99,00 4.273,00 6130
858 206,73 4,83 5,24 99,00 4.278,00 6130
859 206,73 4,83 5,24 99,00 4.283,00 6130
860 206,73 4,83 5,24 99,00 4.288,00 6130
861 206,73 4,83 5,24 99,00 4.293,00 6130
862 206,73 4,83 5,24 99,00 4.298,00 6130
863 206,73 4,76 5,15 99,00 4.303,00 6130
864 206,73 4,75 5,14 99,00 4.308,00 6130
865 206,73 4,75 5,14 99,00 4.313,00 6130
866 206,73 4,75 5,14 99,00 4.318,00 6130
867 206,73 4,75 5,14 99,00 4.323,00 6130
868 206,73 4,75 5,14 99,00 4.328,00 6130
869 206,73 4,75 5,14 99,00 4.333,00 6130
870 206,73 4,75 5,14 1,00 4.338,00 6130
871 206,73 4,75 5,14 1,00 4.343,00 6139
872 206,73 4,75 5,14 1,00 4.348,00 6142
873 206,73 4,75 5,14 1,00 4.353,00 6144
874 206,73 0,05 0,05 1,00 4.358,00 6144
875 206,73 0,05 0,05 1,00 4.363,00 6152
876 206,73 0,05 0,05 1,00 4.368,00 6155
877 206,73 0,05 0,05 1,00 4.373,00 6156
878 206,73 0,05 0,05 1,00 4.378,00 6156
879 206,73 0,05 0,05 1,00 4.383,00 6156
880 206,73 0,05 0,05 1,00 4.388,00 6156
881 206,73 0,05 0,05 1,00 4.393,00 6156
882 206,73 0,05 0,05 1,00 4.398,00 6156
883 206,73 0,05 0,05 1,00 4.403,00 6156
884 206,73 0,05 0,05 1,00 4.408,00 6156
885 206,73 0,05 0,05 1,00 4.413,00 6156
886 206,73 0,05 0,05 1,00 4.418,00 6156
887 206,73 0,05 0,05 1,00 4.423,00 6156
888 206,73 0,05 0,05 1,00 4.428,00 6156
889 206,73 0,05 0,05 1,00 4.433,00 6156
890 206,73 0,05 0,05 1,00 4.438,00 6156
891 206,73 0,05 0,05 1,00 4.443,00 6156
892 206,73 0,05 0,05 1,00 4.448,00 6156
893 206,73 0,05 0,05 1,00 4.453,00 6156
894 206,73 0,05 0,05 1,00 4.458,00 6156
895 206,73 0,05 0,05 1,00 4.463,00 6156
896 206,73 0,05 0,05 1,00 4.468,00 6156
897 206,73 0,05 0,05 1,00 4.473,00 6156
898 206,73 0,05 0,05 1,00 4.478,00 6156
899 206,73 0,05 0,05 1,00 4.483,00 6156
900 206,73 0,05 0,05 99,00 4.488,00 6156
901 206,73 4,56 4,93 99,00 4.493,00 6161
902 206,73 4,56 4,93 99,00 4.498,00 6162
903 206,73 4,56 4,93 99,00 4.503,00 6163
904 206,73 4,54 4,92 99,00 4.508,00 6163
905 206,73 4,54 4,92 99,00 4.513,00 6164
906 206,73 4,54 4,92 99,00 4.518,00 6165
907 206,73 4,52 4,90 99,00 4.523,00 6165
908 206,73 4,52 4,90 99,00 4.528,00 6165
909 206,73 4,52 4,90 99,00 4.533,00 6165
910 206,73 4,52 4,90 99,00 4.538,00 6165
911 206,73 4,51 4,88 99,00 4.543,00 6165
912 206,73 4,51 4,88 99,00 4.548,00 6165
913 206,73 4,51 4,88 99,00 4.553,00 6165
914 206,73 4,51 4,88 99,00 4.558,00 6165
915 206,73 4,49 4,86 99,00 4.563,00 6165
916 206,73 4,49 4,86 99,00 4.568,00 6165
917 206,73 4,49 4,86 99,00 4.573,00 6165
918 206,73 4,49 4,86 99,00 4.578,00 6165
919 206,73 4,49 4,86 99,00 4.583,00 6165
920 206,73 4,49 4,86 99,00 4.588,00 6165
921 206,73 4,49 4,86 99,00 4.593,00 6165
922 206,73 4,49 4,86 99,00 4.598,00 6165
923 206,73 4,49 4,86 99,00 4.603,00 6165
924 206,73 4,49 4,86 99,00 4.608,00 6165
925 206,73 4,49 4,86 99,00 4.613,00 6165
926 206,73 4,49 4,86 99,00 4.618,00 6165
927 206,73 4,49 4,86 99,00 4.623,00 6165
928 206,73 4,49 4,86 99,00 4.628,00 6165
929 206,73 4,49 4,86 99,00 4.633,00 6165
930 206,73 4,49 4,86 3,00 4.638,00 6165
931 206,73 4,49 4,86 3,00 4.643,00 6173
932 206,73 4,49 4,86 3,00 4.648,00 6176
933 206,73 4,49 4,86 3,00 4.653,00 6176
934 206,73 4,49 4,86 3,00 4.658,00 6176
935 206,73 4,49 4,86 3,00 4.663,00 6176
936 206,73 4,49 4,86 3,00 4.668,00 6177
937 206,73 4,49 4,86 3,00 4.673,00 6177
938 206,73 4,49 4,86 3,00 4.678,00 6177
939 206,73 4,49 4,86 3,00 4.683,00 6177
940 206,73 4,49 4,86 3,00 4.688,00 6177
941 206,73 4,49 4,86 3,00 4.693,00 6177
942 206,73 4,49 4,86 3,00 4.698,00 6177
943 206,73 4,49 4,86 3,00 4.703,00 6177
944 206,73 4,49 4,86 3,00 4.708,00 6177
945 206,73 4,49 4,86 3,00 4.713,00 6177
946 206,73 4,49 4,86 3,00 4.718,00 6177
947 206,73 4,49 4,86 3,00 4.723,00 6177
948 206,73 0,13 0,14 3,00 4.728,00 6177
949 206,73 0,13 0,14 3,00 4.733,00 6177
950 206,73 0,13 0,14 3,00 4.738,00 6177
951 206,73 0,13 0,14 3,00 4.743,00 6177
952 206,73 0,13 0,14 3,00 4.748,00 6177
953 206,73 0,13 0,14 3,00 4.753,00 6177
954 206,73 0,13 0,14 3,00 4.758,00 6177
955 206,73 0,13 0,14 3,00 4.763,00 6177
956 206,73 0,13 0,14 3,00 4.768,00 6177
957 206,73 0,13 0,14 3,00 4.773,00 6177
958 206,73 0,13 0,14 3,00 4.778,00 6177
959 206,73 0,13 0,14 3,00 4.783,00 6177
960 206,73 0,13 0,14 101,00 4.788,00 6177
961 206,73 0,13 0,14 101,00 4.793,00 6179
962 206,73 0,13 0,14 101,00 4.798,00 6180
963 206,73 0,13 0,14 101,00 4.803,00 6180
964 206,73 0,13 0,14 101,00 4.808,00 6180
965 206,73 0,13 0,14 101,00 4.813,00 6181
966 206,73 0,13 0,14 101,00 4.818,00 6181
967 206,73 0,13 0,14 101,00 4.823,00 6181
968 206,73 0,13 0,14 101,00 4.828,00 6181
969 206,73 0,13 0,14 101,00 4.833,00 6181
970 206,73 0,13 0,14 101,00 4.838,00 6181
971 206,73 0,13 0,14 101,00 4.843,00 6181
972 206,73 0,13 0,14 101,00 4.848,00 6181
973 206,73 0,13 0,14 101,00 4.853,00 6181
974 206,73 0,13 0,14 101,00 4.858,00 6181
975 206,73 0,13 0,14 101,00 4.863,00 6181
976 206,73 0,13 0,14 101,00 4.868,00 6181
977 206,73 0,13 0,14 101,00 4.873,00 6181
978 206,73 0,13 0,14 101,00 4.878,00 6181
979 206,73 0,13 0,14 101,00 4.883,00 6181
980 206,73 0,13 0,14 101,00 4.888,00 6181
981 206,73 0,13 0,14 101,00 4.893,00 6181
982 206,73 0,13 0,14 101,00 4.898,00 6181
983 206,73 0,13 0,14 101,00 4.903,00 6181
984 206,73 0,13 0,14 101,00 4.908,00 6181
985 206,73 0,13 0,14 101,00 4.913,00 6181
986 206,73 0,13 0,14 101,00 4.918,00 6181
987 206,73 0,13 0,14 101,00 4.923,00 6181
988 206,73 0,13 0,14 101,00 4.928,00 6181
989 206,73 0,13 0,14 101,00 4.933,00 6181
990 206,73 4,23 4,58 5,00 4.938,00 6181
991 206,73 4,23 4,58 5,00 4.943,00 6187
992 206,73 4,23 4,58 5,00 4.948,00 6189
993 206,73 4,23 4,58 5,00 4.953,00 6189
994 206,73 0,21 0,23 5,00 4.958,00 6189
995 206,73 0,21 0,23 5,00 4.963,00 6189
996 206,73 0,21 0,23 5,00 4.968,00 6189
997 206,73 0,21 0,23 5,00 4.973,00 6189
998 206,73 0,21 0,23 5,00 4.978,00 6189
999 206,73 0,21 0,23 5,00 4.983,00 6189
