500
0 348,02 348,02 348,02 1,00 24,00 0 2
1 348,02 348,02 348,02 1,00 19,00 2034 2
2 348,02 348,02 25,12 1,00 17,00 5373 2
3 348,02 348,02 22,06 1,00 16,00 8224 2
4 348,02 348,02 26,51 1,00 15,00 10634 2
5 348,02 348,02 22,34 1,00 15,00 12916 2
6 348,02 348,02 33,13 2,00 14,00 15418 2
7 348,02 348,02 28,90 1,00 12,00 17536 2
8 348,02 29,00 2,63 59,00 12,00 19639 2
9 348,02 29,00 5,48 87,00 17,00 21808 2
10 348,02 1.781,02 236,25 1,00 17,00 23907 2
11 348,02 21,75 7,46 55,00 16,00 25930 2
12 348,02 1.125,93 210,81 1,00 17,00 27892 2
13 348,02 1.125,93 242,85 1,00 17,00 29850 2
14 348,02 1.125,93 446,54 1,00 17,00 31599 2
15 348,02 1.125,93 208,96 1,00 16,00 33497 2
16 348,02 1.125,93 460,51 1,00 16,00 35789 2
17 348,02 1.125,93 369,41 1,00 15,00 37955 2
18 348,02 1.125,93 590,41 1,00 14,00 39952 2
19 348,02 1.125,93 511,23 1,00 14,00 41766 2
20 348,02 1.125,93 608,98 1,00 14,00 43660 2
21 348,02 1.125,93 528,70 1,00 14,00 45373 2
22 348,02 1.125,93 509,30 1,00 14,00 47124 2
23 348,02 1.125,93 540,01 1,00 14,00 48807 2
24 348,02 1.125,93 474,94 1,00 13,00 50463 2
25 348,02 1.125,93 496,74 1,00 13,00 52047 2
26 348,02 1.125,93 499,25 1,00 13,00 53795 2
27 348,02 1.125,93 416,33 1,00 13,00 55520 2
28 348,02 1.125,93 381,37 1,00 10,00 57190 2
29 348,02 1.125,93 561,97 1,00 10,00 58778 2
30 348,02 1.125,93 619,97 1,00 10,00 60394 2
31 348,02 1.125,93 555,57 1,00 10,00 62105 2
32 348,02 1.125,93 481,16 1,00 10,00 63934 2
33 348,02 1.125,93 493,44 1,00 10,00 65556 2
34 348,02 34,80 17,71 6,00 10,00 67081 2
35 348,02 122,83 66,42 1,00 17,00 68549 2
36 348,02 122,83 66,81 1,00 10,00 69881 2
37 348,02 122,83 63,26 1,00 1,00 71145 2
38 348,02 122,83 61,64 1,00 1,00 72579 2
39 348,02 348,02 157,87 1,00 1,00 74208 2
40 348,02 348,02 148,11 1,00 1,00 75718 2
41 348,02 348,02 118,87 1,00 1,00 77166 2
42 348,02 348,02 153,52 1,00 1,00 78878 2
43 348,02 348,02 162,55 1,00 1,00 80555 2
44 348,02 348,02 161,08 1,00 1,00 81773 2
45 348,02 348,02 153,60 1,00 1,00 83109 2
46 348,02 348,02 153,79 1,00 1,00 84434 2
47 348,02 348,02 148,99 1,00 1,00 85600 2
48 348,02 348,02 145,51 1,00 1,00 87143 2
49 348,02 348,02 147,97 1,00 1,00 88485 2
50 348,02 348,02 144,05 1,00 1,00 89667 2
51 348,02 348,02 188,15 1,00 1,00 91101 2
52 348,02 348,02 191,44 1,00 1,00 92490 2
53 348,02 348,02 179,09 1,00 1,00 93718 2
54 348,02 348,02 180,01 1,00 1,00 94913 2
55 348,02 348,02 180,04 1,00 1,00 96246 2
56 348,02 348,02 184,74 1,00 1,00 97603 2
57 348,02 348,02 183,17 1,00 1,00 98885 2
58 348,02 348,02 186,46 1,00 1,00 100402 2
59 348,02 348,02 185,72 1,00 1,00 101741 2
60 348,02 348,02 187,47 1,00 1,00 103074 2
61 348,02 348,02 185,74 1,00 1,00 104418 2
62 348,02 348,02 186,70 1,00 1,00 105536 2
63 348,02 348,02 185,40 1,00 1,00 106810 2
64 348,02 348,02 185,99 1,00 1,00 108412 2
65 348,02 348,02 180,03 1,00 1,00 110148 2
66 348,02 348,02 178,37 1,00 1,00 111691 2
67 348,02 348,02 175,43 1,00 1,00 113010 2
68 348,02 348,02 169,34 1,00 1,00 114244 2
69 348,02 348,02 178,02 1,00 1,00 115821 2
70 348,02 348,02 171,00 1,00 1,00 117266 2
71 348,02 348,02 175,71 1,00 1,00 118561 2
72 348,02 348,02 173,12 1,00 1,00 120013 2
73 348,02 348,02 173,12 1,00 1,00 121298 2
74 348,02 348,02 171,50 1,00 1,00 122549 2
75 348,02 348,02 169,73 1,00 1,00 123751 2
76 348,02 348,02 170,09 1,00 1,00 124905 2
77 348,02 348,02 168,26 1,00 1,00 125986 2
78 348,02 348,02 167,02 1,00 1,00 127318 2
79 348,02 348,02 163,81 1,00 1,00 128543 2
80 348,02 348,02 171,78 1,00 1,00 130074 2
81 348,02 348,02 166,83 1,00 1,00 131439 2
82 348,02 348,02 214,25 1,00 1,00 132580 2
83 348,02 348,02 195,68 1,00 1,00 133739 2
84 348,02 348,02 201,54 1,00 1,00 134818 2
85 348,02 348,02 199,04 1,00 1,00 135948 2
86 348,02 348,02 202,61 1,00 1,00 136970 2
87 348,02 348,02 208,92 1,00 1,00 138018 2
88 348,02 348,02 207,65 1,00 1,00 139066 2
89 348,02 348,02 207,46 1,00 1,00 139999 2
90 348,02 348,02 203,43 1,00 1,00 141020 2
91 348,02 348,02 208,49 1,00 1,00 142167 2
92 348,02 348,02 202,43 1,00 1,00 143191 2
93 348,02 348,02 201,36 1,00 1,00 144073 2
94 348,02 348,02 208,07 1,00 1,00 145023 2
95 348,02 348,02 216,64 1,00 1,00 146050 2
96 348,02 348,02 211,83 1,00 1,00 147033 2
97 348,02 348,02 213,90 1,00 1,00 148185 2
98 348,02 348,02 213,94 1,00 1,00 149496 2
99 348,02 348,02 204,70 1,00 1,00 150789 2
100 348,02 348,02 206,97 1,00 1,00 151913 2
101 348,02 348,02 210,94 1,00 1,00 152923 2
102 348,02 348,02 206,12 1,00 1,00 154100 2
103 348,02 348,02 214,68 1,00 1,00 155304 2
104 348,02 348,02 232,52 1,00 1,00 156501 2
105 348,02 348,02 226,19 1,00 1,00 157770 2
106 348,02 348,02 231,19 1,00 1,00 159019 2
107 348,02 348,02 224,66 1,00 1,00 160099 2
108 348,02 348,02 219,51 1,00 1,00 161070 2
109 348,02 348,02 219,96 1,00 1,00 161897 2
110 348,02 348,02 217,26 1,00 1,00 162626 2
111 348,02 348,02 215,07 1,00 1,00 163252 2
112 348,02 348,02 213,14 1,00 1,00 163915 2
113 348,02 348,02 210,58 1,00 1,00 164484 2
114 348,02 348,02 210,25 1,00 1,00 165028 2
115 348,02 348,02 210,38 1,00 1,00 165663 2
116 348,02 348,02 210,87 1,00 1,00 166330 2
117 348,02 348,02 211,59 1,00 1,00 166906 2
118 348,02 348,02 211,31 1,00 1,00 167421 2
119 348,02 348,02 211,54 1,00 1,00 168035 2
120 348,02 348,02 210,55 1,00 1,00 168861 2
121 348,02 348,02 211,91 1,00 1,00 169578 2
122 348,02 348,02 212,22 1,00 1,00 170224 2
123 348,02 348,02 213,96 1,00 1,00 170893 2
124 348,02 348,02 212,80 1,00 1,00 171582 2
125 348,02 348,02 213,71 1,00 1,00 172216 2
126 348,02 348,02 216,85 1,00 1,00 172756 2
127 348,02 348,02 217,35 1,00 1,00 173305 2
128 348,02 348,02 216,28 1,00 1,00 173840 2
129 348,02 348,02 214,50 1,00 1,00 174427 2
130 348,02 348,02 216,31 1,00 1,00 175026 2
131 348,02 348,02 216,48 1,00 1,00 175704 2
132 348,02 348,02 214,02 1,00 1,00 176270 2
133 348,02 348,02 216,03 1,00 1,00 176881 2
134 348,02 348,02 214,04 1,00 1,00 177431 2
135 348,02 348,02 215,91 1,00 1,00 178005 2
136 348,02 348,02 215,95 1,00 1,00 178566 2
137 348,02 348,02 210,27 1,00 1,00 179265 2
138 348,02 348,02 211,39 1,00 1,00 179894 2
139 348,02 348,02 214,73 1,00 1,00 180482 2
140 348,02 348,02 218,03 1,00 1,00 181063 2
141 348,02 348,02 211,28 1,00 1,00 181637 2
142 348,02 348,02 206,95 1,00 1,00 182152 2
143 348,02 348,02 205,89 1,00 1,00 182626 2
144 348,02 348,02 205,62 1,00 1,00 183097 2
145 348,02 348,02 203,48 1,00 1,00 183576 2
146 348,02 348,02 203,44 1,00 1,00 184032 2
147 348,02 348,02 203,43 1,00 1,00 184511 2
148 348,02 348,02 203,20 1,00 1,00 184974 2
149 348,02 348,02 205,22 1,00 1,00 185531 2
150 348,02 348,02 205,87 1,00 1,00 186058 2
151 348,02 348,02 204,60 1,00 1,00 186631 2
152 348,02 348,02 206,34 1,00 1,00 187173 2
153 348,02 348,02 209,21 1,00 1,00 187653 2
154 348,02 348,02 214,96 1,00 1,00 188087 2
155 348,02 348,02 214,76 1,00 1,00 188478 2
156 348,02 348,02 214,59 1,00 1,00 188781 2
157 348,02 348,02 214,37 1,00 1,00 189113 2
158 348,02 348,02 216,55 1,00 1,00 189431 2
159 348,02 348,02 217,75 1,00 1,00 189747 2
160 348,02 348,02 216,71 1,00 1,00 190001 2
161 348,02 348,02 218,65 1,00 1,00 190235 2
162 348,02 348,02 214,13 1,00 1,00 190426 2
163 348,02 348,02 214,76 1,00 1,00 190604 2
164 348,02 348,02 215,63 1,00 1,00 190779 2
165 348,02 348,02 216,52 1,00 1,00 191045 2
166 348,02 348,02 217,04 1,00 1,00 191280 2
167 348,02 348,02 217,02 1,00 1,00 191593 2
168 348,02 348,02 217,89 1,00 1,00 192025 2
169 348,02 348,02 218,17 1,00 1,00 192568 2
170 348,02 348,02 217,40 1,00 1,00 193073 2
171 348,02 348,02 216,81 1,00 1,00 193588 2
172 348,02 348,02 216,91 1,00 1,00 194218 2
173 348,02 348,02 217,49 1,00 1,00 194884 2
174 348,02 348,02 219,02 1,00 1,00 195676 2
175 348,02 348,02 218,31 1,00 1,00 196337 2
176 348,02 348,02 216,98 1,00 1,00 196899 2
177 348,02 348,02 216,25 1,00 1,00 197325 2
178 348,02 348,02 218,39 1,00 1,00 197802 2
179 348,02 348,02 216,20 1,00 1,00 198275 2
180 348,02 348,02 215,91 1,00 1,00 198921 2
181 348,02 348,02 217,61 1,00 1,00 199549 2
182 348,02 348,02 217,52 1,00 1,00 200208 2
183 348,02 348,02 216,07 1,00 1,00 201052 2
184 348,02 348,02 218,82 1,00 1,00 201970 2
185 348,02 348,02 218,70 1,00 1,00 202680 2
186 348,02 348,02 217,97 1,00 1,00 203342 2
187 348,02 348,02 211,64 1,00 1,00 203905 2
188 348,02 348,02 216,03 1,00 1,00 204414 2
189 348,02 348,02 214,95 1,00 1,00 205267 2
190 348,02 348,02 216,53 1,00 1,00 206148 2
191 348,02 348,02 216,36 1,00 1,00 207071 2
192 348,02 348,02 220,34 1,00 1,00 207853 2
193 348,02 348,02 221,73 1,00 1,00 208707 2
194 348,02 348,02 219,01 1,00 1,00 209442 2
195 348,02 348,02 216,95 1,00 1,00 210092 2
196 348,02 348,02 218,25 1,00 1,00 210836 2
197 348,02 348,02 217,77 1,00 1,00 211520 2
198 348,02 348,02 216,43 1,00 1,00 212143 2
199 348,02 348,02 219,81 1,00 1,00 212798 2
200 348,02 348,02 217,41 1,00 1,00 213398 2
201 348,02 348,02 218,44 1,00 1,00 213972 2
202 348,02 348,02 218,88 1,00 1,00 214446 2
203 348,02 348,02 224,35 1,00 1,00 214886 2
204 348,02 348,02 213,49 1,00 1,00 215331 2
205 348,02 348,02 222,77 1,00 1,00 215711 2
206 348,02 348,02 221,13 1,00 1,00 216069 2
207 348,02 348,02 219,61 1,00 1,00 216426 2
208 348,02 348,02 220,93 1,00 1,00 216691 2
209 348,02 348,02 214,91 1,00 1,00 216851 2
210 348,02 348,02 220,34 1,00 1,00 217021 2
211 348,02 348,02 219,40 1,00 1,00 217235 2
212 348,02 348,02 224,60 1,00 1,00 217428 2
213 348,02 348,02 219,69 1,00 1,00 217613 2
214 348,02 348,02 219,80 1,00 1,00 217786 2
215 348,02 348,02 218,71 1,00 1,00 218014 2
216 348,02 348,02 218,61 1,00 1,00 218241 2
217 348,02 348,02 218,55 1,00 1,00 218632 2
218 348,02 348,02 217,81 1,00 1,00 219065 2
219 348,02 348,02 216,66 1,00 1,00 219510 2
220 348,02 348,02 217,29 1,00 1,00 219834 2
221 348,02 348,02 217,75 1,00 1,00 220118 2
222 348,02 348,02 218,13 1,00 1,00 220457 2
223 348,02 348,02 217,76 1,00 1,00 220780 2
224 348,02 348,02 217,30 1,00 1,00 221084 2
225 348,02 348,02 217,24 1,00 1,00 221368 2
226 348,02 348,02 216,58 1,00 1,00 221678 2
227 348,02 348,02 217,30 1,00 1,00 222006 2
228 348,02 348,02 217,47 1,00 1,00 222403 2
229 348,02 348,02 217,21 1,00 1,00 222737 2
230 348,02 348,02 217,43 1,00 1,00 223035 2
231 348,02 348,02 217,52 1,00 1,00 223321 2
232 348,02 348,02 219,04 1,00 1,00 223592 2
233 348,02 348,02 219,08 1,00 1,00 223825 2
234 348,02 348,02 218,10 1,00 1,00 224068 2
235 348,02 348,02 218,11 1,00 1,00 224238 2
236 348,02 348,02 218,05 1,00 1,00 224458 2
237 348,02 348,02 217,92 1,00 1,00 224715 2
238 348,02 348,02 217,73 1,00 1,00 224963 2
239 348,02 348,02 217,81 1,00 1,00 225171 2
240 348,02 348,02 218,07 1,00 1,00 225419 2
241 348,02 348,02 217,99 1,00 1,00 225651 2
242 348,02 348,02 219,05 1,00 1,00 225874 2
243 348,02 348,02 218,12 1,00 1,00 226049 2
244 348,02 348,02 218,56 1,00 1,00 226240 2
245 348,02 348,02 218,23 1,00 1,00 226509 2
246 348,02 348,02 218,16 1,00 1,00 226809 2
247 348,02 348,02 218,29 1,00 1,00 227215 2
248 348,02 348,02 217,44 1,00 1,00 227639 2
249 348,02 348,02 217,25 1,00 1,00 228105 2
250 348,02 348,02 217,96 1,00 1,00 228636 2
251 348,02 348,02 216,85 1,00 1,00 229213 2
252 348,02 348,02 217,68 1,00 1,00 229674 2
253 348,02 348,02 217,52 1,00 1,00 230044 2
254 348,02 348,02 216,02 1,00 1,00 230450 2
255 348,02 348,02 217,47 1,00 1,00 230803 2
256 348,02 348,02 217,00 1,00 1,00 231184 2
257 348,02 348,02 216,72 1,00 1,00 231585 2
258 348,02 348,02 216,17 1,00 1,00 232098 2
259 348,02 348,02 216,01 1,00 1,00 232617 2
260 348,02 348,02 214,69 1,00 1,00 233264 2
261 348,02 348,02 214,35 1,00 1,00 233979 2
262 348,02 348,02 217,14 1,00 1,00 234613 2
263 348,02 348,02 216,56 1,00 1,00 235212 2
264 348,02 348,02 217,32 1,00 1,00 235817 2
265 348,02 348,02 216,49 1,00 1,00 236398 2
266 348,02 348,02 219,34 1,00 1,00 236895 2
267 348,02 348,02 216,97 1,00 1,00 237510 2
268 348,02 348,02 217,35 1,00 1,00 238092 2
269 348,02 348,02 217,12 1,00 1,00 238725 2
270 348,02 348,02 216,19 1,00 1,00 239224 2
271 348,02 348,02 215,85 1,00 1,00 239797 2
272 348,02 348,02 215,77 1,00 1,00 240308 2
273 348,02 348,02 214,77 1,00 1,00 240800 2
274 348,02 348,02 212,85 1,00 1,00 241319 2
275 348,02 348,02 211,31 1,00 1,00 241758 2
276 348,02 348,02 209,97 1,00 1,00 242166 2
277 348,02 348,02 210,44 1,00 1,00 242581 2
278 348,02 348,02 208,89 1,00 1,00 242909 2
279 348,02 348,02 208,10 1,00 1,00 243219 2
280 348,02 348,02 206,48 1,00 1,00 243464 2
281 348,02 348,02 206,41 1,00 1,00 243676 2
282 348,02 348,02 207,16 1,00 1,00 243930 2
283 348,02 348,02 207,09 1,00 1,00 244170 2
284 348,02 348,02 207,00 1,00 1,00 244381 2
285 348,02 348,02 206,87 1,00 1,00 244581 2
286 348,02 348,02 207,22 1,00 1,00 244881 2
287 348,02 348,02 209,57 1,00 1,00 245197 2
288 348,02 348,02 210,50 1,00 1,00 245608 2
289 348,02 348,02 212,38 1,00 1,00 246088 2
290 348,02 348,02 213,85 1,00 1,00 246639 2
291 348,02 348,02 213,78 1,00 1,00 247156 2
292 348,02 348,02 214,40 1,00 1,00 247714 2
293 348,02 348,02 214,80 1,00 1,00 248241 2
294 348,02 348,02 215,19 1,00 1,00 248810 2
295 348,02 348,02 215,18 1,00 1,00 249419 2
296 348,02 348,02 215,36 1,00 1,00 250007 2
297 348,02 348,02 215,24 1,00 1,00 250497 2
298 348,02 348,02 217,04 1,00 1,00 250954 2
299 348,02 348,02 214,56 1,00 1,00 251457 2
300 348,02 348,02 217,67 1,00 1,00 251857 2
301 348,02 348,02 216,63 1,00 1,00 252267 2
302 348,02 348,02 216,81 1,00 1,00 252574 2
303 348,02 348,02 218,74 1,00 1,00 252830 2
304 348,02 348,02 215,13 1,00 1,00 253107 2
305 348,02 348,02 216,49 1,00 1,00 253377 2
306 348,02 348,02 216,66 1,00 1,00 253614 2
307 348,02 348,02 216,68 1,00 1,00 253802 2
308 348,02 348,02 218,21 1,00 1,00 254049 2
309 348,02 348,02 217,63 1,00 1,00 254401 2
310 348,02 348,02 218,30 1,00 1,00 254778 2
311 348,02 348,02 219,22 1,00 1,00 255271 2
312 348,02 348,02 217,90 1,00 1,00 255757 2
313 348,02 348,02 217,59 1,00 1,00 256168 2
314 348,02 348,02 217,58 1,00 1,00 256672 2
315 348,02 348,02 216,74 1,00 1,00 257185 2
316 348,02 348,02 218,20 1,00 1,00 257712 2
317 348,02 348,02 217,00 1,00 1,00 258122 2
318 348,02 348,02 219,99 1,00 1,00 258667 2
319 348,02 348,02 216,92 1,00 1,00 259142 2
320 348,02 348,02 216,65 1,00 1,00 259646 2
321 348,02 348,02 217,58 1,00 1,00 260162 2
322 348,02 348,02 218,22 1,00 1,00 260676 2
323 348,02 348,02 217,52 1,00 1,00 261138 2
324 348,02 348,02 218,42 1,00 1,00 261651 2
325 348,02 348,02 217,25 1,00 1,00 262097 2
326 348,02 348,02 216,72 1,00 1,00 262489 2
327 348,02 348,02 217,23 1,00 1,00 262843 2
328 348,02 348,02 217,82 1,00 1,00 263159 2
329 348,02 348,02 218,04 1,00 1,00 263421 2
330 348,02 348,02 218,45 1,00 1,00 263619 2
331 348,02 348,02 218,55 1,00 1,00 263843 2
332 348,02 348,02 218,74 1,00 1,00 264118 2
333 348,02 348,02 218,84 1,00 1,00 264399 2
334 348,02 348,02 218,85 1,00 1,00 264633 2
335 348,02 348,02 218,78 1,00 1,00 264897 2
336 348,02 348,02 218,73 1,00 1,00 265071 2
337 348,02 348,02 218,73 1,00 1,00 265325 2
338 348,02 348,02 218,65 1,00 1,00 265624 2
339 348,02 348,02 218,81 1,00 1,00 265881 2
340 348,02 348,02 218,77 1,00 1,00 266159 2
341 348,02 348,02 218,66 1,00 1,00 266407 2
342 348,02 348,02 218,77 1,00 1,00 266608 2
343 348,02 348,02 218,70 1,00 1,00 266826 2
344 348,02 348,02 218,66 1,00 1,00 267021 2
345 348,02 348,02 218,67 1,00 1,00 267267 2
346 348,02 348,02 218,58 1,00 1,00 267522 2
347 348,02 348,02 218,43 1,00 1,00 267800 2
348 348,02 348,02 218,48 1,00 1,00 267983 2
349 348,02 348,02 218,55 1,00 1,00 268149 2
350 348,02 348,02 218,33 1,00 1,00 268298 2
351 348,02 348,02 218,46 1,00 1,00 268420 2
352 348,02 348,02 218,38 1,00 1,00 268528 2
353 348,02 348,02 218,35 1,00 1,00 268604 2
354 348,02 348,02 218,28 1,00 1,00 268675 2
355 348,02 348,02 218,26 1,00 1,00 268771 2
356 348,02 348,02 218,17 1,00 1,00 268866 2
357 348,02 348,02 218,26 1,00 1,00 268992 2
358 348,02 348,02 218,28 1,00 1,00 269085 2
359 348,02 348,02 218,20 1,00 1,00 269183 2
360 348,02 348,02 218,27 1,00 1,00 269292 2
361 348,02 348,02 218,37 1,00 1,00 269492 2
362 348,02 348,02 218,19 1,00 1,00 269676 2
363 348,02 348,02 218,29 1,00 1,00 269862 2
364 348,02 348,02 218,30 1,00 1,00 270024 2
365 348,02 348,02 218,23 1,00 1,00 270194 2
366 348,02 348,02 218,34 1,00 1,00 270340 2
367 348,02 348,02 218,19 1,00 1,00 270507 2
368 348,02 348,02 218,38 1,00 1,00 270654 2
369 348,02 348,02 218,29 1,00 1,00 270777 2
370 348,02 348,02 218,35 1,00 1,00 270904 2
371 348,02 348,02 218,32 1,00 1,00 271036 2
372 348,02 348,02 218,29 1,00 1,00 271172 2
373 348,02 348,02 218,37 1,00 1,00 271283 2
374 348,02 348,02 218,38 1,00 1,00 271382 2
375 348,02 348,02 218,38 1,00 1,00 271457 2
376 348,02 348,02 218,40 1,00 1,00 271539 2
377 348,02 348,02 218,38 1,00 1,00 271646 2
378 348,02 348,02 218,36 1,00 1,00 271773 2
379 348,02 348,02 218,33 1,00 1,00 271893 2
380 348,02 348,02 218,28 1,00 1,00 272037 2
381 348,02 348,02 218,32 1,00 1,00 272202 2
382 348,02 348,02 218,29 1,00 1,00 272338 2
383 348,02 348,02 218,32 1,00 1,00 272459 2
384 348,02 348,02 218,28 1,00 1,00 272592 2
385 348,02 348,02 218,31 1,00 1,00 272715 2
386 348,02 348,02 218,34 1,00 1,00 272819 2
387 348,02 348,02 218,36 1,00 1,00 272909 2
388 348,02 348,02 218,36 1,00 1,00 272984 2
389 348,02 348,02 218,37 1,00 1,00 273060 2
390 348,02 348,02 218,36 1,00 1,00 273130 2
391 348,02 348,02 218,36 1,00 1,00 273200 2
392 348,02 348,02 218,37 1,00 1,00 273255 2
393 348,02 348,02 218,36 1,00 1,00 273325 2
394 348,02 348,02 218,36 1,00 1,00 273396 2
395 348,02 348,02 218,37 1,00 1,00 273468 2
396 348,02 348,02 218,37 1,00 1,00 273534 2
397 348,02 348,02 218,37 1,00 1,00 273607 2
398 348,02 348,02 218,37 1,00 1,00 273669 2
399 348,02 348,02 218,37 1,00 1,00 273741 2
400 348,02 348,02 218,37 1,00 1,00 273814 2
401 348,02 348,02 218,37 1,00 1,00 273888 2
402 348,02 348,02 218,38 1,00 1,00 273977 2
403 348,02 348,02 218,38 1,00 1,00 274059 2
404 348,02 348,02 218,38 1,00 1,00 274169 2
405 348,02 348,02 218,38 1,00 1,00 274272 2
406 348,02 348,02 218,37 1,00 1,00 274391 2
407 348,02 348,02 218,36 1,00 1,00 274514 2
408 348,02 348,02 218,38 1,00 1,00 274605 2
409 348,02 348,02 218,36 1,00 1,00 274690 2
410 348,02 348,02 218,36 1,00 1,00 274777 2
411 348,02 348,02 218,37 1,00 1,00 274881 2
412 348,02 348,02 218,38 1,00 1,00 274988 2
413 348,02 348,02 218,36 1,00 1,00 275096 2
414 348,02 348,02 218,35 1,00 1,00 275203 2
415 348,02 348,02 218,35 1,00 1,00 275294 2
416 348,02 348,02 218,35 1,00 1,00 275366 2
417 348,02 348,02 218,32 1,00 1,00 275439 2
418 348,02 348,02 218,32 1,00 1,00 275506 2
419 348,02 348,02 218,32 1,00 1,00 275568 2
420 348,02 348,02 218,31 1,00 1,00 275608 2
421 348,02 348,02 218,31 1,00 1,00 275655 2
422 348,02 348,02 218,31 1,00 1,00 275694 2
423 348,02 348,02 218,32 1,00 1,00 275738 2
424 348,02 348,02 218,33 1,00 1,00 275786 2
425 348,02 348,02 218,37 1,00 1,00 275834 2
426 348,02 348,02 218,39 1,00 1,00 275905 2
427 348,02 348,02 218,35 1,00 1,00 275978 2
428 348,02 348,02 218,36 1,00 1,00 276040 2
429 348,02 348,02 218,37 1,00 1,00 276089 2
430 348,02 348,02 218,37 1,00 1,00 276136 2
431 348,02 348,02 218,37 1,00 1,00 276202 2
432 348,02 348,02 218,38 1,00 1,00 276263 2
433 348,02 348,02 218,37 1,00 1,00 276339 2
434 348,02 348,02 218,36 1,00 1,00 276430 2
435 348,02 348,02 218,34 1,00 1,00 276471 2
436 348,02 348,02 218,36 1,00 1,00 276551 2
437 348,02 348,02 218,35 1,00 1,00 276623 2
438 348,02 348,02 218,36 1,00 1,00 276703 2
439 348,02 348,02 218,35 1,00 1,00 276776 2
440 348,02 348,02 218,36 1,00 1,00 276831 2
441 348,02 348,02 218,37 1,00 1,00 276912 2
442 348,02 348,02 218,37 1,00 1,00 276981 2
443 348,02 348,02 218,37 1,00 1,00 277029 2
444 348,02 348,02 218,37 1,00 1,00 277094 2
445 348,02 348,02 218,38 1,00 1,00 277155 2
446 348,02 348,02 218,38 1,00 1,00 277209 2
447 348,02 348,02 218,38 1,00 1,00 277276 2
448 348,02 348,02 218,39 1,00 1,00 277346 2
449 348,02 348,02 218,39 1,00 1,00 277419 2
450 348,02 348,02 218,38 1,00 1,00 277480 2
451 348,02 348,02 218,38 1,00 1,00 277546 2
452 348,02 348,02 218,37 1,00 1,00 277633 2
453 348,02 348,02 218,37 1,00 1,00 277699 2
454 348,02 348,02 218,36 1,00 1,00 277753 2
455 348,02 348,02 218,36 1,00 1,00 277794 2
456 348,02 348,02 218,36 1,00 1,00 277831 2
457 348,02 348,02 218,37 1,00 1,00 277866 2
458 348,02 348,02 218,37 1,00 1,00 277907 2
459 348,02 348,02 218,37 1,00 1,00 277956 2
460 348,02 348,02 218,37 1,00 1,00 278010 2
461 348,02 348,02 218,37 1,00 1,00 278052 2
462 348,02 348,02 218,37 1,00 1,00 278092 2
463 348,02 348,02 218,37 1,00 1,00 278136 2
464 348,02 348,02 218,38 1,00 1,00 278171 2
465 348,02 348,02 218,37 1,00 1,00 278215 2
466 348,02 348,02 218,37 1,00 1,00 278256 2
467 348,02 348,02 218,37 1,00 1,00 278310 2
468 348,02 348,02 218,37 1,00 1,00 278372 2
469 348,02 348,02 218,37 1,00 1,00 278422 2
470 348,02 348,02 218,37 1,00 1,00 278480 2
471 348,02 348,02 218,36 1,00 1,00 278532 2
472 348,02 348,02 218,36 1,00 1,00 278583 2
473 348,02 348,02 218,36 1,00 1,00 278628 2
474 348,02 348,02 218,37 1,00 1,00 278661 2
475 348,02 348,02 218,37 1,00 1,00 278697 2
476 348,02 348,02 218,37 1,00 1,00 278747 2
477 348,02 348,02 218,37 1,00 1,00 278809 2
478 348,02 348,02 218,37 1,00 1,00 278860 2
479 348,02 348,02 218,37 1,00 1,00 278924 2
480 348,02 348,02 218,37 1,00 1,00 278971 2
481 348,02 348,02 218,37 1,00 1,00 279018 2
482 348,02 348,02 218,37 1,00 1,00 279043 2
483 348,02 348,02 218,37 1,00 1,00 279071 2
484 348,02 348,02 218,38 1,00 1,00 279098 2
485 348,02 348,02 218,38 1,00 1,00 279123 2
486 348,02 348,02 218,38 1,00 1,00 279191 2
487 348,02 348,02 218,37 1,00 1,00 279255 2
488 348,02 348,02 218,38 1,00 1,00 279281 2
489 348,02 348,02 218,37 1,00 1,00 279305 2
490 348,02 348,02 218,37 1,00 1,00 279344 2
491 348,02 348,02 218,37 1,00 1,00 279378 2
492 348,02 348,02 218,37 1,00 1,00 279421 2
493 348,02 348,02 218,37 1,00 1,00 279458 2
494 348,02 348,02 218,38 1,00 1,00 279509 2
495 348,02 348,02 218,37 1,00 1,00 279558 2
496 348,02 348,02 218,37 1,00 1,00 279608 2
497 348,02 348,02 218,36 1,00 1,00 279665 2
498 348,02 348,02 218,36 1,00 1,00 279720 2
499 348,02 348,02 218,36 1,00 1,00 279792 2
