1000
0 466,07 466,07 466,07 1,00 2,00 0
1 466,07 466,07 466,07 1,00 19,00 1235
2 466,07 466,07 543,26 1,00 37,00 1774
3 466,07 466,07 576,76 1,00 55,00 1865
4 466,07 466,07 579,99 1,00 73,00 1875
5 466,07 466,07 579,99 1,00 91,00 1879
6 466,07 466,07 581,54 1,00 109,00 1881
7 466,07 3,67 4,59 1,00 127,00 1881
8 466,07 3,67 4,59 1,00 145,00 1881
9 466,07 3,67 4,59 1,00 163,00 1881
10 466,07 3,67 4,59 1,00 181,00 1881
11 466,07 3,67 4,59 1,00 199,00 1881
12 466,07 3,67 4,59 1,00 217,00 1881
13 466,07 3,67 4,59 1,00 235,00 1881
14 466,07 3,67 4,59 1,00 253,00 1881
15 466,07 3,67 4,59 1,00 271,00 1881
16 466,07 3,67 4,59 1,00 289,00 1881
17 466,07 3,67 4,59 1,00 307,00 1881
18 466,07 3,67 4,59 1,00 325,00 1881
19 466,07 3,67 4,59 1,00 343,00 1881
20 466,07 3,67 4,59 1,00 361,00 1881
21 466,07 3,67 4,59 1,00 379,00 1881
22 466,07 3,67 4,59 1,00 397,00 1881
23 466,07 3,67 4,59 1,00 415,00 1881
24 466,07 3,67 4,59 1,00 433,00 1881
25 466,07 3,67 4,59 1,00 451,00 1881
26 466,07 3,67 4,59 1,00 469,00 1881
27 466,07 3,67 4,59 1,00 487,00 1881
28 466,07 3,67 4,59 1,00 505,00 1881
29 466,07 3,67 4,59 1,00 523,00 1881
30 466,07 3,67 4,59 93,00 541,00 1881
31 466,07 80,27 100,29 93,00 558,00 2704
32 466,07 77,82 73,89 93,00 575,00 3431
33 466,07 73,09 75,17 93,00 593,00 3821
34 466,07 73,09 75,32 93,00 611,00 4072
35 466,07 73,09 80,02 93,00 629,00 4286
36 466,07 73,09 77,18 93,00 647,00 4405
37 466,07 73,09 77,86 93,00 665,00 4558
38 466,07 73,09 79,49 93,00 683,00 4625
39 466,07 61,83 66,01 93,00 701,00 4666
40 466,07 61,83 65,77 93,00 719,00 4711
41 466,07 61,83 66,44 93,00 737,00 4762
42 466,07 61,83 67,20 93,00 755,00 4795
43 466,07 61,83 65,46 93,00 773,00 4831
44 466,07 54,80 59,36 93,00 791,00 4863
45 466,07 54,80 59,36 93,00 809,00 4893
46 466,07 54,80 59,36 93,00 827,00 4918
47 466,07 54,80 59,36 93,00 845,00 4938
48 466,07 54,80 59,36 93,00 863,00 4953
49 466,07 54,80 59,36 93,00 881,00 4969
50 466,07 48,21 52,22 93,00 899,00 4978
51 466,07 48,21 52,22 93,00 917,00 4991
52 466,07 48,21 52,22 93,00 935,00 5006
53 466,07 48,21 52,22 93,00 953,00 5016
54 466,07 48,21 52,22 93,00 971,00 5027
55 466,07 48,21 52,22 93,00 989,00 5033
56 466,07 48,21 52,21 93,00 1.007,00 5043
57 466,07 48,21 52,21 93,00 1.025,00 5047
58 466,07 48,21 52,21 93,00 1.043,00 5055
59 466,07 48,21 52,21 93,00 1.061,00 5061
60 466,07 48,21 52,21 1,00 1.079,00 5068
61 466,07 48,21 52,21 1,00 1.097,00 5076
62 466,07 48,21 52,22 1,00 1.115,00 5097
63 466,07 48,21 52,22 1,00 1.133,00 5110
64 466,07 48,21 52,22 1,00 1.151,00 5114
65 466,07 48,21 52,22 1,00 1.169,00 5115
66 466,07 48,21 52,20 1,00 1.187,00 5118
67 466,07 48,21 52,21 1,00 1.205,00 5123
68 466,07 0,38 0,41 1,00 1.223,00 5124
69 466,07 0,38 0,41 1,00 1.241,00 5125
70 466,07 0,38 0,41 1,00 1.259,00 5125
71 466,07 0,38 0,41 1,00 1.277,00 5125
72 466,07 0,38 0,41 1,00 1.295,00 5125
73 466,07 0,38 0,41 1,00 1.313,00 5125
74 466,07 0,38 0,41 1,00 1.331,00 5126
75 466,07 0,38 0,41 1,00 1.349,00 5126
76 466,07 0,38 0,41 1,00 1.367,00 5126
77 466,07 0,38 0,41 1,00 1.385,00 5126
78 466,07 0,38 0,41 1,00 1.403,00 5127
79 466,07 0,38 0,41 1,00 1.421,00 5128
80 466,07 0,38 0,41 1,00 1.439,00 5128
81 466,07 0,32 0,35 1,00 1.457,00 5128
82 466,07 0,32 0,35 1,00 1.475,00 5128
83 466,07 0,31 0,34 1,00 1.493,00 5128
84 466,07 0,31 0,34 1,00 1.511,00 5128
85 466,07 0,31 0,34 1,00 1.529,00 5128
86 466,07 0,31 0,34 1,00 1.547,00 5128
87 466,07 0,31 0,34 1,00 1.565,00 5128
88 466,07 0,31 0,34 1,00 1.583,00 5129
89 466,07 0,31 0,34 1,00 1.601,00 5133
90 466,07 0,31 0,34 99,00 1.619,00 5133
91 466,07 28,52 30,88 99,00 1.636,00 5240
92 466,07 28,52 30,88 99,00 1.654,00 5280
93 466,07 28,52 30,87 99,00 1.672,00 5298
94 466,07 28,52 30,88 99,00 1.690,00 5308
95 466,07 28,52 30,87 99,00 1.708,00 5318
96 466,07 28,52 30,88 99,00 1.726,00 5327
97 466,07 28,52 30,88 99,00 1.744,00 5336
98 466,07 28,52 30,88 99,00 1.762,00 5340
99 466,07 25,92 28,07 99,00 1.780,00 5347
100 466,07 25,92 28,07 99,00 1.798,00 5351
101 466,07 25,41 27,51 99,00 1.816,00 5353
102 466,07 25,41 27,51 99,00 1.834,00 5354
103 466,07 25,41 27,51 99,00 1.852,00 5357
104 466,07 25,41 27,51 99,00 1.870,00 5357
105 466,07 25,41 27,51 99,00 1.888,00 5357
106 466,07 25,41 27,51 99,00 1.906,00 5357
107 466,07 25,41 27,51 99,00 1.924,00 5357
108 466,07 25,41 27,51 99,00 1.942,00 5357
109 466,07 25,41 27,51 99,00 1.960,00 5359
110 466,07 25,41 27,51 99,00 1.978,00 5359
111 466,07 25,41 27,51 99,00 1.996,00 5360
112 466,07 25,41 27,51 99,00 2.014,00 5362
113 466,07 25,41 27,51 99,00 2.032,00 5364
114 466,07 25,41 27,51 99,00 2.050,00 5366
115 466,07 22,31 24,16 99,00 2.068,00 5366
116 466,07 22,31 24,16 99,00 2.086,00 5366
117 466,07 22,31 24,16 99,00 2.104,00 5366
118 466,07 22,31 24,16 99,00 2.122,00 5367
119 466,07 22,31 24,16 99,00 2.140,00 5368
120 466,07 22,31 24,16 9,00 2.158,00 5368
121 466,07 22,31 24,16 9,00 2.176,00 5378
122 466,07 22,31 24,16 9,00 2.194,00 5387
123 466,07 22,31 24,16 9,00 2.212,00 5391
124 466,07 22,31 24,16 9,00 2.230,00 5392
125 466,07 22,31 24,16 9,00 2.248,00 5392
126 466,07 22,31 24,16 9,00 2.266,00 5392
127 466,07 1,84 1,99 9,00 2.284,00 5392
128 466,07 1,82 1,97 9,00 2.302,00 5392
129 466,07 1,82 1,97 9,00 2.320,00 5392
130 466,07 1,82 1,97 9,00 2.338,00 5392
131 466,07 1,82 1,97 9,00 2.356,00 5392
132 466,07 1,82 1,97 9,00 2.374,00 5392
133 466,07 1,82 1,97 9,00 2.392,00 5392
134 466,07 1,82 1,97 9,00 2.410,00 5392
135 466,07 1,82 1,97 9,00 2.428,00 5392
136 466,07 1,82 1,97 9,00 2.446,00 5392
137 466,07 1,82 1,97 9,00 2.464,00 5392
138 466,07 1,82 1,97 9,00 2.482,00 5392
139 466,07 1,82 1,97 9,00 2.500,00 5392
140 466,07 1,82 1,97 9,00 2.518,00 5397
141 466,07 1,82 1,97 9,00 2.536,00 5398
142 466,07 1,82 1,97 9,00 2.554,00 5398
143 466,07 1,82 1,97 9,00 2.572,00 5398
144 466,07 1,82 1,97 9,00 2.590,00 5398
145 466,07 1,82 1,97 9,00 2.608,00 5398
146 466,07 1,82 1,97 9,00 2.626,00 5398
147 466,07 1,82 1,97 9,00 2.644,00 5398
148 466,07 1,82 1,97 9,00 2.662,00 5398
149 466,07 1,82 1,97 9,00 2.680,00 5398
150 466,07 1,82 1,97 95,00 2.698,00 5398
151 466,07 1,82 1,97 95,00 2.716,00 5443
152 466,07 1,82 1,97 95,00 2.734,00 5461
153 466,07 1,82 1,97 95,00 2.752,00 5469
154 466,07 15,98 17,31 95,00 2.770,00 5476
155 466,07 15,98 17,31 95,00 2.788,00 5480
156 466,07 15,98 17,31 95,00 2.806,00 5482
157 466,07 15,98 17,31 95,00 2.824,00 5482
158 466,07 15,98 17,31 95,00 2.842,00 5492
159 466,07 15,98 17,31 95,00 2.860,00 5501
160 466,07 15,98 17,31 95,00 2.878,00 5510
161 466,07 15,98 17,31 95,00 2.896,00 5520
162 466,07 15,98 17,31 95,00 2.914,00 5532
163 466,07 15,10 16,35 95,00 2.932,00 5544
164 466,07 15,10 16,35 95,00 2.950,00 5553
165 466,07 15,10 16,35 95,00 2.968,00 5560
166 466,07 15,10 16,35 95,00 2.986,00 5566
167 466,07 15,10 16,35 95,00 3.004,00 5570
168 466,07 15,10 16,35 95,00 3.022,00 5573
169 466,07 15,10 16,35 95,00 3.040,00 5575
170 466,07 15,10 16,35 95,00 3.058,00 5576
171 466,07 15,10 16,35 95,00 3.076,00 5577
172 466,07 15,10 16,35 95,00 3.094,00 5578
173 466,07 15,10 16,35 95,00 3.112,00 5579
174 466,07 15,10 16,35 95,00 3.130,00 5580
175 466,07 14,07 15,23 95,00 3.148,00 5582
176 466,07 14,07 15,23 95,00 3.166,00 5583
177 466,07 14,07 15,23 95,00 3.184,00 5584
178 466,07 14,07 15,23 95,00 3.202,00 5587
179 466,07 14,07 15,23 95,00 3.220,00 5589
180 466,07 14,07 15,23 10,00 3.238,00 5591
181 466,07 14,07 15,23 10,00 3.256,00 5600
182 466,07 14,07 15,23 10,00 3.274,00 5601
183 466,07 14,07 15,23 10,00 3.292,00 5602
184 466,07 14,07 15,23 10,00 3.310,00 5602
185 466,07 14,07 15,23 10,00 3.328,00 5602
186 466,07 14,07 15,23 10,00 3.346,00 5602
187 466,07 14,07 15,23 10,00 3.364,00 5602
188 466,07 14,07 15,23 10,00 3.382,00 5602
189 466,07 14,07 15,23 10,00 3.400,00 5602
190 466,07 14,07 15,23 10,00 3.418,00 5602
191 466,07 14,07 15,23 10,00 3.436,00 5604
192 466,07 14,07 15,23 10,00 3.454,00 5606
193 466,07 14,07 15,23 10,00 3.472,00 5607
194 466,07 14,07 15,23 10,00 3.490,00 5611
195 466,07 14,07 15,23 10,00 3.508,00 5613
196 466,07 14,07 15,23 10,00 3.526,00 5613
197 466,07 14,07 15,23 10,00 3.544,00 5613
198 466,07 14,07 15,23 10,00 3.562,00 5613
199 466,07 14,07 15,23 10,00 3.580,00 5613
200 466,07 14,07 15,23 10,00 3.598,00 5613
201 466,07 14,07 15,23 10,00 3.616,00 5613
202 466,07 14,07 15,23 10,00 3.634,00 5613
203 466,07 14,07 15,23 10,00 3.652,00 5613
204 466,07 14,07 15,23 10,00 3.670,00 5613
205 466,07 14,07 15,23 10,00 3.688,00 5613
206 466,07 14,07 15,23 10,00 3.706,00 5613
207 466,07 14,07 15,23 10,00 3.724,00 5613
208 466,07 14,07 15,23 10,00 3.742,00 5614
209 466,07 14,07 15,23 10,00 3.760,00 5616
210 466,07 14,07 15,23 1,00 3.778,00 5616
211 466,07 14,07 15,23 1,00 3.796,00 5655
212 466,07 14,07 15,23 1,00 3.814,00 5665
213 466,07 14,07 15,23 1,00 3.832,00 5671
214 466,07 14,07 15,23 1,00 3.850,00 5671
215 466,07 14,07 15,23 1,00 3.868,00 5671
216 466,07 14,07 15,23 1,00 3.886,00 5671
217 466,07 14,07 15,23 1,00 3.904,00 5671
218 466,07 14,07 15,23 1,00 3.922,00 5671
219 466,07 14,07 15,23 1,00 3.940,00 5671
220 466,07 14,07 15,23 1,00 3.958,00 5671
221 466,07 14,07 15,23 1,00 3.976,00 5671
222 466,07 14,07 15,23 1,00 3.994,00 5671
223 466,07 14,07 15,23 1,00 4.012,00 5671
224 466,07 14,07 15,23 1,00 4.030,00 5671
225 466,07 14,07 15,23 1,00 4.048,00 5671
226 466,07 14,07 15,23 1,00 4.066,00 5671
227 466,07 14,07 15,23 1,00 4.084,00 5671
228 466,07 14,07 15,23 1,00 4.102,00 5671
229 466,07 14,07 15,23 1,00 4.120,00 5671
230 466,07 14,07 15,23 1,00 4.138,00 5671
231 466,07 14,07 15,23 1,00 4.156,00 5671
232 466,07 14,07 15,23 1,00 4.174,00 5671
233 466,07 14,07 15,23 1,00 4.192,00 5671
234 466,07 0,11 0,12 1,00 4.210,00 5671
235 466,07 0,11 0,12 1,00 4.228,00 5671
236 466,07 0,11 0,12 1,00 4.246,00 5671
237 466,07 0,11 0,12 1,00 4.264,00 5671
238 466,07 0,11 0,12 1,00 4.282,00 5671
239 466,07 0,11 0,12 1,00 4.300,00 5671
240 466,07 0,11 0,12 99,00 4.318,00 5671
241 466,07 10,69 11,57 99,00 4.335,00 5686
242 466,07 10,69 11,57 99,00 4.353,00 5686
243 466,07 10,69 11,57 99,00 4.371,00 5687
244 466,07 10,69 11,57 99,00 4.389,00 5688
245 466,07 10,69 11,57 99,00 4.407,00 5688
246 466,07 10,69 11,57 99,00 4.425,00 5688
247 466,07 10,69 11,57 99,00 4.443,00 5688
248 466,07 10,69 11,57 99,00 4.461,00 5688
249 466,07 10,69 11,57 99,00 4.479,00 5691
250 466,07 10,69 11,57 99,00 4.497,00 5693
251 466,07 10,69 11,57 99,00 4.515,00 5693
252 466,07 10,69 11,57 99,00 4.533,00 5693
253 466,07 10,69 11,57 99,00 4.551,00 5694
254 466,07 10,69 11,57 99,00 4.569,00 5694
255 466,07 10,69 11,57 99,00 4.587,00 5694
256 466,07 10,69 11,57 99,00 4.605,00 5694
257 466,07 10,69 11,57 99,00 4.623,00 5694
258 466,07 10,69 11,57 99,00 4.641,00 5694
259 466,07 10,69 11,57 99,00 4.659,00 5694
260 466,07 10,69 11,57 99,00 4.677,00 5694
261 466,07 10,69 11,57 99,00 4.695,00 5694
262 466,07 10,69 11,57 99,00 4.713,00 5694
263 466,07 10,69 11,57 99,00 4.731,00 5694
264 466,07 10,69 11,57 99,00 4.749,00 5694
265 466,07 10,69 11,57 99,00 4.767,00 5694
266 466,07 10,69 11,57 99,00 4.785,00 5694
267 466,07 10,69 11,57 99,00 4.803,00 5694
268 466,07 9,57 10,36 99,00 4.821,00 5694
269 466,07 9,57 10,36 99,00 4.839,00 5694
270 466,07 9,57 10,36 23,00 4.857,00 5694
271 466,07 9,57 10,36 23,00 4.875,00 5724
272 466,07 9,57 10,36 23,00 4.893,00 5736
273 466,07 9,57 10,36 23,00 4.911,00 5742
274 466,07 9,57 10,36 23,00 4.929,00 5742
275 466,07 9,57 10,36 23,00 4.947,00 5742
276 466,07 9,57 10,36 23,00 4.965,00 5742
277 466,07 9,57 10,36 23,00 4.983,00 5742
278 466,07 9,57 10,36 23,00 5.001,00 5742
279 466,07 9,57 10,36 23,00 5.019,00 5742
280 466,07 9,57 10,36 23,00 5.037,00 5742
281 466,07 2,12 2,30 23,00 5.055,00 5742
282 466,07 2,11 2,29 23,00 5.073,00 5742
283 466,07 2,11 2,29 23,00 5.091,00 5742
284 466,07 2,11 2,29 23,00 5.109,00 5742
285 466,07 2,11 2,29 23,00 5.127,00 5742
286 466,07 2,11 2,29 23,00 5.145,00 5742
287 466,07 2,11 2,29 23,00 5.163,00 5742
288 466,07 2,07 2,24 23,00 5.181,00 5742
289 466,07 2,07 2,24 23,00 5.199,00 5742
290 466,07 2,05 2,22 23,00 5.217,00 5742
291 466,07 2,05 2,22 23,00 5.235,00 5742
292 466,07 2,05 2,22 23,00 5.253,00 5742
293 466,07 2,05 2,22 23,00 5.271,00 5742
294 466,07 2,05 2,22 23,00 5.289,00 5742
295 466,07 2,02 2,19 23,00 5.307,00 5742
296 466,07 2,02 2,19 23,00 5.325,00 5742
297 466,07 2,02 2,19 23,00 5.343,00 5742
298 466,07 2,02 2,19 23,00 5.361,00 5742
299 466,07 2,02 2,19 23,00 5.379,00 5742
300 466,07 1,99 2,15 81,00 5.397,00 5742
301 466,07 1,99 2,15 81,00 5.415,00 5752
302 466,07 1,99 2,15 81,00 5.433,00 5752
303 466,07 1,99 2,15 81,00 5.451,00 5752
304 466,07 1,99 2,15 81,00 5.469,00 5752
305 466,07 1,99 2,15 81,00 5.487,00 5752
306 466,07 1,99 2,15 81,00 5.505,00 5762
307 466,07 6,84 7,40 81,00 5.523,00 5773
308 466,07 6,84 7,40 81,00 5.541,00 5778
309 466,07 6,84 7,40 81,00 5.559,00 5780
310 466,07 6,84 7,40 81,00 5.577,00 5780
311 466,07 6,84 7,40 81,00 5.595,00 5780
312 466,07 6,84 7,40 81,00 5.613,00 5780
313 466,07 6,84 7,40 81,00 5.631,00 5782
314 466,07 6,84 7,40 81,00 5.649,00 5783
315 466,07 6,84 7,40 81,00 5.667,00 5783
316 466,07 6,84 7,40 81,00 5.685,00 5783
317 466,07 6,84 7,40 81,00 5.703,00 5783
318 466,07 6,84 7,40 81,00 5.721,00 5783
319 466,07 6,84 7,40 81,00 5.739,00 5783
320 466,07 6,84 7,40 81,00 5.757,00 5783
321 466,07 6,84 7,40 81,00 5.775,00 5783
322 466,07 6,84 7,40 81,00 5.793,00 5783
323 466,07 6,84 7,40 81,00 5.811,00 5783
324 466,07 6,84 7,40 81,00 5.829,00 5783
325 466,07 6,84 7,40 81,00 5.847,00 5783
326 466,07 6,84 7,40 81,00 5.865,00 5783
327 466,07 6,84 7,40 81,00 5.883,00 5783
328 466,07 6,84 7,40 81,00 5.901,00 5783
329 466,07 6,84 7,40 81,00 5.919,00 5783
330 466,07 6,84 7,40 16,00 5.937,00 5783
331 466,07 6,84 7,40 16,00 5.955,00 5809
332 466,07 6,84 7,40 16,00 5.973,00 5815
333 466,07 6,84 7,40 16,00 5.991,00 5818
334 466,07 6,84 7,40 16,00 6.009,00 5819
335 466,07 6,84 7,40 16,00 6.027,00 5820
336 466,07 6,84 7,40 16,00 6.045,00 5820
337 466,07 6,84 7,40 16,00 6.063,00 5820
338 466,07 6,84 7,40 16,00 6.081,00 5820
339 466,07 6,84 7,40 16,00 6.099,00 5820
340 466,07 1,22 1,32 16,00 6.117,00 5820
341 466,07 1,22 1,32 16,00 6.135,00 5820
342 466,07 1,22 1,32 16,00 6.153,00 5820
343 466,07 1,22 1,32 16,00 6.171,00 5820
344 466,07 1,22 1,32 16,00 6.189,00 5820
345 466,07 1,20 1,30 16,00 6.207,00 5820
346 466,07 1,20 1,30 16,00 6.225,00 5820
347 466,07 1,20 1,30 16,00 6.243,00 5820
348 466,07 1,20 1,30 16,00 6.261,00 5820
349 466,07 1,20 1,30 16,00 6.279,00 5820
350 466,07 1,20 1,30 16,00 6.297,00 5820
351 466,07 1,20 1,30 16,00 6.315,00 5820
352 466,07 1,20 1,30 16,00 6.333,00 5820
353 466,07 1,20 1,30 16,00 6.351,00 5820
354 466,07 1,20 1,30 16,00 6.369,00 5820
355 466,07 1,20 1,30 16,00 6.387,00 5820
356 466,07 1,20 1,30 16,00 6.405,00 5820
357 466,07 1,20 1,30 16,00 6.423,00 5820
358 466,07 1,16 1,25 16,00 6.441,00 5820
359 466,07 1,15 1,25 16,00 6.459,00 5820
360 466,07 1,15 1,25 98,00 6.477,00 5820
361 466,07 1,15 1,25 98,00 6.495,00 5827
362 466,07 1,15 1,25 98,00 6.513,00 5827
363 466,07 1,15 1,25 98,00 6.531,00 5827
364 466,07 1,15 1,25 98,00 6.549,00 5827
365 466,07 1,15 1,25 98,00 6.567,00 5827
366 466,07 1,15 1,25 98,00 6.585,00 5827
367 466,07 1,15 1,25 98,00 6.603,00 5827
368 466,07 1,15 1,25 98,00 6.621,00 5827
369 466,07 1,15 1,25 98,00 6.639,00 5827
370 466,07 1,15 1,25 98,00 6.657,00 5827
371 466,07 1,15 1,25 98,00 6.675,00 5827
372 466,07 1,15 1,25 98,00 6.693,00 5827
373 466,07 1,15 1,25 98,00 6.711,00 5827
374 466,07 1,15 1,25 98,00 6.729,00 5827
375 466,07 1,15 1,25 98,00 6.747,00 5827
376 466,07 1,15 1,25 98,00 6.765,00 5827
377 466,07 6,73 7,29 98,00 6.783,00 5827
378 466,07 6,73 7,29 98,00 6.801,00 5827
379 466,07 6,73 7,29 98,00 6.819,00 5827
380 466,07 6,73 7,29 98,00 6.837,00 5827
381 466,07 6,73 7,29 98,00 6.855,00 5827
382 466,07 6,73 7,29 98,00 6.873,00 5827
383 466,07 6,73 7,29 98,00 6.891,00 5833
384 466,07 6,73 7,29 98,00 6.909,00 5833
385 466,07 6,59 7,14 98,00 6.927,00 5833
386 466,07 6,59 7,14 98,00 6.945,00 5833
387 466,07 6,59 7,14 98,00 6.963,00 5833
388 466,07 6,59 7,14 98,00 6.981,00 5833
389 466,07 6,59 7,14 98,00 6.999,00 5833
390 466,07 6,59 7,14 23,00 7.017,00 5833
391 466,07 6,59 7,14 23,00 7.035,00 5854
392 466,07 6,59 7,14 23,00 7.053,00 5858
393 466,07 6,59 7,14 23,00 7.071,00 5861
394 466,07 1,51 1,64 23,00 7.089,00 5861
395 466,07 1,51 1,64 23,00 7.107,00 5861
396 466,07 1,50 1,63 23,00 7.125,00 5861
397 466,07 1,50 1,63 23,00 7.143,00 5861
398 466,07 1,50 1,63 23,00 7.161,00 5861
399 466,07 1,49 1,62 23,00 7.179,00 5861
400 466,07 1,49 1,62 23,00 7.197,00 5861
401 466,07 1,49 1,62 23,00 7.215,00 5865
402 466,07 1,49 1,62 23,00 7.233,00 5866
403 466,07 1,49 1,62 23,00 7.251,00 5866
404 466,07 1,49 1,62 23,00 7.269,00 5866
405 466,07 1,49 1,62 23,00 7.287,00 5866
406 466,07 1,47 1,59 23,00 7.305,00 5866
407 466,07 1,47 1,59 23,00 7.323,00 5866
408 466,07 1,47 1,59 23,00 7.341,00 5866
409 466,07 1,47 1,59 23,00 7.359,00 5866
410 466,07 1,45 1,57 23,00 7.377,00 5866
411 466,07 1,45 1,57 23,00 7.395,00 5866
412 466,07 1,45 1,57 23,00 7.413,00 5866
413 466,07 1,45 1,57 23,00 7.431,00 5866
414 466,07 1,45 1,57 23,00 7.449,00 5866
415 466,07 1,45 1,57 23,00 7.467,00 5866
416 466,07 1,45 1,57 23,00 7.485,00 5866
417 466,07 1,45 1,57 23,00 7.503,00 5866
418 466,07 1,45 1,57 23,00 7.521,00 5866
419 466,07 1,45 1,57 23,00 7.539,00 5866
420 466,07 1,45 1,57 87,00 7.557,00 5866
421 466,07 1,45 1,57 87,00 7.575,00 5875
422 466,07 1,45 1,57 87,00 7.593,00 5878
423 466,07 1,45 1,57 87,00 7.611,00 5879
424 466,07 1,45 1,57 87,00 7.629,00 5879
425 466,07 5,30 5,74 87,00 7.647,00 5879
426 466,07 5,30 5,74 87,00 7.665,00 5879
427 466,07 5,30 5,74 87,00 7.683,00 5879
428 466,07 5,30 5,74 87,00 7.701,00 5880
429 466,07 5,30 5,74 87,00 7.719,00 5880
430 466,07 5,30 5,74 87,00 7.737,00 5880
431 466,07 5,30 5,74 87,00 7.755,00 5880
432 466,07 5,30 5,74 87,00 7.773,00 5880
433 466,07 5,30 5,74 87,00 7.791,00 5880
434 466,07 5,30 5,74 87,00 7.809,00 5880
435 466,07 5,30 5,74 87,00 7.827,00 5880
436 466,07 5,30 5,74 87,00 7.845,00 5880
437 466,07 5,30 5,74 87,00 7.863,00 5880
438 466,07 5,15 5,57 87,00 7.881,00 5880
439 466,07 5,15 5,57 87,00 7.899,00 5880
440 466,07 5,15 5,57 87,00 7.917,00 5880
441 466,07 5,15 5,57 87,00 7.935,00 5880
442 466,07 5,15 5,57 87,00 7.953,00 5880
443 466,07 5,15 5,57 87,00 7.971,00 5880
444 466,07 5,15 5,57 87,00 7.989,00 5880
445 466,07 5,15 5,57 87,00 8.007,00 5880
446 466,07 5,15 5,57 87,00 8.025,00 5880
447 466,07 5,15 5,57 87,00 8.043,00 5880
448 466,07 5,15 5,57 87,00 8.061,00 5880
449 466,07 5,15 5,57 87,00 8.079,00 5880
450 466,07 5,15 5,57 33,00 8.097,00 5880
451 466,07 5,15 5,57 33,00 8.115,00 5901
452 466,07 5,15 5,57 33,00 8.133,00 5908
453 466,07 5,15 5,57 33,00 8.151,00 5908
454 466,07 1,88 2,04 33,00 8.169,00 5908
455 466,07 1,88 2,04 33,00 8.187,00 5908
456 466,07 1,88 2,04 33,00 8.205,00 5909
457 466,07 1,88 2,04 33,00 8.223,00 5909
458 466,07 1,88 2,04 33,00 8.241,00 5909
459 466,07 1,88 2,04 33,00 8.259,00 5909
460 466,07 1,88 2,04 33,00 8.277,00 5909
461 466,07 1,88 2,04 33,00 8.295,00 5909
462 466,07 1,88 2,04 33,00 8.313,00 5909
463 466,07 1,85 2,00 33,00 8.331,00 5909
464 466,07 1,85 2,00 33,00 8.349,00 5909
465 466,07 1,84 1,99 33,00 8.367,00 5909
466 466,07 1,84 1,99 33,00 8.385,00 5909
467 466,07 1,84 1,99 33,00 8.403,00 5909
468 466,07 1,84 1,99 33,00 8.421,00 5909
469 466,07 1,84 1,99 33,00 8.439,00 5909
470 466,07 1,84 1,99 33,00 8.457,00 5909
471 466,07 1,84 1,99 33,00 8.475,00 5909
472 466,07 1,84 1,99 33,00 8.493,00 5909
473 466,07 1,84 1,99 33,00 8.511,00 5909
474 466,07 1,84 1,99 33,00 8.529,00 5909
475 466,07 1,84 1,99 33,00 8.547,00 5909
476 466,07 1,84 1,99 33,00 8.565,00 5909
477 466,07 1,84 1,99 33,00 8.583,00 5909
478 466,07 1,84 1,99 33,00 8.601,00 5909
479 466,07 1,84 1,99 33,00 8.619,00 5909
480 466,07 1,84 1,99 87,00 8.637,00 5909
481 466,07 1,84 1,99 87,00 8.655,00 5915
482 466,07 1,84 1,99 87,00 8.673,00 5916
483 466,07 1,84 1,99 87,00 8.691,00 5916
484 466,07 1,84 1,99 87,00 8.709,00 5916
485 466,07 1,84 1,99 87,00 8.727,00 5916
486 466,07 4,64 5,02 87,00 8.745,00 5916
487 466,07 4,64 5,02 87,00 8.763,00 5916
488 466,07 4,64 5,02 87,00 8.781,00 5916
489 466,07 4,64 5,02 87,00 8.799,00 5916
490 466,07 4,64 5,02 87,00 8.817,00 5916
491 466,07 4,64 5,02 87,00 8.835,00 5916
492 466,07 4,64 5,02 87,00 8.853,00 5916
493 466,07 4,64 5,02 87,00 8.871,00 5916
494 466,07 4,64 5,02 87,00 8.889,00 5916
495 466,07 4,64 5,02 87,00 8.907,00 5916
496 466,07 4,64 5,02 87,00 8.925,00 5916
497 466,07 4,64 5,02 87,00 8.943,00 5916
498 466,07 4,52 4,90 87,00 8.961,00 5916
499 466,07 4,52 4,89 87,00 8.979,00 5916
500 466,07 4,52 4,89 87,00 8.997,00 5916
501 466,07 4,52 4,89 87,00 9.015,00 5916
502 466,07 4,52 4,89 87,00 9.033,00 5916
503 466,07 4,52 4,89 87,00 9.051,00 5916
504 466,07 4,52 4,89 87,00 9.069,00 5916
505 466,07 4,52 4,89 87,00 9.087,00 5919
506 466,07 4,45 4,82 87,00 9.105,00 5919
507 466,07 4,45 4,82 87,00 9.123,00 5919
508 466,07 4,45 4,82 87,00 9.141,00 5919
509 466,07 4,45 4,82 87,00 9.159,00 5919
510 466,07 4,45 4,82 38,00 9.177,00 5919
511 466,07 4,45 4,82 38,00 9.195,00 5935
512 466,07 4,45 4,82 38,00 9.213,00 5937
513 466,07 4,45 4,82 38,00 9.231,00 5938
514 466,07 4,45 4,82 38,00 9.249,00 5938
515 466,07 4,45 4,82 38,00 9.267,00 5938
516 466,07 4,45 4,82 38,00 9.285,00 5938
517 466,07 4,45 4,82 38,00 9.303,00 5938
518 466,07 4,45 4,82 38,00 9.321,00 5938
519 466,07 4,45 4,82 38,00 9.339,00 5938
520 466,07 4,45 4,82 38,00 9.357,00 5938
521 466,07 4,45 4,82 38,00 9.375,00 5938
522 466,07 4,45 4,82 38,00 9.393,00 5938
523 466,07 4,45 4,82 38,00 9.411,00 5938
524 466,07 4,45 4,82 38,00 9.429,00 5938
525 466,07 4,45 4,82 38,00 9.447,00 5938
526 466,07 4,45 4,82 38,00 9.465,00 5938
527 466,07 4,45 4,82 38,00 9.483,00 5938
528 466,07 1,86 2,02 38,00 9.501,00 5938
529 466,07 1,86 2,02 38,00 9.519,00 5938
530 466,07 1,86 2,02 38,00 9.537,00 5938
531 466,07 1,85 2,01 38,00 9.555,00 5938
532 466,07 1,85 2,01 38,00 9.573,00 5938
533 466,07 1,85 2,01 38,00 9.591,00 5938
534 466,07 1,85 2,01 38,00 9.609,00 5938
535 466,07 1,85 2,01 38,00 9.627,00 5938
536 466,07 1,85 2,01 38,00 9.645,00 5938
537 466,07 1,85 2,01 38,00 9.663,00 5938
538 466,07 1,85 2,01 38,00 9.681,00 5938
539 466,07 1,85 2,01 38,00 9.699,00 5938
540 466,07 1,85 2,01 90,00 9.717,00 5938
541 466,07 1,85 2,01 90,00 9.735,00 5942
542 466,07 1,85 2,01 90,00 9.753,00 5944
543 466,07 1,85 2,01 90,00 9.771,00 5946
544 466,07 1,85 2,01 90,00 9.789,00 5947
545 466,07 1,85 2,01 90,00 9.807,00 5958
546 466,07 1,85 2,01 90,00 9.825,00 5965
547 466,07 4,26 4,61 90,00 9.843,00 5965
548 466,07 4,26 4,61 90,00 9.861,00 5965
549 466,07 4,26 4,61 90,00 9.879,00 5965
550 466,07 4,26 4,61 90,00 9.897,00 5965
551 466,07 4,26 4,61 90,00 9.915,00 5965
552 466,07 4,26 4,61 90,00 9.933,00 5965
553 466,07 4,26 4,61 90,00 9.951,00 5965
554 466,07 4,26 4,61 90,00 9.969,00 5965
555 466,07 4,26 4,61 90,00 9.987,00 5965
556 466,07 4,26 4,61 90,00 10.005,00 5965
557 466,07 4,26 4,61 90,00 10.023,00 5965
558 466,07 4,26 4,61 90,00 10.041,00 5965
559 466,07 4,26 4,61 90,00 10.059,00 5969
560 466,07 4,26 4,61 90,00 10.077,00 5969
561 466,07 4,26 4,61 90,00 10.095,00 5969
562 466,07 4,26 4,61 90,00 10.113,00 5969
563 466,07 4,26 4,61 90,00 10.131,00 5969
564 466,07 4,26 4,61 90,00 10.149,00 5969
565 466,07 4,26 4,61 90,00 10.167,00 5969
566 466,07 4,12 4,46 90,00 10.185,00 5969
567 466,07 4,12 4,46 90,00 10.203,00 5969
568 466,07 4,12 4,46 90,00 10.221,00 5969
569 466,07 4,12 4,46 90,00 10.239,00 5969
570 466,07 4,12 4,46 31,00 10.257,00 5969
571 466,07 4,12 4,46 31,00 10.275,00 5988
572 466,07 4,12 4,46 31,00 10.293,00 5994
573 466,07 1,40 1,52 31,00 10.311,00 5999
574 466,07 1,40 1,52 31,00 10.329,00 6004
575 466,07 1,40 1,52 31,00 10.347,00 6007
576 466,07 1,40 1,52 31,00 10.365,00 6009
577 466,07 1,40 1,52 31,00 10.383,00 6010
578 466,07 1,40 1,52 31,00 10.401,00 6010
579 466,07 1,40 1,52 31,00 10.419,00 6010
580 466,07 1,40 1,52 31,00 10.437,00 6010
581 466,07 1,38 1,50 31,00 10.455,00 6010
582 466,07 1,38 1,49 31,00 10.473,00 6010
583 466,07 1,38 1,49 31,00 10.491,00 6010
584 466,07 1,37 1,49 31,00 10.509,00 6010
585 466,07 1,37 1,49 31,00 10.527,00 6010
586 466,07 1,37 1,49 31,00 10.545,00 6010
587 466,07 1,37 1,49 31,00 10.563,00 6010
588 466,07 1,37 1,49 31,00 10.581,00 6010
589 466,07 1,37 1,49 31,00 10.599,00 6010
590 466,07 1,37 1,49 31,00 10.617,00 6010
591 466,07 1,37 1,49 31,00 10.635,00 6010
592 466,07 1,37 1,49 31,00 10.653,00 6010
593 466,07 1,37 1,49 31,00 10.671,00 6010
594 466,07 1,37 1,49 31,00 10.689,00 6010
595 466,07 1,37 1,49 31,00 10.707,00 6010
596 466,07 1,37 1,49 31,00 10.725,00 6010
597 466,07 1,37 1,49 31,00 10.743,00 6010
598 466,07 1,37 1,49 31,00 10.761,00 6010
599 466,07 1,37 1,49 31,00 10.779,00 6010
600 466,07 1,37 1,49 89,00 10.797,00 6010
601 466,07 1,37 1,49 89,00 10.815,00 6019
602 466,07 1,37 1,49 89,00 10.833,00 6021
603 466,07 3,82 4,14 89,00 10.851,00 6022
604 466,07 3,82 4,13 89,00 10.869,00 6022
605 466,07 3,82 4,13 89,00 10.887,00 6022
606 466,07 3,82 4,13 89,00 10.905,00 6022
607 466,07 3,82 4,13 89,00 10.923,00 6022
608 466,07 3,82 4,13 89,00 10.941,00 6023
609 466,07 3,82 4,13 89,00 10.959,00 6023
610 466,07 3,82 4,13 89,00 10.977,00 6023
611 466,07 3,82 4,13 89,00 10.995,00 6023
612 466,07 3,82 4,13 89,00 11.013,00 6023
613 466,07 3,82 4,13 89,00 11.031,00 6023
614 466,07 3,82 4,13 89,00 11.049,00 6023
615 466,07 3,75 4,06 89,00 11.067,00 6023
616 466,07 3,75 4,06 89,00 11.085,00 6023
617 466,07 3,75 4,06 89,00 11.103,00 6023
618 466,07 3,75 4,06 89,00 11.121,00 6023
619 466,07 3,75 4,06 89,00 11.139,00 6023
620 466,07 3,72 4,03 89,00 11.157,00 6023
621 466,07 3,72 4,03 89,00 11.175,00 6023
622 466,07 3,72 4,03 89,00 11.193,00 6023
623 466,07 3,72 4,03 89,00 11.211,00 6023
624 466,07 3,72 4,03 89,00 11.229,00 6023
625 466,07 3,72 4,03 89,00 11.247,00 6023
626 466,07 3,72 4,03 89,00 11.265,00 6023
627 466,07 3,72 4,03 89,00 11.283,00 6023
628 466,07 3,72 4,03 89,00 11.301,00 6023
629 466,07 3,66 3,97 89,00 11.319,00 6023
630 466,07 3,66 3,97 31,00 11.337,00 6023
631 466,07 3,66 3,97 31,00 11.355,00 6039
632 466,07 3,66 3,97 31,00 11.373,00 6043
633 466,07 3,66 3,97 31,00 11.391,00 6043
634 466,07 3,66 3,97 31,00 11.409,00 6043
635 466,07 3,66 3,97 31,00 11.427,00 6043
636 466,07 3,66 3,97 31,00 11.445,00 6043
637 466,07 1,26 1,36 31,00 11.463,00 6043
638 466,07 1,26 1,36 31,00 11.481,00 6043
639 466,07 1,26 1,36 31,00 11.499,00 6043
640 466,07 1,26 1,36 31,00 11.517,00 6043
641 466,07 1,25 1,36 31,00 11.535,00 6043
642 466,07 1,25 1,36 31,00 11.553,00 6043
643 466,07 1,25 1,36 31,00 11.571,00 6043
644 466,07 1,25 1,36 31,00 11.589,00 6043
645 466,07 1,25 1,36 31,00 11.607,00 6043
646 466,07 1,24 1,35 31,00 11.625,00 6043
647 466,07 1,24 1,35 31,00 11.643,00 6043
648 466,07 1,24 1,34 31,00 11.661,00 6043
649 466,07 1,24 1,34 31,00 11.679,00 6043
650 466,07 1,24 1,34 31,00 11.697,00 6043
651 466,07 1,24 1,34 31,00 11.715,00 6043
652 466,07 1,24 1,34 31,00 11.733,00 6043
653 466,07 1,24 1,34 31,00 11.751,00 6043
654 466,07 1,23 1,33 31,00 11.769,00 6043
655 466,07 1,23 1,33 31,00 11.787,00 6043
656 466,07 1,22 1,33 31,00 11.805,00 6043
657 466,07 1,22 1,33 31,00 11.823,00 6043
658 466,07 1,22 1,33 31,00 11.841,00 6043
659 466,07 1,22 1,33 31,00 11.859,00 6043
660 466,07 1,22 1,33 97,00 11.877,00 6043
661 466,07 1,22 1,33 97,00 11.895,00 6047
662 466,07 1,22 1,33 97,00 11.913,00 6047
663 466,07 1,22 1,33 97,00 11.931,00 6047
664 466,07 1,22 1,33 97,00 11.949,00 6047
665 466,07 1,22 1,33 97,00 11.967,00 6047
666 466,07 1,22 1,33 97,00 11.985,00 6047
667 466,07 1,22 1,33 97,00 12.003,00 6047
668 466,07 1,22 1,33 97,00 12.021,00 6048
669 466,07 1,22 1,33 97,00 12.039,00 6048
670 466,07 1,22 1,33 97,00 12.057,00 6048
671 466,07 1,22 1,33 97,00 12.075,00 6048
672 466,07 1,22 1,33 97,00 12.093,00 6048
673 466,07 1,22 1,33 97,00 12.111,00 6048
674 466,07 1,22 1,33 97,00 12.129,00 6048
675 466,07 1,22 1,33 97,00 12.147,00 6048
676 466,07 1,22 1,33 97,00 12.165,00 6048
677 466,07 1,22 1,33 97,00 12.183,00 6048
678 466,07 1,22 1,33 97,00 12.201,00 6048
679 466,07 3,70 4,01 97,00 12.219,00 6048
680 466,07 3,70 4,01 97,00 12.237,00 6048
681 466,07 3,70 4,01 97,00 12.255,00 6048
682 466,07 3,68 3,99 97,00 12.273,00 6048
683 466,07 3,68 3,99 97,00 12.291,00 6048
684 466,07 3,68 3,99 97,00 12.309,00 6048
685 466,07 3,68 3,99 97,00 12.327,00 6048
686 466,07 3,68 3,99 97,00 12.345,00 6048
687 466,07 3,68 3,99 97,00 12.363,00 6048
688 466,07 3,68 3,99 97,00 12.381,00 6048
689 466,07 3,68 3,99 97,00 12.399,00 6048
690 466,07 3,68 3,99 43,00 12.417,00 6048
691 466,07 3,68 3,99 43,00 12.435,00 6060
692 466,07 3,68 3,99 43,00 12.453,00 6063
693 466,07 3,68 3,99 43,00 12.471,00 6066
694 466,07 3,68 3,99 43,00 12.489,00 6067
695 466,07 3,68 3,99 43,00 12.507,00 6068
696 466,07 3,68 3,99 43,00 12.525,00 6070
697 466,07 3,68 3,99 43,00 12.543,00 6070
698 466,07 3,68 3,99 43,00 12.561,00 6070
699 466,07 3,68 3,99 43,00 12.579,00 6070
700 466,07 3,68 3,99 43,00 12.597,00 6070
701 466,07 3,68 3,99 43,00 12.615,00 6070
702 466,07 3,68 3,99 43,00 12.633,00 6070
703 466,07 3,68 3,99 43,00 12.651,00 6070
704 466,07 3,68 3,99 43,00 12.669,00 6070
705 466,07 3,68 3,99 43,00 12.687,00 6070
706 466,07 3,68 3,99 43,00 12.705,00 6070
707 466,07 3,68 3,99 43,00 12.723,00 6070
708 466,07 3,68 3,99 43,00 12.741,00 6070
709 466,07 3,68 3,99 43,00 12.759,00 6070
710 466,07 3,68 3,99 43,00 12.777,00 6070
711 466,07 3,68 3,99 43,00 12.795,00 6070
712 466,07 3,68 3,99 43,00 12.813,00 6070
713 466,07 3,68 3,99 43,00 12.831,00 6070
714 466,07 3,68 3,99 43,00 12.849,00 6070
715 466,07 3,68 3,99 43,00 12.867,00 6070
716 466,07 3,68 3,99 43,00 12.885,00 6070
717 466,07 3,68 3,99 43,00 12.903,00 6070
718 466,07 3,68 3,99 43,00 12.921,00 6070
719 466,07 3,68 3,99 43,00 12.939,00 6070
720 466,07 3,68 3,99 1,00 12.957,00 6070
721 466,07 3,68 3,99 1,00 12.975,00 6073
722 466,07 3,68 3,99 1,00 12.993,00 6073
723 466,07 3,68 3,99 1,00 13.011,00 6073
724 466,07 3,68 3,99 1,00 13.029,00 6073
725 466,07 3,68 3,99 1,00 13.047,00 6073
726 466,07 3,68 3,99 1,00 13.065,00 6073
727 466,07 3,68 3,99 1,00 13.083,00 6073
728 466,07 3,68 3,99 1,00 13.101,00 6073
729 466,07 3,68 3,99 1,00 13.119,00 6073
730 466,07 3,68 3,99 1,00 13.137,00 6073
731 466,07 0,04 0,04 1,00 13.155,00 6073
732 466,07 0,04 0,04 1,00 13.173,00 6073
733 466,07 0,04 0,04 1,00 13.191,00 6073
734 466,07 0,04 0,04 1,00 13.209,00 6073
735 466,07 0,04 0,04 1,00 13.227,00 6073
736 466,07 0,04 0,04 1,00 13.245,00 6073
737 466,07 0,04 0,04 1,00 13.263,00 6073
738 466,07 0,04 0,04 1,00 13.281,00 6073
739 466,07 0,04 0,04 1,00 13.299,00 6073
740 466,07 0,04 0,04 1,00 13.317,00 6073
741 466,07 0,04 0,04 1,00 13.335,00 6073
742 466,07 0,03 0,04 1,00 13.353,00 6073
743 466,07 0,03 0,04 1,00 13.371,00 6073
744 466,07 0,03 0,04 1,00 13.389,00 6073
745 466,07 0,03 0,04 1,00 13.407,00 6073
746 466,07 0,03 0,04 1,00 13.425,00 6073
747 466,07 0,03 0,04 1,00 13.443,00 6073
748 466,07 0,03 0,04 1,00 13.461,00 6073
749 466,07 0,03 0,04 1,00 13.479,00 6073
750 466,07 0,03 0,04 99,00 13.497,00 6073
751 466,07 0,03 0,04 99,00 13.515,00 6081
752 466,07 0,03 0,04 99,00 13.533,00 6085
753 466,07 0,03 0,04 99,00 13.551,00 6085
754 466,07 0,03 0,04 99,00 13.569,00 6085
755 466,07 0,03 0,04 99,00 13.587,00 6085
756 466,07 3,39 3,67 99,00 13.605,00 6085
757 466,07 3,39 3,67 99,00 13.623,00 6085
758 466,07 3,39 3,67 99,00 13.641,00 6091
759 466,07 3,39 3,67 99,00 13.659,00 6094
760 466,07 3,39 3,67 99,00 13.677,00 6096
761 466,07 3,39 3,67 99,00 13.695,00 6097
762 466,07 3,39 3,67 99,00 13.713,00 6098
763 466,07 3,39 3,67 99,00 13.731,00 6098
764 466,07 3,36 3,63 99,00 13.749,00 6098
765 466,07 3,36 3,63 99,00 13.767,00 6098
766 466,07 3,36 3,63 99,00 13.785,00 6098
767 466,07 3,36 3,63 99,00 13.803,00 6098
768 466,07 3,36 3,63 99,00 13.821,00 6098
769 466,07 3,36 3,63 99,00 13.839,00 6098
770 466,07 3,36 3,63 99,00 13.857,00 6098
771 466,07 3,36 3,63 99,00 13.875,00 6098
772 466,07 3,36 3,63 99,00 13.893,00 6098
773 466,07 3,36 3,63 99,00 13.911,00 6098
774 466,07 3,36 3,63 99,00 13.929,00 6098
775 466,07 3,36 3,63 99,00 13.947,00 6098
776 466,07 3,36 3,63 99,00 13.965,00 6098
777 466,07 3,36 3,63 99,00 13.983,00 6098
778 466,07 3,36 3,63 99,00 14.001,00 6098
779 466,07 3,36 3,63 99,00 14.019,00 6098
780 466,07 3,36 3,63 45,00 14.037,00 6098
781 466,07 3,36 3,63 45,00 14.055,00 6102
782 466,07 3,36 3,63 45,00 14.073,00 6107
783 466,07 3,36 3,63 45,00 14.091,00 6110
784 466,07 3,36 3,63 45,00 14.109,00 6111
785 466,07 3,36 3,63 45,00 14.127,00 6111
786 466,07 3,36 3,63 45,00 14.145,00 6111
787 466,07 3,36 3,63 45,00 14.163,00 6111
788 466,07 3,36 3,63 45,00 14.181,00 6111
789 466,07 3,36 3,63 45,00 14.199,00 6111
790 466,07 3,36 3,63 45,00 14.217,00 6111
791 466,07 3,36 3,63 45,00 14.235,00 6111
792 466,07 3,36 3,63 45,00 14.253,00 6111
793 466,07 3,36 3,63 45,00 14.271,00 6111
794 466,07 3,36 3,63 45,00 14.289,00 6111
795 466,07 3,36 3,63 45,00 14.307,00 6111
796 466,07 3,36 3,63 45,00 14.325,00 6111
797 466,07 3,36 3,63 45,00 14.343,00 6111
798 466,07 3,36 3,63 45,00 14.361,00 6111
799 466,07 3,36 3,63 45,00 14.379,00 6111
800 466,07 3,36 3,63 45,00 14.397,00 6111
801 466,07 3,36 3,63 45,00 14.415,00 6111
802 466,07 3,36 3,63 45,00 14.433,00 6111
803 466,07 3,36 3,63 45,00 14.451,00 6111
804 466,07 1,45 1,57 45,00 14.469,00 6111
805 466,07 1,45 1,57 45,00 14.487,00 6111
806 466,07 1,45 1,57 45,00 14.505,00 6111
807 466,07 1,45 1,57 45,00 14.523,00 6111
808 466,07 1,45 1,57 45,00 14.541,00 6111
809 466,07 1,45 1,57 45,00 14.559,00 6111
810 466,07 1,44 1,56 89,00 14.577,00 6111
811 466,07 1,44 1,56 89,00 14.595,00 6120
812 466,07 1,44 1,56 89,00 14.613,00 6122
813 466,07 2,84 3,07 89,00 14.631,00 6123
814 466,07 2,84 3,07 89,00 14.649,00 6123
815 466,07 2,84 3,07 89,00 14.667,00 6123
816 466,07 2,84 3,07 89,00 14.685,00 6123
817 466,07 2,84 3,07 89,00 14.703,00 6123
818 466,07 2,84 3,07 89,00 14.721,00 6123
819 466,07 2,84 3,07 89,00 14.739,00 6123
820 466,07 2,84 3,07 89,00 14.757,00 6123
821 466,07 2,84 3,07 89,00 14.775,00 6123
822 466,07 2,84 3,07 89,00 14.793,00 6123
823 466,07 2,84 3,07 89,00 14.811,00 6123
824 466,07 2,84 3,07 89,00 14.829,00 6123
825 466,07 2,84 3,07 89,00 14.847,00 6123
826 466,07 2,79 3,02 89,00 14.865,00 6123
827 466,07 2,79 3,02 89,00 14.883,00 6123
828 466,07 2,79 3,02 89,00 14.901,00 6123
829 466,07 2,79 3,02 89,00 14.919,00 6123
830 466,07 2,79 3,02 89,00 14.937,00 6123
831 466,07 2,77 3,00 89,00 14.955,00 6123
832 466,07 2,77 3,00 89,00 14.973,00 6123
833 466,07 2,77 3,00 89,00 14.991,00 6123
834 466,07 2,77 3,00 89,00 15.009,00 6123
835 466,07 2,77 3,00 89,00 15.027,00 6123
836 466,07 2,77 3,00 89,00 15.045,00 6123
837 466,07 2,75 2,98 89,00 15.063,00 6123
838 466,07 2,75 2,98 89,00 15.081,00 6123
839 466,07 2,75 2,98 89,00 15.099,00 6123
840 466,07 2,75 2,98 54,00 15.117,00 6123
841 466,07 1,66 1,80 54,00 15.135,00 6130
842 466,07 1,66 1,80 54,00 15.153,00 6130
843 466,07 1,66 1,80 54,00 15.171,00 6130
844 466,07 1,66 1,80 54,00 15.189,00 6130
845 466,07 1,66 1,80 54,00 15.207,00 6130
846 466,07 1,66 1,80 54,00 15.225,00 6130
847 466,07 1,66 1,80 54,00 15.243,00 6130
848 466,07 1,66 1,80 54,00 15.261,00 6130
849 466,07 1,66 1,80 54,00 15.279,00 6130
850 466,07 1,66 1,80 54,00 15.297,00 6130
851 466,07 1,66 1,80 54,00 15.315,00 6130
852 466,07 1,66 1,80 54,00 15.333,00 6130
853 466,07 1,66 1,80 54,00 15.351,00 6130
854 466,07 1,66 1,80 54,00 15.369,00 6130
855 466,07 1,66 1,80 54,00 15.387,00 6130
856 466,07 1,66 1,80 54,00 15.405,00 6130
857 466,07 1,66 1,80 54,00 15.423,00 6130
858 466,07 1,66 1,80 54,00 15.441,00 6130
859 466,07 1,66 1,80 54,00 15.459,00 6130
860 466,07 1,66 1,80 54,00 15.477,00 6130
861 466,07 1,66 1,80 54,00 15.495,00 6130
862 466,07 1,66 1,80 54,00 15.513,00 6130
863 466,07 1,66 1,80 54,00 15.531,00 6130
864 466,07 1,66 1,80 54,00 15.549,00 6130
865 466,07 1,66 1,80 54,00 15.567,00 6130
866 466,07 1,66 1,80 54,00 15.585,00 6130
867 466,07 1,66 1,80 54,00 15.603,00 6130
868 466,07 1,66 1,80 54,00 15.621,00 6130
869 466,07 1,61 1,74 54,00 15.639,00 6130
870 466,07 1,61 1,74 90,00 15.657,00 6130
871 466,07 1,61 1,74 90,00 15.675,00 6139
872 466,07 1,61 1,74 90,00 15.693,00 6142
873 466,07 2,67 2,89 90,00 15.711,00 6144
874 466,07 2,67 2,89 90,00 15.729,00 6144
875 466,07 2,67 2,89 90,00 15.747,00 6152
876 466,07 2,67 2,89 90,00 15.765,00 6155
877 466,07 2,67 2,89 90,00 15.783,00 6156
878 466,07 2,67 2,89 90,00 15.801,00 6156
879 466,07 2,67 2,89 90,00 15.819,00 6156
880 466,07 2,67 2,89 90,00 15.837,00 6156
881 466,07 2,67 2,89 90,00 15.855,00 6156
882 466,07 2,67 2,89 90,00 15.873,00 6156
883 466,07 2,67 2,89 90,00 15.891,00 6156
884 466,07 2,67 2,89 90,00 15.909,00 6156
885 466,07 2,67 2,89 90,00 15.927,00 6156
886 466,07 2,67 2,89 90,00 15.945,00 6156
887 466,07 2,63 2,85 90,00 15.963,00 6156
888 466,07 2,63 2,85 90,00 15.981,00 6156
889 466,07 2,63 2,85 90,00 15.999,00 6156
890 466,07 2,63 2,85 90,00 16.017,00 6156
891 466,07 2,63 2,85 90,00 16.035,00 6156
892 466,07 2,63 2,85 90,00 16.053,00 6156
893 466,07 2,63 2,85 90,00 16.071,00 6156
894 466,07 2,63 2,85 90,00 16.089,00 6156
895 466,07 2,63 2,85 90,00 16.107,00 6156
896 466,07 2,63 2,85 90,00 16.125,00 6156
897 466,07 2,63 2,85 90,00 16.143,00 6156
898 466,07 2,63 2,85 90,00 16.161,00 6156
899 466,07 2,63 2,85 90,00 16.179,00 6156
900 466,07 2,63 2,85 38,00 16.197,00 6156
901 466,07 2,63 2,85 38,00 16.215,00 6161
902 466,07 2,63 2,85 38,00 16.233,00 6162
903 466,07 2,63 2,85 38,00 16.251,00 6163
904 466,07 2,63 2,85 38,00 16.269,00 6163
905 466,07 2,63 2,85 38,00 16.287,00 6164
906 466,07 2,63 2,85 38,00 16.305,00 6165
907 466,07 2,63 2,85 38,00 16.323,00 6165
908 466,07 2,63 2,85 38,00 16.341,00 6165
909 466,07 2,63 2,85 38,00 16.359,00 6165
910 466,07 2,63 2,85 38,00 16.377,00 6165
911 466,07 2,63 2,85 38,00 16.395,00 6165
912 466,07 2,63 2,85 38,00 16.413,00 6165
913 466,07 2,63 2,85 38,00 16.431,00 6165
914 466,07 2,63 2,85 38,00 16.449,00 6165
915 466,07 1,08 1,16 38,00 16.467,00 6165
916 466,07 1,07 1,16 38,00 16.485,00 6165
917 466,07 1,07 1,16 38,00 16.503,00 6165
918 466,07 1,07 1,16 38,00 16.521,00 6165
919 466,07 1,07 1,16 38,00 16.539,00 6165
920 466,07 1,07 1,16 38,00 16.557,00 6165
921 466,07 1,07 1,16 38,00 16.575,00 6165
922 466,07 1,07 1,16 38,00 16.593,00 6165
923 466,07 1,07 1,16 38,00 16.611,00 6165
924 466,07 1,07 1,15 38,00 16.629,00 6165
925 466,07 1,06 1,15 38,00 16.647,00 6165
926 466,07 1,06 1,15 38,00 16.665,00 6165
927 466,07 1,06 1,15 38,00 16.683,00 6165
928 466,07 1,06 1,15 38,00 16.701,00 6165
929 466,07 1,06 1,15 38,00 16.719,00 6165
930 466,07 1,06 1,15 94,00 16.737,00 6165
931 466,07 1,06 1,15 94,00 16.755,00 6173
932 466,07 1,06 1,15 94,00 16.773,00 6176
933 466,07 1,06 1,15 94,00 16.791,00 6176
934 466,07 1,06 1,15 94,00 16.809,00 6176
935 466,07 1,06 1,15 94,00 16.827,00 6176
936 466,07 1,06 1,15 94,00 16.845,00 6177
937 466,07 1,06 1,15 94,00 16.863,00 6177
938 466,07 1,06 1,15 94,00 16.881,00 6177
939 466,07 1,06 1,15 94,00 16.899,00 6177
940 466,07 1,06 1,15 94,00 16.917,00 6177
941 466,07 2,59 2,80 94,00 16.935,00 6177
942 466,07 2,59 2,80 94,00 16.953,00 6177
943 466,07 2,59 2,80 94,00 16.971,00 6177
944 466,07 2,59 2,80 94,00 16.989,00 6177
945 466,07 2,59 2,80 94,00 17.007,00 6177
946 466,07 2,59 2,80 94,00 17.025,00 6177
947 466,07 2,59 2,80 94,00 17.043,00 6177
948 466,07 2,59 2,80 94,00 17.061,00 6177
949 466,07 2,59 2,80 94,00 17.079,00 6177
950 466,07 2,59 2,80 94,00 17.097,00 6177
951 466,07 2,59 2,80 94,00 17.115,00 6177
952 466,07 2,59 2,80 94,00 17.133,00 6177
953 466,07 2,59 2,80 94,00 17.151,00 6177
954 466,07 2,59 2,80 94,00 17.169,00 6177
955 466,07 2,59 2,80 94,00 17.187,00 6177
956 466,07 2,59 2,80 94,00 17.205,00 6177
957 466,07 2,59 2,80 94,00 17.223,00 6177
958 466,07 2,59 2,80 94,00 17.241,00 6177
959 466,07 2,59 2,80 94,00 17.259,00 6177
960 466,07 2,59 2,80 48,00 17.277,00 6177
961 466,07 2,59 2,80 48,00 17.295,00 6179
962 466,07 2,59 2,80 48,00 17.313,00 6180
963 466,07 2,59 2,80 48,00 17.331,00 6180
964 466,07 1,29 1,40 48,00 17.349,00 6180
965 466,07 1,29 1,40 48,00 17.367,00 6181
966 466,07 1,29 1,40 48,00 17.385,00 6181
967 466,07 1,29 1,40 48,00 17.403,00 6181
968 466,07 1,29 1,40 48,00 17.421,00 6181
969 466,07 1,29 1,40 48,00 17.439,00 6181
970 466,07 1,29 1,40 48,00 17.457,00 6181
971 466,07 1,29 1,40 48,00 17.475,00 6181
972 466,07 1,29 1,40 48,00 17.493,00 6181
973 466,07 1,29 1,40 48,00 17.511,00 6181
974 466,07 1,29 1,40 48,00 17.529,00 6181
975 466,07 1,27 1,38 48,00 17.547,00 6181
976 466,07 1,27 1,38 48,00 17.565,00 6181
977 466,07 1,27 1,38 48,00 17.583,00 6181
978 466,07 1,27 1,38 48,00 17.601,00 6181
979 466,07 1,27 1,38 48,00 17.619,00 6181
980 466,07 1,27 1,38 48,00 17.637,00 6181
981 466,07 1,27 1,38 48,00 17.655,00 6181
982 466,07 1,27 1,37 48,00 17.673,00 6181
983 466,07 1,27 1,37 48,00 17.691,00 6181
984 466,07 1,27 1,37 48,00 17.709,00 6181
985 466,07 1,27 1,37 48,00 17.727,00 6181
986 466,07 1,26 1,37 48,00 17.745,00 6181
987 466,07 1,26 1,37 48,00 17.763,00 6181
988 466,07 1,26 1,37 48,00 17.781,00 6181
989 466,07 1,26 1,37 48,00 17.799,00 6181
990 466,07 1,26 1,37 90,00 17.817,00 6181
991 466,07 1,26 1,37 90,00 17.835,00 6187
992 466,07 1,26 1,37 90,00 17.853,00 6189
993 466,07 1,26 1,37 90,00 17.871,00 6189
994 466,07 1,26 1,37 90,00 17.889,00 6189
995 466,07 1,26 1,37 90,00 17.907,00 6189
996 466,07 1,26 1,37 90,00 17.925,00 6189
997 466,07 1,26 1,37 90,00 17.943,00 6189
998 466,07 1,26 1,37 90,00 17.961,00 6189
999 466,07 2,33 2,53 90,00 17.979,00 6189
