1000
0 484,51 484,51 484,51 1,00 2,00 0
1 484,51 484,51 484,51 1,00 16,00 1235
2 484,51 34,61 24,20 1,00 29,00 1774
3 484,51 34,61 27,08 1,00 44,00 1865
4 484,51 34,61 26,89 1,00 59,00 1875
5 484,51 34,61 26,85 1,00 74,00 1879
6 484,51 34,61 26,92 1,00 89,00 1881
7 484,51 34,61 26,95 1,00 104,00 1881
8 484,51 34,61 26,95 1,00 119,00 1881
9 484,51 3,62 2,82 1,00 134,00 1881
10 484,51 3,62 2,82 1,00 149,00 1881
11 484,51 3,62 2,82 1,00 164,00 1881
12 484,51 3,62 2,82 1,00 179,00 1881
13 484,51 3,62 2,82 1,00 194,00 1881
14 484,51 3,62 2,82 1,00 209,00 1881
15 484,51 3,62 2,82 1,00 224,00 1881
16 484,51 3,62 2,82 1,00 239,00 1881
17 484,51 3,62 2,82 1,00 254,00 1881
18 484,51 1,80 1,40 1,00 269,00 1881
19 484,51 1,80 1,40 1,00 284,00 1881
20 484,51 1,80 1,40 1,00 299,00 1881
21 484,51 1,80 1,40 1,00 314,00 1881
22 484,51 1,47 1,15 1,00 329,00 1881
23 484,51 1,47 1,15 1,00 344,00 1881
24 484,51 1,47 1,15 1,00 359,00 1881
25 484,51 1,47 1,15 1,00 374,00 1881
26 484,51 1,47 1,15 1,00 389,00 1881
27 484,51 1,47 1,15 1,00 404,00 1881
28 484,51 1,47 1,15 1,00 419,00 1881
29 484,51 1,47 1,15 1,00 434,00 1881
30 484,51 1,47 1,15 99,00 449,00 1881
31 484,51 111,55 86,88 99,00 445,00 2704
32 484,51 116,14 72,28 99,00 428,00 3431
33 484,51 113,40 79,57 99,00 423,00 3821
34 484,51 118,14 84,68 99,00 421,00 4072
35 484,51 113,40 90,30 99,00 423,00 4286
36 484,51 116,14 91,18 99,00 428,00 4405
37 484,51 114,21 89,48 99,00 435,00 4558
38 484,51 111,81 90,66 99,00 444,00 4625
39 484,51 108,52 87,11 99,00 457,00 4666
40 484,51 105,65 83,77 99,00 469,00 4711
41 484,51 102,93 83,22 99,00 481,00 4762
42 484,51 100,35 82,38 99,00 493,00 4795
43 484,51 97,69 77,99 99,00 506,00 4831
44 484,51 95,17 78,29 99,00 519,00 4863
45 484,51 95,17 78,48 99,00 534,00 4893
46 484,51 95,17 78,10 99,00 549,00 4918
47 484,51 95,17 78,10 99,00 564,00 4938
48 484,51 95,17 78,10 99,00 579,00 4953
49 484,51 95,17 78,10 99,00 594,00 4969
50 484,51 95,17 78,10 99,00 609,00 4978
51 484,51 95,17 78,10 99,00 624,00 4991
52 484,51 95,17 78,10 99,00 639,00 5006
53 484,51 95,17 78,09 99,00 654,00 5016
54 484,51 95,17 78,09 99,00 669,00 5027
55 484,51 95,17 78,09 99,00 684,00 5033
56 484,51 95,17 78,09 99,00 699,00 5043
57 484,51 95,17 78,09 99,00 714,00 5047
58 484,51 95,17 78,09 99,00 729,00 5055
59 484,51 95,17 78,08 99,00 744,00 5061
60 484,51 95,17 78,08 1,00 759,00 5068
61 484,51 95,17 78,08 1,00 774,00 5076
62 484,51 95,17 78,09 1,00 789,00 5097
63 484,51 95,17 78,09 1,00 804,00 5110
64 484,51 95,17 78,09 1,00 819,00 5114
65 484,51 95,17 78,09 1,00 834,00 5115
66 484,51 95,17 78,07 1,00 849,00 5118
67 484,51 95,17 78,08 1,00 864,00 5123
68 484,51 95,17 78,09 1,00 879,00 5124
69 484,51 95,17 78,09 1,00 894,00 5125
70 484,51 0,53 0,44 1,00 909,00 5125
71 484,51 0,53 0,44 1,00 924,00 5125
72 484,51 0,53 0,44 1,00 939,00 5125
73 484,51 0,51 0,42 1,00 954,00 5125
74 484,51 0,51 0,42 1,00 969,00 5126
75 484,51 0,49 0,40 1,00 984,00 5126
76 484,51 0,49 0,40 1,00 999,00 5126
77 484,51 0,49 0,40 1,00 1.014,00 5126
78 484,51 0,49 0,40 1,00 1.029,00 5127
79 484,51 0,49 0,40 1,00 1.044,00 5128
80 484,51 0,49 0,40 1,00 1.059,00 5128
81 484,51 0,49 0,40 1,00 1.074,00 5128
82 484,51 0,49 0,40 1,00 1.089,00 5128
83 484,51 0,49 0,40 1,00 1.104,00 5128
84 484,51 0,49 0,40 1,00 1.119,00 5128
85 484,51 0,49 0,40 1,00 1.134,00 5128
86 484,51 0,49 0,40 1,00 1.149,00 5128
87 484,51 0,49 0,40 1,00 1.164,00 5128
88 484,51 0,49 0,40 1,00 1.179,00 5129
89 484,51 0,49 0,40 1,00 1.194,00 5133
90 484,51 0,49 0,40 99,00 1.209,00 5133
91 484,51 39,71 32,58 99,00 1.223,00 5240
92 484,51 39,71 32,58 99,00 1.238,00 5280
93 484,51 39,71 32,58 99,00 1.253,00 5298
94 484,51 39,71 32,58 99,00 1.268,00 5308
95 484,51 39,71 32,58 99,00 1.283,00 5318
96 484,51 39,71 32,58 99,00 1.298,00 5327
97 484,51 39,71 32,58 99,00 1.313,00 5336
98 484,51 39,71 32,58 99,00 1.328,00 5340
99 484,51 39,71 32,58 99,00 1.343,00 5347
100 484,51 39,71 32,58 99,00 1.358,00 5351
101 484,51 39,71 32,58 99,00 1.373,00 5353
102 484,51 39,71 32,58 99,00 1.388,00 5354
103 484,51 34,19 28,05 99,00 1.403,00 5357
104 484,51 34,19 28,05 99,00 1.418,00 5357
105 484,51 34,19 28,05 99,00 1.433,00 5357
106 484,51 34,19 28,05 99,00 1.448,00 5357
107 484,51 34,19 28,05 99,00 1.463,00 5357
108 484,51 34,19 28,05 99,00 1.478,00 5357
109 484,51 34,19 28,05 99,00 1.493,00 5359
110 484,51 34,19 28,05 99,00 1.508,00 5359
111 484,51 34,19 28,05 99,00 1.523,00 5360
112 484,51 34,19 28,05 99,00 1.538,00 5362
113 484,51 34,19 28,05 99,00 1.553,00 5364
114 484,51 34,19 28,05 99,00 1.568,00 5366
115 484,51 34,19 28,05 99,00 1.583,00 5366
116 484,51 34,19 28,05 99,00 1.598,00 5366
117 484,51 34,19 28,05 99,00 1.613,00 5366
118 484,51 34,19 28,05 99,00 1.628,00 5367
119 484,51 34,19 28,05 99,00 1.643,00 5368
120 484,51 34,19 28,05 1,00 1.658,00 5368
121 484,51 34,19 28,05 1,00 1.673,00 5378
122 484,51 34,19 28,05 1,00 1.688,00 5387
123 484,51 34,19 28,05 1,00 1.703,00 5391
124 484,51 34,19 28,05 1,00 1.718,00 5392
125 484,51 34,19 28,05 1,00 1.733,00 5392
126 484,51 34,19 28,05 1,00 1.748,00 5392
127 484,51 34,19 28,05 1,00 1.763,00 5392
128 484,51 34,19 28,05 1,00 1.778,00 5392
129 484,51 34,19 28,05 1,00 1.793,00 5392
130 484,51 34,19 28,05 1,00 1.808,00 5392
131 484,51 34,19 28,05 1,00 1.823,00 5392
132 484,51 34,19 28,05 1,00 1.838,00 5392
133 484,51 34,19 28,05 1,00 1.853,00 5392
134 484,51 34,19 28,05 1,00 1.868,00 5392
135 484,51 34,19 28,05 1,00 1.883,00 5392
136 484,51 34,19 28,05 1,00 1.898,00 5392
137 484,51 34,19 28,05 1,00 1.913,00 5392
138 484,51 34,19 28,05 1,00 1.928,00 5392
139 484,51 34,19 28,05 1,00 1.943,00 5392
140 484,51 34,19 28,05 1,00 1.958,00 5397
141 484,51 34,19 28,05 1,00 1.973,00 5398
142 484,51 34,19 28,05 1,00 1.988,00 5398
143 484,51 0,24 0,20 1,00 2.003,00 5398
144 484,51 0,24 0,20 1,00 2.018,00 5398
145 484,51 0,24 0,20 1,00 2.033,00 5398
146 484,51 0,24 0,20 1,00 2.048,00 5398
147 484,51 0,24 0,20 1,00 2.063,00 5398
148 484,51 0,24 0,20 1,00 2.078,00 5398
149 484,51 0,23 0,19 1,00 2.093,00 5398
150 484,51 0,23 0,19 99,00 2.108,00 5398
151 484,51 22,77 18,68 99,00 2.122,00 5443
152 484,51 22,77 18,68 99,00 2.137,00 5461
153 484,51 22,77 18,68 99,00 2.152,00 5469
154 484,51 22,77 18,68 99,00 2.167,00 5476
155 484,51 22,77 18,68 99,00 2.182,00 5480
156 484,51 22,77 18,68 99,00 2.197,00 5482
157 484,51 21,68 17,79 99,00 2.212,00 5482
158 484,51 21,68 17,79 99,00 2.227,00 5492
159 484,51 21,68 17,79 99,00 2.242,00 5501
160 484,51 21,68 17,79 99,00 2.257,00 5510
161 484,51 21,68 17,79 99,00 2.272,00 5520
162 484,51 20,97 17,21 99,00 2.287,00 5532
163 484,51 20,97 17,21 99,00 2.302,00 5544
164 484,51 20,97 17,21 99,00 2.317,00 5553
165 484,51 20,97 17,21 99,00 2.332,00 5560
166 484,51 20,97 17,21 99,00 2.347,00 5566
167 484,51 20,97 17,21 99,00 2.362,00 5570
168 484,51 20,97 17,21 99,00 2.377,00 5573
169 484,51 20,97 17,21 99,00 2.392,00 5575
170 484,51 20,97 17,21 99,00 2.407,00 5576
171 484,51 20,97 17,21 99,00 2.422,00 5577
172 484,51 20,97 17,21 99,00 2.437,00 5578
173 484,51 20,97 17,21 99,00 2.452,00 5579
174 484,51 19,44 15,95 99,00 2.467,00 5580
175 484,51 19,44 15,95 99,00 2.482,00 5582
176 484,51 19,44 15,95 99,00 2.497,00 5583
177 484,51 19,44 15,95 99,00 2.512,00 5584
178 484,51 19,44 15,95 99,00 2.527,00 5587
179 484,51 19,44 15,95 99,00 2.542,00 5589
180 484,51 19,44 15,95 1,00 2.557,00 5591
181 484,51 19,44 15,95 1,00 2.572,00 5600
182 484,51 19,44 15,95 1,00 2.587,00 5601
183 484,51 19,44 15,95 1,00 2.602,00 5602
184 484,51 19,44 15,95 1,00 2.617,00 5602
185 484,51 19,44 15,95 1,00 2.632,00 5602
186 484,51 19,44 15,95 1,00 2.647,00 5602
187 484,51 19,44 15,95 1,00 2.662,00 5602
188 484,51 19,44 15,95 1,00 2.677,00 5602
189 484,51 19,44 15,95 1,00 2.692,00 5602
190 484,51 19,44 15,95 1,00 2.707,00 5602
191 484,51 19,44 15,95 1,00 2.722,00 5604
192 484,51 19,44 15,95 1,00 2.737,00 5606
193 484,51 19,44 15,95 1,00 2.752,00 5607
194 484,51 19,44 15,95 1,00 2.767,00 5611
195 484,51 19,44 15,95 1,00 2.782,00 5613
196 484,51 19,44 15,95 1,00 2.797,00 5613
197 484,51 0,17 0,14 1,00 2.812,00 5613
198 484,51 0,17 0,14 1,00 2.827,00 5613
199 484,51 0,17 0,14 1,00 2.842,00 5613
200 484,51 0,17 0,14 1,00 2.857,00 5613
201 484,51 0,17 0,14 1,00 2.872,00 5613
202 484,51 0,17 0,14 1,00 2.887,00 5613
203 484,51 0,17 0,14 1,00 2.902,00 5613
204 484,51 0,17 0,14 1,00 2.917,00 5613
205 484,51 0,17 0,14 1,00 2.932,00 5613
206 484,51 0,17 0,14 1,00 2.947,00 5613
207 484,51 0,17 0,14 1,00 2.962,00 5613
208 484,51 0,17 0,14 1,00 2.977,00 5614
209 484,51 0,16 0,13 1,00 2.991,00 5616
210 484,51 0,16 0,13 99,00 3.006,00 5616
211 484,51 15,96 13,10 99,00 3.020,00 5655
212 484,51 15,96 13,10 99,00 3.035,00 5665
213 484,51 15,96 13,10 99,00 3.050,00 5671
214 484,51 15,96 13,10 99,00 3.065,00 5671
215 484,51 15,96 13,10 99,00 3.080,00 5671
216 484,51 15,96 13,10 99,00 3.095,00 5671
217 484,51 15,96 13,10 99,00 3.110,00 5671
218 484,51 15,96 13,10 99,00 3.125,00 5671
219 484,51 15,96 13,10 99,00 3.140,00 5671
220 484,51 15,96 13,10 99,00 3.155,00 5671
221 484,51 15,96 13,10 99,00 3.170,00 5671
222 484,51 15,96 13,10 99,00 3.185,00 5671
223 484,51 15,96 13,10 99,00 3.200,00 5671
224 484,51 15,96 13,10 99,00 3.215,00 5671
225 484,51 15,96 13,10 99,00 3.230,00 5671
226 484,51 15,96 13,10 99,00 3.245,00 5671
227 484,51 14,71 12,07 99,00 3.260,00 5671
228 484,51 14,71 12,07 99,00 3.275,00 5671
229 484,51 14,71 12,07 99,00 3.290,00 5671
230 484,51 14,71 12,07 99,00 3.305,00 5671
231 484,51 14,45 11,86 99,00 3.320,00 5671
232 484,51 14,45 11,86 99,00 3.335,00 5671
233 484,51 14,45 11,86 99,00 3.350,00 5671
234 484,51 14,45 11,86 99,00 3.365,00 5671
235 484,51 14,45 11,86 99,00 3.380,00 5671
236 484,51 14,13 11,59 99,00 3.395,00 5671
237 484,51 14,07 11,54 99,00 3.410,00 5671
238 484,51 14,07 11,54 99,00 3.425,00 5671
239 484,51 14,07 11,54 99,00 3.440,00 5671
240 484,51 14,07 11,54 5,00 3.455,00 5671
241 484,51 14,07 11,54 5,00 3.470,00 5686
242 484,51 14,07 11,54 5,00 3.485,00 5686
243 484,51 14,07 11,54 5,00 3.500,00 5687
244 484,51 14,07 11,54 5,00 3.515,00 5688
245 484,51 14,07 11,54 5,00 3.530,00 5688
246 484,51 14,07 11,54 5,00 3.545,00 5688
247 484,51 14,07 11,54 5,00 3.560,00 5688
248 484,51 14,07 11,54 5,00 3.575,00 5688
249 484,51 14,07 11,54 5,00 3.590,00 5691
250 484,51 14,07 11,54 5,00 3.605,00 5693
251 484,51 14,07 11,54 5,00 3.620,00 5693
252 484,51 14,07 11,54 5,00 3.635,00 5693
253 484,51 14,07 11,54 5,00 3.650,00 5694
254 484,51 14,07 11,54 5,00 3.665,00 5694
255 484,51 14,07 11,54 5,00 3.680,00 5694
256 484,51 14,07 11,54 5,00 3.695,00 5694
257 484,51 14,07 11,54 5,00 3.710,00 5694
258 484,51 14,07 11,54 5,00 3.725,00 5694
259 484,51 14,07 11,54 5,00 3.740,00 5694
260 484,51 14,07 11,54 5,00 3.755,00 5694
261 484,51 14,07 11,54 5,00 3.770,00 5694
262 484,51 14,07 11,54 5,00 3.785,00 5694
263 484,51 14,07 11,54 5,00 3.800,00 5694
264 484,51 0,64 0,52 5,00 3.815,00 5694
265 484,51 0,64 0,52 5,00 3.830,00 5694
266 484,51 0,64 0,52 5,00 3.845,00 5694
267 484,51 0,64 0,52 5,00 3.860,00 5694
268 484,51 0,64 0,52 5,00 3.875,00 5694
269 484,51 0,64 0,52 5,00 3.890,00 5694
270 484,51 0,64 0,52 99,00 3.905,00 5694
271 484,51 0,64 0,52 99,00 3.920,00 5724
272 484,51 0,64 0,52 99,00 3.935,00 5736
273 484,51 0,64 0,52 99,00 3.950,00 5742
274 484,51 0,64 0,52 99,00 3.965,00 5742
275 484,51 0,64 0,52 99,00 3.980,00 5742
276 484,51 0,64 0,52 99,00 3.995,00 5742
277 484,51 0,64 0,52 99,00 4.010,00 5742
278 484,51 0,64 0,52 99,00 4.025,00 5742
279 484,51 0,64 0,52 99,00 4.040,00 5742
280 484,51 0,64 0,52 99,00 4.055,00 5742
281 484,51 0,64 0,52 99,00 4.070,00 5742
282 484,51 0,64 0,52 99,00 4.085,00 5742
283 484,51 0,64 0,52 99,00 4.100,00 5742
284 484,51 0,64 0,52 99,00 4.115,00 5742
285 484,51 0,64 0,52 99,00 4.130,00 5742
286 484,51 0,64 0,52 99,00 4.145,00 5742
287 484,51 0,64 0,52 99,00 4.160,00 5742
288 484,51 0,64 0,52 99,00 4.175,00 5742
289 484,51 0,64 0,52 99,00 4.190,00 5742
290 484,51 0,64 0,52 99,00 4.205,00 5742
291 484,51 0,64 0,52 99,00 4.220,00 5742
292 484,51 0,64 0,52 99,00 4.235,00 5742
293 484,51 0,64 0,52 99,00 4.250,00 5742
294 484,51 0,64 0,52 99,00 4.265,00 5742
295 484,51 0,64 0,52 99,00 4.280,00 5742
296 484,51 0,64 0,52 99,00 4.295,00 5742
297 484,51 0,64 0,52 99,00 4.310,00 5742
298 484,51 0,64 0,52 99,00 4.325,00 5742
299 484,51 0,64 0,52 99,00 4.340,00 5742
300 484,51 0,64 0,52 191,00 4.355,00 5742
301 484,51 0,64 0,52 191,00 4.370,00 5752
302 484,51 0,64 0,52 191,00 4.385,00 5752
303 484,51 0,64 0,52 191,00 4.400,00 5752
304 484,51 0,64 0,52 191,00 4.415,00 5752
305 484,51 20,89 17,14 191,00 4.430,00 5752
306 484,51 20,89 17,14 191,00 4.445,00 5762
307 484,51 20,89 17,14 191,00 4.460,00 5773
308 484,51 20,89 17,14 191,00 4.475,00 5778
309 484,51 20,89 17,14 191,00 4.490,00 5780
310 484,51 20,89 17,14 191,00 4.505,00 5780
311 484,51 20,89 17,14 191,00 4.520,00 5780
312 484,51 20,41 16,74 191,00 4.535,00 5780
313 484,51 20,41 16,74 191,00 4.550,00 5782
314 484,51 20,27 16,63 191,00 4.565,00 5783
315 484,51 20,27 16,63 191,00 4.580,00 5783
316 484,51 20,14 16,53 191,00 4.595,00 5783
317 484,51 20,14 16,53 191,00 4.610,00 5783
318 484,51 20,14 16,53 191,00 4.625,00 5783
319 484,51 20,14 16,53 191,00 4.640,00 5783
320 484,51 20,14 16,53 191,00 4.655,00 5783
321 484,51 20,14 16,53 191,00 4.670,00 5783
322 484,51 20,14 16,53 191,00 4.685,00 5783
323 484,51 20,14 16,53 191,00 4.700,00 5783
324 484,51 20,14 16,53 191,00 4.715,00 5783
325 484,51 20,14 16,53 191,00 4.730,00 5783
326 484,51 19,50 16,00 191,00 4.745,00 5783
327 484,51 19,50 16,00 191,00 4.760,00 5783
328 484,51 19,50 16,00 191,00 4.775,00 5783
329 484,51 19,50 16,00 191,00 4.790,00 5783
330 484,51 19,50 16,00 91,00 4.805,00 5783
331 484,51 19,50 16,00 91,00 4.820,00 5809
332 484,51 19,50 16,00 91,00 4.835,00 5815
333 484,51 9,09 7,46 91,00 4.850,00 5818
334 484,51 9,06 7,44 91,00 4.865,00 5819
335 484,51 9,06 7,44 91,00 4.880,00 5820
336 484,51 9,06 7,44 91,00 4.895,00 5820
337 484,51 9,06 7,44 91,00 4.910,00 5820
338 484,51 9,06 7,44 91,00 4.925,00 5820
339 484,51 9,06 7,44 91,00 4.940,00 5820
340 484,51 9,06 7,44 91,00 4.955,00 5820
341 484,51 9,06 7,44 91,00 4.970,00 5820
342 484,51 9,06 7,44 91,00 4.985,00 5820
343 484,51 9,06 7,44 91,00 5.000,00 5820
344 484,51 9,06 7,44 91,00 5.015,00 5820
345 484,51 9,06 7,44 91,00 5.030,00 5820
346 484,51 9,06 7,44 91,00 5.045,00 5820
347 484,51 9,06 7,44 91,00 5.060,00 5820
348 484,51 9,06 7,44 91,00 5.075,00 5820
349 484,51 9,06 7,44 91,00 5.090,00 5820
350 484,51 9,06 7,44 91,00 5.105,00 5820
351 484,51 9,06 7,44 91,00 5.120,00 5820
352 484,51 8,59 7,05 91,00 5.135,00 5820
353 484,51 8,59 7,05 91,00 5.150,00 5820
354 484,51 8,59 7,05 91,00 5.165,00 5820
355 484,51 8,59 7,05 91,00 5.180,00 5820
356 484,51 8,59 7,05 91,00 5.195,00 5820
357 484,51 8,59 7,05 91,00 5.210,00 5820
358 484,51 8,59 7,05 91,00 5.225,00 5820
359 484,51 8,59 7,05 91,00 5.240,00 5820
360 484,51 8,59 7,05 9,00 5.255,00 5820
361 484,51 8,59 7,05 9,00 5.270,00 5827
362 484,51 8,59 7,05 9,00 5.285,00 5827
363 484,51 0,82 0,68 9,00 5.300,00 5827
364 484,51 0,82 0,68 9,00 5.315,00 5827
365 484,51 0,82 0,68 9,00 5.330,00 5827
366 484,51 0,82 0,68 9,00 5.345,00 5827
367 484,51 0,81 0,67 9,00 5.360,00 5827
368 484,51 0,81 0,67 9,00 5.375,00 5827
369 484,51 0,81 0,67 9,00 5.390,00 5827
370 484,51 0,81 0,67 9,00 5.405,00 5827
371 484,51 0,81 0,67 9,00 5.420,00 5827
372 484,51 0,81 0,67 9,00 5.435,00 5827
373 484,51 0,81 0,67 9,00 5.450,00 5827
374 484,51 0,81 0,67 9,00 5.465,00 5827
375 484,51 0,81 0,67 9,00 5.480,00 5827
376 484,51 0,81 0,67 9,00 5.495,00 5827
377 484,51 0,81 0,67 9,00 5.510,00 5827
378 484,51 0,81 0,67 9,00 5.525,00 5827
379 484,51 0,81 0,67 9,00 5.540,00 5827
380 484,51 0,81 0,67 9,00 5.555,00 5827
381 484,51 0,81 0,67 9,00 5.570,00 5827
382 484,51 0,81 0,67 9,00 5.585,00 5827
383 484,51 0,81 0,67 9,00 5.600,00 5833
384 484,51 0,81 0,67 9,00 5.615,00 5833
385 484,51 0,81 0,67 9,00 5.630,00 5833
386 484,51 0,81 0,67 9,00 5.645,00 5833
387 484,51 0,81 0,67 9,00 5.660,00 5833
388 484,51 0,81 0,67 9,00 5.675,00 5833
389 484,51 0,81 0,67 9,00 5.690,00 5833
390 484,51 0,81 0,67 101,00 5.705,00 5833
391 484,51 0,81 0,67 101,00 5.720,00 5854
392 484,51 0,81 0,67 101,00 5.735,00 5858
393 484,51 0,81 0,67 101,00 5.750,00 5861
394 484,51 0,81 0,67 101,00 5.765,00 5861
395 484,51 8,47 6,95 101,00 5.780,00 5861
396 484,51 8,47 6,95 101,00 5.795,00 5861
397 484,51 8,47 6,95 101,00 5.810,00 5861
398 484,51 8,47 6,95 101,00 5.825,00 5861
399 484,51 8,47 6,95 101,00 5.840,00 5861
400 484,51 8,47 6,95 101,00 5.855,00 5861
401 484,51 8,34 6,84 101,00 5.870,00 5865
402 484,51 8,32 6,82 101,00 5.885,00 5866
403 484,51 8,32 6,82 101,00 5.900,00 5866
404 484,51 8,32 6,82 101,00 5.915,00 5866
405 484,51 8,32 6,82 101,00 5.930,00 5866
406 484,51 8,32 6,82 101,00 5.945,00 5866
407 484,51 8,32 6,82 101,00 5.960,00 5866
408 484,51 8,32 6,82 101,00 5.975,00 5866
409 484,51 8,32 6,82 101,00 5.990,00 5866
410 484,51 8,32 6,82 101,00 6.005,00 5866
411 484,51 8,32 6,82 101,00 6.020,00 5866
412 484,51 8,11 6,65 101,00 6.035,00 5866
413 484,51 8,11 6,65 101,00 6.050,00 5866
414 484,51 8,11 6,65 101,00 6.065,00 5866
415 484,51 8,11 6,65 101,00 6.080,00 5866
416 484,51 8,11 6,65 101,00 6.095,00 5866
417 484,51 8,11 6,65 101,00 6.110,00 5866
418 484,51 8,11 6,65 101,00 6.125,00 5866
419 484,51 8,11 6,65 101,00 6.140,00 5866
420 484,51 8,11 6,65 14,00 6.155,00 5866
421 484,51 8,11 6,65 14,00 6.170,00 5875
422 484,51 8,11 6,65 14,00 6.185,00 5878
423 484,51 8,11 6,65 14,00 6.200,00 5879
424 484,51 8,11 6,65 14,00 6.215,00 5879
425 484,51 8,11 6,65 14,00 6.230,00 5879
426 484,51 8,11 6,65 14,00 6.245,00 5879
427 484,51 8,11 6,65 14,00 6.260,00 5879
428 484,51 8,11 6,65 14,00 6.275,00 5880
429 484,51 8,11 6,65 14,00 6.290,00 5880
430 484,51 8,11 6,65 14,00 6.305,00 5880
431 484,51 8,11 6,65 14,00 6.320,00 5880
432 484,51 8,11 6,65 14,00 6.335,00 5880
433 484,51 8,11 6,65 14,00 6.350,00 5880
434 484,51 8,11 6,65 14,00 6.365,00 5880
435 484,51 8,11 6,65 14,00 6.380,00 5880
436 484,51 1,06 0,87 14,00 6.395,00 5880
437 484,51 1,06 0,87 14,00 6.410,00 5880
438 484,51 1,06 0,87 14,00 6.425,00 5880
439 484,51 1,06 0,87 14,00 6.440,00 5880
440 484,51 1,06 0,87 14,00 6.455,00 5880
441 484,51 1,06 0,87 14,00 6.470,00 5880
442 484,51 1,05 0,86 14,00 6.485,00 5880
443 484,51 1,05 0,86 14,00 6.500,00 5880
444 484,51 1,04 0,85 14,00 6.515,00 5880
445 484,51 1,04 0,85 14,00 6.530,00 5880
446 484,51 1,04 0,85 14,00 6.545,00 5880
447 484,51 1,04 0,85 14,00 6.560,00 5880
448 484,51 1,04 0,85 14,00 6.575,00 5880
449 484,51 1,04 0,85 14,00 6.590,00 5880
450 484,51 1,04 0,85 86,00 6.605,00 5880
451 484,51 1,04 0,85 86,00 6.620,00 5901
452 484,51 1,04 0,85 86,00 6.635,00 5908
453 484,51 1,04 0,85 86,00 6.650,00 5908
454 484,51 1,04 0,85 86,00 6.665,00 5908
455 484,51 1,04 0,85 86,00 6.680,00 5908
456 484,51 1,04 0,85 86,00 6.695,00 5909
457 484,51 1,04 0,85 86,00 6.710,00 5909
458 484,51 1,04 0,85 86,00 6.725,00 5909
459 484,51 1,04 0,85 86,00 6.740,00 5909
460 484,51 1,04 0,85 86,00 6.755,00 5909
461 484,51 1,04 0,85 86,00 6.770,00 5909
462 484,51 1,04 0,85 86,00 6.785,00 5909
463 484,51 1,04 0,85 86,00 6.800,00 5909
464 484,51 1,04 0,85 86,00 6.815,00 5909
465 484,51 1,04 0,85 86,00 6.830,00 5909
466 484,51 1,04 0,85 86,00 6.845,00 5909
467 484,51 1,04 0,85 86,00 6.860,00 5909
468 484,51 1,04 0,85 86,00 6.875,00 5909
469 484,51 1,04 0,85 86,00 6.890,00 5909
470 484,51 1,04 0,85 86,00 6.905,00 5909
471 484,51 1,04 0,85 86,00 6.920,00 5909
472 484,51 1,04 0,85 86,00 6.935,00 5909
473 484,51 1,04 0,85 86,00 6.950,00 5909
474 484,51 1,04 0,85 86,00 6.965,00 5909
475 484,51 1,04 0,85 86,00 6.980,00 5909
476 484,51 1,04 0,85 86,00 6.995,00 5909
477 484,51 5,94 4,88 86,00 7.010,00 5909
478 484,51 5,94 4,88 86,00 7.025,00 5909
479 484,51 5,94 4,88 86,00 7.040,00 5909
480 484,51 5,94 4,88 12,00 7.055,00 5909
481 484,51 5,94 4,88 12,00 7.070,00 5915
482 484,51 5,94 4,88 12,00 7.085,00 5916
483 484,51 0,82 0,67 12,00 7.100,00 5916
484 484,51 0,82 0,67 12,00 7.115,00 5916
485 484,51 0,82 0,67 12,00 7.130,00 5916
486 484,51 0,82 0,67 12,00 7.145,00 5916
487 484,51 0,82 0,67 12,00 7.160,00 5916
488 484,51 0,82 0,67 12,00 7.175,00 5916
489 484,51 0,82 0,67 12,00 7.190,00 5916
490 484,51 0,82 0,67 12,00 7.205,00 5916
491 484,51 0,82 0,67 12,00 7.220,00 5916
492 484,51 0,80 0,66 12,00 7.235,00 5916
493 484,51 0,80 0,66 12,00 7.250,00 5916
494 484,51 0,80 0,66 12,00 7.265,00 5916
495 484,51 0,80 0,66 12,00 7.280,00 5916
496 484,51 0,80 0,66 12,00 7.295,00 5916
497 484,51 0,80 0,66 12,00 7.310,00 5916
498 484,51 0,80 0,66 12,00 7.325,00 5916
499 484,51 0,80 0,66 12,00 7.340,00 5916
500 484,51 0,80 0,66 12,00 7.355,00 5916
501 484,51 0,80 0,66 12,00 7.370,00 5916
502 484,51 0,80 0,66 12,00 7.385,00 5916
503 484,51 0,80 0,66 12,00 7.400,00 5916
504 484,51 0,80 0,66 12,00 7.415,00 5916
505 484,51 0,80 0,66 12,00 7.430,00 5919
506 484,51 0,80 0,66 12,00 7.445,00 5919
507 484,51 0,78 0,64 12,00 7.460,00 5919
508 484,51 0,78 0,64 12,00 7.475,00 5919
509 484,51 0,78 0,64 12,00 7.490,00 5919
510 484,51 0,78 0,64 94,00 7.505,00 5919
511 484,51 0,78 0,64 94,00 7.520,00 5935
512 484,51 6,04 4,96 94,00 7.535,00 5937
513 484,51 6,03 4,95 94,00 7.550,00 5938
514 484,51 6,03 4,95 94,00 7.565,00 5938
515 484,51 6,03 4,95 94,00 7.580,00 5938
516 484,51 6,03 4,95 94,00 7.595,00 5938
517 484,51 6,03 4,95 94,00 7.610,00 5938
518 484,51 6,03 4,95 94,00 7.625,00 5938
519 484,51 6,03 4,95 94,00 7.640,00 5938
520 484,51 5,95 4,88 94,00 7.655,00 5938
521 484,51 5,95 4,88 94,00 7.670,00 5938
522 484,51 5,95 4,88 94,00 7.685,00 5938
523 484,51 5,95 4,88 94,00 7.700,00 5938
524 484,51 5,95 4,88 94,00 7.715,00 5938
525 484,51 5,95 4,88 94,00 7.730,00 5938
526 484,51 5,95 4,88 94,00 7.745,00 5938
527 484,51 5,95 4,88 94,00 7.760,00 5938
528 484,51 5,95 4,88 94,00 7.775,00 5938
529 484,51 5,95 4,88 94,00 7.790,00 5938
530 484,51 5,95 4,88 94,00 7.805,00 5938
531 484,51 5,95 4,88 94,00 7.820,00 5938
532 484,51 5,95 4,88 94,00 7.835,00 5938
533 484,51 5,95 4,88 94,00 7.850,00 5938
534 484,51 5,95 4,88 94,00 7.865,00 5938
535 484,51 5,95 4,88 94,00 7.880,00 5938
536 484,51 5,95 4,88 94,00 7.895,00 5938
537 484,51 5,95 4,88 94,00 7.910,00 5938
538 484,51 5,95 4,88 94,00 7.925,00 5938
539 484,51 5,95 4,88 94,00 7.940,00 5938
540 484,51 5,95 4,88 17,00 7.955,00 5938
541 484,51 5,95 4,88 17,00 7.970,00 5942
542 484,51 5,95 4,88 17,00 7.985,00 5944
543 484,51 1,03 0,84 17,00 8.000,00 5946
544 484,51 1,03 0,84 17,00 8.015,00 5947
545 484,51 1,03 0,84 17,00 8.030,00 5958
546 484,51 1,03 0,84 17,00 8.045,00 5965
547 484,51 1,03 0,84 17,00 8.060,00 5965
548 484,51 1,03 0,84 17,00 8.075,00 5965
549 484,51 1,03 0,84 17,00 8.090,00 5965
550 484,51 1,03 0,84 17,00 8.105,00 5965
551 484,51 1,03 0,84 17,00 8.120,00 5965
552 484,51 1,01 0,83 17,00 8.135,00 5965
553 484,51 1,01 0,83 17,00 8.150,00 5965
554 484,51 1,01 0,83 17,00 8.165,00 5965
555 484,51 1,01 0,83 17,00 8.180,00 5965
556 484,51 1,01 0,83 17,00 8.195,00 5965
557 484,51 1,01 0,83 17,00 8.210,00 5965
558 484,51 1,01 0,83 17,00 8.225,00 5965
559 484,51 1,01 0,83 17,00 8.240,00 5969
560 484,51 1,01 0,83 17,00 8.255,00 5969
561 484,51 1,00 0,82 17,00 8.270,00 5969
562 484,51 1,00 0,82 17,00 8.285,00 5969
563 484,51 1,00 0,82 17,00 8.300,00 5969
564 484,51 1,00 0,82 17,00 8.315,00 5969
565 484,51 1,00 0,82 17,00 8.330,00 5969
566 484,51 1,00 0,82 17,00 8.345,00 5969
567 484,51 1,00 0,82 17,00 8.360,00 5969
568 484,51 1,00 0,82 17,00 8.375,00 5969
569 484,51 1,00 0,82 17,00 8.390,00 5969
570 484,51 1,00 0,82 91,00 8.405,00 5969
571 484,51 1,00 0,82 91,00 8.420,00 5988
572 484,51 1,00 0,82 91,00 8.435,00 5994
573 484,51 1,00 0,82 91,00 8.450,00 5999
574 484,51 1,00 0,82 91,00 8.465,00 6004
575 484,51 1,00 0,82 91,00 8.480,00 6007
576 484,51 1,00 0,82 91,00 8.495,00 6009
577 484,51 1,00 0,82 91,00 8.510,00 6010
578 484,51 1,00 0,82 91,00 8.525,00 6010
579 484,51 1,00 0,82 91,00 8.540,00 6010
580 484,51 1,00 0,82 91,00 8.555,00 6010
581 484,51 1,00 0,82 91,00 8.570,00 6010
582 484,51 1,00 0,82 91,00 8.585,00 6010
583 484,51 5,13 4,21 91,00 8.600,00 6010
584 484,51 5,13 4,21 91,00 8.615,00 6010
585 484,51 5,13 4,21 91,00 8.630,00 6010
586 484,51 5,13 4,21 91,00 8.645,00 6010
587 484,51 5,13 4,21 91,00 8.660,00 6010
588 484,51 5,13 4,21 91,00 8.675,00 6010
589 484,51 5,13 4,21 91,00 8.690,00 6010
590 484,51 5,13 4,21 91,00 8.705,00 6010
591 484,51 5,13 4,21 91,00 8.720,00 6010
592 484,51 5,13 4,21 91,00 8.735,00 6010
593 484,51 5,13 4,21 91,00 8.750,00 6010
594 484,51 5,13 4,21 91,00 8.765,00 6010
595 484,51 5,13 4,21 91,00 8.780,00 6010
596 484,51 5,13 4,21 91,00 8.795,00 6010
597 484,51 5,13 4,21 91,00 8.810,00 6010
598 484,51 5,13 4,21 91,00 8.825,00 6010
599 484,51 4,99 4,09 91,00 8.840,00 6010
600 484,51 4,99 4,09 9,00 8.855,00 6010
601 484,51 0,49 0,40 9,00 8.870,00 6019
602 484,51 0,49 0,40 9,00 8.885,00 6021
603 484,51 0,49 0,40 9,00 8.900,00 6022
604 484,51 0,49 0,40 9,00 8.915,00 6022
605 484,51 0,49 0,40 9,00 8.930,00 6022
606 484,51 0,49 0,40 9,00 8.945,00 6022
607 484,51 0,49 0,40 9,00 8.960,00 6022
608 484,51 0,49 0,40 9,00 8.975,00 6023
609 484,51 0,49 0,40 9,00 8.990,00 6023
610 484,51 0,49 0,40 9,00 9.005,00 6023
611 484,51 0,49 0,40 9,00 9.020,00 6023
612 484,51 0,49 0,40 9,00 9.035,00 6023
613 484,51 0,49 0,40 9,00 9.050,00 6023
614 484,51 0,49 0,40 9,00 9.065,00 6023
615 484,51 0,49 0,40 9,00 9.080,00 6023
616 484,51 0,49 0,40 9,00 9.095,00 6023
617 484,51 0,49 0,40 9,00 9.110,00 6023
618 484,51 0,49 0,40 9,00 9.125,00 6023
619 484,51 0,49 0,40 9,00 9.140,00 6023
620 484,51 0,49 0,40 9,00 9.155,00 6023
621 484,51 0,49 0,40 9,00 9.170,00 6023
622 484,51 0,49 0,40 9,00 9.185,00 6023
623 484,51 0,49 0,40 9,00 9.200,00 6023
624 484,51 0,49 0,40 9,00 9.215,00 6023
625 484,51 0,49 0,40 9,00 9.230,00 6023
626 484,51 0,49 0,40 9,00 9.245,00 6023
627 484,51 0,47 0,39 9,00 9.260,00 6023
628 484,51 0,47 0,39 9,00 9.275,00 6023
629 484,51 0,47 0,39 9,00 9.290,00 6023
630 484,51 0,47 0,39 103,00 9.305,00 6023
631 484,51 0,47 0,39 103,00 9.320,00 6039
632 484,51 0,47 0,39 103,00 9.335,00 6043
633 484,51 0,47 0,39 103,00 9.350,00 6043
634 484,51 0,47 0,39 103,00 9.365,00 6043
635 484,51 0,47 0,39 103,00 9.380,00 6043
636 484,51 0,47 0,39 103,00 9.395,00 6043
637 484,51 0,47 0,39 103,00 9.410,00 6043
638 484,51 5,29 4,34 103,00 9.425,00 6043
639 484,51 5,29 4,34 103,00 9.440,00 6043
640 484,51 5,29 4,34 103,00 9.455,00 6043
641 484,51 5,29 4,34 103,00 9.470,00 6043
642 484,51 5,29 4,34 103,00 9.485,00 6043
643 484,51 5,29 4,34 103,00 9.500,00 6043
644 484,51 5,29 4,34 103,00 9.515,00 6043
645 484,51 5,29 4,34 103,00 9.530,00 6043
646 484,51 5,29 4,34 103,00 9.545,00 6043
647 484,51 5,29 4,34 103,00 9.560,00 6043
648 484,51 5,29 4,34 103,00 9.575,00 6043
649 484,51 5,20 4,27 103,00 9.590,00 6043
650 484,51 5,20 4,27 103,00 9.605,00 6043
651 484,51 5,20 4,27 103,00 9.620,00 6043
652 484,51 5,18 4,25 103,00 9.635,00 6043
653 484,51 5,18 4,25 103,00 9.650,00 6043
654 484,51 5,18 4,25 103,00 9.665,00 6043
655 484,51 5,18 4,25 103,00 9.680,00 6043
656 484,51 5,18 4,25 103,00 9.695,00 6043
657 484,51 5,18 4,25 103,00 9.710,00 6043
658 484,51 5,18 4,25 103,00 9.725,00 6043
659 484,51 5,18 4,25 103,00 9.740,00 6043
660 484,51 5,18 4,25 25,00 9.755,00 6043
661 484,51 5,18 4,25 25,00 9.770,00 6047
662 484,51 1,24 1,02 25,00 9.785,00 6047
663 484,51 1,24 1,02 25,00 9.800,00 6047
664 484,51 1,24 1,02 25,00 9.815,00 6047
665 484,51 1,24 1,02 25,00 9.830,00 6047
666 484,51 1,24 1,02 25,00 9.845,00 6047
667 484,51 1,24 1,02 25,00 9.860,00 6047
668 484,51 1,24 1,02 25,00 9.875,00 6048
669 484,51 1,24 1,02 25,00 9.890,00 6048
670 484,51 1,24 1,02 25,00 9.905,00 6048
671 484,51 1,24 1,02 25,00 9.920,00 6048
672 484,51 1,24 1,02 25,00 9.935,00 6048
673 484,51 1,24 1,02 25,00 9.950,00 6048
674 484,51 1,24 1,02 25,00 9.965,00 6048
675 484,51 1,24 1,02 25,00 9.980,00 6048
676 484,51 1,24 1,02 25,00 9.995,00 6048
677 484,51 1,24 1,02 25,00 10.010,00 6048
678 484,51 1,24 1,02 25,00 10.025,00 6048
679 484,51 1,24 1,02 25,00 10.040,00 6048
680 484,51 1,24 1,02 25,00 10.055,00 6048
681 484,51 1,24 1,02 25,00 10.070,00 6048
682 484,51 1,20 0,99 25,00 10.085,00 6048
683 484,51 1,20 0,99 25,00 10.100,00 6048
684 484,51 1,20 0,99 25,00 10.115,00 6048
685 484,51 1,20 0,99 25,00 10.130,00 6048
686 484,51 1,20 0,99 25,00 10.145,00 6048
687 484,51 1,20 0,99 25,00 10.160,00 6048
688 484,51 1,20 0,99 25,00 10.175,00 6048
689 484,51 1,20 0,99 25,00 10.190,00 6048
690 484,51 1,20 0,99 95,00 10.205,00 6048
691 484,51 1,20 0,99 95,00 10.220,00 6060
692 484,51 1,20 0,99 95,00 10.235,00 6063
693 484,51 4,49 3,68 95,00 10.250,00 6066
694 484,51 4,49 3,68 95,00 10.265,00 6067
695 484,51 4,49 3,68 95,00 10.280,00 6068
696 484,51 4,47 3,67 95,00 10.295,00 6070
697 484,51 4,47 3,67 95,00 10.310,00 6070
698 484,51 4,47 3,67 95,00 10.325,00 6070
699 484,51 4,47 3,67 95,00 10.340,00 6070
700 484,51 4,47 3,67 95,00 10.355,00 6070
701 484,51 4,47 3,67 95,00 10.370,00 6070
702 484,51 4,43 3,64 95,00 10.385,00 6070
703 484,51 4,43 3,64 95,00 10.400,00 6070
704 484,51 4,43 3,64 95,00 10.415,00 6070
705 484,51 4,43 3,64 95,00 10.430,00 6070
706 484,51 4,43 3,64 95,00 10.445,00 6070
707 484,51 4,43 3,64 95,00 10.460,00 6070
708 484,51 4,43 3,64 95,00 10.475,00 6070
709 484,51 4,43 3,64 95,00 10.490,00 6070
710 484,51 4,43 3,64 95,00 10.505,00 6070
711 484,51 4,38 3,59 95,00 10.520,00 6070
712 484,51 4,38 3,59 95,00 10.535,00 6070
713 484,51 4,38 3,59 95,00 10.550,00 6070
714 484,51 4,36 3,57 95,00 10.565,00 6070
715 484,51 4,36 3,57 95,00 10.580,00 6070
716 484,51 4,36 3,57 95,00 10.595,00 6070
717 484,51 4,34 3,56 95,00 10.610,00 6070
718 484,51 4,34 3,56 95,00 10.625,00 6070
719 484,51 4,34 3,56 95,00 10.640,00 6070
720 484,51 4,34 3,56 19,00 10.655,00 6070
721 484,51 4,34 3,56 19,00 10.670,00 6073
722 484,51 4,34 3,56 19,00 10.685,00 6073
723 484,51 4,34 3,56 19,00 10.700,00 6073
724 484,51 4,34 3,56 19,00 10.715,00 6073
725 484,51 4,34 3,56 19,00 10.730,00 6073
726 484,51 0,86 0,70 19,00 10.745,00 6073
727 484,51 0,86 0,70 19,00 10.760,00 6073
728 484,51 0,86 0,70 19,00 10.775,00 6073
729 484,51 0,86 0,70 19,00 10.790,00 6073
730 484,51 0,86 0,70 19,00 10.805,00 6073
731 484,51 0,86 0,70 19,00 10.820,00 6073
732 484,51 0,86 0,70 19,00 10.835,00 6073
733 484,51 0,86 0,70 19,00 10.850,00 6073
734 484,51 0,86 0,70 19,00 10.865,00 6073
735 484,51 0,86 0,70 19,00 10.880,00 6073
736 484,51 0,86 0,70 19,00 10.895,00 6073
737 484,51 0,86 0,70 19,00 10.910,00 6073
738 484,51 0,84 0,69 19,00 10.925,00 6073
739 484,51 0,84 0,69 19,00 10.940,00 6073
740 484,51 0,84 0,69 19,00 10.955,00 6073
741 484,51 0,84 0,69 19,00 10.970,00 6073
742 484,51 0,84 0,69 19,00 10.985,00 6073
743 484,51 0,84 0,69 19,00 11.000,00 6073
744 484,51 0,84 0,69 19,00 11.015,00 6073
745 484,51 0,84 0,69 19,00 11.030,00 6073
746 484,51 0,84 0,69 19,00 11.045,00 6073
747 484,51 0,84 0,69 19,00 11.060,00 6073
748 484,51 0,84 0,69 19,00 11.075,00 6073
749 484,51 0,84 0,69 19,00 11.090,00 6073
750 484,51 0,84 0,69 97,00 11.105,00 6073
751 484,51 0,84 0,69 97,00 11.120,00 6081
752 484,51 0,84 0,69 97,00 11.135,00 6085
753 484,51 0,84 0,69 97,00 11.150,00 6085
754 484,51 0,84 0,69 97,00 11.165,00 6085
755 484,51 0,84 0,69 97,00 11.180,00 6085
756 484,51 0,84 0,69 97,00 11.195,00 6085
757 484,51 0,84 0,69 97,00 11.210,00 6085
758 484,51 0,84 0,69 97,00 11.225,00 6091
759 484,51 0,84 0,69 97,00 11.240,00 6094
760 484,51 0,84 0,69 97,00 11.255,00 6096
761 484,51 0,84 0,69 97,00 11.270,00 6097
762 484,51 0,84 0,69 97,00 11.285,00 6098
763 484,51 4,16 3,41 97,00 11.300,00 6098
764 484,51 4,16 3,41 97,00 11.315,00 6098
765 484,51 4,16 3,41 97,00 11.330,00 6098
766 484,51 4,16 3,41 97,00 11.345,00 6098
767 484,51 4,16 3,41 97,00 11.360,00 6098
768 484,51 4,13 3,39 97,00 11.375,00 6098
769 484,51 4,13 3,39 97,00 11.390,00 6098
770 484,51 4,13 3,39 97,00 11.405,00 6098
771 484,51 4,13 3,39 97,00 11.420,00 6098
772 484,51 4,13 3,39 97,00 11.435,00 6098
773 484,51 4,13 3,39 97,00 11.450,00 6098
774 484,51 4,13 3,39 97,00 11.465,00 6098
775 484,51 4,09 3,36 97,00 11.480,00 6098
776 484,51 4,09 3,36 97,00 11.495,00 6098
777 484,51 4,09 3,36 97,00 11.510,00 6098
778 484,51 4,09 3,36 97,00 11.525,00 6098
779 484,51 4,07 3,34 97,00 11.540,00 6098
780 484,51 4,07 3,34 15,00 11.555,00 6098
781 484,51 4,07 3,34 15,00 11.570,00 6102
782 484,51 0,63 0,51 15,00 11.585,00 6107
783 484,51 0,63 0,51 15,00 11.600,00 6110
784 484,51 0,63 0,51 15,00 11.615,00 6111
785 484,51 0,63 0,51 15,00 11.630,00 6111
786 484,51 0,63 0,51 15,00 11.645,00 6111
787 484,51 0,63 0,51 15,00 11.660,00 6111
788 484,51 0,63 0,51 15,00 11.675,00 6111
789 484,51 0,63 0,51 15,00 11.690,00 6111
790 484,51 0,63 0,51 15,00 11.705,00 6111
791 484,51 0,63 0,51 15,00 11.720,00 6111
792 484,51 0,63 0,51 15,00 11.735,00 6111
793 484,51 0,63 0,51 15,00 11.750,00 6111
794 484,51 0,63 0,51 15,00 11.765,00 6111
795 484,51 0,63 0,51 15,00 11.780,00 6111
796 484,51 0,63 0,51 15,00 11.795,00 6111
797 484,51 0,63 0,51 15,00 11.810,00 6111
798 484,51 0,63 0,51 15,00 11.825,00 6111
799 484,51 0,63 0,51 15,00 11.840,00 6111
800 484,51 0,63 0,51 15,00 11.855,00 6111
801 484,51 0,63 0,51 15,00 11.870,00 6111
802 484,51 0,63 0,51 15,00 11.885,00 6111
803 484,51 0,63 0,51 15,00 11.900,00 6111
804 484,51 0,63 0,51 15,00 11.915,00 6111
805 484,51 0,63 0,51 15,00 11.930,00 6111
806 484,51 0,63 0,51 15,00 11.945,00 6111
807 484,51 0,63 0,51 15,00 11.960,00 6111
808 484,51 0,63 0,51 15,00 11.975,00 6111
809 484,51 0,63 0,51 15,00 11.990,00 6111
810 484,51 0,63 0,51 97,00 12.005,00 6111
811 484,51 0,63 0,51 97,00 12.020,00 6120
812 484,51 0,63 0,51 97,00 12.035,00 6122
813 484,51 0,63 0,51 97,00 12.050,00 6123
814 484,51 0,63 0,51 97,00 12.065,00 6123
815 484,51 0,63 0,51 97,00 12.080,00 6123
816 484,51 0,63 0,51 97,00 12.095,00 6123
817 484,51 0,63 0,51 97,00 12.110,00 6123
818 484,51 0,63 0,51 97,00 12.125,00 6123
819 484,51 0,63 0,51 97,00 12.140,00 6123
820 484,51 0,63 0,51 97,00 12.155,00 6123
821 484,51 0,63 0,51 97,00 12.170,00 6123
822 484,51 0,63 0,51 97,00 12.185,00 6123
823 484,51 0,63 0,51 97,00 12.200,00 6123
824 484,51 0,63 0,51 97,00 12.215,00 6123
825 484,51 0,63 0,51 97,00 12.230,00 6123
826 484,51 3,84 3,15 97,00 12.245,00 6123
827 484,51 3,84 3,15 97,00 12.260,00 6123
828 484,51 3,84 3,15 97,00 12.275,00 6123
829 484,51 3,82 3,14 97,00 12.290,00 6123
830 484,51 3,82 3,14 97,00 12.305,00 6123
831 484,51 3,81 3,13 97,00 12.320,00 6123
832 484,51 3,81 3,13 97,00 12.335,00 6123
833 484,51 3,81 3,12 97,00 12.350,00 6123
834 484,51 3,81 3,12 97,00 12.365,00 6123
835 484,51 3,81 3,12 97,00 12.380,00 6123
836 484,51 3,81 3,12 97,00 12.395,00 6123
837 484,51 3,81 3,12 97,00 12.410,00 6123
838 484,51 3,81 3,12 97,00 12.425,00 6123
839 484,51 3,78 3,10 97,00 12.440,00 6123
840 484,51 3,78 3,10 27,00 12.455,00 6123
841 484,51 3,78 3,10 27,00 12.470,00 6130
842 484,51 3,78 3,10 27,00 12.485,00 6130
843 484,51 3,78 3,10 27,00 12.500,00 6130
844 484,51 3,78 3,10 27,00 12.515,00 6130
845 484,51 3,78 3,10 27,00 12.530,00 6130
846 484,51 3,78 3,10 27,00 12.545,00 6130
847 484,51 3,78 3,10 27,00 12.560,00 6130
848 484,51 3,78 3,10 27,00 12.575,00 6130
849 484,51 3,78 3,10 27,00 12.590,00 6130
850 484,51 3,78 3,10 27,00 12.605,00 6130
851 484,51 3,78 3,10 27,00 12.620,00 6130
852 484,51 3,78 3,10 27,00 12.635,00 6130
853 484,51 3,78 3,10 27,00 12.650,00 6130
854 484,51 3,78 3,10 27,00 12.665,00 6130
855 484,51 3,78 3,10 27,00 12.680,00 6130
856 484,51 3,78 3,10 27,00 12.695,00 6130
857 484,51 3,78 3,10 27,00 12.710,00 6130
858 484,51 3,78 3,10 27,00 12.725,00 6130
859 484,51 1,03 0,84 27,00 12.740,00 6130
860 484,51 1,03 0,84 27,00 12.755,00 6130
861 484,51 1,02 0,84 27,00 12.770,00 6130
862 484,51 1,02 0,84 27,00 12.785,00 6130
863 484,51 1,02 0,84 27,00 12.800,00 6130
864 484,51 1,02 0,84 27,00 12.815,00 6130
865 484,51 1,02 0,84 27,00 12.830,00 6130
866 484,51 1,02 0,84 27,00 12.845,00 6130
867 484,51 1,02 0,84 27,00 12.860,00 6130
868 484,51 1,02 0,83 27,00 12.875,00 6130
869 484,51 1,02 0,83 27,00 12.890,00 6130
870 484,51 1,02 0,83 91,00 12.905,00 6130
871 484,51 1,02 0,83 91,00 12.920,00 6139
872 484,51 1,02 0,83 91,00 12.935,00 6142
873 484,51 1,02 0,83 91,00 12.950,00 6144
874 484,51 3,40 2,79 91,00 12.965,00 6144
875 484,51 3,40 2,79 91,00 12.980,00 6152
876 484,51 3,40 2,79 91,00 12.995,00 6155
877 484,51 3,39 2,78 91,00 13.010,00 6156
878 484,51 3,39 2,78 91,00 13.025,00 6156
879 484,51 3,39 2,78 91,00 13.040,00 6156
880 484,51 3,39 2,78 91,00 13.055,00 6156
881 484,51 3,39 2,78 91,00 13.070,00 6156
882 484,51 3,39 2,78 91,00 13.085,00 6156
883 484,51 3,39 2,78 91,00 13.100,00 6156
884 484,51 3,39 2,78 91,00 13.115,00 6156
885 484,51 3,39 2,78 91,00 13.130,00 6156
886 484,51 3,39 2,78 91,00 13.145,00 6156
887 484,51 3,39 2,78 91,00 13.160,00 6156
888 484,51 3,39 2,78 91,00 13.175,00 6156
889 484,51 3,39 2,78 91,00 13.190,00 6156
890 484,51 3,39 2,78 91,00 13.205,00 6156
891 484,51 3,39 2,78 91,00 13.220,00 6156
892 484,51 3,39 2,78 91,00 13.235,00 6156
893 484,51 3,39 2,78 91,00 13.250,00 6156
894 484,51 3,39 2,78 91,00 13.265,00 6156
895 484,51 3,39 2,78 91,00 13.280,00 6156
896 484,51 3,39 2,78 91,00 13.295,00 6156
897 484,51 3,39 2,78 91,00 13.310,00 6156
898 484,51 3,39 2,78 91,00 13.325,00 6156
899 484,51 3,39 2,78 91,00 13.340,00 6156
900 484,51 3,39 2,78 17,00 13.355,00 6156
901 484,51 3,39 2,78 17,00 13.370,00 6161
902 484,51 3,39 2,78 17,00 13.385,00 6162
903 484,51 3,39 2,78 17,00 13.400,00 6163
904 484,51 3,39 2,78 17,00 13.415,00 6163
905 484,51 3,39 2,78 17,00 13.430,00 6164
906 484,51 0,61 0,50 17,00 13.445,00 6165
907 484,51 0,61 0,50 17,00 13.460,00 6165
908 484,51 0,61 0,50 17,00 13.475,00 6165
909 484,51 0,61 0,50 17,00 13.490,00 6165
910 484,51 0,61 0,50 17,00 13.505,00 6165
911 484,51 0,61 0,50 17,00 13.520,00 6165
912 484,51 0,61 0,50 17,00 13.535,00 6165
913 484,51 0,61 0,50 17,00 13.550,00 6165
914 484,51 0,61 0,50 17,00 13.565,00 6165
915 484,51 0,61 0,50 17,00 13.580,00 6165
916 484,51 0,61 0,50 17,00 13.595,00 6165
917 484,51 0,61 0,50 17,00 13.610,00 6165
918 484,51 0,61 0,50 17,00 13.625,00 6165
919 484,51 0,61 0,50 17,00 13.640,00 6165
920 484,51 0,61 0,50 17,00 13.655,00 6165
921 484,51 0,61 0,50 17,00 13.670,00 6165
922 484,51 0,61 0,50 17,00 13.685,00 6165
923 484,51 0,60 0,49 17,00 13.700,00 6165
924 484,51 0,60 0,49 17,00 13.715,00 6165
925 484,51 0,60 0,49 17,00 13.730,00 6165
926 484,51 0,60 0,49 17,00 13.745,00 6165
927 484,51 0,60 0,49 17,00 13.760,00 6165
928 484,51 0,60 0,49 17,00 13.775,00 6165
929 484,51 0,60 0,49 17,00 13.790,00 6165
930 484,51 0,60 0,49 95,00 13.805,00 6165
931 484,51 0,60 0,49 95,00 13.820,00 6173
932 484,51 0,60 0,49 95,00 13.835,00 6176
933 484,51 0,60 0,49 95,00 13.850,00 6176
934 484,51 0,60 0,49 95,00 13.865,00 6176
935 484,51 0,60 0,49 95,00 13.880,00 6176
936 484,51 0,60 0,49 95,00 13.895,00 6177
937 484,51 0,60 0,49 95,00 13.910,00 6177
938 484,51 0,60 0,49 95,00 13.925,00 6177
939 484,51 0,60 0,49 95,00 13.940,00 6177
940 484,51 0,60 0,49 95,00 13.955,00 6177
941 484,51 0,60 0,49 95,00 13.970,00 6177
942 484,51 0,60 0,49 95,00 13.985,00 6177
943 484,51 0,60 0,49 95,00 14.000,00 6177
944 484,51 0,60 0,49 95,00 14.015,00 6177
945 484,51 0,60 0,49 95,00 14.030,00 6177
946 484,51 0,60 0,49 95,00 14.045,00 6177
947 484,51 0,60 0,49 95,00 14.060,00 6177
948 484,51 3,27 2,68 95,00 14.075,00 6177
949 484,51 3,27 2,68 95,00 14.090,00 6177
950 484,51 3,27 2,68 95,00 14.105,00 6177
951 484,51 3,27 2,68 95,00 14.120,00 6177
952 484,51 3,27 2,68 95,00 14.135,00 6177
953 484,51 3,25 2,67 95,00 14.150,00 6177
954 484,51 3,25 2,67 95,00 14.165,00 6177
955 484,51 3,25 2,67 95,00 14.180,00 6177
956 484,51 3,25 2,67 95,00 14.195,00 6177
957 484,51 3,25 2,67 95,00 14.210,00 6177
958 484,51 3,25 2,67 95,00 14.225,00 6177
959 484,51 3,25 2,67 95,00 14.240,00 6177
960 484,51 3,25 2,67 28,00 14.255,00 6177
961 484,51 0,95 0,78 28,00 14.270,00 6179
962 484,51 0,95 0,78 28,00 14.285,00 6180
963 484,51 0,95 0,78 28,00 14.300,00 6180
964 484,51 0,95 0,78 28,00 14.315,00 6180
965 484,51 0,95 0,78 28,00 14.330,00 6181
966 484,51 0,95 0,78 28,00 14.345,00 6181
967 484,51 0,95 0,78 28,00 14.360,00 6181
968 484,51 0,95 0,78 28,00 14.375,00 6181
969 484,51 0,95 0,78 28,00 14.390,00 6181
970 484,51 0,95 0,78 28,00 14.405,00 6181
971 484,51 0,95 0,78 28,00 14.420,00 6181
972 484,51 0,94 0,77 28,00 14.435,00 6181
973 484,51 0,94 0,77 28,00 14.450,00 6181
974 484,51 0,94 0,77 28,00 14.465,00 6181
975 484,51 0,94 0,77 28,00 14.480,00 6181
976 484,51 0,94 0,77 28,00 14.495,00 6181
977 484,51 0,94 0,77 28,00 14.510,00 6181
978 484,51 0,94 0,77 28,00 14.525,00 6181
979 484,51 0,94 0,77 28,00 14.540,00 6181
980 484,51 0,94 0,77 28,00 14.555,00 6181
981 484,51 0,94 0,77 28,00 14.570,00 6181
982 484,51 0,94 0,77 28,00 14.585,00 6181
983 484,51 0,94 0,77 28,00 14.600,00 6181
984 484,51 0,94 0,77 28,00 14.615,00 6181
985 484,51 0,94 0,77 28,00 14.630,00 6181
986 484,51 0,94 0,77 28,00 14.645,00 6181
987 484,51 0,94 0,77 28,00 14.660,00 6181
988 484,51 0,94 0,77 28,00 14.675,00 6181
989 484,51 0,94 0,77 28,00 14.690,00 6181
990 484,51 0,94 0,77 86,00 14.705,00 6181
991 484,51 0,94 0,77 86,00 14.720,00 6187
992 484,51 0,94 0,77 86,00 14.735,00 6189
993 484,51 2,82 2,32 86,00 14.750,00 6189
994 484,51 2,82 2,32 86,00 14.765,00 6189
995 484,51 2,82 2,32 86,00 14.780,00 6189
996 484,51 2,82 2,32 86,00 14.795,00 6189
997 484,51 2,82 2,32 86,00 14.810,00 6189
998 484,51 2,82 2,32 86,00 14.825,00 6189
999 484,51 2,82 2,32 86,00 14.840,00 6189
