500
0 319,95 319,95 319,95 1,00 26,00 0 2
1 319,95 319,95 319,95 2,00 14,00 2034 2
2 319,95 213,30 31,11 1,00 3,00 5373 2
3 319,95 213,30 33,97 2,00 1,00 8224 2
4 319,95 213,30 32,23 1,00 3,00 10634 2
5 319,95 213,30 36,67 1,00 1,00 12916 2
6 319,95 213,30 38,83 3,00 1,00 15418 2
7 319,95 213,30 40,32 1,00 3,00 17536 2
8 319,95 213,30 51,16 1,00 1,00 19639 2
9 319,95 213,30 65,84 1,00 1,00 21808 2
10 319,95 213,30 59,44 1,00 1,00 23907 2
11 319,95 213,30 72,63 1,00 1,00 25930 2
12 319,95 213,30 81,86 1,00 1,00 27892 2
13 319,95 213,30 92,30 1,00 1,00 29850 2
14 319,95 213,30 128,42 1,00 1,00 31599 2
15 319,95 213,30 67,72 1,00 1,00 33497 2
16 319,95 319,95 228,07 1,00 1,00 35789 2
17 319,95 319,95 242,51 1,00 1,00 37955 2
18 319,95 319,95 219,32 1,00 1,00 39952 2
19 319,95 319,95 214,34 1,00 1,00 41766 2
20 319,95 319,95 227,28 1,00 1,00 43660 2
21 319,95 319,95 232,77 1,00 1,00 45373 2
22 319,95 319,95 223,90 1,00 1,00 47124 2
23 319,95 319,95 250,23 1,00 1,00 48807 2
24 319,95 319,95 274,54 1,00 1,00 50463 2
25 319,95 319,95 280,87 1,00 1,00 52047 2
26 319,95 319,95 300,99 1,00 1,00 53795 2
27 319,95 319,95 274,99 1,00 1,00 55520 2
28 319,95 319,95 248,02 1,00 1,00 57190 2
29 319,95 319,95 317,83 1,00 1,00 58778 2
30 319,95 319,95 353,17 1,00 1,00 60394 2
31 319,95 319,95 344,27 1,00 1,00 62105 2
32 319,95 319,95 296,50 1,00 1,00 63934 2
33 319,95 319,95 294,07 1,00 1,00 65556 2
34 319,95 319,95 312,88 1,00 1,00 67081 2
35 319,95 319,95 320,62 1,00 1,00 68549 2
36 319,95 319,95 313,46 1,00 1,00 69881 2
37 319,95 319,95 319,96 1,00 1,00 71145 2
38 319,95 319,95 314,89 1,00 1,00 72579 2
39 319,95 319,95 315,83 1,00 1,00 74208 2
40 319,95 319,95 300,82 1,00 1,00 75718 2
41 319,95 319,95 230,82 1,00 1,00 77166 2
42 319,95 319,95 301,53 1,00 1,00 78878 2
43 319,95 319,95 287,31 1,00 1,00 80555 2
44 319,95 319,95 287,29 1,00 1,00 81773 2
45 319,95 319,95 289,33 1,00 1,00 83109 2
46 319,95 319,95 295,88 1,00 1,00 84434 2
47 319,95 319,95 291,04 1,00 1,00 85600 2
48 319,95 319,95 293,77 1,00 1,00 87143 2
49 319,95 319,95 292,25 1,00 1,00 88485 2
50 319,95 319,95 288,11 1,00 1,00 89667 2
51 319,95 319,95 345,61 1,00 1,00 91101 2
52 319,95 319,95 352,56 1,00 1,00 92490 2
53 319,95 319,95 347,79 1,00 1,00 93718 2
54 319,95 319,95 346,14 1,00 1,00 94913 2
55 319,95 319,95 353,88 1,00 1,00 96246 2
56 319,95 319,95 356,57 1,00 1,00 97603 2
57 319,95 319,95 349,80 1,00 1,00 98885 2
58 319,95 319,95 361,91 1,00 1,00 100402 2
59 319,95 319,95 352,33 1,00 1,00 101741 2
60 319,95 319,95 360,31 1,00 1,00 103074 2
61 319,95 319,95 361,62 1,00 1,00 104418 2
62 319,95 319,95 358,43 1,00 1,00 105536 2
63 319,95 319,95 355,79 1,00 1,00 106810 2
64 319,95 319,95 352,70 1,00 1,00 108412 2
65 319,95 319,95 347,83 1,00 1,00 110148 2
66 319,95 319,95 351,61 1,00 1,00 111691 2
67 319,95 319,95 346,99 1,00 1,00 113010 2
68 319,95 319,95 337,74 1,00 1,00 114244 2
69 319,95 319,95 344,32 1,00 1,00 115821 2
70 319,95 319,95 339,20 1,00 1,00 117266 2
71 319,95 319,95 343,67 1,00 1,00 118561 2
72 319,95 319,95 342,21 1,00 1,00 120013 2
73 319,95 319,95 343,32 1,00 1,00 121298 2
74 319,95 319,95 342,60 1,00 1,00 122549 2
75 319,95 319,95 340,52 1,00 1,00 123751 2
76 319,95 319,95 336,44 1,00 1,00 124905 2
77 319,95 319,95 333,31 1,00 1,00 125986 2
78 319,95 319,95 333,32 1,00 1,00 127318 2
79 319,95 319,95 328,84 1,00 1,00 128543 2
80 319,95 319,95 267,89 1,00 1,00 130074 2
81 319,95 319,95 265,73 1,00 1,00 131439 2
82 319,95 319,95 340,00 1,00 1,00 132580 2
83 319,95 319,95 326,53 1,00 1,00 133739 2
84 319,95 319,95 329,07 1,00 1,00 134818 2
85 319,95 319,95 323,43 1,00 1,00 135948 2
86 319,95 319,95 343,39 1,00 1,00 136970 2
87 319,95 319,95 341,09 1,00 1,00 138018 2
88 319,95 319,95 348,66 1,00 1,00 139066 2
89 319,95 319,95 350,48 1,00 1,00 139999 2
90 319,95 319,95 346,43 1,00 1,00 141020 2
91 319,95 319,95 348,35 1,00 1,00 142167 2
92 319,95 319,95 337,43 1,00 1,00 143191 2
93 319,95 319,95 341,76 1,00 1,00 144073 2
94 319,95 319,95 345,88 1,00 1,00 145023 2
95 319,95 319,95 351,74 1,00 1,00 146050 2
96 319,95 319,95 346,72 1,00 1,00 147033 2
97 319,95 319,95 342,09 1,00 1,00 148185 2
98 319,95 319,95 342,83 1,00 1,00 149496 2
99 319,95 319,95 321,53 1,00 1,00 150789 2
100 319,95 319,95 332,39 1,00 1,00 151913 2
101 319,95 319,95 330,13 1,00 1,00 152923 2
102 319,95 319,95 331,54 1,00 1,00 154100 2
103 319,95 319,95 326,77 1,00 1,00 155304 2
104 319,95 319,95 340,53 1,00 1,00 156501 2
105 319,95 319,95 360,93 1,00 1,00 157770 2
106 319,95 319,95 365,38 1,00 1,00 159019 2
107 319,95 319,95 357,88 1,00 1,00 160099 2
108 319,95 319,95 355,30 1,00 1,00 161070 2
109 319,95 319,95 355,98 1,00 1,00 161897 2
110 319,95 319,95 351,88 1,00 1,00 162626 2
111 319,95 319,95 351,67 1,00 1,00 163252 2
112 319,95 319,95 352,63 1,00 1,00 163915 2
113 319,95 319,95 350,52 1,00 1,00 164484 2
114 319,95 319,95 350,91 1,00 1,00 165028 2
115 319,95 319,95 350,95 1,00 1,00 165663 2
116 319,95 319,95 351,43 1,00 1,00 166330 2
117 319,95 319,95 351,90 1,00 1,00 166906 2
118 319,95 319,95 350,89 1,00 1,00 167421 2
119 319,95 319,95 349,38 1,00 1,00 168035 2
120 319,95 319,95 345,62 1,00 1,00 168861 2
121 319,95 319,95 347,33 1,00 1,00 169578 2
122 319,95 319,95 346,54 1,00 1,00 170224 2
123 319,95 319,95 347,72 1,00 1,00 170893 2
124 319,95 319,95 345,79 1,00 1,00 171582 2
125 319,95 319,95 346,29 1,00 1,00 172216 2
126 319,95 319,95 349,38 1,00 1,00 172756 2
127 319,95 319,95 351,12 1,00 1,00 173305 2
128 319,95 319,95 347,76 1,00 1,00 173840 2
129 319,95 319,95 343,87 1,00 1,00 174427 2
130 319,95 319,95 343,88 1,00 1,00 175026 2
131 319,95 319,95 345,50 1,00 1,00 175704 2
132 319,95 319,95 346,06 1,00 1,00 176270 2
133 319,95 319,95 344,60 1,00 1,00 176881 2
134 319,95 319,95 343,77 1,00 1,00 177431 2
135 319,95 319,95 343,89 1,00 1,00 178005 2
136 319,95 319,95 344,15 1,00 1,00 178566 2
137 319,95 319,95 335,47 1,00 1,00 179265 2
138 319,95 319,95 337,38 1,00 1,00 179894 2
139 319,95 319,95 338,53 1,00 1,00 180482 2
140 319,95 319,95 341,90 1,00 1,00 181063 2
141 319,95 319,95 335,08 1,00 1,00 181637 2
142 319,95 319,95 331,52 1,00 1,00 182152 2
143 319,95 319,95 329,26 1,00 1,00 182626 2
144 319,95 319,95 328,69 1,00 1,00 183097 2
145 319,95 319,95 325,22 1,00 1,00 183576 2
146 319,95 319,95 323,42 1,00 1,00 184032 2
147 319,95 319,95 322,63 1,00 1,00 184511 2
148 319,95 319,95 323,21 1,00 1,00 184974 2
149 319,95 319,95 325,03 1,00 1,00 185531 2
150 319,95 319,95 323,34 1,00 1,00 186058 2
151 319,95 319,95 324,28 1,00 1,00 186631 2
152 319,95 319,95 327,94 1,00 1,00 187173 2
153 319,95 319,95 333,91 1,00 1,00 187653 2
154 319,95 319,95 337,35 1,00 1,00 188087 2
155 319,95 319,95 340,79 1,00 1,00 188478 2
156 319,95 319,95 342,95 1,00 1,00 188781 2
157 319,95 319,95 342,87 1,00 1,00 189113 2
158 319,95 319,95 344,30 1,00 1,00 189431 2
159 319,95 319,95 344,86 1,00 1,00 189747 2
160 319,95 319,95 344,47 1,00 1,00 190001 2
161 319,95 319,95 342,68 1,00 1,00 190235 2
162 319,95 319,95 339,55 1,00 1,00 190426 2
163 319,95 319,95 342,09 1,00 1,00 190604 2
164 319,95 319,95 343,87 1,00 1,00 190779 2
165 319,95 319,95 346,25 1,00 1,00 191045 2
166 319,95 319,95 347,11 1,00 1,00 191280 2
167 319,95 319,95 347,04 1,00 1,00 191593 2
168 319,95 319,95 348,73 1,00 1,00 192025 2
169 319,95 319,95 348,30 1,00 1,00 192568 2
170 319,95 319,95 346,97 1,00 1,00 193073 2
171 319,95 319,95 346,96 1,00 1,00 193588 2
172 319,95 319,95 346,94 1,00 1,00 194218 2
173 319,95 319,95 347,09 1,00 1,00 194884 2
174 319,95 319,95 347,49 1,00 1,00 195676 2
175 319,95 319,95 344,99 1,00 1,00 196337 2
176 319,95 319,95 343,28 1,00 1,00 196899 2
177 319,95 319,95 343,95 1,00 1,00 197325 2
178 319,95 319,95 344,27 1,00 1,00 197802 2
179 319,95 319,95 341,86 1,00 1,00 198275 2
180 319,95 319,95 342,70 1,00 1,00 198921 2
181 319,95 319,95 344,15 1,00 1,00 199549 2
182 319,95 319,95 348,48 1,00 1,00 200208 2
183 319,95 319,95 344,14 1,00 1,00 201052 2
184 319,95 319,95 344,98 1,00 1,00 201970 2
185 319,95 319,95 349,07 1,00 1,00 202680 2
186 319,95 319,95 344,85 1,00 1,00 203342 2
187 319,95 319,95 336,81 1,00 1,00 203905 2
188 319,95 319,95 339,47 1,00 1,00 204414 2
189 319,95 319,95 341,50 1,00 1,00 205267 2
190 319,95 319,95 344,98 1,00 1,00 206148 2
191 319,95 319,95 344,31 1,00 1,00 207071 2
192 319,95 319,95 349,27 1,00 1,00 207853 2
193 319,95 319,95 347,51 1,00 1,00 208707 2
194 319,95 319,95 349,51 1,00 1,00 209442 2
195 319,95 319,95 352,85 1,00 1,00 210092 2
196 319,95 319,95 345,66 1,00 1,00 210836 2
197 319,95 319,95 344,57 1,00 1,00 211520 2
198 319,95 319,95 344,63 1,00 1,00 212143 2
199 319,95 319,95 345,94 1,00 1,00 212798 2
200 319,95 319,95 346,58 1,00 1,00 213398 2
201 319,95 319,95 345,14 1,00 1,00 213972 2
202 319,95 319,95 345,15 1,00 1,00 214446 2
203 319,95 319,95 345,45 1,00 1,00 214886 2
204 319,95 319,95 339,75 1,00 1,00 215331 2
205 319,95 319,95 345,60 1,00 1,00 215711 2
206 319,95 319,95 347,57 1,00 1,00 216069 2
207 319,95 319,95 347,91 1,00 1,00 216426 2
208 319,95 319,95 348,14 1,00 1,00 216691 2
209 319,95 319,95 342,66 1,00 1,00 216851 2
210 319,95 319,95 349,40 1,00 1,00 217021 2
211 319,95 319,95 350,34 1,00 1,00 217235 2
212 319,95 319,95 348,63 1,00 1,00 217428 2
213 319,95 319,95 349,49 1,00 1,00 217613 2
214 319,95 319,95 351,67 1,00 1,00 217786 2
215 319,95 319,95 350,64 1,00 1,00 218014 2
216 319,95 319,95 349,27 1,00 1,00 218241 2
217 319,95 319,95 349,64 1,00 1,00 218632 2
218 319,95 319,95 346,57 1,00 1,00 219065 2
219 319,95 319,95 344,69 1,00 1,00 219510 2
220 319,95 319,95 347,61 1,00 1,00 219834 2
221 319,95 319,95 349,19 1,00 1,00 220118 2
222 319,95 319,95 349,52 1,00 1,00 220457 2
223 319,95 319,95 347,82 1,00 1,00 220780 2
224 319,95 319,95 346,90 1,00 1,00 221084 2
225 319,95 319,95 347,17 1,00 1,00 221368 2
226 319,95 319,95 345,82 1,00 1,00 221678 2
227 319,95 319,95 347,12 1,00 1,00 222006 2
228 319,95 319,95 347,72 1,00 1,00 222403 2
229 319,95 319,95 347,54 1,00 1,00 222737 2
230 319,95 319,95 348,67 1,00 1,00 223035 2
231 319,95 319,95 349,58 1,00 1,00 223321 2
232 319,95 319,95 348,62 1,00 1,00 223592 2
233 319,95 319,95 348,60 1,00 1,00 223825 2
234 319,95 319,95 349,19 1,00 1,00 224068 2
235 319,95 319,95 349,19 1,00 1,00 224238 2
236 319,95 319,95 348,80 1,00 1,00 224458 2
237 319,95 319,95 348,14 1,00 1,00 224715 2
238 319,95 319,95 348,54 1,00 1,00 224963 2
239 319,95 319,95 348,77 1,00 1,00 225171 2
240 319,95 319,95 348,96 1,00 1,00 225419 2
241 319,95 319,95 349,01 1,00 1,00 225651 2
242 319,95 319,95 348,50 1,00 1,00 225874 2
243 319,95 319,95 349,54 1,00 1,00 226049 2
244 319,95 319,95 349,46 1,00 1,00 226240 2
245 319,95 319,95 348,19 1,00 1,00 226509 2
246 319,95 319,95 349,81 1,00 1,00 226809 2
247 319,95 319,95 349,32 1,00 1,00 227215 2
248 319,95 319,95 348,53 1,00 1,00 227639 2
249 319,95 319,95 348,49 1,00 1,00 228105 2
250 319,95 319,95 349,77 1,00 1,00 228636 2
251 319,95 319,95 348,16 1,00 1,00 229213 2
252 319,95 319,95 347,10 1,00 1,00 229674 2
253 319,95 319,95 349,16 1,00 1,00 230044 2
254 319,95 319,95 347,68 1,00 1,00 230450 2
255 319,95 319,95 349,81 1,00 1,00 230803 2
256 319,95 319,95 349,19 1,00 1,00 231184 2
257 319,95 319,95 347,92 1,00 1,00 231585 2
258 319,95 319,95 349,08 1,00 1,00 232098 2
259 319,95 319,95 346,78 1,00 1,00 232617 2
260 319,95 319,95 344,82 1,00 1,00 233264 2
261 319,95 319,95 343,73 1,00 1,00 233979 2
262 319,95 319,95 347,09 1,00 1,00 234613 2
263 319,95 319,95 346,61 1,00 1,00 235212 2
264 319,95 319,95 348,58 1,00 1,00 235817 2
265 319,95 319,95 345,75 1,00 1,00 236398 2
266 319,95 319,95 346,83 1,00 1,00 236895 2
267 319,95 319,95 347,12 1,00 1,00 237510 2
268 319,95 319,95 346,59 1,00 1,00 238092 2
269 319,95 319,95 346,40 1,00 1,00 238725 2
270 319,95 319,95 346,26 1,00 1,00 239224 2
271 319,95 319,95 343,41 1,00 1,00 239797 2
272 319,95 319,95 343,30 1,00 1,00 240308 2
273 319,95 319,95 341,63 1,00 1,00 240800 2
274 319,95 319,95 338,37 1,00 1,00 241319 2
275 319,95 319,95 335,99 1,00 1,00 241758 2
276 319,95 319,95 333,76 1,00 1,00 242166 2
277 319,95 319,95 334,54 1,00 1,00 242581 2
278 319,95 319,95 332,01 1,00 1,00 242909 2
279 319,95 319,95 330,85 1,00 1,00 243219 2
280 319,95 319,95 328,33 1,00 1,00 243464 2
281 319,95 319,95 328,23 1,00 1,00 243676 2
282 319,95 319,95 329,46 1,00 1,00 243930 2
283 319,95 319,95 329,34 1,00 1,00 244170 2
284 319,95 319,95 329,20 1,00 1,00 244381 2
285 319,95 319,95 329,07 1,00 1,00 244581 2
286 319,95 319,95 329,68 1,00 1,00 244881 2
287 319,95 319,95 333,64 1,00 1,00 245197 2
288 319,95 319,95 334,79 1,00 1,00 245608 2
289 319,95 319,95 338,38 1,00 1,00 246088 2
290 319,95 319,95 340,37 1,00 1,00 246639 2
291 319,95 319,95 341,47 1,00 1,00 247156 2
292 319,95 319,95 341,82 1,00 1,00 247714 2
293 319,95 319,95 342,19 1,00 1,00 248241 2
294 319,95 319,95 344,08 1,00 1,00 248810 2
295 319,95 319,95 343,63 1,00 1,00 249419 2
296 319,95 319,95 343,52 1,00 1,00 250007 2
297 319,95 319,95 343,08 1,00 1,00 250497 2
298 319,95 319,95 347,24 1,00 1,00 250954 2
299 319,95 319,95 342,67 1,00 1,00 251457 2
300 319,95 319,95 347,28 1,00 1,00 251857 2
301 319,95 319,95 345,57 1,00 1,00 252267 2
302 319,95 319,95 344,80 1,00 1,00 252574 2
303 319,95 319,95 344,98 1,00 1,00 252830 2
304 319,95 319,95 340,97 1,00 1,00 253107 2
305 319,95 319,95 342,85 1,00 1,00 253377 2
306 319,95 319,95 343,34 1,00 1,00 253614 2
307 319,95 319,95 343,55 1,00 1,00 253802 2
308 319,95 319,95 346,63 1,00 1,00 254049 2
309 319,95 319,95 344,44 1,00 1,00 254401 2
310 319,95 319,95 345,62 1,00 1,00 254778 2
311 319,95 319,95 346,34 1,00 1,00 255271 2
312 319,95 319,95 345,37 1,00 1,00 255757 2
313 319,95 319,95 345,42 1,00 1,00 256168 2
314 319,95 319,95 345,46 1,00 1,00 256672 2
315 319,95 319,95 343,62 1,00 1,00 257185 2
316 319,95 319,95 345,84 1,00 1,00 257712 2
317 319,95 319,95 344,43 1,00 1,00 258122 2
318 319,95 319,95 344,15 1,00 1,00 258667 2
319 319,95 319,95 344,40 1,00 1,00 259142 2
320 319,95 319,95 343,50 1,00 1,00 259646 2
321 319,95 319,95 345,39 1,00 1,00 260162 2
322 319,95 319,95 344,15 1,00 1,00 260676 2
323 319,95 319,95 345,31 1,00 1,00 261138 2
324 319,95 319,95 345,63 1,00 1,00 261651 2
325 319,95 319,95 344,71 1,00 1,00 262097 2
326 319,95 319,95 343,66 1,00 1,00 262489 2
327 319,95 319,95 344,25 1,00 1,00 262843 2
328 319,95 319,95 344,94 1,00 1,00 263159 2
329 319,95 319,95 345,06 1,00 1,00 263421 2
330 319,95 319,95 345,43 1,00 1,00 263619 2
331 319,95 319,95 345,44 1,00 1,00 263843 2
332 319,95 319,95 345,75 1,00 1,00 264118 2
333 319,95 319,95 345,67 1,00 1,00 264399 2
334 319,95 319,95 345,93 1,00 1,00 264633 2
335 319,95 319,95 345,93 1,00 1,00 264897 2
336 319,95 319,95 345,80 1,00 1,00 265071 2
337 319,95 319,95 345,63 1,00 1,00 265325 2
338 319,95 319,95 345,92 1,00 1,00 265624 2
339 319,95 319,95 345,95 1,00 1,00 265881 2
340 319,95 319,95 345,68 1,00 1,00 266159 2
341 319,95 319,95 345,70 1,00 1,00 266407 2
342 319,95 319,95 345,84 1,00 1,00 266608 2
343 319,95 319,95 345,69 1,00 1,00 266826 2
344 319,95 319,95 345,63 1,00 1,00 267021 2
345 319,95 319,95 345,60 1,00 1,00 267267 2
346 319,95 319,95 345,65 1,00 1,00 267522 2
347 319,95 319,95 345,60 1,00 1,00 267800 2
348 319,95 319,95 345,60 1,00 1,00 267983 2
349 319,95 319,95 345,71 1,00 1,00 268149 2
350 319,95 319,95 345,46 1,00 1,00 268298 2
351 319,95 319,95 345,74 1,00 1,00 268420 2
352 319,95 319,95 345,59 1,00 1,00 268528 2
353 319,95 319,95 345,57 1,00 1,00 268604 2
354 319,95 319,95 345,44 1,00 1,00 268675 2
355 319,95 319,95 345,41 1,00 1,00 268771 2
356 319,95 319,95 345,24 1,00 1,00 268866 2
357 319,95 319,95 345,13 1,00 1,00 268992 2
358 319,95 319,95 345,32 1,00 1,00 269085 2
359 319,95 319,95 345,24 1,00 1,00 269183 2
360 319,95 319,95 345,21 1,00 1,00 269292 2
361 319,95 319,95 345,40 1,00 1,00 269492 2
362 319,95 319,95 345,26 1,00 1,00 269676 2
363 319,95 319,95 345,35 1,00 1,00 269862 2
364 319,95 319,95 345,38 1,00 1,00 270024 2
365 319,95 319,95 345,09 1,00 1,00 270194 2
366 319,95 319,95 345,33 1,00 1,00 270340 2
367 319,95 319,95 345,16 1,00 1,00 270507 2
368 319,95 319,95 345,33 1,00 1,00 270654 2
369 319,95 319,95 345,38 1,00 1,00 270777 2
370 319,95 319,95 345,36 1,00 1,00 270904 2
371 319,95 319,95 345,33 1,00 1,00 271036 2
372 319,95 319,95 345,24 1,00 1,00 271172 2
373 319,95 319,95 345,36 1,00 1,00 271283 2
374 319,95 319,95 345,38 1,00 1,00 271382 2
375 319,95 319,95 345,37 1,00 1,00 271457 2
376 319,95 319,95 345,35 1,00 1,00 271539 2
377 319,95 319,95 345,30 1,00 1,00 271646 2
378 319,95 319,95 345,37 1,00 1,00 271773 2
379 319,95 319,95 345,41 1,00 1,00 271893 2
380 319,95 319,95 345,32 1,00 1,00 272037 2
381 319,95 319,95 345,33 1,00 1,00 272202 2
382 319,95 319,95 345,28 1,00 1,00 272338 2
383 319,95 319,95 345,28 1,00 1,00 272459 2
384 319,95 319,95 345,26 1,00 1,00 272592 2
385 319,95 319,95 345,29 1,00 1,00 272715 2
386 319,95 319,95 345,33 1,00 1,00 272819 2
387 319,95 319,95 345,38 1,00 1,00 272909 2
388 319,95 319,95 345,38 1,00 1,00 272984 2
389 319,95 319,95 345,37 1,00 1,00 273060 2
390 319,95 319,95 345,36 1,00 1,00 273130 2
391 319,95 319,95 345,37 1,00 1,00 273200 2
392 319,95 319,95 345,37 1,00 1,00 273255 2
393 319,95 319,95 345,35 1,00 1,00 273325 2
394 319,95 319,95 345,38 1,00 1,00 273396 2
395 319,95 319,95 345,38 1,00 1,00 273468 2
396 319,95 319,95 345,37 1,00 1,00 273534 2
397 319,95 319,95 345,37 1,00 1,00 273607 2
398 319,95 319,95 345,37 1,00 1,00 273669 2
399 319,95 319,95 345,37 1,00 1,00 273741 2
400 319,95 319,95 345,37 1,00 1,00 273814 2
401 319,95 319,95 345,37 1,00 1,00 273888 2
402 319,95 319,95 345,36 1,00 1,00 273977 2
403 319,95 319,95 345,36 1,00 1,00 274059 2
404 319,95 319,95 345,36 1,00 1,00 274169 2
405 319,95 319,95 345,37 1,00 1,00 274272 2
406 319,95 319,95 345,33 1,00 1,00 274391 2
407 319,95 319,95 345,33 1,00 1,00 274514 2
408 319,95 319,95 345,37 1,00 1,00 274605 2
409 319,95 319,95 345,35 1,00 1,00 274690 2
410 319,95 319,95 345,34 1,00 1,00 274777 2
411 319,95 319,95 345,34 1,00 1,00 274881 2
412 319,95 319,95 345,37 1,00 1,00 274988 2
413 319,95 319,95 345,34 1,00 1,00 275096 2
414 319,95 319,95 345,34 1,00 1,00 275203 2
415 319,95 319,95 345,32 1,00 1,00 275294 2
416 319,95 319,95 345,32 1,00 1,00 275366 2
417 319,95 319,95 345,29 1,00 1,00 275439 2
418 319,95 319,95 345,30 1,00 1,00 275506 2
419 319,95 319,95 345,30 1,00 1,00 275568 2
420 319,95 319,95 345,28 1,00 1,00 275608 2
421 319,95 319,95 345,28 1,00 1,00 275655 2
422 319,95 319,95 345,27 1,00 1,00 275694 2
423 319,95 319,95 345,30 1,00 1,00 275738 2
424 319,95 319,95 345,32 1,00 1,00 275786 2
425 319,95 319,95 345,33 1,00 1,00 275834 2
426 319,95 319,95 345,36 1,00 1,00 275905 2
427 319,95 319,95 345,33 1,00 1,00 275978 2
428 319,95 319,95 345,34 1,00 1,00 276040 2
429 319,95 319,95 345,34 1,00 1,00 276089 2
430 319,95 319,95 345,35 1,00 1,00 276136 2
431 319,95 319,95 345,34 1,00 1,00 276202 2
432 319,95 319,95 345,34 1,00 1,00 276263 2
433 319,95 319,95 345,34 1,00 1,00 276339 2
434 319,95 319,95 345,33 1,00 1,00 276430 2
435 319,95 319,95 345,32 1,00 1,00 276471 2
436 319,95 319,95 345,36 1,00 1,00 276551 2
437 319,95 319,95 345,34 1,00 1,00 276623 2
438 319,95 319,95 345,36 1,00 1,00 276703 2
439 319,95 319,95 345,35 1,00 1,00 276776 2
440 319,95 319,95 345,35 1,00 1,00 276831 2
441 319,95 319,95 345,36 1,00 1,00 276912 2
442 319,95 319,95 345,37 1,00 1,00 276981 2
443 319,95 319,95 345,36 1,00 1,00 277029 2
444 319,95 319,95 345,37 1,00 1,00 277094 2
445 319,95 319,95 345,37 1,00 1,00 277155 2
446 319,95 319,95 345,37 1,00 1,00 277209 2
447 319,95 319,95 345,36 1,00 1,00 277276 2
448 319,95 319,95 345,36 1,00 1,00 277346 2
449 319,95 319,95 345,36 1,00 1,00 277419 2
450 319,95 319,95 345,36 1,00 1,00 277480 2
451 319,95 319,95 345,36 1,00 1,00 277546 2
452 319,95 319,95 345,36 1,00 1,00 277633 2
453 319,95 319,95 345,36 1,00 1,00 277699 2
454 319,95 319,95 345,37 1,00 1,00 277753 2
455 319,95 319,95 345,36 1,00 1,00 277794 2
456 319,95 319,95 345,36 1,00 1,00 277831 2
457 319,95 319,95 345,37 1,00 1,00 277866 2
458 319,95 319,95 345,36 1,00 1,00 277907 2
459 319,95 319,95 345,36 1,00 1,00 277956 2
460 319,95 319,95 345,37 1,00 1,00 278010 2
461 319,95 319,95 345,37 1,00 1,00 278052 2
462 319,95 319,95 345,37 1,00 1,00 278092 2
463 319,95 319,95 345,37 1,00 1,00 278136 2
464 319,95 319,95 345,37 1,00 1,00 278171 2
465 319,95 319,95 345,37 1,00 1,00 278215 2
466 319,95 319,95 345,37 1,00 1,00 278256 2
467 319,95 319,95 345,37 1,00 1,00 278310 2
468 319,95 319,95 345,37 1,00 1,00 278372 2
469 319,95 319,95 345,36 1,00 1,00 278422 2
470 319,95 319,95 345,36 1,00 1,00 278480 2
471 319,95 319,95 345,36 1,00 1,00 278532 2
472 319,95 319,95 345,36 1,00 1,00 278583 2
473 319,95 319,95 345,36 1,00 1,00 278628 2
474 319,95 319,95 345,37 1,00 1,00 278661 2
475 319,95 319,95 345,35 1,00 1,00 278697 2
476 319,95 319,95 345,36 1,00 1,00 278747 2
477 319,95 319,95 345,36 1,00 1,00 278809 2
478 319,95 319,95 345,36 1,00 1,00 278860 2
479 319,95 319,95 345,36 1,00 1,00 278924 2
480 319,95 319,95 345,36 1,00 1,00 278971 2
481 319,95 319,95 345,36 1,00 1,00 279018 2
482 319,95 319,95 345,36 1,00 1,00 279043 2
483 319,95 319,95 345,36 1,00 1,00 279071 2
484 319,95 319,95 345,37 1,00 1,00 279098 2
485 319,95 319,95 345,37 1,00 1,00 279123 2
486 319,95 319,95 345,37 1,00 1,00 279191 2
487 319,95 319,95 345,37 1,00 1,00 279255 2
488 319,95 319,95 345,38 1,00 1,00 279281 2
489 319,95 319,95 345,38 1,00 1,00 279305 2
490 319,95 319,95 345,37 1,00 1,00 279344 2
491 319,95 319,95 345,37 1,00 1,00 279378 2
492 319,95 319,95 345,37 1,00 1,00 279421 2
493 319,95 319,95 345,37 1,00 1,00 279458 2
494 319,95 319,95 345,38 1,00 1,00 279509 2
495 319,95 319,95 345,38 1,00 1,00 279558 2
496 319,95 319,95 345,38 1,00 1,00 279608 2
497 319,95 319,95 345,36 1,00 1,00 279665 2
498 319,95 319,95 345,37 1,00 1,00 279720 2
499 319,95 319,95 345,36 1,00 1,00 279792 2
