1000
0 25,51 25,51 25,51 1,00 93,00 0
1 25,51 0,41 0,41 1,00 63,00 1235
2 25,51 0,48 0,21 1,00 54,00 1774
3 25,51 0,49 0,23 1,00 53,00 1865
4 25,51 0,49 0,23 1,00 54,00 1875
5 25,51 0,49 0,23 1,00 55,00 1879
6 25,51 0,49 0,23 1,00 56,00 1881
7 25,51 0,49 0,23 1,00 57,00 1881
8 25,51 0,44 0,21 1,00 58,00 1881
9 25,51 0,44 0,21 1,00 59,00 1881
10 25,51 0,44 0,21 1,00 60,00 1881
11 25,51 0,44 0,21 1,00 61,00 1881
12 25,51 0,44 0,21 1,00 62,00 1881
13 25,51 0,44 0,21 1,00 63,00 1881
14 25,51 0,40 0,19 1,00 64,00 1881
15 25,51 0,40 0,19 1,00 65,00 1881
16 25,51 0,40 0,19 1,00 66,00 1881
17 25,51 0,40 0,19 1,00 67,00 1881
18 25,51 0,40 0,19 1,00 68,00 1881
19 25,51 0,40 0,19 1,00 69,00 1881
20 25,51 0,40 0,19 1,00 70,00 1881
21 25,51 0,40 0,19 1,00 71,00 1881
22 25,51 0,40 0,19 1,00 72,00 1881
23 25,51 0,40 0,19 1,00 73,00 1881
24 25,51 0,40 0,19 1,00 74,00 1881
25 25,51 0,40 0,19 1,00 75,00 1881
26 25,51 0,40 0,19 1,00 76,00 1881
27 25,51 0,40 0,19 1,00 77,00 1881
28 25,51 0,40 0,19 1,00 78,00 1881
29 25,51 0,32 0,15 1,00 79,00 1881
30 25,51 0,32 0,15 99,00 80,00 1881
31 25,51 31,97 15,05 99,00 80,00 2704
32 25,51 31,97 13,92 99,00 80,00 3431
33 25,51 31,18 13,68 99,00 81,00 3821
34 25,51 31,18 14,28 99,00 82,00 4072
35 25,51 31,18 14,94 99,00 83,00 4286
36 25,51 31,18 14,40 99,00 84,00 4405
37 25,51 31,18 14,53 99,00 85,00 4558
38 25,51 31,18 14,85 99,00 86,00 4625
39 25,51 31,18 14,57 99,00 87,00 4666
40 25,51 31,18 14,52 99,00 88,00 4711
41 25,51 31,18 14,67 99,00 89,00 4762
42 25,51 28,06 13,35 99,00 90,00 4795
43 25,51 28,06 13,01 99,00 91,00 4831
44 25,51 28,06 13,31 99,00 92,00 4863
45 25,51 28,06 13,31 99,00 93,00 4893
46 25,51 28,06 13,31 99,00 94,00 4918
47 25,51 28,06 13,31 99,00 95,00 4938
48 25,51 28,06 13,31 99,00 96,00 4953
49 25,51 28,06 13,30 99,00 97,00 4969
50 25,51 28,06 13,30 99,00 98,00 4978
51 25,51 28,06 13,30 99,00 99,00 4991
52 25,51 28,06 13,30 99,00 100,00 5006
53 25,51 28,06 13,30 99,00 101,00 5016
54 25,51 24,76 11,73 99,00 102,00 5027
55 25,51 24,76 11,73 99,00 103,00 5033
56 25,51 24,76 11,73 99,00 104,00 5043
57 25,51 24,76 11,73 99,00 105,00 5047
58 25,51 24,76 11,73 99,00 106,00 5055
59 25,51 24,76 11,73 99,00 107,00 5061
60 25,51 24,76 11,73 1,00 108,00 5068
61 25,51 24,76 11,73 1,00 109,00 5076
62 25,51 24,76 11,73 1,00 110,00 5097
63 25,51 24,76 11,73 1,00 111,00 5110
64 25,51 0,23 0,11 1,00 112,00 5114
65 25,51 0,23 0,11 1,00 113,00 5115
66 25,51 0,23 0,11 1,00 114,00 5118
67 25,51 0,23 0,11 1,00 115,00 5123
68 25,51 0,23 0,11 1,00 116,00 5124
69 25,51 0,23 0,11 1,00 117,00 5125
70 25,51 0,23 0,11 1,00 118,00 5125
71 25,51 0,23 0,11 1,00 119,00 5125
72 25,51 0,23 0,11 1,00 120,00 5125
73 25,51 0,23 0,11 1,00 121,00 5125
74 25,51 0,23 0,11 1,00 122,00 5126
75 25,51 0,23 0,11 1,00 123,00 5126
76 25,51 0,23 0,11 1,00 124,00 5126
77 25,51 0,23 0,11 1,00 125,00 5126
78 25,51 0,23 0,11 1,00 126,00 5127
79 25,51 0,23 0,11 1,00 127,00 5128
80 25,51 0,23 0,11 1,00 128,00 5128
81 25,51 0,23 0,11 1,00 129,00 5128
82 25,51 0,23 0,11 1,00 130,00 5128
83 25,51 0,23 0,11 1,00 131,00 5128
84 25,51 0,23 0,11 1,00 132,00 5128
85 25,51 0,23 0,11 1,00 133,00 5128
86 25,51 0,23 0,11 1,00 134,00 5128
87 25,51 0,23 0,11 1,00 135,00 5128
88 25,51 0,23 0,11 1,00 136,00 5129
89 25,51 0,23 0,11 1,00 137,00 5133
90 25,51 0,23 0,11 99,00 138,00 5133
91 25,51 18,30 8,66 99,00 138,00 5240
92 25,51 18,30 8,64 99,00 139,00 5280
93 25,51 18,30 8,64 99,00 140,00 5298
94 25,51 18,30 8,64 99,00 141,00 5308
95 25,51 18,30 8,63 99,00 142,00 5318
96 25,51 18,30 8,63 99,00 143,00 5327
97 25,51 18,30 8,63 99,00 144,00 5336
98 25,51 18,30 8,63 99,00 145,00 5340
99 25,51 18,30 8,63 99,00 146,00 5347
100 25,51 18,30 8,63 99,00 147,00 5351
101 25,51 18,30 8,63 99,00 148,00 5353
102 25,51 18,30 8,63 99,00 149,00 5354
103 25,51 18,30 8,63 99,00 150,00 5357
104 25,51 18,30 8,62 99,00 151,00 5357
105 25,51 18,30 8,62 99,00 152,00 5357
106 25,51 18,30 8,62 99,00 153,00 5357
107 25,51 18,30 8,62 99,00 154,00 5357
108 25,51 18,30 8,62 99,00 155,00 5357
109 25,51 18,30 8,62 99,00 156,00 5359
110 25,51 18,30 8,62 99,00 157,00 5359
111 25,51 18,30 8,62 99,00 158,00 5360
112 25,51 18,30 8,61 99,00 159,00 5362
113 25,51 18,30 8,61 99,00 160,00 5364
114 25,51 18,30 8,61 99,00 161,00 5366
115 25,51 18,30 8,61 99,00 162,00 5366
116 25,51 18,30 8,61 99,00 163,00 5366
117 25,51 18,30 8,61 99,00 164,00 5366
118 25,51 18,30 8,61 99,00 165,00 5367
119 25,51 18,30 8,61 99,00 166,00 5368
120 25,51 18,30 8,61 1,00 167,00 5368
121 25,51 18,30 8,61 1,00 168,00 5378
122 25,51 0,15 0,07 1,00 169,00 5387
123 25,51 0,15 0,07 1,00 170,00 5391
124 25,51 0,15 0,07 1,00 171,00 5392
125 25,51 0,15 0,07 1,00 172,00 5392
126 25,51 0,15 0,07 1,00 173,00 5392
127 25,51 0,15 0,07 1,00 174,00 5392
128 25,51 0,15 0,07 1,00 175,00 5392
129 25,51 0,15 0,07 1,00 176,00 5392
130 25,51 0,15 0,07 1,00 177,00 5392
131 25,51 0,15 0,07 1,00 178,00 5392
132 25,51 0,14 0,07 1,00 179,00 5392
133 25,51 0,14 0,07 1,00 180,00 5392
134 25,51 0,14 0,07 1,00 181,00 5392
135 25,51 0,14 0,07 1,00 182,00 5392
136 25,51 0,14 0,07 1,00 183,00 5392
137 25,51 0,14 0,07 1,00 184,00 5392
138 25,51 0,14 0,07 1,00 185,00 5392
139 25,51 0,14 0,07 1,00 186,00 5392
140 25,51 0,14 0,07 1,00 187,00 5397
141 25,51 0,14 0,06 1,00 188,00 5398
142 25,51 0,14 0,06 1,00 189,00 5398
143 25,51 0,14 0,06 1,00 190,00 5398
144 25,51 0,14 0,06 1,00 191,00 5398
145 25,51 0,14 0,06 1,00 192,00 5398
146 25,51 0,14 0,06 1,00 193,00 5398
147 25,51 0,14 0,06 1,00 194,00 5398
148 25,51 0,14 0,06 1,00 195,00 5398
149 25,51 0,14 0,06 1,00 196,00 5398
150 25,51 0,14 0,06 97,00 197,00 5398
151 25,51 12,62 5,92 97,00 197,00 5443
152 25,51 12,62 5,91 97,00 198,00 5461
153 25,51 12,62 5,91 97,00 199,00 5469
154 25,51 12,62 5,91 97,00 200,00 5476
155 25,51 12,62 5,91 97,00 201,00 5480
156 25,51 12,25 5,73 97,00 202,00 5482
157 25,51 12,25 5,73 97,00 203,00 5482
158 25,51 12,13 5,68 97,00 204,00 5492
159 25,51 12,13 5,67 97,00 205,00 5501
160 25,51 12,13 5,67 97,00 206,00 5510
161 25,51 12,13 5,67 97,00 207,00 5520
162 25,51 12,13 5,67 97,00 208,00 5532
163 25,51 12,13 5,67 97,00 209,00 5544
164 25,51 12,13 5,67 97,00 210,00 5553
165 25,51 11,73 5,48 97,00 211,00 5560
166 25,51 11,67 5,46 97,00 212,00 5566
167 25,51 11,67 5,46 97,00 213,00 5570
168 25,51 11,56 5,40 97,00 214,00 5573
169 25,51 11,56 5,40 97,00 215,00 5575
170 25,51 11,56 5,40 97,00 216,00 5576
171 25,51 11,56 5,40 97,00 217,00 5577
172 25,51 11,56 5,40 97,00 218,00 5578
173 25,51 11,30 5,28 97,00 219,00 5579
174 25,51 11,30 5,28 97,00 220,00 5580
175 25,51 11,30 5,28 97,00 221,00 5582
176 25,51 11,30 5,28 97,00 222,00 5583
177 25,51 11,10 5,19 97,00 223,00 5584
178 25,51 11,10 5,19 97,00 224,00 5587
179 25,51 11,10 5,17 97,00 225,00 5589
180 25,51 11,10 5,17 1,00 226,00 5591
181 25,51 11,10 5,17 1,00 227,00 5600
182 25,51 11,10 5,17 1,00 228,00 5601
183 25,51 11,10 5,17 1,00 229,00 5602
184 25,51 11,10 5,17 1,00 230,00 5602
185 25,51 11,10 5,17 1,00 231,00 5602
186 25,51 11,10 5,17 1,00 232,00 5602
187 25,51 11,10 5,17 1,00 233,00 5602
188 25,51 11,10 5,17 1,00 234,00 5602
189 25,51 11,10 5,17 1,00 235,00 5602
190 25,51 11,10 5,17 1,00 236,00 5602
191 25,51 0,11 0,05 1,00 237,00 5604
192 25,51 0,11 0,05 1,00 238,00 5606
193 25,51 0,11 0,05 1,00 239,00 5607
194 25,51 0,11 0,05 1,00 240,00 5611
195 25,51 0,11 0,05 1,00 241,00 5613
196 25,51 0,11 0,05 1,00 242,00 5613
197 25,51 0,11 0,05 1,00 243,00 5613
198 25,51 0,11 0,05 1,00 244,00 5613
199 25,51 0,11 0,05 1,00 245,00 5613
200 25,51 0,11 0,05 1,00 246,00 5613
201 25,51 0,11 0,05 1,00 247,00 5613
202 25,51 0,11 0,05 1,00 248,00 5613
203 25,51 0,11 0,05 1,00 249,00 5613
204 25,51 0,11 0,05 1,00 250,00 5613
205 25,51 0,11 0,05 1,00 251,00 5613
206 25,51 0,11 0,05 1,00 252,00 5613
207 25,51 0,11 0,05 1,00 253,00 5613
208 25,51 0,11 0,05 1,00 254,00 5614
209 25,51 0,11 0,05 1,00 255,00 5616
210 25,51 0,11 0,05 97,00 256,00 5616
211 25,51 9,70 4,50 97,00 256,00 5655
212 25,51 9,70 4,50 97,00 257,00 5665
213 25,51 9,70 4,50 97,00 258,00 5671
214 25,51 9,70 4,50 97,00 259,00 5671
215 25,51 9,70 4,50 97,00 260,00 5671
216 25,51 9,70 4,50 97,00 261,00 5671
217 25,51 9,70 4,50 97,00 262,00 5671
218 25,51 9,70 4,50 97,00 263,00 5671
219 25,51 9,70 4,50 97,00 264,00 5671
220 25,51 9,70 4,50 97,00 265,00 5671
221 25,51 9,70 4,50 97,00 266,00 5671
222 25,51 9,70 4,50 97,00 267,00 5671
223 25,51 9,23 4,28 97,00 268,00 5671
224 25,51 9,23 4,28 97,00 269,00 5671
225 25,51 9,16 4,25 97,00 270,00 5671
226 25,51 9,16 4,25 97,00 271,00 5671
227 25,51 9,16 4,25 97,00 272,00 5671
228 25,51 9,16 4,25 97,00 273,00 5671
229 25,51 9,16 4,25 97,00 274,00 5671
230 25,51 9,16 4,25 97,00 275,00 5671
231 25,51 9,16 4,25 97,00 276,00 5671
232 25,51 9,16 4,25 97,00 277,00 5671
233 25,51 9,16 4,25 97,00 278,00 5671
234 25,51 9,16 4,25 97,00 279,00 5671
235 25,51 9,16 4,25 97,00 280,00 5671
236 25,51 9,16 4,25 97,00 281,00 5671
237 25,51 9,16 4,25 97,00 282,00 5671
238 25,51 9,16 4,25 97,00 283,00 5671
239 25,51 8,71 4,04 97,00 284,00 5671
240 25,51 8,71 4,04 1,00 285,00 5671
241 25,51 8,71 4,04 1,00 286,00 5686
242 25,51 8,71 4,03 1,00 287,00 5686
243 25,51 0,09 0,04 1,00 288,00 5687
244 25,51 0,09 0,04 1,00 289,00 5688
245 25,51 0,09 0,04 1,00 290,00 5688
246 25,51 0,09 0,04 1,00 291,00 5688
247 25,51 0,09 0,04 1,00 292,00 5688
248 25,51 0,09 0,04 1,00 293,00 5688
249 25,51 0,09 0,04 1,00 294,00 5691
250 25,51 0,09 0,04 1,00 295,00 5693
251 25,51 0,09 0,04 1,00 296,00 5693
252 25,51 0,09 0,04 1,00 297,00 5693
253 25,51 0,09 0,04 1,00 298,00 5694
254 25,51 0,09 0,04 1,00 299,00 5694
255 25,51 0,09 0,04 1,00 300,00 5694
256 25,51 0,09 0,04 1,00 301,00 5694
257 25,51 0,09 0,04 1,00 302,00 5694
258 25,51 0,09 0,04 1,00 303,00 5694
259 25,51 0,08 0,04 1,00 304,00 5694
260 25,51 0,08 0,04 1,00 305,00 5694
261 25,51 0,08 0,04 1,00 306,00 5694
262 25,51 0,08 0,04 1,00 307,00 5694
263 25,51 0,08 0,04 1,00 308,00 5694
264 25,51 0,08 0,04 1,00 309,00 5694
265 25,51 0,08 0,04 1,00 310,00 5694
266 25,51 0,08 0,04 1,00 311,00 5694
267 25,51 0,08 0,04 1,00 312,00 5694
268 25,51 0,08 0,04 1,00 313,00 5694
269 25,51 0,08 0,04 1,00 314,00 5694
270 25,51 0,08 0,04 99,00 315,00 5694
271 25,51 8,04 3,71 99,00 315,00 5724
272 25,51 8,04 3,70 99,00 316,00 5736
273 25,51 8,04 3,70 99,00 317,00 5742
274 25,51 8,04 3,70 99,00 318,00 5742
275 25,51 8,04 3,70 99,00 319,00 5742
276 25,51 8,04 3,70 99,00 320,00 5742
277 25,51 7,87 3,62 99,00 321,00 5742
278 25,51 7,87 3,62 99,00 322,00 5742
279 25,51 7,87 3,62 99,00 323,00 5742
280 25,51 7,87 3,62 99,00 324,00 5742
281 25,51 7,77 3,57 99,00 325,00 5742
282 25,51 7,77 3,57 99,00 326,00 5742
283 25,51 7,77 3,57 99,00 327,00 5742
284 25,51 7,77 3,57 99,00 328,00 5742
285 25,51 7,77 3,57 99,00 329,00 5742
286 25,51 7,77 3,57 99,00 330,00 5742
287 25,51 7,77 3,57 99,00 331,00 5742
288 25,51 7,77 3,57 99,00 332,00 5742
289 25,51 7,77 3,57 99,00 333,00 5742
290 25,51 7,77 3,57 99,00 334,00 5742
291 25,51 7,77 3,57 99,00 335,00 5742
292 25,51 7,77 3,57 99,00 336,00 5742
293 25,51 7,77 3,57 99,00 337,00 5742
294 25,51 7,77 3,57 99,00 338,00 5742
295 25,51 7,77 3,57 99,00 339,00 5742
296 25,51 7,77 3,57 99,00 340,00 5742
297 25,51 7,77 3,57 99,00 341,00 5742
298 25,51 7,77 3,57 99,00 342,00 5742
299 25,51 7,77 3,57 99,00 343,00 5742
300 25,51 7,77 3,57 1,00 344,00 5742
301 25,51 7,77 3,57 1,00 345,00 5752
302 25,51 7,77 3,56 1,00 346,00 5752
303 25,51 7,77 3,56 1,00 347,00 5752
304 25,51 7,77 3,56 1,00 348,00 5752
305 25,51 7,77 3,56 1,00 349,00 5752
306 25,51 7,77 3,56 1,00 350,00 5762
307 25,51 0,07 0,03 1,00 351,00 5773
308 25,51 0,07 0,03 1,00 352,00 5778
309 25,51 0,07 0,03 1,00 353,00 5780
310 25,51 0,07 0,03 1,00 354,00 5780
311 25,51 0,07 0,03 1,00 355,00 5780
312 25,51 0,07 0,03 1,00 356,00 5780
313 25,51 0,07 0,03 1,00 357,00 5782
314 25,51 0,07 0,03 1,00 358,00 5783
315 25,51 0,07 0,03 1,00 359,00 5783
316 25,51 0,07 0,03 1,00 360,00 5783
317 25,51 0,07 0,03 1,00 361,00 5783
318 25,51 0,07 0,03 1,00 362,00 5783
319 25,51 0,07 0,03 1,00 363,00 5783
320 25,51 0,07 0,03 1,00 364,00 5783
321 25,51 0,07 0,03 1,00 365,00 5783
322 25,51 0,07 0,03 1,00 366,00 5783
323 25,51 0,07 0,03 1,00 367,00 5783
324 25,51 0,07 0,03 1,00 368,00 5783
325 25,51 0,07 0,03 1,00 369,00 5783
326 25,51 0,07 0,03 1,00 370,00 5783
327 25,51 0,07 0,03 1,00 371,00 5783
328 25,51 0,07 0,03 1,00 372,00 5783
329 25,51 0,07 0,03 1,00 373,00 5783
330 25,51 0,07 0,03 97,00 374,00 5783
331 25,51 6,63 3,03 97,00 374,00 5809
332 25,51 6,63 3,02 97,00 375,00 5815
333 25,51 6,63 3,02 97,00 376,00 5818
334 25,51 6,63 3,02 97,00 377,00 5819
335 25,51 6,63 3,02 97,00 378,00 5820
336 25,51 6,63 3,02 97,00 379,00 5820
337 25,51 6,63 3,02 97,00 380,00 5820
338 25,51 6,63 3,02 97,00 381,00 5820
339 25,51 6,63 3,02 97,00 382,00 5820
340 25,51 6,63 3,02 97,00 383,00 5820
341 25,51 6,63 3,02 97,00 384,00 5820
342 25,51 6,63 3,02 97,00 385,00 5820
343 25,51 6,63 3,02 97,00 386,00 5820
344 25,51 6,63 3,02 97,00 387,00 5820
345 25,51 6,63 3,02 97,00 388,00 5820
346 25,51 6,63 3,02 97,00 389,00 5820
347 25,51 6,34 2,89 97,00 390,00 5820
348 25,51 6,34 2,89 97,00 391,00 5820
349 25,51 6,34 2,89 97,00 392,00 5820
350 25,51 6,34 2,89 97,00 393,00 5820
351 25,51 6,34 2,89 97,00 394,00 5820
352 25,51 6,34 2,89 97,00 395,00 5820
353 25,51 6,25 2,85 97,00 396,00 5820
354 25,51 6,25 2,85 97,00 397,00 5820
355 25,51 6,25 2,85 97,00 398,00 5820
356 25,51 6,20 2,83 97,00 399,00 5820
357 25,51 6,19 2,82 97,00 400,00 5820
358 25,51 6,19 2,82 97,00 401,00 5820
359 25,51 6,19 2,82 97,00 402,00 5820
360 25,51 6,19 2,82 1,00 403,00 5820
361 25,51 6,19 2,82 1,00 404,00 5827
362 25,51 6,19 2,81 1,00 405,00 5827
363 25,51 6,19 2,81 1,00 406,00 5827
364 25,51 0,06 0,03 1,00 407,00 5827
365 25,51 0,06 0,03 1,00 408,00 5827
366 25,51 0,06 0,03 1,00 409,00 5827
367 25,51 0,06 0,03 1,00 410,00 5827
368 25,51 0,06 0,03 1,00 411,00 5827
369 25,51 0,06 0,03 1,00 412,00 5827
370 25,51 0,06 0,03 1,00 413,00 5827
371 25,51 0,06 0,03 1,00 414,00 5827
372 25,51 0,06 0,03 1,00 415,00 5827
373 25,51 0,06 0,03 1,00 416,00 5827
374 25,51 0,06 0,03 1,00 417,00 5827
375 25,51 0,06 0,03 1,00 418,00 5827
376 25,51 0,06 0,03 1,00 419,00 5827
377 25,51 0,06 0,03 1,00 420,00 5827
378 25,51 0,06 0,03 1,00 421,00 5827
379 25,51 0,06 0,03 1,00 422,00 5827
380 25,51 0,06 0,03 1,00 423,00 5827
381 25,51 0,06 0,03 1,00 424,00 5827
382 25,51 0,06 0,03 1,00 425,00 5827
383 25,51 0,06 0,03 1,00 426,00 5833
384 25,51 0,06 0,03 1,00 427,00 5833
385 25,51 0,06 0,03 1,00 428,00 5833
386 25,51 0,06 0,03 1,00 429,00 5833
387 25,51 0,06 0,03 1,00 430,00 5833
388 25,51 0,06 0,03 1,00 431,00 5833
389 25,51 0,06 0,03 1,00 432,00 5833
390 25,51 0,06 0,03 97,00 433,00 5833
391 25,51 5,73 2,59 97,00 433,00 5854
392 25,51 5,73 2,59 97,00 434,00 5858
393 25,51 5,73 2,59 97,00 435,00 5861
394 25,51 5,73 2,59 97,00 436,00 5861
395 25,51 5,73 2,59 97,00 437,00 5861
396 25,51 5,73 2,59 97,00 438,00 5861
397 25,51 5,73 2,59 97,00 439,00 5861
398 25,51 5,73 2,59 97,00 440,00 5861
399 25,51 5,73 2,59 97,00 441,00 5861
400 25,51 5,73 2,59 97,00 442,00 5861
401 25,51 5,73 2,59 97,00 443,00 5865
402 25,51 5,73 2,59 97,00 444,00 5866
403 25,51 5,73 2,59 97,00 445,00 5866
404 25,51 5,73 2,59 97,00 446,00 5866
405 25,51 5,73 2,59 97,00 447,00 5866
406 25,51 5,73 2,59 97,00 448,00 5866
407 25,51 5,51 2,49 97,00 449,00 5866
408 25,51 5,51 2,49 97,00 450,00 5866
409 25,51 5,49 2,48 97,00 451,00 5866
410 25,51 5,49 2,48 97,00 452,00 5866
411 25,51 5,49 2,48 97,00 453,00 5866
412 25,51 5,49 2,48 97,00 454,00 5866
413 25,51 5,49 2,48 97,00 455,00 5866
414 25,51 5,49 2,48 97,00 456,00 5866
415 25,51 5,41 2,45 97,00 457,00 5866
416 25,51 5,41 2,45 97,00 458,00 5866
417 25,51 5,39 2,43 97,00 459,00 5866
418 25,51 5,39 2,43 97,00 460,00 5866
419 25,51 5,39 2,43 97,00 461,00 5866
420 25,51 5,39 2,43 1,00 462,00 5866
421 25,51 5,39 2,43 1,00 463,00 5875
422 25,51 5,39 2,42 1,00 464,00 5878
423 25,51 5,39 2,42 1,00 465,00 5879
424 25,51 5,39 2,42 1,00 466,00 5879
425 25,51 5,39 2,42 1,00 467,00 5879
426 25,51 5,39 2,42 1,00 468,00 5879
427 25,51 5,39 2,42 1,00 469,00 5879
428 25,51 5,39 2,42 1,00 470,00 5880
429 25,51 5,39 2,42 1,00 471,00 5880
430 25,51 5,39 2,42 1,00 472,00 5880
431 25,51 5,39 2,42 1,00 473,00 5880
432 25,51 5,39 2,42 1,00 474,00 5880
433 25,51 5,39 2,42 1,00 475,00 5880
434 25,51 5,39 2,42 1,00 476,00 5880
435 25,51 5,39 2,42 1,00 477,00 5880
436 25,51 0,05 0,02 1,00 478,00 5880
437 25,51 0,05 0,02 1,00 479,00 5880
438 25,51 0,05 0,02 1,00 480,00 5880
439 25,51 0,05 0,02 1,00 481,00 5880
440 25,51 0,05 0,02 1,00 482,00 5880
441 25,51 0,05 0,02 1,00 483,00 5880
442 25,51 0,05 0,02 1,00 484,00 5880
443 25,51 0,05 0,02 1,00 485,00 5880
444 25,51 0,05 0,02 1,00 486,00 5880
445 25,51 0,05 0,02 1,00 487,00 5880
446 25,51 0,05 0,02 1,00 488,00 5880
447 25,51 0,05 0,02 1,00 489,00 5880
448 25,51 0,05 0,02 1,00 490,00 5880
449 25,51 0,05 0,02 1,00 491,00 5880
450 25,51 0,05 0,02 97,00 492,00 5880
451 25,51 5,03 2,26 97,00 492,00 5901
452 25,51 5,03 2,25 97,00 493,00 5908
453 25,51 5,03 2,25 97,00 494,00 5908
454 25,51 5,03 2,25 97,00 495,00 5908
455 25,51 5,03 2,25 97,00 496,00 5908
456 25,51 5,03 2,25 97,00 497,00 5909
457 25,51 5,03 2,25 97,00 498,00 5909
458 25,51 5,03 2,25 97,00 499,00 5909
459 25,51 5,03 2,25 97,00 500,00 5909
460 25,51 5,03 2,25 97,00 501,00 5909
461 25,51 5,03 2,25 97,00 502,00 5909
462 25,51 5,03 2,25 97,00 503,00 5909
463 25,51 4,91 2,20 97,00 504,00 5909
464 25,51 4,91 2,20 97,00 505,00 5909
465 25,51 4,91 2,20 97,00 506,00 5909
466 25,51 4,91 2,20 97,00 507,00 5909
467 25,51 4,91 2,20 97,00 508,00 5909
468 25,51 4,86 2,18 97,00 509,00 5909
469 25,51 4,86 2,18 97,00 510,00 5909
470 25,51 4,84 2,17 97,00 511,00 5909
471 25,51 4,83 2,16 97,00 512,00 5909
472 25,51 4,83 2,16 97,00 513,00 5909
473 25,51 4,83 2,16 97,00 514,00 5909
474 25,51 4,83 2,16 97,00 515,00 5909
475 25,51 4,83 2,16 97,00 516,00 5909
476 25,51 4,83 2,16 97,00 517,00 5909
477 25,51 4,83 2,16 97,00 518,00 5909
478 25,51 4,83 2,16 97,00 519,00 5909
479 25,51 4,83 2,16 97,00 520,00 5909
480 25,51 4,83 2,16 1,00 521,00 5909
481 25,51 4,83 2,16 1,00 522,00 5915
482 25,51 4,83 2,15 1,00 523,00 5916
483 25,51 4,83 2,15 1,00 524,00 5916
484 25,51 4,83 2,15 1,00 525,00 5916
485 25,51 4,83 2,15 1,00 526,00 5916
486 25,51 4,83 2,15 1,00 527,00 5916
487 25,51 4,83 2,15 1,00 528,00 5916
488 25,51 0,05 0,02 1,00 529,00 5916
489 25,51 0,05 0,02 1,00 530,00 5916
490 25,51 0,05 0,02 1,00 531,00 5916
491 25,51 0,05 0,02 1,00 532,00 5916
492 25,51 0,05 0,02 1,00 533,00 5916
493 25,51 0,05 0,02 1,00 534,00 5916
494 25,51 0,05 0,02 1,00 535,00 5916
495 25,51 0,05 0,02 1,00 536,00 5916
496 25,51 0,05 0,02 1,00 537,00 5916
497 25,51 0,05 0,02 1,00 538,00 5916
498 25,51 0,05 0,02 1,00 539,00 5916
499 25,51 0,05 0,02 1,00 540,00 5916
500 25,51 0,05 0,02 1,00 541,00 5916
501 25,51 0,05 0,02 1,00 542,00 5916
502 25,51 0,05 0,02 1,00 543,00 5916
503 25,51 0,05 0,02 1,00 544,00 5916
504 25,51 0,05 0,02 1,00 545,00 5916
505 25,51 0,05 0,02 1,00 546,00 5919
506 25,51 0,05 0,02 1,00 547,00 5919
507 25,51 0,05 0,02 1,00 548,00 5919
508 25,51 0,05 0,02 1,00 549,00 5919
509 25,51 0,05 0,02 1,00 550,00 5919
510 25,51 0,05 0,02 99,00 551,00 5919
511 25,51 4,59 2,04 99,00 551,00 5935
512 25,51 4,59 2,04 99,00 552,00 5937
513 25,51 4,59 2,04 99,00 553,00 5938
514 25,51 4,59 2,04 99,00 554,00 5938
515 25,51 4,59 2,04 99,00 555,00 5938
516 25,51 4,59 2,04 99,00 556,00 5938
517 25,51 4,59 2,04 99,00 557,00 5938
518 25,51 4,59 2,04 99,00 558,00 5938
519 25,51 4,59 2,04 99,00 559,00 5938
520 25,51 4,59 2,04 99,00 560,00 5938
521 25,51 4,59 2,04 99,00 561,00 5938
522 25,51 4,59 2,04 99,00 562,00 5938
523 25,51 4,59 2,04 99,00 563,00 5938
524 25,51 4,59 2,04 99,00 564,00 5938
525 25,51 4,59 2,04 99,00 565,00 5938
526 25,51 4,46 1,98 99,00 566,00 5938
527 25,51 4,46 1,98 99,00 567,00 5938
528 25,51 4,46 1,98 99,00 568,00 5938
529 25,51 4,46 1,98 99,00 569,00 5938
530 25,51 4,46 1,98 99,00 570,00 5938
531 25,51 4,46 1,98 99,00 571,00 5938
532 25,51 4,46 1,98 99,00 572,00 5938
533 25,51 4,41 1,95 99,00 573,00 5938
534 25,51 4,41 1,95 99,00 574,00 5938
535 25,51 4,41 1,95 99,00 575,00 5938
536 25,51 4,41 1,95 99,00 576,00 5938
537 25,51 4,38 1,94 99,00 577,00 5938
538 25,51 4,38 1,94 99,00 578,00 5938
539 25,51 4,38 1,94 99,00 579,00 5938
540 25,51 4,38 1,94 1,00 580,00 5938
541 25,51 4,38 1,94 1,00 581,00 5942
542 25,51 4,38 1,93 1,00 582,00 5944
543 25,51 4,38 1,93 1,00 583,00 5946
544 25,51 4,38 1,93 1,00 584,00 5947
545 25,51 4,38 1,93 1,00 585,00 5958
546 25,51 4,38 1,93 1,00 586,00 5965
547 25,51 4,38 1,93 1,00 587,00 5965
548 25,51 4,38 1,93 1,00 588,00 5965
549 25,51 4,38 1,93 1,00 589,00 5965
550 25,51 4,38 1,93 1,00 590,00 5965
551 25,51 0,04 0,02 1,00 591,00 5965
552 25,51 0,04 0,02 1,00 592,00 5965
553 25,51 0,04 0,02 1,00 593,00 5965
554 25,51 0,04 0,02 1,00 594,00 5965
555 25,51 0,04 0,02 1,00 595,00 5965
556 25,51 0,04 0,02 1,00 596,00 5965
557 25,51 0,04 0,02 1,00 597,00 5965
558 25,51 0,04 0,02 1,00 598,00 5965
559 25,51 0,04 0,02 1,00 599,00 5969
560 25,51 0,04 0,02 1,00 600,00 5969
561 25,51 0,04 0,02 1,00 601,00 5969
562 25,51 0,04 0,02 1,00 602,00 5969
563 25,51 0,04 0,02 1,00 603,00 5969
564 25,51 0,04 0,02 1,00 604,00 5969
565 25,51 0,04 0,02 1,00 605,00 5969
566 25,51 0,04 0,02 1,00 606,00 5969
567 25,51 0,04 0,02 1,00 607,00 5969
568 25,51 0,04 0,02 1,00 608,00 5969
569 25,51 0,04 0,02 1,00 609,00 5969
570 25,51 0,04 0,02 99,00 610,00 5969
571 25,51 4,15 1,83 99,00 610,00 5988
572 25,51 4,15 1,82 99,00 611,00 5994
573 25,51 4,13 1,81 99,00 612,00 5999
574 25,51 4,13 1,81 99,00 613,00 6004
575 25,51 4,13 1,81 99,00 614,00 6007
576 25,51 4,13 1,81 99,00 615,00 6009
577 25,51 4,10 1,80 99,00 616,00 6010
578 25,51 4,10 1,80 99,00 617,00 6010
579 25,51 4,09 1,80 99,00 618,00 6010
580 25,51 4,08 1,79 99,00 619,00 6010
581 25,51 4,08 1,79 99,00 620,00 6010
582 25,51 4,08 1,79 99,00 621,00 6010
583 25,51 4,08 1,79 99,00 622,00 6010
584 25,51 4,08 1,79 99,00 623,00 6010
585 25,51 4,08 1,79 99,00 624,00 6010
586 25,51 4,08 1,79 99,00 625,00 6010
587 25,51 4,08 1,79 99,00 626,00 6010
588 25,51 4,08 1,79 99,00 627,00 6010
589 25,51 4,08 1,79 99,00 628,00 6010
590 25,51 4,08 1,79 99,00 629,00 6010
591 25,51 4,08 1,79 99,00 630,00 6010
592 25,51 4,08 1,79 99,00 631,00 6010
593 25,51 4,08 1,79 99,00 632,00 6010
594 25,51 4,08 1,79 99,00 633,00 6010
595 25,51 4,08 1,79 99,00 634,00 6010
596 25,51 4,08 1,79 99,00 635,00 6010
597 25,51 4,08 1,79 99,00 636,00 6010
598 25,51 4,08 1,79 99,00 637,00 6010
599 25,51 4,08 1,79 99,00 638,00 6010
600 25,51 4,08 1,79 1,00 639,00 6010
601 25,51 4,08 1,79 1,00 640,00 6019
602 25,51 4,08 1,79 1,00 641,00 6021
603 25,51 0,04 0,02 1,00 642,00 6022
604 25,51 0,04 0,02 1,00 643,00 6022
605 25,51 0,04 0,02 1,00 644,00 6022
606 25,51 0,04 0,02 1,00 645,00 6022
607 25,51 0,04 0,02 1,00 646,00 6022
608 25,51 0,04 0,02 1,00 647,00 6023
609 25,51 0,04 0,02 1,00 648,00 6023
610 25,51 0,04 0,02 1,00 649,00 6023
611 25,51 0,04 0,02 1,00 650,00 6023
612 25,51 0,04 0,02 1,00 651,00 6023
613 25,51 0,04 0,02 1,00 652,00 6023
614 25,51 0,04 0,02 1,00 653,00 6023
615 25,51 0,04 0,02 1,00 654,00 6023
616 25,51 0,04 0,02 1,00 655,00 6023
617 25,51 0,04 0,02 1,00 656,00 6023
618 25,51 0,04 0,02 1,00 657,00 6023
619 25,51 0,04 0,02 1,00 658,00 6023
620 25,51 0,04 0,02 1,00 659,00 6023
621 25,51 0,04 0,02 1,00 660,00 6023
622 25,51 0,04 0,02 1,00 661,00 6023
623 25,51 0,04 0,02 1,00 662,00 6023
624 25,51 0,04 0,02 1,00 663,00 6023
625 25,51 0,04 0,02 1,00 664,00 6023
626 25,51 0,04 0,02 1,00 665,00 6023
627 25,51 0,04 0,02 1,00 666,00 6023
628 25,51 0,04 0,02 1,00 667,00 6023
629 25,51 0,04 0,02 1,00 668,00 6023
630 25,51 0,04 0,02 99,00 669,00 6023
631 25,51 3,78 1,65 99,00 669,00 6039
632 25,51 3,78 1,65 99,00 670,00 6043
633 25,51 3,78 1,65 99,00 671,00 6043
634 25,51 3,78 1,65 99,00 672,00 6043
635 25,51 3,78 1,65 99,00 673,00 6043
636 25,51 3,78 1,65 99,00 674,00 6043
637 25,51 3,78 1,65 99,00 675,00 6043
638 25,51 3,74 1,63 99,00 676,00 6043
639 25,51 3,74 1,63 99,00 677,00 6043
640 25,51 3,74 1,63 99,00 678,00 6043
641 25,51 3,74 1,63 99,00 679,00 6043
642 25,51 3,74 1,63 99,00 680,00 6043
643 25,51 3,74 1,63 99,00 681,00 6043
644 25,51 3,74 1,63 99,00 682,00 6043
645 25,51 3,74 1,63 99,00 683,00 6043
646 25,51 3,69 1,61 99,00 684,00 6043
647 25,51 3,69 1,61 99,00 685,00 6043
648 25,51 3,68 1,60 99,00 686,00 6043
649 25,51 3,68 1,60 99,00 687,00 6043
650 25,51 3,68 1,60 99,00 688,00 6043
651 25,51 3,68 1,60 99,00 689,00 6043
652 25,51 3,68 1,60 99,00 690,00 6043
653 25,51 3,65 1,59 99,00 691,00 6043
654 25,51 3,65 1,59 99,00 692,00 6043
655 25,51 3,65 1,59 99,00 693,00 6043
656 25,51 3,65 1,59 99,00 694,00 6043
657 25,51 3,63 1,58 99,00 695,00 6043
658 25,51 3,63 1,58 99,00 696,00 6043
659 25,51 3,62 1,58 99,00 697,00 6043
660 25,51 3,62 1,58 1,00 698,00 6043
661 25,51 3,62 1,58 1,00 699,00 6047
662 25,51 3,62 1,57 1,00 700,00 6047
663 25,51 0,04 0,02 1,00 701,00 6047
664 25,51 0,04 0,02 1,00 702,00 6047
665 25,51 0,04 0,02 1,00 703,00 6047
666 25,51 0,04 0,02 1,00 704,00 6047
667 25,51 0,04 0,02 1,00 705,00 6047
668 25,51 0,04 0,02 1,00 706,00 6048
669 25,51 0,04 0,02 1,00 707,00 6048
670 25,51 0,04 0,02 1,00 708,00 6048
671 25,51 0,04 0,02 1,00 709,00 6048
672 25,51 0,04 0,02 1,00 710,00 6048
673 25,51 0,04 0,02 1,00 711,00 6048
674 25,51 0,04 0,02 1,00 712,00 6048
675 25,51 0,04 0,02 1,00 713,00 6048
676 25,51 0,04 0,02 1,00 714,00 6048
677 25,51 0,04 0,02 1,00 715,00 6048
678 25,51 0,04 0,02 1,00 716,00 6048
679 25,51 0,04 0,02 1,00 717,00 6048
680 25,51 0,04 0,02 1,00 718,00 6048
681 25,51 0,04 0,02 1,00 719,00 6048
682 25,51 0,04 0,02 1,00 720,00 6048
683 25,51 0,04 0,02 1,00 721,00 6048
684 25,51 0,04 0,02 1,00 722,00 6048
685 25,51 0,04 0,02 1,00 723,00 6048
686 25,51 0,04 0,02 1,00 724,00 6048
687 25,51 0,04 0,02 1,00 725,00 6048
688 25,51 0,04 0,02 1,00 726,00 6048
689 25,51 0,04 0,02 1,00 727,00 6048
690 25,51 0,04 0,02 99,00 728,00 6048
691 25,51 3,47 1,51 99,00 728,00 6060
692 25,51 3,47 1,50 99,00 729,00 6063
693 25,51 3,46 1,49 99,00 730,00 6066
694 25,51 3,46 1,49 99,00 731,00 6067
695 25,51 3,46 1,49 99,00 732,00 6068
696 25,51 3,46 1,49 99,00 733,00 6070
697 25,51 3,46 1,49 99,00 734,00 6070
698 25,51 3,46 1,49 99,00 735,00 6070
699 25,51 3,43 1,48 99,00 736,00 6070
700 25,51 3,43 1,48 99,00 737,00 6070
701 25,51 3,43 1,48 99,00 738,00 6070
702 25,51 3,43 1,48 99,00 739,00 6070
703 25,51 3,43 1,48 99,00 740,00 6070
704 25,51 3,43 1,48 99,00 741,00 6070
705 25,51 3,43 1,48 99,00 742,00 6070
706 25,51 3,43 1,48 99,00 743,00 6070
707 25,51 3,43 1,48 99,00 744,00 6070
708 25,51 3,43 1,48 99,00 745,00 6070
709 25,51 3,43 1,48 99,00 746,00 6070
710 25,51 3,43 1,48 99,00 747,00 6070
711 25,51 3,38 1,46 99,00 748,00 6070
712 25,51 3,38 1,46 99,00 749,00 6070
713 25,51 3,37 1,45 99,00 750,00 6070
714 25,51 3,36 1,45 99,00 751,00 6070
715 25,51 3,36 1,45 99,00 752,00 6070
716 25,51 3,36 1,45 99,00 753,00 6070
717 25,51 3,36 1,45 99,00 754,00 6070
718 25,51 3,36 1,45 99,00 755,00 6070
719 25,51 3,36 1,45 99,00 756,00 6070
720 25,51 3,36 1,45 1,00 757,00 6070
721 25,51 3,36 1,45 1,00 758,00 6073
722 25,51 3,36 1,45 1,00 759,00 6073
723 25,51 3,36 1,45 1,00 760,00 6073
724 25,51 3,36 1,45 1,00 761,00 6073
725 25,51 3,36 1,45 1,00 762,00 6073
726 25,51 3,36 1,45 1,00 763,00 6073
727 25,51 3,36 1,45 1,00 764,00 6073
728 25,51 3,36 1,45 1,00 765,00 6073
729 25,51 3,36 1,45 1,00 766,00 6073
730 25,51 3,36 1,45 1,00 767,00 6073
731 25,51 3,36 1,45 1,00 768,00 6073
732 25,51 3,36 1,45 1,00 769,00 6073
733 25,51 3,36 1,45 1,00 770,00 6073
734 25,51 3,36 1,45 1,00 771,00 6073
735 25,51 3,36 1,45 1,00 772,00 6073
736 25,51 3,36 1,45 1,00 773,00 6073
737 25,51 3,36 1,45 1,00 774,00 6073
738 25,51 3,36 1,45 1,00 775,00 6073
739 25,51 3,36 1,45 1,00 776,00 6073
740 25,51 0,03 0,01 1,00 777,00 6073
741 25,51 0,03 0,01 1,00 778,00 6073
742 25,51 0,03 0,01 1,00 779,00 6073
743 25,51 0,03 0,01 1,00 780,00 6073
744 25,51 0,03 0,01 1,00 781,00 6073
745 25,51 0,03 0,01 1,00 782,00 6073
746 25,51 0,03 0,01 1,00 783,00 6073
747 25,51 0,03 0,01 1,00 784,00 6073
748 25,51 0,03 0,01 1,00 785,00 6073
749 25,51 0,03 0,01 1,00 786,00 6073
750 25,51 0,03 0,01 99,00 787,00 6073
751 25,51 3,21 1,38 99,00 787,00 6081
752 25,51 3,21 1,38 99,00 788,00 6085
753 25,51 3,21 1,38 99,00 789,00 6085
754 25,51 3,21 1,38 99,00 790,00 6085
755 25,51 3,21 1,38 99,00 791,00 6085
756 25,51 3,21 1,38 99,00 792,00 6085
757 25,51 3,21 1,38 99,00 793,00 6085
758 25,51 3,18 1,36 99,00 794,00 6091
759 25,51 3,18 1,36 99,00 795,00 6094
760 25,51 3,18 1,36 99,00 796,00 6096
761 25,51 3,18 1,36 99,00 797,00 6097
762 25,51 3,18 1,36 99,00 798,00 6098
763 25,51 3,18 1,36 99,00 799,00 6098
764 25,51 3,18 1,36 99,00 800,00 6098
765 25,51 3,15 1,35 99,00 801,00 6098
766 25,51 3,15 1,35 99,00 802,00 6098
767 25,51 3,15 1,35 99,00 803,00 6098
768 25,51 3,15 1,35 99,00 804,00 6098
769 25,51 3,15 1,35 99,00 805,00 6098
770 25,51 3,15 1,35 99,00 806,00 6098
771 25,51 3,15 1,35 99,00 807,00 6098
772 25,51 3,15 1,35 99,00 808,00 6098
773 25,51 3,15 1,35 99,00 809,00 6098
774 25,51 3,15 1,35 99,00 810,00 6098
775 25,51 3,15 1,35 99,00 811,00 6098
776 25,51 3,15 1,35 99,00 812,00 6098
777 25,51 3,15 1,35 99,00 813,00 6098
778 25,51 3,10 1,33 99,00 814,00 6098
779 25,51 3,10 1,33 99,00 815,00 6098
780 25,51 3,10 1,33 1,00 816,00 6098
781 25,51 3,10 1,33 1,00 817,00 6102
782 25,51 0,03 0,01 1,00 818,00 6107
783 25,51 0,03 0,01 1,00 819,00 6110
784 25,51 0,03 0,01 1,00 820,00 6111
785 25,51 0,03 0,01 1,00 821,00 6111
786 25,51 0,03 0,01 1,00 822,00 6111
787 25,51 0,03 0,01 1,00 823,00 6111
788 25,51 0,03 0,01 1,00 824,00 6111
789 25,51 0,03 0,01 1,00 825,00 6111
790 25,51 0,03 0,01 1,00 826,00 6111
791 25,51 0,03 0,01 1,00 827,00 6111
792 25,51 0,03 0,01 1,00 828,00 6111
793 25,51 0,03 0,01 1,00 829,00 6111
794 25,51 0,03 0,01 1,00 830,00 6111
795 25,51 0,03 0,01 1,00 831,00 6111
796 25,51 0,03 0,01 1,00 832,00 6111
797 25,51 0,03 0,01 1,00 833,00 6111
798 25,51 0,03 0,01 1,00 834,00 6111
799 25,51 0,03 0,01 1,00 835,00 6111
800 25,51 0,03 0,01 1,00 836,00 6111
801 25,51 0,03 0,01 1,00 837,00 6111
802 25,51 0,03 0,01 1,00 838,00 6111
803 25,51 0,03 0,01 1,00 839,00 6111
804 25,51 0,03 0,01 1,00 840,00 6111
805 25,51 0,03 0,01 1,00 841,00 6111
806 25,51 0,03 0,01 1,00 842,00 6111
807 25,51 0,03 0,01 1,00 843,00 6111
808 25,51 0,03 0,01 1,00 844,00 6111
809 25,51 0,03 0,01 1,00 845,00 6111
810 25,51 0,03 0,01 99,00 846,00 6111
811 25,51 2,99 1,27 99,00 846,00 6120
812 25,51 2,99 1,27 99,00 847,00 6122
813 25,51 2,99 1,27 99,00 848,00 6123
814 25,51 2,99 1,27 99,00 849,00 6123
815 25,51 2,99 1,27 99,00 850,00 6123
816 25,51 2,99 1,27 99,00 851,00 6123
817 25,51 2,96 1,26 99,00 852,00 6123
818 25,51 2,96 1,26 99,00 853,00 6123
819 25,51 2,96 1,26 99,00 854,00 6123
820 25,51 2,96 1,26 99,00 855,00 6123
821 25,51 2,96 1,26 99,00 856,00 6123
822 25,51 2,96 1,26 99,00 857,00 6123
823 25,51 2,96 1,26 99,00 858,00 6123
824 25,51 2,96 1,26 99,00 859,00 6123
825 25,51 2,96 1,26 99,00 860,00 6123
826 25,51 2,96 1,26 99,00 861,00 6123
827 25,51 2,96 1,26 99,00 862,00 6123
828 25,51 2,96 1,26 99,00 863,00 6123
829 25,51 2,96 1,26 99,00 864,00 6123
830 25,51 2,96 1,26 99,00 865,00 6123
831 25,51 2,96 1,26 99,00 866,00 6123
832 25,51 2,91 1,24 99,00 867,00 6123
833 25,51 2,91 1,24 99,00 868,00 6123
834 25,51 2,91 1,24 99,00 869,00 6123
835 25,51 2,91 1,24 99,00 870,00 6123
836 25,51 2,91 1,24 99,00 871,00 6123
837 25,51 2,91 1,24 99,00 872,00 6123
838 25,51 2,91 1,24 99,00 873,00 6123
839 25,51 2,91 1,24 99,00 874,00 6123
840 25,51 2,91 1,24 1,00 875,00 6123
841 25,51 2,91 1,24 1,00 876,00 6130
842 25,51 2,91 1,23 1,00 877,00 6130
843 25,51 0,03 0,01 1,00 878,00 6130
844 25,51 0,03 0,01 1,00 879,00 6130
845 25,51 0,03 0,01 1,00 880,00 6130
846 25,51 0,03 0,01 1,00 881,00 6130
847 25,51 0,03 0,01 1,00 882,00 6130
848 25,51 0,03 0,01 1,00 883,00 6130
849 25,51 0,03 0,01 1,00 884,00 6130
850 25,51 0,03 0,01 1,00 885,00 6130
851 25,51 0,03 0,01 1,00 886,00 6130
852 25,51 0,03 0,01 1,00 887,00 6130
853 25,51 0,03 0,01 1,00 888,00 6130
854 25,51 0,03 0,01 1,00 889,00 6130
855 25,51 0,03 0,01 1,00 890,00 6130
856 25,51 0,03 0,01 1,00 891,00 6130
857 25,51 0,03 0,01 1,00 892,00 6130
858 25,51 0,03 0,01 1,00 893,00 6130
859 25,51 0,03 0,01 1,00 894,00 6130
860 25,51 0,03 0,01 1,00 895,00 6130
861 25,51 0,03 0,01 1,00 896,00 6130
862 25,51 0,03 0,01 1,00 897,00 6130
863 25,51 0,03 0,01 1,00 898,00 6130
864 25,51 0,03 0,01 1,00 899,00 6130
865 25,51 0,03 0,01 1,00 900,00 6130
866 25,51 0,03 0,01 1,00 901,00 6130
867 25,51 0,03 0,01 1,00 902,00 6130
868 25,51 0,03 0,01 1,00 903,00 6130
869 25,51 0,03 0,01 1,00 904,00 6130
870 25,51 0,03 0,01 99,00 905,00 6130
871 25,51 2,79 1,18 99,00 905,00 6139
872 25,51 2,79 1,18 99,00 906,00 6142
873 25,51 2,79 1,18 99,00 907,00 6144
874 25,51 2,79 1,18 99,00 908,00 6144
875 25,51 2,79 1,18 99,00 909,00 6152
876 25,51 2,79 1,18 99,00 910,00 6155
877 25,51 2,77 1,17 99,00 911,00 6156
878 25,51 2,77 1,17 99,00 912,00 6156
879 25,51 2,77 1,17 99,00 913,00 6156
880 25,51 2,77 1,17 99,00 914,00 6156
881 25,51 2,77 1,17 99,00 915,00 6156
882 25,51 2,77 1,17 99,00 916,00 6156
883 25,51 2,77 1,17 99,00 917,00 6156
884 25,51 2,77 1,17 99,00 918,00 6156
885 25,51 2,77 1,17 99,00 919,00 6156
886 25,51 2,77 1,17 99,00 920,00 6156
887 25,51 2,77 1,17 99,00 921,00 6156
888 25,51 2,77 1,17 99,00 922,00 6156
889 25,51 2,77 1,17 99,00 923,00 6156
890 25,51 2,77 1,17 99,00 924,00 6156
891 25,51 2,77 1,17 99,00 925,00 6156
892 25,51 2,73 1,15 99,00 926,00 6156
893 25,51 2,73 1,15 99,00 927,00 6156
894 25,51 2,73 1,15 99,00 928,00 6156
895 25,51 2,73 1,15 99,00 929,00 6156
896 25,51 2,73 1,15 99,00 930,00 6156
897 25,51 2,73 1,15 99,00 931,00 6156
898 25,51 2,73 1,15 99,00 932,00 6156
899 25,51 2,73 1,15 99,00 933,00 6156
900 25,51 2,73 1,15 1,00 934,00 6156
901 25,51 2,73 1,15 1,00 935,00 6161
902 25,51 2,73 1,14 1,00 936,00 6162
903 25,51 2,73 1,14 1,00 937,00 6163
904 25,51 2,73 1,14 1,00 938,00 6163
905 25,51 2,73 1,14 1,00 939,00 6164
906 25,51 2,73 1,14 1,00 940,00 6165
907 25,51 2,73 1,14 1,00 941,00 6165
908 25,51 2,73 1,14 1,00 942,00 6165
909 25,51 2,73 1,14 1,00 943,00 6165
910 25,51 2,73 1,14 1,00 944,00 6165
911 25,51 2,73 1,14 1,00 945,00 6165
912 25,51 2,73 1,14 1,00 946,00 6165
913 25,51 2,73 1,14 1,00 947,00 6165
914 25,51 2,73 1,14 1,00 948,00 6165
915 25,51 2,73 1,14 1,00 949,00 6165
916 25,51 2,73 1,14 1,00 950,00 6165
917 25,51 2,73 1,14 1,00 951,00 6165
918 25,51 2,73 1,14 1,00 952,00 6165
919 25,51 2,73 1,14 1,00 953,00 6165
920 25,51 2,73 1,14 1,00 954,00 6165
921 25,51 2,73 1,14 1,00 955,00 6165
922 25,51 0,03 0,01 1,00 956,00 6165
923 25,51 0,03 0,01 1,00 957,00 6165
924 25,51 0,03 0,01 1,00 958,00 6165
925 25,51 0,03 0,01 1,00 959,00 6165
926 25,51 0,03 0,01 1,00 960,00 6165
927 25,51 0,03 0,01 1,00 961,00 6165
928 25,51 0,03 0,01 1,00 962,00 6165
929 25,51 0,03 0,01 1,00 963,00 6165
930 25,51 0,03 0,01 99,00 964,00 6165
931 25,51 2,62 1,10 99,00 964,00 6173
932 25,51 2,62 1,09 99,00 965,00 6176
933 25,51 2,62 1,09 99,00 966,00 6176
934 25,51 2,62 1,09 99,00 967,00 6176
935 25,51 2,62 1,09 99,00 968,00 6176
936 25,51 2,62 1,09 99,00 969,00 6177
937 25,51 2,62 1,09 99,00 970,00 6177
938 25,51 2,62 1,09 99,00 971,00 6177
939 25,51 2,62 1,09 99,00 972,00 6177
940 25,51 2,62 1,09 99,00 973,00 6177
941 25,51 2,62 1,09 99,00 974,00 6177
942 25,51 2,62 1,09 99,00 975,00 6177
943 25,51 2,62 1,09 99,00 976,00 6177
944 25,51 2,62 1,09 99,00 977,00 6177
945 25,51 2,62 1,09 99,00 978,00 6177
946 25,51 2,62 1,09 99,00 979,00 6177
947 25,51 2,58 1,08 99,00 980,00 6177
948 25,51 2,58 1,08 99,00 981,00 6177
949 25,51 2,58 1,08 99,00 982,00 6177
950 25,51 2,58 1,08 99,00 983,00 6177
951 25,51 2,58 1,08 99,00 984,00 6177
952 25,51 2,58 1,08 99,00 985,00 6177
953 25,51 2,58 1,08 99,00 986,00 6177
954 25,51 2,58 1,08 99,00 987,00 6177
955 25,51 2,58 1,08 99,00 988,00 6177
956 25,51 2,58 1,08 99,00 989,00 6177
957 25,51 2,58 1,08 99,00 990,00 6177
958 25,51 2,58 1,08 99,00 991,00 6177
959 25,51 2,58 1,08 99,00 992,00 6177
960 25,51 2,58 1,08 1,00 993,00 6177
961 25,51 2,58 1,08 1,00 994,00 6179
962 25,51 2,58 1,07 1,00 995,00 6180
963 25,51 0,03 0,01 1,00 996,00 6180
964 25,51 0,03 0,01 1,00 997,00 6180
965 25,51 0,03 0,01 1,00 998,00 6181
966 25,51 0,03 0,01 1,00 999,00 6181
967 25,51 0,03 0,01 1,00 1.000,00 6181
968 25,51 0,03 0,01 1,00 1.001,00 6181
969 25,51 0,03 0,01 1,00 1.002,00 6181
970 25,51 0,03 0,01 1,00 1.003,00 6181
971 25,51 0,03 0,01 1,00 1.004,00 6181
972 25,51 0,03 0,01 1,00 1.005,00 6181
973 25,51 0,03 0,01 1,00 1.006,00 6181
974 25,51 0,03 0,01 1,00 1.007,00 6181
975 25,51 0,03 0,01 1,00 1.008,00 6181
976 25,51 0,03 0,01 1,00 1.009,00 6181
977 25,51 0,03 0,01 1,00 1.010,00 6181
978 25,51 0,03 0,01 1,00 1.011,00 6181
979 25,51 0,03 0,01 1,00 1.012,00 6181
980 25,51 0,03 0,01 1,00 1.013,00 6181
981 25,51 0,03 0,01 1,00 1.014,00 6181
982 25,51 0,03 0,01 1,00 1.015,00 6181
983 25,51 0,03 0,01 1,00 1.016,00 6181
984 25,51 0,03 0,01 1,00 1.017,00 6181
985 25,51 0,03 0,01 1,00 1.018,00 6181
986 25,51 0,03 0,01 1,00 1.019,00 6181
987 25,51 0,03 0,01 1,00 1.020,00 6181
988 25,51 0,03 0,01 1,00 1.021,00 6181
989 25,51 0,03 0,01 1,00 1.022,00 6181
990 25,51 0,03 0,01 99,00 1.023,00 6181
991 25,51 2,47 1,03 99,00 1.023,00 6187
992 25,51 2,47 1,02 99,00 1.024,00 6189
993 25,51 2,47 1,02 99,00 1.025,00 6189
994 25,51 2,47 1,02 99,00 1.026,00 6189
995 25,51 2,47 1,02 99,00 1.027,00 6189
996 25,51 2,47 1,02 99,00 1.028,00 6189
997 25,51 2,47 1,02 99,00 1.029,00 6189
998 25,51 2,47 1,02 99,00 1.030,00 6189
999 25,51 2,47 1,02 99,00 1.031,00 6189
