500
0 227,13 227,13 227,13 1,00 38,00
1 227,13 0,00 0,00 1,00 37,00
2 227,13 454,27 505,97 99,00 49,00
3 227,13 0,00 0,00 1,00 62,00
4 227,13 227,13 388,31 99,00 74,00
5 227,13 0,00 0,00 1,00 87,00
6 227,13 227,13 321,04 99,00 99,00
7 227,13 0,00 0,00 1,00 112,00
8 227,13 0,00 0,00 99,00 112,00
9 227,13 227,13 308,45 197,00 124,00
10 227,13 0,00 0,00 97,00 137,00
11 227,13 227,13 308,14 195,00 149,00
12 227,13 0,00 0,00 95,00 162,00
13 227,13 227,13 330,65 193,00 174,00
14 227,13 0,00 0,00 93,00 187,00
15 227,13 0,00 0,00 191,00 199,00
16 227,13 227,13 316,19 289,00 211,00
17 227,13 0,00 0,00 189,00 224,00
18 227,13 227,13 315,66 287,00 236,00
19 227,13 0,00 0,00 187,00 249,00
20 227,13 227,13 313,42 285,00 261,00
21 227,13 0,00 0,00 185,00 274,00
22 227,13 0,00 0,00 283,00 286,00
23 227,13 227,13 311,82 381,00 298,00
24 227,13 0,00 0,00 281,00 311,00
25 227,13 227,13 311,33 379,00 323,00
26 227,13 0,00 0,00 279,00 336,00
27 227,13 227,13 310,54 377,00 348,00
28 227,13 0,00 0,00 277,00 361,00
29 227,13 227,13 309,78 375,00 373,00
30 227,13 0,00 0,00 275,00 386,00
31 227,13 0,00 0,00 373,00 386,00
32 227,13 227,13 308,63 471,00 398,00
33 227,13 0,00 0,00 371,00 411,00
34 227,13 227,13 307,85 469,00 423,00
35 227,13 0,00 0,00 369,00 436,00
36 227,13 227,13 306,93 467,00 448,00
37 227,13 0,00 0,00 367,00 461,00
38 227,13 0,00 0,00 465,00 473,00
39 227,13 227,13 305,58 563,00 485,00
40 227,13 0,00 0,00 463,00 498,00
41 227,13 227,13 304,64 561,00 510,00
42 227,13 0,00 0,00 461,00 523,00
43 227,13 227,13 303,72 559,00 535,00
44 227,13 0,00 0,00 459,00 548,00
45 227,13 0,00 0,00 557,00 560,00
46 227,13 227,13 302,38 655,00 572,00
47 227,13 0,00 0,00 555,00 585,00
48 227,13 227,13 301,50 653,00 597,00
49 227,13 0,00 0,00 553,00 610,00
50 227,13 227,13 300,56 651,00 622,00
51 227,13 0,00 0,00 551,00 635,00
52 227,13 227,13 299,58 649,00 647,00
53 227,13 0,00 0,00 549,00 660,00
54 227,13 0,00 0,00 647,00 660,00
55 227,13 227,13 298,05 745,00 672,00
56 227,13 0,00 0,00 645,00 685,00
57 227,13 227,13 296,93 743,00 697,00
58 227,13 0,00 0,00 643,00 710,00
59 227,13 227,13 295,84 741,00 722,00
60 227,13 0,00 0,00 641,00 735,00
61 227,13 0,00 0,00 739,00 747,00
62 227,13 227,13 294,19 837,00 759,00
63 227,13 0,00 0,00 737,00 772,00
64 227,13 227,13 293,07 835,00 784,00
65 227,13 0,00 0,00 735,00 797,00
66 227,13 227,13 291,96 833,00 809,00
67 227,13 0,00 0,00 733,00 822,00
68 227,13 0,00 0,00 831,00 834,00
69 227,13 227,13 290,29 929,00 846,00
70 227,13 0,00 0,00 829,00 859,00
71 227,13 227,13 289,19 927,00 871,00
72 227,13 0,00 0,00 827,00 884,00
73 227,13 227,13 288,17 925,00 896,00
74 227,13 0,00 0,00 825,00 909,00
75 227,13 227,13 287,06 923,00 921,00
76 227,13 0,00 0,00 823,00 934,00
77 227,13 0,00 0,00 921,00 934,00
78 227,13 227,13 285,39 1.019,00 946,00
79 227,13 0,00 0,00 919,00 959,00
80 227,13 227,13 284,33 1.017,00 971,00
81 227,13 0,00 0,00 917,00 984,00
82 227,13 227,13 283,29 1.015,00 996,00
83 227,13 0,00 0,00 915,00 1.009,00
84 227,13 0,00 0,00 1.013,00 1.021,00
85 227,13 227,13 281,69 1.111,00 1.033,00
86 227,13 0,00 0,00 1.011,00 1.046,00
87 227,13 227,13 280,60 1.109,00 1.058,00
88 227,13 0,00 0,00 1.009,00 1.071,00
89 227,13 227,13 279,55 1.107,00 1.083,00
90 227,13 0,00 0,00 1.007,00 1.096,00
91 227,13 0,00 0,00 1.105,00 1.108,00
92 227,13 227,13 278,01 1.203,00 1.120,00
93 227,13 0,00 0,00 1.103,00 1.133,00
94 227,13 227,13 277,04 1.201,00 1.145,00
95 227,13 0,00 0,00 1.101,00 1.158,00
96 227,13 227,13 276,07 1.199,00 1.170,00
97 227,13 0,00 0,00 1.099,00 1.183,00
98 227,13 227,13 275,04 1.197,00 1.195,00
99 227,13 0,00 0,00 1.097,00 1.208,00
100 227,13 0,00 0,00 1.195,00 1.208,00
101 227,13 227,13 273,57 1.293,00 1.220,00
102 227,13 0,00 0,00 1.193,00 1.233,00
103 227,13 227,13 272,59 1.291,00 1.245,00
104 227,13 0,00 0,00 1.191,00 1.258,00
105 227,13 227,13 271,54 1.289,00 1.270,00
106 227,13 0,00 0,00 1.189,00 1.283,00
107 227,13 0,00 0,00 1.287,00 1.295,00
108 227,13 227,13 270,04 1.385,00 1.307,00
109 227,13 0,00 0,00 1.285,00 1.320,00
110 227,13 227,13 269,05 1.383,00 1.332,00
111 227,13 0,00 0,00 1.283,00 1.345,00
112 227,13 227,13 268,07 1.381,00 1.357,00
113 227,13 0,00 0,00 1.281,00 1.370,00
114 227,13 0,00 0,00 1.379,00 1.382,00
115 227,13 227,13 266,61 1.477,00 1.394,00
116 227,13 0,00 0,00 1.377,00 1.407,00
117 227,13 227,13 265,72 1.475,00 1.419,00
118 227,13 0,00 0,00 1.375,00 1.432,00
119 227,13 227,13 264,77 1.473,00 1.444,00
120 227,13 0,00 0,00 1.373,00 1.457,00
121 227,13 227,13 263,82 1.471,00 1.469,00
122 227,13 0,00 0,00 1.371,00 1.482,00
123 227,13 0,00 0,00 1.469,00 1.482,00
124 227,13 227,13 262,42 1.567,00 1.494,00
125 227,13 0,00 0,00 1.467,00 1.507,00
126 227,13 227,13 261,51 1.565,00 1.519,00
127 227,13 0,00 0,00 1.465,00 1.532,00
128 227,13 227,13 260,64 1.563,00 1.544,00
129 227,13 0,00 0,00 1.463,00 1.557,00
130 227,13 0,00 0,00 1.561,00 1.569,00
131 227,13 227,13 259,38 1.659,00 1.581,00
132 227,13 0,00 0,00 1.559,00 1.594,00
133 227,13 227,13 258,53 1.657,00 1.606,00
134 227,13 0,00 0,00 1.557,00 1.619,00
135 227,13 227,13 257,68 1.655,00 1.631,00
136 227,13 0,00 0,00 1.555,00 1.644,00
137 227,13 0,00 0,00 1.653,00 1.656,00
138 227,13 227,13 256,46 1.751,00 1.668,00
139 227,13 0,00 0,00 1.651,00 1.681,00
140 227,13 227,13 255,66 1.749,00 1.693,00
141 227,13 0,00 0,00 1.649,00 1.706,00
142 227,13 227,13 254,89 1.747,00 1.718,00
143 227,13 0,00 0,00 1.647,00 1.731,00
144 227,13 227,13 254,13 1.745,00 1.743,00
145 227,13 0,00 0,00 1.645,00 1.756,00
146 227,13 0,00 0,00 1.743,00 1.756,00
147 227,13 227,13 252,98 1.841,00 1.768,00
148 227,13 0,00 0,00 1.741,00 1.781,00
149 227,13 227,13 252,24 1.839,00 1.793,00
150 227,13 0,00 0,00 1.739,00 1.806,00
151 227,13 227,13 251,52 1.837,00 1.818,00
152 227,13 0,00 0,00 1.737,00 1.831,00
153 227,13 0,00 0,00 1.835,00 1.843,00
154 227,13 227,13 250,41 1.933,00 1.855,00
155 227,13 0,00 0,00 1.833,00 1.868,00
156 227,13 227,13 249,67 1.931,00 1.880,00
157 227,13 0,00 0,00 1.831,00 1.893,00
158 227,13 227,13 248,96 1.929,00 1.905,00
159 227,13 0,00 0,00 1.829,00 1.918,00
160 227,13 0,00 0,00 1.927,00 1.930,00
161 227,13 227,13 247,91 2.025,00 1.942,00
162 227,13 0,00 0,00 1.925,00 1.955,00
163 227,13 227,13 247,27 2.023,00 1.967,00
164 227,13 0,00 0,00 1.923,00 1.980,00
165 227,13 227,13 246,63 2.021,00 1.992,00
166 227,13 0,00 0,00 1.921,00 2.005,00
167 227,13 227,13 245,96 2.019,00 2.017,00
168 227,13 0,00 0,00 1.919,00 2.030,00
169 227,13 0,00 0,00 2.017,00 2.030,00
170 227,13 227,13 244,99 2.115,00 2.042,00
171 227,13 0,00 0,00 2.015,00 2.055,00
172 227,13 227,13 244,36 2.113,00 2.067,00
173 227,13 0,00 0,00 2.013,00 2.080,00
174 227,13 227,13 243,71 2.111,00 2.092,00
175 227,13 0,00 0,00 2.011,00 2.105,00
176 227,13 0,00 0,00 2.109,00 2.117,00
177 227,13 227,13 242,74 2.207,00 2.129,00
178 227,13 0,00 0,00 2.107,00 2.142,00
179 227,13 227,13 242,14 2.205,00 2.154,00
180 227,13 0,00 0,00 2.105,00 2.167,00
181 227,13 227,13 241,56 2.203,00 2.179,00
182 227,13 0,00 0,00 2.103,00 2.192,00
183 227,13 0,00 0,00 2.201,00 2.204,00
184 227,13 227,13 240,72 2.299,00 2.216,00
185 227,13 0,00 0,00 2.199,00 2.229,00
186 227,13 227,13 240,19 2.297,00 2.241,00
187 227,13 0,00 0,00 2.197,00 2.254,00
188 227,13 227,13 239,65 2.295,00 2.266,00
189 227,13 0,00 0,00 2.195,00 2.279,00
190 227,13 227,13 239,10 2.293,00 2.291,00
191 227,13 0,00 0,00 2.193,00 2.304,00
192 227,13 0,00 0,00 2.291,00 2.304,00
193 227,13 227,13 238,33 2.389,00 2.316,00
194 227,13 0,00 0,00 2.289,00 2.329,00
195 227,13 227,13 237,80 2.387,00 2.341,00
196 227,13 0,00 0,00 2.287,00 2.354,00
197 227,13 227,13 237,30 2.385,00 2.366,00
198 227,13 0,00 0,00 2.285,00 2.379,00
199 227,13 0,00 0,00 2.383,00 2.391,00
200 227,13 227,13 236,56 2.481,00 2.403,00
201 227,13 0,00 0,00 2.381,00 2.416,00
202 227,13 227,13 236,10 2.479,00 2.428,00
203 227,13 0,00 0,00 2.379,00 2.441,00
204 227,13 227,13 235,64 2.477,00 2.453,00
205 227,13 0,00 0,00 2.377,00 2.466,00
206 227,13 0,00 0,00 2.475,00 2.478,00
207 227,13 227,13 234,97 2.573,00 2.490,00
208 227,13 0,00 0,00 2.473,00 2.503,00
209 227,13 227,13 234,52 2.571,00 2.515,00
210 227,13 0,00 0,00 2.471,00 2.528,00
211 227,13 227,13 234,09 2.569,00 2.540,00
212 227,13 0,00 0,00 2.469,00 2.553,00
213 227,13 227,13 233,67 2.567,00 2.565,00
214 227,13 0,00 0,00 2.467,00 2.578,00
215 227,13 0,00 0,00 2.565,00 2.578,00
216 227,13 227,13 233,04 2.663,00 2.590,00
217 227,13 0,00 0,00 2.563,00 2.603,00
218 227,13 227,13 232,60 2.661,00 2.615,00
219 227,13 0,00 0,00 2.561,00 2.628,00
220 227,13 227,13 232,17 2.659,00 2.640,00
221 227,13 0,00 0,00 2.559,00 2.653,00
222 227,13 0,00 0,00 2.657,00 2.665,00
223 227,13 227,13 231,53 2.755,00 2.677,00
224 227,13 0,00 0,00 2.655,00 2.690,00
225 227,13 227,13 231,12 2.753,00 2.702,00
226 227,13 0,00 0,00 2.653,00 2.715,00
227 227,13 227,13 230,71 2.751,00 2.727,00
228 227,13 0,00 0,00 2.651,00 2.740,00
229 227,13 0,00 0,00 2.749,00 2.752,00
230 227,13 227,13 230,14 2.847,00 2.764,00
231 227,13 0,00 0,00 2.747,00 2.777,00
232 227,13 227,13 229,79 2.845,00 2.789,00
233 227,13 0,00 0,00 2.745,00 2.802,00
234 227,13 227,13 229,45 2.843,00 2.814,00
235 227,13 0,00 0,00 2.743,00 2.827,00
236 227,13 227,13 229,11 2.841,00 2.839,00
237 227,13 0,00 0,00 2.741,00 2.852,00
238 227,13 0,00 0,00 2.839,00 2.852,00
239 227,13 227,13 228,58 2.937,00 2.864,00
240 227,13 0,00 0,00 2.837,00 2.877,00
241 227,13 227,13 228,24 2.935,00 2.889,00
242 227,13 0,00 0,00 2.835,00 2.902,00
243 227,13 227,13 227,91 2.933,00 2.914,00
244 227,13 0,00 0,00 2.833,00 2.927,00
245 227,13 0,00 0,00 2.931,00 2.939,00
246 227,13 227,13 227,42 3.029,00 2.951,00
247 227,13 0,00 0,00 2.929,00 2.964,00
248 227,13 227,13 227,11 3.027,00 2.976,00
249 227,13 0,00 0,00 2.927,00 2.989,00
250 227,13 227,13 226,81 3.025,00 3.001,00
251 227,13 0,00 0,00 2.925,00 3.014,00
252 227,13 0,00 0,00 3.023,00 3.026,00
253 227,13 227,13 226,37 3.121,00 3.038,00
254 227,13 0,00 0,00 3.021,00 3.051,00
255 227,13 227,13 226,08 3.119,00 3.063,00
256 227,13 0,00 0,00 3.019,00 3.076,00
257 227,13 227,13 225,80 3.117,00 3.088,00
258 227,13 0,00 0,00 3.017,00 3.101,00
259 227,13 227,13 225,51 3.115,00 3.113,00
260 227,13 0,00 0,00 3.015,00 3.126,00
261 227,13 0,00 0,00 3.113,00 3.126,00
262 227,13 227,13 225,10 3.211,00 3.138,00
263 227,13 0,00 0,00 3.111,00 3.151,00
264 227,13 227,13 224,85 3.209,00 3.163,00
265 227,13 0,00 0,00 3.109,00 3.176,00
266 227,13 227,13 224,57 3.207,00 3.188,00
267 227,13 0,00 0,00 3.107,00 3.201,00
268 227,13 0,00 0,00 3.205,00 3.213,00
269 227,13 227,13 224,18 3.303,00 3.225,00
270 227,13 0,00 0,00 3.203,00 3.238,00
271 227,13 227,13 223,92 3.301,00 3.250,00
272 227,13 0,00 0,00 3.201,00 3.263,00
273 227,13 227,13 223,65 3.299,00 3.275,00
274 227,13 0,00 0,00 3.199,00 3.288,00
275 227,13 0,00 0,00 3.297,00 3.300,00
276 227,13 227,13 223,27 3.395,00 3.312,00
277 227,13 0,00 0,00 3.295,00 3.325,00
278 227,13 227,13 223,03 3.393,00 3.337,00
279 227,13 0,00 0,00 3.293,00 3.350,00
280 227,13 227,13 222,80 3.391,00 3.362,00
281 227,13 0,00 0,00 3.291,00 3.375,00
282 227,13 227,13 222,58 3.389,00 3.387,00
283 227,13 0,00 0,00 3.289,00 3.400,00
284 227,13 0,00 0,00 3.387,00 3.400,00
285 227,13 227,13 222,25 3.485,00 3.412,00
286 227,13 0,00 0,00 3.385,00 3.425,00
287 227,13 227,13 222,03 3.483,00 3.437,00
288 227,13 0,00 0,00 3.383,00 3.450,00
289 227,13 227,13 221,81 3.481,00 3.462,00
290 227,13 0,00 0,00 3.381,00 3.475,00
291 227,13 0,00 0,00 3.479,00 3.487,00
292 227,13 227,13 221,50 3.577,00 3.499,00
293 227,13 0,00 0,00 3.477,00 3.512,00
294 227,13 227,13 221,29 3.575,00 3.524,00
295 227,13 0,00 0,00 3.475,00 3.537,00
296 227,13 227,13 221,08 3.573,00 3.549,00
297 227,13 0,00 0,00 3.473,00 3.562,00
298 227,13 0,00 0,00 3.571,00 3.574,00
299 227,13 227,13 220,80 3.669,00 3.586,00
300 227,13 0,00 0,00 3.569,00 3.599,00
301 227,13 227,13 220,62 3.667,00 3.611,00
302 227,13 0,00 0,00 3.567,00 3.624,00
303 227,13 227,13 220,45 3.665,00 3.636,00
304 227,13 0,00 0,00 3.565,00 3.649,00
305 227,13 227,13 220,28 3.663,00 3.661,00
306 227,13 0,00 0,00 3.563,00 3.674,00
307 227,13 0,00 0,00 3.661,00 3.674,00
308 227,13 227,13 219,99 3.759,00 3.686,00
309 227,13 0,00 0,00 3.659,00 3.699,00
310 227,13 227,13 219,82 3.757,00 3.711,00
311 227,13 0,00 0,00 3.657,00 3.724,00
312 227,13 227,13 219,65 3.755,00 3.736,00
313 227,13 0,00 0,00 3.655,00 3.749,00
314 227,13 0,00 0,00 3.753,00 3.761,00
315 227,13 227,13 219,40 3.851,00 3.773,00
316 227,13 0,00 0,00 3.751,00 3.786,00
317 227,13 227,13 219,25 3.849,00 3.798,00
318 227,13 0,00 0,00 3.749,00 3.811,00
319 227,13 227,13 219,11 3.847,00 3.823,00
320 227,13 0,00 0,00 3.747,00 3.836,00
321 227,13 0,00 0,00 3.845,00 3.848,00
322 227,13 227,13 218,86 3.943,00 3.860,00
323 227,13 0,00 0,00 3.843,00 3.873,00
324 227,13 227,13 218,72 3.941,00 3.885,00
325 227,13 0,00 0,00 3.841,00 3.898,00
326 227,13 227,13 218,57 3.939,00 3.910,00
327 227,13 0,00 0,00 3.839,00 3.923,00
328 227,13 227,13 218,42 3.937,00 3.935,00
329 227,13 0,00 0,00 3.837,00 3.948,00
330 227,13 0,00 0,00 3.935,00 3.948,00
331 227,13 227,13 218,18 4.033,00 3.960,00
332 227,13 0,00 0,00 3.933,00 3.973,00
333 227,13 227,13 218,05 4.031,00 3.985,00
334 227,13 0,00 0,00 3.931,00 3.998,00
335 227,13 227,13 217,91 4.029,00 4.010,00
336 227,13 0,00 0,00 3.929,00 4.023,00
337 227,13 0,00 0,00 4.027,00 4.035,00
338 227,13 227,13 217,70 4.125,00 4.047,00
339 227,13 0,00 0,00 4.025,00 4.060,00
340 227,13 227,13 217,57 4.123,00 4.072,00
341 227,13 0,00 0,00 4.023,00 4.085,00
342 227,13 227,13 217,43 4.121,00 4.097,00
343 227,13 0,00 0,00 4.021,00 4.110,00
344 227,13 0,00 0,00 4.119,00 4.122,00
345 227,13 227,13 217,24 4.217,00 4.134,00
346 227,13 0,00 0,00 4.117,00 4.147,00
347 227,13 227,13 217,13 4.215,00 4.159,00
348 227,13 0,00 0,00 4.115,00 4.172,00
349 227,13 227,13 217,02 4.213,00 4.184,00
350 227,13 0,00 0,00 4.113,00 4.197,00
351 227,13 227,13 216,90 4.211,00 4.209,00
352 227,13 0,00 0,00 4.111,00 4.222,00
353 227,13 0,00 0,00 4.209,00 4.222,00
354 227,13 227,13 216,74 4.307,00 4.234,00
355 227,13 0,00 0,00 4.207,00 4.247,00
356 227,13 227,13 216,63 4.305,00 4.259,00
357 227,13 0,00 0,00 4.205,00 4.272,00
358 227,13 227,13 216,51 4.303,00 4.284,00
359 227,13 0,00 0,00 4.203,00 4.297,00
360 227,13 0,00 0,00 4.301,00 4.309,00
361 227,13 227,13 216,35 4.399,00 4.321,00
362 227,13 0,00 0,00 4.299,00 4.334,00
363 227,13 227,13 216,24 4.397,00 4.346,00
364 227,13 0,00 0,00 4.297,00 4.359,00
365 227,13 227,13 216,14 4.395,00 4.371,00
366 227,13 0,00 0,00 4.295,00 4.384,00
367 227,13 0,00 0,00 4.393,00 4.396,00
368 227,13 227,13 216,01 4.491,00 4.408,00
369 227,13 0,00 0,00 4.391,00 4.421,00
370 227,13 227,13 215,93 4.489,00 4.433,00
371 227,13 0,00 0,00 4.389,00 4.446,00
372 227,13 227,13 215,85 4.487,00 4.458,00
373 227,13 0,00 0,00 4.387,00 4.471,00
374 227,13 227,13 215,75 4.485,00 4.483,00
375 227,13 0,00 0,00 4.385,00 4.496,00
376 227,13 0,00 0,00 4.483,00 4.496,00
377 227,13 227,13 215,60 4.581,00 4.508,00
378 227,13 0,00 0,00 4.481,00 4.521,00
379 227,13 227,13 215,51 4.579,00 4.533,00
380 227,13 0,00 0,00 4.479,00 4.546,00
381 227,13 227,13 215,41 4.577,00 4.558,00
382 227,13 0,00 0,00 4.477,00 4.571,00
383 227,13 0,00 0,00 4.575,00 4.583,00
384 227,13 227,13 215,27 4.673,00 4.595,00
385 227,13 0,00 0,00 4.573,00 4.608,00
386 227,13 227,13 215,18 4.671,00 4.620,00
387 227,13 0,00 0,00 4.571,00 4.633,00
388 227,13 227,13 215,10 4.669,00 4.645,00
389 227,13 0,00 0,00 4.569,00 4.658,00
390 227,13 0,00 0,00 4.667,00 4.670,00
391 227,13 227,13 214,97 4.765,00 4.682,00
392 227,13 0,00 0,00 4.665,00 4.695,00
393 227,13 227,13 214,89 4.763,00 4.707,00
394 227,13 0,00 0,00 4.663,00 4.720,00
395 227,13 227,13 214,81 4.761,00 4.732,00
396 227,13 0,00 0,00 4.661,00 4.745,00
397 227,13 227,13 214,72 4.759,00 4.757,00
398 227,13 0,00 0,00 4.659,00 4.770,00
399 227,13 0,00 0,00 4.757,00 4.770,00
400 227,13 227,13 214,59 4.855,00 4.782,00
401 227,13 0,00 0,00 4.755,00 4.795,00
402 227,13 227,13 214,52 4.853,00 4.807,00
403 227,13 0,00 0,00 4.753,00 4.820,00
404 227,13 227,13 214,45 4.851,00 4.832,00
405 227,13 0,00 0,00 4.751,00 4.845,00
406 227,13 0,00 0,00 4.849,00 4.857,00
407 227,13 227,13 214,33 4.947,00 4.869,00
408 227,13 0,00 0,00 4.847,00 4.882,00
409 227,13 227,13 214,26 4.945,00 4.894,00
410 227,13 0,00 0,00 4.845,00 4.907,00
411 227,13 227,13 214,20 4.943,00 4.919,00
412 227,13 0,00 0,00 4.843,00 4.932,00
413 227,13 0,00 0,00 4.941,00 4.944,00
414 227,13 227,13 214,10 5.039,00 4.956,00
415 227,13 0,00 0,00 4.939,00 4.969,00
416 227,13 227,13 214,04 5.037,00 4.981,00
417 227,13 0,00 0,00 4.937,00 4.994,00
418 227,13 227,13 213,99 5.035,00 5.006,00
419 227,13 0,00 0,00 4.935,00 5.019,00
420 227,13 227,13 213,92 5.033,00 5.031,00
421 227,13 0,00 0,00 4.933,00 5.044,00
422 227,13 0,00 0,00 5.031,00 5.044,00
423 227,13 227,13 213,84 5.129,00 5.056,00
424 227,13 0,00 0,00 5.029,00 5.069,00
425 227,13 227,13 213,78 5.127,00 5.081,00
426 227,13 0,00 0,00 5.027,00 5.094,00
427 227,13 227,13 213,71 5.125,00 5.106,00
428 227,13 0,00 0,00 5.025,00 5.119,00
429 227,13 0,00 0,00 5.123,00 5.131,00
430 227,13 227,13 213,61 5.221,00 5.143,00
431 227,13 0,00 0,00 5.121,00 5.156,00
432 227,13 227,13 213,55 5.219,00 5.168,00
433 227,13 0,00 0,00 5.119,00 5.181,00
434 227,13 227,13 213,49 5.217,00 5.193,00
435 227,13 0,00 0,00 5.117,00 5.206,00
436 227,13 0,00 0,00 5.215,00 5.218,00
437 227,13 227,13 213,40 5.313,00 5.230,00
438 227,13 0,00 0,00 5.213,00 5.243,00
439 227,13 227,13 213,35 5.311,00 5.255,00
440 227,13 0,00 0,00 5.211,00 5.268,00
441 227,13 227,13 213,29 5.309,00 5.280,00
442 227,13 0,00 0,00 5.209,00 5.293,00
443 227,13 227,13 213,23 5.307,00 5.305,00
444 227,13 0,00 0,00 5.207,00 5.318,00
445 227,13 0,00 0,00 5.305,00 5.318,00
446 227,13 227,13 213,14 5.403,00 5.330,00
447 227,13 0,00 0,00 5.303,00 5.343,00
448 227,13 227,13 213,09 5.401,00 5.355,00
449 227,13 0,00 0,00 5.301,00 5.368,00
450 227,13 227,13 213,03 5.399,00 5.380,00
451 227,13 0,00 0,00 5.299,00 5.393,00
452 227,13 0,00 0,00 5.397,00 5.405,00
453 227,13 227,13 212,96 5.495,00 5.417,00
454 227,13 0,00 0,00 5.395,00 5.430,00
455 227,13 227,13 212,91 5.493,00 5.442,00
456 227,13 0,00 0,00 5.393,00 5.455,00
457 227,13 227,13 212,86 5.491,00 5.467,00
458 227,13 0,00 0,00 5.391,00 5.480,00
459 227,13 0,00 0,00 5.489,00 5.492,00
460 227,13 227,13 212,80 5.587,00 5.504,00
461 227,13 0,00 0,00 5.487,00 5.517,00
462 227,13 227,13 212,75 5.585,00 5.529,00
463 227,13 0,00 0,00 5.485,00 5.542,00
464 227,13 227,13 212,71 5.583,00 5.554,00
465 227,13 0,00 0,00 5.483,00 5.567,00
466 227,13 227,13 212,67 5.581,00 5.579,00
467 227,13 0,00 0,00 5.481,00 5.592,00
468 227,13 0,00 0,00 5.579,00 5.592,00
469 227,13 227,13 212,61 5.677,00 5.604,00
470 227,13 0,00 0,00 5.577,00 5.617,00
471 227,13 227,13 212,57 5.675,00 5.629,00
472 227,13 0,00 0,00 5.575,00 5.642,00
473 227,13 227,13 212,53 5.673,00 5.654,00
474 227,13 0,00 0,00 5.573,00 5.667,00
475 227,13 0,00 0,00 5.671,00 5.679,00
476 227,13 227,13 212,46 5.769,00 5.691,00
477 227,13 0,00 0,00 5.669,00 5.704,00
478 227,13 227,13 212,42 5.767,00 5.716,00
479 227,13 0,00 0,00 5.667,00 5.729,00
480 227,13 227,13 212,38 5.765,00 5.741,00
481 227,13 0,00 0,00 5.665,00 5.754,00
482 227,13 0,00 0,00 5.763,00 5.766,00
483 227,13 227,13 212,31 5.861,00 5.778,00
484 227,13 0,00 0,00 5.761,00 5.791,00
485 227,13 227,13 212,28 5.859,00 5.803,00
486 227,13 0,00 0,00 5.759,00 5.816,00
487 227,13 227,13 212,25 5.857,00 5.828,00
488 227,13 0,00 0,00 5.757,00 5.841,00
489 227,13 227,13 212,21 5.855,00 5.853,00
490 227,13 0,00 0,00 5.755,00 5.866,00
491 227,13 0,00 0,00 5.853,00 5.866,00
492 227,13 227,13 212,16 5.951,00 5.878,00
493 227,13 0,00 0,00 5.851,00 5.891,00
494 227,13 227,13 212,12 5.949,00 5.903,00
495 227,13 0,00 0,00 5.849,00 5.916,00
496 227,13 227,13 212,08 5.947,00 5.928,00
497 227,13 0,00 0,00 5.847,00 5.941,00
498 227,13 0,00 0,00 5.945,00 5.953,00
499 227,13 227,13 212,02 6.043,00 5.965,00
