500
0 150,29 150,29 150,29 1,00 80,00
1 150,29 0,00 0,00 1,00 78,00
2 150,29 150,29 221,14 99,00 81,00
3 150,29 0,00 0,00 1,00 85,00
4 150,29 150,29 173,02 99,00 88,00
5 150,29 0,00 0,00 1,00 92,00
6 150,29 150,29 280,29 99,00 95,00
7 150,29 0,00 0,00 1,00 99,00
8 150,29 0,00 0,00 99,00 102,00
9 150,29 150,29 178,29 197,00 105,00
10 150,29 0,00 0,00 98,00 109,00
11 150,29 150,29 194,45 196,00 112,00
12 150,29 0,00 0,00 96,00 116,00
13 150,29 150,29 193,45 194,00 119,00
14 150,29 0,00 0,00 94,00 123,00
15 150,29 150,29 193,10 192,00 126,00
16 150,29 0,00 0,00 92,00 130,00
17 150,29 150,29 192,78 190,00 133,00
18 150,29 0,00 0,00 90,00 137,00
19 150,29 150,29 191,16 188,00 140,00
20 150,29 0,00 0,00 88,00 144,00
21 150,29 150,29 191,01 186,00 147,00
22 150,29 0,00 0,00 86,00 151,00
23 150,29 150,29 190,17 184,00 154,00
24 150,29 0,00 0,00 84,00 158,00
25 150,29 150,29 189,42 182,00 161,00
26 150,29 0,00 0,00 82,00 165,00
27 150,29 150,29 188,01 180,00 168,00
28 150,29 0,00 0,00 80,00 172,00
29 150,29 150,29 186,26 178,00 175,00
30 150,29 0,00 0,00 78,00 179,00
31 150,29 0,00 0,00 176,00 180,00
32 150,29 150,29 183,27 274,00 183,00
33 150,29 0,00 0,00 174,00 187,00
34 150,29 150,29 181,56 272,00 190,00
35 150,29 0,00 0,00 172,00 194,00
36 150,29 150,29 179,79 270,00 197,00
37 150,29 0,00 0,00 170,00 201,00
38 150,29 150,29 177,83 268,00 204,00
39 150,29 0,00 0,00 168,00 208,00
40 150,29 150,29 175,62 266,00 211,00
41 150,29 0,00 0,00 166,00 215,00
42 150,29 150,29 173,62 264,00 218,00
43 150,29 0,00 0,00 164,00 222,00
44 150,29 150,29 171,65 262,00 225,00
45 150,29 0,00 0,00 162,00 229,00
46 150,29 150,29 169,32 260,00 232,00
47 150,29 0,00 0,00 160,00 236,00
48 150,29 150,29 167,37 258,00 239,00
49 150,29 0,00 0,00 158,00 243,00
50 150,29 150,29 165,01 256,00 246,00
51 150,29 0,00 0,00 156,00 250,00
52 150,29 150,29 162,82 254,00 253,00
53 150,29 0,00 0,00 154,00 257,00
54 150,29 0,00 0,00 252,00 256,00
55 150,29 150,29 159,57 350,00 259,00
56 150,29 0,00 0,00 250,00 263,00
57 150,29 150,29 157,23 348,00 266,00
58 150,29 0,00 0,00 248,00 270,00
59 150,29 150,29 154,97 346,00 273,00
60 150,29 0,00 0,00 246,00 277,00
61 150,29 150,29 152,68 344,00 280,00
62 150,29 0,00 0,00 244,00 284,00
63 150,29 150,29 150,46 342,00 287,00
64 150,29 0,00 0,00 242,00 291,00
65 150,29 150,29 148,36 340,00 294,00
66 150,29 0,00 0,00 240,00 298,00
67 150,29 150,29 146,13 338,00 301,00
68 150,29 0,00 0,00 238,00 305,00
69 150,29 150,29 143,94 336,00 308,00
70 150,29 0,00 0,00 236,00 312,00
71 150,29 150,29 141,67 334,00 315,00
72 150,29 0,00 0,00 234,00 319,00
73 150,29 150,29 139,54 332,00 322,00
74 150,29 0,00 0,00 232,00 326,00
75 150,29 150,29 137,46 330,00 329,00
76 150,29 0,00 0,00 230,00 333,00
77 150,29 0,00 0,00 328,00 332,00
78 150,29 150,29 134,29 426,00 335,00
79 150,29 0,00 0,00 326,00 339,00
80 150,29 150,29 132,19 424,00 342,00
81 150,29 0,00 0,00 324,00 346,00
82 150,29 150,29 130,22 422,00 349,00
83 150,29 0,00 0,00 322,00 353,00
84 150,29 150,29 128,24 420,00 356,00
85 150,29 0,00 0,00 320,00 360,00
86 150,29 150,29 126,29 418,00 363,00
87 150,29 0,00 0,00 318,00 367,00
88 150,29 150,29 124,42 416,00 370,00
89 150,29 0,00 0,00 316,00 374,00
90 150,29 150,29 122,69 414,00 377,00
91 150,29 0,00 0,00 314,00 381,00
92 150,29 150,29 120,84 412,00 384,00
93 150,29 0,00 0,00 312,00 388,00
94 150,29 150,29 119,20 410,00 391,00
95 150,29 0,00 0,00 310,00 395,00
96 150,29 150,29 117,53 408,00 398,00
97 150,29 0,00 0,00 308,00 402,00
98 150,29 150,29 115,84 406,00 405,00
99 150,29 0,00 0,00 306,00 409,00
100 150,29 0,00 0,00 404,00 408,00
101 150,29 150,29 113,40 502,00 411,00
102 150,29 0,00 0,00 402,00 415,00
103 150,29 150,29 111,72 500,00 418,00
104 150,29 0,00 0,00 400,00 422,00
105 150,29 150,29 110,27 498,00 425,00
106 150,29 0,00 0,00 398,00 429,00
107 150,29 150,29 108,61 496,00 432,00
108 150,29 0,00 0,00 396,00 436,00
109 150,29 150,29 107,11 494,00 439,00
110 150,29 0,00 0,00 394,00 443,00
111 150,29 150,29 105,65 492,00 446,00
112 150,29 0,00 0,00 392,00 450,00
113 150,29 150,29 104,30 490,00 453,00
114 150,29 0,00 0,00 390,00 457,00
115 150,29 150,29 102,94 488,00 460,00
116 150,29 0,00 0,00 388,00 464,00
117 150,29 150,29 101,64 486,00 467,00
118 150,29 0,00 0,00 386,00 471,00
119 150,29 150,29 100,22 484,00 474,00
120 150,29 0,00 0,00 384,00 478,00
121 150,29 150,29 98,98 482,00 481,00
122 150,29 0,00 0,00 382,00 485,00
123 150,29 0,00 0,00 480,00 484,00
124 150,29 150,29 97,18 578,00 487,00
125 150,29 0,00 0,00 478,00 491,00
126 150,29 150,29 95,83 576,00 494,00
127 150,29 0,00 0,00 476,00 498,00
128 150,29 150,29 94,63 574,00 501,00
129 150,29 0,00 0,00 474,00 505,00
130 150,29 150,29 93,50 572,00 508,00
131 150,29 0,00 0,00 472,00 512,00
132 150,29 150,29 92,36 570,00 515,00
133 150,29 0,00 0,00 470,00 519,00
134 150,29 150,29 91,29 568,00 522,00
135 150,29 0,00 0,00 468,00 526,00
136 150,29 150,29 90,16 566,00 529,00
137 150,29 0,00 0,00 466,00 533,00
138 150,29 150,29 89,16 564,00 536,00
139 150,29 0,00 0,00 464,00 540,00
140 150,29 150,29 88,08 562,00 543,00
141 150,29 0,00 0,00 462,00 547,00
142 150,29 150,29 87,17 560,00 550,00
143 150,29 0,00 0,00 460,00 554,00
144 150,29 150,29 86,29 558,00 557,00
145 150,29 0,00 0,00 458,00 561,00
146 150,29 0,00 0,00 556,00 560,00
147 150,29 150,29 84,86 654,00 563,00
148 150,29 0,00 0,00 554,00 567,00
149 150,29 150,29 83,98 652,00 570,00
150 150,29 0,00 0,00 552,00 574,00
151 150,29 150,29 83,11 650,00 577,00
152 150,29 0,00 0,00 550,00 581,00
153 150,29 150,29 82,25 648,00 584,00
154 150,29 0,00 0,00 548,00 588,00
155 150,29 150,29 81,38 646,00 591,00
156 150,29 0,00 0,00 546,00 595,00
157 150,29 150,29 80,59 644,00 598,00
158 150,29 0,00 0,00 544,00 602,00
159 150,29 150,29 79,87 642,00 605,00
160 150,29 0,00 0,00 542,00 609,00
161 150,29 150,29 79,06 640,00 612,00
162 150,29 0,00 0,00 540,00 616,00
163 150,29 150,29 78,40 638,00 619,00
164 150,29 0,00 0,00 538,00 623,00
165 150,29 150,29 77,63 636,00 626,00
166 150,29 0,00 0,00 536,00 630,00
167 150,29 150,29 76,92 634,00 633,00
168 150,29 0,00 0,00 534,00 637,00
169 150,29 0,00 0,00 632,00 636,00
170 150,29 150,29 75,86 730,00 639,00
171 150,29 0,00 0,00 630,00 643,00
172 150,29 150,29 75,22 728,00 646,00
173 150,29 0,00 0,00 628,00 650,00
174 150,29 150,29 74,51 726,00 653,00
175 150,29 0,00 0,00 626,00 657,00
176 150,29 150,29 73,90 724,00 660,00
177 150,29 0,00 0,00 624,00 664,00
178 150,29 150,29 73,30 722,00 667,00
179 150,29 0,00 0,00 622,00 671,00
180 150,29 150,29 72,69 720,00 674,00
181 150,29 0,00 0,00 620,00 678,00
182 150,29 150,29 72,13 718,00 681,00
183 150,29 0,00 0,00 618,00 685,00
184 150,29 150,29 71,52 716,00 688,00
185 150,29 0,00 0,00 616,00 692,00
186 150,29 150,29 70,96 714,00 695,00
187 150,29 0,00 0,00 614,00 699,00
188 150,29 150,29 70,41 712,00 702,00
189 150,29 0,00 0,00 612,00 706,00
190 150,29 150,29 69,88 710,00 709,00
191 150,29 0,00 0,00 610,00 713,00
192 150,29 0,00 0,00 708,00 712,00
193 150,29 150,29 69,13 806,00 715,00
194 150,29 0,00 0,00 706,00 719,00
195 150,29 150,29 68,59 804,00 722,00
196 150,29 0,00 0,00 704,00 726,00
197 150,29 150,29 68,15 802,00 729,00
198 150,29 0,00 0,00 702,00 733,00
199 150,29 150,29 67,68 800,00 736,00
200 150,29 0,00 0,00 700,00 740,00
201 150,29 150,29 67,21 798,00 743,00
202 150,29 0,00 0,00 698,00 747,00
203 150,29 150,29 66,76 796,00 750,00
204 150,29 0,00 0,00 696,00 754,00
205 150,29 150,29 66,32 794,00 757,00
206 150,29 0,00 0,00 694,00 761,00
207 150,29 150,29 65,89 792,00 764,00
208 150,29 0,00 0,00 692,00 768,00
209 150,29 150,29 65,48 790,00 771,00
210 150,29 0,00 0,00 690,00 775,00
211 150,29 150,29 65,07 788,00 778,00
212 150,29 0,00 0,00 688,00 782,00
213 150,29 150,29 64,67 786,00 785,00
214 150,29 0,00 0,00 686,00 789,00
215 150,29 0,00 0,00 784,00 788,00
216 150,29 150,29 64,09 882,00 791,00
217 150,29 0,00 0,00 782,00 795,00
218 150,29 150,29 63,72 880,00 798,00
219 150,29 0,00 0,00 780,00 802,00
220 150,29 150,29 63,39 878,00 805,00
221 150,29 0,00 0,00 778,00 809,00
222 150,29 150,29 63,03 876,00 812,00
223 150,29 0,00 0,00 776,00 816,00
224 150,29 150,29 62,67 874,00 819,00
225 150,29 0,00 0,00 774,00 823,00
226 150,29 150,29 62,32 872,00 826,00
227 150,29 0,00 0,00 772,00 830,00
228 150,29 150,29 61,98 870,00 833,00
229 150,29 0,00 0,00 770,00 837,00
230 150,29 150,29 61,68 868,00 840,00
231 150,29 0,00 0,00 768,00 844,00
232 150,29 150,29 61,33 866,00 847,00
233 150,29 0,00 0,00 766,00 851,00
234 150,29 150,29 61,04 864,00 854,00
235 150,29 0,00 0,00 764,00 858,00
236 150,29 150,29 60,74 862,00 861,00
237 150,29 0,00 0,00 762,00 865,00
238 150,29 0,00 0,00 860,00 864,00
239 150,29 150,29 60,29 958,00 867,00
240 150,29 0,00 0,00 858,00 871,00
241 150,29 150,29 60,00 956,00 874,00
242 150,29 0,00 0,00 856,00 878,00
243 150,29 150,29 59,72 954,00 881,00
244 150,29 0,00 0,00 854,00 885,00
245 150,29 150,29 59,45 952,00 888,00
246 150,29 0,00 0,00 852,00 892,00
247 150,29 150,29 59,18 950,00 895,00
248 150,29 0,00 0,00 850,00 899,00
249 150,29 150,29 58,92 948,00 902,00
250 150,29 0,00 0,00 848,00 906,00
251 150,29 150,29 58,66 946,00 909,00
252 150,29 0,00 0,00 846,00 913,00
253 150,29 150,29 58,41 944,00 916,00
254 150,29 0,00 0,00 844,00 920,00
255 150,29 150,29 58,17 942,00 923,00
256 150,29 0,00 0,00 842,00 927,00
257 150,29 150,29 57,93 940,00 930,00
258 150,29 0,00 0,00 840,00 934,00
259 150,29 150,29 57,69 938,00 937,00
260 150,29 0,00 0,00 838,00 941,00
261 150,29 0,00 0,00 936,00 940,00
262 150,29 150,29 57,34 1.034,00 943,00
263 150,29 0,00 0,00 934,00 947,00
264 150,29 150,29 57,12 1.032,00 950,00
265 150,29 0,00 0,00 932,00 954,00
266 150,29 150,29 56,90 1.030,00 957,00
267 150,29 0,00 0,00 930,00 961,00
268 150,29 150,29 56,69 1.028,00 964,00
269 150,29 0,00 0,00 928,00 968,00
270 150,29 150,29 56,49 1.026,00 971,00
271 150,29 0,00 0,00 926,00 975,00
272 150,29 150,29 56,28 1.024,00 978,00
273 150,29 0,00 0,00 924,00 982,00
274 150,29 150,29 56,07 1.022,00 985,00
275 150,29 0,00 0,00 922,00 989,00
276 150,29 150,29 55,87 1.020,00 992,00
277 150,29 0,00 0,00 920,00 996,00
278 150,29 150,29 55,68 1.018,00 999,00
279 150,29 0,00 0,00 918,00 1.003,00
280 150,29 150,29 55,46 1.016,00 1.006,00
281 150,29 0,00 0,00 916,00 1.010,00
282 150,29 150,29 55,30 1.014,00 1.013,00
283 150,29 0,00 0,00 914,00 1.017,00
284 150,29 0,00 0,00 1.012,00 1.016,00
285 150,29 150,29 55,02 1.110,00 1.019,00
286 150,29 0,00 0,00 1.010,00 1.023,00
287 150,29 150,29 54,84 1.108,00 1.026,00
288 150,29 0,00 0,00 1.008,00 1.030,00
289 150,29 150,29 54,70 1.106,00 1.033,00
290 150,29 0,00 0,00 1.006,00 1.037,00
291 150,29 150,29 54,50 1.104,00 1.040,00
292 150,29 0,00 0,00 1.004,00 1.044,00
293 150,29 150,29 54,36 1.102,00 1.047,00
294 150,29 0,00 0,00 1.002,00 1.051,00
295 150,29 150,29 54,20 1.100,00 1.054,00
296 150,29 0,00 0,00 1.000,00 1.058,00
297 150,29 150,29 54,04 1.098,00 1.061,00
298 150,29 0,00 0,00 998,00 1.065,00
299 150,29 150,29 53,88 1.096,00 1.068,00
300 150,29 0,00 0,00 996,00 1.072,00
301 150,29 150,29 53,72 1.094,00 1.075,00
302 150,29 0,00 0,00 994,00 1.079,00
303 150,29 150,29 53,58 1.092,00 1.082,00
304 150,29 0,00 0,00 992,00 1.086,00
305 150,29 150,29 53,43 1.090,00 1.089,00
306 150,29 0,00 0,00 990,00 1.093,00
307 150,29 0,00 0,00 1.088,00 1.092,00
308 150,29 150,29 53,22 1.186,00 1.095,00
309 150,29 0,00 0,00 1.086,00 1.099,00
310 150,29 150,29 53,08 1.184,00 1.102,00
311 150,29 0,00 0,00 1.084,00 1.106,00
312 150,29 150,29 52,94 1.182,00 1.109,00
313 150,29 0,00 0,00 1.082,00 1.113,00
314 150,29 150,29 53,11 1.180,00 1.116,00
315 150,29 0,00 0,00 1.080,00 1.120,00
316 150,29 150,29 52,98 1.178,00 1.123,00
317 150,29 0,00 0,00 1.078,00 1.127,00
318 150,29 150,29 52,55 1.176,00 1.130,00
319 150,29 0,00 0,00 1.076,00 1.134,00
320 150,29 150,29 52,42 1.174,00 1.137,00
321 150,29 0,00 0,00 1.074,00 1.141,00
322 150,29 150,29 52,30 1.172,00 1.144,00
323 150,29 0,00 0,00 1.072,00 1.148,00
324 150,29 150,29 52,18 1.170,00 1.151,00
325 150,29 0,00 0,00 1.070,00 1.155,00
326 150,29 150,29 52,05 1.168,00 1.158,00
327 150,29 0,00 0,00 1.068,00 1.162,00
328 150,29 150,29 51,93 1.166,00 1.165,00
329 150,29 0,00 0,00 1.066,00 1.169,00
330 150,29 0,00 0,00 1.164,00 1.168,00
331 150,29 150,29 51,78 1.262,00 1.171,00
332 150,29 0,00 0,00 1.162,00 1.175,00
333 150,29 150,29 51,64 1.260,00 1.178,00
334 150,29 0,00 0,00 1.160,00 1.182,00
335 150,29 150,29 51,53 1.258,00 1.185,00
336 150,29 0,00 0,00 1.158,00 1.189,00
337 150,29 150,29 51,42 1.256,00 1.192,00
338 150,29 0,00 0,00 1.156,00 1.196,00
339 150,29 150,29 51,31 1.254,00 1.199,00
340 150,29 0,00 0,00 1.154,00 1.203,00
341 150,29 150,29 51,21 1.252,00 1.206,00
342 150,29 0,00 0,00 1.152,00 1.210,00
343 150,29 150,29 51,10 1.250,00 1.213,00
344 150,29 0,00 0,00 1.150,00 1.217,00
345 150,29 150,29 51,00 1.248,00 1.220,00
346 150,29 0,00 0,00 1.148,00 1.224,00
347 150,29 150,29 50,90 1.246,00 1.227,00
348 150,29 0,00 0,00 1.146,00 1.231,00
349 150,29 150,29 50,80 1.244,00 1.234,00
350 150,29 0,00 0,00 1.144,00 1.238,00
351 150,29 150,29 50,70 1.242,00 1.241,00
352 150,29 0,00 0,00 1.142,00 1.245,00
353 150,29 0,00 0,00 1.240,00 1.244,00
354 150,29 150,29 50,57 1.338,00 1.247,00
355 150,29 0,00 0,00 1.238,00 1.251,00
356 150,29 150,29 50,47 1.336,00 1.254,00
357 150,29 0,00 0,00 1.236,00 1.258,00
358 150,29 150,29 50,38 1.334,00 1.261,00
359 150,29 0,00 0,00 1.234,00 1.265,00
360 150,29 150,29 50,29 1.332,00 1.268,00
361 150,29 0,00 0,00 1.232,00 1.272,00
362 150,29 150,29 50,21 1.330,00 1.275,00
363 150,29 0,00 0,00 1.230,00 1.279,00
364 150,29 150,29 50,12 1.328,00 1.282,00
365 150,29 0,00 0,00 1.228,00 1.286,00
366 150,29 150,29 50,04 1.326,00 1.289,00
367 150,29 0,00 0,00 1.226,00 1.293,00
368 150,29 150,29 49,95 1.324,00 1.296,00
369 150,29 0,00 0,00 1.224,00 1.300,00
370 150,29 150,29 49,87 1.322,00 1.303,00
371 150,29 0,00 0,00 1.222,00 1.307,00
372 150,29 150,29 49,79 1.320,00 1.310,00
373 150,29 0,00 0,00 1.220,00 1.314,00
374 150,29 150,29 49,72 1.318,00 1.317,00
375 150,29 0,00 0,00 1.218,00 1.321,00
376 150,29 0,00 0,00 1.316,00 1.320,00
377 150,29 150,29 49,60 1.414,00 1.323,00
378 150,29 0,00 0,00 1.314,00 1.327,00
379 150,29 150,29 49,52 1.412,00 1.330,00
380 150,29 0,00 0,00 1.312,00 1.334,00
381 150,29 150,29 49,45 1.410,00 1.337,00
382 150,29 0,00 0,00 1.310,00 1.341,00
383 150,29 150,29 49,37 1.408,00 1.344,00
384 150,29 0,00 0,00 1.308,00 1.348,00
385 150,29 150,29 49,30 1.406,00 1.351,00
386 150,29 0,00 0,00 1.306,00 1.355,00
387 150,29 150,29 49,22 1.404,00 1.358,00
388 150,29 0,00 0,00 1.304,00 1.362,00
389 150,29 150,29 49,15 1.402,00 1.365,00
390 150,29 0,00 0,00 1.302,00 1.369,00
391 150,29 150,29 49,08 1.400,00 1.372,00
392 150,29 0,00 0,00 1.300,00 1.376,00
393 150,29 150,29 49,01 1.398,00 1.379,00
394 150,29 0,00 0,00 1.298,00 1.383,00
395 150,29 150,29 48,95 1.396,00 1.386,00
396 150,29 0,00 0,00 1.296,00 1.390,00
397 150,29 150,29 48,88 1.394,00 1.393,00
398 150,29 0,00 0,00 1.294,00 1.397,00
399 150,29 0,00 0,00 1.392,00 1.396,00
400 150,29 150,29 48,81 1.490,00 1.399,00
401 150,29 0,00 0,00 1.390,00 1.403,00
402 150,29 150,29 48,74 1.488,00 1.406,00
403 150,29 0,00 0,00 1.388,00 1.410,00
404 150,29 150,29 48,68 1.486,00 1.413,00
405 150,29 0,00 0,00 1.386,00 1.417,00
406 150,29 150,29 48,62 1.484,00 1.420,00
407 150,29 0,00 0,00 1.384,00 1.424,00
408 150,29 150,29 48,56 1.482,00 1.427,00
409 150,29 0,00 0,00 1.382,00 1.431,00
410 150,29 150,29 48,52 1.480,00 1.434,00
411 150,29 0,00 0,00 1.380,00 1.438,00
412 150,29 150,29 48,44 1.478,00 1.441,00
413 150,29 0,00 0,00 1.378,00 1.445,00
414 150,29 150,29 48,41 1.476,00 1.448,00
415 150,29 0,00 0,00 1.376,00 1.452,00
416 150,29 150,29 48,37 1.474,00 1.455,00
417 150,29 0,00 0,00 1.374,00 1.459,00
418 150,29 150,29 48,29 1.472,00 1.462,00
419 150,29 0,00 0,00 1.372,00 1.466,00
420 150,29 150,29 48,24 1.470,00 1.469,00
421 150,29 0,00 0,00 1.370,00 1.473,00
422 150,29 0,00 0,00 1.468,00 1.472,00
423 150,29 150,29 48,16 1.566,00 1.475,00
424 150,29 0,00 0,00 1.466,00 1.479,00
425 150,29 150,29 48,11 1.564,00 1.482,00
426 150,29 0,00 0,00 1.464,00 1.486,00
427 150,29 150,29 48,06 1.562,00 1.489,00
428 150,29 0,00 0,00 1.462,00 1.493,00
429 150,29 150,29 48,00 1.560,00 1.496,00
430 150,29 0,00 0,00 1.460,00 1.500,00
431 150,29 150,29 47,95 1.558,00 1.503,00
432 150,29 0,00 0,00 1.458,00 1.507,00
433 150,29 150,29 47,90 1.556,00 1.510,00
434 150,29 0,00 0,00 1.456,00 1.514,00
435 150,29 150,29 47,85 1.554,00 1.517,00
436 150,29 0,00 0,00 1.454,00 1.521,00
437 150,29 150,29 47,80 1.552,00 1.524,00
438 150,29 0,00 0,00 1.452,00 1.528,00
439 150,29 150,29 47,75 1.550,00 1.531,00
440 150,29 0,00 0,00 1.450,00 1.535,00
441 150,29 150,29 47,70 1.548,00 1.538,00
442 150,29 0,00 0,00 1.448,00 1.542,00
443 150,29 150,29 47,66 1.546,00 1.545,00
444 150,29 0,00 0,00 1.446,00 1.549,00
445 150,29 0,00 0,00 1.544,00 1.548,00
446 150,29 150,29 47,59 1.642,00 1.551,00
447 150,29 0,00 0,00 1.542,00 1.555,00
448 150,29 150,29 47,54 1.640,00 1.558,00
449 150,29 0,00 0,00 1.540,00 1.562,00
450 150,29 150,29 47,50 1.638,00 1.565,00
451 150,29 0,00 0,00 1.538,00 1.569,00
452 150,29 150,29 47,46 1.636,00 1.572,00
453 150,29 0,00 0,00 1.536,00 1.576,00
454 150,29 150,29 47,41 1.634,00 1.579,00
455 150,29 0,00 0,00 1.534,00 1.583,00
456 150,29 150,29 47,37 1.632,00 1.586,00
457 150,29 0,00 0,00 1.532,00 1.590,00
458 150,29 150,29 47,33 1.630,00 1.593,00
459 150,29 0,00 0,00 1.530,00 1.597,00
460 150,29 150,29 47,29 1.628,00 1.600,00
461 150,29 0,00 0,00 1.528,00 1.604,00
462 150,29 150,29 47,25 1.626,00 1.607,00
463 150,29 0,00 0,00 1.526,00 1.611,00
464 150,29 150,29 47,21 1.624,00 1.614,00
465 150,29 0,00 0,00 1.524,00 1.618,00
466 150,29 150,29 47,17 1.622,00 1.621,00
467 150,29 0,00 0,00 1.522,00 1.625,00
468 150,29 0,00 0,00 1.620,00 1.624,00
469 150,29 150,29 47,11 1.718,00 1.627,00
470 150,29 0,00 0,00 1.618,00 1.631,00
471 150,29 150,29 47,08 1.716,00 1.634,00
472 150,29 0,00 0,00 1.616,00 1.638,00
473 150,29 150,29 47,04 1.714,00 1.641,00
474 150,29 0,00 0,00 1.614,00 1.645,00
475 150,29 150,29 47,03 1.712,00 1.648,00
476 150,29 0,00 0,00 1.612,00 1.652,00
477 150,29 150,29 46,97 1.710,00 1.655,00
478 150,29 0,00 0,00 1.610,00 1.659,00
479 150,29 150,29 46,95 1.708,00 1.662,00
480 150,29 0,00 0,00 1.608,00 1.666,00
481 150,29 150,29 46,92 1.706,00 1.669,00
482 150,29 0,00 0,00 1.606,00 1.673,00
483 150,29 150,29 46,88 1.704,00 1.676,00
484 150,29 0,00 0,00 1.604,00 1.680,00
485 150,29 150,29 46,85 1.702,00 1.683,00
486 150,29 0,00 0,00 1.602,00 1.687,00
487 150,29 150,29 46,81 1.700,00 1.690,00
488 150,29 0,00 0,00 1.600,00 1.694,00
489 150,29 150,29 46,78 1.698,00 1.697,00
490 150,29 0,00 0,00 1.598,00 1.701,00
491 150,29 0,00 0,00 1.696,00 1.700,00
492 150,29 150,29 46,73 1.794,00 1.703,00
493 150,29 0,00 0,00 1.694,00 1.707,00
494 150,29 150,29 46,70 1.792,00 1.710,00
495 150,29 0,00 0,00 1.692,00 1.714,00
496 150,29 150,29 46,67 1.790,00 1.717,00
497 150,29 0,00 0,00 1.690,00 1.721,00
498 150,29 150,29 46,63 1.788,00 1.724,00
499 150,29 0,00 0,00 1.688,00 1.728,00
