1000
0 359,92 359,92 359,92 1,00 70,00 0
1 359,92 359,92 359,92 1,00 75,00 1235
2 359,92 359,92 251,68 1,00 80,00 1774
3 359,92 359,92 281,66 1,00 85,00 1865
4 359,92 359,92 279,62 1,00 90,00 1875
5 359,92 359,92 279,21 1,00 95,00 1879
6 359,92 359,92 279,95 1,00 100,00 1881
7 359,92 3,43 2,67 1,00 105,00 1881
8 359,92 3,43 2,67 1,00 110,00 1881
9 359,92 3,43 2,67 1,00 115,00 1881
10 359,92 3,43 2,67 1,00 120,00 1881
11 359,92 3,43 2,67 1,00 125,00 1881
12 359,92 3,43 2,67 1,00 130,00 1881
13 359,92 3,43 2,67 1,00 135,00 1881
14 359,92 3,43 2,67 1,00 140,00 1881
15 359,92 3,43 2,67 1,00 145,00 1881
16 359,92 3,43 2,67 1,00 150,00 1881
17 359,92 3,43 2,67 1,00 155,00 1881
18 359,92 2,25 1,75 1,00 160,00 1881
19 359,92 2,25 1,75 1,00 165,00 1881
20 359,92 2,25 1,75 1,00 170,00 1881
21 359,92 2,25 1,75 1,00 175,00 1881
22 359,92 2,25 1,75 1,00 180,00 1881
23 359,92 2,25 1,75 1,00 185,00 1881
24 359,92 2,25 1,75 1,00 190,00 1881
25 359,92 2,25 1,75 1,00 195,00 1881
26 359,92 2,25 1,75 1,00 200,00 1881
27 359,92 2,25 1,75 1,00 205,00 1881
28 359,92 2,25 1,75 1,00 210,00 1881
29 359,92 2,25 1,75 1,00 215,00 1881
30 359,92 2,25 1,75 97,00 220,00 1881
31 359,92 159,42 124,16 97,00 224,00 2704
32 359,92 153,12 95,30 97,00 228,00 3431
33 359,92 153,12 107,45 97,00 233,00 3821
34 359,92 153,12 109,75 97,00 238,00 4072
35 359,92 153,12 121,94 97,00 243,00 4286
36 359,92 153,12 120,22 97,00 248,00 4405
37 359,92 153,12 119,97 97,00 253,00 4558
38 359,92 153,12 124,16 97,00 258,00 4625
39 359,92 153,12 122,91 97,00 263,00 4666
40 359,92 153,12 121,40 97,00 268,00 4711
41 359,92 153,12 123,79 97,00 273,00 4762
42 359,92 153,12 125,70 97,00 278,00 4795
43 359,92 153,12 122,24 97,00 283,00 4831
44 359,92 153,12 125,96 97,00 288,00 4863
45 359,92 153,12 126,26 97,00 293,00 4893
46 359,92 117,16 96,14 97,00 298,00 4918
47 359,92 117,16 96,14 97,00 303,00 4938
48 359,92 117,16 96,14 97,00 308,00 4953
49 359,92 117,16 96,14 97,00 313,00 4969
50 359,92 117,16 96,14 97,00 318,00 4978
51 359,92 117,16 96,14 97,00 323,00 4991
52 359,92 117,16 96,14 97,00 328,00 5006
53 359,92 117,16 96,13 97,00 333,00 5016
54 359,92 117,16 96,13 97,00 338,00 5027
55 359,92 117,16 96,13 97,00 343,00 5033
56 359,92 117,16 96,13 97,00 348,00 5043
57 359,92 117,16 96,13 97,00 353,00 5047
58 359,92 117,16 96,13 97,00 358,00 5055
59 359,92 117,16 96,12 97,00 363,00 5061
60 359,92 117,16 96,12 1,00 368,00 5068
61 359,92 117,16 96,12 1,00 373,00 5076
62 359,92 117,16 96,12 1,00 378,00 5097
63 359,92 0,94 0,77 1,00 383,00 5110
64 359,92 0,94 0,77 1,00 388,00 5114
65 359,92 0,94 0,77 1,00 393,00 5115
66 359,92 0,94 0,77 1,00 398,00 5118
67 359,92 0,94 0,77 1,00 403,00 5123
68 359,92 0,94 0,77 1,00 408,00 5124
69 359,92 0,94 0,77 1,00 413,00 5125
70 359,92 0,94 0,77 1,00 418,00 5125
71 359,92 0,94 0,77 1,00 423,00 5125
72 359,92 0,94 0,77 1,00 428,00 5125
73 359,92 0,94 0,77 1,00 433,00 5125
74 359,92 0,94 0,77 1,00 438,00 5126
75 359,92 0,94 0,77 1,00 443,00 5126
76 359,92 0,80 0,66 1,00 448,00 5126
77 359,92 0,80 0,66 1,00 453,00 5126
78 359,92 0,80 0,66 1,00 458,00 5127
79 359,92 0,80 0,66 1,00 463,00 5128
80 359,92 0,80 0,66 1,00 468,00 5128
81 359,92 0,80 0,66 1,00 473,00 5128
82 359,92 0,80 0,66 1,00 478,00 5128
83 359,92 0,80 0,66 1,00 483,00 5128
84 359,92 0,80 0,66 1,00 488,00 5128
85 359,92 0,80 0,66 1,00 493,00 5128
86 359,92 0,80 0,66 1,00 498,00 5128
87 359,92 0,80 0,66 1,00 503,00 5128
88 359,92 0,80 0,66 1,00 508,00 5129
89 359,92 0,80 0,66 1,00 513,00 5133
90 359,92 0,80 0,66 99,00 518,00 5133
91 359,92 68,92 56,55 99,00 522,00 5240
92 359,92 68,92 56,55 99,00 527,00 5280
93 359,92 68,92 56,55 99,00 532,00 5298
94 359,92 68,92 56,56 99,00 537,00 5308
95 359,92 68,92 56,55 99,00 542,00 5318
96 359,92 68,92 56,56 99,00 547,00 5327
97 359,92 68,92 56,56 99,00 552,00 5336
98 359,92 68,92 56,56 99,00 557,00 5340
99 359,92 68,92 56,56 99,00 562,00 5347
100 359,92 68,92 56,56 99,00 567,00 5351
101 359,92 68,92 56,56 99,00 572,00 5353
102 359,92 68,92 56,56 99,00 577,00 5354
103 359,92 68,92 56,56 99,00 582,00 5357
104 359,92 60,70 49,81 99,00 587,00 5357
105 359,92 60,70 49,81 99,00 592,00 5357
106 359,92 60,70 49,81 99,00 597,00 5357
107 359,92 60,70 49,81 99,00 602,00 5357
108 359,92 58,70 48,17 99,00 607,00 5357
109 359,92 58,70 48,17 99,00 612,00 5359
110 359,92 58,70 48,17 99,00 617,00 5359
111 359,92 58,70 48,17 99,00 622,00 5360
112 359,92 58,70 48,17 99,00 627,00 5362
113 359,92 58,70 48,17 99,00 632,00 5364
114 359,92 58,70 48,17 99,00 637,00 5366
115 359,92 58,70 48,17 99,00 642,00 5366
116 359,92 55,07 45,19 99,00 647,00 5366
117 359,92 55,07 45,19 99,00 652,00 5366
118 359,92 55,07 45,19 99,00 657,00 5367
119 359,92 55,07 45,19 99,00 662,00 5368
120 359,92 55,07 45,19 1,00 667,00 5368
121 359,92 55,07 45,19 1,00 672,00 5378
122 359,92 55,07 45,19 1,00 677,00 5387
123 359,92 55,07 45,19 1,00 682,00 5391
124 359,92 55,07 45,19 1,00 687,00 5392
125 359,92 55,07 45,19 1,00 692,00 5392
126 359,92 55,07 45,19 1,00 697,00 5392
127 359,92 55,07 45,19 1,00 702,00 5392
128 359,92 0,51 0,42 1,00 707,00 5392
129 359,92 0,51 0,42 1,00 712,00 5392
130 359,92 0,51 0,42 1,00 717,00 5392
131 359,92 0,51 0,42 1,00 722,00 5392
132 359,92 0,51 0,42 1,00 727,00 5392
133 359,92 0,51 0,42 1,00 732,00 5392
134 359,92 0,51 0,42 1,00 737,00 5392
135 359,92 0,51 0,42 1,00 742,00 5392
136 359,92 0,51 0,42 1,00 747,00 5392
137 359,92 0,51 0,42 1,00 752,00 5392
138 359,92 0,51 0,42 1,00 757,00 5392
139 359,92 0,51 0,42 1,00 762,00 5392
140 359,92 0,51 0,42 1,00 767,00 5397
141 359,92 0,47 0,38 1,00 772,00 5398
142 359,92 0,47 0,38 1,00 777,00 5398
143 359,92 0,47 0,38 1,00 782,00 5398
144 359,92 0,47 0,38 1,00 787,00 5398
145 359,92 0,47 0,38 1,00 792,00 5398
146 359,92 0,47 0,38 1,00 797,00 5398
147 359,92 0,47 0,38 1,00 802,00 5398
148 359,92 0,47 0,38 1,00 807,00 5398
149 359,92 0,47 0,38 1,00 812,00 5398
150 359,92 0,47 0,38 99,00 817,00 5398
151 359,92 0,47 0,38 99,00 822,00 5443
152 359,92 0,47 0,38 99,00 827,00 5461
153 359,92 42,88 35,19 99,00 831,00 5469
154 359,92 42,88 35,19 99,00 836,00 5476
155 359,92 42,88 35,19 99,00 841,00 5480
156 359,92 42,88 35,18 99,00 846,00 5482
157 359,92 42,88 35,18 99,00 851,00 5482
158 359,92 42,88 35,18 99,00 856,00 5492
159 359,92 41,38 33,96 99,00 861,00 5501
160 359,92 41,38 33,96 99,00 866,00 5510
161 359,92 41,38 33,96 99,00 871,00 5520
162 359,92 40,68 33,38 99,00 876,00 5532
163 359,92 40,68 33,38 99,00 881,00 5544
164 359,92 40,68 33,38 99,00 886,00 5553
165 359,92 40,68 33,38 99,00 891,00 5560
166 359,92 40,68 33,38 99,00 896,00 5566
167 359,92 39,55 32,45 99,00 901,00 5570
168 359,92 39,55 32,45 99,00 906,00 5573
169 359,92 39,55 32,45 99,00 911,00 5575
170 359,92 39,55 32,45 99,00 916,00 5576
171 359,92 39,55 32,45 99,00 921,00 5577
172 359,92 39,55 32,45 99,00 926,00 5578
173 359,92 39,55 32,45 99,00 931,00 5579
174 359,92 39,55 32,45 99,00 936,00 5580
175 359,92 39,55 32,45 99,00 941,00 5582
176 359,92 39,55 32,45 99,00 946,00 5583
177 359,92 37,47 30,75 99,00 951,00 5584
178 359,92 37,27 30,58 99,00 956,00 5587
179 359,92 37,27 30,58 99,00 961,00 5589
180 359,92 37,27 30,58 1,00 966,00 5591
181 359,92 37,27 30,58 1,00 971,00 5600
182 359,92 37,27 30,58 1,00 976,00 5601
183 359,92 37,27 30,58 1,00 981,00 5602
184 359,92 37,27 30,58 1,00 986,00 5602
185 359,92 37,27 30,58 1,00 991,00 5602
186 359,92 37,27 30,58 1,00 996,00 5602
187 359,92 37,27 30,58 1,00 1.001,00 5602
188 359,92 37,27 30,58 1,00 1.006,00 5602
189 359,92 37,27 30,58 1,00 1.011,00 5602
190 359,92 37,27 30,58 1,00 1.016,00 5602
191 359,92 37,27 30,58 1,00 1.021,00 5604
192 359,92 37,27 30,58 1,00 1.026,00 5606
193 359,92 0,35 0,29 1,00 1.031,00 5607
194 359,92 0,35 0,29 1,00 1.036,00 5611
195 359,92 0,35 0,29 1,00 1.041,00 5613
196 359,92 0,35 0,29 1,00 1.046,00 5613
197 359,92 0,35 0,29 1,00 1.051,00 5613
198 359,92 0,35 0,29 1,00 1.056,00 5613
199 359,92 0,35 0,29 1,00 1.061,00 5613
200 359,92 0,35 0,29 1,00 1.066,00 5613
201 359,92 0,35 0,29 1,00 1.071,00 5613
202 359,92 0,35 0,29 1,00 1.076,00 5613
203 359,92 0,35 0,29 1,00 1.081,00 5613
204 359,92 0,35 0,29 1,00 1.086,00 5613
205 359,92 0,35 0,29 1,00 1.091,00 5613
206 359,92 0,35 0,29 1,00 1.096,00 5613
207 359,92 0,35 0,29 1,00 1.101,00 5613
208 359,92 0,35 0,29 1,00 1.106,00 5614
209 359,92 0,35 0,29 1,00 1.111,00 5616
210 359,92 0,35 0,29 97,00 1.116,00 5616
211 359,92 0,35 0,29 97,00 1.121,00 5655
212 359,92 0,35 0,29 97,00 1.126,00 5665
213 359,92 31,03 25,46 97,00 1.130,00 5671
214 359,92 31,03 25,46 97,00 1.135,00 5671
215 359,92 31,03 25,46 97,00 1.140,00 5671
216 359,92 31,03 25,46 97,00 1.145,00 5671
217 359,92 30,36 24,91 97,00 1.150,00 5671
218 359,92 30,36 24,91 97,00 1.155,00 5671
219 359,92 30,36 24,91 97,00 1.160,00 5671
220 359,92 29,97 24,59 97,00 1.165,00 5671
221 359,92 29,97 24,59 97,00 1.170,00 5671
222 359,92 29,97 24,59 97,00 1.175,00 5671
223 359,92 29,97 24,59 97,00 1.180,00 5671
224 359,92 29,97 24,59 97,00 1.185,00 5671
225 359,92 29,97 24,59 97,00 1.190,00 5671
226 359,92 29,97 24,59 97,00 1.195,00 5671
227 359,92 29,97 24,59 97,00 1.200,00 5671
228 359,92 28,97 23,77 97,00 1.205,00 5671
229 359,92 28,97 23,77 97,00 1.210,00 5671
230 359,92 28,97 23,77 97,00 1.215,00 5671
231 359,92 28,97 23,77 97,00 1.220,00 5671
232 359,92 28,97 23,77 97,00 1.225,00 5671
233 359,92 28,97 23,77 97,00 1.230,00 5671
234 359,92 28,97 23,77 97,00 1.235,00 5671
235 359,92 28,16 23,10 97,00 1.240,00 5671
236 359,92 28,16 23,10 97,00 1.245,00 5671
237 359,92 28,16 23,10 97,00 1.250,00 5671
238 359,92 28,16 23,10 97,00 1.255,00 5671
239 359,92 28,16 23,10 97,00 1.260,00 5671
240 359,92 28,16 23,10 1,00 1.265,00 5671
241 359,92 28,16 23,10 1,00 1.270,00 5686
242 359,92 28,16 23,10 1,00 1.275,00 5686
243 359,92 28,16 23,10 1,00 1.280,00 5687
244 359,92 28,16 23,10 1,00 1.285,00 5688
245 359,92 28,16 23,10 1,00 1.290,00 5688
246 359,92 28,16 23,10 1,00 1.295,00 5688
247 359,92 28,16 23,10 1,00 1.300,00 5688
248 359,92 28,16 23,10 1,00 1.305,00 5688
249 359,92 28,16 23,10 1,00 1.310,00 5691
250 359,92 28,16 23,10 1,00 1.315,00 5693
251 359,92 0,27 0,22 1,00 1.320,00 5693
252 359,92 0,27 0,22 1,00 1.325,00 5693
253 359,92 0,27 0,22 1,00 1.330,00 5694
254 359,92 0,27 0,22 1,00 1.335,00 5694
255 359,92 0,27 0,22 1,00 1.340,00 5694
256 359,92 0,27 0,22 1,00 1.345,00 5694
257 359,92 0,27 0,22 1,00 1.350,00 5694
258 359,92 0,27 0,22 1,00 1.355,00 5694
259 359,92 0,27 0,22 1,00 1.360,00 5694
260 359,92 0,27 0,22 1,00 1.365,00 5694
261 359,92 0,26 0,22 1,00 1.370,00 5694
262 359,92 0,26 0,22 1,00 1.375,00 5694
263 359,92 0,26 0,22 1,00 1.380,00 5694
264 359,92 0,26 0,21 1,00 1.385,00 5694
265 359,92 0,26 0,21 1,00 1.390,00 5694
266 359,92 0,26 0,21 1,00 1.395,00 5694
267 359,92 0,26 0,21 1,00 1.400,00 5694
268 359,92 0,26 0,21 1,00 1.405,00 5694
269 359,92 0,26 0,21 1,00 1.410,00 5694
270 359,92 0,26 0,21 99,00 1.415,00 5694
271 359,92 0,26 0,21 99,00 1.420,00 5724
272 359,92 25,01 20,52 99,00 1.425,00 5736
273 359,92 25,01 20,52 99,00 1.430,00 5742
274 359,92 25,01 20,52 99,00 1.435,00 5742
275 359,92 25,01 20,52 99,00 1.440,00 5742
276 359,92 25,01 20,52 99,00 1.445,00 5742
277 359,92 25,01 20,52 99,00 1.450,00 5742
278 359,92 25,01 20,52 99,00 1.455,00 5742
279 359,92 25,01 20,52 99,00 1.460,00 5742
280 359,92 25,01 20,52 99,00 1.465,00 5742
281 359,92 25,01 20,52 99,00 1.470,00 5742
282 359,92 25,01 20,52 99,00 1.475,00 5742
283 359,92 25,01 20,52 99,00 1.480,00 5742
284 359,92 25,01 20,52 99,00 1.485,00 5742
285 359,92 25,01 20,52 99,00 1.490,00 5742
286 359,92 25,01 20,52 99,00 1.495,00 5742
287 359,92 25,01 20,52 99,00 1.500,00 5742
288 359,92 25,01 20,52 99,00 1.505,00 5742
289 359,92 25,01 20,52 99,00 1.510,00 5742
290 359,92 25,01 20,52 99,00 1.515,00 5742
291 359,92 25,01 20,52 99,00 1.520,00 5742
292 359,92 25,01 20,52 99,00 1.525,00 5742
293 359,92 25,01 20,52 99,00 1.530,00 5742
294 359,92 23,21 19,05 99,00 1.535,00 5742
295 359,92 23,21 19,05 99,00 1.540,00 5742
296 359,92 23,21 19,05 99,00 1.545,00 5742
297 359,92 23,21 19,05 99,00 1.550,00 5742
298 359,92 23,21 19,05 99,00 1.555,00 5742
299 359,92 23,21 19,05 99,00 1.560,00 5742
300 359,92 23,21 19,05 1,00 1.565,00 5742
301 359,92 23,21 19,05 1,00 1.570,00 5752
302 359,92 23,21 19,05 1,00 1.575,00 5752
303 359,92 23,21 19,05 1,00 1.580,00 5752
304 359,92 23,21 19,05 1,00 1.585,00 5752
305 359,92 23,21 19,05 1,00 1.590,00 5752
306 359,92 23,21 19,05 1,00 1.595,00 5762
307 359,92 23,21 19,05 1,00 1.600,00 5773
308 359,92 23,21 19,05 1,00 1.605,00 5778
309 359,92 23,21 19,05 1,00 1.610,00 5780
310 359,92 23,21 19,05 1,00 1.615,00 5780
311 359,92 23,21 19,05 1,00 1.620,00 5780
312 359,92 23,21 19,05 1,00 1.625,00 5780
313 359,92 23,21 19,05 1,00 1.630,00 5782
314 359,92 23,21 19,05 1,00 1.635,00 5783
315 359,92 23,21 19,05 1,00 1.640,00 5783
316 359,92 23,21 19,05 1,00 1.645,00 5783
317 359,92 23,21 19,05 1,00 1.650,00 5783
318 359,92 23,21 19,05 1,00 1.655,00 5783
319 359,92 23,21 19,05 1,00 1.660,00 5783
320 359,92 23,21 19,05 1,00 1.665,00 5783
321 359,92 23,21 19,05 1,00 1.670,00 5783
322 359,92 23,21 19,05 1,00 1.675,00 5783
323 359,92 23,21 19,05 1,00 1.680,00 5783
324 359,92 23,21 19,05 1,00 1.685,00 5783
325 359,92 23,21 19,05 1,00 1.690,00 5783
326 359,92 23,21 19,05 1,00 1.695,00 5783
327 359,92 23,21 19,05 1,00 1.700,00 5783
328 359,92 23,21 19,05 1,00 1.705,00 5783
329 359,92 23,21 19,05 1,00 1.710,00 5783
330 359,92 23,21 19,05 1,00 1.715,00 5783
331 359,92 0,21 0,17 1,00 1.720,00 5809
332 359,92 0,21 0,17 1,00 1.725,00 5815
333 359,92 0,21 0,17 1,00 1.730,00 5818
334 359,92 0,21 0,17 1,00 1.735,00 5819
335 359,92 0,21 0,17 1,00 1.740,00 5820
336 359,92 0,21 0,17 1,00 1.745,00 5820
337 359,92 0,21 0,17 1,00 1.750,00 5820
338 359,92 0,21 0,17 1,00 1.755,00 5820
339 359,92 0,21 0,17 1,00 1.760,00 5820
340 359,92 0,21 0,17 1,00 1.765,00 5820
341 359,92 0,21 0,17 1,00 1.770,00 5820
342 359,92 0,20 0,17 1,00 1.775,00 5820
343 359,92 0,20 0,17 1,00 1.780,00 5820
344 359,92 0,20 0,17 1,00 1.785,00 5820
345 359,92 0,20 0,17 1,00 1.790,00 5820
346 359,92 0,20 0,17 1,00 1.795,00 5820
347 359,92 0,20 0,17 1,00 1.800,00 5820
348 359,92 0,20 0,17 1,00 1.805,00 5820
349 359,92 0,20 0,17 1,00 1.810,00 5820
350 359,92 0,20 0,17 1,00 1.815,00 5820
351 359,92 0,20 0,17 1,00 1.820,00 5820
352 359,92 0,20 0,17 1,00 1.825,00 5820
353 359,92 0,20 0,17 1,00 1.830,00 5820
354 359,92 0,20 0,17 1,00 1.835,00 5820
355 359,92 0,20 0,17 1,00 1.840,00 5820
356 359,92 0,20 0,17 1,00 1.845,00 5820
357 359,92 0,20 0,17 1,00 1.850,00 5820
358 359,92 0,20 0,17 1,00 1.855,00 5820
359 359,92 0,20 0,17 1,00 1.860,00 5820
360 359,92 0,20 0,17 97,00 1.865,00 5820
361 359,92 0,20 0,17 97,00 1.870,00 5827
362 359,92 0,20 0,17 97,00 1.875,00 5827
363 359,92 0,20 0,17 97,00 1.880,00 5827
364 359,92 0,20 0,17 97,00 1.885,00 5827
365 359,92 0,20 0,17 97,00 1.890,00 5827
366 359,92 0,20 0,17 97,00 1.895,00 5827
367 359,92 0,20 0,17 97,00 1.900,00 5827
368 359,92 0,20 0,17 97,00 1.905,00 5827
369 359,92 0,20 0,17 97,00 1.910,00 5827
370 359,92 0,20 0,17 97,00 1.915,00 5827
371 359,92 0,20 0,17 97,00 1.920,00 5827
372 359,92 18,14 14,88 97,00 1.925,00 5827
373 359,92 18,14 14,88 97,00 1.930,00 5827
374 359,92 18,14 14,88 97,00 1.935,00 5827
375 359,92 18,14 14,88 97,00 1.940,00 5827
376 359,92 18,14 14,88 97,00 1.945,00 5827
377 359,92 18,14 14,88 97,00 1.950,00 5827
378 359,92 18,14 14,88 97,00 1.955,00 5827
379 359,92 18,14 14,88 97,00 1.960,00 5827
380 359,92 17,77 14,58 97,00 1.965,00 5827
381 359,92 17,77 14,58 97,00 1.970,00 5827
382 359,92 17,77 14,58 97,00 1.975,00 5827
383 359,92 17,77 14,58 97,00 1.980,00 5833
384 359,92 17,77 14,58 97,00 1.985,00 5833
385 359,92 17,77 14,58 97,00 1.990,00 5833
386 359,92 17,77 14,58 97,00 1.995,00 5833
387 359,92 17,77 14,58 97,00 2.000,00 5833
388 359,92 17,77 14,58 97,00 2.005,00 5833
389 359,92 17,77 14,58 97,00 2.010,00 5833
390 359,92 17,77 14,58 1,00 2.015,00 5833
391 359,92 17,77 14,58 1,00 2.020,00 5854
392 359,92 17,77 14,58 1,00 2.025,00 5858
393 359,92 17,77 14,58 1,00 2.030,00 5861
394 359,92 17,77 14,58 1,00 2.035,00 5861
395 359,92 17,77 14,58 1,00 2.040,00 5861
396 359,92 17,77 14,58 1,00 2.045,00 5861
397 359,92 17,77 14,58 1,00 2.050,00 5861
398 359,92 17,77 14,58 1,00 2.055,00 5861
399 359,92 17,77 14,58 1,00 2.060,00 5861
400 359,92 17,77 14,58 1,00 2.065,00 5861
401 359,92 17,77 14,58 1,00 2.070,00 5865
402 359,92 17,77 14,58 1,00 2.075,00 5866
403 359,92 17,77 14,58 1,00 2.080,00 5866
404 359,92 0,17 0,14 1,00 2.085,00 5866
405 359,92 0,17 0,14 1,00 2.090,00 5866
406 359,92 0,17 0,14 1,00 2.095,00 5866
407 359,92 0,17 0,14 1,00 2.100,00 5866
408 359,92 0,17 0,14 1,00 2.105,00 5866
409 359,92 0,17 0,14 1,00 2.110,00 5866
410 359,92 0,17 0,14 1,00 2.115,00 5866
411 359,92 0,17 0,14 1,00 2.120,00 5866
412 359,92 0,17 0,14 1,00 2.125,00 5866
413 359,92 0,17 0,14 1,00 2.130,00 5866
414 359,92 0,17 0,14 1,00 2.135,00 5866
415 359,92 0,17 0,14 1,00 2.140,00 5866
416 359,92 0,17 0,14 1,00 2.145,00 5866
417 359,92 0,17 0,14 1,00 2.150,00 5866
418 359,92 0,17 0,14 1,00 2.155,00 5866
419 359,92 0,17 0,14 1,00 2.160,00 5866
420 359,92 0,17 0,14 99,00 2.165,00 5866
421 359,92 16,47 13,51 99,00 2.169,00 5875
422 359,92 16,47 13,51 99,00 2.174,00 5878
423 359,92 16,47 13,51 99,00 2.179,00 5879
424 359,92 16,47 13,51 99,00 2.184,00 5879
425 359,92 16,47 13,51 99,00 2.189,00 5879
426 359,92 16,47 13,51 99,00 2.194,00 5879
427 359,92 16,47 13,51 99,00 2.199,00 5879
428 359,92 16,47 13,51 99,00 2.204,00 5880
429 359,92 16,47 13,51 99,00 2.209,00 5880
430 359,92 16,47 13,51 99,00 2.214,00 5880
431 359,92 16,47 13,51 99,00 2.219,00 5880
432 359,92 16,47 13,51 99,00 2.224,00 5880
433 359,92 16,47 13,51 99,00 2.229,00 5880
434 359,92 16,47 13,51 99,00 2.234,00 5880
435 359,92 16,47 13,51 99,00 2.239,00 5880
436 359,92 16,47 13,51 99,00 2.244,00 5880
437 359,92 16,47 13,51 99,00 2.249,00 5880
438 359,92 16,47 13,51 99,00 2.254,00 5880
439 359,92 16,47 13,51 99,00 2.259,00 5880
440 359,92 16,47 13,51 99,00 2.264,00 5880
441 359,92 16,47 13,51 99,00 2.269,00 5880
442 359,92 16,47 13,51 99,00 2.274,00 5880
443 359,92 16,47 13,51 99,00 2.279,00 5880
444 359,92 16,47 13,51 99,00 2.284,00 5880
445 359,92 16,47 13,51 99,00 2.289,00 5880
446 359,92 16,47 13,51 99,00 2.294,00 5880
447 359,92 16,47 13,51 99,00 2.299,00 5880
448 359,92 16,47 13,51 99,00 2.304,00 5880
449 359,92 16,47 13,51 99,00 2.309,00 5880
450 359,92 16,47 13,51 1,00 2.314,00 5880
451 359,92 0,16 0,13 1,00 2.319,00 5901
452 359,92 0,16 0,13 1,00 2.324,00 5908
453 359,92 0,16 0,13 1,00 2.329,00 5908
454 359,92 0,16 0,13 1,00 2.334,00 5908
455 359,92 0,16 0,13 1,00 2.339,00 5908
456 359,92 0,16 0,13 1,00 2.344,00 5909
457 359,92 0,15 0,13 1,00 2.349,00 5909
458 359,92 0,15 0,13 1,00 2.354,00 5909
459 359,92 0,15 0,13 1,00 2.359,00 5909
460 359,92 0,15 0,13 1,00 2.364,00 5909
461 359,92 0,15 0,13 1,00 2.369,00 5909
462 359,92 0,15 0,13 1,00 2.374,00 5909
463 359,92 0,15 0,13 1,00 2.379,00 5909
464 359,92 0,15 0,13 1,00 2.384,00 5909
465 359,92 0,15 0,13 1,00 2.389,00 5909
466 359,92 0,15 0,13 1,00 2.394,00 5909
467 359,92 0,15 0,12 1,00 2.399,00 5909
468 359,92 0,15 0,12 1,00 2.404,00 5909
469 359,92 0,15 0,12 1,00 2.409,00 5909
470 359,92 0,15 0,12 1,00 2.414,00 5909
471 359,92 0,15 0,12 1,00 2.419,00 5909
472 359,92 0,15 0,12 1,00 2.424,00 5909
473 359,92 0,15 0,12 1,00 2.429,00 5909
474 359,92 0,15 0,12 1,00 2.434,00 5909
475 359,92 0,15 0,12 1,00 2.439,00 5909
476 359,92 0,15 0,12 1,00 2.444,00 5909
477 359,92 0,15 0,12 1,00 2.449,00 5909
478 359,92 0,15 0,12 1,00 2.454,00 5909
479 359,92 0,15 0,12 1,00 2.459,00 5909
480 359,92 0,15 0,12 99,00 2.464,00 5909
481 359,92 0,15 0,12 99,00 2.469,00 5915
482 359,92 0,15 0,12 99,00 2.474,00 5916
483 359,92 0,15 0,12 99,00 2.479,00 5916
484 359,92 0,15 0,12 99,00 2.484,00 5916
485 359,92 0,15 0,12 99,00 2.489,00 5916
486 359,92 0,15 0,12 99,00 2.494,00 5916
487 359,92 0,15 0,12 99,00 2.499,00 5916
488 359,92 0,15 0,12 99,00 2.504,00 5916
489 359,92 0,15 0,12 99,00 2.509,00 5916
490 359,92 0,15 0,12 99,00 2.514,00 5916
491 359,92 0,15 0,12 99,00 2.519,00 5916
492 359,92 0,15 0,12 99,00 2.524,00 5916
493 359,92 0,15 0,12 99,00 2.529,00 5916
494 359,92 14,06 11,54 99,00 2.534,00 5916
495 359,92 14,06 11,54 99,00 2.539,00 5916
496 359,92 14,06 11,54 99,00 2.544,00 5916
497 359,92 14,06 11,54 99,00 2.549,00 5916
498 359,92 13,95 11,45 99,00 2.554,00 5916
499 359,92 13,95 11,45 99,00 2.559,00 5916
500 359,92 13,95 11,45 99,00 2.564,00 5916
501 359,92 13,95 11,45 99,00 2.569,00 5916
502 359,92 13,95 11,45 99,00 2.574,00 5916
503 359,92 13,95 11,45 99,00 2.579,00 5916
504 359,92 13,95 11,45 99,00 2.584,00 5916
505 359,92 13,95 11,45 99,00 2.589,00 5919
506 359,92 13,74 11,27 99,00 2.594,00 5919
507 359,92 13,74 11,27 99,00 2.599,00 5919
508 359,92 13,74 11,27 99,00 2.604,00 5919
509 359,92 13,74 11,27 99,00 2.609,00 5919
510 359,92 13,63 11,19 1,00 2.614,00 5919
511 359,92 13,63 11,19 1,00 2.619,00 5935
512 359,92 13,63 11,19 1,00 2.624,00 5937
513 359,92 13,63 11,19 1,00 2.629,00 5938
514 359,92 13,63 11,19 1,00 2.634,00 5938
515 359,92 13,63 11,19 1,00 2.639,00 5938
516 359,92 0,14 0,11 1,00 2.644,00 5938
517 359,92 0,14 0,11 1,00 2.649,00 5938
518 359,92 0,14 0,11 1,00 2.654,00 5938
519 359,92 0,14 0,11 1,00 2.659,00 5938
520 359,92 0,14 0,11 1,00 2.664,00 5938
521 359,92 0,14 0,11 1,00 2.669,00 5938
522 359,92 0,14 0,11 1,00 2.674,00 5938
523 359,92 0,14 0,11 1,00 2.679,00 5938
524 359,92 0,14 0,11 1,00 2.684,00 5938
525 359,92 0,14 0,11 1,00 2.689,00 5938
526 359,92 0,14 0,11 1,00 2.694,00 5938
527 359,92 0,14 0,11 1,00 2.699,00 5938
528 359,92 0,14 0,11 1,00 2.704,00 5938
529 359,92 0,13 0,11 1,00 2.709,00 5938
530 359,92 0,13 0,11 1,00 2.714,00 5938
531 359,92 0,13 0,11 1,00 2.719,00 5938
532 359,92 0,13 0,11 1,00 2.724,00 5938
533 359,92 0,13 0,11 1,00 2.729,00 5938
534 359,92 0,13 0,11 1,00 2.734,00 5938
535 359,92 0,13 0,11 1,00 2.739,00 5938
536 359,92 0,13 0,11 1,00 2.744,00 5938
537 359,92 0,13 0,11 1,00 2.749,00 5938
538 359,92 0,13 0,11 1,00 2.754,00 5938
539 359,92 0,13 0,11 1,00 2.759,00 5938
540 359,92 0,13 0,11 99,00 2.764,00 5938
541 359,92 0,13 0,11 99,00 2.769,00 5942
542 359,92 0,13 0,11 99,00 2.774,00 5944
543 359,92 0,13 0,11 99,00 2.779,00 5946
544 359,92 0,13 0,11 99,00 2.784,00 5947
545 359,92 0,13 0,11 99,00 2.789,00 5958
546 359,92 12,78 10,49 99,00 2.793,00 5965
547 359,92 12,78 10,49 99,00 2.798,00 5965
548 359,92 12,78 10,49 99,00 2.803,00 5965
549 359,92 12,78 10,49 99,00 2.808,00 5965
550 359,92 12,78 10,49 99,00 2.813,00 5965
551 359,92 12,64 10,38 99,00 2.818,00 5965
552 359,92 12,64 10,38 99,00 2.823,00 5965
553 359,92 12,64 10,38 99,00 2.828,00 5965
554 359,92 12,64 10,38 99,00 2.833,00 5965
555 359,92 12,64 10,38 99,00 2.838,00 5965
556 359,92 12,64 10,38 99,00 2.843,00 5965
557 359,92 12,64 10,38 99,00 2.848,00 5965
558 359,92 12,64 10,38 99,00 2.853,00 5965
559 359,92 12,64 10,38 99,00 2.858,00 5969
560 359,92 12,64 10,38 99,00 2.863,00 5969
561 359,92 12,64 10,38 99,00 2.868,00 5969
562 359,92 12,64 10,38 99,00 2.873,00 5969
563 359,92 12,64 10,38 99,00 2.878,00 5969
564 359,92 12,64 10,38 99,00 2.883,00 5969
565 359,92 12,64 10,38 99,00 2.888,00 5969
566 359,92 12,64 10,38 99,00 2.893,00 5969
567 359,92 12,30 10,09 99,00 2.898,00 5969
568 359,92 12,30 10,09 99,00 2.903,00 5969
569 359,92 12,30 10,09 99,00 2.908,00 5969
570 359,92 12,30 10,09 1,00 2.913,00 5969
571 359,92 12,30 10,09 1,00 2.918,00 5988
572 359,92 0,12 0,10 1,00 2.923,00 5994
573 359,92 0,12 0,10 1,00 2.928,00 5999
574 359,92 0,12 0,10 1,00 2.933,00 6004
575 359,92 0,12 0,10 1,00 2.938,00 6007
576 359,92 0,12 0,10 1,00 2.943,00 6009
577 359,92 0,12 0,10 1,00 2.948,00 6010
578 359,92 0,12 0,10 1,00 2.953,00 6010
579 359,92 0,12 0,10 1,00 2.958,00 6010
580 359,92 0,12 0,10 1,00 2.963,00 6010
581 359,92 0,12 0,10 1,00 2.968,00 6010
582 359,92 0,12 0,10 1,00 2.973,00 6010
583 359,92 0,12 0,10 1,00 2.978,00 6010
584 359,92 0,12 0,10 1,00 2.983,00 6010
585 359,92 0,12 0,10 1,00 2.988,00 6010
586 359,92 0,12 0,10 1,00 2.993,00 6010
587 359,92 0,12 0,10 1,00 2.998,00 6010
588 359,92 0,12 0,10 1,00 3.003,00 6010
589 359,92 0,12 0,10 1,00 3.008,00 6010
590 359,92 0,12 0,10 1,00 3.013,00 6010
591 359,92 0,12 0,10 1,00 3.018,00 6010
592 359,92 0,12 0,10 1,00 3.023,00 6010
593 359,92 0,12 0,10 1,00 3.028,00 6010
594 359,92 0,12 0,10 1,00 3.033,00 6010
595 359,92 0,12 0,10 1,00 3.038,00 6010
596 359,92 0,12 0,10 1,00 3.043,00 6010
597 359,92 0,12 0,10 1,00 3.048,00 6010
598 359,92 0,12 0,10 1,00 3.053,00 6010
599 359,92 0,12 0,10 1,00 3.058,00 6010
600 359,92 0,12 0,10 99,00 3.063,00 6010
601 359,92 0,12 0,10 99,00 3.068,00 6019
602 359,92 0,12 0,10 99,00 3.073,00 6021
603 359,92 0,12 0,10 99,00 3.078,00 6022
604 359,92 0,12 0,10 99,00 3.083,00 6022
605 359,92 0,12 0,10 99,00 3.088,00 6022
606 359,92 0,12 0,10 99,00 3.093,00 6022
607 359,92 0,12 0,10 99,00 3.098,00 6022
608 359,92 0,12 0,10 99,00 3.103,00 6023
609 359,92 0,12 0,10 99,00 3.108,00 6023
610 359,92 0,12 0,10 99,00 3.113,00 6023
611 359,92 0,12 0,10 99,00 3.118,00 6023
612 359,92 0,12 0,10 99,00 3.123,00 6023
613 359,92 0,12 0,10 99,00 3.128,00 6023
614 359,92 0,12 0,10 99,00 3.133,00 6023
615 359,92 0,12 0,10 99,00 3.138,00 6023
616 359,92 0,12 0,10 99,00 3.143,00 6023
617 359,92 0,12 0,10 99,00 3.148,00 6023
618 359,92 0,12 0,10 99,00 3.153,00 6023
619 359,92 0,12 0,10 99,00 3.158,00 6023
620 359,92 0,12 0,10 99,00 3.163,00 6023
621 359,92 0,12 0,10 99,00 3.168,00 6023
622 359,92 0,12 0,10 99,00 3.173,00 6023
623 359,92 0,12 0,10 99,00 3.178,00 6023
624 359,92 0,12 0,10 99,00 3.183,00 6023
625 359,92 0,12 0,10 99,00 3.188,00 6023
626 359,92 11,16 9,16 99,00 3.193,00 6023
627 359,92 11,16 9,16 99,00 3.198,00 6023
628 359,92 11,16 9,16 99,00 3.203,00 6023
629 359,92 11,16 9,16 99,00 3.208,00 6023
630 359,92 11,16 9,16 1,00 3.213,00 6023
631 359,92 11,16 9,16 1,00 3.218,00 6039
632 359,92 11,16 9,16 1,00 3.223,00 6043
633 359,92 11,16 9,16 1,00 3.228,00 6043
634 359,92 0,11 0,09 1,00 3.233,00 6043
635 359,92 0,11 0,09 1,00 3.238,00 6043
636 359,92 0,11 0,09 1,00 3.243,00 6043
637 359,92 0,11 0,09 1,00 3.248,00 6043
638 359,92 0,11 0,09 1,00 3.253,00 6043
639 359,92 0,11 0,09 1,00 3.258,00 6043
640 359,92 0,11 0,09 1,00 3.263,00 6043
641 359,92 0,11 0,09 1,00 3.268,00 6043
642 359,92 0,11 0,09 1,00 3.273,00 6043
643 359,92 0,11 0,09 1,00 3.278,00 6043
644 359,92 0,11 0,09 1,00 3.283,00 6043
645 359,92 0,11 0,09 1,00 3.288,00 6043
646 359,92 0,11 0,09 1,00 3.293,00 6043
647 359,92 0,11 0,09 1,00 3.298,00 6043
648 359,92 0,11 0,09 1,00 3.303,00 6043
649 359,92 0,11 0,09 1,00 3.308,00 6043
650 359,92 0,11 0,09 1,00 3.313,00 6043
651 359,92 0,11 0,09 1,00 3.318,00 6043
652 359,92 0,11 0,09 1,00 3.323,00 6043
653 359,92 0,11 0,09 1,00 3.328,00 6043
654 359,92 0,11 0,09 1,00 3.333,00 6043
655 359,92 0,11 0,09 1,00 3.338,00 6043
656 359,92 0,11 0,09 1,00 3.343,00 6043
657 359,92 0,11 0,09 1,00 3.348,00 6043
658 359,92 0,11 0,09 1,00 3.353,00 6043
659 359,92 0,11 0,09 1,00 3.358,00 6043
660 359,92 0,11 0,09 99,00 3.363,00 6043
661 359,92 0,11 0,09 99,00 3.368,00 6047
662 359,92 10,56 8,67 99,00 3.373,00 6047
663 359,92 10,56 8,67 99,00 3.378,00 6047
664 359,92 10,56 8,67 99,00 3.383,00 6047
665 359,92 10,56 8,67 99,00 3.388,00 6047
666 359,92 10,56 8,67 99,00 3.393,00 6047
667 359,92 10,49 8,60 99,00 3.398,00 6047
668 359,92 10,49 8,60 99,00 3.403,00 6048
669 359,92 10,49 8,60 99,00 3.408,00 6048
670 359,92 10,49 8,60 99,00 3.413,00 6048
671 359,92 10,42 8,55 99,00 3.418,00 6048
672 359,92 10,42 8,55 99,00 3.423,00 6048
673 359,92 10,42 8,55 99,00 3.428,00 6048
674 359,92 10,42 8,55 99,00 3.433,00 6048
675 359,92 10,36 8,50 99,00 3.438,00 6048
676 359,92 10,36 8,50 99,00 3.443,00 6048
677 359,92 10,36 8,50 99,00 3.448,00 6048
678 359,92 10,36 8,50 99,00 3.453,00 6048
679 359,92 10,36 8,50 99,00 3.458,00 6048
680 359,92 10,36 8,50 99,00 3.463,00 6048
681 359,92 10,36 8,50 99,00 3.468,00 6048
682 359,92 10,26 8,42 99,00 3.473,00 6048
683 359,92 10,26 8,42 99,00 3.478,00 6048
684 359,92 10,26 8,42 99,00 3.483,00 6048
685 359,92 10,26 8,42 99,00 3.488,00 6048
686 359,92 10,20 8,37 99,00 3.493,00 6048
687 359,92 10,20 8,37 99,00 3.498,00 6048
688 359,92 10,20 8,37 99,00 3.503,00 6048
689 359,92 10,20 8,37 99,00 3.508,00 6048
690 359,92 10,20 8,37 1,00 3.513,00 6048
691 359,92 10,20 8,37 1,00 3.518,00 6060
692 359,92 10,20 8,37 1,00 3.523,00 6063
693 359,92 10,20 8,37 1,00 3.528,00 6066
694 359,92 10,20 8,37 1,00 3.533,00 6067
695 359,92 10,20 8,37 1,00 3.538,00 6068
696 359,92 10,20 8,37 1,00 3.543,00 6070
697 359,92 0,10 0,08 1,00 3.548,00 6070
698 359,92 0,10 0,08 1,00 3.553,00 6070
699 359,92 0,10 0,08 1,00 3.558,00 6070
700 359,92 0,10 0,08 1,00 3.563,00 6070
701 359,92 0,10 0,08 1,00 3.568,00 6070
702 359,92 0,10 0,08 1,00 3.573,00 6070
703 359,92 0,10 0,08 1,00 3.578,00 6070
704 359,92 0,10 0,08 1,00 3.583,00 6070
705 359,92 0,10 0,08 1,00 3.588,00 6070
706 359,92 0,10 0,08 1,00 3.593,00 6070
707 359,92 0,10 0,08 1,00 3.598,00 6070
708 359,92 0,10 0,08 1,00 3.603,00 6070
709 359,92 0,10 0,08 1,00 3.608,00 6070
710 359,92 0,10 0,08 1,00 3.613,00 6070
711 359,92 0,10 0,08 1,00 3.618,00 6070
712 359,92 0,10 0,08 1,00 3.623,00 6070
713 359,92 0,10 0,08 1,00 3.628,00 6070
714 359,92 0,10 0,08 1,00 3.633,00 6070
715 359,92 0,10 0,08 1,00 3.638,00 6070
716 359,92 0,10 0,08 1,00 3.643,00 6070
717 359,92 0,10 0,08 1,00 3.648,00 6070
718 359,92 0,10 0,08 1,00 3.653,00 6070
719 359,92 0,10 0,08 1,00 3.658,00 6070
720 359,92 0,10 0,08 99,00 3.663,00 6070
721 359,92 0,10 0,08 99,00 3.668,00 6073
722 359,92 0,10 0,08 99,00 3.673,00 6073
723 359,92 0,10 0,08 99,00 3.678,00 6073
724 359,92 0,10 0,08 99,00 3.683,00 6073
725 359,92 9,66 7,93 99,00 3.688,00 6073
726 359,92 9,66 7,93 99,00 3.693,00 6073
727 359,92 9,66 7,93 99,00 3.698,00 6073
728 359,92 9,66 7,93 99,00 3.703,00 6073
729 359,92 9,66 7,93 99,00 3.708,00 6073
730 359,92 9,66 7,93 99,00 3.713,00 6073
731 359,92 9,66 7,93 99,00 3.718,00 6073
732 359,92 9,66 7,93 99,00 3.723,00 6073
733 359,92 9,66 7,93 99,00 3.728,00 6073
734 359,92 9,66 7,93 99,00 3.733,00 6073
735 359,92 9,66 7,93 99,00 3.738,00 6073
736 359,92 9,66 7,93 99,00 3.743,00 6073
737 359,92 9,66 7,93 99,00 3.748,00 6073
738 359,92 9,66 7,93 99,00 3.753,00 6073
739 359,92 9,48 7,78 99,00 3.758,00 6073
740 359,92 9,48 7,78 99,00 3.763,00 6073
741 359,92 9,46 7,76 99,00 3.768,00 6073
742 359,92 9,46 7,76 99,00 3.773,00 6073
743 359,92 9,46 7,76 99,00 3.778,00 6073
744 359,92 9,46 7,76 99,00 3.783,00 6073
745 359,92 9,46 7,76 99,00 3.788,00 6073
746 359,92 9,46 7,76 99,00 3.793,00 6073
747 359,92 9,46 7,76 99,00 3.798,00 6073
748 359,92 9,46 7,76 99,00 3.803,00 6073
749 359,92 9,46 7,76 99,00 3.808,00 6073
750 359,92 9,46 7,76 1,00 3.813,00 6073
751 359,92 9,46 7,76 1,00 3.818,00 6081
752 359,92 9,46 7,76 1,00 3.823,00 6085
753 359,92 9,46 7,76 1,00 3.828,00 6085
754 359,92 9,46 7,76 1,00 3.833,00 6085
755 359,92 9,46 7,76 1,00 3.838,00 6085
756 359,92 9,46 7,76 1,00 3.843,00 6085
757 359,92 9,46 7,76 1,00 3.848,00 6085
758 359,92 9,46 7,76 1,00 3.853,00 6091
759 359,92 9,46 7,76 1,00 3.858,00 6094
760 359,92 9,46 7,76 1,00 3.863,00 6096
761 359,92 9,46 7,76 1,00 3.868,00 6097
762 359,92 9,46 7,76 1,00 3.873,00 6098
763 359,92 9,46 7,76 1,00 3.878,00 6098
764 359,92 9,46 7,76 1,00 3.883,00 6098
765 359,92 9,46 7,76 1,00 3.888,00 6098
766 359,92 9,46 7,76 1,00 3.893,00 6098
767 359,92 9,46 7,76 1,00 3.898,00 6098
768 359,92 9,46 7,76 1,00 3.903,00 6098
769 359,92 9,46 7,76 1,00 3.908,00 6098
770 359,92 9,46 7,76 1,00 3.913,00 6098
771 359,92 9,46 7,76 1,00 3.918,00 6098
772 359,92 9,46 7,76 1,00 3.923,00 6098
773 359,92 0,09 0,08 1,00 3.928,00 6098
774 359,92 0,09 0,08 1,00 3.933,00 6098
775 359,92 0,09 0,08 1,00 3.938,00 6098
776 359,92 0,09 0,08 1,00 3.943,00 6098
777 359,92 0,09 0,08 1,00 3.948,00 6098
778 359,92 0,09 0,08 1,00 3.953,00 6098
779 359,92 0,09 0,08 1,00 3.958,00 6098
780 359,92 0,09 0,08 99,00 3.963,00 6098
781 359,92 0,09 0,08 99,00 3.968,00 6102
782 359,92 0,09 0,08 99,00 3.973,00 6107
783 359,92 8,96 7,35 99,00 3.978,00 6110
784 359,92 8,96 7,35 99,00 3.983,00 6111
785 359,92 8,96 7,35 99,00 3.988,00 6111
786 359,92 8,96 7,35 99,00 3.993,00 6111
787 359,92 8,96 7,35 99,00 3.998,00 6111
788 359,92 8,96 7,35 99,00 4.003,00 6111
789 359,92 8,96 7,35 99,00 4.008,00 6111
790 359,92 8,96 7,35 99,00 4.013,00 6111
791 359,92 8,96 7,35 99,00 4.018,00 6111
792 359,92 8,96 7,35 99,00 4.023,00 6111
793 359,92 8,96 7,35 99,00 4.028,00 6111
794 359,92 8,96 7,35 99,00 4.033,00 6111
795 359,92 8,96 7,35 99,00 4.038,00 6111
796 359,92 8,96 7,35 99,00 4.043,00 6111
797 359,92 8,96 7,35 99,00 4.048,00 6111
798 359,92 8,79 7,21 99,00 4.053,00 6111
799 359,92 8,78 7,21 99,00 4.058,00 6111
800 359,92 8,78 7,21 99,00 4.063,00 6111
801 359,92 8,78 7,21 99,00 4.068,00 6111
802 359,92 8,78 7,21 99,00 4.073,00 6111
803 359,92 8,74 7,17 99,00 4.078,00 6111
804 359,92 8,74 7,17 99,00 4.083,00 6111
805 359,92 8,74 7,17 99,00 4.088,00 6111
806 359,92 8,74 7,17 99,00 4.093,00 6111
807 359,92 8,74 7,17 99,00 4.098,00 6111
808 359,92 8,74 7,17 99,00 4.103,00 6111
809 359,92 8,74 7,17 99,00 4.108,00 6111
810 359,92 8,74 7,17 1,00 4.113,00 6111
811 359,92 8,74 7,17 1,00 4.118,00 6120
812 359,92 8,74 7,17 1,00 4.123,00 6122
813 359,92 8,74 7,17 1,00 4.128,00 6123
814 359,92 0,09 0,07 1,00 4.133,00 6123
815 359,92 0,09 0,07 1,00 4.138,00 6123
816 359,92 0,09 0,07 1,00 4.143,00 6123
817 359,92 0,09 0,07 1,00 4.148,00 6123
818 359,92 0,09 0,07 1,00 4.153,00 6123
819 359,92 0,09 0,07 1,00 4.158,00 6123
820 359,92 0,09 0,07 1,00 4.163,00 6123
821 359,92 0,09 0,07 1,00 4.168,00 6123
822 359,92 0,09 0,07 1,00 4.173,00 6123
823 359,92 0,09 0,07 1,00 4.178,00 6123
824 359,92 0,09 0,07 1,00 4.183,00 6123
825 359,92 0,09 0,07 1,00 4.188,00 6123
826 359,92 0,09 0,07 1,00 4.193,00 6123
827 359,92 0,09 0,07 1,00 4.198,00 6123
828 359,92 0,09 0,07 1,00 4.203,00 6123
829 359,92 0,09 0,07 1,00 4.208,00 6123
830 359,92 0,09 0,07 1,00 4.213,00 6123
831 359,92 0,09 0,07 1,00 4.218,00 6123
832 359,92 0,09 0,07 1,00 4.223,00 6123
833 359,92 0,09 0,07 1,00 4.228,00 6123
834 359,92 0,09 0,07 1,00 4.233,00 6123
835 359,92 0,09 0,07 1,00 4.238,00 6123
836 359,92 0,09 0,07 1,00 4.243,00 6123
837 359,92 0,09 0,07 1,00 4.248,00 6123
838 359,92 0,09 0,07 1,00 4.253,00 6123
839 359,92 0,09 0,07 1,00 4.258,00 6123
840 359,92 0,09 0,07 99,00 4.263,00 6123
841 359,92 0,09 0,07 99,00 4.268,00 6130
842 359,92 0,09 0,07 99,00 4.273,00 6130
843 359,92 0,09 0,07 99,00 4.278,00 6130
844 359,92 0,09 0,07 99,00 4.283,00 6130
845 359,92 0,09 0,07 99,00 4.288,00 6130
846 359,92 0,09 0,07 99,00 4.293,00 6130
847 359,92 0,09 0,07 99,00 4.298,00 6130
848 359,92 0,09 0,07 99,00 4.303,00 6130
849 359,92 8,27 6,79 99,00 4.308,00 6130
850 359,92 8,27 6,79 99,00 4.313,00 6130
851 359,92 8,27 6,79 99,00 4.318,00 6130
852 359,92 8,27 6,79 99,00 4.323,00 6130
853 359,92 8,27 6,79 99,00 4.328,00 6130
854 359,92 8,27 6,79 99,00 4.333,00 6130
855 359,92 8,27 6,79 99,00 4.338,00 6130
856 359,92 8,27 6,79 99,00 4.343,00 6130
857 359,92 8,27 6,79 99,00 4.348,00 6130
858 359,92 8,27 6,79 99,00 4.353,00 6130
859 359,92 8,27 6,79 99,00 4.358,00 6130
860 359,92 8,27 6,79 99,00 4.363,00 6130
861 359,92 8,27 6,79 99,00 4.368,00 6130
862 359,92 8,27 6,79 99,00 4.373,00 6130
863 359,92 8,27 6,79 99,00 4.378,00 6130
864 359,92 8,27 6,79 99,00 4.383,00 6130
865 359,92 8,27 6,79 99,00 4.388,00 6130
866 359,92 8,11 6,66 99,00 4.393,00 6130
867 359,92 8,11 6,66 99,00 4.398,00 6130
868 359,92 8,11 6,66 99,00 4.403,00 6130
869 359,92 8,11 6,66 99,00 4.408,00 6130
870 359,92 8,11 6,66 1,00 4.413,00 6130
871 359,92 8,11 6,66 1,00 4.418,00 6139
872 359,92 8,11 6,66 1,00 4.423,00 6142
873 359,92 8,11 6,66 1,00 4.428,00 6144
874 359,92 8,11 6,66 1,00 4.433,00 6144
875 359,92 8,11 6,66 1,00 4.438,00 6152
876 359,92 8,11 6,66 1,00 4.443,00 6155
877 359,92 0,08 0,07 1,00 4.448,00 6156
878 359,92 0,08 0,07 1,00 4.453,00 6156
879 359,92 0,08 0,07 1,00 4.458,00 6156
880 359,92 0,08 0,07 1,00 4.463,00 6156
881 359,92 0,08 0,07 1,00 4.468,00 6156
882 359,92 0,08 0,07 1,00 4.473,00 6156
883 359,92 0,08 0,07 1,00 4.478,00 6156
884 359,92 0,08 0,07 1,00 4.483,00 6156
885 359,92 0,08 0,07 1,00 4.488,00 6156
886 359,92 0,08 0,07 1,00 4.493,00 6156
887 359,92 0,08 0,07 1,00 4.498,00 6156
888 359,92 0,08 0,07 1,00 4.503,00 6156
889 359,92 0,08 0,07 1,00 4.508,00 6156
890 359,92 0,08 0,07 1,00 4.513,00 6156
891 359,92 0,08 0,07 1,00 4.518,00 6156
892 359,92 0,08 0,07 1,00 4.523,00 6156
893 359,92 0,08 0,07 1,00 4.528,00 6156
894 359,92 0,08 0,07 1,00 4.533,00 6156
895 359,92 0,08 0,07 1,00 4.538,00 6156
896 359,92 0,08 0,07 1,00 4.543,00 6156
897 359,92 0,08 0,07 1,00 4.548,00 6156
898 359,92 0,08 0,07 1,00 4.553,00 6156
899 359,92 0,08 0,07 1,00 4.558,00 6156
900 359,92 0,08 0,07 99,00 4.563,00 6156
901 359,92 7,80 6,40 99,00 4.568,00 6161
902 359,92 7,80 6,40 99,00 4.573,00 6162
903 359,92 7,80 6,40 99,00 4.578,00 6163
904 359,92 7,77 6,38 99,00 4.583,00 6163
905 359,92 7,77 6,37 99,00 4.588,00 6164
906 359,92 7,77 6,37 99,00 4.593,00 6165
907 359,92 7,77 6,37 99,00 4.598,00 6165
908 359,92 7,77 6,37 99,00 4.603,00 6165
909 359,92 7,77 6,37 99,00 4.608,00 6165
910 359,92 7,77 6,37 99,00 4.613,00 6165
911 359,92 7,77 6,37 99,00 4.618,00 6165
912 359,92 7,77 6,37 99,00 4.623,00 6165
913 359,92 7,77 6,37 99,00 4.628,00 6165
914 359,92 7,77 6,37 99,00 4.633,00 6165
915 359,92 7,77 6,37 99,00 4.638,00 6165
916 359,92 7,77 6,37 99,00 4.643,00 6165
917 359,92 7,77 6,37 99,00 4.648,00 6165
918 359,92 7,77 6,37 99,00 4.653,00 6165
919 359,92 7,77 6,37 99,00 4.658,00 6165
920 359,92 7,77 6,37 99,00 4.663,00 6165
921 359,92 7,77 6,37 99,00 4.668,00 6165
922 359,92 7,63 6,26 99,00 4.673,00 6165
923 359,92 7,62 6,25 99,00 4.678,00 6165
924 359,92 7,61 6,24 99,00 4.683,00 6165
925 359,92 7,61 6,24 99,00 4.688,00 6165
926 359,92 7,61 6,24 99,00 4.693,00 6165
927 359,92 7,61 6,24 99,00 4.698,00 6165
928 359,92 7,61 6,24 99,00 4.703,00 6165
929 359,92 7,61 6,24 99,00 4.708,00 6165
930 359,92 7,61 6,24 1,00 4.713,00 6165
931 359,92 7,61 6,24 1,00 4.718,00 6173
932 359,92 7,61 6,24 1,00 4.723,00 6176
933 359,92 7,61 6,24 1,00 4.728,00 6176
934 359,92 7,61 6,24 1,00 4.733,00 6176
935 359,92 7,61 6,24 1,00 4.738,00 6176
936 359,92 7,61 6,24 1,00 4.743,00 6177
937 359,92 7,61 6,24 1,00 4.748,00 6177
938 359,92 0,08 0,06 1,00 4.753,00 6177
939 359,92 0,08 0,06 1,00 4.758,00 6177
940 359,92 0,08 0,06 1,00 4.763,00 6177
941 359,92 0,08 0,06 1,00 4.768,00 6177
942 359,92 0,08 0,06 1,00 4.773,00 6177
943 359,92 0,08 0,06 1,00 4.778,00 6177
944 359,92 0,08 0,06 1,00 4.783,00 6177
945 359,92 0,08 0,06 1,00 4.788,00 6177
946 359,92 0,08 0,06 1,00 4.793,00 6177
947 359,92 0,08 0,06 1,00 4.798,00 6177
948 359,92 0,07 0,06 1,00 4.803,00 6177
949 359,92 0,07 0,06 1,00 4.808,00 6177
950 359,92 0,07 0,06 1,00 4.813,00 6177
951 359,92 0,07 0,06 1,00 4.818,00 6177
952 359,92 0,07 0,06 1,00 4.823,00 6177
953 359,92 0,07 0,06 1,00 4.828,00 6177
954 359,92 0,07 0,06 1,00 4.833,00 6177
955 359,92 0,07 0,06 1,00 4.838,00 6177
956 359,92 0,07 0,06 1,00 4.843,00 6177
957 359,92 0,07 0,06 1,00 4.848,00 6177
958 359,92 0,07 0,06 1,00 4.853,00 6177
959 359,92 0,07 0,06 1,00 4.858,00 6177
960 359,92 0,07 0,06 99,00 4.863,00 6177
961 359,92 7,32 6,01 99,00 4.868,00 6179
962 359,92 7,32 6,01 99,00 4.873,00 6180
963 359,92 7,32 6,01 99,00 4.878,00 6180
964 359,92 7,32 6,01 99,00 4.883,00 6180
965 359,92 7,32 6,01 99,00 4.888,00 6181
966 359,92 7,32 6,01 99,00 4.893,00 6181
967 359,92 7,32 6,01 99,00 4.898,00 6181
968 359,92 7,27 5,96 99,00 4.903,00 6181
969 359,92 7,27 5,96 99,00 4.908,00 6181
970 359,92 7,25 5,95 99,00 4.913,00 6181
971 359,92 7,25 5,95 99,00 4.918,00 6181
972 359,92 7,25 5,95 99,00 4.923,00 6181
973 359,92 7,25 5,95 99,00 4.928,00 6181
974 359,92 7,25 5,95 99,00 4.933,00 6181
975 359,92 7,25 5,95 99,00 4.938,00 6181
976 359,92 7,25 5,95 99,00 4.943,00 6181
977 359,92 7,25 5,95 99,00 4.948,00 6181
978 359,92 7,25 5,95 99,00 4.953,00 6181
979 359,92 7,19 5,90 99,00 4.958,00 6181
980 359,92 7,19 5,90 99,00 4.963,00 6181
981 359,92 7,19 5,90 99,00 4.968,00 6181
982 359,92 7,19 5,90 99,00 4.973,00 6181
983 359,92 7,16 5,87 99,00 4.978,00 6181
984 359,92 7,16 5,87 99,00 4.983,00 6181
985 359,92 7,16 5,87 99,00 4.988,00 6181
986 359,92 7,16 5,87 99,00 4.993,00 6181
987 359,92 7,16 5,87 99,00 4.998,00 6181
988 359,92 7,16 5,87 99,00 5.003,00 6181
989 359,92 7,16 5,87 99,00 5.008,00 6181
990 359,92 7,16 5,87 1,00 5.013,00 6181
991 359,92 7,16 5,87 1,00 5.018,00 6187
992 359,92 7,16 5,87 1,00 5.023,00 6189
993 359,92 7,16 5,87 1,00 5.028,00 6189
994 359,92 7,16 5,87 1,00 5.033,00 6189
995 359,92 7,16 5,87 1,00 5.038,00 6189
996 359,92 0,07 0,06 1,00 5.043,00 6189
997 359,92 0,07 0,06 1,00 5.048,00 6189
998 359,92 0,07 0,06 1,00 5.053,00 6189
999 359,92 0,07 0,06 1,00 5.058,00 6189
