1000
0 332,00 332,00 332,00 1,00 35,00 0
1 332,00 12,77 12,77 1,00 41,00 1235
2 332,00 12,77 6,84 1,00 56,00 1774
3 332,00 12,77 7,12 1,00 71,00 1865
4 332,00 12,77 7,14 1,00 86,00 1875
5 332,00 12,77 7,13 1,00 101,00 1879
6 332,00 12,77 7,15 1,00 116,00 1881
7 332,00 12,77 7,16 1,00 131,00 1881
8 332,00 12,77 7,16 1,00 146,00 1881
9 332,00 12,77 7,16 1,00 161,00 1881
10 332,00 1,89 1,06 1,00 176,00 1881
11 332,00 1,89 1,06 1,00 191,00 1881
12 332,00 1,89 1,06 1,00 206,00 1881
13 332,00 1,89 1,06 1,00 221,00 1881
14 332,00 1,89 1,06 1,00 236,00 1881
15 332,00 1,89 1,06 1,00 251,00 1881
16 332,00 1,89 1,06 1,00 266,00 1881
17 332,00 1,89 1,06 1,00 281,00 1881
18 332,00 1,12 0,63 1,00 296,00 1881
19 332,00 1,07 0,60 1,00 311,00 1881
20 332,00 1,07 0,60 1,00 326,00 1881
21 332,00 1,07 0,60 1,00 341,00 1881
22 332,00 0,93 0,52 1,00 356,00 1881
23 332,00 0,93 0,52 1,00 371,00 1881
24 332,00 0,93 0,52 1,00 386,00 1881
25 332,00 0,93 0,52 1,00 401,00 1881
26 332,00 0,80 0,45 1,00 416,00 1881
27 332,00 0,80 0,45 1,00 431,00 1881
28 332,00 0,80 0,45 1,00 446,00 1881
29 332,00 0,80 0,45 1,00 461,00 1881
30 332,00 0,80 0,45 99,00 476,00 1881
31 332,00 69,20 38,79 99,00 490,00 2704
32 332,00 67,21 55,39 99,00 504,00 3431
33 332,00 67,21 45,79 99,00 519,00 3821
34 332,00 67,21 49,01 99,00 534,00 4072
35 332,00 59,87 47,13 99,00 549,00 4286
36 332,00 59,87 43,81 99,00 564,00 4405
37 332,00 56,77 43,31 99,00 579,00 4558
38 332,00 56,77 42,57 99,00 594,00 4625
39 332,00 56,77 41,97 99,00 609,00 4666
40 332,00 52,67 38,35 99,00 624,00 4711
41 332,00 52,67 38,87 99,00 639,00 4762
42 332,00 52,67 38,75 99,00 654,00 4795
43 332,00 52,67 37,75 99,00 669,00 4831
44 332,00 52,67 38,64 99,00 684,00 4863
45 332,00 52,67 38,65 99,00 699,00 4893
46 332,00 52,67 38,66 99,00 714,00 4918
47 332,00 52,67 38,70 99,00 729,00 4938
48 332,00 44,18 32,44 99,00 744,00 4953
49 332,00 44,18 32,45 99,00 759,00 4969
50 332,00 44,18 32,45 99,00 774,00 4978
51 332,00 44,18 32,46 99,00 789,00 4991
52 332,00 44,18 32,46 99,00 804,00 5006
53 332,00 44,18 32,46 99,00 819,00 5016
54 332,00 39,41 28,96 99,00 834,00 5027
55 332,00 38,71 28,44 99,00 849,00 5033
56 332,00 38,71 28,44 99,00 864,00 5043
57 332,00 38,71 28,44 99,00 879,00 5047
58 332,00 38,71 28,44 99,00 894,00 5055
59 332,00 38,71 28,44 99,00 909,00 5061
60 332,00 38,71 28,44 3,00 924,00 5068
61 332,00 38,71 28,44 3,00 939,00 5076
62 332,00 38,71 28,45 3,00 954,00 5097
63 332,00 38,71 28,45 3,00 969,00 5110
64 332,00 38,71 28,45 3,00 984,00 5114
65 332,00 38,71 28,45 3,00 999,00 5115
66 332,00 38,71 28,44 3,00 1.014,00 5118
67 332,00 38,71 28,44 3,00 1.029,00 5123
68 332,00 38,71 28,45 3,00 1.044,00 5124
69 332,00 38,71 28,45 3,00 1.059,00 5125
70 332,00 38,71 28,45 3,00 1.074,00 5125
71 332,00 38,71 28,45 3,00 1.089,00 5125
72 332,00 38,71 28,45 3,00 1.104,00 5125
73 332,00 38,71 28,45 3,00 1.119,00 5125
74 332,00 38,71 28,45 3,00 1.134,00 5126
75 332,00 38,71 28,45 3,00 1.149,00 5126
76 332,00 38,71 28,45 3,00 1.164,00 5126
77 332,00 38,71 28,45 3,00 1.179,00 5126
78 332,00 38,71 28,45 3,00 1.194,00 5127
79 332,00 38,71 28,45 3,00 1.209,00 5128
80 332,00 38,71 28,45 3,00 1.224,00 5128
81 332,00 38,71 28,45 3,00 1.239,00 5128
82 332,00 38,71 28,45 3,00 1.254,00 5128
83 332,00 38,71 28,45 3,00 1.269,00 5128
84 332,00 38,71 28,45 3,00 1.284,00 5128
85 332,00 38,71 28,45 3,00 1.299,00 5128
86 332,00 38,71 28,45 3,00 1.314,00 5128
87 332,00 38,71 28,45 3,00 1.329,00 5128
88 332,00 38,71 28,45 3,00 1.344,00 5129
89 332,00 0,73 0,54 3,00 1.359,00 5133
90 332,00 0,72 0,53 101,00 1.374,00 5133
91 332,00 24,42 17,94 101,00 1.388,00 5240
92 332,00 24,42 17,94 101,00 1.403,00 5280
93 332,00 24,42 17,94 101,00 1.418,00 5298
94 332,00 24,42 17,94 101,00 1.433,00 5308
95 332,00 23,16 17,01 101,00 1.448,00 5318
96 332,00 23,16 17,01 101,00 1.463,00 5327
97 332,00 23,16 17,01 101,00 1.478,00 5336
98 332,00 23,16 17,01 101,00 1.493,00 5340
99 332,00 23,16 17,01 101,00 1.508,00 5347
100 332,00 23,16 17,01 101,00 1.523,00 5351
101 332,00 23,16 17,01 101,00 1.538,00 5353
102 332,00 23,16 17,01 101,00 1.553,00 5354
103 332,00 23,16 17,01 101,00 1.568,00 5357
104 332,00 23,16 17,01 101,00 1.583,00 5357
105 332,00 23,16 17,01 101,00 1.598,00 5357
106 332,00 23,16 17,01 101,00 1.613,00 5357
107 332,00 23,16 17,01 101,00 1.628,00 5357
108 332,00 23,16 17,01 101,00 1.643,00 5357
109 332,00 23,16 17,01 101,00 1.658,00 5359
110 332,00 23,16 17,01 101,00 1.673,00 5359
111 332,00 23,16 17,01 101,00 1.688,00 5360
112 332,00 23,16 17,01 101,00 1.703,00 5362
113 332,00 23,16 17,01 101,00 1.718,00 5364
114 332,00 19,35 14,22 101,00 1.733,00 5366
115 332,00 19,35 14,22 101,00 1.748,00 5366
116 332,00 19,35 14,22 101,00 1.763,00 5366
117 332,00 19,35 14,22 101,00 1.778,00 5366
118 332,00 19,35 14,22 101,00 1.793,00 5367
119 332,00 19,35 14,22 101,00 1.808,00 5368
120 332,00 19,35 14,22 10,00 1.823,00 5368
121 332,00 19,35 14,22 10,00 1.838,00 5378
122 332,00 19,35 14,22 10,00 1.853,00 5387
123 332,00 19,35 14,22 10,00 1.868,00 5391
124 332,00 19,35 14,22 10,00 1.883,00 5392
125 332,00 19,35 14,22 10,00 1.898,00 5392
126 332,00 19,35 14,22 10,00 1.913,00 5392
127 332,00 19,35 14,22 10,00 1.928,00 5392
128 332,00 19,35 14,22 10,00 1.943,00 5392
129 332,00 19,35 14,22 10,00 1.958,00 5392
130 332,00 1,68 1,24 10,00 1.973,00 5392
131 332,00 1,68 1,24 10,00 1.988,00 5392
132 332,00 1,68 1,24 10,00 2.003,00 5392
133 332,00 1,68 1,24 10,00 2.018,00 5392
134 332,00 1,68 1,24 10,00 2.033,00 5392
135 332,00 1,62 1,19 10,00 2.048,00 5392
136 332,00 1,62 1,19 10,00 2.063,00 5392
137 332,00 1,62 1,19 10,00 2.078,00 5392
138 332,00 1,62 1,19 10,00 2.093,00 5392
139 332,00 1,62 1,19 10,00 2.108,00 5392
140 332,00 1,62 1,19 10,00 2.123,00 5397
141 332,00 1,62 1,19 10,00 2.138,00 5398
142 332,00 1,62 1,19 10,00 2.153,00 5398
143 332,00 1,62 1,19 10,00 2.168,00 5398
144 332,00 1,62 1,19 10,00 2.183,00 5398
145 332,00 1,62 1,19 10,00 2.198,00 5398
146 332,00 1,62 1,19 10,00 2.213,00 5398
147 332,00 1,49 1,09 10,00 2.228,00 5398
148 332,00 1,49 1,09 10,00 2.243,00 5398
149 332,00 1,49 1,09 10,00 2.258,00 5398
150 332,00 1,49 1,09 96,00 2.273,00 5398
151 332,00 1,49 1,09 96,00 2.288,00 5443
152 332,00 1,49 1,09 96,00 2.303,00 5461
153 332,00 1,49 1,09 96,00 2.318,00 5469
154 332,00 1,49 1,09 96,00 2.333,00 5476
155 332,00 1,49 1,09 96,00 2.348,00 5480
156 332,00 1,49 1,09 96,00 2.363,00 5482
157 332,00 1,49 1,09 96,00 2.378,00 5482
158 332,00 1,49 1,09 96,00 2.393,00 5492
159 332,00 1,49 1,09 96,00 2.408,00 5501
160 332,00 1,49 1,09 96,00 2.423,00 5510
161 332,00 1,49 1,09 96,00 2.438,00 5520
162 332,00 1,49 1,09 96,00 2.453,00 5532
163 332,00 1,49 1,09 96,00 2.468,00 5544
164 332,00 1,49 1,09 96,00 2.483,00 5553
165 332,00 1,49 1,09 96,00 2.498,00 5560
166 332,00 1,49 1,09 96,00 2.513,00 5566
167 332,00 1,49 1,09 96,00 2.528,00 5570
168 332,00 1,49 1,09 96,00 2.543,00 5573
169 332,00 1,49 1,09 96,00 2.558,00 5575
170 332,00 1,49 1,09 96,00 2.573,00 5576
171 332,00 1,49 1,09 96,00 2.588,00 5577
172 332,00 1,49 1,09 96,00 2.603,00 5578
173 332,00 1,49 1,09 96,00 2.618,00 5579
174 332,00 1,49 1,09 96,00 2.633,00 5580
175 332,00 12,04 8,84 96,00 2.648,00 5582
176 332,00 11,97 8,79 96,00 2.663,00 5583
177 332,00 11,97 8,79 96,00 2.678,00 5584
178 332,00 11,97 8,79 96,00 2.693,00 5587
179 332,00 11,97 8,79 96,00 2.708,00 5589
180 332,00 11,97 8,79 9,00 2.723,00 5591
181 332,00 11,97 8,79 9,00 2.738,00 5600
182 332,00 11,97 8,79 9,00 2.753,00 5601
183 332,00 11,97 8,79 9,00 2.768,00 5602
184 332,00 1,07 0,79 9,00 2.783,00 5602
185 332,00 1,07 0,79 9,00 2.798,00 5602
186 332,00 1,07 0,79 9,00 2.813,00 5602
187 332,00 1,07 0,79 9,00 2.828,00 5602
188 332,00 1,07 0,79 9,00 2.843,00 5602
189 332,00 1,07 0,79 9,00 2.858,00 5602
190 332,00 1,07 0,79 9,00 2.873,00 5602
191 332,00 1,07 0,79 9,00 2.888,00 5604
192 332,00 1,07 0,79 9,00 2.903,00 5606
193 332,00 1,07 0,79 9,00 2.918,00 5607
194 332,00 1,07 0,79 9,00 2.933,00 5611
195 332,00 1,07 0,79 9,00 2.948,00 5613
196 332,00 1,01 0,74 9,00 2.963,00 5613
197 332,00 1,00 0,74 9,00 2.978,00 5613
198 332,00 1,00 0,74 9,00 2.993,00 5613
199 332,00 1,00 0,74 9,00 3.008,00 5613
200 332,00 1,00 0,74 9,00 3.023,00 5613
201 332,00 0,98 0,72 9,00 3.038,00 5613
202 332,00 0,98 0,72 9,00 3.053,00 5613
203 332,00 0,98 0,72 9,00 3.068,00 5613
204 332,00 0,98 0,72 9,00 3.083,00 5613
205 332,00 0,98 0,72 9,00 3.098,00 5613
206 332,00 0,98 0,72 9,00 3.113,00 5613
207 332,00 0,98 0,72 9,00 3.128,00 5613
208 332,00 0,98 0,72 9,00 3.143,00 5614
209 332,00 0,98 0,72 9,00 3.158,00 5616
210 332,00 0,98 0,72 87,00 3.173,00 5616
211 332,00 0,98 0,72 87,00 3.188,00 5655
212 332,00 0,98 0,72 87,00 3.203,00 5665
213 332,00 0,98 0,72 87,00 3.218,00 5671
214 332,00 0,98 0,72 87,00 3.233,00 5671
215 332,00 8,89 6,53 87,00 3.248,00 5671
216 332,00 8,89 6,53 87,00 3.263,00 5671
217 332,00 8,89 6,53 87,00 3.278,00 5671
218 332,00 8,89 6,53 87,00 3.293,00 5671
219 332,00 8,89 6,53 87,00 3.308,00 5671
220 332,00 8,89 6,53 87,00 3.323,00 5671
221 332,00 8,89 6,53 87,00 3.338,00 5671
222 332,00 8,89 6,53 87,00 3.353,00 5671
223 332,00 8,89 6,53 87,00 3.368,00 5671
224 332,00 8,89 6,53 87,00 3.383,00 5671
225 332,00 8,89 6,53 87,00 3.398,00 5671
226 332,00 8,89 6,53 87,00 3.413,00 5671
227 332,00 8,89 6,53 87,00 3.428,00 5671
228 332,00 8,89 6,53 87,00 3.443,00 5671
229 332,00 8,35 6,14 87,00 3.458,00 5671
230 332,00 8,35 6,14 87,00 3.473,00 5671
231 332,00 8,35 6,14 87,00 3.488,00 5671
232 332,00 8,35 6,14 87,00 3.503,00 5671
233 332,00 8,35 6,14 87,00 3.518,00 5671
234 332,00 8,35 6,14 87,00 3.533,00 5671
235 332,00 8,35 6,14 87,00 3.548,00 5671
236 332,00 8,35 6,14 87,00 3.563,00 5671
237 332,00 8,35 6,14 87,00 3.578,00 5671
238 332,00 8,35 6,14 87,00 3.593,00 5671
239 332,00 8,35 6,14 87,00 3.608,00 5671
240 332,00 7,97 5,86 16,00 3.623,00 5671
241 332,00 7,97 5,86 16,00 3.638,00 5686
242 332,00 7,97 5,86 16,00 3.653,00 5686
243 332,00 7,97 5,86 16,00 3.668,00 5687
244 332,00 7,97 5,86 16,00 3.683,00 5688
245 332,00 7,97 5,86 16,00 3.698,00 5688
246 332,00 7,97 5,86 16,00 3.713,00 5688
247 332,00 7,97 5,86 16,00 3.728,00 5688
248 332,00 7,97 5,86 16,00 3.743,00 5688
249 332,00 7,97 5,86 16,00 3.758,00 5691
250 332,00 7,97 5,86 16,00 3.773,00 5693
251 332,00 1,40 1,03 16,00 3.788,00 5693
252 332,00 1,40 1,03 16,00 3.803,00 5693
253 332,00 1,40 1,03 16,00 3.818,00 5694
254 332,00 1,40 1,03 16,00 3.833,00 5694
255 332,00 1,40 1,03 16,00 3.848,00 5694
256 332,00 1,40 1,03 16,00 3.863,00 5694
257 332,00 1,40 1,03 16,00 3.878,00 5694
258 332,00 1,40 1,03 16,00 3.893,00 5694
259 332,00 1,40 1,03 16,00 3.908,00 5694
260 332,00 1,40 1,03 16,00 3.923,00 5694
261 332,00 1,35 0,99 16,00 3.938,00 5694
262 332,00 1,35 0,99 16,00 3.953,00 5694
263 332,00 1,35 0,99 16,00 3.968,00 5694
264 332,00 1,35 0,99 16,00 3.983,00 5694
265 332,00 1,35 0,99 16,00 3.998,00 5694
266 332,00 1,35 0,99 16,00 4.013,00 5694
267 332,00 1,35 0,99 16,00 4.028,00 5694
268 332,00 1,31 0,97 16,00 4.043,00 5694
269 332,00 1,31 0,97 16,00 4.058,00 5694
270 332,00 1,31 0,97 92,00 4.073,00 5694
271 332,00 1,31 0,97 92,00 4.088,00 5724
272 332,00 1,31 0,97 92,00 4.103,00 5736
273 332,00 1,31 0,97 92,00 4.118,00 5742
274 332,00 1,31 0,97 92,00 4.133,00 5742
275 332,00 7,36 5,41 92,00 4.148,00 5742
276 332,00 7,36 5,41 92,00 4.163,00 5742
277 332,00 7,36 5,41 92,00 4.178,00 5742
278 332,00 7,36 5,41 92,00 4.193,00 5742
279 332,00 7,36 5,41 92,00 4.208,00 5742
280 332,00 7,36 5,41 92,00 4.223,00 5742
281 332,00 7,36 5,41 92,00 4.238,00 5742
282 332,00 7,18 5,28 92,00 4.253,00 5742
283 332,00 7,18 5,28 92,00 4.268,00 5742
284 332,00 7,18 5,28 92,00 4.283,00 5742
285 332,00 7,18 5,28 92,00 4.298,00 5742
286 332,00 7,18 5,28 92,00 4.313,00 5742
287 332,00 7,18 5,28 92,00 4.328,00 5742
288 332,00 7,18 5,28 92,00 4.343,00 5742
289 332,00 7,18 5,28 92,00 4.358,00 5742
290 332,00 7,18 5,28 92,00 4.373,00 5742
291 332,00 7,18 5,28 92,00 4.388,00 5742
292 332,00 7,18 5,28 92,00 4.403,00 5742
293 332,00 7,18 5,28 92,00 4.418,00 5742
294 332,00 7,18 5,28 92,00 4.433,00 5742
295 332,00 7,18 5,28 92,00 4.448,00 5742
296 332,00 7,18 5,28 92,00 4.463,00 5742
297 332,00 7,18 5,28 92,00 4.478,00 5742
298 332,00 7,18 5,28 92,00 4.493,00 5742
299 332,00 7,18 5,28 92,00 4.508,00 5742
300 332,00 7,18 5,28 22,00 4.523,00 5742
301 332,00 7,18 5,28 22,00 4.538,00 5752
302 332,00 7,18 5,28 22,00 4.553,00 5752
303 332,00 7,18 5,28 22,00 4.568,00 5752
304 332,00 7,18 5,28 22,00 4.583,00 5752
305 332,00 1,59 1,17 22,00 4.598,00 5752
306 332,00 1,59 1,17 22,00 4.613,00 5762
307 332,00 1,58 1,16 22,00 4.628,00 5773
308 332,00 1,58 1,16 22,00 4.643,00 5778
309 332,00 1,58 1,16 22,00 4.658,00 5780
310 332,00 1,56 1,15 22,00 4.673,00 5780
311 332,00 1,56 1,15 22,00 4.688,00 5780
312 332,00 1,56 1,15 22,00 4.703,00 5780
313 332,00 1,56 1,15 22,00 4.718,00 5782
314 332,00 1,56 1,15 22,00 4.733,00 5783
315 332,00 1,56 1,15 22,00 4.748,00 5783
316 332,00 1,56 1,15 22,00 4.763,00 5783
317 332,00 1,56 1,15 22,00 4.778,00 5783
318 332,00 1,56 1,15 22,00 4.793,00 5783
319 332,00 1,56 1,15 22,00 4.808,00 5783
320 332,00 1,56 1,15 22,00 4.823,00 5783
321 332,00 1,51 1,11 22,00 4.838,00 5783
322 332,00 1,51 1,11 22,00 4.853,00 5783
323 332,00 1,51 1,11 22,00 4.868,00 5783
324 332,00 1,50 1,10 22,00 4.883,00 5783
325 332,00 1,50 1,10 22,00 4.898,00 5783
326 332,00 1,50 1,10 22,00 4.913,00 5783
327 332,00 1,48 1,09 22,00 4.928,00 5783
328 332,00 1,48 1,09 22,00 4.943,00 5783
329 332,00 1,48 1,09 22,00 4.958,00 5783
330 332,00 1,48 1,09 86,00 4.973,00 5783
331 332,00 1,48 1,09 86,00 4.988,00 5809
332 332,00 1,48 1,09 86,00 5.003,00 5815
333 332,00 1,48 1,09 86,00 5.018,00 5818
334 332,00 1,48 1,09 86,00 5.033,00 5819
335 332,00 1,48 1,09 86,00 5.048,00 5820
336 332,00 1,48 1,09 86,00 5.063,00 5820
337 332,00 1,48 1,09 86,00 5.078,00 5820
338 332,00 1,48 1,09 86,00 5.093,00 5820
339 332,00 5,59 4,11 86,00 5.108,00 5820
340 332,00 5,57 4,09 86,00 5.123,00 5820
341 332,00 5,56 4,08 86,00 5.138,00 5820
342 332,00 5,56 4,08 86,00 5.153,00 5820
343 332,00 5,56 4,08 86,00 5.168,00 5820
344 332,00 5,56 4,08 86,00 5.183,00 5820
345 332,00 5,56 4,08 86,00 5.198,00 5820
346 332,00 5,48 4,02 86,00 5.213,00 5820
347 332,00 5,48 4,02 86,00 5.228,00 5820
348 332,00 5,48 4,02 86,00 5.243,00 5820
349 332,00 5,48 4,02 86,00 5.258,00 5820
350 332,00 5,48 4,02 86,00 5.273,00 5820
351 332,00 5,48 4,02 86,00 5.288,00 5820
352 332,00 5,48 4,02 86,00 5.303,00 5820
353 332,00 5,48 4,02 86,00 5.318,00 5820
354 332,00 5,48 4,02 86,00 5.333,00 5820
355 332,00 5,48 4,02 86,00 5.348,00 5820
356 332,00 5,32 3,91 86,00 5.363,00 5820
357 332,00 5,31 3,90 86,00 5.378,00 5820
358 332,00 5,31 3,90 86,00 5.393,00 5820
359 332,00 5,31 3,90 86,00 5.408,00 5820
360 332,00 5,31 3,90 14,00 5.423,00 5820
361 332,00 0,85 0,63 14,00 5.438,00 5827
362 332,00 0,85 0,63 14,00 5.453,00 5827
363 332,00 0,85 0,63 14,00 5.468,00 5827
364 332,00 0,85 0,63 14,00 5.483,00 5827
365 332,00 0,85 0,63 14,00 5.498,00 5827
366 332,00 0,85 0,63 14,00 5.513,00 5827
367 332,00 0,85 0,63 14,00 5.528,00 5827
368 332,00 0,85 0,63 14,00 5.543,00 5827
369 332,00 0,85 0,63 14,00 5.558,00 5827
370 332,00 0,85 0,63 14,00 5.573,00 5827
371 332,00 0,85 0,63 14,00 5.588,00 5827
372 332,00 0,85 0,63 14,00 5.603,00 5827
373 332,00 0,85 0,63 14,00 5.618,00 5827
374 332,00 0,85 0,63 14,00 5.633,00 5827
375 332,00 0,85 0,63 14,00 5.648,00 5827
376 332,00 0,85 0,63 14,00 5.663,00 5827
377 332,00 0,85 0,63 14,00 5.678,00 5827
378 332,00 0,85 0,63 14,00 5.693,00 5827
379 332,00 0,85 0,63 14,00 5.708,00 5827
380 332,00 0,81 0,60 14,00 5.723,00 5827
381 332,00 0,81 0,60 14,00 5.738,00 5827
382 332,00 0,81 0,60 14,00 5.753,00 5827
383 332,00 0,81 0,60 14,00 5.768,00 5833
384 332,00 0,81 0,60 14,00 5.783,00 5833
385 332,00 0,80 0,59 14,00 5.798,00 5833
386 332,00 0,80 0,59 14,00 5.813,00 5833
387 332,00 0,80 0,59 14,00 5.828,00 5833
388 332,00 0,80 0,58 14,00 5.843,00 5833
389 332,00 0,80 0,58 14,00 5.858,00 5833
390 332,00 0,80 0,58 102,00 5.873,00 5833
391 332,00 0,80 0,58 102,00 5.888,00 5854
392 332,00 0,80 0,58 102,00 5.903,00 5858
393 332,00 0,80 0,58 102,00 5.918,00 5861
394 332,00 5,71 4,19 102,00 5.933,00 5861
395 332,00 5,71 4,19 102,00 5.948,00 5861
396 332,00 5,71 4,19 102,00 5.963,00 5861
397 332,00 5,71 4,19 102,00 5.978,00 5861
398 332,00 5,71 4,19 102,00 5.993,00 5861
399 332,00 5,71 4,19 102,00 6.008,00 5861
400 332,00 5,62 4,13 102,00 6.023,00 5861
401 332,00 5,62 4,13 102,00 6.038,00 5865
402 332,00 5,62 4,13 102,00 6.053,00 5866
403 332,00 5,62 4,13 102,00 6.068,00 5866
404 332,00 5,62 4,13 102,00 6.083,00 5866
405 332,00 5,62 4,13 102,00 6.098,00 5866
406 332,00 5,62 4,13 102,00 6.113,00 5866
407 332,00 5,62 4,13 102,00 6.128,00 5866
408 332,00 5,62 4,13 102,00 6.143,00 5866
409 332,00 5,62 4,13 102,00 6.158,00 5866
410 332,00 5,62 4,13 102,00 6.173,00 5866
411 332,00 5,62 4,13 102,00 6.188,00 5866
412 332,00 5,46 4,01 102,00 6.203,00 5866
413 332,00 5,46 4,01 102,00 6.218,00 5866
414 332,00 5,46 4,01 102,00 6.233,00 5866
415 332,00 5,46 4,01 102,00 6.248,00 5866
416 332,00 5,46 4,01 102,00 6.263,00 5866
417 332,00 5,46 4,01 102,00 6.278,00 5866
418 332,00 5,46 4,01 102,00 6.293,00 5866
419 332,00 5,46 4,01 102,00 6.308,00 5866
420 332,00 5,46 4,01 26,00 6.323,00 5866
421 332,00 5,46 4,01 26,00 6.338,00 5875
422 332,00 5,46 4,01 26,00 6.353,00 5878
423 332,00 5,46 4,01 26,00 6.368,00 5879
424 332,00 5,46 4,01 26,00 6.383,00 5879
425 332,00 5,46 4,01 26,00 6.398,00 5879
426 332,00 5,46 4,01 26,00 6.413,00 5879
427 332,00 5,46 4,01 26,00 6.428,00 5879
428 332,00 5,46 4,01 26,00 6.443,00 5880
429 332,00 5,46 4,01 26,00 6.458,00 5880
430 332,00 5,46 4,01 26,00 6.473,00 5880
431 332,00 5,46 4,01 26,00 6.488,00 5880
432 332,00 5,46 4,01 26,00 6.503,00 5880
433 332,00 5,46 4,01 26,00 6.518,00 5880
434 332,00 5,46 4,01 26,00 6.533,00 5880
435 332,00 5,46 4,01 26,00 6.548,00 5880
436 332,00 5,46 4,01 26,00 6.563,00 5880
437 332,00 5,46 4,01 26,00 6.578,00 5880
438 332,00 5,46 4,01 26,00 6.593,00 5880
439 332,00 5,46 4,01 26,00 6.608,00 5880
440 332,00 5,46 4,01 26,00 6.623,00 5880
441 332,00 5,46 4,01 26,00 6.638,00 5880
442 332,00 5,46 4,01 26,00 6.653,00 5880
443 332,00 5,46 4,01 26,00 6.668,00 5880
444 332,00 5,46 4,01 26,00 6.683,00 5880
445 332,00 5,46 4,01 26,00 6.698,00 5880
446 332,00 5,46 4,01 26,00 6.713,00 5880
447 332,00 5,46 4,01 26,00 6.728,00 5880
448 332,00 5,46 4,01 26,00 6.743,00 5880
449 332,00 5,46 4,01 26,00 6.758,00 5880
450 332,00 5,46 4,01 1,00 6.773,00 5880
451 332,00 5,46 4,01 1,00 6.788,00 5901
452 332,00 5,46 4,01 1,00 6.803,00 5908
453 332,00 5,46 4,01 1,00 6.818,00 5908
454 332,00 5,46 4,01 1,00 6.833,00 5908
455 332,00 0,05 0,04 1,00 6.848,00 5908
456 332,00 0,05 0,04 1,00 6.862,00 5909
457 332,00 0,05 0,04 1,00 6.877,00 5909
458 332,00 0,05 0,04 1,00 6.892,00 5909
459 332,00 0,05 0,04 1,00 6.907,00 5909
460 332,00 0,05 0,04 1,00 6.922,00 5909
461 332,00 0,05 0,04 1,00 6.937,00 5909
462 332,00 0,05 0,04 1,00 6.952,00 5909
463 332,00 0,05 0,04 1,00 6.967,00 5909
464 332,00 0,05 0,04 1,00 6.982,00 5909
465 332,00 0,05 0,04 1,00 6.997,00 5909
466 332,00 0,05 0,04 1,00 7.012,00 5909
467 332,00 0,05 0,04 1,00 7.027,00 5909
468 332,00 0,05 0,04 1,00 7.042,00 5909
469 332,00 0,05 0,04 1,00 7.057,00 5909
470 332,00 0,05 0,04 1,00 7.072,00 5909
471 332,00 0,05 0,04 1,00 7.087,00 5909
472 332,00 0,05 0,04 1,00 7.102,00 5909
473 332,00 0,05 0,04 1,00 7.117,00 5909
474 332,00 0,05 0,04 1,00 7.132,00 5909
475 332,00 0,05 0,04 1,00 7.147,00 5909
476 332,00 0,05 0,04 1,00 7.162,00 5909
477 332,00 0,05 0,04 1,00 7.177,00 5909
478 332,00 0,05 0,03 1,00 7.192,00 5909
479 332,00 0,05 0,03 1,00 7.207,00 5909
480 332,00 0,05 0,03 99,00 7.222,00 5909
481 332,00 4,55 3,34 99,00 7.236,00 5915
482 332,00 4,55 3,34 99,00 7.251,00 5916
483 332,00 4,55 3,34 99,00 7.266,00 5916
484 332,00 4,55 3,34 99,00 7.281,00 5916
485 332,00 4,55 3,34 99,00 7.296,00 5916
486 332,00 4,55 3,34 99,00 7.311,00 5916
487 332,00 4,55 3,34 99,00 7.326,00 5916
488 332,00 4,55 3,34 99,00 7.341,00 5916
489 332,00 4,47 3,28 99,00 7.356,00 5916
490 332,00 4,47 3,28 99,00 7.371,00 5916
491 332,00 4,45 3,27 99,00 7.386,00 5916
492 332,00 4,45 3,27 99,00 7.401,00 5916
493 332,00 4,45 3,27 99,00 7.416,00 5916
494 332,00 4,45 3,27 99,00 7.431,00 5916
495 332,00 4,45 3,27 99,00 7.446,00 5916
496 332,00 4,41 3,24 99,00 7.461,00 5916
497 332,00 4,40 3,23 99,00 7.476,00 5916
498 332,00 4,40 3,23 99,00 7.491,00 5916
499 332,00 4,40 3,23 99,00 7.506,00 5916
500 332,00 4,40 3,23 99,00 7.521,00 5916
501 332,00 4,40 3,23 99,00 7.536,00 5916
502 332,00 4,40 3,23 99,00 7.551,00 5916
503 332,00 4,40 3,23 99,00 7.566,00 5916
504 332,00 4,40 3,23 99,00 7.581,00 5916
505 332,00 4,40 3,23 99,00 7.596,00 5919
506 332,00 4,40 3,23 99,00 7.611,00 5919
507 332,00 4,40 3,23 99,00 7.626,00 5919
508 332,00 4,40 3,23 99,00 7.641,00 5919
509 332,00 4,40 3,23 99,00 7.656,00 5919
510 332,00 4,40 3,23 30,00 7.671,00 5919
511 332,00 4,40 3,23 30,00 7.686,00 5935
512 332,00 4,40 3,23 30,00 7.701,00 5937
513 332,00 4,40 3,23 30,00 7.716,00 5938
514 332,00 4,40 3,23 30,00 7.731,00 5938
515 332,00 4,40 3,23 30,00 7.746,00 5938
516 332,00 4,40 3,23 30,00 7.761,00 5938
517 332,00 4,40 3,23 30,00 7.776,00 5938
518 332,00 4,40 3,23 30,00 7.791,00 5938
519 332,00 1,28 0,94 30,00 7.806,00 5938
520 332,00 1,28 0,94 30,00 7.821,00 5938
521 332,00 1,28 0,94 30,00 7.836,00 5938
522 332,00 1,28 0,94 30,00 7.851,00 5938
523 332,00 1,28 0,94 30,00 7.866,00 5938
524 332,00 1,28 0,94 30,00 7.881,00 5938
525 332,00 1,28 0,94 30,00 7.896,00 5938
526 332,00 1,28 0,94 30,00 7.911,00 5938
527 332,00 1,28 0,94 30,00 7.926,00 5938
528 332,00 1,28 0,94 30,00 7.941,00 5938
529 332,00 1,28 0,94 30,00 7.956,00 5938
530 332,00 1,25 0,92 30,00 7.971,00 5938
531 332,00 1,25 0,92 30,00 7.986,00 5938
532 332,00 1,25 0,92 30,00 8.001,00 5938
533 332,00 1,24 0,91 30,00 8.016,00 5938
534 332,00 1,24 0,91 30,00 8.031,00 5938
535 332,00 1,24 0,91 30,00 8.046,00 5938
536 332,00 1,24 0,91 30,00 8.061,00 5938
537 332,00 1,23 0,91 30,00 8.076,00 5938
538 332,00 1,23 0,91 30,00 8.091,00 5938
539 332,00 1,23 0,91 30,00 8.106,00 5938
540 332,00 1,23 0,91 92,00 8.121,00 5938
541 332,00 3,75 2,76 92,00 8.136,00 5942
542 332,00 3,75 2,76 92,00 8.151,00 5944
543 332,00 3,75 2,76 92,00 8.166,00 5946
544 332,00 3,75 2,76 92,00 8.181,00 5947
545 332,00 3,75 2,76 92,00 8.196,00 5958
546 332,00 3,75 2,76 92,00 8.211,00 5965
547 332,00 3,75 2,76 92,00 8.226,00 5965
548 332,00 3,75 2,76 92,00 8.241,00 5965
549 332,00 3,75 2,76 92,00 8.256,00 5965
550 332,00 3,75 2,76 92,00 8.271,00 5965
551 332,00 3,75 2,76 92,00 8.286,00 5965
552 332,00 3,75 2,76 92,00 8.301,00 5965
553 332,00 3,67 2,70 92,00 8.316,00 5965
554 332,00 3,67 2,70 92,00 8.331,00 5965
555 332,00 3,67 2,70 92,00 8.346,00 5965
556 332,00 3,65 2,68 92,00 8.361,00 5965
557 332,00 3,65 2,68 92,00 8.376,00 5965
558 332,00 3,65 2,68 92,00 8.391,00 5965
559 332,00 3,65 2,68 92,00 8.406,00 5969
560 332,00 3,65 2,68 92,00 8.421,00 5969
561 332,00 3,65 2,68 92,00 8.436,00 5969
562 332,00 3,65 2,68 92,00 8.451,00 5969
563 332,00 3,61 2,65 92,00 8.466,00 5969
564 332,00 3,61 2,65 92,00 8.481,00 5969
565 332,00 3,61 2,65 92,00 8.496,00 5969
566 332,00 3,61 2,65 92,00 8.511,00 5969
567 332,00 3,61 2,65 92,00 8.526,00 5969
568 332,00 3,61 2,65 92,00 8.541,00 5969
569 332,00 3,61 2,65 92,00 8.556,00 5969
570 332,00 3,61 2,65 26,00 8.571,00 5969
571 332,00 3,61 2,65 26,00 8.586,00 5988
572 332,00 3,61 2,65 26,00 8.601,00 5994
573 332,00 3,61 2,65 26,00 8.616,00 5999
574 332,00 3,61 2,65 26,00 8.631,00 6004
575 332,00 3,61 2,65 26,00 8.646,00 6007
576 332,00 3,61 2,65 26,00 8.661,00 6009
577 332,00 3,61 2,65 26,00 8.676,00 6010
578 332,00 3,61 2,65 26,00 8.691,00 6010
579 332,00 3,61 2,65 26,00 8.706,00 6010
580 332,00 3,61 2,65 26,00 8.721,00 6010
581 332,00 3,61 2,65 26,00 8.736,00 6010
582 332,00 3,61 2,65 26,00 8.751,00 6010
583 332,00 3,61 2,65 26,00 8.766,00 6010
584 332,00 3,61 2,65 26,00 8.781,00 6010
585 332,00 3,61 2,65 26,00 8.796,00 6010
586 332,00 3,61 2,65 26,00 8.811,00 6010
587 332,00 3,61 2,65 26,00 8.826,00 6010
588 332,00 3,61 2,65 26,00 8.841,00 6010
589 332,00 0,97 0,72 26,00 8.856,00 6010
590 332,00 0,97 0,72 26,00 8.871,00 6010
591 332,00 0,97 0,72 26,00 8.886,00 6010
592 332,00 0,97 0,72 26,00 8.901,00 6010
593 332,00 0,97 0,72 26,00 8.916,00 6010
594 332,00 0,97 0,72 26,00 8.931,00 6010
595 332,00 0,97 0,72 26,00 8.946,00 6010
596 332,00 0,97 0,72 26,00 8.961,00 6010
597 332,00 0,97 0,72 26,00 8.976,00 6010
598 332,00 0,97 0,72 26,00 8.991,00 6010
599 332,00 0,97 0,72 26,00 9.006,00 6010
600 332,00 0,97 0,72 92,00 9.021,00 6010
601 332,00 0,97 0,72 92,00 9.036,00 6019
602 332,00 0,97 0,72 92,00 9.051,00 6021
603 332,00 0,97 0,72 92,00 9.066,00 6022
604 332,00 0,97 0,72 92,00 9.081,00 6022
605 332,00 0,97 0,72 92,00 9.096,00 6022
606 332,00 0,97 0,72 92,00 9.111,00 6022
607 332,00 0,97 0,72 92,00 9.126,00 6022
608 332,00 0,97 0,72 92,00 9.141,00 6023
609 332,00 0,97 0,72 92,00 9.156,00 6023
610 332,00 0,97 0,72 92,00 9.171,00 6023
611 332,00 0,97 0,72 92,00 9.186,00 6023
612 332,00 0,97 0,72 92,00 9.201,00 6023
613 332,00 0,97 0,72 92,00 9.216,00 6023
614 332,00 0,97 0,72 92,00 9.231,00 6023
615 332,00 0,97 0,72 92,00 9.246,00 6023
616 332,00 0,97 0,72 92,00 9.261,00 6023
617 332,00 3,29 2,42 92,00 9.276,00 6023
618 332,00 3,29 2,42 92,00 9.291,00 6023
619 332,00 3,28 2,41 92,00 9.306,00 6023
620 332,00 3,28 2,41 92,00 9.321,00 6023
621 332,00 3,28 2,41 92,00 9.336,00 6023
622 332,00 3,28 2,41 92,00 9.351,00 6023
623 332,00 3,28 2,41 92,00 9.366,00 6023
624 332,00 3,28 2,41 92,00 9.381,00 6023
625 332,00 3,28 2,41 92,00 9.396,00 6023
626 332,00 3,28 2,41 92,00 9.411,00 6023
627 332,00 3,28 2,41 92,00 9.426,00 6023
628 332,00 3,28 2,41 92,00 9.441,00 6023
629 332,00 3,28 2,41 92,00 9.456,00 6023
630 332,00 3,28 2,41 25,00 9.471,00 6023
631 332,00 3,28 2,41 25,00 9.486,00 6039
632 332,00 3,28 2,41 25,00 9.501,00 6043
633 332,00 3,28 2,41 25,00 9.516,00 6043
634 332,00 3,28 2,41 25,00 9.531,00 6043
635 332,00 0,87 0,64 25,00 9.546,00 6043
636 332,00 0,87 0,64 25,00 9.561,00 6043
637 332,00 0,87 0,64 25,00 9.576,00 6043
638 332,00 0,87 0,64 25,00 9.591,00 6043
639 332,00 0,87 0,64 25,00 9.606,00 6043
640 332,00 0,87 0,64 25,00 9.621,00 6043
641 332,00 0,87 0,64 25,00 9.636,00 6043
642 332,00 0,87 0,64 25,00 9.651,00 6043
643 332,00 0,87 0,64 25,00 9.666,00 6043
644 332,00 0,87 0,64 25,00 9.681,00 6043
645 332,00 0,87 0,64 25,00 9.696,00 6043
646 332,00 0,87 0,64 25,00 9.711,00 6043
647 332,00 0,87 0,64 25,00 9.726,00 6043
648 332,00 0,87 0,64 25,00 9.741,00 6043
649 332,00 0,87 0,64 25,00 9.756,00 6043
650 332,00 0,87 0,64 25,00 9.771,00 6043
651 332,00 0,87 0,64 25,00 9.786,00 6043
652 332,00 0,87 0,64 25,00 9.801,00 6043
653 332,00 0,87 0,64 25,00 9.816,00 6043
654 332,00 0,87 0,64 25,00 9.831,00 6043
655 332,00 0,87 0,64 25,00 9.846,00 6043
656 332,00 0,87 0,64 25,00 9.861,00 6043
657 332,00 0,87 0,64 25,00 9.876,00 6043
658 332,00 0,87 0,64 25,00 9.891,00 6043
659 332,00 0,87 0,64 25,00 9.906,00 6043
660 332,00 0,87 0,64 97,00 9.921,00 6043
661 332,00 0,87 0,64 97,00 9.936,00 6047
662 332,00 0,87 0,64 97,00 9.951,00 6047
663 332,00 0,87 0,64 97,00 9.966,00 6047
664 332,00 0,87 0,64 97,00 9.981,00 6047
665 332,00 0,87 0,64 97,00 9.996,00 6047
666 332,00 0,87 0,64 97,00 10.011,00 6047
667 332,00 0,87 0,64 97,00 10.026,00 6047
668 332,00 0,87 0,64 97,00 10.041,00 6048
669 332,00 3,20 2,35 97,00 10.056,00 6048
670 332,00 3,20 2,35 97,00 10.071,00 6048
671 332,00 3,20 2,35 97,00 10.086,00 6048
672 332,00 3,20 2,35 97,00 10.101,00 6048
673 332,00 3,20 2,35 97,00 10.116,00 6048
674 332,00 3,20 2,35 97,00 10.131,00 6048
675 332,00 3,20 2,35 97,00 10.146,00 6048
676 332,00 3,17 2,33 97,00 10.161,00 6048
677 332,00 3,17 2,33 97,00 10.176,00 6048
678 332,00 3,17 2,33 97,00 10.191,00 6048
679 332,00 3,17 2,33 97,00 10.206,00 6048
680 332,00 3,15 2,31 97,00 10.221,00 6048
681 332,00 3,15 2,31 97,00 10.236,00 6048
682 332,00 3,15 2,31 97,00 10.251,00 6048
683 332,00 3,15 2,31 97,00 10.266,00 6048
684 332,00 3,15 2,31 97,00 10.281,00 6048
685 332,00 3,15 2,31 97,00 10.296,00 6048
686 332,00 3,15 2,31 97,00 10.311,00 6048
687 332,00 3,15 2,31 97,00 10.326,00 6048
688 332,00 3,15 2,31 97,00 10.341,00 6048
689 332,00 3,15 2,31 97,00 10.356,00 6048
690 332,00 3,15 2,31 43,00 10.371,00 6048
691 332,00 3,15 2,31 43,00 10.386,00 6060
692 332,00 3,15 2,31 43,00 10.401,00 6063
693 332,00 3,15 2,31 43,00 10.416,00 6066
694 332,00 3,15 2,31 43,00 10.431,00 6067
695 332,00 3,15 2,31 43,00 10.446,00 6068
696 332,00 3,15 2,31 43,00 10.461,00 6070
697 332,00 3,15 2,31 43,00 10.476,00 6070
698 332,00 3,15 2,31 43,00 10.491,00 6070
699 332,00 3,15 2,31 43,00 10.506,00 6070
700 332,00 1,36 1,00 43,00 10.521,00 6070
701 332,00 1,36 1,00 43,00 10.536,00 6070
702 332,00 1,36 1,00 43,00 10.551,00 6070
703 332,00 1,36 1,00 43,00 10.566,00 6070
704 332,00 1,36 1,00 43,00 10.581,00 6070
705 332,00 1,36 1,00 43,00 10.596,00 6070
706 332,00 1,36 1,00 43,00 10.611,00 6070
707 332,00 1,36 1,00 43,00 10.626,00 6070
708 332,00 1,36 1,00 43,00 10.641,00 6070
709 332,00 1,36 1,00 43,00 10.656,00 6070
710 332,00 1,36 1,00 43,00 10.671,00 6070
711 332,00 1,36 1,00 43,00 10.686,00 6070
712 332,00 1,33 0,98 43,00 10.701,00 6070
713 332,00 1,33 0,98 43,00 10.716,00 6070
714 332,00 1,33 0,98 43,00 10.731,00 6070
715 332,00 1,33 0,98 43,00 10.746,00 6070
716 332,00 1,33 0,98 43,00 10.761,00 6070
717 332,00 1,33 0,98 43,00 10.776,00 6070
718 332,00 1,33 0,98 43,00 10.791,00 6070
719 332,00 1,33 0,98 43,00 10.806,00 6070
720 332,00 1,33 0,98 87,00 10.821,00 6070
721 332,00 1,33 0,98 87,00 10.836,00 6073
722 332,00 1,33 0,98 87,00 10.851,00 6073
723 332,00 1,33 0,98 87,00 10.866,00 6073
724 332,00 1,33 0,98 87,00 10.881,00 6073
725 332,00 1,33 0,98 87,00 10.896,00 6073
726 332,00 1,33 0,98 87,00 10.911,00 6073
727 332,00 1,33 0,98 87,00 10.926,00 6073
728 332,00 1,33 0,98 87,00 10.941,00 6073
729 332,00 1,33 0,98 87,00 10.956,00 6073
730 332,00 1,33 0,98 87,00 10.971,00 6073
731 332,00 1,33 0,98 87,00 10.986,00 6073
732 332,00 1,33 0,98 87,00 11.001,00 6073
733 332,00 1,33 0,98 87,00 11.016,00 6073
734 332,00 1,33 0,98 87,00 11.031,00 6073
735 332,00 1,33 0,98 87,00 11.046,00 6073
736 332,00 1,33 0,98 87,00 11.061,00 6073
737 332,00 2,61 1,92 87,00 11.076,00 6073
738 332,00 2,61 1,92 87,00 11.091,00 6073
739 332,00 2,61 1,92 87,00 11.106,00 6073
740 332,00 2,61 1,92 87,00 11.121,00 6073
741 332,00 2,61 1,92 87,00 11.136,00 6073
742 332,00 2,59 1,90 87,00 11.151,00 6073
743 332,00 2,59 1,90 87,00 11.166,00 6073
744 332,00 2,59 1,90 87,00 11.181,00 6073
745 332,00 2,59 1,90 87,00 11.196,00 6073
746 332,00 2,59 1,90 87,00 11.211,00 6073
747 332,00 2,59 1,90 87,00 11.226,00 6073
748 332,00 2,59 1,90 87,00 11.241,00 6073
749 332,00 2,59 1,90 87,00 11.256,00 6073
750 332,00 2,59 1,90 51,00 11.271,00 6073
751 332,00 2,59 1,90 51,00 11.286,00 6081
752 332,00 2,59 1,90 51,00 11.301,00 6085
753 332,00 2,59 1,90 51,00 11.316,00 6085
754 332,00 2,59 1,90 51,00 11.331,00 6085
755 332,00 2,59 1,90 51,00 11.346,00 6085
756 332,00 1,49 1,09 51,00 11.361,00 6085
757 332,00 1,49 1,09 51,00 11.376,00 6085
758 332,00 1,49 1,09 51,00 11.391,00 6091
759 332,00 1,48 1,09 51,00 11.406,00 6094
760 332,00 1,48 1,09 51,00 11.421,00 6096
761 332,00 1,48 1,09 51,00 11.436,00 6097
762 332,00 1,48 1,09 51,00 11.451,00 6098
763 332,00 1,48 1,09 51,00 11.466,00 6098
764 332,00 1,48 1,09 51,00 11.481,00 6098
765 332,00 1,48 1,09 51,00 11.496,00 6098
766 332,00 1,48 1,09 51,00 11.511,00 6098
767 332,00 1,47 1,08 51,00 11.526,00 6098
768 332,00 1,47 1,08 51,00 11.541,00 6098
769 332,00 1,47 1,08 51,00 11.556,00 6098
770 332,00 1,47 1,08 51,00 11.571,00 6098
771 332,00 1,47 1,08 51,00 11.586,00 6098
772 332,00 1,47 1,08 51,00 11.601,00 6098
773 332,00 1,47 1,08 51,00 11.616,00 6098
774 332,00 1,47 1,08 51,00 11.631,00 6098
775 332,00 1,47 1,08 51,00 11.646,00 6098
776 332,00 1,47 1,08 51,00 11.661,00 6098
777 332,00 1,47 1,08 51,00 11.676,00 6098
778 332,00 1,47 1,08 51,00 11.691,00 6098
779 332,00 1,47 1,08 51,00 11.706,00 6098
780 332,00 1,47 1,08 83,00 11.721,00 6098
781 332,00 1,47 1,08 83,00 11.736,00 6102
782 332,00 1,47 1,08 83,00 11.751,00 6107
783 332,00 1,47 1,08 83,00 11.766,00 6110
784 332,00 1,47 1,08 83,00 11.781,00 6111
785 332,00 1,47 1,08 83,00 11.796,00 6111
786 332,00 1,47 1,08 83,00 11.811,00 6111
787 332,00 2,33 1,71 83,00 11.826,00 6111
788 332,00 2,33 1,71 83,00 11.841,00 6111
789 332,00 2,32 1,71 83,00 11.856,00 6111
790 332,00 2,32 1,71 83,00 11.871,00 6111
791 332,00 2,32 1,71 83,00 11.886,00 6111
792 332,00 2,32 1,71 83,00 11.901,00 6111
793 332,00 2,32 1,71 83,00 11.916,00 6111
794 332,00 2,32 1,71 83,00 11.931,00 6111
795 332,00 2,32 1,71 83,00 11.946,00 6111
796 332,00 2,32 1,71 83,00 11.961,00 6111
797 332,00 2,32 1,71 83,00 11.976,00 6111
798 332,00 2,32 1,71 83,00 11.991,00 6111
799 332,00 2,32 1,71 83,00 12.006,00 6111
800 332,00 2,32 1,71 83,00 12.021,00 6111
801 332,00 2,32 1,71 83,00 12.036,00 6111
802 332,00 2,32 1,71 83,00 12.051,00 6111
803 332,00 2,32 1,71 83,00 12.066,00 6111
804 332,00 2,32 1,71 83,00 12.081,00 6111
805 332,00 2,32 1,71 83,00 12.096,00 6111
806 332,00 2,32 1,71 83,00 12.111,00 6111
807 332,00 2,32 1,71 83,00 12.126,00 6111
808 332,00 2,32 1,71 83,00 12.141,00 6111
809 332,00 2,32 1,71 83,00 12.156,00 6111
810 332,00 2,32 1,71 53,00 12.171,00 6111
811 332,00 2,32 1,71 53,00 12.186,00 6120
812 332,00 2,32 1,71 53,00 12.201,00 6122
813 332,00 1,44 1,06 53,00 12.216,00 6123
814 332,00 1,44 1,06 53,00 12.231,00 6123
815 332,00 1,44 1,06 53,00 12.246,00 6123
816 332,00 1,44 1,06 53,00 12.261,00 6123
817 332,00 1,44 1,06 53,00 12.276,00 6123
818 332,00 1,44 1,06 53,00 12.291,00 6123
819 332,00 1,44 1,06 53,00 12.306,00 6123
820 332,00 1,44 1,06 53,00 12.321,00 6123
821 332,00 1,44 1,06 53,00 12.336,00 6123
822 332,00 1,42 1,05 53,00 12.351,00 6123
823 332,00 1,42 1,05 53,00 12.366,00 6123
824 332,00 1,42 1,05 53,00 12.381,00 6123
825 332,00 1,42 1,05 53,00 12.396,00 6123
826 332,00 1,42 1,05 53,00 12.411,00 6123
827 332,00 1,42 1,05 53,00 12.426,00 6123
828 332,00 1,42 1,05 53,00 12.441,00 6123
829 332,00 1,41 1,04 53,00 12.456,00 6123
830 332,00 1,41 1,04 53,00 12.471,00 6123
831 332,00 1,41 1,04 53,00 12.486,00 6123
832 332,00 1,41 1,04 53,00 12.501,00 6123
833 332,00 1,41 1,04 53,00 12.516,00 6123
834 332,00 1,41 1,04 53,00 12.531,00 6123
835 332,00 1,41 1,04 53,00 12.546,00 6123
836 332,00 1,40 1,03 53,00 12.561,00 6123
837 332,00 1,40 1,03 53,00 12.576,00 6123
838 332,00 1,40 1,03 53,00 12.591,00 6123
839 332,00 1,40 1,03 53,00 12.606,00 6123
840 332,00 1,40 1,03 85,00 12.621,00 6123
841 332,00 1,40 1,03 85,00 12.636,00 6130
842 332,00 1,40 1,03 85,00 12.651,00 6130
843 332,00 1,40 1,03 85,00 12.666,00 6130
844 332,00 1,40 1,03 85,00 12.681,00 6130
845 332,00 1,40 1,03 85,00 12.696,00 6130
846 332,00 1,40 1,03 85,00 12.711,00 6130
847 332,00 1,40 1,03 85,00 12.726,00 6130
848 332,00 1,40 1,03 85,00 12.741,00 6130
849 332,00 2,21 1,63 85,00 12.756,00 6130
850 332,00 2,21 1,63 85,00 12.771,00 6130
851 332,00 2,21 1,63 85,00 12.786,00 6130
852 332,00 2,21 1,63 85,00 12.801,00 6130
853 332,00 2,21 1,63 85,00 12.816,00 6130
854 332,00 2,21 1,63 85,00 12.831,00 6130
855 332,00 2,20 1,61 85,00 12.846,00 6130
856 332,00 2,19 1,61 85,00 12.861,00 6130
857 332,00 2,19 1,61 85,00 12.876,00 6130
858 332,00 2,19 1,61 85,00 12.891,00 6130
859 332,00 2,19 1,61 85,00 12.906,00 6130
860 332,00 2,19 1,61 85,00 12.921,00 6130
861 332,00 2,19 1,61 85,00 12.936,00 6130
862 332,00 2,19 1,61 85,00 12.951,00 6130
863 332,00 2,19 1,61 85,00 12.966,00 6130
864 332,00 2,19 1,61 85,00 12.981,00 6130
865 332,00 2,19 1,61 85,00 12.996,00 6130
866 332,00 2,19 1,61 85,00 13.011,00 6130
867 332,00 2,19 1,61 85,00 13.026,00 6130
868 332,00 2,19 1,61 85,00 13.041,00 6130
869 332,00 2,19 1,61 85,00 13.056,00 6130
870 332,00 2,19 1,61 58,00 13.071,00 6130
871 332,00 2,19 1,61 58,00 13.086,00 6139
872 332,00 2,19 1,61 58,00 13.101,00 6142
873 332,00 2,19 1,61 58,00 13.116,00 6144
874 332,00 2,19 1,61 58,00 13.131,00 6144
875 332,00 2,19 1,61 58,00 13.146,00 6152
876 332,00 2,19 1,61 58,00 13.161,00 6155
877 332,00 2,19 1,61 58,00 13.176,00 6156
878 332,00 2,19 1,61 58,00 13.191,00 6156
879 332,00 2,19 1,61 58,00 13.206,00 6156
880 332,00 2,19 1,61 58,00 13.221,00 6156
881 332,00 2,19 1,61 58,00 13.236,00 6156
882 332,00 2,19 1,61 58,00 13.251,00 6156
883 332,00 2,19 1,61 58,00 13.266,00 6156
884 332,00 2,19 1,61 58,00 13.281,00 6156
885 332,00 1,45 1,06 58,00 13.296,00 6156
886 332,00 1,45 1,06 58,00 13.311,00 6156
887 332,00 1,45 1,06 58,00 13.326,00 6156
888 332,00 1,45 1,06 58,00 13.341,00 6156
889 332,00 1,45 1,06 58,00 13.356,00 6156
890 332,00 1,45 1,06 58,00 13.371,00 6156
891 332,00 1,45 1,06 58,00 13.386,00 6156
892 332,00 1,45 1,06 58,00 13.401,00 6156
893 332,00 1,44 1,05 58,00 13.416,00 6156
894 332,00 1,44 1,05 58,00 13.431,00 6156
895 332,00 1,44 1,05 58,00 13.446,00 6156
896 332,00 1,44 1,05 58,00 13.461,00 6156
897 332,00 1,44 1,05 58,00 13.476,00 6156
898 332,00 1,44 1,05 58,00 13.491,00 6156
899 332,00 1,44 1,05 58,00 13.506,00 6156
900 332,00 1,44 1,05 72,00 13.521,00 6156
901 332,00 1,44 1,05 72,00 13.536,00 6161
902 332,00 1,44 1,05 72,00 13.551,00 6162
903 332,00 1,44 1,05 72,00 13.566,00 6163
904 332,00 1,44 1,05 72,00 13.581,00 6163
905 332,00 1,44 1,05 72,00 13.596,00 6164
906 332,00 1,44 1,05 72,00 13.611,00 6165
907 332,00 1,44 1,05 72,00 13.626,00 6165
908 332,00 1,44 1,05 72,00 13.641,00 6165
909 332,00 1,44 1,05 72,00 13.656,00 6165
910 332,00 1,44 1,05 72,00 13.671,00 6165
911 332,00 1,75 1,28 72,00 13.686,00 6165
912 332,00 1,75 1,28 72,00 13.701,00 6165
913 332,00 1,75 1,28 72,00 13.716,00 6165
914 332,00 1,75 1,28 72,00 13.731,00 6165
915 332,00 1,75 1,28 72,00 13.746,00 6165
916 332,00 1,75 1,28 72,00 13.761,00 6165
917 332,00 1,74 1,27 72,00 13.776,00 6165
918 332,00 1,74 1,27 72,00 13.791,00 6165
919 332,00 1,74 1,27 72,00 13.806,00 6165
920 332,00 1,74 1,27 72,00 13.821,00 6165
921 332,00 1,74 1,27 72,00 13.836,00 6165
922 332,00 1,74 1,27 72,00 13.851,00 6165
923 332,00 1,74 1,27 72,00 13.866,00 6165
924 332,00 1,74 1,27 72,00 13.881,00 6165
925 332,00 1,74 1,27 72,00 13.896,00 6165
926 332,00 1,74 1,27 72,00 13.911,00 6165
927 332,00 1,74 1,27 72,00 13.926,00 6165
928 332,00 1,74 1,27 72,00 13.941,00 6165
929 332,00 1,74 1,27 72,00 13.956,00 6165
930 332,00 1,71 1,26 74,00 13.971,00 6165
931 332,00 1,71 1,26 74,00 13.986,00 6173
932 332,00 1,71 1,26 74,00 14.001,00 6176
933 332,00 1,71 1,26 74,00 14.016,00 6176
934 332,00 1,71 1,26 74,00 14.031,00 6176
935 332,00 1,71 1,26 74,00 14.046,00 6176
936 332,00 1,71 1,26 74,00 14.061,00 6177
937 332,00 1,71 1,26 74,00 14.076,00 6177
938 332,00 1,71 1,26 74,00 14.091,00 6177
939 332,00 1,71 1,26 74,00 14.106,00 6177
940 332,00 1,71 1,26 74,00 14.121,00 6177
941 332,00 1,71 1,26 74,00 14.136,00 6177
942 332,00 1,71 1,26 74,00 14.151,00 6177
943 332,00 1,71 1,26 74,00 14.166,00 6177
944 332,00 1,71 1,26 74,00 14.181,00 6177
945 332,00 1,71 1,26 74,00 14.196,00 6177
946 332,00 1,71 1,26 74,00 14.211,00 6177
947 332,00 1,71 1,26 74,00 14.226,00 6177
948 332,00 1,71 1,26 74,00 14.241,00 6177
949 332,00 1,71 1,26 74,00 14.256,00 6177
950 332,00 1,71 1,26 74,00 14.271,00 6177
951 332,00 1,72 1,26 74,00 14.286,00 6177
952 332,00 1,72 1,26 74,00 14.301,00 6177
953 332,00 1,72 1,26 74,00 14.316,00 6177
954 332,00 1,72 1,26 74,00 14.331,00 6177
955 332,00 1,72 1,26 74,00 14.346,00 6177
956 332,00 1,72 1,26 74,00 14.361,00 6177
957 332,00 1,72 1,26 74,00 14.376,00 6177
958 332,00 1,72 1,26 74,00 14.391,00 6177
959 332,00 1,71 1,25 74,00 14.406,00 6177
960 332,00 1,71 1,25 76,00 14.421,00 6177
961 332,00 1,71 1,25 76,00 14.436,00 6179
962 332,00 1,71 1,25 76,00 14.451,00 6180
963 332,00 1,71 1,25 76,00 14.466,00 6180
964 332,00 1,71 1,25 76,00 14.481,00 6180
965 332,00 1,71 1,25 76,00 14.496,00 6181
966 332,00 1,71 1,25 76,00 14.511,00 6181
967 332,00 1,71 1,25 76,00 14.526,00 6181
968 332,00 1,71 1,25 76,00 14.541,00 6181
969 332,00 1,71 1,25 76,00 14.556,00 6181
970 332,00 1,71 1,25 76,00 14.571,00 6181
971 332,00 1,71 1,25 76,00 14.586,00 6181
972 332,00 1,71 1,25 76,00 14.601,00 6181
973 332,00 1,71 1,25 76,00 14.616,00 6181
974 332,00 1,71 1,25 76,00 14.631,00 6181
975 332,00 1,71 1,25 76,00 14.646,00 6181
976 332,00 1,71 1,25 76,00 14.661,00 6181
977 332,00 1,71 1,25 76,00 14.676,00 6181
978 332,00 1,71 1,25 76,00 14.691,00 6181
979 332,00 1,71 1,25 76,00 14.706,00 6181
980 332,00 1,71 1,25 76,00 14.721,00 6181
981 332,00 1,71 1,25 76,00 14.736,00 6181
982 332,00 1,71 1,25 76,00 14.751,00 6181
983 332,00 1,71 1,25 76,00 14.766,00 6181
984 332,00 1,71 1,25 76,00 14.781,00 6181
985 332,00 1,71 1,25 76,00 14.796,00 6181
986 332,00 1,71 1,25 76,00 14.811,00 6181
987 332,00 1,70 1,25 76,00 14.826,00 6181
988 332,00 1,70 1,25 76,00 14.841,00 6181
989 332,00 1,70 1,25 76,00 14.856,00 6181
990 332,00 1,70 1,25 77,00 14.871,00 6181
991 332,00 1,70 1,25 77,00 14.886,00 6187
992 332,00 1,70 1,25 77,00 14.901,00 6189
993 332,00 1,70 1,25 77,00 14.916,00 6189
994 332,00 1,70 1,25 77,00 14.931,00 6189
995 332,00 1,70 1,25 77,00 14.946,00 6189
996 332,00 1,70 1,25 77,00 14.961,00 6189
997 332,00 1,70 1,25 77,00 14.976,00 6189
998 332,00 1,70 1,25 77,00 14.991,00 6189
999 332,00 1,70 1,25 77,00 15.006,00 6189
