500
0 303,67 303,67 303,67 1,00 45,00
1 303,67 0,00 0,00 1,00 35,00
2 303,67 607,34 676,47 99,00 35,00
3 303,67 0,00 0,00 1,00 52,00
4 303,67 303,67 519,17 99,00 59,00
5 303,67 0,00 0,00 1,00 76,00
6 303,67 303,67 429,22 99,00 74,00
7 303,67 0,00 0,00 1,00 91,00
8 303,67 303,67 396,52 99,00 96,00
9 303,67 0,00 0,00 1,00 113,00
10 303,67 0,00 0,00 99,00 109,00
11 303,67 303,67 411,98 197,00 114,00
12 303,67 0,00 0,00 97,00 131,00
13 303,67 303,67 442,07 195,00 140,00
14 303,67 0,00 0,00 95,00 157,00
15 303,67 303,67 429,71 193,00 172,00
16 303,67 0,00 0,00 93,00 189,00
17 303,67 0,00 0,00 191,00 204,00
18 303,67 303,67 422,04 289,00 219,00
19 303,67 0,00 0,00 189,00 236,00
20 303,67 303,67 419,04 287,00 252,00
21 303,67 0,00 0,00 187,00 269,00
22 303,67 303,67 417,52 285,00 285,00
23 303,67 0,00 0,00 185,00 302,00
24 303,67 0,00 0,00 283,00 300,00
25 303,67 303,67 416,24 381,00 316,00
26 303,67 0,00 0,00 281,00 333,00
27 303,67 303,67 415,18 379,00 349,00
28 303,67 0,00 0,00 279,00 366,00
29 303,67 0,00 0,00 377,00 382,00
30 303,67 303,67 413,68 475,00 398,00
31 303,67 0,00 0,00 375,00 415,00
32 303,67 303,67 412,64 473,00 431,00
33 303,67 0,00 0,00 373,00 448,00
34 303,67 303,67 411,59 471,00 464,00
35 303,67 0,00 0,00 371,00 481,00
36 303,67 0,00 0,00 469,00 486,00
37 303,67 303,67 409,77 567,00 502,00
38 303,67 0,00 0,00 467,00 519,00
39 303,67 303,67 408,56 565,00 535,00
40 303,67 0,00 0,00 465,00 552,00
41 303,67 0,00 0,00 563,00 568,00
42 303,67 303,67 406,67 661,00 584,00
43 303,67 0,00 0,00 561,00 601,00
44 303,67 303,67 405,44 659,00 617,00
45 303,67 0,00 0,00 559,00 634,00
46 303,67 303,67 404,28 657,00 650,00
47 303,67 0,00 0,00 557,00 667,00
48 303,67 0,00 0,00 655,00 672,00
49 303,67 303,67 402,45 753,00 688,00
50 303,67 0,00 0,00 653,00 705,00
51 303,67 303,67 401,18 751,00 721,00
52 303,67 0,00 0,00 651,00 738,00
53 303,67 0,00 0,00 749,00 754,00
54 303,67 303,67 399,22 847,00 770,00
55 303,67 0,00 0,00 747,00 787,00
56 303,67 303,67 397,72 845,00 803,00
57 303,67 0,00 0,00 745,00 820,00
58 303,67 303,67 396,24 843,00 836,00
59 303,67 0,00 0,00 743,00 853,00
60 303,67 0,00 0,00 841,00 858,00
61 303,67 303,67 394,07 939,00 874,00
62 303,67 0,00 0,00 839,00 891,00
63 303,67 303,67 392,57 937,00 907,00
64 303,67 0,00 0,00 837,00 924,00
65 303,67 0,00 0,00 935,00 940,00
66 303,67 303,67 390,34 1.033,00 956,00
67 303,67 0,00 0,00 933,00 973,00
68 303,67 303,67 388,87 1.031,00 989,00
69 303,67 0,00 0,00 931,00 1.006,00
70 303,67 303,67 387,36 1.029,00 1.022,00
71 303,67 0,00 0,00 929,00 1.039,00
72 303,67 0,00 0,00 1.027,00 1.044,00
73 303,67 303,67 385,28 1.125,00 1.060,00
74 303,67 0,00 0,00 1.025,00 1.077,00
75 303,67 303,67 383,80 1.123,00 1.093,00
76 303,67 0,00 0,00 1.023,00 1.110,00
77 303,67 0,00 0,00 1.121,00 1.126,00
78 303,67 303,67 381,55 1.219,00 1.142,00
79 303,67 0,00 0,00 1.119,00 1.159,00
80 303,67 303,67 380,14 1.217,00 1.175,00
81 303,67 0,00 0,00 1.117,00 1.192,00
82 303,67 303,67 378,76 1.215,00 1.208,00
83 303,67 0,00 0,00 1.115,00 1.225,00
84 303,67 0,00 0,00 1.213,00 1.230,00
85 303,67 303,67 376,61 1.311,00 1.246,00
86 303,67 0,00 0,00 1.211,00 1.263,00
87 303,67 303,67 375,16 1.309,00 1.279,00
88 303,67 0,00 0,00 1.209,00 1.296,00
89 303,67 0,00 0,00 1.307,00 1.312,00
90 303,67 303,67 373,04 1.405,00 1.328,00
91 303,67 0,00 0,00 1.305,00 1.345,00
92 303,67 303,67 371,69 1.403,00 1.361,00
93 303,67 0,00 0,00 1.303,00 1.378,00
94 303,67 303,67 370,40 1.401,00 1.394,00
95 303,67 0,00 0,00 1.301,00 1.411,00
96 303,67 0,00 0,00 1.399,00 1.416,00
97 303,67 303,67 368,42 1.497,00 1.432,00
98 303,67 0,00 0,00 1.397,00 1.449,00
99 303,67 303,67 367,08 1.495,00 1.465,00
100 303,67 0,00 0,00 1.395,00 1.482,00
101 303,67 0,00 0,00 1.493,00 1.498,00
102 303,67 303,67 365,11 1.591,00 1.514,00
103 303,67 0,00 0,00 1.491,00 1.531,00
104 303,67 303,67 363,74 1.589,00 1.547,00
105 303,67 0,00 0,00 1.489,00 1.564,00
106 303,67 303,67 362,36 1.587,00 1.580,00
107 303,67 0,00 0,00 1.487,00 1.597,00
108 303,67 0,00 0,00 1.585,00 1.602,00
109 303,67 303,67 360,37 1.683,00 1.618,00
110 303,67 0,00 0,00 1.583,00 1.635,00
111 303,67 303,67 359,07 1.681,00 1.651,00
112 303,67 0,00 0,00 1.581,00 1.668,00
113 303,67 0,00 0,00 1.679,00 1.684,00
114 303,67 303,67 357,08 1.777,00 1.700,00
115 303,67 0,00 0,00 1.677,00 1.717,00
116 303,67 303,67 355,86 1.775,00 1.733,00
117 303,67 0,00 0,00 1.675,00 1.750,00
118 303,67 303,67 354,63 1.773,00 1.766,00
119 303,67 0,00 0,00 1.673,00 1.783,00
120 303,67 0,00 0,00 1.771,00 1.788,00
121 303,67 303,67 352,72 1.869,00 1.804,00
122 303,67 0,00 0,00 1.769,00 1.821,00
123 303,67 303,67 351,46 1.867,00 1.837,00
124 303,67 0,00 0,00 1.767,00 1.854,00
125 303,67 0,00 0,00 1.865,00 1.870,00
126 303,67 303,67 349,63 1.963,00 1.886,00
127 303,67 0,00 0,00 1.863,00 1.903,00
128 303,67 303,67 348,47 1.961,00 1.919,00
129 303,67 0,00 0,00 1.861,00 1.936,00
130 303,67 303,67 347,36 1.959,00 1.952,00
131 303,67 0,00 0,00 1.859,00 1.969,00
132 303,67 0,00 0,00 1.957,00 1.974,00
133 303,67 303,67 345,65 2.055,00 1.990,00
134 303,67 0,00 0,00 1.955,00 2.007,00
135 303,67 303,67 344,52 2.053,00 2.023,00
136 303,67 0,00 0,00 1.953,00 2.040,00
137 303,67 0,00 0,00 2.051,00 2.056,00
138 303,67 303,67 342,88 2.149,00 2.072,00
139 303,67 0,00 0,00 2.049,00 2.089,00
140 303,67 303,67 341,81 2.147,00 2.105,00
141 303,67 0,00 0,00 2.047,00 2.122,00
142 303,67 303,67 340,78 2.145,00 2.138,00
143 303,67 0,00 0,00 2.045,00 2.155,00
144 303,67 0,00 0,00 2.143,00 2.160,00
145 303,67 303,67 339,24 2.241,00 2.176,00
146 303,67 0,00 0,00 2.141,00 2.193,00
147 303,67 303,67 338,23 2.239,00 2.209,00
148 303,67 0,00 0,00 2.139,00 2.226,00
149 303,67 0,00 0,00 2.237,00 2.242,00
150 303,67 303,67 336,78 2.335,00 2.258,00
151 303,67 0,00 0,00 2.235,00 2.275,00
152 303,67 303,67 335,79 2.333,00 2.291,00
153 303,67 0,00 0,00 2.233,00 2.308,00
154 303,67 303,67 334,80 2.331,00 2.324,00
155 303,67 0,00 0,00 2.231,00 2.341,00
156 303,67 0,00 0,00 2.329,00 2.346,00
157 303,67 303,67 333,34 2.427,00 2.362,00
158 303,67 0,00 0,00 2.327,00 2.379,00
159 303,67 303,67 332,38 2.425,00 2.395,00
160 303,67 0,00 0,00 2.325,00 2.412,00
161 303,67 0,00 0,00 2.423,00 2.428,00
162 303,67 303,67 331,03 2.521,00 2.444,00
163 303,67 0,00 0,00 2.421,00 2.461,00
164 303,67 303,67 330,16 2.519,00 2.477,00
165 303,67 0,00 0,00 2.419,00 2.494,00
166 303,67 303,67 329,30 2.517,00 2.510,00
167 303,67 0,00 0,00 2.417,00 2.527,00
168 303,67 0,00 0,00 2.515,00 2.532,00
169 303,67 303,67 327,98 2.613,00 2.548,00
170 303,67 0,00 0,00 2.513,00 2.565,00
171 303,67 303,67 327,13 2.611,00 2.581,00
172 303,67 0,00 0,00 2.511,00 2.598,00
173 303,67 0,00 0,00 2.609,00 2.614,00
174 303,67 303,67 325,83 2.707,00 2.630,00
175 303,67 0,00 0,00 2.607,00 2.647,00
176 303,67 303,67 324,96 2.705,00 2.663,00
177 303,67 0,00 0,00 2.605,00 2.680,00
178 303,67 303,67 324,14 2.703,00 2.696,00
179 303,67 0,00 0,00 2.603,00 2.713,00
180 303,67 0,00 0,00 2.701,00 2.718,00
181 303,67 303,67 322,96 2.799,00 2.734,00
182 303,67 0,00 0,00 2.699,00 2.751,00
183 303,67 303,67 322,20 2.797,00 2.767,00
184 303,67 0,00 0,00 2.697,00 2.784,00
185 303,67 0,00 0,00 2.795,00 2.800,00
186 303,67 303,67 321,13 2.893,00 2.816,00
187 303,67 0,00 0,00 2.793,00 2.833,00
188 303,67 303,67 320,41 2.891,00 2.849,00
189 303,67 0,00 0,00 2.791,00 2.866,00
190 303,67 303,67 319,67 2.889,00 2.882,00
191 303,67 0,00 0,00 2.789,00 2.899,00
192 303,67 0,00 0,00 2.887,00 2.904,00
193 303,67 303,67 318,65 2.985,00 2.920,00
194 303,67 0,00 0,00 2.885,00 2.937,00
195 303,67 303,67 317,94 2.983,00 2.953,00
196 303,67 0,00 0,00 2.883,00 2.970,00
197 303,67 0,00 0,00 2.981,00 2.986,00
198 303,67 303,67 316,93 3.079,00 3.002,00
199 303,67 0,00 0,00 2.979,00 3.019,00
200 303,67 303,67 316,27 3.077,00 3.035,00
201 303,67 0,00 0,00 2.977,00 3.052,00
202 303,67 303,67 315,66 3.075,00 3.068,00
203 303,67 0,00 0,00 2.975,00 3.085,00
204 303,67 0,00 0,00 3.073,00 3.090,00
205 303,67 303,67 314,73 3.171,00 3.106,00
206 303,67 0,00 0,00 3.071,00 3.123,00
207 303,67 303,67 314,14 3.169,00 3.139,00
208 303,67 0,00 0,00 3.069,00 3.156,00
209 303,67 0,00 0,00 3.167,00 3.172,00
210 303,67 303,67 313,26 3.265,00 3.188,00
211 303,67 0,00 0,00 3.165,00 3.205,00
212 303,67 303,67 312,69 3.263,00 3.221,00
213 303,67 0,00 0,00 3.163,00 3.238,00
214 303,67 303,67 312,13 3.261,00 3.254,00
215 303,67 0,00 0,00 3.161,00 3.271,00
216 303,67 0,00 0,00 3.259,00 3.276,00
217 303,67 303,67 311,26 3.357,00 3.292,00
218 303,67 0,00 0,00 3.257,00 3.309,00
219 303,67 303,67 310,69 3.355,00 3.325,00
220 303,67 0,00 0,00 3.255,00 3.342,00
221 303,67 0,00 0,00 3.353,00 3.358,00
222 303,67 303,67 309,84 3.451,00 3.374,00
223 303,67 0,00 0,00 3.351,00 3.391,00
224 303,67 303,67 309,27 3.449,00 3.407,00
225 303,67 0,00 0,00 3.349,00 3.424,00
226 303,67 303,67 308,72 3.447,00 3.440,00
227 303,67 0,00 0,00 3.347,00 3.457,00
228 303,67 0,00 0,00 3.445,00 3.462,00
229 303,67 303,67 307,94 3.543,00 3.478,00
230 303,67 0,00 0,00 3.443,00 3.495,00
231 303,67 303,67 307,45 3.541,00 3.511,00
232 303,67 0,00 0,00 3.441,00 3.528,00
233 303,67 0,00 0,00 3.539,00 3.544,00
234 303,67 303,67 306,77 3.637,00 3.560,00
235 303,67 0,00 0,00 3.537,00 3.577,00
236 303,67 303,67 306,31 3.635,00 3.593,00
237 303,67 0,00 0,00 3.535,00 3.610,00
238 303,67 303,67 305,84 3.633,00 3.626,00
239 303,67 0,00 0,00 3.533,00 3.643,00
240 303,67 0,00 0,00 3.631,00 3.648,00
241 303,67 303,67 305,16 3.729,00 3.664,00
242 303,67 0,00 0,00 3.629,00 3.681,00
243 303,67 303,67 304,72 3.727,00 3.697,00
244 303,67 0,00 0,00 3.627,00 3.714,00
245 303,67 0,00 0,00 3.725,00 3.730,00
246 303,67 303,67 304,05 3.823,00 3.746,00
247 303,67 0,00 0,00 3.723,00 3.763,00
248 303,67 303,67 303,65 3.821,00 3.779,00
249 303,67 0,00 0,00 3.721,00 3.796,00
250 303,67 303,67 303,24 3.819,00 3.812,00
251 303,67 0,00 0,00 3.719,00 3.829,00
252 303,67 0,00 0,00 3.817,00 3.834,00
253 303,67 303,67 302,65 3.915,00 3.850,00
254 303,67 0,00 0,00 3.815,00 3.867,00
255 303,67 303,67 302,27 3.913,00 3.883,00
256 303,67 0,00 0,00 3.813,00 3.900,00
257 303,67 0,00 0,00 3.911,00 3.916,00
258 303,67 303,67 301,70 4.009,00 3.932,00
259 303,67 0,00 0,00 3.909,00 3.949,00
260 303,67 303,67 301,31 4.007,00 3.965,00
261 303,67 0,00 0,00 3.907,00 3.982,00
262 303,67 303,67 300,96 4.005,00 3.998,00
263 303,67 0,00 0,00 3.905,00 4.015,00
264 303,67 0,00 0,00 4.003,00 4.020,00
265 303,67 303,67 300,44 4.101,00 4.036,00
266 303,67 0,00 0,00 4.001,00 4.053,00
267 303,67 303,67 300,08 4.099,00 4.069,00
268 303,67 0,00 0,00 3.999,00 4.086,00
269 303,67 0,00 0,00 4.097,00 4.102,00
270 303,67 303,67 299,56 4.195,00 4.118,00
271 303,67 0,00 0,00 4.095,00 4.135,00
272 303,67 303,67 299,20 4.193,00 4.151,00
273 303,67 0,00 0,00 4.093,00 4.168,00
274 303,67 303,67 298,84 4.191,00 4.184,00
275 303,67 0,00 0,00 4.091,00 4.201,00
276 303,67 0,00 0,00 4.189,00 4.206,00
277 303,67 303,67 298,34 4.287,00 4.222,00
278 303,67 0,00 0,00 4.187,00 4.239,00
279 303,67 303,67 298,03 4.285,00 4.255,00
280 303,67 0,00 0,00 4.185,00 4.272,00
281 303,67 0,00 0,00 4.283,00 4.288,00
282 303,67 303,67 297,58 4.381,00 4.304,00
283 303,67 0,00 0,00 4.281,00 4.321,00
284 303,67 303,67 297,29 4.379,00 4.337,00
285 303,67 0,00 0,00 4.279,00 4.354,00
286 303,67 303,67 296,99 4.377,00 4.370,00
287 303,67 0,00 0,00 4.277,00 4.387,00
288 303,67 0,00 0,00 4.375,00 4.392,00
289 303,67 303,67 296,55 4.473,00 4.408,00
290 303,67 0,00 0,00 4.373,00 4.425,00
291 303,67 303,67 296,28 4.471,00 4.441,00
292 303,67 0,00 0,00 4.371,00 4.458,00
293 303,67 0,00 0,00 4.469,00 4.474,00
294 303,67 303,67 295,85 4.567,00 4.490,00
295 303,67 0,00 0,00 4.467,00 4.507,00
296 303,67 303,67 295,58 4.565,00 4.523,00
297 303,67 0,00 0,00 4.465,00 4.540,00
298 303,67 303,67 295,33 4.563,00 4.556,00
299 303,67 0,00 0,00 4.463,00 4.573,00
300 303,67 0,00 0,00 4.561,00 4.578,00
301 303,67 303,67 294,97 4.659,00 4.594,00
302 303,67 0,00 0,00 4.559,00 4.611,00
303 303,67 303,67 294,74 4.657,00 4.627,00
304 303,67 0,00 0,00 4.557,00 4.644,00
305 303,67 0,00 0,00 4.655,00 4.660,00
306 303,67 303,67 294,39 4.753,00 4.676,00
307 303,67 0,00 0,00 4.653,00 4.693,00
308 303,67 303,67 294,13 4.751,00 4.709,00
309 303,67 0,00 0,00 4.651,00 4.726,00
310 303,67 303,67 293,89 4.749,00 4.742,00
311 303,67 0,00 0,00 4.649,00 4.759,00
312 303,67 0,00 0,00 4.747,00 4.764,00
313 303,67 303,67 293,55 4.845,00 4.780,00
314 303,67 0,00 0,00 4.745,00 4.797,00
315 303,67 303,67 293,34 4.843,00 4.813,00
316 303,67 0,00 0,00 4.743,00 4.830,00
317 303,67 0,00 0,00 4.841,00 4.846,00
318 303,67 303,67 293,03 4.939,00 4.862,00
319 303,67 0,00 0,00 4.839,00 4.879,00
320 303,67 303,67 292,83 4.937,00 4.895,00
321 303,67 0,00 0,00 4.837,00 4.912,00
322 303,67 303,67 292,62 4.935,00 4.928,00
323 303,67 0,00 0,00 4.835,00 4.945,00
324 303,67 0,00 0,00 4.933,00 4.950,00
325 303,67 303,67 292,33 5.031,00 4.966,00
326 303,67 0,00 0,00 4.931,00 4.983,00
327 303,67 303,67 292,12 5.029,00 4.999,00
328 303,67 0,00 0,00 4.929,00 5.016,00
329 303,67 0,00 0,00 5.027,00 5.032,00
330 303,67 303,67 291,80 5.125,00 5.048,00
331 303,67 0,00 0,00 5.025,00 5.065,00
332 303,67 303,67 291,61 5.123,00 5.081,00
333 303,67 0,00 0,00 5.023,00 5.098,00
334 303,67 303,67 291,43 5.121,00 5.114,00
335 303,67 0,00 0,00 5.021,00 5.131,00
336 303,67 0,00 0,00 5.119,00 5.136,00
337 303,67 303,67 291,15 5.217,00 5.152,00
338 303,67 0,00 0,00 5.117,00 5.169,00
339 303,67 303,67 290,97 5.215,00 5.185,00
340 303,67 0,00 0,00 5.115,00 5.202,00
341 303,67 0,00 0,00 5.213,00 5.218,00
342 303,67 303,67 290,70 5.311,00 5.234,00
343 303,67 0,00 0,00 5.211,00 5.251,00
344 303,67 303,67 290,52 5.309,00 5.267,00
345 303,67 0,00 0,00 5.209,00 5.284,00
346 303,67 303,67 290,37 5.307,00 5.300,00
347 303,67 0,00 0,00 5.207,00 5.317,00
348 303,67 0,00 0,00 5.305,00 5.322,00
349 303,67 303,67 290,15 5.403,00 5.338,00
350 303,67 0,00 0,00 5.303,00 5.355,00
351 303,67 303,67 289,99 5.401,00 5.371,00
352 303,67 0,00 0,00 5.301,00 5.388,00
353 303,67 0,00 0,00 5.399,00 5.404,00
354 303,67 303,67 289,77 5.497,00 5.420,00
355 303,67 0,00 0,00 5.397,00 5.437,00
356 303,67 303,67 289,62 5.495,00 5.453,00
357 303,67 0,00 0,00 5.395,00 5.470,00
358 303,67 303,67 289,47 5.493,00 5.486,00
359 303,67 0,00 0,00 5.393,00 5.503,00
360 303,67 0,00 0,00 5.491,00 5.508,00
361 303,67 303,67 289,25 5.589,00 5.524,00
362 303,67 0,00 0,00 5.489,00 5.541,00
363 303,67 303,67 289,11 5.587,00 5.557,00
364 303,67 0,00 0,00 5.487,00 5.574,00
365 303,67 0,00 0,00 5.585,00 5.590,00
366 303,67 303,67 288,91 5.683,00 5.606,00
367 303,67 0,00 0,00 5.583,00 5.623,00
368 303,67 303,67 288,80 5.681,00 5.639,00
369 303,67 0,00 0,00 5.581,00 5.656,00
370 303,67 303,67 288,69 5.679,00 5.672,00
371 303,67 0,00 0,00 5.579,00 5.689,00
372 303,67 0,00 0,00 5.677,00 5.694,00
373 303,67 303,67 288,52 5.775,00 5.710,00
374 303,67 0,00 0,00 5.675,00 5.727,00
375 303,67 303,67 288,39 5.773,00 5.743,00
376 303,67 0,00 0,00 5.673,00 5.760,00
377 303,67 0,00 0,00 5.771,00 5.776,00
378 303,67 303,67 288,19 5.869,00 5.792,00
379 303,67 0,00 0,00 5.769,00 5.809,00
380 303,67 303,67 288,06 5.867,00 5.825,00
381 303,67 0,00 0,00 5.767,00 5.842,00
382 303,67 303,67 287,94 5.865,00 5.858,00
383 303,67 0,00 0,00 5.765,00 5.875,00
384 303,67 0,00 0,00 5.863,00 5.880,00
385 303,67 303,67 287,75 5.961,00 5.896,00
386 303,67 0,00 0,00 5.861,00 5.913,00
387 303,67 303,67 287,64 5.959,00 5.929,00
388 303,67 0,00 0,00 5.859,00 5.946,00
389 303,67 0,00 0,00 5.957,00 5.962,00
390 303,67 303,67 287,47 6.055,00 5.978,00
391 303,67 0,00 0,00 5.955,00 5.995,00
392 303,67 303,67 287,36 6.053,00 6.011,00
393 303,67 0,00 0,00 5.953,00 6.028,00
394 303,67 303,67 287,25 6.051,00 6.044,00
395 303,67 0,00 0,00 5.951,00 6.061,00
396 303,67 0,00 0,00 6.049,00 6.066,00
397 303,67 303,67 287,08 6.147,00 6.082,00
398 303,67 0,00 0,00 6.047,00 6.099,00
399 303,67 303,67 286,96 6.145,00 6.115,00
400 303,67 0,00 0,00 6.045,00 6.132,00
401 303,67 0,00 0,00 6.143,00 6.148,00
402 303,67 303,67 286,81 6.241,00 6.164,00
403 303,67 0,00 0,00 6.141,00 6.181,00
404 303,67 303,67 286,71 6.239,00 6.197,00
405 303,67 0,00 0,00 6.139,00 6.214,00
406 303,67 303,67 286,61 6.237,00 6.230,00
407 303,67 0,00 0,00 6.137,00 6.247,00
408 303,67 0,00 0,00 6.235,00 6.252,00
409 303,67 303,67 286,47 6.333,00 6.268,00
410 303,67 0,00 0,00 6.233,00 6.285,00
411 303,67 303,67 286,37 6.331,00 6.301,00
412 303,67 0,00 0,00 6.231,00 6.318,00
413 303,67 0,00 0,00 6.329,00 6.334,00
414 303,67 303,67 286,25 6.427,00 6.350,00
415 303,67 0,00 0,00 6.327,00 6.367,00
416 303,67 303,67 286,17 6.425,00 6.383,00
417 303,67 0,00 0,00 6.325,00 6.400,00
418 303,67 303,67 286,10 6.423,00 6.416,00
419 303,67 0,00 0,00 6.323,00 6.433,00
420 303,67 0,00 0,00 6.421,00 6.438,00
421 303,67 303,67 285,98 6.519,00 6.454,00
422 303,67 0,00 0,00 6.419,00 6.471,00
423 303,67 303,67 285,91 6.517,00 6.487,00
424 303,67 0,00 0,00 6.417,00 6.504,00
425 303,67 0,00 0,00 6.515,00 6.520,00
426 303,67 303,67 285,78 6.613,00 6.536,00
427 303,67 0,00 0,00 6.513,00 6.553,00
428 303,67 303,67 285,68 6.611,00 6.569,00
429 303,67 0,00 0,00 6.511,00 6.586,00
430 303,67 303,67 285,59 6.609,00 6.602,00
431 303,67 0,00 0,00 6.509,00 6.619,00
432 303,67 0,00 0,00 6.607,00 6.624,00
433 303,67 303,67 285,47 6.705,00 6.640,00
434 303,67 0,00 0,00 6.605,00 6.657,00
435 303,67 303,67 285,39 6.703,00 6.673,00
436 303,67 0,00 0,00 6.603,00 6.690,00
437 303,67 0,00 0,00 6.701,00 6.706,00
438 303,67 303,67 285,28 6.799,00 6.722,00
439 303,67 0,00 0,00 6.699,00 6.739,00
440 303,67 303,67 285,20 6.797,00 6.755,00
441 303,67 0,00 0,00 6.697,00 6.772,00
442 303,67 303,67 285,12 6.795,00 6.788,00
443 303,67 0,00 0,00 6.695,00 6.805,00
444 303,67 0,00 0,00 6.793,00 6.810,00
445 303,67 303,67 285,01 6.891,00 6.826,00
446 303,67 0,00 0,00 6.791,00 6.843,00
447 303,67 303,67 284,93 6.889,00 6.859,00
448 303,67 0,00 0,00 6.789,00 6.876,00
449 303,67 0,00 0,00 6.887,00 6.892,00
450 303,67 303,67 284,82 6.985,00 6.908,00
451 303,67 0,00 0,00 6.885,00 6.925,00
452 303,67 303,67 284,76 6.983,00 6.941,00
453 303,67 0,00 0,00 6.883,00 6.958,00
454 303,67 303,67 284,70 6.981,00 6.974,00
455 303,67 0,00 0,00 6.881,00 6.991,00
456 303,67 0,00 0,00 6.979,00 6.996,00
457 303,67 303,67 284,60 7.077,00 7.012,00
458 303,67 0,00 0,00 6.977,00 7.029,00
459 303,67 303,67 284,54 7.075,00 7.045,00
460 303,67 0,00 0,00 6.975,00 7.062,00
461 303,67 0,00 0,00 7.073,00 7.078,00
462 303,67 303,67 284,44 7.171,00 7.094,00
463 303,67 0,00 0,00 7.071,00 7.111,00
464 303,67 303,67 284,39 7.169,00 7.127,00
465 303,67 0,00 0,00 7.069,00 7.144,00
466 303,67 303,67 284,33 7.167,00 7.160,00
467 303,67 0,00 0,00 7.067,00 7.177,00
468 303,67 0,00 0,00 7.165,00 7.182,00
469 303,67 303,67 284,25 7.263,00 7.198,00
470 303,67 0,00 0,00 7.163,00 7.215,00
471 303,67 303,67 284,20 7.261,00 7.231,00
472 303,67 0,00 0,00 7.161,00 7.248,00
473 303,67 0,00 0,00 7.259,00 7.264,00
474 303,67 303,67 284,12 7.357,00 7.280,00
475 303,67 0,00 0,00 7.257,00 7.297,00
476 303,67 303,67 284,06 7.355,00 7.313,00
477 303,67 0,00 0,00 7.255,00 7.330,00
478 303,67 303,67 284,00 7.353,00 7.346,00
479 303,67 0,00 0,00 7.253,00 7.363,00
480 303,67 0,00 0,00 7.351,00 7.368,00
481 303,67 303,67 283,92 7.449,00 7.384,00
482 303,67 0,00 0,00 7.349,00 7.401,00
483 303,67 303,67 283,86 7.447,00 7.417,00
484 303,67 0,00 0,00 7.347,00 7.434,00
485 303,67 0,00 0,00 7.445,00 7.450,00
486 303,67 303,67 283,80 7.543,00 7.466,00
487 303,67 0,00 0,00 7.443,00 7.483,00
488 303,67 303,67 283,75 7.541,00 7.499,00
489 303,67 0,00 0,00 7.441,00 7.516,00
490 303,67 303,67 283,70 7.539,00 7.532,00
491 303,67 0,00 0,00 7.439,00 7.549,00
492 303,67 0,00 0,00 7.537,00 7.554,00
493 303,67 303,67 283,63 7.635,00 7.570,00
494 303,67 0,00 0,00 7.535,00 7.587,00
495 303,67 303,67 283,58 7.633,00 7.603,00
496 303,67 0,00 0,00 7.533,00 7.620,00
497 303,67 0,00 0,00 7.631,00 7.636,00
498 303,67 303,67 283,49 7.729,00 7.652,00
499 303,67 0,00 0,00 7.629,00 7.669,00
