500
0 493,71 493,71 493,71 1,00 29,00
1 493,71 0,00 0,00 1,00 35,00
2 493,71 493,71 747,07 99,00 50,00
3 493,71 0,00 0,00 1,00 68,00
4 493,71 493,71 631,55 99,00 82,00
5 493,71 0,00 0,00 1,00 100,00
6 493,71 0,00 0,00 99,00 114,00
7 493,71 493,71 585,00 197,00 119,00
8 493,71 0,00 0,00 97,00 137,00
9 493,71 493,71 609,08 195,00 148,00
10 493,71 0,00 0,00 95,00 166,00
11 493,71 493,71 628,25 193,00 178,00
12 493,71 0,00 0,00 93,00 196,00
13 493,71 0,00 0,00 191,00 207,00
14 493,71 493,71 665,21 289,00 224,00
15 493,71 0,00 0,00 189,00 242,00
16 493,71 493,71 651,87 287,00 259,00
17 493,71 0,00 0,00 187,00 277,00
18 493,71 0,00 0,00 285,00 294,00
19 493,71 493,71 653,63 383,00 311,00
20 493,71 0,00 0,00 283,00 329,00
21 493,71 493,71 653,15 381,00 346,00
22 493,71 0,00 0,00 281,00 364,00
23 493,71 0,00 0,00 379,00 381,00
24 493,71 493,71 652,52 477,00 398,00
25 493,71 0,00 0,00 377,00 416,00
26 493,71 493,71 652,00 475,00 433,00
27 493,71 0,00 0,00 375,00 451,00
28 493,71 493,71 652,11 473,00 468,00
29 493,71 0,00 0,00 373,00 486,00
30 493,71 0,00 0,00 471,00 489,00
31 493,71 493,71 652,01 569,00 506,00
32 493,71 0,00 0,00 469,00 524,00
33 493,71 493,71 651,96 567,00 541,00
34 493,71 0,00 0,00 467,00 559,00
35 493,71 0,00 0,00 565,00 576,00
36 493,71 493,71 651,76 663,00 593,00
37 493,71 0,00 0,00 563,00 611,00
38 493,71 493,71 652,12 661,00 628,00
39 493,71 0,00 0,00 561,00 646,00
40 493,71 0,00 0,00 659,00 663,00
41 493,71 493,71 652,77 757,00 680,00
42 493,71 0,00 0,00 657,00 698,00
43 493,71 493,71 653,20 755,00 715,00
44 493,71 0,00 0,00 655,00 733,00
45 493,71 493,71 653,58 753,00 750,00
46 493,71 0,00 0,00 653,00 768,00
47 493,71 0,00 0,00 751,00 769,00
48 493,71 493,71 654,67 849,00 786,00
49 493,71 0,00 0,00 749,00 804,00
50 493,71 493,71 655,24 847,00 821,00
51 493,71 0,00 0,00 747,00 839,00
52 493,71 0,00 0,00 845,00 856,00
53 493,71 493,71 657,01 943,00 873,00
54 493,71 0,00 0,00 843,00 891,00
55 493,71 493,71 658,31 941,00 908,00
56 493,71 0,00 0,00 841,00 926,00
57 493,71 0,00 0,00 939,00 943,00
58 493,71 493,71 660,42 1.037,00 960,00
59 493,71 0,00 0,00 937,00 978,00
60 493,71 493,71 662,00 1.035,00 995,00
61 493,71 0,00 0,00 935,00 1.013,00
62 493,71 493,71 663,59 1.033,00 1.030,00
63 493,71 0,00 0,00 933,00 1.048,00
64 493,71 0,00 0,00 1.031,00 1.049,00
65 493,71 493,71 666,16 1.129,00 1.066,00
66 493,71 0,00 0,00 1.029,00 1.084,00
67 493,71 493,71 667,81 1.127,00 1.101,00
68 493,71 0,00 0,00 1.027,00 1.119,00
69 493,71 0,00 0,00 1.125,00 1.136,00
70 493,71 493,71 670,72 1.223,00 1.153,00
71 493,71 0,00 0,00 1.123,00 1.171,00
72 493,71 493,71 672,78 1.221,00 1.188,00
73 493,71 0,00 0,00 1.121,00 1.206,00
74 493,71 0,00 0,00 1.219,00 1.223,00
75 493,71 493,71 676,18 1.317,00 1.240,00
76 493,71 0,00 0,00 1.217,00 1.258,00
77 493,71 493,71 678,45 1.315,00 1.275,00
78 493,71 0,00 0,00 1.215,00 1.293,00
79 493,71 493,71 680,83 1.313,00 1.310,00
80 493,71 0,00 0,00 1.213,00 1.328,00
81 493,71 0,00 0,00 1.311,00 1.329,00
82 493,71 493,71 684,77 1.409,00 1.346,00
83 493,71 0,00 0,00 1.309,00 1.364,00
84 493,71 493,71 687,38 1.407,00 1.381,00
85 493,71 0,00 0,00 1.307,00 1.399,00
86 493,71 0,00 0,00 1.405,00 1.416,00
87 493,71 493,71 691,54 1.503,00 1.433,00
88 493,71 0,00 0,00 1.403,00 1.451,00
89 493,71 493,71 694,60 1.501,00 1.468,00
90 493,71 0,00 0,00 1.401,00 1.486,00
91 493,71 0,00 0,00 1.499,00 1.503,00
92 493,71 493,71 699,22 1.597,00 1.520,00
93 493,71 0,00 0,00 1.497,00 1.538,00
94 493,71 493,71 702,42 1.595,00 1.555,00
95 493,71 0,00 0,00 1.495,00 1.573,00
96 493,71 493,71 705,84 1.593,00 1.590,00
97 493,71 0,00 0,00 1.493,00 1.608,00
98 493,71 0,00 0,00 1.591,00 1.609,00
99 493,71 493,71 711,15 1.689,00 1.626,00
100 493,71 0,00 0,00 1.589,00 1.644,00
101 493,71 493,71 714,70 1.687,00 1.661,00
102 493,71 0,00 0,00 1.587,00 1.679,00
103 493,71 0,00 0,00 1.685,00 1.696,00
104 493,71 493,71 720,46 1.783,00 1.713,00
105 493,71 0,00 0,00 1.683,00 1.731,00
106 493,71 493,71 724,47 1.781,00 1.748,00
107 493,71 0,00 0,00 1.681,00 1.766,00
108 493,71 0,00 0,00 1.779,00 1.783,00
109 493,71 493,71 730,52 1.877,00 1.800,00
110 493,71 0,00 0,00 1.777,00 1.818,00
111 493,71 493,71 734,70 1.875,00 1.835,00
112 493,71 0,00 0,00 1.775,00 1.853,00
113 493,71 493,71 739,04 1.873,00 1.870,00
114 493,71 0,00 0,00 1.773,00 1.888,00
115 493,71 0,00 0,00 1.871,00 1.889,00
116 493,71 493,71 746,05 1.969,00 1.906,00
117 493,71 0,00 0,00 1.869,00 1.924,00
118 493,71 493,71 750,62 1.967,00 1.941,00
119 493,71 0,00 0,00 1.867,00 1.959,00
120 493,71 0,00 0,00 1.965,00 1.976,00
121 493,71 493,71 757,48 2.063,00 1.993,00
122 493,71 0,00 0,00 1.963,00 2.011,00
123 493,71 493,71 762,22 2.061,00 2.028,00
124 493,71 0,00 0,00 1.961,00 2.046,00
125 493,71 0,00 0,00 2.059,00 2.063,00
126 493,71 493,71 769,49 2.157,00 2.080,00
127 493,71 0,00 0,00 2.057,00 2.098,00
128 493,71 493,71 774,46 2.155,00 2.115,00
129 493,71 0,00 0,00 2.055,00 2.133,00
130 493,71 493,71 779,58 2.153,00 2.150,00
131 493,71 0,00 0,00 2.053,00 2.168,00
132 493,71 0,00 0,00 2.151,00 2.169,00
133 493,71 493,71 787,34 2.249,00 2.186,00
134 493,71 0,00 0,00 2.149,00 2.204,00
135 493,71 493,71 792,77 2.247,00 2.221,00
136 493,71 0,00 0,00 2.147,00 2.239,00
137 493,71 0,00 0,00 2.245,00 2.256,00
138 493,71 493,71 801,13 2.343,00 2.273,00
139 493,71 0,00 0,00 2.243,00 2.291,00
140 493,71 493,71 807,00 2.341,00 2.308,00
141 493,71 0,00 0,00 2.241,00 2.326,00
142 493,71 0,00 0,00 2.339,00 2.343,00
143 493,71 493,71 815,36 2.437,00 2.360,00
144 493,71 0,00 0,00 2.337,00 2.378,00
145 493,71 493,71 821,22 2.435,00 2.395,00
146 493,71 0,00 0,00 2.335,00 2.413,00
147 493,71 493,71 826,98 2.433,00 2.430,00
148 493,71 0,00 0,00 2.333,00 2.448,00
149 493,71 0,00 0,00 2.431,00 2.449,00
150 493,71 493,71 836,00 2.529,00 2.466,00
151 493,71 0,00 0,00 2.429,00 2.484,00
152 493,71 493,71 842,36 2.527,00 2.501,00
153 493,71 0,00 0,00 2.427,00 2.519,00
154 493,71 0,00 0,00 2.525,00 2.536,00
155 493,71 493,71 852,01 2.623,00 2.553,00
156 493,71 0,00 0,00 2.523,00 2.571,00
157 493,71 493,71 858,63 2.621,00 2.588,00
158 493,71 0,00 0,00 2.521,00 2.606,00
159 493,71 0,00 0,00 2.619,00 2.623,00
160 493,71 493,71 868,87 2.717,00 2.640,00
161 493,71 0,00 0,00 2.617,00 2.658,00
162 493,71 493,71 875,61 2.715,00 2.675,00
163 493,71 0,00 0,00 2.615,00 2.693,00
164 493,71 493,71 882,42 2.713,00 2.710,00
165 493,71 0,00 0,00 2.613,00 2.728,00
166 493,71 0,00 0,00 2.711,00 2.729,00
167 493,71 493,71 892,80 2.809,00 2.746,00
168 493,71 0,00 0,00 2.709,00 2.764,00
169 493,71 493,71 899,73 2.807,00 2.781,00
170 493,71 0,00 0,00 2.707,00 2.799,00
171 493,71 0,00 0,00 2.805,00 2.816,00
172 493,71 493,71 910,72 2.903,00 2.833,00
173 493,71 0,00 0,00 2.803,00 2.851,00
174 493,71 493,71 918,21 2.901,00 2.868,00
175 493,71 0,00 0,00 2.801,00 2.886,00
176 493,71 0,00 0,00 2.899,00 2.903,00
177 493,71 493,71 929,29 2.997,00 2.920,00
178 493,71 0,00 0,00 2.897,00 2.938,00
179 493,71 493,71 936,86 2.995,00 2.955,00
180 493,71 0,00 0,00 2.895,00 2.973,00
181 493,71 493,71 944,48 2.993,00 2.990,00
182 493,71 0,00 0,00 2.893,00 3.008,00
183 493,71 0,00 0,00 2.991,00 3.009,00
184 493,71 493,71 955,78 3.089,00 3.026,00
185 493,71 0,00 0,00 2.989,00 3.044,00
186 493,71 493,71 963,54 3.087,00 3.061,00
187 493,71 0,00 0,00 2.987,00 3.079,00
188 493,71 0,00 0,00 3.085,00 3.096,00
189 493,71 493,71 975,21 3.183,00 3.113,00
190 493,71 0,00 0,00 3.083,00 3.131,00
191 493,71 493,71 982,98 3.181,00 3.148,00
192 493,71 0,00 0,00 3.081,00 3.166,00
193 493,71 0,00 0,00 3.179,00 3.183,00
194 493,71 493,71 995,11 3.277,00 3.200,00
195 493,71 0,00 0,00 3.177,00 3.218,00
196 493,71 493,71 1.003,61 3.275,00 3.235,00
197 493,71 0,00 0,00 3.175,00 3.253,00
198 493,71 493,71 1.011,99 3.273,00 3.270,00
199 493,71 0,00 0,00 3.173,00 3.288,00
200 493,71 0,00 0,00 3.271,00 3.289,00
201 493,71 493,71 1.024,90 3.369,00 3.306,00
202 493,71 0,00 0,00 3.269,00 3.324,00
203 493,71 493,71 1.033,33 3.367,00 3.341,00
204 493,71 0,00 0,00 3.267,00 3.359,00
205 493,71 0,00 0,00 3.365,00 3.376,00
206 493,71 493,71 1.046,41 3.463,00 3.393,00
207 493,71 0,00 0,00 3.363,00 3.411,00
208 493,71 493,71 1.055,48 3.461,00 3.428,00
209 493,71 0,00 0,00 3.361,00 3.446,00
210 493,71 0,00 0,00 3.459,00 3.463,00
211 493,71 493,71 1.068,94 3.557,00 3.480,00
212 493,71 0,00 0,00 3.457,00 3.498,00
213 493,71 493,71 1.078,20 3.555,00 3.515,00
214 493,71 0,00 0,00 3.455,00 3.533,00
215 493,71 493,71 1.087,42 3.553,00 3.550,00
216 493,71 0,00 0,00 3.453,00 3.568,00
217 493,71 0,00 0,00 3.551,00 3.569,00
218 493,71 493,71 1.101,54 3.649,00 3.586,00
219 493,71 0,00 0,00 3.549,00 3.604,00
220 493,71 493,71 1.111,13 3.647,00 3.621,00
221 493,71 0,00 0,00 3.547,00 3.639,00
222 493,71 0,00 0,00 3.645,00 3.656,00
223 493,71 493,71 1.125,30 3.743,00 3.673,00
224 493,71 0,00 0,00 3.643,00 3.691,00
225 493,71 493,71 1.134,85 3.741,00 3.708,00
226 493,71 0,00 0,00 3.641,00 3.726,00
227 493,71 0,00 0,00 3.739,00 3.743,00
228 493,71 493,71 1.149,18 3.837,00 3.760,00
229 493,71 0,00 0,00 3.737,00 3.778,00
230 493,71 493,71 1.158,68 3.835,00 3.795,00
231 493,71 0,00 0,00 3.735,00 3.813,00
232 493,71 493,71 1.168,48 3.833,00 3.830,00
233 493,71 0,00 0,00 3.733,00 3.848,00
234 493,71 0,00 0,00 3.831,00 3.849,00
235 493,71 493,71 1.183,35 3.929,00 3.866,00
236 493,71 0,00 0,00 3.829,00 3.884,00
237 493,71 493,71 1.193,28 3.927,00 3.901,00
238 493,71 0,00 0,00 3.827,00 3.919,00
239 493,71 0,00 0,00 3.925,00 3.936,00
240 493,71 493,71 1.208,28 4.023,00 3.953,00
241 493,71 0,00 0,00 3.923,00 3.971,00
242 493,71 493,71 1.218,44 4.021,00 3.988,00
243 493,71 0,00 0,00 3.921,00 4.006,00
244 493,71 0,00 0,00 4.019,00 4.023,00
245 493,71 493,71 1.233,85 4.117,00 4.040,00
246 493,71 0,00 0,00 4.017,00 4.058,00
247 493,71 493,71 1.244,08 4.115,00 4.075,00
248 493,71 0,00 0,00 4.015,00 4.093,00
249 493,71 493,71 1.254,72 4.113,00 4.110,00
250 493,71 0,00 0,00 4.013,00 4.128,00
251 493,71 0,00 0,00 4.111,00 4.129,00
252 493,71 493,71 1.270,48 4.209,00 4.146,00
253 493,71 0,00 0,00 4.109,00 4.164,00
254 493,71 493,71 1.281,09 4.207,00 4.181,00
255 493,71 0,00 0,00 4.107,00 4.199,00
256 493,71 0,00 0,00 4.205,00 4.216,00
257 493,71 493,71 1.297,55 4.303,00 4.233,00
258 493,71 0,00 0,00 4.203,00 4.251,00
259 493,71 493,71 1.308,87 4.301,00 4.268,00
260 493,71 0,00 0,00 4.201,00 4.286,00
261 493,71 0,00 0,00 4.299,00 4.303,00
262 493,71 493,71 1.325,47 4.397,00 4.320,00
263 493,71 0,00 0,00 4.297,00 4.338,00
264 493,71 493,71 1.336,85 4.395,00 4.355,00
265 493,71 0,00 0,00 4.295,00 4.373,00
266 493,71 493,71 1.348,12 4.393,00 4.390,00
267 493,71 0,00 0,00 4.293,00 4.408,00
268 493,71 0,00 0,00 4.391,00 4.409,00
269 493,71 493,71 1.365,31 4.489,00 4.426,00
270 493,71 0,00 0,00 4.389,00 4.444,00
271 493,71 493,71 1.377,02 4.487,00 4.461,00
272 493,71 0,00 0,00 4.387,00 4.479,00
273 493,71 0,00 0,00 4.485,00 4.496,00
274 493,71 493,71 1.394,42 4.583,00 4.513,00
275 493,71 0,00 0,00 4.483,00 4.531,00
276 493,71 493,71 1.405,94 4.581,00 4.548,00
277 493,71 0,00 0,00 4.481,00 4.566,00
278 493,71 0,00 0,00 4.579,00 4.583,00
279 493,71 493,71 1.423,82 4.677,00 4.600,00
280 493,71 0,00 0,00 4.577,00 4.618,00
281 493,71 493,71 1.435,68 4.675,00 4.635,00
282 493,71 0,00 0,00 4.575,00 4.653,00
283 493,71 493,71 1.447,16 4.673,00 4.670,00
284 493,71 0,00 0,00 4.573,00 4.688,00
285 493,71 0,00 0,00 4.671,00 4.689,00
286 493,71 493,71 1.464,68 4.769,00 4.706,00
287 493,71 0,00 0,00 4.669,00 4.724,00
288 493,71 493,71 1.476,40 4.767,00 4.741,00
289 493,71 0,00 0,00 4.667,00 4.759,00
290 493,71 0,00 0,00 4.765,00 4.776,00
291 493,71 493,71 1.494,63 4.863,00 4.793,00
292 493,71 0,00 0,00 4.763,00 4.811,00
293 493,71 493,71 1.507,01 4.861,00 4.828,00
294 493,71 0,00 0,00 4.761,00 4.846,00
295 493,71 0,00 0,00 4.859,00 4.863,00
296 493,71 493,71 1.525,75 4.957,00 4.880,00
297 493,71 0,00 0,00 4.857,00 4.898,00
298 493,71 493,71 1.538,33 4.955,00 4.915,00
299 493,71 0,00 0,00 4.855,00 4.933,00
300 493,71 493,71 1.550,73 4.953,00 4.950,00
301 493,71 0,00 0,00 4.853,00 4.968,00
302 493,71 0,00 0,00 4.951,00 4.969,00
303 493,71 493,71 1.569,15 5.049,00 4.986,00
304 493,71 0,00 0,00 4.949,00 5.004,00
305 493,71 493,71 1.581,77 5.047,00 5.021,00
306 493,71 0,00 0,00 4.947,00 5.039,00
307 493,71 0,00 0,00 5.045,00 5.056,00
308 493,71 493,71 1.600,77 5.143,00 5.073,00
309 493,71 0,00 0,00 5.043,00 5.091,00
310 493,71 493,71 1.613,60 5.141,00 5.108,00
311 493,71 0,00 0,00 5.041,00 5.126,00
312 493,71 0,00 0,00 5.139,00 5.143,00
313 493,71 493,71 1.633,32 5.237,00 5.160,00
314 493,71 0,00 0,00 5.137,00 5.178,00
315 493,71 493,71 1.646,93 5.235,00 5.195,00
316 493,71 0,00 0,00 5.135,00 5.213,00
317 493,71 493,71 1.660,48 5.233,00 5.230,00
318 493,71 0,00 0,00 5.133,00 5.248,00
319 493,71 0,00 0,00 5.231,00 5.249,00
320 493,71 493,71 1.680,80 5.329,00 5.266,00
321 493,71 0,00 0,00 5.229,00 5.284,00
322 493,71 493,71 1.693,98 5.327,00 5.301,00
323 493,71 0,00 0,00 5.227,00 5.319,00
324 493,71 0,00 0,00 5.325,00 5.336,00
325 493,71 493,71 1.713,99 5.423,00 5.353,00
326 493,71 0,00 0,00 5.323,00 5.371,00
327 493,71 493,71 1.727,55 5.421,00 5.388,00
328 493,71 0,00 0,00 5.321,00 5.406,00
329 493,71 0,00 0,00 5.419,00 5.423,00
330 493,71 493,71 1.747,74 5.517,00 5.440,00
331 493,71 0,00 0,00 5.417,00 5.458,00
332 493,71 493,71 1.761,41 5.515,00 5.475,00
333 493,71 0,00 0,00 5.415,00 5.493,00
334 493,71 493,71 1.775,05 5.513,00 5.510,00
335 493,71 0,00 0,00 5.413,00 5.528,00
336 493,71 0,00 0,00 5.511,00 5.529,00
337 493,71 493,71 1.795,38 5.609,00 5.546,00
338 493,71 0,00 0,00 5.509,00 5.564,00
339 493,71 493,71 1.809,29 5.607,00 5.581,00
340 493,71 0,00 0,00 5.507,00 5.599,00
341 493,71 0,00 0,00 5.605,00 5.616,00
342 493,71 493,71 1.830,13 5.703,00 5.633,00
343 493,71 0,00 0,00 5.603,00 5.651,00
344 493,71 493,71 1.843,80 5.701,00 5.668,00
345 493,71 0,00 0,00 5.601,00 5.686,00
346 493,71 0,00 0,00 5.699,00 5.703,00
347 493,71 493,71 1.864,49 5.797,00 5.720,00
348 493,71 0,00 0,00 5.697,00 5.738,00
349 493,71 493,71 1.878,65 5.795,00 5.755,00
350 493,71 0,00 0,00 5.695,00 5.773,00
351 493,71 493,71 1.892,86 5.793,00 5.790,00
352 493,71 0,00 0,00 5.693,00 5.808,00
353 493,71 0,00 0,00 5.791,00 5.809,00
354 493,71 493,71 1.914,26 5.889,00 5.826,00
355 493,71 0,00 0,00 5.789,00 5.844,00
356 493,71 493,71 1.928,65 5.887,00 5.861,00
357 493,71 0,00 0,00 5.787,00 5.879,00
358 493,71 0,00 0,00 5.885,00 5.896,00
359 493,71 493,71 1.950,75 5.983,00 5.913,00
360 493,71 0,00 0,00 5.883,00 5.931,00
361 493,71 493,71 1.965,65 5.981,00 5.948,00
362 493,71 0,00 0,00 5.881,00 5.966,00
363 493,71 0,00 0,00 5.979,00 5.983,00
364 493,71 493,71 1.987,98 6.077,00 6.000,00
365 493,71 0,00 0,00 5.977,00 6.018,00
366 493,71 493,71 2.002,70 6.075,00 6.035,00
367 493,71 0,00 0,00 5.975,00 6.053,00
368 493,71 493,71 2.017,79 6.073,00 6.070,00
369 493,71 0,00 0,00 5.973,00 6.088,00
370 493,71 0,00 0,00 6.071,00 6.089,00
371 493,71 493,71 2.040,13 6.169,00 6.106,00
372 493,71 0,00 0,00 6.069,00 6.124,00
373 493,71 493,71 2.055,16 6.167,00 6.141,00
374 493,71 0,00 0,00 6.067,00 6.159,00
375 493,71 0,00 0,00 6.165,00 6.176,00
376 493,71 493,71 2.078,66 6.263,00 6.193,00
377 493,71 0,00 0,00 6.163,00 6.211,00
378 493,71 493,71 2.093,94 6.261,00 6.228,00
379 493,71 0,00 0,00 6.161,00 6.246,00
380 493,71 0,00 0,00 6.259,00 6.263,00
381 493,71 493,71 2.117,19 6.357,00 6.280,00
382 493,71 0,00 0,00 6.257,00 6.298,00
383 493,71 493,71 2.132,58 6.355,00 6.315,00
384 493,71 0,00 0,00 6.255,00 6.333,00
385 493,71 493,71 2.147,77 6.353,00 6.350,00
386 493,71 0,00 0,00 6.253,00 6.368,00
387 493,71 0,00 0,00 6.351,00 6.369,00
388 493,71 493,71 2.170,51 6.449,00 6.386,00
389 493,71 0,00 0,00 6.349,00 6.404,00
390 493,71 493,71 2.185,77 6.447,00 6.421,00
391 493,71 0,00 0,00 6.347,00 6.439,00
392 493,71 0,00 0,00 6.445,00 6.456,00
393 493,71 493,71 2.208,61 6.543,00 6.473,00
394 493,71 0,00 0,00 6.443,00 6.491,00
395 493,71 493,71 2.224,13 6.541,00 6.508,00
396 493,71 0,00 0,00 6.441,00 6.526,00
397 493,71 0,00 0,00 6.539,00 6.543,00
398 493,71 493,71 2.247,50 6.637,00 6.560,00
399 493,71 0,00 0,00 6.537,00 6.578,00
400 493,71 493,71 2.263,20 6.635,00 6.595,00
401 493,71 0,00 0,00 6.535,00 6.613,00
402 493,71 493,71 2.278,79 6.633,00 6.630,00
403 493,71 0,00 0,00 6.533,00 6.648,00
404 493,71 0,00 0,00 6.631,00 6.649,00
405 493,71 493,71 2.302,64 6.729,00 6.666,00
406 493,71 0,00 0,00 6.629,00 6.684,00
407 493,71 493,71 2.318,07 6.727,00 6.701,00
408 493,71 0,00 0,00 6.627,00 6.719,00
409 493,71 0,00 0,00 6.725,00 6.736,00
410 493,71 493,71 2.342,12 6.823,00 6.753,00
411 493,71 0,00 0,00 6.723,00 6.771,00
412 493,71 493,71 2.358,83 6.821,00 6.788,00
413 493,71 0,00 0,00 6.721,00 6.806,00
414 493,71 0,00 0,00 6.819,00 6.823,00
415 493,71 493,71 2.383,43 6.917,00 6.840,00
416 493,71 0,00 0,00 6.817,00 6.858,00
417 493,71 493,71 2.400,02 6.915,00 6.875,00
418 493,71 0,00 0,00 6.815,00 6.893,00
419 493,71 493,71 2.416,39 6.913,00 6.910,00
420 493,71 0,00 0,00 6.813,00 6.928,00
421 493,71 0,00 0,00 6.911,00 6.929,00
422 493,71 493,71 2.440,75 7.009,00 6.946,00
423 493,71 0,00 0,00 6.909,00 6.964,00
424 493,71 493,71 2.457,18 7.007,00 6.981,00
425 493,71 0,00 0,00 6.907,00 6.999,00
426 493,71 0,00 0,00 7.005,00 7.016,00
427 493,71 493,71 2.482,35 7.103,00 7.033,00
428 493,71 0,00 0,00 7.003,00 7.051,00
429 493,71 493,71 2.498,99 7.101,00 7.068,00
430 493,71 0,00 0,00 7.001,00 7.086,00
431 493,71 0,00 0,00 7.099,00 7.103,00
432 493,71 493,71 2.524,11 7.197,00 7.120,00
433 493,71 0,00 0,00 7.097,00 7.138,00
434 493,71 493,71 2.541,14 7.195,00 7.155,00
435 493,71 0,00 0,00 7.095,00 7.173,00
436 493,71 493,71 2.558,01 7.193,00 7.190,00
437 493,71 0,00 0,00 7.093,00 7.208,00
438 493,71 0,00 0,00 7.191,00 7.209,00
439 493,71 493,71 2.582,99 7.289,00 7.226,00
440 493,71 0,00 0,00 7.189,00 7.244,00
441 493,71 493,71 2.599,34 7.287,00 7.261,00
442 493,71 0,00 0,00 7.187,00 7.279,00
443 493,71 0,00 0,00 7.285,00 7.296,00
444 493,71 493,71 2.623,74 7.383,00 7.313,00
445 493,71 0,00 0,00 7.283,00 7.331,00
446 493,71 493,71 2.640,49 7.381,00 7.348,00
447 493,71 0,00 0,00 7.281,00 7.366,00
448 493,71 0,00 0,00 7.379,00 7.383,00
449 493,71 493,71 2.666,22 7.477,00 7.400,00
450 493,71 0,00 0,00 7.377,00 7.418,00
451 493,71 493,71 2.683,39 7.475,00 7.435,00
452 493,71 0,00 0,00 7.375,00 7.453,00
453 493,71 493,71 2.700,73 7.473,00 7.470,00
454 493,71 0,00 0,00 7.373,00 7.488,00
455 493,71 0,00 0,00 7.471,00 7.489,00
456 493,71 493,71 2.726,50 7.569,00 7.506,00
457 493,71 0,00 0,00 7.469,00 7.524,00
458 493,71 493,71 2.743,98 7.567,00 7.541,00
459 493,71 0,00 0,00 7.467,00 7.559,00
460 493,71 0,00 0,00 7.565,00 7.576,00
461 493,71 493,71 2.770,11 7.663,00 7.593,00
462 493,71 0,00 0,00 7.563,00 7.611,00
463 493,71 493,71 2.787,32 7.661,00 7.628,00
464 493,71 0,00 0,00 7.561,00 7.646,00
465 493,71 0,00 0,00 7.659,00 7.663,00
466 493,71 493,71 2.813,48 7.757,00 7.680,00
467 493,71 0,00 0,00 7.657,00 7.698,00
468 493,71 493,71 2.831,22 7.755,00 7.715,00
469 493,71 0,00 0,00 7.655,00 7.733,00
470 493,71 493,71 2.848,89 7.753,00 7.750,00
471 493,71 0,00 0,00 7.653,00 7.768,00
472 493,71 0,00 0,00 7.751,00 7.769,00
473 493,71 493,71 2.875,93 7.849,00 7.786,00
474 493,71 0,00 0,00 7.749,00 7.804,00
475 493,71 493,71 2.893,82 7.847,00 7.821,00
476 493,71 0,00 0,00 7.747,00 7.839,00
477 493,71 0,00 0,00 7.845,00 7.856,00
478 493,71 493,71 2.921,24 7.943,00 7.873,00
479 493,71 0,00 0,00 7.843,00 7.891,00
480 493,71 493,71 2.940,11 7.941,00 7.908,00
481 493,71 0,00 0,00 7.841,00 7.926,00
482 493,71 0,00 0,00 7.939,00 7.943,00
483 493,71 493,71 2.967,04 8.037,00 7.960,00
484 493,71 0,00 0,00 7.937,00 7.978,00
485 493,71 493,71 2.984,85 8.035,00 7.995,00
486 493,71 0,00 0,00 7.935,00 8.013,00
487 493,71 493,71 3.002,99 8.033,00 8.030,00
488 493,71 0,00 0,00 7.933,00 8.048,00
489 493,71 0,00 0,00 8.031,00 8.049,00
490 493,71 493,71 3.029,43 8.129,00 8.066,00
491 493,71 0,00 0,00 8.029,00 8.084,00
492 493,71 493,71 3.046,55 8.127,00 8.101,00
493 493,71 0,00 0,00 8.027,00 8.119,00
494 493,71 0,00 0,00 8.125,00 8.136,00
495 493,71 493,71 3.073,88 8.223,00 8.153,00
496 493,71 0,00 0,00 8.123,00 8.171,00
497 493,71 493,71 3.092,22 8.221,00 8.188,00
498 493,71 0,00 0,00 8.121,00 8.206,00
499 493,71 0,00 0,00 8.219,00 8.223,00
