1000
0 150,16 150,16 150,16 1,00 59,00 0
1 150,16 2,31 2,31 1,00 65,00 1235
2 150,16 2,42 2,63 1,00 77,00 1774
3 150,16 1,98 2,22 1,00 91,00 1865
4 150,16 1,98 2,22 1,00 106,00 1875
5 150,16 1,98 2,22 1,00 121,00 1879
6 150,16 1,98 2,22 1,00 136,00 1881
7 150,16 0,99 1,12 1,00 151,00 1881
8 150,16 0,99 1,12 1,00 166,00 1881
9 150,16 0,99 1,12 1,00 181,00 1881
10 150,16 0,99 1,12 1,00 196,00 1881
11 150,16 0,99 1,12 1,00 211,00 1881
12 150,16 0,99 1,12 1,00 226,00 1881
13 150,16 0,62 0,70 1,00 241,00 1881
14 150,16 0,62 0,70 1,00 256,00 1881
15 150,16 0,62 0,70 1,00 271,00 1881
16 150,16 0,62 0,70 1,00 286,00 1881
17 150,16 0,50 0,56 1,00 301,00 1881
18 150,16 0,50 0,56 1,00 316,00 1881
19 150,16 0,50 0,56 1,00 331,00 1881
20 150,16 0,43 0,49 1,00 346,00 1881
21 150,16 0,43 0,49 1,00 361,00 1881
22 150,16 0,43 0,49 1,00 376,00 1881
23 150,16 0,43 0,49 1,00 391,00 1881
24 150,16 0,43 0,49 1,00 406,00 1881
25 150,16 0,43 0,49 1,00 421,00 1881
26 150,16 0,43 0,49 1,00 436,00 1881
27 150,16 0,43 0,49 1,00 451,00 1881
28 150,16 0,43 0,49 1,00 466,00 1881
29 150,16 0,43 0,49 1,00 481,00 1881
30 150,16 0,43 0,49 99,00 496,00 1881
31 150,16 30,03 33,85 99,00 510,00 2704
32 150,16 29,21 30,48 99,00 524,00 3431
33 150,16 29,21 39,48 99,00 539,00 3821
34 150,16 29,21 39,15 99,00 554,00 4072
35 150,16 29,21 42,41 99,00 569,00 4286
36 150,16 29,21 40,17 99,00 584,00 4405
37 150,16 29,21 40,02 99,00 599,00 4558
38 150,16 29,21 42,07 99,00 614,00 4625
39 150,16 29,21 40,93 99,00 629,00 4666
40 150,16 29,21 41,55 99,00 644,00 4711
41 150,16 29,21 41,62 99,00 659,00 4762
42 150,16 29,21 42,74 99,00 674,00 4795
43 150,16 29,21 41,15 99,00 689,00 4831
44 150,16 21,12 30,50 99,00 704,00 4863
45 150,16 21,12 30,50 99,00 719,00 4893
46 150,16 21,12 30,49 99,00 734,00 4918
47 150,16 21,12 30,49 99,00 749,00 4938
48 150,16 21,12 30,49 99,00 764,00 4953
49 150,16 21,12 30,49 99,00 779,00 4969
50 150,16 21,12 30,49 99,00 794,00 4978
51 150,16 21,12 30,49 99,00 809,00 4991
52 150,16 21,12 30,49 99,00 824,00 5006
53 150,16 21,12 30,49 99,00 839,00 5016
54 150,16 21,12 30,49 99,00 854,00 5027
55 150,16 21,12 30,49 99,00 869,00 5033
56 150,16 21,12 30,49 99,00 884,00 5043
57 150,16 21,12 30,49 99,00 899,00 5047
58 150,16 21,12 30,49 99,00 914,00 5055
59 150,16 21,12 30,49 99,00 929,00 5061
60 150,16 21,12 30,49 3,00 944,00 5068
61 150,16 21,12 30,49 3,00 959,00 5076
62 150,16 21,12 30,49 3,00 974,00 5097
63 150,16 21,12 30,49 3,00 989,00 5110
64 150,16 0,45 0,65 3,00 1.004,00 5114
65 150,16 0,45 0,65 3,00 1.019,00 5115
66 150,16 0,45 0,65 3,00 1.034,00 5118
67 150,16 0,45 0,65 3,00 1.049,00 5123
68 150,16 0,45 0,65 3,00 1.064,00 5124
69 150,16 0,45 0,65 3,00 1.079,00 5125
70 150,16 0,45 0,65 3,00 1.094,00 5125
71 150,16 0,45 0,65 3,00 1.109,00 5125
72 150,16 0,45 0,65 3,00 1.124,00 5125
73 150,16 0,45 0,65 3,00 1.139,00 5125
74 150,16 0,45 0,65 3,00 1.154,00 5126
75 150,16 0,45 0,65 3,00 1.169,00 5126
76 150,16 0,45 0,65 3,00 1.184,00 5126
77 150,16 0,45 0,65 3,00 1.199,00 5126
78 150,16 0,45 0,65 3,00 1.214,00 5127
79 150,16 0,45 0,65 3,00 1.229,00 5128
80 150,16 0,45 0,65 3,00 1.244,00 5128
81 150,16 0,45 0,65 3,00 1.259,00 5128
82 150,16 0,35 0,51 3,00 1.274,00 5128
83 150,16 0,35 0,51 3,00 1.289,00 5128
84 150,16 0,35 0,51 3,00 1.304,00 5128
85 150,16 0,34 0,49 3,00 1.319,00 5128
86 150,16 0,34 0,49 3,00 1.334,00 5128
87 150,16 0,34 0,49 3,00 1.349,00 5128
88 150,16 0,34 0,49 3,00 1.364,00 5129
89 150,16 0,34 0,49 3,00 1.379,00 5133
90 150,16 0,32 0,47 101,00 1.394,00 5133
91 150,16 0,32 0,47 101,00 1.409,00 5240
92 150,16 10,77 15,55 101,00 1.423,00 5280
93 150,16 10,55 15,23 101,00 1.438,00 5298
94 150,16 10,55 15,23 101,00 1.453,00 5308
95 150,16 10,55 15,23 101,00 1.468,00 5318
96 150,16 10,55 15,23 101,00 1.483,00 5327
97 150,16 10,55 15,23 101,00 1.498,00 5336
98 150,16 10,55 15,23 101,00 1.513,00 5340
99 150,16 10,55 15,23 101,00 1.528,00 5347
100 150,16 10,55 15,23 101,00 1.543,00 5351
101 150,16 10,55 15,23 101,00 1.558,00 5353
102 150,16 10,55 15,23 101,00 1.573,00 5354
103 150,16 10,55 15,23 101,00 1.588,00 5357
104 150,16 10,55 15,23 101,00 1.603,00 5357
105 150,16 10,55 15,23 101,00 1.618,00 5357
106 150,16 10,55 15,23 101,00 1.633,00 5357
107 150,16 10,55 15,23 101,00 1.648,00 5357
108 150,16 10,55 15,23 101,00 1.663,00 5357
109 150,16 10,55 15,23 101,00 1.678,00 5359
110 150,16 10,55 15,23 101,00 1.693,00 5359
111 150,16 10,55 15,23 101,00 1.708,00 5360
112 150,16 10,55 15,23 101,00 1.723,00 5362
113 150,16 10,55 15,23 101,00 1.738,00 5364
114 150,16 10,55 15,23 101,00 1.753,00 5366
115 150,16 10,55 15,23 101,00 1.768,00 5366
116 150,16 10,55 15,23 101,00 1.783,00 5366
117 150,16 10,55 15,23 101,00 1.798,00 5366
118 150,16 10,55 15,23 101,00 1.813,00 5367
119 150,16 8,30 11,98 101,00 1.828,00 5368
120 150,16 8,30 11,98 26,00 1.843,00 5368
121 150,16 8,30 11,98 26,00 1.858,00 5378
122 150,16 8,30 11,98 26,00 1.873,00 5387
123 150,16 8,30 11,98 26,00 1.888,00 5391
124 150,16 8,30 11,98 26,00 1.903,00 5392
125 150,16 8,30 11,98 26,00 1.918,00 5392
126 150,16 2,02 2,92 26,00 1.933,00 5392
127 150,16 2,02 2,92 26,00 1.948,00 5392
128 150,16 2,02 2,92 26,00 1.963,00 5392
129 150,16 2,02 2,92 26,00 1.978,00 5392
130 150,16 2,02 2,92 26,00 1.993,00 5392
131 150,16 2,02 2,92 26,00 2.008,00 5392
132 150,16 2,02 2,92 26,00 2.023,00 5392
133 150,16 2,02 2,92 26,00 2.038,00 5392
134 150,16 2,02 2,92 26,00 2.053,00 5392
135 150,16 2,02 2,92 26,00 2.068,00 5392
136 150,16 2,02 2,92 26,00 2.083,00 5392
137 150,16 2,02 2,92 26,00 2.098,00 5392
138 150,16 2,02 2,92 26,00 2.113,00 5392
139 150,16 2,02 2,92 26,00 2.128,00 5392
140 150,16 2,02 2,92 26,00 2.143,00 5397
141 150,16 2,02 2,92 26,00 2.158,00 5398
142 150,16 2,02 2,92 26,00 2.173,00 5398
143 150,16 2,02 2,92 26,00 2.188,00 5398
144 150,16 2,02 2,92 26,00 2.203,00 5398
145 150,16 2,02 2,92 26,00 2.218,00 5398
146 150,16 2,02 2,92 26,00 2.233,00 5398
147 150,16 2,02 2,92 26,00 2.248,00 5398
148 150,16 2,02 2,92 26,00 2.263,00 5398
149 150,16 2,02 2,92 26,00 2.278,00 5398
150 150,16 2,02 2,92 96,00 2.293,00 5398
151 150,16 2,02 2,92 96,00 2.308,00 5443
152 150,16 2,02 2,92 96,00 2.323,00 5461
153 150,16 2,02 2,92 96,00 2.338,00 5469
154 150,16 2,02 2,92 96,00 2.353,00 5476
155 150,16 2,02 2,92 96,00 2.368,00 5480
156 150,16 2,02 2,92 96,00 2.383,00 5482
157 150,16 2,02 2,92 96,00 2.398,00 5482
158 150,16 2,02 2,92 96,00 2.413,00 5492
159 150,16 2,02 2,92 96,00 2.428,00 5501
160 150,16 2,02 2,92 96,00 2.443,00 5510
161 150,16 2,02 2,92 96,00 2.458,00 5520
162 150,16 2,02 2,92 96,00 2.473,00 5532
163 150,16 2,02 2,92 96,00 2.488,00 5544
164 150,16 5,76 8,32 96,00 2.503,00 5553
165 150,16 5,76 8,32 96,00 2.518,00 5560
166 150,16 5,76 8,32 96,00 2.533,00 5566
167 150,16 5,66 8,17 96,00 2.548,00 5570
168 150,16 5,66 8,17 96,00 2.563,00 5573
169 150,16 5,66 8,17 96,00 2.578,00 5575
170 150,16 5,56 8,03 96,00 2.593,00 5576
171 150,16 5,56 8,03 96,00 2.608,00 5577
172 150,16 5,56 8,03 96,00 2.623,00 5578
173 150,16 5,56 8,03 96,00 2.638,00 5579
174 150,16 5,56 8,03 96,00 2.653,00 5580
175 150,16 5,56 8,03 96,00 2.668,00 5582
176 150,16 5,56 8,03 96,00 2.683,00 5583
177 150,16 5,56 8,03 96,00 2.698,00 5584
178 150,16 5,56 8,03 96,00 2.713,00 5587
179 150,16 5,56 8,03 96,00 2.728,00 5589
180 150,16 5,56 8,03 30,00 2.743,00 5591
181 150,16 5,56 8,03 30,00 2.758,00 5600
182 150,16 1,62 2,35 30,00 2.773,00 5601
183 150,16 1,62 2,35 30,00 2.788,00 5602
184 150,16 1,62 2,35 30,00 2.803,00 5602
185 150,16 1,62 2,35 30,00 2.818,00 5602
186 150,16 1,62 2,35 30,00 2.833,00 5602
187 150,16 1,62 2,35 30,00 2.848,00 5602
188 150,16 1,62 2,35 30,00 2.863,00 5602
189 150,16 1,62 2,35 30,00 2.878,00 5602
190 150,16 1,62 2,35 30,00 2.893,00 5602
191 150,16 1,62 2,35 30,00 2.908,00 5604
192 150,16 1,62 2,35 30,00 2.923,00 5606
193 150,16 1,62 2,35 30,00 2.938,00 5607
194 150,16 1,62 2,35 30,00 2.953,00 5611
195 150,16 1,62 2,35 30,00 2.968,00 5613
196 150,16 1,62 2,35 30,00 2.983,00 5613
197 150,16 1,62 2,35 30,00 2.998,00 5613
198 150,16 1,62 2,35 30,00 3.013,00 5613
199 150,16 1,62 2,35 30,00 3.028,00 5613
200 150,16 1,62 2,35 30,00 3.043,00 5613
201 150,16 1,62 2,35 30,00 3.058,00 5613
202 150,16 1,62 2,35 30,00 3.073,00 5613
203 150,16 1,62 2,35 30,00 3.088,00 5613
204 150,16 1,62 2,35 30,00 3.103,00 5613
205 150,16 1,62 2,35 30,00 3.118,00 5613
206 150,16 1,62 2,35 30,00 3.133,00 5613
207 150,16 1,62 2,35 30,00 3.148,00 5613
208 150,16 1,62 2,35 30,00 3.163,00 5614
209 150,16 1,62 2,35 30,00 3.178,00 5616
210 150,16 1,62 2,35 73,00 3.193,00 5616
211 150,16 1,62 2,35 73,00 3.208,00 5655
212 150,16 1,62 2,35 73,00 3.223,00 5665
213 150,16 1,62 2,35 73,00 3.238,00 5671
214 150,16 1,62 2,35 73,00 3.253,00 5671
215 150,16 1,62 2,35 73,00 3.268,00 5671
216 150,16 1,62 2,35 73,00 3.283,00 5671
217 150,16 1,62 2,35 73,00 3.298,00 5671
218 150,16 1,62 2,35 73,00 3.313,00 5671
219 150,16 1,62 2,35 73,00 3.328,00 5671
220 150,16 1,62 2,35 73,00 3.343,00 5671
221 150,16 1,62 2,35 73,00 3.358,00 5671
222 150,16 1,62 2,35 73,00 3.373,00 5671
223 150,16 3,24 4,67 73,00 3.388,00 5671
224 150,16 3,24 4,67 73,00 3.403,00 5671
225 150,16 3,24 4,67 73,00 3.418,00 5671
226 150,16 3,19 4,61 73,00 3.433,00 5671
227 150,16 3,19 4,61 73,00 3.448,00 5671
228 150,16 3,19 4,61 73,00 3.463,00 5671
229 150,16 3,19 4,61 73,00 3.478,00 5671
230 150,16 3,19 4,61 73,00 3.493,00 5671
231 150,16 3,19 4,61 73,00 3.508,00 5671
232 150,16 3,19 4,61 73,00 3.523,00 5671
233 150,16 3,19 4,61 73,00 3.538,00 5671
234 150,16 3,19 4,61 73,00 3.553,00 5671
235 150,16 3,19 4,61 73,00 3.568,00 5671
236 150,16 3,19 4,61 73,00 3.583,00 5671
237 150,16 3,19 4,61 73,00 3.598,00 5671
238 150,16 3,19 4,61 73,00 3.613,00 5671
239 150,16 3,19 4,61 73,00 3.628,00 5671
240 150,16 3,19 4,61 47,00 3.643,00 5671
241 150,16 3,19 4,61 47,00 3.658,00 5686
242 150,16 3,19 4,61 47,00 3.673,00 5686
243 150,16 3,19 4,61 47,00 3.688,00 5687
244 150,16 3,19 4,61 47,00 3.703,00 5688
245 150,16 3,19 4,61 47,00 3.718,00 5688
246 150,16 3,19 4,61 47,00 3.733,00 5688
247 150,16 3,19 4,61 47,00 3.748,00 5688
248 150,16 1,88 2,71 47,00 3.763,00 5688
249 150,16 1,88 2,71 47,00 3.778,00 5691
250 150,16 1,88 2,71 47,00 3.793,00 5693
251 150,16 1,88 2,71 47,00 3.808,00 5693
252 150,16 1,88 2,71 47,00 3.823,00 5693
253 150,16 1,88 2,71 47,00 3.838,00 5694
254 150,16 1,88 2,71 47,00 3.853,00 5694
255 150,16 1,88 2,71 47,00 3.868,00 5694
256 150,16 1,88 2,71 47,00 3.883,00 5694
257 150,16 1,88 2,71 47,00 3.898,00 5694
258 150,16 1,88 2,71 47,00 3.913,00 5694
259 150,16 1,88 2,71 47,00 3.928,00 5694
260 150,16 1,79 2,58 47,00 3.943,00 5694
261 150,16 1,78 2,57 47,00 3.958,00 5694
262 150,16 1,78 2,57 47,00 3.973,00 5694
263 150,16 1,78 2,57 47,00 3.988,00 5694
264 150,16 1,78 2,57 47,00 4.003,00 5694
265 150,16 1,76 2,54 47,00 4.018,00 5694
266 150,16 1,76 2,54 47,00 4.033,00 5694
267 150,16 1,76 2,54 47,00 4.048,00 5694
268 150,16 1,76 2,54 47,00 4.063,00 5694
269 150,16 1,73 2,50 47,00 4.078,00 5694
270 150,16 1,73 2,50 77,00 4.093,00 5694
271 150,16 1,73 2,50 77,00 4.108,00 5724
272 150,16 1,73 2,50 77,00 4.123,00 5736
273 150,16 1,73 2,50 77,00 4.138,00 5742
274 150,16 1,73 2,50 77,00 4.153,00 5742
275 150,16 1,73 2,50 77,00 4.168,00 5742
276 150,16 2,76 3,99 77,00 4.183,00 5742
277 150,16 2,76 3,99 77,00 4.198,00 5742
278 150,16 2,74 3,96 77,00 4.213,00 5742
279 150,16 2,74 3,96 77,00 4.228,00 5742
280 150,16 2,74 3,96 77,00 4.243,00 5742
281 150,16 2,74 3,96 77,00 4.258,00 5742
282 150,16 2,74 3,96 77,00 4.273,00 5742
283 150,16 2,70 3,89 77,00 4.288,00 5742
284 150,16 2,70 3,89 77,00 4.303,00 5742
285 150,16 2,70 3,89 77,00 4.318,00 5742
286 150,16 2,70 3,89 77,00 4.333,00 5742
287 150,16 2,70 3,89 77,00 4.348,00 5742
288 150,16 2,70 3,89 77,00 4.363,00 5742
289 150,16 2,70 3,89 77,00 4.378,00 5742
290 150,16 2,70 3,89 77,00 4.393,00 5742
291 150,16 2,70 3,89 77,00 4.408,00 5742
292 150,16 2,61 3,77 77,00 4.423,00 5742
293 150,16 2,61 3,76 77,00 4.438,00 5742
294 150,16 2,61 3,76 77,00 4.453,00 5742
295 150,16 2,59 3,74 77,00 4.468,00 5742
296 150,16 2,59 3,74 77,00 4.483,00 5742
297 150,16 2,59 3,74 77,00 4.498,00 5742
298 150,16 2,59 3,74 77,00 4.513,00 5742
299 150,16 2,59 3,74 77,00 4.528,00 5742
300 150,16 2,59 3,74 61,00 4.543,00 5742
301 150,16 2,59 3,74 61,00 4.558,00 5752
302 150,16 2,00 2,89 61,00 4.573,00 5752
303 150,16 2,00 2,89 61,00 4.588,00 5752
304 150,16 2,00 2,89 61,00 4.603,00 5752
305 150,16 2,00 2,89 61,00 4.618,00 5752
306 150,16 1,98 2,85 61,00 4.633,00 5762
307 150,16 1,98 2,85 61,00 4.648,00 5773
308 150,16 1,98 2,85 61,00 4.663,00 5778
309 150,16 1,98 2,85 61,00 4.678,00 5780
310 150,16 1,98 2,85 61,00 4.693,00 5780
311 150,16 1,98 2,85 61,00 4.708,00 5780
312 150,16 1,98 2,85 61,00 4.723,00 5780
313 150,16 1,98 2,85 61,00 4.738,00 5782
314 150,16 1,98 2,85 61,00 4.753,00 5783
315 150,16 1,98 2,85 61,00 4.768,00 5783
316 150,16 1,98 2,85 61,00 4.783,00 5783
317 150,16 1,98 2,85 61,00 4.798,00 5783
318 150,16 1,98 2,85 61,00 4.813,00 5783
319 150,16 1,90 2,74 61,00 4.828,00 5783
320 150,16 1,90 2,74 61,00 4.843,00 5783
321 150,16 1,90 2,74 61,00 4.858,00 5783
322 150,16 1,90 2,74 61,00 4.873,00 5783
323 150,16 1,90 2,74 61,00 4.888,00 5783
324 150,16 1,90 2,74 61,00 4.903,00 5783
325 150,16 1,90 2,74 61,00 4.918,00 5783
326 150,16 1,90 2,74 61,00 4.933,00 5783
327 150,16 1,90 2,74 61,00 4.948,00 5783
328 150,16 1,90 2,74 61,00 4.963,00 5783
329 150,16 1,84 2,66 61,00 4.978,00 5783
330 150,16 1,84 2,66 73,00 4.993,00 5783
331 150,16 1,84 2,66 73,00 5.008,00 5809
332 150,16 1,84 2,66 73,00 5.023,00 5815
333 150,16 1,84 2,66 73,00 5.038,00 5818
334 150,16 1,84 2,66 73,00 5.053,00 5819
335 150,16 1,84 2,66 73,00 5.068,00 5820
336 150,16 2,16 3,11 73,00 5.083,00 5820
337 150,16 2,16 3,11 73,00 5.098,00 5820
338 150,16 2,16 3,11 73,00 5.113,00 5820
339 150,16 2,14 3,09 73,00 5.128,00 5820
340 150,16 2,14 3,09 73,00 5.143,00 5820
341 150,16 2,14 3,09 73,00 5.158,00 5820
342 150,16 2,14 3,09 73,00 5.173,00 5820
343 150,16 2,14 3,09 73,00 5.188,00 5820
344 150,16 2,14 3,09 73,00 5.203,00 5820
345 150,16 2,14 3,09 73,00 5.218,00 5820
346 150,16 2,14 3,09 73,00 5.233,00 5820
347 150,16 2,14 3,09 73,00 5.248,00 5820
348 150,16 2,14 3,09 73,00 5.263,00 5820
349 150,16 2,14 3,09 73,00 5.278,00 5820
350 150,16 2,14 3,09 73,00 5.293,00 5820
351 150,16 2,14 3,09 73,00 5.308,00 5820
352 150,16 2,14 3,09 73,00 5.323,00 5820
353 150,16 2,05 2,97 73,00 5.338,00 5820
354 150,16 2,05 2,97 73,00 5.353,00 5820
355 150,16 2,05 2,97 73,00 5.368,00 5820
356 150,16 2,05 2,97 73,00 5.383,00 5820
357 150,16 2,05 2,97 73,00 5.398,00 5820
358 150,16 2,05 2,97 73,00 5.413,00 5820
359 150,16 2,05 2,97 73,00 5.428,00 5820
360 150,16 2,05 2,97 67,00 5.443,00 5820
361 150,16 2,05 2,97 67,00 5.458,00 5827
362 150,16 2,05 2,97 67,00 5.473,00 5827
363 150,16 2,05 2,97 67,00 5.488,00 5827
364 150,16 2,05 2,97 67,00 5.503,00 5827
365 150,16 2,05 2,97 67,00 5.518,00 5827
366 150,16 2,05 2,97 67,00 5.533,00 5827
367 150,16 2,05 2,97 67,00 5.548,00 5827
368 150,16 2,05 2,97 67,00 5.563,00 5827
369 150,16 2,05 2,97 67,00 5.578,00 5827
370 150,16 1,80 2,60 67,00 5.593,00 5827
371 150,16 1,79 2,59 67,00 5.608,00 5827
372 150,16 1,79 2,59 67,00 5.623,00 5827
373 150,16 1,79 2,59 67,00 5.638,00 5827
374 150,16 1,79 2,59 67,00 5.653,00 5827
375 150,16 1,79 2,59 67,00 5.668,00 5827
376 150,16 1,79 2,59 67,00 5.683,00 5827
377 150,16 1,79 2,59 67,00 5.698,00 5827
378 150,16 1,79 2,59 67,00 5.713,00 5827
379 150,16 1,79 2,59 67,00 5.728,00 5827
380 150,16 1,79 2,59 67,00 5.743,00 5827
381 150,16 1,79 2,59 67,00 5.758,00 5827
382 150,16 1,79 2,59 67,00 5.773,00 5827
383 150,16 1,79 2,59 67,00 5.788,00 5833
384 150,16 1,79 2,59 67,00 5.803,00 5833
385 150,16 1,79 2,59 67,00 5.818,00 5833
386 150,16 1,79 2,59 67,00 5.833,00 5833
387 150,16 1,72 2,48 67,00 5.848,00 5833
388 150,16 1,72 2,48 67,00 5.863,00 5833
389 150,16 1,72 2,48 67,00 5.878,00 5833
390 150,16 1,72 2,48 79,00 5.893,00 5833
391 150,16 1,72 2,48 79,00 5.908,00 5854
392 150,16 1,72 2,48 79,00 5.923,00 5858
393 150,16 1,72 2,48 79,00 5.938,00 5861
394 150,16 1,72 2,48 79,00 5.953,00 5861
395 150,16 1,72 2,48 79,00 5.968,00 5861
396 150,16 1,72 2,48 79,00 5.983,00 5861
397 150,16 1,98 2,86 79,00 5.998,00 5861
398 150,16 1,98 2,86 79,00 6.013,00 5861
399 150,16 1,98 2,86 79,00 6.028,00 5861
400 150,16 1,98 2,86 79,00 6.043,00 5861
401 150,16 1,98 2,86 79,00 6.058,00 5865
402 150,16 1,98 2,86 79,00 6.073,00 5866
403 150,16 1,95 2,81 79,00 6.088,00 5866
404 150,16 1,95 2,81 79,00 6.103,00 5866
405 150,16 1,95 2,81 79,00 6.118,00 5866
406 150,16 1,95 2,81 79,00 6.133,00 5866
407 150,16 1,95 2,81 79,00 6.148,00 5866
408 150,16 1,95 2,81 79,00 6.163,00 5866
409 150,16 1,95 2,81 79,00 6.178,00 5866
410 150,16 1,95 2,81 79,00 6.193,00 5866
411 150,16 1,95 2,81 79,00 6.208,00 5866
412 150,16 1,95 2,81 79,00 6.223,00 5866
413 150,16 1,95 2,81 79,00 6.238,00 5866
414 150,16 1,95 2,81 79,00 6.253,00 5866
415 150,16 1,89 2,73 79,00 6.268,00 5866
416 150,16 1,89 2,73 79,00 6.283,00 5866
417 150,16 1,89 2,73 79,00 6.298,00 5866
418 150,16 1,89 2,73 79,00 6.313,00 5866
419 150,16 1,89 2,73 79,00 6.328,00 5866
420 150,16 1,89 2,73 75,00 6.343,00 5866
421 150,16 1,89 2,73 75,00 6.358,00 5875
422 150,16 1,89 2,73 75,00 6.373,00 5878
423 150,16 1,89 2,73 75,00 6.388,00 5879
424 150,16 1,76 2,54 75,00 6.403,00 5879
425 150,16 1,76 2,54 75,00 6.418,00 5879
426 150,16 1,76 2,54 75,00 6.433,00 5879
427 150,16 1,76 2,54 75,00 6.448,00 5879
428 150,16 1,76 2,54 75,00 6.463,00 5880
429 150,16 1,76 2,54 75,00 6.478,00 5880
430 150,16 1,76 2,54 75,00 6.493,00 5880
431 150,16 1,76 2,54 75,00 6.508,00 5880
432 150,16 1,76 2,54 75,00 6.523,00 5880
433 150,16 1,72 2,49 75,00 6.538,00 5880
434 150,16 1,72 2,49 75,00 6.553,00 5880
435 150,16 1,72 2,49 75,00 6.568,00 5880
436 150,16 1,71 2,47 75,00 6.583,00 5880
437 150,16 1,71 2,46 75,00 6.598,00 5880
438 150,16 1,71 2,46 75,00 6.613,00 5880
439 150,16 1,71 2,46 75,00 6.628,00 5880
440 150,16 1,71 2,46 75,00 6.643,00 5880
441 150,16 1,69 2,44 75,00 6.658,00 5880
442 150,16 1,69 2,44 75,00 6.673,00 5880
443 150,16 1,69 2,44 75,00 6.688,00 5880
444 150,16 1,69 2,44 75,00 6.703,00 5880
445 150,16 1,68 2,42 75,00 6.718,00 5880
446 150,16 1,68 2,42 75,00 6.733,00 5880
447 150,16 1,68 2,42 75,00 6.748,00 5880
448 150,16 1,68 2,42 75,00 6.763,00 5880
449 150,16 1,68 2,42 75,00 6.778,00 5880
450 150,16 1,68 2,42 75,00 6.793,00 5880
451 150,16 1,68 2,42 75,00 6.808,00 5901
452 150,16 1,68 2,42 75,00 6.823,00 5908
453 150,16 1,68 2,42 75,00 6.838,00 5908
454 150,16 1,68 2,42 75,00 6.853,00 5908
455 150,16 1,68 2,42 75,00 6.868,00 5908
456 150,16 1,68 2,42 75,00 6.883,00 5909
457 150,16 1,68 2,42 75,00 6.898,00 5909
458 150,16 1,68 2,42 75,00 6.913,00 5909
459 150,16 1,68 2,42 75,00 6.928,00 5909
460 150,16 1,68 2,42 75,00 6.943,00 5909
461 150,16 1,68 2,42 75,00 6.958,00 5909
462 150,16 1,68 2,42 75,00 6.973,00 5909
463 150,16 1,68 2,42 75,00 6.988,00 5909
464 150,16 1,68 2,42 75,00 7.003,00 5909
465 150,16 1,68 2,42 75,00 7.018,00 5909
466 150,16 1,68 2,42 75,00 7.033,00 5909
467 150,16 1,68 2,42 75,00 7.048,00 5909
468 150,16 1,68 2,42 75,00 7.063,00 5909
469 150,16 1,68 2,42 75,00 7.078,00 5909
470 150,16 1,68 2,42 75,00 7.093,00 5909
471 150,16 1,68 2,42 75,00 7.108,00 5909
472 150,16 1,68 2,42 75,00 7.123,00 5909
473 150,16 1,58 2,28 75,00 7.138,00 5909
474 150,16 1,58 2,28 75,00 7.153,00 5909
475 150,16 1,58 2,28 75,00 7.168,00 5909
476 150,16 1,57 2,26 75,00 7.183,00 5909
477 150,16 1,57 2,26 75,00 7.198,00 5909
478 150,16 1,57 2,26 75,00 7.213,00 5909
479 150,16 1,57 2,26 75,00 7.228,00 5909
480 150,16 1,57 2,26 86,00 7.243,00 5909
481 150,16 1,57 2,26 86,00 7.258,00 5915
482 150,16 1,57 2,26 86,00 7.273,00 5916
483 150,16 1,57 2,26 86,00 7.288,00 5916
484 150,16 1,57 2,26 86,00 7.303,00 5916
485 150,16 1,57 2,26 86,00 7.318,00 5916
486 150,16 1,57 2,26 86,00 7.333,00 5916
487 150,16 1,57 2,26 86,00 7.348,00 5916
488 150,16 1,57 2,26 86,00 7.363,00 5916
489 150,16 1,57 2,26 86,00 7.378,00 5916
490 150,16 1,75 2,52 86,00 7.393,00 5916
491 150,16 1,75 2,52 86,00 7.408,00 5916
492 150,16 1,74 2,51 86,00 7.423,00 5916
493 150,16 1,74 2,51 86,00 7.438,00 5916
494 150,16 1,73 2,50 86,00 7.453,00 5916
495 150,16 1,73 2,50 86,00 7.468,00 5916
496 150,16 1,73 2,50 86,00 7.483,00 5916
497 150,16 1,72 2,49 86,00 7.498,00 5916
498 150,16 1,72 2,49 86,00 7.513,00 5916
499 150,16 1,72 2,49 86,00 7.528,00 5916
500 150,16 1,72 2,49 86,00 7.543,00 5916
501 150,16 1,72 2,49 86,00 7.558,00 5916
502 150,16 1,72 2,49 86,00 7.573,00 5916
503 150,16 1,72 2,49 86,00 7.588,00 5916
504 150,16 1,72 2,49 86,00 7.603,00 5916
505 150,16 1,72 2,49 86,00 7.618,00 5919
506 150,16 1,72 2,49 86,00 7.633,00 5919
507 150,16 1,72 2,49 86,00 7.648,00 5919
508 150,16 1,72 2,49 86,00 7.663,00 5919
509 150,16 1,72 2,49 86,00 7.678,00 5919
510 150,16 1,72 2,49 86,00 7.693,00 5919
511 150,16 1,72 2,49 86,00 7.708,00 5935
512 150,16 1,72 2,49 86,00 7.723,00 5937
513 150,16 1,72 2,49 86,00 7.738,00 5938
514 150,16 1,72 2,49 86,00 7.753,00 5938
515 150,16 1,72 2,49 86,00 7.768,00 5938
516 150,16 1,72 2,49 86,00 7.783,00 5938
517 150,16 1,72 2,49 86,00 7.798,00 5938
518 150,16 1,65 2,39 86,00 7.813,00 5938
519 150,16 1,65 2,39 86,00 7.828,00 5938
520 150,16 1,65 2,39 86,00 7.843,00 5938
521 150,16 1,65 2,39 86,00 7.858,00 5938
522 150,16 1,65 2,39 86,00 7.873,00 5938
523 150,16 1,65 2,39 86,00 7.888,00 5938
524 150,16 1,65 2,39 86,00 7.903,00 5938
525 150,16 1,65 2,39 86,00 7.918,00 5938
526 150,16 1,65 2,39 86,00 7.933,00 5938
527 150,16 1,65 2,39 86,00 7.948,00 5938
528 150,16 1,65 2,39 86,00 7.963,00 5938
529 150,16 1,62 2,34 86,00 7.978,00 5938
530 150,16 1,62 2,34 86,00 7.993,00 5938
531 150,16 1,62 2,34 86,00 8.008,00 5938
532 150,16 1,62 2,34 86,00 8.023,00 5938
533 150,16 1,62 2,34 86,00 8.038,00 5938
534 150,16 1,62 2,34 86,00 8.053,00 5938
535 150,16 1,62 2,34 86,00 8.068,00 5938
536 150,16 1,62 2,34 86,00 8.083,00 5938
537 150,16 1,62 2,34 86,00 8.098,00 5938
538 150,16 1,62 2,34 86,00 8.113,00 5938
539 150,16 1,62 2,34 86,00 8.128,00 5938
540 150,16 1,62 2,34 90,00 8.143,00 5938
541 150,16 1,62 2,34 90,00 8.158,00 5942
542 150,16 1,62 2,34 90,00 8.173,00 5944
543 150,16 1,62 2,34 90,00 8.188,00 5946
544 150,16 1,62 2,34 90,00 8.203,00 5947
545 150,16 1,62 2,34 90,00 8.218,00 5958
546 150,16 1,62 2,34 90,00 8.233,00 5965
547 150,16 1,64 2,37 90,00 8.248,00 5965
548 150,16 1,64 2,37 90,00 8.263,00 5965
549 150,16 1,63 2,36 90,00 8.278,00 5965
550 150,16 1,63 2,36 90,00 8.293,00 5965
551 150,16 1,63 2,36 90,00 8.308,00 5965
552 150,16 1,63 2,36 90,00 8.323,00 5965
553 150,16 1,63 2,36 90,00 8.338,00 5965
554 150,16 1,63 2,36 90,00 8.353,00 5965
555 150,16 1,63 2,36 90,00 8.368,00 5965
556 150,16 1,63 2,36 90,00 8.383,00 5965
557 150,16 1,63 2,36 90,00 8.398,00 5965
558 150,16 1,61 2,32 90,00 8.413,00 5965
559 150,16 1,61 2,32 90,00 8.428,00 5969
560 150,16 1,61 2,32 90,00 8.443,00 5969
561 150,16 1,61 2,32 90,00 8.458,00 5969
562 150,16 1,61 2,32 90,00 8.473,00 5969
563 150,16 1,61 2,32 90,00 8.488,00 5969
564 150,16 1,59 2,30 90,00 8.503,00 5969
565 150,16 1,59 2,30 90,00 8.518,00 5969
566 150,16 1,58 2,29 90,00 8.533,00 5969
567 150,16 1,58 2,29 90,00 8.548,00 5969
568 150,16 1,58 2,28 90,00 8.563,00 5969
569 150,16 1,58 2,28 90,00 8.578,00 5969
570 150,16 1,58 2,28 88,00 8.593,00 5969
571 150,16 1,58 2,28 88,00 8.608,00 5988
572 150,16 1,58 2,28 88,00 8.623,00 5994
573 150,16 1,58 2,28 88,00 8.638,00 5999
574 150,16 1,58 2,28 88,00 8.653,00 6004
575 150,16 1,58 2,28 88,00 8.668,00 6007
576 150,16 1,58 2,28 88,00 8.683,00 6009
577 150,16 1,52 2,19 88,00 8.698,00 6010
578 150,16 1,52 2,19 88,00 8.713,00 6010
579 150,16 1,51 2,19 88,00 8.728,00 6010
580 150,16 1,51 2,19 88,00 8.743,00 6010
581 150,16 1,51 2,19 88,00 8.758,00 6010
582 150,16 1,51 2,19 88,00 8.773,00 6010
583 150,16 1,51 2,19 88,00 8.788,00 6010
584 150,16 1,51 2,19 88,00 8.803,00 6010
585 150,16 1,51 2,19 88,00 8.818,00 6010
586 150,16 1,51 2,19 88,00 8.833,00 6010
587 150,16 1,51 2,19 88,00 8.848,00 6010
588 150,16 1,51 2,19 88,00 8.863,00 6010
589 150,16 1,51 2,19 88,00 8.878,00 6010
590 150,16 1,51 2,19 88,00 8.893,00 6010
591 150,16 1,51 2,19 88,00 8.908,00 6010
592 150,16 1,51 2,19 88,00 8.923,00 6010
593 150,16 1,51 2,19 88,00 8.938,00 6010
594 150,16 1,51 2,19 88,00 8.953,00 6010
595 150,16 1,51 2,19 88,00 8.968,00 6010
596 150,16 1,51 2,19 88,00 8.983,00 6010
597 150,16 1,51 2,19 88,00 8.998,00 6010
598 150,16 1,51 2,19 88,00 9.013,00 6010
599 150,16 1,51 2,19 88,00 9.028,00 6010
600 150,16 1,46 2,11 84,00 9.043,00 6010
601 150,16 1,46 2,11 84,00 9.058,00 6019
602 150,16 1,46 2,11 84,00 9.073,00 6021
603 150,16 1,46 2,11 84,00 9.088,00 6022
604 150,16 1,46 2,11 84,00 9.103,00 6022
605 150,16 1,46 2,11 84,00 9.118,00 6022
606 150,16 1,38 1,99 84,00 9.133,00 6022
607 150,16 1,38 1,99 84,00 9.148,00 6022
608 150,16 1,38 1,99 84,00 9.163,00 6023
609 150,16 1,38 1,99 84,00 9.178,00 6023
610 150,16 1,38 1,99 84,00 9.193,00 6023
611 150,16 1,37 1,98 84,00 9.208,00 6023
612 150,16 1,37 1,98 84,00 9.223,00 6023
613 150,16 1,37 1,98 84,00 9.238,00 6023
614 150,16 1,37 1,98 84,00 9.253,00 6023
615 150,16 1,36 1,97 84,00 9.268,00 6023
616 150,16 1,36 1,97 84,00 9.283,00 6023
617 150,16 1,36 1,97 84,00 9.298,00 6023
618 150,16 1,35 1,96 84,00 9.313,00 6023
619 150,16 1,35 1,96 84,00 9.328,00 6023
620 150,16 1,35 1,96 84,00 9.343,00 6023
621 150,16 1,35 1,96 84,00 9.358,00 6023
622 150,16 1,35 1,96 84,00 9.373,00 6023
623 150,16 1,35 1,96 84,00 9.388,00 6023
624 150,16 1,34 1,94 84,00 9.403,00 6023
625 150,16 1,34 1,94 84,00 9.418,00 6023
626 150,16 1,34 1,94 84,00 9.433,00 6023
627 150,16 1,34 1,93 84,00 9.448,00 6023
628 150,16 1,34 1,93 84,00 9.463,00 6023
629 150,16 1,34 1,93 84,00 9.478,00 6023
630 150,16 1,34 1,93 94,00 9.493,00 6023
631 150,16 1,34 1,93 94,00 9.508,00 6039
632 150,16 1,48 2,14 94,00 9.523,00 6043
633 150,16 1,48 2,14 94,00 9.538,00 6043
634 150,16 1,48 2,14 94,00 9.553,00 6043
635 150,16 1,48 2,14 94,00 9.568,00 6043
636 150,16 1,48 2,14 94,00 9.583,00 6043
637 150,16 1,48 2,14 94,00 9.598,00 6043
638 150,16 1,48 2,14 94,00 9.613,00 6043
639 150,16 1,47 2,12 94,00 9.628,00 6043
640 150,16 1,47 2,12 94,00 9.643,00 6043
641 150,16 1,46 2,11 94,00 9.658,00 6043
642 150,16 1,46 2,11 94,00 9.673,00 6043
643 150,16 1,46 2,11 94,00 9.688,00 6043
644 150,16 1,46 2,11 94,00 9.703,00 6043
645 150,16 1,45 2,10 94,00 9.718,00 6043
646 150,16 1,45 2,10 94,00 9.733,00 6043
647 150,16 1,45 2,10 94,00 9.748,00 6043
648 150,16 1,45 2,10 94,00 9.763,00 6043
649 150,16 1,45 2,10 94,00 9.778,00 6043
650 150,16 1,45 2,10 94,00 9.793,00 6043
651 150,16 1,45 2,10 94,00 9.808,00 6043
652 150,16 1,45 2,10 94,00 9.823,00 6043
653 150,16 1,45 2,10 94,00 9.838,00 6043
654 150,16 1,45 2,10 94,00 9.853,00 6043
655 150,16 1,45 2,10 94,00 9.868,00 6043
656 150,16 1,45 2,10 94,00 9.883,00 6043
657 150,16 1,45 2,10 94,00 9.898,00 6043
658 150,16 1,45 2,10 94,00 9.913,00 6043
659 150,16 1,45 2,10 94,00 9.928,00 6043
660 150,16 1,45 2,10 90,00 9.943,00 6043
661 150,16 1,45 2,10 90,00 9.958,00 6047
662 150,16 1,45 2,10 90,00 9.973,00 6047
663 150,16 1,45 2,10 90,00 9.988,00 6047
664 150,16 1,45 2,10 90,00 10.003,00 6047
665 150,16 1,45 2,10 90,00 10.018,00 6047
666 150,16 1,45 2,10 90,00 10.033,00 6047
667 150,16 1,45 2,10 90,00 10.048,00 6047
668 150,16 1,45 2,10 90,00 10.063,00 6048
669 150,16 1,45 2,10 90,00 10.078,00 6048
670 150,16 1,45 2,10 90,00 10.093,00 6048
671 150,16 1,45 2,10 90,00 10.108,00 6048
672 150,16 1,45 2,10 90,00 10.123,00 6048
673 150,16 1,45 2,10 90,00 10.138,00 6048
674 150,16 1,45 2,10 90,00 10.153,00 6048
675 150,16 1,45 2,10 90,00 10.168,00 6048
676 150,16 1,45 2,10 90,00 10.183,00 6048
677 150,16 1,45 2,10 90,00 10.198,00 6048
678 150,16 1,45 2,10 90,00 10.213,00 6048
679 150,16 1,45 2,10 90,00 10.228,00 6048
680 150,16 1,45 2,10 90,00 10.243,00 6048
681 150,16 1,45 2,10 90,00 10.258,00 6048
682 150,16 1,45 2,10 90,00 10.273,00 6048
683 150,16 1,45 2,10 90,00 10.288,00 6048
684 150,16 1,45 2,10 90,00 10.303,00 6048
685 150,16 1,45 2,10 90,00 10.318,00 6048
686 150,16 1,45 2,10 90,00 10.333,00 6048
687 150,16 1,45 2,10 90,00 10.348,00 6048
688 150,16 1,45 2,10 90,00 10.363,00 6048
689 150,16 1,45 2,10 90,00 10.378,00 6048
690 150,16 1,45 2,10 90,00 10.393,00 6048
691 150,16 1,45 2,10 90,00 10.408,00 6060
692 150,16 1,45 2,10 90,00 10.423,00 6063
693 150,16 1,45 2,10 90,00 10.438,00 6066
694 150,16 1,45 2,10 90,00 10.453,00 6067
695 150,16 1,45 2,10 90,00 10.468,00 6068
696 150,16 1,45 2,10 90,00 10.483,00 6070
697 150,16 1,45 2,10 90,00 10.498,00 6070
698 150,16 1,45 2,10 90,00 10.513,00 6070
699 150,16 1,28 1,85 90,00 10.528,00 6070
700 150,16 1,28 1,85 90,00 10.543,00 6070
701 150,16 1,28 1,85 90,00 10.558,00 6070
702 150,16 1,28 1,85 90,00 10.573,00 6070
703 150,16 1,28 1,85 90,00 10.588,00 6070
704 150,16 1,28 1,85 90,00 10.603,00 6070
705 150,16 1,28 1,85 90,00 10.618,00 6070
706 150,16 1,28 1,85 90,00 10.633,00 6070
707 150,16 1,28 1,85 90,00 10.648,00 6070
708 150,16 1,28 1,85 90,00 10.663,00 6070
709 150,16 1,27 1,83 90,00 10.678,00 6070
710 150,16 1,26 1,83 90,00 10.693,00 6070
711 150,16 1,26 1,83 90,00 10.708,00 6070
712 150,16 1,26 1,83 90,00 10.723,00 6070
713 150,16 1,26 1,82 90,00 10.738,00 6070
714 150,16 1,26 1,82 90,00 10.753,00 6070
715 150,16 1,26 1,82 90,00 10.768,00 6070
716 150,16 1,26 1,82 90,00 10.783,00 6070
717 150,16 1,26 1,82 90,00 10.798,00 6070
718 150,16 1,26 1,82 90,00 10.813,00 6070
719 150,16 1,26 1,82 90,00 10.828,00 6070
720 150,16 1,26 1,82 100,00 10.843,00 6070
721 150,16 1,26 1,82 100,00 10.858,00 6073
722 150,16 1,38 1,99 100,00 10.873,00 6073
723 150,16 1,38 1,99 100,00 10.888,00 6073
724 150,16 1,38 1,99 100,00 10.903,00 6073
725 150,16 1,38 1,99 100,00 10.918,00 6073
726 150,16 1,38 1,99 100,00 10.933,00 6073
727 150,16 1,38 1,99 100,00 10.948,00 6073
728 150,16 1,38 1,99 100,00 10.963,00 6073
729 150,16 1,38 1,99 100,00 10.978,00 6073
730 150,16 1,38 1,99 100,00 10.993,00 6073
731 150,16 1,38 1,99 100,00 11.008,00 6073
732 150,16 1,38 1,99 100,00 11.023,00 6073
733 150,16 1,38 1,99 100,00 11.038,00 6073
734 150,16 1,38 1,99 100,00 11.053,00 6073
735 150,16 1,38 1,99 100,00 11.068,00 6073
736 150,16 1,38 1,99 100,00 11.083,00 6073
737 150,16 1,38 1,99 100,00 11.098,00 6073
738 150,16 1,38 1,99 100,00 11.113,00 6073
739 150,16 1,38 1,99 100,00 11.128,00 6073
740 150,16 1,35 1,95 100,00 11.143,00 6073
741 150,16 1,35 1,95 100,00 11.158,00 6073
742 150,16 1,35 1,95 100,00 11.173,00 6073
743 150,16 1,35 1,95 100,00 11.188,00 6073
744 150,16 1,35 1,95 100,00 11.203,00 6073
745 150,16 1,35 1,95 100,00 11.218,00 6073
746 150,16 1,35 1,95 100,00 11.233,00 6073
747 150,16 1,35 1,95 100,00 11.248,00 6073
748 150,16 1,35 1,95 100,00 11.263,00 6073
749 150,16 1,35 1,95 100,00 11.278,00 6073
750 150,16 1,35 1,95 101,00 11.293,00 6073
751 150,16 1,35 1,95 101,00 11.308,00 6081
752 150,16 1,35 1,95 101,00 11.323,00 6085
753 150,16 1,35 1,95 101,00 11.338,00 6085
754 150,16 1,35 1,95 101,00 11.353,00 6085
755 150,16 1,35 1,95 101,00 11.368,00 6085
756 150,16 1,35 1,95 101,00 11.383,00 6085
757 150,16 1,35 1,95 101,00 11.398,00 6085
758 150,16 1,33 1,92 101,00 11.413,00 6091
759 150,16 1,33 1,92 101,00 11.428,00 6094
760 150,16 1,33 1,92 101,00 11.443,00 6096
761 150,16 1,33 1,92 101,00 11.458,00 6097
762 150,16 1,33 1,92 101,00 11.473,00 6098
763 150,16 1,33 1,92 101,00 11.488,00 6098
764 150,16 1,33 1,92 101,00 11.503,00 6098
765 150,16 1,33 1,92 101,00 11.518,00 6098
766 150,16 1,33 1,92 101,00 11.533,00 6098
767 150,16 1,33 1,92 101,00 11.548,00 6098
768 150,16 1,33 1,92 101,00 11.563,00 6098
769 150,16 1,31 1,89 101,00 11.578,00 6098
770 150,16 1,31 1,89 101,00 11.593,00 6098
771 150,16 1,31 1,89 101,00 11.608,00 6098
772 150,16 1,31 1,89 101,00 11.623,00 6098
773 150,16 1,31 1,89 101,00 11.638,00 6098
774 150,16 1,31 1,89 101,00 11.653,00 6098
775 150,16 1,31 1,89 101,00 11.668,00 6098
776 150,16 1,31 1,89 101,00 11.683,00 6098
777 150,16 1,31 1,89 101,00 11.698,00 6098
778 150,16 1,31 1,89 101,00 11.713,00 6098
779 150,16 1,31 1,89 101,00 11.728,00 6098
780 150,16 1,31 1,89 96,00 11.743,00 6098
781 150,16 1,31 1,89 96,00 11.758,00 6102
782 150,16 1,31 1,89 96,00 11.773,00 6107
783 150,16 1,31 1,89 96,00 11.788,00 6110
784 150,16 1,31 1,89 96,00 11.803,00 6111
785 150,16 1,31 1,89 96,00 11.818,00 6111
786 150,16 1,31 1,89 96,00 11.833,00 6111
787 150,16 1,31 1,89 96,00 11.848,00 6111
788 150,16 1,31 1,89 96,00 11.863,00 6111
789 150,16 1,21 1,75 96,00 11.878,00 6111
790 150,16 1,21 1,75 96,00 11.893,00 6111
791 150,16 1,21 1,75 96,00 11.908,00 6111
792 150,16 1,21 1,75 96,00 11.923,00 6111
793 150,16 1,21 1,75 96,00 11.938,00 6111
794 150,16 1,21 1,75 96,00 11.953,00 6111
795 150,16 1,21 1,75 96,00 11.968,00 6111
796 150,16 1,21 1,75 96,00 11.983,00 6111
797 150,16 1,21 1,75 96,00 11.998,00 6111
798 150,16 1,21 1,75 96,00 12.013,00 6111
799 150,16 1,21 1,75 96,00 12.028,00 6111
800 150,16 1,21 1,75 96,00 12.043,00 6111
801 150,16 1,21 1,75 96,00 12.058,00 6111
802 150,16 1,19 1,72 96,00 12.073,00 6111
803 150,16 1,19 1,72 96,00 12.088,00 6111
804 150,16 1,19 1,72 96,00 12.103,00 6111
805 150,16 1,19 1,72 96,00 12.118,00 6111
806 150,16 1,19 1,72 96,00 12.133,00 6111
807 150,16 1,19 1,72 96,00 12.148,00 6111
808 150,16 1,19 1,72 96,00 12.163,00 6111
809 150,16 1,19 1,72 96,00 12.178,00 6111
810 150,16 1,19 1,72 116,00 12.193,00 6111
811 150,16 1,19 1,72 116,00 12.208,00 6120
812 150,16 1,19 1,72 116,00 12.223,00 6122
813 150,16 1,42 2,06 116,00 12.238,00 6123
814 150,16 1,42 2,06 116,00 12.253,00 6123
815 150,16 1,42 2,06 116,00 12.268,00 6123
816 150,16 1,42 2,06 116,00 12.283,00 6123
817 150,16 1,42 2,06 116,00 12.298,00 6123
818 150,16 1,42 2,06 116,00 12.313,00 6123
819 150,16 1,42 2,06 116,00 12.328,00 6123
820 150,16 1,42 2,06 116,00 12.343,00 6123
821 150,16 1,42 2,06 116,00 12.358,00 6123
822 150,16 1,42 2,06 116,00 12.373,00 6123
823 150,16 1,42 2,06 116,00 12.388,00 6123
824 150,16 1,42 2,06 116,00 12.403,00 6123
825 150,16 1,42 2,06 116,00 12.418,00 6123
826 150,16 1,42 2,06 116,00 12.433,00 6123
827 150,16 1,42 2,06 116,00 12.448,00 6123
828 150,16 1,42 2,06 116,00 12.463,00 6123
829 150,16 1,42 2,06 116,00 12.478,00 6123
830 150,16 1,42 2,06 116,00 12.493,00 6123
831 150,16 1,42 2,06 116,00 12.508,00 6123
832 150,16 1,42 2,06 116,00 12.523,00 6123
833 150,16 1,42 2,06 116,00 12.538,00 6123
834 150,16 1,42 2,06 116,00 12.553,00 6123
835 150,16 1,42 2,06 116,00 12.568,00 6123
836 150,16 1,42 2,06 116,00 12.583,00 6123
837 150,16 1,42 2,06 116,00 12.598,00 6123
838 150,16 1,42 2,06 116,00 12.613,00 6123
839 150,16 1,42 2,06 116,00 12.628,00 6123
840 150,16 1,42 2,06 92,00 12.643,00 6123
841 150,16 1,42 2,06 92,00 12.658,00 6130
842 150,16 1,42 2,06 92,00 12.673,00 6130
843 150,16 1,42 2,06 92,00 12.688,00 6130
844 150,16 1,09 1,57 92,00 12.703,00 6130
845 150,16 1,09 1,57 92,00 12.718,00 6130
846 150,16 1,09 1,57 92,00 12.733,00 6130
847 150,16 1,09 1,57 92,00 12.748,00 6130
848 150,16 1,09 1,57 92,00 12.763,00 6130
849 150,16 1,09 1,57 92,00 12.778,00 6130
850 150,16 1,09 1,57 92,00 12.793,00 6130
851 150,16 1,09 1,57 92,00 12.808,00 6130
852 150,16 1,09 1,57 92,00 12.823,00 6130
853 150,16 1,09 1,57 92,00 12.838,00 6130
854 150,16 1,09 1,57 92,00 12.853,00 6130
855 150,16 1,09 1,57 92,00 12.868,00 6130
856 150,16 1,09 1,57 92,00 12.883,00 6130
857 150,16 1,09 1,57 92,00 12.898,00 6130
858 150,16 1,09 1,57 92,00 12.913,00 6130
859 150,16 1,09 1,57 92,00 12.928,00 6130
860 150,16 1,09 1,57 92,00 12.943,00 6130
861 150,16 1,07 1,54 92,00 12.958,00 6130
862 150,16 1,07 1,54 92,00 12.973,00 6130
863 150,16 1,07 1,54 92,00 12.988,00 6130
864 150,16 1,07 1,54 92,00 13.003,00 6130
865 150,16 1,06 1,53 92,00 13.018,00 6130
866 150,16 1,06 1,53 92,00 13.033,00 6130
867 150,16 1,06 1,53 92,00 13.048,00 6130
868 150,16 1,06 1,53 92,00 13.063,00 6130
869 150,16 1,06 1,53 92,00 13.078,00 6130
870 150,16 1,06 1,52 122,00 13.093,00 6130
871 150,16 1,06 1,52 122,00 13.108,00 6139
872 150,16 1,06 1,52 122,00 13.123,00 6142
873 150,16 1,06 1,52 122,00 13.138,00 6144
874 150,16 1,06 1,52 122,00 13.153,00 6144
875 150,16 1,06 1,52 122,00 13.168,00 6152
876 150,16 1,06 1,52 122,00 13.183,00 6155
877 150,16 1,06 1,52 122,00 13.198,00 6156
878 150,16 1,06 1,52 122,00 13.213,00 6156
879 150,16 1,06 1,52 122,00 13.228,00 6156
880 150,16 1,06 1,52 122,00 13.243,00 6156
881 150,16 1,06 1,52 122,00 13.258,00 6156
882 150,16 1,06 1,52 122,00 13.273,00 6156
883 150,16 1,06 1,52 122,00 13.288,00 6156
884 150,16 1,06 1,52 122,00 13.303,00 6156
885 150,16 1,06 1,52 122,00 13.318,00 6156
886 150,16 1,06 1,52 122,00 13.333,00 6156
887 150,16 1,06 1,52 122,00 13.348,00 6156
888 150,16 1,37 1,98 122,00 13.363,00 6156
889 150,16 1,37 1,98 122,00 13.378,00 6156
890 150,16 1,37 1,98 122,00 13.393,00 6156
891 150,16 1,37 1,98 122,00 13.408,00 6156
892 150,16 1,36 1,97 122,00 13.423,00 6156
893 150,16 1,36 1,97 122,00 13.438,00 6156
894 150,16 1,36 1,97 122,00 13.453,00 6156
895 150,16 1,36 1,96 122,00 13.468,00 6156
896 150,16 1,36 1,96 122,00 13.483,00 6156
897 150,16 1,36 1,96 122,00 13.498,00 6156
898 150,16 1,36 1,96 122,00 13.513,00 6156
899 150,16 1,36 1,96 122,00 13.528,00 6156
900 150,16 1,35 1,95 86,00 13.543,00 6156
901 150,16 1,35 1,95 86,00 13.558,00 6161
902 150,16 1,35 1,95 86,00 13.573,00 6162
903 150,16 1,35 1,95 86,00 13.588,00 6163
904 150,16 1,35 1,95 86,00 13.603,00 6163
905 150,16 1,35 1,95 86,00 13.618,00 6164
906 150,16 1,35 1,95 86,00 13.633,00 6165
907 150,16 1,35 1,95 86,00 13.648,00 6165
908 150,16 1,35 1,95 86,00 13.663,00 6165
909 150,16 1,35 1,95 86,00 13.678,00 6165
910 150,16 0,94 1,36 86,00 13.693,00 6165
911 150,16 0,94 1,36 86,00 13.708,00 6165
912 150,16 0,94 1,36 86,00 13.723,00 6165
913 150,16 0,94 1,36 86,00 13.738,00 6165
914 150,16 0,94 1,36 86,00 13.753,00 6165
915 150,16 0,94 1,36 86,00 13.768,00 6165
916 150,16 0,94 1,36 86,00 13.783,00 6165
917 150,16 0,94 1,36 86,00 13.798,00 6165
918 150,16 0,93 1,35 86,00 13.813,00 6165
919 150,16 0,93 1,35 86,00 13.828,00 6165
920 150,16 0,93 1,35 86,00 13.843,00 6165
921 150,16 0,93 1,35 86,00 13.858,00 6165
922 150,16 0,93 1,35 86,00 13.873,00 6165
923 150,16 0,93 1,35 86,00 13.888,00 6165
924 150,16 0,93 1,34 86,00 13.903,00 6165
925 150,16 0,93 1,34 86,00 13.918,00 6165
926 150,16 0,93 1,34 86,00 13.933,00 6165
927 150,16 0,93 1,34 86,00 13.948,00 6165
928 150,16 0,93 1,34 86,00 13.963,00 6165
929 150,16 0,92 1,33 86,00 13.978,00 6165
930 150,16 0,92 1,33 111,00 13.993,00 6165
931 150,16 0,92 1,33 111,00 14.008,00 6173
932 150,16 0,92 1,33 111,00 14.023,00 6176
933 150,16 0,92 1,33 111,00 14.038,00 6176
934 150,16 0,92 1,33 111,00 14.053,00 6176
935 150,16 1,18 1,71 111,00 14.068,00 6176
936 150,16 1,18 1,71 111,00 14.083,00 6177
937 150,16 1,18 1,71 111,00 14.098,00 6177
938 150,16 1,18 1,71 111,00 14.113,00 6177
939 150,16 1,18 1,71 111,00 14.128,00 6177
940 150,16 1,18 1,70 111,00 14.143,00 6177
941 150,16 1,18 1,70 111,00 14.158,00 6177
942 150,16 1,18 1,70 111,00 14.173,00 6177
943 150,16 1,18 1,70 111,00 14.188,00 6177
944 150,16 1,18 1,70 111,00 14.203,00 6177
945 150,16 1,18 1,70 111,00 14.218,00 6177
946 150,16 1,18 1,70 111,00 14.233,00 6177
947 150,16 1,18 1,70 111,00 14.248,00 6177
948 150,16 1,18 1,70 111,00 14.263,00 6177
949 150,16 1,18 1,70 111,00 14.278,00 6177
950 150,16 1,17 1,68 111,00 14.293,00 6177
951 150,16 1,17 1,68 111,00 14.308,00 6177
952 150,16 1,17 1,68 111,00 14.323,00 6177
953 150,16 1,17 1,68 111,00 14.338,00 6177
954 150,16 1,16 1,68 111,00 14.353,00 6177
955 150,16 1,16 1,68 111,00 14.368,00 6177
956 150,16 1,16 1,68 111,00 14.383,00 6177
957 150,16 1,16 1,68 111,00 14.398,00 6177
958 150,16 1,16 1,68 111,00 14.413,00 6177
959 150,16 1,16 1,68 111,00 14.428,00 6177
960 150,16 1,16 1,68 115,00 14.443,00 6177
961 150,16 1,16 1,68 115,00 14.458,00 6179
962 150,16 1,16 1,68 115,00 14.473,00 6180
963 150,16 1,16 1,68 115,00 14.488,00 6180
964 150,16 1,19 1,72 115,00 14.503,00 6180
965 150,16 1,19 1,72 115,00 14.518,00 6181
966 150,16 1,19 1,72 115,00 14.533,00 6181
967 150,16 1,19 1,72 115,00 14.548,00 6181
968 150,16 1,19 1,72 115,00 14.563,00 6181
969 150,16 1,19 1,72 115,00 14.578,00 6181
970 150,16 1,19 1,72 115,00 14.593,00 6181
971 150,16 1,19 1,72 115,00 14.608,00 6181
972 150,16 1,19 1,72 115,00 14.623,00 6181
973 150,16 1,18 1,70 115,00 14.638,00 6181
974 150,16 1,18 1,70 115,00 14.653,00 6181
975 150,16 1,18 1,70 115,00 14.668,00 6181
976 150,16 1,18 1,70 115,00 14.683,00 6181
977 150,16 1,18 1,70 115,00 14.698,00 6181
978 150,16 1,18 1,70 115,00 14.713,00 6181
979 150,16 1,18 1,70 115,00 14.728,00 6181
980 150,16 1,18 1,70 115,00 14.743,00 6181
981 150,16 1,18 1,70 115,00 14.758,00 6181
982 150,16 1,18 1,70 115,00 14.773,00 6181
983 150,16 1,18 1,70 115,00 14.788,00 6181
984 150,16 1,18 1,70 115,00 14.803,00 6181
985 150,16 1,18 1,70 115,00 14.818,00 6181
986 150,16 1,18 1,70 115,00 14.833,00 6181
987 150,16 1,18 1,70 115,00 14.848,00 6181
988 150,16 1,18 1,70 115,00 14.863,00 6181
989 150,16 1,18 1,70 115,00 14.878,00 6181
990 150,16 1,18 1,70 115,00 14.893,00 6181
991 150,16 1,18 1,70 115,00 14.908,00 6187
992 150,16 1,18 1,70 115,00 14.923,00 6189
993 150,16 1,18 1,70 115,00 14.938,00 6189
994 150,16 1,18 1,70 115,00 14.953,00 6189
995 150,16 1,15 1,67 115,00 14.968,00 6189
996 150,16 1,15 1,67 115,00 14.983,00 6189
997 150,16 1,15 1,67 115,00 14.998,00 6189
998 150,16 1,15 1,67 115,00 15.013,00 6189
999 150,16 1,15 1,67 115,00 15.028,00 6189
