500
0 429,78 429,78 429,78 1,00 98,00 0 0
1 429,78 429,78 429,78 1,00 93,00 2034 0
2 429,78 429,78 123,95 1,00 91,00 5373 0
3 429,78 429,78 162,31 2,00 89,00 8224 0
4 429,78 429,78 189,39 1,00 87,00 10634 0
5 429,78 429,78 209,72 1,00 86,00 12916 0
6 429,78 429,78 246,19 3,00 84,00 15418 0
7 429,78 429,78 257,93 1,00 81,00 17536 0
8 429,78 429,78 260,97 1,00 81,00 19639 0
9 429,78 429,78 288,55 1,00 81,00 21808 0
10 429,78 429,78 253,66 1,00 79,00 23907 0
11 429,78 429,78 223,88 1,00 75,00 25930 0
12 429,78 429,78 215,64 1,00 69,00 27892 0
13 429,78 429,78 228,34 1,00 63,00 29850 0
14 429,78 7,54 5,21 149,00 57,00 31599 0
15 429,78 7,54 2,69 299,00 12,00 33497 0
16 429,78 7,54 5,32 461,00 12,00 35789 0
17 429,78 7,54 4,34 615,00 12,00 37955 0
18 429,78 22.026,19 12.315,99 415,00 12,00 39952 0
19 429,78 22.026,19 19.462,56 215,00 23,00 41766 0
20 429,78 22.026,19 20.881,01 15,00 34,00 43660 0
21 429,78 22.026,19 19.482,92 1,00 34,00 45373 0
22 429,78 22.026,19 18.168,06 1,00 34,00 47124 0
23 429,78 22.026,19 25.698,37 1,00 34,00 48807 0
24 429,78 22.026,19 21.606,92 1,00 34,00 50463 0
25 429,78 22.026,19 23.840,00 1,00 34,00 52047 0
26 429,78 22.026,19 24.969,51 1,00 34,00 53795 0
27 429,78 22.026,19 21.276,05 1,00 34,00 55520 0
28 429,78 22.026,19 18.635,24 1,00 34,00 57190 0
29 429,78 22.026,19 25.837,38 1,00 34,00 58778 0
30 429,78 22.026,19 23.471,14 1,00 34,00 60394 0
31 429,78 22.026,19 20.230,55 1,00 34,00 62105 0
32 429,78 22.026,19 18.356,35 1,00 34,00 63934 0
33 429,78 22.026,19 17.652,62 1,00 34,00 65556 0
34 429,78 22.026,19 17.997,88 1,00 34,00 67081 0
35 429,78 22.026,19 19.129,77 1,00 34,00 68549 0
36 429,78 22.026,19 18.288,29 1,00 34,00 69881 0
37 429,78 22.026,19 17.573,15 1,00 34,00 71145 0
38 429,78 22.026,19 16.678,10 1,00 34,00 72579 0
39 429,78 22.026,19 15.789,10 1,00 34,00 74208 0
40 429,78 22.026,19 15.202,63 1,00 34,00 75718 0
41 429,78 22.026,19 11.987,19 1,00 34,00 77166 0
42 429,78 22.026,19 17.729,88 1,00 34,00 78878 0
43 429,78 22.026,19 16.569,12 1,00 34,00 80555 0
44 429,78 22.026,19 17.073,83 1,00 34,00 81773 0
45 429,78 22.026,19 16.976,92 1,00 34,00 83109 0
46 429,78 22.026,19 17.097,97 1,00 34,00 84434 0
47 429,78 22.026,19 17.312,51 1,00 34,00 85600 0
48 429,78 12,64 9,79 19,00 34,00 87143 0
49 429,78 12,64 9,80 17,00 12,00 88485 0
50 429,78 608,85 467,03 1,00 12,00 89667 0
51 429,78 608,85 554,33 1,00 12,00 91101 0
52 429,78 608,85 599,66 1,00 12,00 92490 0
53 429,78 608,85 592,41 1,00 11,00 93718 0
54 429,78 608,85 598,84 1,00 11,00 94913 0
55 429,78 608,85 605,50 1,00 9,00 96246 0
56 429,78 608,85 642,25 1,00 9,00 97603 0
57 429,78 608,85 635,37 1,00 9,00 98885 0
58 429,78 608,85 647,57 1,00 9,00 100402 0
59 429,78 608,85 639,73 1,00 9,00 101741 0
60 429,78 608,85 663,51 1,00 9,00 103074 0
61 429,78 608,85 643,23 1,00 9,00 104418 0
62 429,78 608,85 635,36 1,00 8,00 105536 0
63 429,78 608,85 637,34 1,00 7,00 106810 0
64 429,78 608,85 649,41 1,00 7,00 108412 0
65 429,78 608,85 613,56 1,00 7,00 110148 0
66 429,78 608,85 614,44 1,00 7,00 111691 0
67 429,78 608,85 605,01 1,00 7,00 113010 0
68 429,78 608,85 574,81 1,00 7,00 114244 0
69 429,78 608,85 593,48 1,00 7,00 115821 0
70 429,78 608,85 572,09 1,00 7,00 117266 0
71 429,78 608,85 590,37 1,00 7,00 118561 0
72 429,78 608,85 572,48 1,00 7,00 120013 0
73 429,78 608,85 571,14 1,00 7,00 121298 0
74 429,78 608,85 579,81 1,00 7,00 122549 0
75 429,78 61,40 58,62 1,00 7,00 123751 0
76 429,78 61,40 57,58 1,00 1,00 124905 0
77 429,78 61,40 57,45 1,00 1,00 125986 0
78 429,78 61,40 56,07 1,00 1,00 127318 0
79 429,78 61,40 54,86 1,00 1,00 128543 0
80 429,78 61,40 58,44 2,00 1,00 130074 0
81 429,78 61,40 54,47 3,00 12,00 131439 0
82 429,78 107,44 122,15 1,00 12,00 132580 0
83 429,78 107,44 118,20 1,00 3,00 133739 0
84 429,78 107,44 113,66 1,00 1,00 134818 0
85 429,78 107,44 106,57 1,00 1,00 135948 0
86 429,78 107,44 111,71 1,00 1,00 136970 0
87 429,78 107,44 109,36 1,00 1,00 138018 0
88 429,78 107,44 109,98 1,00 1,00 139066 0
89 429,78 107,44 110,27 1,00 1,00 139999 0
90 429,78 107,44 108,76 1,00 1,00 141020 0
91 429,78 107,44 109,46 1,00 1,00 142167 0
92 429,78 107,44 108,15 1,00 1,00 143191 0
93 429,78 107,44 106,71 1,00 1,00 144073 0
94 429,78 107,44 113,32 2,00 1,00 145023 0
95 429,78 107,44 114,83 1,00 12,00 146050 0
96 429,78 107,44 116,99 1,00 1,00 147033 0
97 429,78 107,44 115,35 1,00 1,00 148185 0
98 429,78 107,44 111,94 2,00 1,00 149496 0
99 429,78 107,44 105,89 4,00 12,00 150789 0
100 429,78 107,44 106,46 1,00 12,00 151913 0
101 429,78 429,78 424,35 1,00 1,00 152923 0
102 429,78 429,78 428,27 1,00 1,00 154100 0
103 429,78 429,78 404,35 1,00 1,00 155304 0
104 429,78 429,78 405,52 1,00 1,00 156501 0
105 429,78 429,78 415,88 1,00 1,00 157770 0
106 429,78 429,78 425,83 1,00 1,00 159019 0
107 429,78 429,78 422,85 1,00 1,00 160099 0
108 429,78 429,78 414,11 1,00 1,00 161070 0
109 429,78 429,78 414,28 1,00 1,00 161897 0
110 429,78 429,78 417,25 1,00 1,00 162626 0
111 429,78 429,78 414,15 1,00 1,00 163252 0
112 429,78 429,78 416,06 1,00 1,00 163915 0
113 429,78 429,78 414,17 1,00 1,00 164484 0
114 429,78 429,78 417,70 1,00 1,00 165028 0
115 429,78 429,78 421,74 1,00 1,00 165663 0
116 429,78 429,78 429,27 1,00 1,00 166330 0
117 429,78 429,78 436,16 1,00 1,00 166906 0
118 429,78 429,78 436,59 1,00 1,00 167421 0
119 429,78 429,78 440,26 1,00 1,00 168035 0
120 429,78 429,78 438,54 1,00 1,00 168861 0
121 429,78 429,78 443,41 1,00 1,00 169578 0
122 429,78 429,78 443,55 1,00 1,00 170224 0
123 429,78 429,78 445,64 1,00 1,00 170893 0
124 429,78 429,78 441,31 1,00 1,00 171582 0
125 429,78 429,78 441,73 1,00 1,00 172216 0
126 429,78 429,78 450,50 1,00 1,00 172756 0
127 429,78 429,78 454,70 1,00 1,00 173305 0
128 429,78 429,78 454,07 1,00 1,00 173840 0
129 429,78 429,78 450,08 1,00 1,00 174427 0
130 429,78 429,78 450,51 1,00 1,00 175026 0
131 429,78 429,78 454,71 1,00 1,00 175704 0
132 429,78 429,78 453,92 1,00 1,00 176270 0
133 429,78 429,78 462,07 1,00 1,00 176881 0
134 429,78 429,78 458,12 1,00 1,00 177431 0
135 429,78 429,78 457,31 1,00 1,00 178005 0
136 429,78 429,78 459,98 1,00 1,00 178566 0
137 429,78 429,78 452,92 1,00 1,00 179265 0
138 429,78 429,78 460,28 1,00 1,00 179894 0
139 429,78 429,78 464,60 1,00 1,00 180482 0
140 429,78 429,78 471,58 1,00 1,00 181063 0
141 429,78 429,78 461,35 1,00 1,00 181637 0
142 429,78 429,78 453,55 1,00 1,00 182152 0
143 429,78 429,78 452,68 1,00 1,00 182626 0
144 429,78 429,78 452,26 1,00 1,00 183097 0
145 429,78 429,78 445,73 1,00 1,00 183576 0
146 429,78 429,78 446,79 1,00 1,00 184032 0
147 429,78 429,78 445,17 1,00 1,00 184511 0
148 429,78 429,78 445,95 1,00 1,00 184974 0
149 429,78 429,78 443,48 1,00 1,00 185531 0
150 429,78 429,78 439,28 1,00 1,00 186058 0
151 429,78 429,78 440,76 1,00 1,00 186631 0
152 429,78 429,78 446,59 1,00 1,00 187173 0
153 429,78 429,78 452,05 1,00 1,00 187653 0
154 429,78 429,78 457,65 1,00 1,00 188087 0
155 429,78 429,78 463,76 1,00 1,00 188478 0
156 429,78 429,78 464,06 1,00 1,00 188781 0
157 429,78 429,78 461,46 1,00 1,00 189113 0
158 429,78 429,78 464,49 1,00 1,00 189431 0
159 429,78 429,78 461,62 1,00 1,00 189747 0
160 429,78 429,78 462,11 1,00 1,00 190001 0
161 429,78 429,78 461,98 1,00 1,00 190235 0
162 429,78 429,78 457,95 1,00 1,00 190426 0
163 429,78 429,78 458,59 1,00 1,00 190604 0
164 429,78 429,78 459,19 1,00 1,00 190779 0
165 429,78 429,78 460,09 1,00 1,00 191045 0
166 429,78 429,78 460,57 1,00 1,00 191280 0
167 429,78 429,78 460,75 1,00 1,00 191593 0
168 429,78 429,78 462,24 1,00 1,00 192025 0
169 429,78 429,78 458,33 1,00 1,00 192568 0
170 429,78 429,78 456,80 1,00 1,00 193073 0
171 429,78 429,78 456,91 1,00 1,00 193588 0
172 429,78 429,78 456,22 1,00 1,00 194218 0
173 429,78 429,78 455,33 1,00 1,00 194884 0
174 429,78 429,78 449,27 1,00 1,00 195676 0
175 429,78 429,78 448,12 1,00 1,00 196337 0
176 429,78 429,78 446,73 1,00 1,00 196899 0
177 429,78 429,78 447,79 1,00 1,00 197325 0
178 429,78 429,78 445,98 1,00 1,00 197802 0
179 429,78 429,78 446,92 1,00 1,00 198275 0
180 429,78 429,78 441,83 1,00 1,00 198921 0
181 429,78 429,78 439,76 1,00 1,00 199549 0
182 429,78 429,78 435,24 1,00 1,00 200208 0
183 429,78 429,78 431,54 1,00 1,00 201052 0
184 429,78 429,78 435,89 1,00 1,00 201970 0
185 429,78 429,78 440,14 1,00 1,00 202680 0
186 429,78 429,78 447,86 1,00 1,00 203342 0
187 429,78 429,78 435,57 1,00 1,00 203905 0
188 429,78 429,78 440,94 1,00 1,00 204414 0
189 429,78 429,78 442,38 1,00 1,00 205267 0
190 429,78 429,78 446,60 1,00 1,00 206148 0
191 429,78 429,78 442,92 1,00 1,00 207071 0
192 429,78 429,78 439,50 1,00 1,00 207853 0
193 429,78 429,78 442,90 1,00 1,00 208707 0
194 429,78 429,78 449,19 1,00 1,00 209442 0
195 429,78 429,78 443,35 1,00 1,00 210092 0
196 429,78 429,78 443,20 1,00 1,00 210836 0
197 429,78 429,78 449,33 1,00 1,00 211520 0
198 429,78 429,78 440,90 1,00 1,00 212143 0
199 429,78 429,78 447,63 1,00 1,00 212798 0
200 429,78 429,78 446,37 1,00 1,00 213398 0
201 429,78 429,78 443,62 1,00 1,00 213972 0
202 429,78 429,78 444,77 1,00 1,00 214446 0
203 429,78 429,78 444,44 1,00 1,00 214886 0
204 429,78 429,78 437,26 1,00 1,00 215331 0
205 429,78 429,78 442,79 1,00 1,00 215711 0
206 429,78 429,78 443,82 1,00 1,00 216069 0
207 429,78 429,78 443,62 1,00 1,00 216426 0
208 429,78 429,78 443,40 1,00 1,00 216691 0
209 429,78 429,78 435,04 1,00 1,00 216851 0
210 429,78 429,78 440,39 1,00 1,00 217021 0
211 429,78 429,78 437,55 1,00 1,00 217235 0
212 429,78 429,78 434,80 1,00 1,00 217428 0
213 429,78 429,78 438,58 1,00 1,00 217613 0
214 429,78 429,78 435,60 1,00 1,00 217786 0
215 429,78 429,78 435,60 1,00 1,00 218014 0
216 429,78 429,78 432,65 1,00 1,00 218241 0
217 429,78 429,78 432,50 1,00 1,00 218632 0
218 429,78 429,78 428,72 1,00 1,00 219065 0
219 429,78 429,78 426,01 1,00 1,00 219510 0
220 429,78 429,78 429,08 1,00 1,00 219834 0
221 429,78 429,78 428,62 1,00 1,00 220118 0
222 429,78 429,78 430,03 1,00 1,00 220457 0
223 429,78 429,78 427,38 1,00 1,00 220780 0
224 429,78 429,78 427,90 1,00 1,00 221084 0
225 429,78 429,78 426,79 1,00 1,00 221368 0
226 429,78 429,78 423,95 1,00 1,00 221678 0
227 429,78 429,78 424,10 1,00 1,00 222006 0
228 429,78 429,78 424,06 1,00 1,00 222403 0
229 429,78 429,78 422,81 1,00 1,00 222737 0
230 429,78 429,78 423,35 1,00 1,00 223035 0
231 429,78 429,78 423,66 1,00 1,00 223321 0
232 429,78 429,78 424,32 1,00 1,00 223592 0
233 429,78 429,78 424,41 1,00 1,00 223825 0
234 429,78 429,78 424,49 1,00 1,00 224068 0
235 429,78 429,78 424,50 1,00 1,00 224238 0
236 429,78 429,78 424,44 1,00 1,00 224458 0
237 429,78 429,78 424,15 1,00 1,00 224715 0
238 429,78 429,78 423,90 1,00 1,00 224963 0
239 429,78 429,78 423,96 1,00 1,00 225171 0
240 429,78 429,78 423,99 1,00 1,00 225419 0
241 429,78 429,78 424,14 1,00 1,00 225651 0
242 429,78 429,78 424,16 1,00 1,00 225874 0
243 429,78 429,78 424,17 1,00 1,00 226049 0
244 429,78 429,78 424,31 1,00 1,00 226240 0
245 429,78 429,78 424,27 1,00 1,00 226509 0
246 429,78 429,78 424,10 1,00 1,00 226809 0
247 429,78 429,78 423,98 1,00 1,00 227215 0
248 429,78 429,78 425,52 1,00 1,00 227639 0
249 429,78 429,78 426,49 1,00 1,00 228105 0
250 429,78 429,78 425,60 1,00 1,00 228636 0
251 429,78 429,78 425,13 1,00 1,00 229213 0
252 429,78 429,78 425,15 1,00 1,00 229674 0
253 429,78 429,78 425,97 1,00 1,00 230044 0
254 429,78 429,78 422,90 1,00 1,00 230450 0
255 429,78 429,78 425,86 1,00 1,00 230803 0
256 429,78 429,78 426,30 1,00 1,00 231184 0
257 429,78 429,78 426,10 1,00 1,00 231585 0
258 429,78 429,78 426,12 1,00 1,00 232098 0
259 429,78 429,78 426,28 1,00 1,00 232617 0
260 429,78 429,78 423,75 1,00 1,00 233264 0
261 429,78 429,78 423,18 1,00 1,00 233979 0
262 429,78 429,78 427,17 1,00 1,00 234613 0
263 429,78 429,78 426,83 1,00 1,00 235212 0
264 429,78 429,78 429,23 1,00 1,00 235817 0
265 429,78 429,78 428,05 1,00 1,00 236398 0
266 429,78 429,78 429,25 1,00 1,00 236895 0
267 429,78 429,78 429,61 1,00 1,00 237510 0
268 429,78 429,78 428,27 1,00 1,00 238092 0
269 429,78 429,78 430,32 1,00 1,00 238725 0
270 429,78 429,78 428,64 1,00 1,00 239224 0
271 429,78 429,78 428,94 1,00 1,00 239797 0
272 429,78 429,78 429,78 1,00 1,00 240308 0
273 429,78 429,78 426,30 1,00 1,00 240800 0
274 429,78 429,78 423,26 1,00 1,00 241319 0
275 429,78 429,78 419,76 1,00 1,00 241758 0
276 429,78 429,78 420,12 1,00 1,00 242166 0
277 429,78 429,78 419,26 1,00 1,00 242581 0
278 429,78 429,78 414,00 1,00 1,00 242909 0
279 429,78 429,78 411,71 1,00 1,00 243219 0
280 429,78 429,78 408,32 1,00 1,00 243464 0
281 429,78 429,78 408,40 1,00 1,00 243676 0
282 429,78 429,78 410,12 1,00 1,00 243930 0
283 429,78 429,78 409,86 1,00 1,00 244170 0
284 429,78 429,78 408,62 1,00 1,00 244381 0
285 429,78 429,78 408,34 1,00 1,00 244581 0
286 429,78 429,78 408,32 1,00 1,00 244881 0
287 429,78 429,78 413,01 1,00 1,00 245197 0
288 429,78 429,78 416,58 1,00 1,00 245608 0
289 429,78 429,78 419,13 1,00 1,00 246088 0
290 429,78 429,78 424,10 1,00 1,00 246639 0
291 429,78 429,78 423,92 1,00 1,00 247156 0
292 429,78 429,78 424,69 1,00 1,00 247714 0
293 429,78 429,78 426,33 1,00 1,00 248241 0
294 429,78 429,78 428,47 1,00 1,00 248810 0
295 429,78 429,78 427,92 1,00 1,00 249419 0
296 429,78 429,78 426,37 1,00 1,00 250007 0
297 429,78 429,78 423,25 1,00 1,00 250497 0
298 429,78 429,78 427,40 1,00 1,00 250954 0
299 429,78 429,78 424,57 1,00 1,00 251457 0
300 429,78 429,78 428,35 1,00 1,00 251857 0
301 429,78 429,78 426,76 1,00 1,00 252267 0
302 429,78 429,78 428,56 1,00 1,00 252574 0
303 429,78 429,78 430,67 1,00 1,00 252830 0
304 429,78 429,78 426,05 1,00 1,00 253107 0
305 429,78 429,78 429,29 1,00 1,00 253377 0
306 429,78 429,78 430,34 1,00 1,00 253614 0
307 429,78 429,78 431,28 1,00 1,00 253802 0
308 429,78 429,78 434,68 1,00 1,00 254049 0
309 429,78 429,78 431,53 1,00 1,00 254401 0
310 429,78 429,78 431,73 1,00 1,00 254778 0
311 429,78 429,78 431,89 1,00 1,00 255271 0
312 429,78 429,78 428,21 1,00 1,00 255757 0
313 429,78 429,78 428,96 1,00 1,00 256168 0
314 429,78 429,78 427,62 1,00 1,00 256672 0
315 429,78 429,78 425,08 1,00 1,00 257185 0
316 429,78 429,78 427,93 1,00 1,00 257712 0
317 429,78 429,78 425,78 1,00 1,00 258122 0
318 429,78 429,78 426,38 1,00 1,00 258667 0
319 429,78 429,78 426,13 1,00 1,00 259142 0
320 429,78 429,78 425,85 1,00 1,00 259646 0
321 429,78 429,78 427,19 1,00 1,00 260162 0
322 429,78 429,78 426,33 1,00 1,00 260676 0
323 429,78 429,78 427,02 1,00 1,00 261138 0
324 429,78 429,78 428,05 1,00 1,00 261651 0
325 429,78 429,78 426,86 1,00 1,00 262097 0
326 429,78 429,78 426,12 1,00 1,00 262489 0
327 429,78 429,78 427,08 1,00 1,00 262843 0
328 429,78 429,78 428,12 1,00 1,00 263159 0
329 429,78 429,78 428,48 1,00 1,00 263421 0
330 429,78 429,78 429,09 1,00 1,00 263619 0
331 429,78 429,78 429,22 1,00 1,00 263843 0
332 429,78 429,78 429,41 1,00 1,00 264118 0
333 429,78 429,78 429,47 1,00 1,00 264399 0
334 429,78 429,78 429,93 1,00 1,00 264633 0
335 429,78 429,78 429,66 1,00 1,00 264897 0
336 429,78 429,78 430,63 1,00 1,00 265071 0
337 429,78 429,78 429,45 1,00 1,00 265325 0
338 429,78 429,78 429,81 1,00 1,00 265624 0
339 429,78 429,78 429,97 1,00 1,00 265881 0
340 429,78 429,78 429,78 1,00 1,00 266159 0
341 429,78 429,78 429,57 1,00 1,00 266407 0
342 429,78 429,78 429,87 1,00 1,00 266608 0
343 429,78 429,78 429,48 1,00 1,00 266826 0
344 429,78 429,78 429,60 1,00 1,00 267021 0
345 429,78 429,78 429,31 1,00 1,00 267267 0
346 429,78 429,78 429,35 1,00 1,00 267522 0
347 429,78 429,78 429,29 1,00 1,00 267800 0
348 429,78 429,78 429,23 1,00 1,00 267983 0
349 429,78 429,78 429,33 1,00 1,00 268149 0
350 429,78 429,78 429,02 1,00 1,00 268298 0
351 429,78 429,78 429,27 1,00 1,00 268420 0
352 429,78 429,78 429,22 1,00 1,00 268528 0
353 429,78 429,78 429,23 1,00 1,00 268604 0
354 429,78 429,78 429,07 1,00 1,00 268675 0
355 429,78 429,78 429,02 1,00 1,00 268771 0
356 429,78 429,78 428,81 1,00 1,00 268866 0
357 429,78 429,78 428,66 1,00 1,00 268992 0
358 429,78 429,78 428,83 1,00 1,00 269085 0
359 429,78 429,78 428,76 1,00 1,00 269183 0
360 429,78 429,78 428,85 1,00 1,00 269292 0
361 429,78 429,78 428,98 1,00 1,00 269492 0
362 429,78 429,78 428,76 1,00 1,00 269676 0
363 429,78 429,78 428,99 1,00 1,00 269862 0
364 429,78 429,78 428,98 1,00 1,00 270024 0
365 429,78 429,78 428,68 1,00 1,00 270194 0
366 429,78 429,78 429,05 1,00 1,00 270340 0
367 429,78 429,78 428,84 1,00 1,00 270507 0
368 429,78 429,78 428,99 1,00 1,00 270654 0
369 429,78 429,78 428,98 1,00 1,00 270777 0
370 429,78 429,78 429,04 1,00 1,00 270904 0
371 429,78 429,78 429,10 1,00 1,00 271036 0
372 429,78 429,78 428,93 1,00 1,00 271172 0
373 429,78 429,78 429,04 1,00 1,00 271283 0
374 429,78 429,78 428,97 1,00 1,00 271382 0
375 429,78 429,78 429,05 1,00 1,00 271457 0
376 429,78 429,78 429,03 1,00 1,00 271539 0
377 429,78 429,78 429,06 1,00 1,00 271646 0
378 429,78 429,78 429,14 1,00 1,00 271773 0
379 429,78 429,78 429,09 1,00 1,00 271893 0
380 429,78 429,78 428,94 1,00 1,00 272037 0
381 429,78 429,78 429,01 1,00 1,00 272202 0
382 429,78 429,78 428,93 1,00 1,00 272338 0
383 429,78 429,78 428,94 1,00 1,00 272459 0
384 429,78 429,78 428,88 1,00 1,00 272592 0
385 429,78 429,78 428,90 1,00 1,00 272715 0
386 429,78 429,78 428,96 1,00 1,00 272819 0
387 429,78 429,78 429,04 1,00 1,00 272909 0
388 429,78 429,78 429,04 1,00 1,00 272984 0
389 429,78 429,78 429,00 1,00 1,00 273060 0
390 429,78 429,78 429,00 1,00 1,00 273130 0
391 429,78 429,78 429,03 1,00 1,00 273200 0
392 429,78 429,78 429,06 1,00 1,00 273255 0
393 429,78 429,78 428,97 1,00 1,00 273325 0
394 429,78 429,78 428,98 1,00 1,00 273396 0
395 429,78 429,78 428,99 1,00 1,00 273468 0
396 429,78 429,78 428,99 1,00 1,00 273534 0
397 429,78 429,78 428,98 1,00 1,00 273607 0
398 429,78 429,78 428,99 1,00 1,00 273669 0
399 429,78 429,78 429,00 1,00 1,00 273741 0
400 429,78 429,78 429,02 1,00 1,00 273814 0
401 429,78 429,78 429,00 1,00 1,00 273888 0
402 429,78 429,78 428,98 1,00 1,00 273977 0
403 429,78 429,78 429,00 1,00 1,00 274059 0
404 429,78 429,78 429,00 1,00 1,00 274169 0
405 429,78 429,78 429,00 1,00 1,00 274272 0
406 429,78 429,78 428,95 1,00 1,00 274391 0
407 429,78 429,78 428,94 1,00 1,00 274514 0
408 429,78 429,78 429,00 1,00 1,00 274605 0
409 429,78 429,78 428,99 1,00 1,00 274690 0
410 429,78 429,78 428,96 1,00 1,00 274777 0
411 429,78 429,78 428,95 1,00 1,00 274881 0
412 429,78 429,78 428,98 1,00 1,00 274988 0
413 429,78 429,78 428,93 1,00 1,00 275096 0
414 429,78 429,78 428,93 1,00 1,00 275203 0
415 429,78 429,78 428,90 1,00 1,00 275294 0
416 429,78 429,78 428,90 1,00 1,00 275366 0
417 429,78 429,78 428,86 1,00 1,00 275439 0
418 429,78 429,78 428,87 1,00 1,00 275506 0
419 429,78 429,78 428,88 1,00 1,00 275568 0
420 429,78 429,78 428,86 1,00 1,00 275608 0
421 429,78 429,78 428,85 1,00 1,00 275655 0
422 429,78 429,78 428,84 1,00 1,00 275694 0
423 429,78 429,78 428,87 1,00 1,00 275738 0
424 429,78 429,78 428,90 1,00 1,00 275786 0
425 429,78 429,78 428,93 1,00 1,00 275834 0
426 429,78 429,78 428,97 1,00 1,00 275905 0
427 429,78 429,78 428,91 1,00 1,00 275978 0
428 429,78 429,78 428,93 1,00 1,00 276040 0
429 429,78 429,78 428,94 1,00 1,00 276089 0
430 429,78 429,78 428,95 1,00 1,00 276136 0
431 429,78 429,78 428,93 1,00 1,00 276202 0
432 429,78 429,78 428,94 1,00 1,00 276263 0
433 429,78 429,78 428,94 1,00 1,00 276339 0
434 429,78 429,78 428,91 1,00 1,00 276430 0
435 429,78 429,78 428,90 1,00 1,00 276471 0
436 429,78 429,78 428,95 1,00 1,00 276551 0
437 429,78 429,78 428,92 1,00 1,00 276623 0
438 429,78 429,78 428,96 1,00 1,00 276703 0
439 429,78 429,78 428,94 1,00 1,00 276776 0
440 429,78 429,78 428,96 1,00 1,00 276831 0
441 429,78 429,78 428,98 1,00 1,00 276912 0
442 429,78 429,78 428,97 1,00 1,00 276981 0
443 429,78 429,78 428,97 1,00 1,00 277029 0
444 429,78 429,78 428,99 1,00 1,00 277094 0
445 429,78 429,78 428,97 1,00 1,00 277155 0
446 429,78 429,78 428,96 1,00 1,00 277209 0
447 429,78 429,78 428,96 1,00 1,00 277276 0
448 429,78 429,78 428,95 1,00 1,00 277346 0
449 429,78 429,78 428,96 1,00 1,00 277419 0
450 429,78 429,78 428,95 1,00 1,00 277480 0
451 429,78 429,78 428,96 1,00 1,00 277546 0
452 429,78 429,78 428,95 1,00 1,00 277633 0
453 429,78 429,78 428,95 1,00 1,00 277699 0
454 429,78 429,78 428,95 1,00 1,00 277753 0
455 429,78 429,78 428,95 1,00 1,00 277794 0
456 429,78 429,78 428,97 1,00 1,00 277831 0
457 429,78 429,78 428,98 1,00 1,00 277866 0
458 429,78 429,78 428,97 1,00 1,00 277907 0
459 429,78 429,78 428,97 1,00 1,00 277956 0
460 429,78 429,78 428,97 1,00 1,00 278010 0
461 429,78 429,78 428,96 1,00 1,00 278052 0
462 429,78 429,78 428,96 1,00 1,00 278092 0
463 429,78 429,78 428,96 1,00 1,00 278136 0
464 429,78 429,78 428,97 1,00 1,00 278171 0
465 429,78 429,78 428,97 1,00 1,00 278215 0
466 429,78 429,78 428,97 1,00 1,00 278256 0
467 429,78 429,78 428,97 1,00 1,00 278310 0
468 429,78 429,78 428,97 1,00 1,00 278372 0
469 429,78 429,78 428,96 1,00 1,00 278422 0
470 429,78 429,78 428,96 1,00 1,00 278480 0
471 429,78 429,78 428,96 1,00 1,00 278532 0
472 429,78 429,78 428,96 1,00 1,00 278583 0
473 429,78 429,78 428,95 1,00 1,00 278628 0
474 429,78 429,78 428,96 1,00 1,00 278661 0
475 429,78 429,78 428,95 1,00 1,00 278697 0
476 429,78 429,78 428,95 1,00 1,00 278747 0
477 429,78 429,78 428,96 1,00 1,00 278809 0
478 429,78 429,78 428,96 1,00 1,00 278860 0
479 429,78 429,78 428,96 1,00 1,00 278924 0
480 429,78 429,78 428,96 1,00 1,00 278971 0
481 429,78 429,78 428,97 1,00 1,00 279018 0
482 429,78 429,78 428,96 1,00 1,00 279043 0
483 429,78 429,78 428,97 1,00 1,00 279071 0
484 429,78 429,78 428,97 1,00 1,00 279098 0
485 429,78 429,78 428,97 1,00 1,00 279123 0
486 429,78 429,78 428,97 1,00 1,00 279191 0
487 429,78 429,78 428,97 1,00 1,00 279255 0
488 429,78 429,78 428,97 1,00 1,00 279281 0
489 429,78 429,78 428,96 1,00 1,00 279305 0
490 429,78 429,78 428,96 1,00 1,00 279344 0
491 429,78 429,78 428,96 1,00 1,00 279378 0
492 429,78 429,78 428,96 1,00 1,00 279421 0
493 429,78 429,78 428,97 1,00 1,00 279458 0
494 429,78 429,78 428,97 1,00 1,00 279509 0
495 429,78 429,78 428,96 1,00 1,00 279558 0
496 429,78 429,78 428,97 1,00 1,00 279608 0
497 429,78 429,78 428,96 1,00 1,00 279665 0
498 429,78 429,78 428,95 1,00 1,00 279720 0
499 429,78 429,78 428,95 1,00 1,00 279792 0
