500
0 270,28 270,28 270,28 1,00 18,00
1 270,28 0,00 0,00 1,00 10,00
2 270,28 1.351,39 1.351,39 99,00 18,00
3 270,28 0,00 0,00 1,00 27,00
4 270,28 540,56 540,56 99,00 35,00
5 270,28 0,00 0,00 1,00 44,00
6 270,28 270,28 270,28 99,00 52,00
7 270,28 0,00 0,00 1,00 61,00
8 270,28 270,28 270,28 99,00 69,00
9 270,28 0,00 0,00 1,00 78,00
10 270,28 270,28 270,28 99,00 86,00
11 270,28 0,00 0,00 1,00 95,00
12 270,28 0,00 0,00 99,00 103,00
13 270,28 270,28 270,28 197,00 111,00
14 270,28 0,00 0,00 97,00 120,00
15 270,28 270,28 270,28 195,00 128,00
16 270,28 0,00 0,00 95,00 137,00
17 270,28 270,28 270,28 193,00 145,00
18 270,28 0,00 0,00 93,00 154,00
19 270,28 270,28 270,28 191,00 162,00
20 270,28 0,00 0,00 91,00 171,00
21 270,28 270,28 270,28 189,00 179,00
22 270,28 0,00 0,00 89,00 188,00
23 270,28 0,00 0,00 187,00 196,00
24 270,28 270,28 270,28 285,00 204,00
25 270,28 0,00 0,00 185,00 213,00
26 270,28 270,28 270,28 283,00 221,00
27 270,28 0,00 0,00 183,00 230,00
28 270,28 270,28 270,28 281,00 238,00
29 270,28 0,00 0,00 181,00 247,00
30 270,28 270,28 270,28 279,00 255,00
31 270,28 0,00 0,00 179,00 264,00
32 270,28 270,28 270,28 277,00 272,00
33 270,28 0,00 0,00 177,00 281,00
34 270,28 0,00 0,00 275,00 284,00
35 270,28 270,28 270,28 373,00 292,00
36 270,28 0,00 0,00 273,00 301,00
37 270,28 270,28 270,28 371,00 309,00
38 270,28 0,00 0,00 271,00 318,00
39 270,28 270,28 270,28 369,00 326,00
40 270,28 0,00 0,00 269,00 335,00
41 270,28 270,28 270,28 367,00 343,00
42 270,28 0,00 0,00 267,00 352,00
43 270,28 270,28 270,28 365,00 360,00
44 270,28 0,00 0,00 265,00 369,00
45 270,28 0,00 0,00 363,00 372,00
46 270,28 270,28 270,28 461,00 380,00
47 270,28 0,00 0,00 361,00 389,00
48 270,28 270,28 270,28 459,00 397,00
49 270,28 0,00 0,00 359,00 406,00
50 270,28 270,28 270,28 457,00 414,00
51 270,28 0,00 0,00 357,00 423,00
52 270,28 270,28 270,28 455,00 431,00
53 270,28 0,00 0,00 355,00 440,00
54 270,28 270,28 270,28 453,00 448,00
55 270,28 0,00 0,00 353,00 457,00
56 270,28 0,00 0,00 451,00 460,00
57 270,28 270,28 270,28 549,00 468,00
58 270,28 0,00 0,00 449,00 477,00
59 270,28 270,28 270,28 547,00 485,00
60 270,28 0,00 0,00 447,00 494,00
61 270,28 270,28 270,28 545,00 502,00
62 270,28 0,00 0,00 445,00 511,00
63 270,28 270,28 270,28 543,00 519,00
64 270,28 0,00 0,00 443,00 528,00
65 270,28 270,28 270,28 541,00 536,00
66 270,28 0,00 0,00 441,00 545,00
67 270,28 0,00 0,00 539,00 548,00
68 270,28 270,28 270,28 637,00 556,00
69 270,28 0,00 0,00 537,00 565,00
70 270,28 270,28 270,28 635,00 573,00
71 270,28 0,00 0,00 535,00 582,00
72 270,28 270,28 270,28 633,00 590,00
73 270,28 0,00 0,00 533,00 599,00
74 270,28 270,28 270,28 631,00 607,00
75 270,28 0,00 0,00 531,00 616,00
76 270,28 270,28 270,28 629,00 624,00
77 270,28 0,00 0,00 529,00 633,00
78 270,28 0,00 0,00 627,00 636,00
79 270,28 270,28 270,28 725,00 644,00
80 270,28 0,00 0,00 625,00 653,00
81 270,28 270,28 270,28 723,00 661,00
82 270,28 0,00 0,00 623,00 670,00
83 270,28 270,28 270,28 721,00 678,00
84 270,28 0,00 0,00 621,00 687,00
85 270,28 270,28 270,28 719,00 695,00
86 270,28 0,00 0,00 619,00 704,00
87 270,28 270,28 270,28 717,00 712,00
88 270,28 0,00 0,00 617,00 721,00
89 270,28 0,00 0,00 715,00 724,00
90 270,28 270,28 270,28 813,00 732,00
91 270,28 0,00 0,00 713,00 741,00
92 270,28 270,28 270,28 811,00 749,00
93 270,28 0,00 0,00 711,00 758,00
94 270,28 270,28 270,28 809,00 766,00
95 270,28 0,00 0,00 709,00 775,00
96 270,28 270,28 270,28 807,00 783,00
97 270,28 0,00 0,00 707,00 792,00
98 270,28 270,28 270,28 805,00 800,00
99 270,28 0,00 0,00 705,00 809,00
100 270,28 0,00 0,00 803,00 812,00
101 270,28 270,28 270,28 901,00 820,00
102 270,28 0,00 0,00 801,00 829,00
103 270,28 270,28 270,28 899,00 837,00
104 270,28 0,00 0,00 799,00 846,00
105 270,28 270,28 270,28 897,00 854,00
106 270,28 0,00 0,00 797,00 863,00
107 270,28 270,28 270,28 895,00 871,00
108 270,28 0,00 0,00 795,00 880,00
109 270,28 270,28 270,28 893,00 888,00
110 270,28 0,00 0,00 793,00 897,00
111 270,28 0,00 0,00 891,00 900,00
112 270,28 270,28 270,28 989,00 908,00
113 270,28 0,00 0,00 889,00 917,00
114 270,28 270,28 270,28 987,00 925,00
115 270,28 0,00 0,00 887,00 934,00
116 270,28 270,28 270,28 985,00 942,00
117 270,28 0,00 0,00 885,00 951,00
118 270,28 270,28 270,28 983,00 959,00
119 270,28 0,00 0,00 883,00 968,00
120 270,28 270,28 270,28 981,00 976,00
121 270,28 0,00 0,00 881,00 985,00
122 270,28 0,00 0,00 979,00 988,00
123 270,28 270,28 270,28 1.077,00 996,00
124 270,28 0,00 0,00 977,00 1.005,00
125 270,28 270,28 270,28 1.075,00 1.013,00
126 270,28 0,00 0,00 975,00 1.022,00
127 270,28 270,28 270,28 1.073,00 1.030,00
128 270,28 0,00 0,00 973,00 1.039,00
129 270,28 270,28 270,28 1.071,00 1.047,00
130 270,28 0,00 0,00 971,00 1.056,00
131 270,28 270,28 270,28 1.069,00 1.064,00
132 270,28 0,00 0,00 969,00 1.073,00
133 270,28 0,00 0,00 1.067,00 1.076,00
134 270,28 270,28 270,28 1.165,00 1.084,00
135 270,28 0,00 0,00 1.065,00 1.093,00
136 270,28 270,28 270,28 1.163,00 1.101,00
137 270,28 0,00 0,00 1.063,00 1.110,00
138 270,28 270,28 270,28 1.161,00 1.118,00
139 270,28 0,00 0,00 1.061,00 1.127,00
140 270,28 270,28 270,28 1.159,00 1.135,00
141 270,28 0,00 0,00 1.059,00 1.144,00
142 270,28 270,28 270,28 1.157,00 1.152,00
143 270,28 0,00 0,00 1.057,00 1.161,00
144 270,28 0,00 0,00 1.155,00 1.164,00
145 270,28 270,28 270,28 1.253,00 1.172,00
146 270,28 0,00 0,00 1.153,00 1.181,00
147 270,28 270,28 270,28 1.251,00 1.189,00
148 270,28 0,00 0,00 1.151,00 1.198,00
149 270,28 270,28 270,28 1.249,00 1.206,00
150 270,28 0,00 0,00 1.149,00 1.215,00
151 270,28 270,28 270,28 1.247,00 1.223,00
152 270,28 0,00 0,00 1.147,00 1.232,00
153 270,28 270,28 270,28 1.245,00 1.240,00
154 270,28 0,00 0,00 1.145,00 1.249,00
155 270,28 0,00 0,00 1.243,00 1.252,00
156 270,28 270,28 270,28 1.341,00 1.260,00
157 270,28 0,00 0,00 1.241,00 1.269,00
158 270,28 270,28 270,28 1.339,00 1.277,00
159 270,28 0,00 0,00 1.239,00 1.286,00
160 270,28 270,28 270,28 1.337,00 1.294,00
161 270,28 0,00 0,00 1.237,00 1.303,00
162 270,28 270,28 270,28 1.335,00 1.311,00
163 270,28 0,00 0,00 1.235,00 1.320,00
164 270,28 270,28 270,28 1.333,00 1.328,00
165 270,28 0,00 0,00 1.233,00 1.337,00
166 270,28 0,00 0,00 1.331,00 1.340,00
167 270,28 270,28 270,28 1.429,00 1.348,00
168 270,28 0,00 0,00 1.329,00 1.357,00
169 270,28 270,28 270,28 1.427,00 1.365,00
170 270,28 0,00 0,00 1.327,00 1.374,00
171 270,28 270,28 270,28 1.425,00 1.382,00
172 270,28 0,00 0,00 1.325,00 1.391,00
173 270,28 270,28 270,28 1.423,00 1.399,00
174 270,28 0,00 0,00 1.323,00 1.408,00
175 270,28 270,28 270,28 1.421,00 1.416,00
176 270,28 0,00 0,00 1.321,00 1.425,00
177 270,28 0,00 0,00 1.419,00 1.428,00
178 270,28 270,28 270,28 1.517,00 1.436,00
179 270,28 0,00 0,00 1.417,00 1.445,00
180 270,28 270,28 270,28 1.515,00 1.453,00
181 270,28 0,00 0,00 1.415,00 1.462,00
182 270,28 270,28 270,28 1.513,00 1.470,00
183 270,28 0,00 0,00 1.413,00 1.479,00
184 270,28 270,28 270,28 1.511,00 1.487,00
185 270,28 0,00 0,00 1.411,00 1.496,00
186 270,28 270,28 270,28 1.509,00 1.504,00
187 270,28 0,00 0,00 1.409,00 1.513,00
188 270,28 0,00 0,00 1.507,00 1.516,00
189 270,28 270,28 270,28 1.605,00 1.524,00
190 270,28 0,00 0,00 1.505,00 1.533,00
191 270,28 270,28 270,28 1.603,00 1.541,00
192 270,28 0,00 0,00 1.503,00 1.550,00
193 270,28 270,28 270,28 1.601,00 1.558,00
194 270,28 0,00 0,00 1.501,00 1.567,00
195 270,28 270,28 270,28 1.599,00 1.575,00
196 270,28 0,00 0,00 1.499,00 1.584,00
197 270,28 270,28 270,28 1.597,00 1.592,00
198 270,28 0,00 0,00 1.497,00 1.601,00
199 270,28 0,00 0,00 1.595,00 1.604,00
200 270,28 270,28 270,28 1.693,00 1.612,00
201 270,28 0,00 0,00 1.593,00 1.621,00
202 270,28 270,28 270,28 1.691,00 1.629,00
203 270,28 0,00 0,00 1.591,00 1.638,00
204 270,28 270,28 270,28 1.689,00 1.646,00
205 270,28 0,00 0,00 1.589,00 1.655,00
206 270,28 270,28 270,28 1.687,00 1.663,00
207 270,28 0,00 0,00 1.587,00 1.672,00
208 270,28 270,28 270,28 1.685,00 1.680,00
209 270,28 0,00 0,00 1.585,00 1.689,00
210 270,28 0,00 0,00 1.683,00 1.692,00
211 270,28 270,28 270,28 1.781,00 1.700,00
212 270,28 0,00 0,00 1.681,00 1.709,00
213 270,28 270,28 270,28 1.779,00 1.717,00
214 270,28 0,00 0,00 1.679,00 1.726,00
215 270,28 270,28 270,28 1.777,00 1.734,00
216 270,28 0,00 0,00 1.677,00 1.743,00
217 270,28 270,28 270,28 1.775,00 1.751,00
218 270,28 0,00 0,00 1.675,00 1.760,00
219 270,28 270,28 270,28 1.773,00 1.768,00
220 270,28 0,00 0,00 1.673,00 1.777,00
221 270,28 0,00 0,00 1.771,00 1.780,00
222 270,28 270,28 270,28 1.869,00 1.788,00
223 270,28 0,00 0,00 1.769,00 1.797,00
224 270,28 270,28 270,28 1.867,00 1.805,00
225 270,28 0,00 0,00 1.767,00 1.814,00
226 270,28 270,28 270,28 1.865,00 1.822,00
227 270,28 0,00 0,00 1.765,00 1.831,00
228 270,28 270,28 270,28 1.863,00 1.839,00
229 270,28 0,00 0,00 1.763,00 1.848,00
230 270,28 270,28 270,28 1.861,00 1.856,00
231 270,28 0,00 0,00 1.761,00 1.865,00
232 270,28 0,00 0,00 1.859,00 1.868,00
233 270,28 270,28 270,28 1.957,00 1.876,00
234 270,28 0,00 0,00 1.857,00 1.885,00
235 270,28 270,28 270,28 1.955,00 1.893,00
236 270,28 0,00 0,00 1.855,00 1.902,00
237 270,28 270,28 270,28 1.953,00 1.910,00
238 270,28 0,00 0,00 1.853,00 1.919,00
239 270,28 270,28 270,28 1.951,00 1.927,00
240 270,28 0,00 0,00 1.851,00 1.936,00
241 270,28 270,28 270,28 1.949,00 1.944,00
242 270,28 0,00 0,00 1.849,00 1.953,00
243 270,28 0,00 0,00 1.947,00 1.956,00
244 270,28 270,28 270,28 2.045,00 1.964,00
245 270,28 0,00 0,00 1.945,00 1.973,00
246 270,28 270,28 270,28 2.043,00 1.981,00
247 270,28 0,00 0,00 1.943,00 1.990,00
248 270,28 270,28 270,28 2.041,00 1.998,00
249 270,28 0,00 0,00 1.941,00 2.007,00
250 270,28 270,28 270,28 2.039,00 2.015,00
251 270,28 0,00 0,00 1.939,00 2.024,00
252 270,28 270,28 270,28 2.037,00 2.032,00
253 270,28 0,00 0,00 1.937,00 2.041,00
254 270,28 0,00 0,00 2.035,00 2.044,00
255 270,28 270,28 270,28 2.133,00 2.052,00
256 270,28 0,00 0,00 2.033,00 2.061,00
257 270,28 270,28 270,28 2.131,00 2.069,00
258 270,28 0,00 0,00 2.031,00 2.078,00
259 270,28 270,28 270,28 2.129,00 2.086,00
260 270,28 0,00 0,00 2.029,00 2.095,00
261 270,28 270,28 270,28 2.127,00 2.103,00
262 270,28 0,00 0,00 2.027,00 2.112,00
263 270,28 270,28 270,28 2.125,00 2.120,00
264 270,28 0,00 0,00 2.025,00 2.129,00
265 270,28 0,00 0,00 2.123,00 2.132,00
266 270,28 270,28 270,28 2.221,00 2.140,00
267 270,28 0,00 0,00 2.121,00 2.149,00
268 270,28 270,28 270,28 2.219,00 2.157,00
269 270,28 0,00 0,00 2.119,00 2.166,00
270 270,28 270,28 270,28 2.217,00 2.174,00
271 270,28 0,00 0,00 2.117,00 2.183,00
272 270,28 270,28 270,28 2.215,00 2.191,00
273 270,28 0,00 0,00 2.115,00 2.200,00
274 270,28 270,28 270,28 2.213,00 2.208,00
275 270,28 0,00 0,00 2.113,00 2.217,00
276 270,28 0,00 0,00 2.211,00 2.220,00
277 270,28 270,28 270,28 2.309,00 2.228,00
278 270,28 0,00 0,00 2.209,00 2.237,00
279 270,28 270,28 270,28 2.307,00 2.245,00
280 270,28 0,00 0,00 2.207,00 2.254,00
281 270,28 270,28 270,28 2.305,00 2.262,00
282 270,28 0,00 0,00 2.205,00 2.271,00
283 270,28 270,28 270,28 2.303,00 2.279,00
284 270,28 0,00 0,00 2.203,00 2.288,00
285 270,28 270,28 270,28 2.301,00 2.296,00
286 270,28 0,00 0,00 2.201,00 2.305,00
287 270,28 0,00 0,00 2.299,00 2.308,00
288 270,28 270,28 270,28 2.397,00 2.316,00
289 270,28 0,00 0,00 2.297,00 2.325,00
290 270,28 270,28 270,28 2.395,00 2.333,00
291 270,28 0,00 0,00 2.295,00 2.342,00
292 270,28 270,28 270,28 2.393,00 2.350,00
293 270,28 0,00 0,00 2.293,00 2.359,00
294 270,28 270,28 270,28 2.391,00 2.367,00
295 270,28 0,00 0,00 2.291,00 2.376,00
296 270,28 270,28 270,28 2.389,00 2.384,00
297 270,28 0,00 0,00 2.289,00 2.393,00
298 270,28 0,00 0,00 2.387,00 2.396,00
299 270,28 270,28 270,28 2.485,00 2.404,00
300 270,28 0,00 0,00 2.385,00 2.413,00
301 270,28 270,28 270,28 2.483,00 2.421,00
302 270,28 0,00 0,00 2.383,00 2.430,00
303 270,28 270,28 270,28 2.481,00 2.438,00
304 270,28 0,00 0,00 2.381,00 2.447,00
305 270,28 270,28 270,28 2.479,00 2.455,00
306 270,28 0,00 0,00 2.379,00 2.464,00
307 270,28 270,28 270,28 2.477,00 2.472,00
308 270,28 0,00 0,00 2.377,00 2.481,00
309 270,28 0,00 0,00 2.475,00 2.484,00
310 270,28 270,28 270,28 2.573,00 2.492,00
311 270,28 0,00 0,00 2.473,00 2.501,00
312 270,28 270,28 270,28 2.571,00 2.509,00
313 270,28 0,00 0,00 2.471,00 2.518,00
314 270,28 270,28 270,28 2.569,00 2.526,00
315 270,28 0,00 0,00 2.469,00 2.535,00
316 270,28 270,28 270,28 2.567,00 2.543,00
317 270,28 0,00 0,00 2.467,00 2.552,00
318 270,28 270,28 270,28 2.565,00 2.560,00
319 270,28 0,00 0,00 2.465,00 2.569,00
320 270,28 0,00 0,00 2.563,00 2.572,00
321 270,28 270,28 270,28 2.661,00 2.580,00
322 270,28 0,00 0,00 2.561,00 2.589,00
323 270,28 270,28 270,28 2.659,00 2.597,00
324 270,28 0,00 0,00 2.559,00 2.606,00
325 270,28 270,28 270,28 2.657,00 2.614,00
326 270,28 0,00 0,00 2.557,00 2.623,00
327 270,28 270,28 270,28 2.655,00 2.631,00
328 270,28 0,00 0,00 2.555,00 2.640,00
329 270,28 270,28 270,28 2.653,00 2.648,00
330 270,28 0,00 0,00 2.553,00 2.657,00
331 270,28 0,00 0,00 2.651,00 2.660,00
332 270,28 270,28 270,28 2.749,00 2.668,00
333 270,28 0,00 0,00 2.649,00 2.677,00
334 270,28 270,28 270,28 2.747,00 2.685,00
335 270,28 0,00 0,00 2.647,00 2.694,00
336 270,28 270,28 270,28 2.745,00 2.702,00
337 270,28 0,00 0,00 2.645,00 2.711,00
338 270,28 270,28 270,28 2.743,00 2.719,00
339 270,28 0,00 0,00 2.643,00 2.728,00
340 270,28 270,28 270,28 2.741,00 2.736,00
341 270,28 0,00 0,00 2.641,00 2.745,00
342 270,28 0,00 0,00 2.739,00 2.748,00
343 270,28 270,28 270,28 2.837,00 2.756,00
344 270,28 0,00 0,00 2.737,00 2.765,00
345 270,28 270,28 270,28 2.835,00 2.773,00
346 270,28 0,00 0,00 2.735,00 2.782,00
347 270,28 270,28 270,28 2.833,00 2.790,00
348 270,28 0,00 0,00 2.733,00 2.799,00
349 270,28 270,28 270,28 2.831,00 2.807,00
350 270,28 0,00 0,00 2.731,00 2.816,00
351 270,28 270,28 270,28 2.829,00 2.824,00
352 270,28 0,00 0,00 2.729,00 2.833,00
353 270,28 0,00 0,00 2.827,00 2.836,00
354 270,28 270,28 270,28 2.925,00 2.844,00
355 270,28 0,00 0,00 2.825,00 2.853,00
356 270,28 270,28 270,28 2.923,00 2.861,00
357 270,28 0,00 0,00 2.823,00 2.870,00
358 270,28 270,28 270,28 2.921,00 2.878,00
359 270,28 0,00 0,00 2.821,00 2.887,00
360 270,28 270,28 270,28 2.919,00 2.895,00
361 270,28 0,00 0,00 2.819,00 2.904,00
362 270,28 270,28 270,28 2.917,00 2.912,00
363 270,28 0,00 0,00 2.817,00 2.921,00
364 270,28 0,00 0,00 2.915,00 2.924,00
365 270,28 270,28 270,28 3.013,00 2.932,00
366 270,28 0,00 0,00 2.913,00 2.941,00
367 270,28 270,28 270,28 3.011,00 2.949,00
368 270,28 0,00 0,00 2.911,00 2.958,00
369 270,28 270,28 270,28 3.009,00 2.966,00
370 270,28 0,00 0,00 2.909,00 2.975,00
371 270,28 270,28 270,28 3.007,00 2.983,00
372 270,28 0,00 0,00 2.907,00 2.992,00
373 270,28 270,28 270,28 3.005,00 3.000,00
374 270,28 0,00 0,00 2.905,00 3.009,00
375 270,28 0,00 0,00 3.003,00 3.012,00
376 270,28 270,28 270,28 3.101,00 3.020,00
377 270,28 0,00 0,00 3.001,00 3.029,00
378 270,28 270,28 270,28 3.099,00 3.037,00
379 270,28 0,00 0,00 2.999,00 3.046,00
380 270,28 270,28 270,28 3.097,00 3.054,00
381 270,28 0,00 0,00 2.997,00 3.063,00
382 270,28 270,28 270,28 3.095,00 3.071,00
383 270,28 0,00 0,00 2.995,00 3.080,00
384 270,28 270,28 270,28 3.093,00 3.088,00
385 270,28 0,00 0,00 2.993,00 3.097,00
386 270,28 0,00 0,00 3.091,00 3.100,00
387 270,28 270,28 270,28 3.189,00 3.108,00
388 270,28 0,00 0,00 3.089,00 3.117,00
389 270,28 270,28 270,28 3.187,00 3.125,00
390 270,28 0,00 0,00 3.087,00 3.134,00
391 270,28 270,28 270,28 3.185,00 3.142,00
392 270,28 0,00 0,00 3.085,00 3.151,00
393 270,28 270,28 270,28 3.183,00 3.159,00
394 270,28 0,00 0,00 3.083,00 3.168,00
395 270,28 270,28 270,28 3.181,00 3.176,00
396 270,28 0,00 0,00 3.081,00 3.185,00
397 270,28 0,00 0,00 3.179,00 3.188,00
398 270,28 270,28 270,28 3.277,00 3.196,00
399 270,28 0,00 0,00 3.177,00 3.205,00
400 270,28 270,28 270,28 3.275,00 3.213,00
401 270,28 0,00 0,00 3.175,00 3.222,00
402 270,28 270,28 270,28 3.273,00 3.230,00
403 270,28 0,00 0,00 3.173,00 3.239,00
404 270,28 270,28 270,28 3.271,00 3.247,00
405 270,28 0,00 0,00 3.171,00 3.256,00
406 270,28 270,28 270,28 3.269,00 3.264,00
407 270,28 0,00 0,00 3.169,00 3.273,00
408 270,28 0,00 0,00 3.267,00 3.276,00
409 270,28 270,28 270,28 3.365,00 3.284,00
410 270,28 0,00 0,00 3.265,00 3.293,00
411 270,28 270,28 270,28 3.363,00 3.301,00
412 270,28 0,00 0,00 3.263,00 3.310,00
413 270,28 270,28 270,28 3.361,00 3.318,00
414 270,28 0,00 0,00 3.261,00 3.327,00
415 270,28 270,28 270,28 3.359,00 3.335,00
416 270,28 0,00 0,00 3.259,00 3.344,00
417 270,28 270,28 270,28 3.357,00 3.352,00
418 270,28 0,00 0,00 3.257,00 3.361,00
419 270,28 0,00 0,00 3.355,00 3.364,00
420 270,28 270,28 270,28 3.453,00 3.372,00
421 270,28 0,00 0,00 3.353,00 3.381,00
422 270,28 270,28 270,28 3.451,00 3.389,00
423 270,28 0,00 0,00 3.351,00 3.398,00
424 270,28 270,28 270,28 3.449,00 3.406,00
425 270,28 0,00 0,00 3.349,00 3.415,00
426 270,28 270,28 270,28 3.447,00 3.423,00
427 270,28 0,00 0,00 3.347,00 3.432,00
428 270,28 270,28 270,28 3.445,00 3.440,00
429 270,28 0,00 0,00 3.345,00 3.449,00
430 270,28 0,00 0,00 3.443,00 3.452,00
431 270,28 270,28 270,28 3.541,00 3.460,00
432 270,28 0,00 0,00 3.441,00 3.469,00
433 270,28 270,28 270,28 3.539,00 3.477,00
434 270,28 0,00 0,00 3.439,00 3.486,00
435 270,28 270,28 270,28 3.537,00 3.494,00
436 270,28 0,00 0,00 3.437,00 3.503,00
437 270,28 270,28 270,28 3.535,00 3.511,00
438 270,28 0,00 0,00 3.435,00 3.520,00
439 270,28 270,28 270,28 3.533,00 3.528,00
440 270,28 0,00 0,00 3.433,00 3.537,00
441 270,28 0,00 0,00 3.531,00 3.540,00
442 270,28 270,28 270,28 3.629,00 3.548,00
443 270,28 0,00 0,00 3.529,00 3.557,00
444 270,28 270,28 270,28 3.627,00 3.565,00
445 270,28 0,00 0,00 3.527,00 3.574,00
446 270,28 270,28 270,28 3.625,00 3.582,00
447 270,28 0,00 0,00 3.525,00 3.591,00
448 270,28 270,28 270,28 3.623,00 3.599,00
449 270,28 0,00 0,00 3.523,00 3.608,00
450 270,28 270,28 270,28 3.621,00 3.616,00
451 270,28 0,00 0,00 3.521,00 3.625,00
452 270,28 0,00 0,00 3.619,00 3.628,00
453 270,28 270,28 270,28 3.717,00 3.636,00
454 270,28 0,00 0,00 3.617,00 3.645,00
455 270,28 270,28 270,28 3.715,00 3.653,00
456 270,28 0,00 0,00 3.615,00 3.662,00
457 270,28 270,28 270,28 3.713,00 3.670,00
458 270,28 0,00 0,00 3.613,00 3.679,00
459 270,28 270,28 270,28 3.711,00 3.687,00
460 270,28 0,00 0,00 3.611,00 3.696,00
461 270,28 270,28 270,28 3.709,00 3.704,00
462 270,28 0,00 0,00 3.609,00 3.713,00
463 270,28 0,00 0,00 3.707,00 3.716,00
464 270,28 270,28 270,28 3.805,00 3.724,00
465 270,28 0,00 0,00 3.705,00 3.733,00
466 270,28 270,28 270,28 3.803,00 3.741,00
467 270,28 0,00 0,00 3.703,00 3.750,00
468 270,28 270,28 270,28 3.801,00 3.758,00
469 270,28 0,00 0,00 3.701,00 3.767,00
470 270,28 270,28 270,28 3.799,00 3.775,00
471 270,28 0,00 0,00 3.699,00 3.784,00
472 270,28 270,28 270,28 3.797,00 3.792,00
473 270,28 0,00 0,00 3.697,00 3.801,00
474 270,28 0,00 0,00 3.795,00 3.804,00
475 270,28 270,28 270,28 3.893,00 3.812,00
476 270,28 0,00 0,00 3.793,00 3.821,00
477 270,28 270,28 270,28 3.891,00 3.829,00
478 270,28 0,00 0,00 3.791,00 3.838,00
479 270,28 270,28 270,28 3.889,00 3.846,00
480 270,28 0,00 0,00 3.789,00 3.855,00
481 270,28 270,28 270,28 3.887,00 3.863,00
482 270,28 0,00 0,00 3.787,00 3.872,00
483 270,28 270,28 270,28 3.885,00 3.880,00
484 270,28 0,00 0,00 3.785,00 3.889,00
485 270,28 0,00 0,00 3.883,00 3.892,00
486 270,28 270,28 270,28 3.981,00 3.900,00
487 270,28 0,00 0,00 3.881,00 3.909,00
488 270,28 270,28 270,28 3.979,00 3.917,00
489 270,28 0,00 0,00 3.879,00 3.926,00
490 270,28 270,28 270,28 3.977,00 3.934,00
491 270,28 0,00 0,00 3.877,00 3.943,00
492 270,28 270,28 270,28 3.975,00 3.951,00
493 270,28 0,00 0,00 3.875,00 3.960,00
494 270,28 270,28 270,28 3.973,00 3.968,00
495 270,28 0,00 0,00 3.873,00 3.977,00
496 270,28 0,00 0,00 3.971,00 3.980,00
497 270,28 270,28 270,28 4.069,00 3.988,00
498 270,28 0,00 0,00 3.969,00 3.997,00
499 270,28 270,28 270,28 4.067,00 4.005,00
