500
0 493,42 493,42 493,42 1,00 12,00 0 0
1 493,42 493,42 493,42 1,00 6,00 2034 0
2 493,42 493,42 56,40 1,00 3,00 5373 0
3 493,42 246,71 36,11 2,00 2,00 8224 0
4 493,42 246,71 47,54 1,00 15,00 10634 0
5 493,42 246,71 44,95 1,00 5,00 12916 0
6 493,42 246,71 68,24 2,00 1,00 15418 0
7 493,42 246,71 81,21 1,00 15,00 17536 0
8 493,42 246,71 85,81 1,00 13,00 19639 0
9 493,42 246,71 115,88 1,00 9,00 21808 0
10 493,42 246,71 120,21 1,00 4,00 23907 0
11 493,42 246,71 147,44 1,00 1,00 25930 0
12 493,42 246,71 157,02 1,00 1,00 27892 0
13 493,42 246,71 181,62 1,00 1,00 29850 0
14 493,42 493,42 496,51 1,00 1,00 31599 0
15 493,42 493,42 277,29 1,00 1,00 33497 0
16 493,42 493,42 595,07 1,00 1,00 35789 0
17 493,42 493,42 540,51 1,00 1,00 37955 0
18 493,42 493,42 441,85 1,00 1,00 39952 0
19 493,42 493,42 433,62 1,00 1,00 41766 0
20 493,42 493,42 480,88 1,00 1,00 43660 0
21 493,42 493,42 483,07 1,00 1,00 45373 0
22 493,42 493,42 421,77 1,00 1,00 47124 0
23 493,42 493,42 540,08 1,00 1,00 48807 0
24 493,42 493,42 572,09 1,00 1,00 50463 0
25 493,42 493,42 556,64 1,00 1,00 52047 0
26 493,42 493,42 541,47 1,00 1,00 53795 0
27 493,42 493,42 464,59 1,00 1,00 55520 0
28 493,42 493,42 432,08 1,00 1,00 57190 0
29 493,42 493,42 526,94 1,00 1,00 58778 0
30 493,42 493,42 595,19 1,00 1,00 60394 0
31 493,42 493,42 569,10 1,00 1,00 62105 0
32 493,42 493,42 494,48 1,00 1,00 63934 0
33 493,42 493,42 491,85 1,00 1,00 65556 0
34 493,42 493,42 526,72 1,00 1,00 67081 0
35 493,42 493,42 552,39 1,00 1,00 68549 0
36 493,42 493,42 556,20 1,00 1,00 69881 0
37 493,42 493,42 551,72 1,00 1,00 71145 0
38 493,42 493,42 550,44 1,00 1,00 72579 0
39 493,42 493,42 539,85 1,00 1,00 74208 0
40 493,42 493,42 530,02 1,00 1,00 75718 0
41 493,42 493,42 340,62 1,00 1,00 77166 0
42 493,42 493,42 442,98 1,00 1,00 78878 0
43 493,42 493,42 425,76 1,00 1,00 80555 0
44 493,42 493,42 430,43 1,00 1,00 81773 0
45 493,42 493,42 436,09 1,00 1,00 83109 0
46 493,42 493,42 436,39 1,00 1,00 84434 0
47 493,42 493,42 424,29 1,00 1,00 85600 0
48 493,42 493,42 427,04 1,00 1,00 87143 0
49 493,42 493,42 420,54 1,00 1,00 88485 0
50 493,42 493,42 413,06 1,00 1,00 89667 0
51 493,42 493,42 490,25 1,00 1,00 91101 0
52 493,42 493,42 502,70 1,00 1,00 92490 0
53 493,42 493,42 490,34 1,00 1,00 93718 0
54 493,42 493,42 482,75 1,00 1,00 94913 0
55 493,42 493,42 477,40 1,00 1,00 96246 0
56 493,42 493,42 482,77 1,00 1,00 97603 0
57 493,42 493,42 470,36 1,00 1,00 98885 0
58 493,42 493,42 473,66 1,00 1,00 100402 0
59 493,42 493,42 461,16 1,00 1,00 101741 0
60 493,42 493,42 461,44 1,00 1,00 103074 0
61 493,42 493,42 459,23 1,00 1,00 104418 0
62 493,42 493,42 447,80 1,00 1,00 105536 0
63 493,42 493,42 446,69 1,00 1,00 106810 0
64 493,42 493,42 487,66 1,00 1,00 108412 0
65 493,42 493,42 483,51 1,00 1,00 110148 0
66 493,42 493,42 487,13 1,00 1,00 111691 0
67 493,42 493,42 481,26 1,00 1,00 113010 0
68 493,42 493,42 461,29 1,00 1,00 114244 0
69 493,42 493,42 469,26 1,00 1,00 115821 0
70 493,42 493,42 455,25 1,00 1,00 117266 0
71 493,42 493,42 471,08 1,00 1,00 118561 0
72 493,42 493,42 470,29 1,00 1,00 120013 0
73 493,42 493,42 476,10 1,00 1,00 121298 0
74 493,42 493,42 485,03 1,00 1,00 122549 0
75 493,42 493,42 477,70 1,00 1,00 123751 0
76 493,42 493,42 474,61 1,00 1,00 124905 0
77 493,42 493,42 479,57 1,00 1,00 125986 0
78 493,42 493,42 473,80 1,00 1,00 127318 0
79 493,42 493,42 462,58 1,00 1,00 128543 0
80 493,42 493,42 461,37 1,00 1,00 130074 0
81 493,42 493,42 445,62 1,00 1,00 131439 0
82 493,42 493,42 554,94 1,00 1,00 132580 0
83 493,42 493,42 537,85 1,00 1,00 133739 0
84 493,42 493,42 539,58 1,00 1,00 134818 0
85 493,42 493,42 536,68 1,00 1,00 135948 0
86 493,42 493,42 559,16 1,00 1,00 136970 0
87 493,42 493,42 548,54 1,00 1,00 138018 0
88 493,42 493,42 554,55 1,00 1,00 139066 0
89 493,42 493,42 557,06 1,00 1,00 139999 0
90 493,42 493,42 548,46 1,00 1,00 141020 0
91 493,42 493,42 549,48 1,00 1,00 142167 0
92 493,42 493,42 529,09 1,00 1,00 143191 0
93 493,42 493,42 523,50 1,00 1,00 144073 0
94 493,42 493,42 537,27 1,00 1,00 145023 0
95 493,42 493,42 537,76 1,00 1,00 146050 0
96 493,42 493,42 532,65 1,00 1,00 147033 0
97 493,42 493,42 526,72 1,00 1,00 148185 0
98 493,42 493,42 531,10 1,00 1,00 149496 0
99 493,42 493,42 503,62 1,00 1,00 150789 0
100 493,42 493,42 515,65 1,00 1,00 151913 0
101 493,42 493,42 504,27 1,00 1,00 152923 0
102 493,42 493,42 494,58 1,00 1,00 154100 0
103 493,42 493,42 490,16 1,00 1,00 155304 0
104 493,42 493,42 486,49 1,00 1,00 156501 0
105 493,42 493,42 500,89 1,00 1,00 157770 0
106 493,42 493,42 509,12 1,00 1,00 159019 0
107 493,42 493,42 493,98 1,00 1,00 160099 0
108 493,42 493,42 491,40 1,00 1,00 161070 0
109 493,42 493,42 486,35 1,00 1,00 161897 0
110 493,42 493,42 480,55 1,00 1,00 162626 0
111 493,42 493,42 476,64 1,00 1,00 163252 0
112 493,42 493,42 475,66 1,00 1,00 163915 0
113 493,42 493,42 471,82 1,00 1,00 164484 0
114 493,42 493,42 470,26 1,00 1,00 165028 0
115 493,42 493,42 470,76 1,00 1,00 165663 0
116 493,42 493,42 471,92 1,00 1,00 166330 0
117 493,42 493,42 470,49 1,00 1,00 166906 0
118 493,42 493,42 469,50 1,00 1,00 167421 0
119 493,42 493,42 469,30 1,00 1,00 168035 0
120 493,42 493,42 465,69 1,00 1,00 168861 0
121 493,42 493,42 467,36 1,00 1,00 169578 0
122 493,42 493,42 468,00 1,00 1,00 170224 0
123 493,42 493,42 471,74 1,00 1,00 170893 0
124 493,42 493,42 467,80 1,00 1,00 171582 0
125 493,42 493,42 471,60 1,00 1,00 172216 0
126 493,42 493,42 478,22 1,00 1,00 172756 0
127 493,42 493,42 478,83 1,00 1,00 173305 0
128 493,42 493,42 475,16 1,00 1,00 173840 0
129 493,42 493,42 471,78 1,00 1,00 174427 0
130 493,42 493,42 468,07 1,00 1,00 175026 0
131 493,42 493,42 471,41 1,00 1,00 175704 0
132 493,42 493,42 461,33 1,00 1,00 176270 0
133 493,42 493,42 468,19 1,00 1,00 176881 0
134 493,42 493,42 458,26 1,00 1,00 177431 0
135 493,42 493,42 458,05 1,00 1,00 178005 0
136 493,42 493,42 457,93 1,00 1,00 178566 0
137 493,42 493,42 445,16 1,00 1,00 179265 0
138 493,42 493,42 447,95 1,00 1,00 179894 0
139 493,42 493,42 446,26 1,00 1,00 180482 0
140 493,42 493,42 452,85 1,00 1,00 181063 0
141 493,42 493,42 445,72 1,00 1,00 181637 0
142 493,42 493,42 437,13 1,00 1,00 182152 0
143 493,42 493,42 434,30 1,00 1,00 182626 0
144 493,42 493,42 433,08 1,00 1,00 183097 0
145 493,42 493,42 428,87 1,00 1,00 183576 0
146 493,42 493,42 429,43 1,00 1,00 184032 0
147 493,42 493,42 427,25 1,00 1,00 184511 0
148 493,42 493,42 427,26 1,00 1,00 184974 0
149 493,42 493,42 431,26 1,00 1,00 185531 0
150 493,42 493,42 431,85 1,00 1,00 186058 0
151 493,42 493,42 434,73 1,00 1,00 186631 0
152 493,42 493,42 437,18 1,00 1,00 187173 0
153 493,42 493,42 444,35 1,00 1,00 187653 0
154 493,42 493,42 450,49 1,00 1,00 188087 0
155 493,42 493,42 454,64 1,00 1,00 188478 0
156 493,42 493,42 458,14 1,00 1,00 188781 0
157 493,42 493,42 460,85 1,00 1,00 189113 0
158 493,42 493,42 465,73 1,00 1,00 189431 0
159 493,42 493,42 465,33 1,00 1,00 189747 0
160 493,42 493,42 467,94 1,00 1,00 190001 0
161 493,42 493,42 470,93 1,00 1,00 190235 0
162 493,42 493,42 464,33 1,00 1,00 190426 0
163 493,42 493,42 465,50 1,00 1,00 190604 0
164 493,42 493,42 468,86 1,00 1,00 190779 0
165 493,42 493,42 470,67 1,00 1,00 191045 0
166 493,42 493,42 472,04 1,00 1,00 191280 0
167 493,42 493,42 471,90 1,00 1,00 191593 0
168 493,42 493,42 473,33 1,00 1,00 192025 0
169 493,42 493,42 471,10 1,00 1,00 192568 0
170 493,42 493,42 469,44 1,00 1,00 193073 0
171 493,42 493,42 469,42 1,00 1,00 193588 0
172 493,42 493,42 469,39 1,00 1,00 194218 0
173 493,42 493,42 472,05 1,00 1,00 194884 0
174 493,42 493,42 474,90 1,00 1,00 195676 0
175 493,42 493,42 476,13 1,00 1,00 196337 0
176 493,42 493,42 472,23 1,00 1,00 196899 0
177 493,42 493,42 470,15 1,00 1,00 197325 0
178 493,42 493,42 471,18 1,00 1,00 197802 0
179 493,42 493,42 472,71 1,00 1,00 198275 0
180 493,42 493,42 474,39 1,00 1,00 198921 0
181 493,42 493,42 477,00 1,00 1,00 199549 0
182 493,42 493,42 482,63 1,00 1,00 200208 0
183 493,42 493,42 466,18 1,00 1,00 201052 0
184 493,42 493,42 468,02 1,00 1,00 201970 0
185 493,42 493,42 464,81 1,00 1,00 202680 0
186 493,42 493,42 463,22 1,00 1,00 203342 0
187 493,42 493,42 447,90 1,00 1,00 203905 0
188 493,42 493,42 452,92 1,00 1,00 204414 0
189 493,42 493,42 454,59 1,00 1,00 205267 0
190 493,42 493,42 459,13 1,00 1,00 206148 0
191 493,42 493,42 456,84 1,00 1,00 207071 0
192 493,42 493,42 452,59 1,00 1,00 207853 0
193 493,42 493,42 450,51 1,00 1,00 208707 0
194 493,42 493,42 452,89 1,00 1,00 209442 0
195 493,42 493,42 448,58 1,00 1,00 210092 0
196 493,42 493,42 448,17 1,00 1,00 210836 0
197 493,42 493,42 446,94 1,00 1,00 211520 0
198 493,42 493,42 445,09 1,00 1,00 212143 0
199 493,42 493,42 448,84 1,00 1,00 212798 0
200 493,42 493,42 446,46 1,00 1,00 213398 0
201 493,42 493,42 448,04 1,00 1,00 213972 0
202 493,42 493,42 450,68 1,00 1,00 214446 0
203 493,42 493,42 450,99 1,00 1,00 214886 0
204 493,42 493,42 444,40 1,00 1,00 215331 0
205 493,42 493,42 449,33 1,00 1,00 215711 0
206 493,42 493,42 449,86 1,00 1,00 216069 0
207 493,42 493,42 449,46 1,00 1,00 216426 0
208 493,42 493,42 450,16 1,00 1,00 216691 0
209 493,42 493,42 443,84 1,00 1,00 216851 0
210 493,42 493,42 450,87 1,00 1,00 217021 0
211 493,42 493,42 453,19 1,00 1,00 217235 0
212 493,42 493,42 452,73 1,00 1,00 217428 0
213 493,42 493,42 453,31 1,00 1,00 217613 0
214 493,42 493,42 453,21 1,00 1,00 217786 0
215 493,42 493,42 452,78 1,00 1,00 218014 0
216 493,42 493,42 451,78 1,00 1,00 218241 0
217 493,42 493,42 451,50 1,00 1,00 218632 0
218 493,42 493,42 448,22 1,00 1,00 219065 0
219 493,42 493,42 446,71 1,00 1,00 219510 0
220 493,42 493,42 449,86 1,00 1,00 219834 0
221 493,42 493,42 450,38 1,00 1,00 220118 0
222 493,42 493,42 450,88 1,00 1,00 220457 0
223 493,42 493,42 450,00 1,00 1,00 220780 0
224 493,42 493,42 448,91 1,00 1,00 221084 0
225 493,42 493,42 447,79 1,00 1,00 221368 0
226 493,42 493,42 447,07 1,00 1,00 221678 0
227 493,42 493,42 448,75 1,00 1,00 222006 0
228 493,42 493,42 448,85 1,00 1,00 222403 0
229 493,42 493,42 448,68 1,00 1,00 222737 0
230 493,42 493,42 449,25 1,00 1,00 223035 0
231 493,42 493,42 449,52 1,00 1,00 223321 0
232 493,42 493,42 449,07 1,00 1,00 223592 0
233 493,42 493,42 449,19 1,00 1,00 223825 0
234 493,42 493,42 449,89 1,00 1,00 224068 0
235 493,42 493,42 450,63 1,00 1,00 224238 0
236 493,42 493,42 450,96 1,00 1,00 224458 0
237 493,42 493,42 450,18 1,00 1,00 224715 0
238 493,42 493,42 450,18 1,00 1,00 224963 0
239 493,42 493,42 450,24 1,00 1,00 225171 0
240 493,42 493,42 449,98 1,00 1,00 225419 0
241 493,42 493,42 451,48 1,00 1,00 225651 0
242 493,42 493,42 450,44 1,00 1,00 225874 0
243 493,42 493,42 450,22 1,00 1,00 226049 0
244 493,42 493,42 450,02 1,00 1,00 226240 0
245 493,42 493,42 451,01 1,00 1,00 226509 0
246 493,42 493,42 449,64 1,00 1,00 226809 0
247 493,42 493,42 450,75 1,00 1,00 227215 0
248 493,42 493,42 449,09 1,00 1,00 227639 0
249 493,42 493,42 448,76 1,00 1,00 228105 0
250 493,42 493,42 450,19 1,00 1,00 228636 0
251 493,42 493,42 448,71 1,00 1,00 229213 0
252 493,42 493,42 447,74 1,00 1,00 229674 0
253 493,42 493,42 449,79 1,00 1,00 230044 0
254 493,42 493,42 445,91 1,00 1,00 230450 0
255 493,42 493,42 448,92 1,00 1,00 230803 0
256 493,42 493,42 448,78 1,00 1,00 231184 0
257 493,42 493,42 447,77 1,00 1,00 231585 0
258 493,42 493,42 447,07 1,00 1,00 232098 0
259 493,42 493,42 446,97 1,00 1,00 232617 0
260 493,42 493,42 444,04 1,00 1,00 233264 0
261 493,42 493,42 443,41 1,00 1,00 233979 0
262 493,42 493,42 450,37 1,00 1,00 234613 0
263 493,42 493,42 448,33 1,00 1,00 235212 0
264 493,42 493,42 449,50 1,00 1,00 235817 0
265 493,42 493,42 447,43 1,00 1,00 236398 0
266 493,42 493,42 449,18 1,00 1,00 236895 0
267 493,42 493,42 449,03 1,00 1,00 237510 0
268 493,42 493,42 447,73 1,00 1,00 238092 0
269 493,42 493,42 446,39 1,00 1,00 238725 0
270 493,42 493,42 445,47 1,00 1,00 239224 0
271 493,42 493,42 444,90 1,00 1,00 239797 0
272 493,42 493,42 446,34 1,00 1,00 240308 0
273 493,42 493,42 445,43 1,00 1,00 240800 0
274 493,42 493,42 438,01 1,00 1,00 241319 0
275 493,42 493,42 435,31 1,00 1,00 241758 0
276 493,42 493,42 430,85 1,00 1,00 242166 0
277 493,42 493,42 433,00 1,00 1,00 242581 0
278 493,42 493,42 428,98 1,00 1,00 242909 0
279 493,42 493,42 426,96 1,00 1,00 243219 0
280 493,42 493,42 423,57 1,00 1,00 243464 0
281 493,42 493,42 423,33 1,00 1,00 243676 0
282 493,42 493,42 424,75 1,00 1,00 243930 0
283 493,42 493,42 425,48 1,00 1,00 244170 0
284 493,42 493,42 425,34 1,00 1,00 244381 0
285 493,42 493,42 424,23 1,00 1,00 244581 0
286 493,42 493,42 426,12 1,00 1,00 244881 0
287 493,42 493,42 428,90 1,00 1,00 245197 0
288 493,42 493,42 431,85 1,00 1,00 245608 0
289 493,42 493,42 434,35 1,00 1,00 246088 0
290 493,42 493,42 437,98 1,00 1,00 246639 0
291 493,42 493,42 437,84 1,00 1,00 247156 0
292 493,42 493,42 438,93 1,00 1,00 247714 0
293 493,42 493,42 442,59 1,00 1,00 248241 0
294 493,42 493,42 441,53 1,00 1,00 248810 0
295 493,42 493,42 441,10 1,00 1,00 249419 0
296 493,42 493,42 441,52 1,00 1,00 250007 0
297 493,42 493,42 440,49 1,00 1,00 250497 0
298 493,42 493,42 443,95 1,00 1,00 250954 0
299 493,42 493,42 439,52 1,00 1,00 251457 0
300 493,42 493,42 444,80 1,00 1,00 251857 0
301 493,42 493,42 442,34 1,00 1,00 252267 0
302 493,42 493,42 442,10 1,00 1,00 252574 0
303 493,42 493,42 442,91 1,00 1,00 252830 0
304 493,42 493,42 438,02 1,00 1,00 253107 0
305 493,42 493,42 440,65 1,00 1,00 253377 0
306 493,42 493,42 441,24 1,00 1,00 253614 0
307 493,42 493,42 441,51 1,00 1,00 253802 0
308 493,42 493,42 444,86 1,00 1,00 254049 0
309 493,42 493,42 442,95 1,00 1,00 254401 0
310 493,42 493,42 444,66 1,00 1,00 254778 0
311 493,42 493,42 446,14 1,00 1,00 255271 0
312 493,42 493,42 444,88 1,00 1,00 255757 0
313 493,42 493,42 444,31 1,00 1,00 256168 0
314 493,42 493,42 444,77 1,00 1,00 256672 0
315 493,42 493,42 442,71 1,00 1,00 257185 0
316 493,42 493,42 444,95 1,00 1,00 257712 0
317 493,42 493,42 443,45 1,00 1,00 258122 0
318 493,42 493,42 443,75 1,00 1,00 258667 0
319 493,42 493,42 443,68 1,00 1,00 259142 0
320 493,42 493,42 443,22 1,00 1,00 259646 0
321 493,42 493,42 443,71 1,00 1,00 260162 0
322 493,42 493,42 443,15 1,00 1,00 260676 0
323 493,42 493,42 444,96 1,00 1,00 261138 0
324 493,42 493,42 446,65 1,00 1,00 261651 0
325 493,42 493,42 443,86 1,00 1,00 262097 0
326 493,42 493,42 442,84 1,00 1,00 262489 0
327 493,42 493,42 443,74 1,00 1,00 262843 0
328 493,42 493,42 444,67 1,00 1,00 263159 0
329 493,42 493,42 444,79 1,00 1,00 263421 0
330 493,42 493,42 445,37 1,00 1,00 263619 0
331 493,42 493,42 445,42 1,00 1,00 263843 0
332 493,42 493,42 444,51 1,00 1,00 264118 0
333 493,42 493,42 444,54 1,00 1,00 264399 0
334 493,42 493,42 444,76 1,00 1,00 264633 0
335 493,42 493,42 445,03 1,00 1,00 264897 0
336 493,42 493,42 444,68 1,00 1,00 265071 0
337 493,42 493,42 444,52 1,00 1,00 265325 0
338 493,42 493,42 444,77 1,00 1,00 265624 0
339 493,42 493,42 444,65 1,00 1,00 265881 0
340 493,42 493,42 444,65 1,00 1,00 266159 0
341 493,42 493,42 444,69 1,00 1,00 266407 0
342 493,42 493,42 444,58 1,00 1,00 266608 0
343 493,42 493,42 444,47 1,00 1,00 266826 0
344 493,42 493,42 444,57 1,00 1,00 267021 0
345 493,42 493,42 444,42 1,00 1,00 267267 0
346 493,42 493,42 444,27 1,00 1,00 267522 0
347 493,42 493,42 444,19 1,00 1,00 267800 0
348 493,42 493,42 444,16 1,00 1,00 267983 0
349 493,42 493,42 444,34 1,00 1,00 268149 0
350 493,42 493,42 444,06 1,00 1,00 268298 0
351 493,42 493,42 444,32 1,00 1,00 268420 0
352 493,42 493,42 444,15 1,00 1,00 268528 0
353 493,42 493,42 444,05 1,00 1,00 268604 0
354 493,42 493,42 443,89 1,00 1,00 268675 0
355 493,42 493,42 443,84 1,00 1,00 268771 0
356 493,42 493,42 443,66 1,00 1,00 268866 0
357 493,42 493,42 443,58 1,00 1,00 268992 0
358 493,42 493,42 443,89 1,00 1,00 269085 0
359 493,42 493,42 443,67 1,00 1,00 269183 0
360 493,42 493,42 443,70 1,00 1,00 269292 0
361 493,42 493,42 443,87 1,00 1,00 269492 0
362 493,42 493,42 443,68 1,00 1,00 269676 0
363 493,42 493,42 443,89 1,00 1,00 269862 0
364 493,42 493,42 444,04 1,00 1,00 270024 0
365 493,42 493,42 443,58 1,00 1,00 270194 0
366 493,42 493,42 443,99 1,00 1,00 270340 0
367 493,42 493,42 443,71 1,00 1,00 270507 0
368 493,42 493,42 443,98 1,00 1,00 270654 0
369 493,42 493,42 443,91 1,00 1,00 270777 0
370 493,42 493,42 443,97 1,00 1,00 270904 0
371 493,42 493,42 443,97 1,00 1,00 271036 0
372 493,42 493,42 443,82 1,00 1,00 271172 0
373 493,42 493,42 443,95 1,00 1,00 271283 0
374 493,42 493,42 443,88 1,00 1,00 271382 0
375 493,42 493,42 443,97 1,00 1,00 271457 0
376 493,42 493,42 444,00 1,00 1,00 271539 0
377 493,42 493,42 443,86 1,00 1,00 271646 0
378 493,42 493,42 443,91 1,00 1,00 271773 0
379 493,42 493,42 443,90 1,00 1,00 271893 0
380 493,42 493,42 443,91 1,00 1,00 272037 0
381 493,42 493,42 443,90 1,00 1,00 272202 0
382 493,42 493,42 443,82 1,00 1,00 272338 0
383 493,42 493,42 443,81 1,00 1,00 272459 0
384 493,42 493,42 443,76 1,00 1,00 272592 0
385 493,42 493,42 443,79 1,00 1,00 272715 0
386 493,42 493,42 443,84 1,00 1,00 272819 0
387 493,42 493,42 443,90 1,00 1,00 272909 0
388 493,42 493,42 443,90 1,00 1,00 272984 0
389 493,42 493,42 443,97 1,00 1,00 273060 0
390 493,42 493,42 443,98 1,00 1,00 273130 0
391 493,42 493,42 443,98 1,00 1,00 273200 0
392 493,42 493,42 443,95 1,00 1,00 273255 0
393 493,42 493,42 443,98 1,00 1,00 273325 0
394 493,42 493,42 443,91 1,00 1,00 273396 0
395 493,42 493,42 443,91 1,00 1,00 273468 0
396 493,42 493,42 443,91 1,00 1,00 273534 0
397 493,42 493,42 443,91 1,00 1,00 273607 0
398 493,42 493,42 443,91 1,00 1,00 273669 0
399 493,42 493,42 443,91 1,00 1,00 273741 0
400 493,42 493,42 443,92 1,00 1,00 273814 0
401 493,42 493,42 443,92 1,00 1,00 273888 0
402 493,42 493,42 443,90 1,00 1,00 273977 0
403 493,42 493,42 443,91 1,00 1,00 274059 0
404 493,42 493,42 443,91 1,00 1,00 274169 0
405 493,42 493,42 443,91 1,00 1,00 274272 0
406 493,42 493,42 443,87 1,00 1,00 274391 0
407 493,42 493,42 443,87 1,00 1,00 274514 0
408 493,42 493,42 443,92 1,00 1,00 274605 0
409 493,42 493,42 443,89 1,00 1,00 274690 0
410 493,42 493,42 443,88 1,00 1,00 274777 0
411 493,42 493,42 443,89 1,00 1,00 274881 0
412 493,42 493,42 443,92 1,00 1,00 274988 0
413 493,42 493,42 443,88 1,00 1,00 275096 0
414 493,42 493,42 443,88 1,00 1,00 275203 0
415 493,42 493,42 443,86 1,00 1,00 275294 0
416 493,42 493,42 443,85 1,00 1,00 275366 0
417 493,42 493,42 443,81 1,00 1,00 275439 0
418 493,42 493,42 443,81 1,00 1,00 275506 0
419 493,42 493,42 443,83 1,00 1,00 275568 0
420 493,42 493,42 443,80 1,00 1,00 275608 0
421 493,42 493,42 443,80 1,00 1,00 275655 0
422 493,42 493,42 443,79 1,00 1,00 275694 0
423 493,42 493,42 443,82 1,00 1,00 275738 0
424 493,42 493,42 443,85 1,00 1,00 275786 0
425 493,42 493,42 443,88 1,00 1,00 275834 0
426 493,42 493,42 443,92 1,00 1,00 275905 0
427 493,42 493,42 443,86 1,00 1,00 275978 0
428 493,42 493,42 443,88 1,00 1,00 276040 0
429 493,42 493,42 443,88 1,00 1,00 276089 0
430 493,42 493,42 443,88 1,00 1,00 276136 0
431 493,42 493,42 443,88 1,00 1,00 276202 0
432 493,42 493,42 443,89 1,00 1,00 276263 0
433 493,42 493,42 443,89 1,00 1,00 276339 0
434 493,42 493,42 443,87 1,00 1,00 276430 0
435 493,42 493,42 443,85 1,00 1,00 276471 0
436 493,42 493,42 443,92 1,00 1,00 276551 0
437 493,42 493,42 443,89 1,00 1,00 276623 0
438 493,42 493,42 443,92 1,00 1,00 276703 0
439 493,42 493,42 443,89 1,00 1,00 276776 0
440 493,42 493,42 443,89 1,00 1,00 276831 0
441 493,42 493,42 443,91 1,00 1,00 276912 0
442 493,42 493,42 443,91 1,00 1,00 276981 0
443 493,42 493,42 443,90 1,00 1,00 277029 0
444 493,42 493,42 443,91 1,00 1,00 277094 0
445 493,42 493,42 443,92 1,00 1,00 277155 0
446 493,42 493,42 443,91 1,00 1,00 277209 0
447 493,42 493,42 443,93 1,00 1,00 277276 0
448 493,42 493,42 443,91 1,00 1,00 277346 0
449 493,42 493,42 443,91 1,00 1,00 277419 0
450 493,42 493,42 443,90 1,00 1,00 277480 0
451 493,42 493,42 443,91 1,00 1,00 277546 0
452 493,42 493,42 443,90 1,00 1,00 277633 0
453 493,42 493,42 443,90 1,00 1,00 277699 0
454 493,42 493,42 443,91 1,00 1,00 277753 0
455 493,42 493,42 443,90 1,00 1,00 277794 0
456 493,42 493,42 443,90 1,00 1,00 277831 0
457 493,42 493,42 443,91 1,00 1,00 277866 0
458 493,42 493,42 443,91 1,00 1,00 277907 0
459 493,42 493,42 443,91 1,00 1,00 277956 0
460 493,42 493,42 443,91 1,00 1,00 278010 0
461 493,42 493,42 443,91 1,00 1,00 278052 0
462 493,42 493,42 443,91 1,00 1,00 278092 0
463 493,42 493,42 443,91 1,00 1,00 278136 0
464 493,42 493,42 443,92 1,00 1,00 278171 0
465 493,42 493,42 443,91 1,00 1,00 278215 0
466 493,42 493,42 443,92 1,00 1,00 278256 0
467 493,42 493,42 443,92 1,00 1,00 278310 0
468 493,42 493,42 443,92 1,00 1,00 278372 0
469 493,42 493,42 443,91 1,00 1,00 278422 0
470 493,42 493,42 443,91 1,00 1,00 278480 0
471 493,42 493,42 443,90 1,00 1,00 278532 0
472 493,42 493,42 443,91 1,00 1,00 278583 0
473 493,42 493,42 443,90 1,00 1,00 278628 0
474 493,42 493,42 443,92 1,00 1,00 278661 0
475 493,42 493,42 443,90 1,00 1,00 278697 0
476 493,42 493,42 443,91 1,00 1,00 278747 0
477 493,42 493,42 443,91 1,00 1,00 278809 0
478 493,42 493,42 443,91 1,00 1,00 278860 0
479 493,42 493,42 443,91 1,00 1,00 278924 0
480 493,42 493,42 443,90 1,00 1,00 278971 0
481 493,42 493,42 443,91 1,00 1,00 279018 0
482 493,42 493,42 443,90 1,00 1,00 279043 0
483 493,42 493,42 443,92 1,00 1,00 279071 0
484 493,42 493,42 443,92 1,00 1,00 279098 0
485 493,42 493,42 443,92 1,00 1,00 279123 0
486 493,42 493,42 443,92 1,00 1,00 279191 0
487 493,42 493,42 443,92 1,00 1,00 279255 0
488 493,42 493,42 443,92 1,00 1,00 279281 0
489 493,42 493,42 443,92 1,00 1,00 279305 0
490 493,42 493,42 443,92 1,00 1,00 279344 0
491 493,42 493,42 443,92 1,00 1,00 279378 0
492 493,42 493,42 443,92 1,00 1,00 279421 0
493 493,42 493,42 443,92 1,00 1,00 279458 0
494 493,42 493,42 443,92 1,00 1,00 279509 0
495 493,42 493,42 443,92 1,00 1,00 279558 0
496 493,42 493,42 443,92 1,00 1,00 279608 0
497 493,42 493,42 443,90 1,00 1,00 279665 0
498 493,42 493,42 443,90 1,00 1,00 279720 0
499 493,42 493,42 443,90 1,00 1,00 279792 0
