500
0 264,57 264,57 264,57 1,00 25,00
1 264,57 0,00 0,00 1,00 35,00
2 264,57 529,15 800,68 99,00 44,00
3 264,57 0,00 0,00 1,00 54,00
4 264,57 264,57 338,44 99,00 63,00
5 264,57 0,00 0,00 1,00 73,00
6 264,57 264,57 360,30 99,00 82,00
7 264,57 0,00 0,00 1,00 92,00
8 264,57 0,00 0,00 99,00 101,00
9 264,57 264,57 326,40 197,00 110,00
10 264,57 0,00 0,00 97,00 120,00
11 264,57 264,57 336,67 195,00 129,00
12 264,57 0,00 0,00 96,00 139,00
13 264,57 264,57 357,38 194,00 148,00
14 264,57 0,00 0,00 94,00 158,00
15 264,57 264,57 356,95 192,00 167,00
16 264,57 0,00 0,00 92,00 177,00
17 264,57 264,57 353,17 190,00 186,00
18 264,57 0,00 0,00 90,00 196,00
19 264,57 0,00 0,00 188,00 198,00
20 264,57 264,57 349,15 286,00 207,00
21 264,57 0,00 0,00 186,00 217,00
22 264,57 264,57 350,09 284,00 226,00
23 264,57 0,00 0,00 184,00 236,00
24 264,57 264,57 349,68 282,00 245,00
25 264,57 0,00 0,00 182,00 255,00
26 264,57 264,57 349,40 280,00 264,00
27 264,57 0,00 0,00 180,00 274,00
28 264,57 0,00 0,00 278,00 283,00
29 264,57 264,57 349,79 376,00 292,00
30 264,57 0,00 0,00 276,00 302,00
31 264,57 264,57 349,41 374,00 311,00
32 264,57 0,00 0,00 274,00 321,00
33 264,57 264,57 349,38 372,00 330,00
34 264,57 0,00 0,00 272,00 340,00
35 264,57 264,57 349,34 370,00 349,00
36 264,57 0,00 0,00 270,00 359,00
37 264,57 264,57 349,47 368,00 368,00
38 264,57 0,00 0,00 268,00 378,00
39 264,57 0,00 0,00 366,00 376,00
40 264,57 264,57 349,66 464,00 385,00
41 264,57 0,00 0,00 364,00 395,00
42 264,57 264,57 349,84 462,00 404,00
43 264,57 0,00 0,00 362,00 414,00
44 264,57 264,57 350,14 460,00 423,00
45 264,57 0,00 0,00 360,00 433,00
46 264,57 264,57 350,48 458,00 442,00
47 264,57 0,00 0,00 358,00 452,00
48 264,57 0,00 0,00 456,00 461,00
49 264,57 264,57 350,87 554,00 470,00
50 264,57 0,00 0,00 454,00 480,00
51 264,57 264,57 351,42 552,00 489,00
52 264,57 0,00 0,00 452,00 499,00
53 264,57 264,57 352,08 550,00 508,00
54 264,57 0,00 0,00 450,00 518,00
55 264,57 264,57 352,78 548,00 527,00
56 264,57 0,00 0,00 448,00 537,00
57 264,57 264,57 353,56 546,00 546,00
58 264,57 0,00 0,00 446,00 556,00
59 264,57 0,00 0,00 544,00 554,00
60 264,57 264,57 354,76 642,00 563,00
61 264,57 0,00 0,00 542,00 573,00
62 264,57 264,57 355,61 640,00 582,00
63 264,57 0,00 0,00 540,00 592,00
64 264,57 264,57 356,52 638,00 601,00
65 264,57 0,00 0,00 538,00 611,00
66 264,57 264,57 357,40 636,00 620,00
67 264,57 0,00 0,00 536,00 630,00
68 264,57 0,00 0,00 634,00 639,00
69 264,57 264,57 358,92 732,00 648,00
70 264,57 0,00 0,00 632,00 658,00
71 264,57 264,57 360,01 730,00 667,00
72 264,57 0,00 0,00 630,00 677,00
73 264,57 264,57 361,16 728,00 686,00
74 264,57 0,00 0,00 628,00 696,00
75 264,57 264,57 362,36 726,00 705,00
76 264,57 0,00 0,00 626,00 715,00
77 264,57 264,57 363,57 724,00 724,00
78 264,57 0,00 0,00 624,00 734,00
79 264,57 0,00 0,00 722,00 732,00
80 264,57 264,57 365,62 820,00 741,00
81 264,57 0,00 0,00 720,00 751,00
82 264,57 264,57 366,96 818,00 760,00
83 264,57 0,00 0,00 718,00 770,00
84 264,57 264,57 368,36 816,00 779,00
85 264,57 0,00 0,00 716,00 789,00
86 264,57 264,57 369,78 814,00 798,00
87 264,57 0,00 0,00 714,00 808,00
88 264,57 0,00 0,00 812,00 817,00
89 264,57 264,57 372,23 910,00 826,00
90 264,57 0,00 0,00 810,00 836,00
91 264,57 264,57 373,90 908,00 845,00
92 264,57 0,00 0,00 808,00 855,00
93 264,57 264,57 375,57 906,00 864,00
94 264,57 0,00 0,00 806,00 874,00
95 264,57 264,57 377,34 904,00 883,00
96 264,57 0,00 0,00 804,00 893,00
97 264,57 264,57 379,23 902,00 902,00
98 264,57 0,00 0,00 802,00 912,00
99 264,57 0,00 0,00 900,00 910,00
100 264,57 264,57 382,00 998,00 919,00
101 264,57 0,00 0,00 898,00 929,00
102 264,57 264,57 384,05 996,00 938,00
103 264,57 0,00 0,00 896,00 948,00
104 264,57 264,57 386,09 994,00 957,00
105 264,57 0,00 0,00 894,00 967,00
106 264,57 264,57 388,24 992,00 976,00
107 264,57 0,00 0,00 892,00 986,00
108 264,57 0,00 0,00 990,00 995,00
109 264,57 264,57 391,48 1.088,00 1.004,00
110 264,57 0,00 0,00 988,00 1.014,00
111 264,57 264,57 393,71 1.086,00 1.023,00
112 264,57 0,00 0,00 986,00 1.033,00
113 264,57 264,57 396,04 1.084,00 1.042,00
114 264,57 0,00 0,00 984,00 1.052,00
115 264,57 264,57 398,45 1.082,00 1.061,00
116 264,57 0,00 0,00 982,00 1.071,00
117 264,57 264,57 401,06 1.080,00 1.080,00
118 264,57 0,00 0,00 980,00 1.090,00
119 264,57 0,00 0,00 1.078,00 1.088,00
120 264,57 264,57 404,71 1.176,00 1.097,00
121 264,57 0,00 0,00 1.076,00 1.107,00
122 264,57 264,57 407,19 1.174,00 1.116,00
123 264,57 0,00 0,00 1.074,00 1.126,00
124 264,57 264,57 409,77 1.172,00 1.135,00
125 264,57 0,00 0,00 1.072,00 1.145,00
126 264,57 264,57 412,36 1.170,00 1.154,00
127 264,57 0,00 0,00 1.070,00 1.164,00
128 264,57 0,00 0,00 1.168,00 1.173,00
129 264,57 264,57 416,38 1.266,00 1.182,00
130 264,57 0,00 0,00 1.166,00 1.192,00
131 264,57 264,57 419,19 1.264,00 1.201,00
132 264,57 0,00 0,00 1.164,00 1.211,00
133 264,57 264,57 421,93 1.262,00 1.220,00
134 264,57 0,00 0,00 1.162,00 1.230,00
135 264,57 264,57 424,84 1.260,00 1.239,00
136 264,57 0,00 0,00 1.160,00 1.249,00
137 264,57 264,57 427,81 1.258,00 1.258,00
138 264,57 0,00 0,00 1.158,00 1.268,00
139 264,57 0,00 0,00 1.256,00 1.266,00
140 264,57 264,57 432,46 1.354,00 1.275,00
141 264,57 0,00 0,00 1.254,00 1.285,00
142 264,57 264,57 435,42 1.352,00 1.294,00
143 264,57 0,00 0,00 1.252,00 1.304,00
144 264,57 264,57 438,46 1.350,00 1.313,00
145 264,57 0,00 0,00 1.250,00 1.323,00
146 264,57 264,57 441,60 1.348,00 1.332,00
147 264,57 0,00 0,00 1.248,00 1.342,00
148 264,57 0,00 0,00 1.346,00 1.351,00
149 264,57 264,57 446,33 1.444,00 1.360,00
150 264,57 0,00 0,00 1.344,00 1.370,00
151 264,57 264,57 449,68 1.442,00 1.379,00
152 264,57 0,00 0,00 1.342,00 1.389,00
153 264,57 264,57 453,09 1.440,00 1.398,00
154 264,57 0,00 0,00 1.340,00 1.408,00
155 264,57 264,57 456,58 1.438,00 1.417,00
156 264,57 0,00 0,00 1.338,00 1.427,00
157 264,57 264,57 460,13 1.436,00 1.436,00
158 264,57 0,00 0,00 1.336,00 1.446,00
159 264,57 0,00 0,00 1.434,00 1.444,00
160 264,57 264,57 465,62 1.532,00 1.453,00
161 264,57 0,00 0,00 1.432,00 1.463,00
162 264,57 264,57 469,23 1.530,00 1.472,00
163 264,57 0,00 0,00 1.430,00 1.482,00
164 264,57 264,57 472,88 1.528,00 1.491,00
165 264,57 0,00 0,00 1.428,00 1.501,00
166 264,57 264,57 476,60 1.526,00 1.510,00
167 264,57 0,00 0,00 1.426,00 1.520,00
168 264,57 0,00 0,00 1.524,00 1.529,00
169 264,57 264,57 482,15 1.622,00 1.538,00
170 264,57 0,00 0,00 1.522,00 1.548,00
171 264,57 264,57 486,02 1.620,00 1.557,00
172 264,57 0,00 0,00 1.520,00 1.567,00
173 264,57 264,57 490,05 1.618,00 1.576,00
174 264,57 0,00 0,00 1.518,00 1.586,00
175 264,57 264,57 494,02 1.616,00 1.595,00
176 264,57 0,00 0,00 1.516,00 1.605,00
177 264,57 264,57 498,00 1.614,00 1.614,00
178 264,57 0,00 0,00 1.514,00 1.624,00
179 264,57 0,00 0,00 1.612,00 1.622,00
180 264,57 264,57 504,11 1.710,00 1.631,00
181 264,57 0,00 0,00 1.610,00 1.641,00
182 264,57 264,57 508,15 1.708,00 1.650,00
183 264,57 0,00 0,00 1.608,00 1.660,00
184 264,57 264,57 512,19 1.706,00 1.669,00
185 264,57 0,00 0,00 1.606,00 1.679,00
186 264,57 264,57 516,35 1.704,00 1.688,00
187 264,57 0,00 0,00 1.604,00 1.698,00
188 264,57 0,00 0,00 1.702,00 1.707,00
189 264,57 264,57 522,60 1.800,00 1.716,00
190 264,57 0,00 0,00 1.700,00 1.726,00
191 264,57 264,57 526,76 1.798,00 1.735,00
192 264,57 0,00 0,00 1.698,00 1.745,00
193 264,57 264,57 531,05 1.796,00 1.754,00
194 264,57 0,00 0,00 1.696,00 1.764,00
195 264,57 264,57 535,55 1.794,00 1.773,00
196 264,57 0,00 0,00 1.694,00 1.783,00
197 264,57 264,57 540,08 1.792,00 1.792,00
198 264,57 0,00 0,00 1.692,00 1.802,00
199 264,57 0,00 0,00 1.790,00 1.800,00
200 264,57 264,57 546,93 1.888,00 1.809,00
201 264,57 0,00 0,00 1.788,00 1.819,00
202 264,57 264,57 551,47 1.886,00 1.828,00
203 264,57 0,00 0,00 1.786,00 1.838,00
204 264,57 264,57 556,05 1.884,00 1.847,00
205 264,57 0,00 0,00 1.784,00 1.857,00
206 264,57 264,57 560,76 1.882,00 1.866,00
207 264,57 0,00 0,00 1.782,00 1.876,00
208 264,57 0,00 0,00 1.880,00 1.885,00
209 264,57 264,57 568,00 1.978,00 1.894,00
210 264,57 0,00 0,00 1.878,00 1.904,00
211 264,57 264,57 572,83 1.976,00 1.913,00
212 264,57 0,00 0,00 1.876,00 1.923,00
213 264,57 264,57 577,79 1.974,00 1.932,00
214 264,57 0,00 0,00 1.874,00 1.942,00
215 264,57 264,57 582,73 1.972,00 1.951,00
216 264,57 0,00 0,00 1.872,00 1.961,00
217 264,57 264,57 587,76 1.970,00 1.970,00
218 264,57 0,00 0,00 1.870,00 1.980,00
219 264,57 0,00 0,00 1.968,00 1.978,00
220 264,57 264,57 595,44 2.066,00 1.987,00
221 264,57 0,00 0,00 1.966,00 1.997,00
222 264,57 264,57 600,52 2.064,00 2.006,00
223 264,57 0,00 0,00 1.964,00 2.016,00
224 264,57 264,57 605,61 2.062,00 2.025,00
225 264,57 0,00 0,00 1.962,00 2.035,00
226 264,57 264,57 610,70 2.060,00 2.044,00
227 264,57 0,00 0,00 1.960,00 2.054,00
228 264,57 0,00 0,00 2.058,00 2.063,00
229 264,57 264,57 618,39 2.156,00 2.072,00
230 264,57 0,00 0,00 2.056,00 2.082,00
231 264,57 264,57 623,57 2.154,00 2.091,00
232 264,57 0,00 0,00 2.054,00 2.101,00
233 264,57 264,57 628,78 2.152,00 2.110,00
234 264,57 0,00 0,00 2.052,00 2.120,00
235 264,57 264,57 634,14 2.150,00 2.129,00
236 264,57 0,00 0,00 2.050,00 2.139,00
237 264,57 264,57 639,46 2.148,00 2.148,00
238 264,57 0,00 0,00 2.048,00 2.158,00
239 264,57 0,00 0,00 2.146,00 2.156,00
240 264,57 264,57 647,50 2.244,00 2.165,00
241 264,57 0,00 0,00 2.144,00 2.175,00
242 264,57 264,57 652,94 2.242,00 2.184,00
243 264,57 0,00 0,00 2.142,00 2.194,00
244 264,57 264,57 658,47 2.240,00 2.203,00
245 264,57 0,00 0,00 2.140,00 2.213,00
246 264,57 264,57 663,92 2.238,00 2.222,00
247 264,57 0,00 0,00 2.138,00 2.232,00
248 264,57 0,00 0,00 2.236,00 2.241,00
249 264,57 264,57 672,39 2.334,00 2.250,00
250 264,57 0,00 0,00 2.234,00 2.260,00
251 264,57 264,57 678,04 2.332,00 2.269,00
252 264,57 0,00 0,00 2.232,00 2.279,00
253 264,57 264,57 683,65 2.330,00 2.288,00
254 264,57 0,00 0,00 2.230,00 2.298,00
255 264,57 264,57 689,44 2.328,00 2.307,00
256 264,57 0,00 0,00 2.228,00 2.317,00
257 264,57 264,57 695,34 2.326,00 2.326,00
258 264,57 0,00 0,00 2.226,00 2.336,00
259 264,57 0,00 0,00 2.324,00 2.334,00
260 264,57 264,57 704,40 2.422,00 2.343,00
261 264,57 0,00 0,00 2.322,00 2.353,00
262 264,57 264,57 710,30 2.420,00 2.362,00
263 264,57 0,00 0,00 2.320,00 2.372,00
264 264,57 264,57 716,40 2.418,00 2.381,00
265 264,57 0,00 0,00 2.318,00 2.391,00
266 264,57 264,57 722,44 2.416,00 2.400,00
267 264,57 0,00 0,00 2.316,00 2.410,00
268 264,57 0,00 0,00 2.414,00 2.419,00
269 264,57 264,57 731,65 2.512,00 2.428,00
270 264,57 0,00 0,00 2.412,00 2.438,00
271 264,57 264,57 737,93 2.510,00 2.447,00
272 264,57 0,00 0,00 2.410,00 2.457,00
273 264,57 264,57 744,22 2.508,00 2.466,00
274 264,57 0,00 0,00 2.408,00 2.476,00
275 264,57 264,57 750,29 2.506,00 2.485,00
276 264,57 0,00 0,00 2.406,00 2.495,00
277 264,57 264,57 756,61 2.504,00 2.504,00
278 264,57 0,00 0,00 2.404,00 2.514,00
279 264,57 0,00 0,00 2.502,00 2.512,00
280 264,57 264,57 766,28 2.600,00 2.521,00
281 264,57 0,00 0,00 2.500,00 2.531,00
282 264,57 264,57 772,45 2.598,00 2.540,00
283 264,57 0,00 0,00 2.498,00 2.550,00
284 264,57 264,57 778,62 2.596,00 2.559,00
285 264,57 0,00 0,00 2.496,00 2.569,00
286 264,57 264,57 784,90 2.594,00 2.578,00
287 264,57 0,00 0,00 2.494,00 2.588,00
288 264,57 0,00 0,00 2.592,00 2.597,00
289 264,57 264,57 794,34 2.690,00 2.606,00
290 264,57 0,00 0,00 2.590,00 2.616,00
291 264,57 264,57 800,95 2.688,00 2.625,00
292 264,57 0,00 0,00 2.588,00 2.635,00
293 264,57 264,57 807,59 2.686,00 2.644,00
294 264,57 0,00 0,00 2.586,00 2.654,00
295 264,57 264,57 814,29 2.684,00 2.663,00
296 264,57 0,00 0,00 2.584,00 2.673,00
297 264,57 264,57 820,99 2.682,00 2.682,00
298 264,57 0,00 0,00 2.582,00 2.692,00
299 264,57 0,00 0,00 2.680,00 2.690,00
300 264,57 264,57 831,02 2.778,00 2.699,00
301 264,57 0,00 0,00 2.678,00 2.709,00
302 264,57 264,57 837,55 2.776,00 2.718,00
303 264,57 0,00 0,00 2.676,00 2.728,00
304 264,57 264,57 844,24 2.774,00 2.737,00
305 264,57 0,00 0,00 2.674,00 2.747,00
306 264,57 264,57 851,06 2.772,00 2.756,00
307 264,57 0,00 0,00 2.672,00 2.766,00
308 264,57 0,00 0,00 2.770,00 2.775,00
309 264,57 264,57 861,27 2.868,00 2.784,00
310 264,57 0,00 0,00 2.768,00 2.794,00
311 264,57 264,57 868,17 2.866,00 2.803,00
312 264,57 0,00 0,00 2.766,00 2.813,00
313 264,57 264,57 875,27 2.864,00 2.822,00
314 264,57 0,00 0,00 2.764,00 2.832,00
315 264,57 264,57 882,57 2.862,00 2.841,00
316 264,57 0,00 0,00 2.762,00 2.851,00
317 264,57 264,57 889,83 2.860,00 2.860,00
318 264,57 0,00 0,00 2.760,00 2.870,00
319 264,57 0,00 0,00 2.858,00 2.868,00
320 264,57 264,57 900,72 2.956,00 2.877,00
321 264,57 0,00 0,00 2.856,00 2.887,00
322 264,57 264,57 907,78 2.954,00 2.896,00
323 264,57 0,00 0,00 2.854,00 2.906,00
324 264,57 264,57 914,90 2.952,00 2.915,00
325 264,57 0,00 0,00 2.852,00 2.925,00
326 264,57 264,57 922,11 2.950,00 2.934,00
327 264,57 0,00 0,00 2.850,00 2.944,00
328 264,57 0,00 0,00 2.948,00 2.953,00
329 264,57 264,57 933,01 3.046,00 2.962,00
330 264,57 0,00 0,00 2.946,00 2.972,00
331 264,57 264,57 940,15 3.044,00 2.981,00
332 264,57 0,00 0,00 2.944,00 2.991,00
333 264,57 264,57 947,54 3.042,00 3.000,00
334 264,57 0,00 0,00 2.942,00 3.010,00
335 264,57 264,57 954,87 3.040,00 3.019,00
336 264,57 0,00 0,00 2.940,00 3.029,00
337 264,57 264,57 962,12 3.038,00 3.038,00
338 264,57 0,00 0,00 2.938,00 3.048,00
339 264,57 0,00 0,00 3.036,00 3.046,00
340 264,57 264,57 973,31 3.134,00 3.055,00
341 264,57 0,00 0,00 3.034,00 3.065,00
342 264,57 264,57 980,74 3.132,00 3.074,00
343 264,57 0,00 0,00 3.032,00 3.084,00
344 264,57 264,57 988,07 3.130,00 3.093,00
345 264,57 0,00 0,00 3.030,00 3.103,00
346 264,57 264,57 995,40 3.128,00 3.112,00
347 264,57 0,00 0,00 3.028,00 3.122,00
348 264,57 0,00 0,00 3.126,00 3.131,00
349 264,57 264,57 1.006,75 3.224,00 3.140,00
350 264,57 0,00 0,00 3.124,00 3.150,00
351 264,57 264,57 1.014,36 3.222,00 3.159,00
352 264,57 0,00 0,00 3.122,00 3.169,00
353 264,57 264,57 1.021,96 3.220,00 3.178,00
354 264,57 0,00 0,00 3.120,00 3.188,00
355 264,57 264,57 1.029,71 3.218,00 3.197,00
356 264,57 0,00 0,00 3.118,00 3.207,00
357 264,57 264,57 1.037,48 3.216,00 3.216,00
358 264,57 0,00 0,00 3.116,00 3.226,00
359 264,57 0,00 0,00 3.214,00 3.224,00
360 264,57 264,57 1.049,39 3.312,00 3.233,00
361 264,57 0,00 0,00 3.212,00 3.243,00
362 264,57 264,57 1.057,35 3.310,00 3.252,00
363 264,57 0,00 0,00 3.210,00 3.262,00
364 264,57 264,57 1.065,33 3.308,00 3.271,00
365 264,57 0,00 0,00 3.208,00 3.281,00
366 264,57 264,57 1.073,22 3.306,00 3.290,00
367 264,57 0,00 0,00 3.206,00 3.300,00
368 264,57 0,00 0,00 3.304,00 3.309,00
369 264,57 264,57 1.085,42 3.402,00 3.318,00
370 264,57 0,00 0,00 3.302,00 3.328,00
371 264,57 264,57 1.093,28 3.400,00 3.337,00
372 264,57 0,00 0,00 3.300,00 3.347,00
373 264,57 264,57 1.101,34 3.398,00 3.356,00
374 264,57 0,00 0,00 3.298,00 3.366,00
375 264,57 264,57 1.109,71 3.396,00 3.375,00
376 264,57 0,00 0,00 3.296,00 3.385,00
377 264,57 264,57 1.117,99 3.394,00 3.394,00
378 264,57 0,00 0,00 3.294,00 3.404,00
379 264,57 0,00 0,00 3.392,00 3.402,00
380 264,57 264,57 1.130,41 3.490,00 3.411,00
381 264,57 0,00 0,00 3.390,00 3.421,00
382 264,57 264,57 1.138,70 3.488,00 3.430,00
383 264,57 0,00 0,00 3.388,00 3.440,00
384 264,57 264,57 1.146,95 3.486,00 3.449,00
385 264,57 0,00 0,00 3.386,00 3.459,00
386 264,57 264,57 1.154,94 3.484,00 3.468,00
387 264,57 0,00 0,00 3.384,00 3.478,00
388 264,57 0,00 0,00 3.482,00 3.487,00
389 264,57 264,57 1.167,26 3.580,00 3.496,00
390 264,57 0,00 0,00 3.480,00 3.506,00
391 264,57 264,57 1.175,33 3.578,00 3.515,00
392 264,57 0,00 0,00 3.478,00 3.525,00
393 264,57 264,57 1.183,57 3.576,00 3.534,00
394 264,57 0,00 0,00 3.476,00 3.544,00
395 264,57 264,57 1.191,88 3.574,00 3.553,00
396 264,57 0,00 0,00 3.474,00 3.563,00
397 264,57 264,57 1.200,22 3.572,00 3.572,00
398 264,57 0,00 0,00 3.472,00 3.582,00
399 264,57 0,00 0,00 3.570,00 3.580,00
400 264,57 264,57 1.212,82 3.668,00 3.589,00
401 264,57 0,00 0,00 3.568,00 3.599,00
402 264,57 264,57 1.221,17 3.666,00 3.608,00
403 264,57 0,00 0,00 3.566,00 3.618,00
404 264,57 264,57 1.229,71 3.664,00 3.627,00
405 264,57 0,00 0,00 3.564,00 3.637,00
406 264,57 264,57 1.238,14 3.662,00 3.646,00
407 264,57 0,00 0,00 3.562,00 3.656,00
408 264,57 0,00 0,00 3.660,00 3.665,00
409 264,57 264,57 1.250,71 3.758,00 3.674,00
410 264,57 0,00 0,00 3.658,00 3.684,00
411 264,57 264,57 1.259,58 3.756,00 3.693,00
412 264,57 0,00 0,00 3.656,00 3.703,00
413 264,57 264,57 1.268,49 3.754,00 3.712,00
414 264,57 0,00 0,00 3.654,00 3.722,00
415 264,57 264,57 1.277,25 3.752,00 3.731,00
416 264,57 0,00 0,00 3.652,00 3.741,00
417 264,57 264,57 1.286,14 3.750,00 3.750,00
418 264,57 0,00 0,00 3.650,00 3.760,00
419 264,57 0,00 0,00 3.748,00 3.758,00
420 264,57 264,57 1.299,40 3.846,00 3.767,00
421 264,57 0,00 0,00 3.746,00 3.777,00
422 264,57 264,57 1.307,97 3.844,00 3.786,00
423 264,57 0,00 0,00 3.744,00 3.796,00
424 264,57 264,57 1.316,77 3.842,00 3.805,00
425 264,57 0,00 0,00 3.742,00 3.815,00
426 264,57 264,57 1.325,72 3.840,00 3.824,00
427 264,57 0,00 0,00 3.740,00 3.834,00
428 264,57 0,00 0,00 3.838,00 3.843,00
429 264,57 264,57 1.339,18 3.936,00 3.852,00
430 264,57 0,00 0,00 3.836,00 3.862,00
431 264,57 264,57 1.348,13 3.934,00 3.871,00
432 264,57 0,00 0,00 3.834,00 3.881,00
433 264,57 264,57 1.357,23 3.932,00 3.890,00
434 264,57 0,00 0,00 3.832,00 3.900,00
435 264,57 264,57 1.366,32 3.930,00 3.909,00
436 264,57 0,00 0,00 3.830,00 3.919,00
437 264,57 264,57 1.375,18 3.928,00 3.928,00
438 264,57 0,00 0,00 3.828,00 3.938,00
439 264,57 0,00 0,00 3.926,00 3.936,00
440 264,57 264,57 1.388,64 4.024,00 3.945,00
441 264,57 0,00 0,00 3.924,00 3.955,00
442 264,57 264,57 1.397,28 4.022,00 3.964,00
443 264,57 0,00 0,00 3.922,00 3.974,00
444 264,57 264,57 1.406,03 4.020,00 3.983,00
445 264,57 0,00 0,00 3.920,00 3.993,00
446 264,57 264,57 1.415,01 4.018,00 4.002,00
447 264,57 0,00 0,00 3.918,00 4.012,00
448 264,57 0,00 0,00 4.016,00 4.021,00
449 264,57 264,57 1.428,79 4.114,00 4.030,00
450 264,57 0,00 0,00 4.014,00 4.040,00
451 264,57 264,57 1.438,00 4.112,00 4.049,00
452 264,57 0,00 0,00 4.012,00 4.059,00
453 264,57 264,57 1.447,29 4.110,00 4.068,00
454 264,57 0,00 0,00 4.010,00 4.078,00
455 264,57 264,57 1.456,46 4.108,00 4.087,00
456 264,57 0,00 0,00 4.008,00 4.097,00
457 264,57 264,57 1.465,74 4.106,00 4.106,00
458 264,57 0,00 0,00 4.006,00 4.116,00
459 264,57 0,00 0,00 4.104,00 4.114,00
460 264,57 264,57 1.479,86 4.202,00 4.123,00
461 264,57 0,00 0,00 4.102,00 4.133,00
462 264,57 264,57 1.489,14 4.200,00 4.142,00
463 264,57 0,00 0,00 4.100,00 4.152,00
464 264,57 264,57 1.498,30 4.198,00 4.161,00
465 264,57 0,00 0,00 4.098,00 4.171,00
466 264,57 264,57 1.507,71 4.196,00 4.180,00
467 264,57 0,00 0,00 4.096,00 4.190,00
468 264,57 0,00 0,00 4.194,00 4.199,00
469 264,57 264,57 1.521,93 4.292,00 4.208,00
470 264,57 0,00 0,00 4.192,00 4.218,00
471 264,57 264,57 1.531,50 4.290,00 4.227,00
472 264,57 0,00 0,00 4.190,00 4.237,00
473 264,57 264,57 1.541,17 4.288,00 4.246,00
474 264,57 0,00 0,00 4.188,00 4.256,00
475 264,57 264,57 1.550,76 4.286,00 4.265,00
476 264,57 0,00 0,00 4.186,00 4.275,00
477 264,57 264,57 1.560,52 4.284,00 4.284,00
478 264,57 0,00 0,00 4.184,00 4.294,00
479 264,57 0,00 0,00 4.282,00 4.292,00
480 264,57 264,57 1.575,56 4.380,00 4.301,00
481 264,57 0,00 0,00 4.280,00 4.311,00
482 264,57 264,57 1.585,18 4.378,00 4.320,00
483 264,57 0,00 0,00 4.278,00 4.330,00
484 264,57 264,57 1.594,77 4.376,00 4.339,00
485 264,57 0,00 0,00 4.276,00 4.349,00
486 264,57 264,57 1.604,40 4.374,00 4.358,00
487 264,57 0,00 0,00 4.274,00 4.368,00
488 264,57 0,00 0,00 4.372,00 4.377,00
489 264,57 264,57 1.618,78 4.470,00 4.386,00
490 264,57 0,00 0,00 4.370,00 4.396,00
491 264,57 264,57 1.627,95 4.468,00 4.405,00
492 264,57 0,00 0,00 4.368,00 4.415,00
493 264,57 264,57 1.637,43 4.466,00 4.424,00
494 264,57 0,00 0,00 4.366,00 4.434,00
495 264,57 264,57 1.647,25 4.464,00 4.443,00
496 264,57 0,00 0,00 4.364,00 4.453,00
497 264,57 264,57 1.657,08 4.462,00 4.462,00
498 264,57 0,00 0,00 4.362,00 4.472,00
499 264,57 0,00 0,00 4.460,00 4.470,00
