1000
0 106,00 106,00 106,00 1,00 91,00 0
1 106,00 1,20 1,20 1,00 92,00 1235
2 106,00 1,16 1,16 1,00 95,00 1774
3 106,00 1,16 1,16 1,00 99,00 1865
4 106,00 1,16 1,16 1,00 103,00 1875
5 106,00 1,16 1,16 1,00 107,00 1879
6 106,00 1,16 1,16 1,00 111,00 1881
7 106,00 1,16 1,16 1,00 115,00 1881
8 106,00 1,16 1,16 1,00 119,00 1881
9 106,00 1,16 1,16 1,00 123,00 1881
10 106,00 1,16 1,16 1,00 127,00 1881
11 106,00 1,16 1,16 1,00 131,00 1881
12 106,00 1,16 1,16 1,00 135,00 1881
13 106,00 1,16 1,16 1,00 139,00 1881
14 106,00 1,16 1,16 1,00 143,00 1881
15 106,00 0,72 0,72 1,00 147,00 1881
16 106,00 0,72 0,72 1,00 151,00 1881
17 106,00 0,68 0,68 1,00 155,00 1881
18 106,00 0,68 0,68 1,00 159,00 1881
19 106,00 0,65 0,65 1,00 163,00 1881
20 106,00 0,65 0,65 1,00 167,00 1881
21 106,00 0,65 0,65 1,00 171,00 1881
22 106,00 0,65 0,65 1,00 175,00 1881
23 106,00 0,65 0,65 1,00 179,00 1881
24 106,00 0,65 0,65 1,00 183,00 1881
25 106,00 0,57 0,57 1,00 187,00 1881
26 106,00 0,57 0,57 1,00 191,00 1881
27 106,00 0,57 0,57 1,00 195,00 1881
28 106,00 0,57 0,57 1,00 199,00 1881
29 106,00 0,52 0,52 1,00 203,00 1881
30 106,00 0,52 0,52 99,00 207,00 1881
31 106,00 50,94 50,94 99,00 210,00 2704
32 106,00 50,94 50,94 99,00 214,00 3431
33 106,00 50,94 50,94 99,00 218,00 3821
34 106,00 50,94 50,94 99,00 222,00 4072
35 106,00 50,94 50,94 99,00 226,00 4286
36 106,00 50,94 50,94 99,00 230,00 4405
37 106,00 50,94 50,94 99,00 234,00 4558
38 106,00 50,94 50,94 99,00 238,00 4625
39 106,00 43,36 43,36 99,00 242,00 4666
40 106,00 43,36 43,36 99,00 246,00 4711
41 106,00 43,36 43,36 99,00 250,00 4762
42 106,00 43,36 43,36 99,00 254,00 4795
43 106,00 43,36 43,36 99,00 258,00 4831
44 106,00 43,36 43,36 99,00 262,00 4863
45 106,00 43,36 43,36 99,00 266,00 4893
46 106,00 43,36 43,36 99,00 270,00 4918
47 106,00 43,36 43,36 99,00 274,00 4938
48 106,00 43,36 43,36 99,00 278,00 4953
49 106,00 43,36 43,36 99,00 282,00 4969
50 106,00 43,36 43,36 99,00 286,00 4978
51 106,00 43,36 43,36 99,00 290,00 4991
52 106,00 43,36 43,36 99,00 294,00 5006
53 106,00 43,36 43,36 99,00 298,00 5016
54 106,00 43,36 43,36 99,00 302,00 5027
55 106,00 43,36 43,36 99,00 306,00 5033
56 106,00 33,85 33,85 99,00 310,00 5043
57 106,00 33,85 33,85 99,00 314,00 5047
58 106,00 33,85 33,85 99,00 318,00 5055
59 106,00 33,85 33,85 99,00 322,00 5061
60 106,00 33,85 33,85 1,00 326,00 5068
61 106,00 33,85 33,85 1,00 330,00 5076
62 106,00 33,85 33,85 1,00 334,00 5097
63 106,00 33,85 33,85 1,00 338,00 5110
64 106,00 33,85 33,85 1,00 342,00 5114
65 106,00 33,85 33,85 1,00 346,00 5115
66 106,00 33,85 33,85 1,00 350,00 5118
67 106,00 33,85 33,85 1,00 354,00 5123
68 106,00 33,85 33,85 1,00 358,00 5124
69 106,00 33,85 33,85 1,00 362,00 5125
70 106,00 33,85 33,85 1,00 366,00 5125
71 106,00 33,85 33,85 1,00 370,00 5125
72 106,00 33,85 33,85 1,00 374,00 5125
73 106,00 33,85 33,85 1,00 378,00 5125
74 106,00 33,85 33,85 1,00 382,00 5126
75 106,00 33,85 33,85 1,00 386,00 5126
76 106,00 33,85 33,85 1,00 390,00 5126
77 106,00 33,85 33,85 1,00 394,00 5126
78 106,00 33,85 33,85 1,00 398,00 5127
79 106,00 33,85 33,85 1,00 402,00 5128
80 106,00 33,85 33,85 1,00 406,00 5128
81 106,00 33,85 33,85 1,00 410,00 5128
82 106,00 33,85 33,85 1,00 414,00 5128
83 106,00 33,85 33,85 1,00 418,00 5128
84 106,00 33,85 33,85 1,00 422,00 5128
85 106,00 33,85 33,85 1,00 426,00 5128
86 106,00 33,85 33,85 1,00 430,00 5128
87 106,00 33,85 33,85 1,00 434,00 5128
88 106,00 33,85 33,85 1,00 438,00 5129
89 106,00 33,85 33,85 1,00 442,00 5133
90 106,00 0,24 0,24 99,00 446,00 5133
91 106,00 0,24 0,24 99,00 450,00 5240
92 106,00 23,16 23,16 99,00 453,00 5280
93 106,00 23,16 23,16 99,00 457,00 5298
94 106,00 23,16 23,16 99,00 461,00 5308
95 106,00 23,16 23,16 99,00 465,00 5318
96 106,00 23,16 23,16 99,00 469,00 5327
97 106,00 23,16 23,16 99,00 473,00 5336
98 106,00 23,16 23,16 99,00 477,00 5340
99 106,00 23,16 23,16 99,00 481,00 5347
100 106,00 21,64 21,64 99,00 485,00 5351
101 106,00 21,64 21,64 99,00 489,00 5353
102 106,00 21,64 21,64 99,00 493,00 5354
103 106,00 21,64 21,64 99,00 497,00 5357
104 106,00 21,64 21,64 99,00 501,00 5357
105 106,00 21,64 21,64 99,00 505,00 5357
106 106,00 21,64 21,64 99,00 509,00 5357
107 106,00 21,64 21,64 99,00 513,00 5357
108 106,00 21,64 21,64 99,00 517,00 5357
109 106,00 21,64 21,64 99,00 521,00 5359
110 106,00 21,64 21,64 99,00 525,00 5359
111 106,00 21,64 21,64 99,00 529,00 5360
112 106,00 21,64 21,64 99,00 533,00 5362
113 106,00 21,64 21,64 99,00 537,00 5364
114 106,00 21,64 21,64 99,00 541,00 5366
115 106,00 21,64 21,64 99,00 545,00 5366
116 106,00 21,64 21,64 99,00 549,00 5366
117 106,00 21,64 21,64 99,00 553,00 5366
118 106,00 21,64 21,64 99,00 557,00 5367
119 106,00 18,71 18,71 99,00 561,00 5368
120 106,00 18,71 18,71 1,00 565,00 5368
121 106,00 18,71 18,71 1,00 569,00 5378
122 106,00 18,71 18,71 1,00 573,00 5387
123 106,00 18,71 18,71 1,00 577,00 5391
124 106,00 18,71 18,71 1,00 581,00 5392
125 106,00 18,71 18,71 1,00 585,00 5392
126 106,00 18,71 18,71 1,00 589,00 5392
127 106,00 18,71 18,71 1,00 593,00 5392
128 106,00 18,71 18,71 1,00 597,00 5392
129 106,00 0,18 0,18 1,00 601,00 5392
130 106,00 0,18 0,18 1,00 605,00 5392
131 106,00 0,18 0,18 1,00 609,00 5392
132 106,00 0,18 0,18 1,00 613,00 5392
133 106,00 0,18 0,18 1,00 617,00 5392
134 106,00 0,18 0,18 1,00 621,00 5392
135 106,00 0,18 0,18 1,00 625,00 5392
136 106,00 0,18 0,18 1,00 629,00 5392
137 106,00 0,18 0,18 1,00 633,00 5392
138 106,00 0,18 0,18 1,00 637,00 5392
139 106,00 0,17 0,17 1,00 641,00 5392
140 106,00 0,17 0,17 1,00 645,00 5397
141 106,00 0,17 0,17 1,00 649,00 5398
142 106,00 0,17 0,17 1,00 653,00 5398
143 106,00 0,17 0,17 1,00 657,00 5398
144 106,00 0,17 0,17 1,00 661,00 5398
145 106,00 0,17 0,17 1,00 665,00 5398
146 106,00 0,17 0,17 1,00 669,00 5398
147 106,00 0,17 0,17 1,00 673,00 5398
148 106,00 0,17 0,17 1,00 677,00 5398
149 106,00 0,17 0,17 1,00 681,00 5398
150 106,00 0,17 0,17 99,00 685,00 5398
151 106,00 0,17 0,17 99,00 689,00 5443
152 106,00 15,25 15,25 99,00 692,00 5461
153 106,00 15,25 15,25 99,00 696,00 5469
154 106,00 15,25 15,25 99,00 700,00 5476
155 106,00 15,25 15,25 99,00 704,00 5480
156 106,00 14,82 14,82 99,00 708,00 5482
157 106,00 14,82 14,82 99,00 712,00 5482
158 106,00 14,82 14,82 99,00 716,00 5492
159 106,00 14,82 14,82 99,00 720,00 5501
160 106,00 14,82 14,82 99,00 724,00 5510
161 106,00 14,82 14,82 99,00 728,00 5520
162 106,00 14,82 14,82 99,00 732,00 5532
163 106,00 14,82 14,82 99,00 736,00 5544
164 106,00 14,82 14,82 99,00 740,00 5553
165 106,00 14,82 14,82 99,00 744,00 5560
166 106,00 14,82 14,82 99,00 748,00 5566
167 106,00 14,82 14,82 99,00 752,00 5570
168 106,00 14,82 14,82 99,00 756,00 5573
169 106,00 14,82 14,82 99,00 760,00 5575
170 106,00 14,82 14,82 99,00 764,00 5576
171 106,00 14,82 14,82 99,00 768,00 5577
172 106,00 14,82 14,82 99,00 772,00 5578
173 106,00 14,82 14,82 99,00 776,00 5579
174 106,00 14,82 14,82 99,00 780,00 5580
175 106,00 14,82 14,82 99,00 784,00 5582
176 106,00 13,32 13,32 99,00 788,00 5583
177 106,00 13,32 13,32 99,00 792,00 5584
178 106,00 13,32 13,32 99,00 796,00 5587
179 106,00 13,32 13,32 99,00 800,00 5589
180 106,00 13,32 13,32 1,00 804,00 5591
181 106,00 13,32 13,32 1,00 808,00 5600
182 106,00 13,32 13,32 1,00 812,00 5601
183 106,00 13,32 13,32 1,00 816,00 5602
184 106,00 13,32 13,32 1,00 820,00 5602
185 106,00 13,32 13,32 1,00 824,00 5602
186 106,00 13,32 13,32 1,00 828,00 5602
187 106,00 13,32 13,32 1,00 832,00 5602
188 106,00 13,32 13,32 1,00 836,00 5602
189 106,00 13,32 13,32 1,00 840,00 5602
190 106,00 13,32 13,32 1,00 844,00 5602
191 106,00 13,32 13,32 1,00 848,00 5604
192 106,00 13,32 13,32 1,00 852,00 5606
193 106,00 13,32 13,32 1,00 856,00 5607
194 106,00 13,32 13,32 1,00 860,00 5611
195 106,00 0,12 0,12 1,00 864,00 5613
196 106,00 0,12 0,12 1,00 868,00 5613
197 106,00 0,12 0,12 1,00 872,00 5613
198 106,00 0,12 0,12 1,00 876,00 5613
199 106,00 0,12 0,12 1,00 880,00 5613
200 106,00 0,12 0,12 1,00 884,00 5613
201 106,00 0,12 0,12 1,00 888,00 5613
202 106,00 0,12 0,12 1,00 892,00 5613
203 106,00 0,12 0,12 1,00 896,00 5613
204 106,00 0,12 0,12 1,00 900,00 5613
205 106,00 0,12 0,12 1,00 904,00 5613
206 106,00 0,12 0,12 1,00 908,00 5613
207 106,00 0,12 0,12 1,00 912,00 5613
208 106,00 0,12 0,12 1,00 916,00 5614
209 106,00 0,12 0,12 1,00 920,00 5616
210 106,00 0,12 0,12 97,00 924,00 5616
211 106,00 0,12 0,12 97,00 928,00 5655
212 106,00 11,04 11,04 97,00 931,00 5665
213 106,00 11,04 11,04 97,00 935,00 5671
214 106,00 11,04 11,04 97,00 939,00 5671
215 106,00 11,04 11,04 97,00 943,00 5671
216 106,00 11,04 11,04 97,00 947,00 5671
217 106,00 11,04 11,04 97,00 951,00 5671
218 106,00 11,04 11,04 97,00 955,00 5671
219 106,00 11,04 11,04 97,00 959,00 5671
220 106,00 11,04 11,04 97,00 963,00 5671
221 106,00 11,04 11,04 97,00 967,00 5671
222 106,00 11,04 11,04 97,00 971,00 5671
223 106,00 11,04 11,04 97,00 975,00 5671
224 106,00 11,04 11,04 97,00 979,00 5671
225 106,00 11,04 11,04 97,00 983,00 5671
226 106,00 11,04 11,04 97,00 987,00 5671
227 106,00 11,04 11,04 97,00 991,00 5671
228 106,00 11,04 11,04 97,00 995,00 5671
229 106,00 11,04 11,04 97,00 999,00 5671
230 106,00 11,04 11,04 97,00 1.003,00 5671
231 106,00 11,04 11,04 97,00 1.007,00 5671
232 106,00 11,04 11,04 97,00 1.011,00 5671
233 106,00 11,04 11,04 97,00 1.015,00 5671
234 106,00 10,09 10,09 97,00 1.019,00 5671
235 106,00 10,09 10,09 97,00 1.023,00 5671
236 106,00 10,09 10,09 97,00 1.027,00 5671
237 106,00 10,09 10,09 97,00 1.031,00 5671
238 106,00 10,09 10,09 97,00 1.035,00 5671
239 106,00 10,09 10,09 97,00 1.039,00 5671
240 106,00 10,09 10,09 1,00 1.043,00 5671
241 106,00 10,09 10,09 1,00 1.047,00 5686
242 106,00 10,09 10,09 1,00 1.051,00 5686
243 106,00 10,09 10,09 1,00 1.055,00 5687
244 106,00 10,09 10,09 1,00 1.059,00 5688
245 106,00 10,09 10,09 1,00 1.063,00 5688
246 106,00 10,09 10,09 1,00 1.067,00 5688
247 106,00 10,09 10,09 1,00 1.071,00 5688
248 106,00 10,09 10,09 1,00 1.075,00 5688
249 106,00 10,09 10,09 1,00 1.079,00 5691
250 106,00 10,09 10,09 1,00 1.083,00 5693
251 106,00 10,09 10,09 1,00 1.087,00 5693
252 106,00 10,09 10,09 1,00 1.091,00 5693
253 106,00 10,09 10,09 1,00 1.095,00 5694
254 106,00 10,09 10,09 1,00 1.099,00 5694
255 106,00 10,09 10,09 1,00 1.103,00 5694
256 106,00 10,09 10,09 1,00 1.107,00 5694
257 106,00 0,10 0,10 1,00 1.111,00 5694
258 106,00 0,10 0,10 1,00 1.115,00 5694
259 106,00 0,10 0,10 1,00 1.119,00 5694
260 106,00 0,10 0,10 1,00 1.123,00 5694
261 106,00 0,10 0,10 1,00 1.127,00 5694
262 106,00 0,10 0,10 1,00 1.131,00 5694
263 106,00 0,10 0,10 1,00 1.135,00 5694
264 106,00 0,10 0,10 1,00 1.139,00 5694
265 106,00 0,10 0,10 1,00 1.143,00 5694
266 106,00 0,09 0,09 1,00 1.147,00 5694
267 106,00 0,09 0,09 1,00 1.151,00 5694
268 106,00 0,09 0,09 1,00 1.155,00 5694
269 106,00 0,09 0,09 1,00 1.159,00 5694
270 106,00 0,09 0,09 99,00 1.163,00 5694
271 106,00 0,09 0,09 99,00 1.167,00 5724
272 106,00 9,00 9,00 99,00 1.170,00 5736
273 106,00 9,00 9,00 99,00 1.174,00 5742
274 106,00 9,00 9,00 99,00 1.178,00 5742
275 106,00 9,00 9,00 99,00 1.182,00 5742
276 106,00 9,00 9,00 99,00 1.186,00 5742
277 106,00 8,82 8,82 99,00 1.190,00 5742
278 106,00 8,82 8,82 99,00 1.194,00 5742
279 106,00 8,82 8,82 99,00 1.198,00 5742
280 106,00 8,82 8,82 99,00 1.202,00 5742
281 106,00 8,82 8,82 99,00 1.206,00 5742
282 106,00 8,82 8,82 99,00 1.210,00 5742
283 106,00 8,82 8,82 99,00 1.214,00 5742
284 106,00 8,82 8,82 99,00 1.218,00 5742
285 106,00 8,82 8,82 99,00 1.222,00 5742
286 106,00 8,56 8,56 99,00 1.226,00 5742
287 106,00 8,56 8,56 99,00 1.230,00 5742
288 106,00 8,56 8,56 99,00 1.234,00 5742
289 106,00 8,56 8,56 99,00 1.238,00 5742
290 106,00 8,56 8,56 99,00 1.242,00 5742
291 106,00 8,56 8,56 99,00 1.246,00 5742
292 106,00 8,56 8,56 99,00 1.250,00 5742
293 106,00 8,56 8,56 99,00 1.254,00 5742
294 106,00 8,56 8,56 99,00 1.258,00 5742
295 106,00 8,56 8,56 99,00 1.262,00 5742
296 106,00 8,56 8,56 99,00 1.266,00 5742
297 106,00 8,56 8,56 99,00 1.270,00 5742
298 106,00 8,56 8,56 99,00 1.274,00 5742
299 106,00 8,56 8,56 99,00 1.278,00 5742
300 106,00 8,19 8,19 1,00 1.282,00 5742
301 106,00 8,19 8,19 1,00 1.286,00 5752
302 106,00 8,19 8,19 1,00 1.290,00 5752
303 106,00 8,19 8,19 1,00 1.294,00 5752
304 106,00 8,19 8,19 1,00 1.298,00 5752
305 106,00 0,08 0,08 1,00 1.302,00 5752
306 106,00 0,08 0,08 1,00 1.306,00 5762
307 106,00 0,08 0,08 1,00 1.310,00 5773
308 106,00 0,08 0,08 1,00 1.314,00 5778
309 106,00 0,08 0,08 1,00 1.318,00 5780
310 106,00 0,08 0,08 1,00 1.322,00 5780
311 106,00 0,08 0,08 1,00 1.326,00 5780
312 106,00 0,08 0,08 1,00 1.330,00 5780
313 106,00 0,08 0,08 1,00 1.334,00 5782
314 106,00 0,08 0,08 1,00 1.338,00 5783
315 106,00 0,08 0,08 1,00 1.342,00 5783
316 106,00 0,08 0,08 1,00 1.346,00 5783
317 106,00 0,08 0,08 1,00 1.350,00 5783
318 106,00 0,08 0,08 1,00 1.354,00 5783
319 106,00 0,08 0,08 1,00 1.358,00 5783
320 106,00 0,08 0,08 1,00 1.362,00 5783
321 106,00 0,08 0,08 1,00 1.366,00 5783
322 106,00 0,08 0,08 1,00 1.370,00 5783
323 106,00 0,08 0,08 1,00 1.374,00 5783
324 106,00 0,08 0,08 1,00 1.378,00 5783
325 106,00 0,08 0,08 1,00 1.382,00 5783
326 106,00 0,08 0,08 1,00 1.386,00 5783
327 106,00 0,08 0,08 1,00 1.390,00 5783
328 106,00 0,08 0,08 1,00 1.394,00 5783
329 106,00 0,08 0,08 1,00 1.398,00 5783
330 106,00 0,08 0,08 99,00 1.402,00 5783
331 106,00 7,49 7,49 99,00 1.405,00 5809
332 106,00 7,49 7,49 99,00 1.409,00 5815
333 106,00 7,49 7,49 99,00 1.413,00 5818
334 106,00 7,49 7,49 99,00 1.417,00 5819
335 106,00 7,49 7,49 99,00 1.421,00 5820
336 106,00 7,49 7,49 99,00 1.425,00 5820
337 106,00 7,34 7,34 99,00 1.429,00 5820
338 106,00 7,34 7,34 99,00 1.433,00 5820
339 106,00 7,30 7,30 99,00 1.437,00 5820
340 106,00 7,30 7,30 99,00 1.441,00 5820
341 106,00 7,30 7,30 99,00 1.445,00 5820
342 106,00 7,30 7,30 99,00 1.449,00 5820
343 106,00 7,30 7,30 99,00 1.453,00 5820
344 106,00 7,30 7,30 99,00 1.457,00 5820
345 106,00 7,30 7,30 99,00 1.461,00 5820
346 106,00 7,30 7,30 99,00 1.465,00 5820
347 106,00 7,30 7,30 99,00 1.469,00 5820
348 106,00 7,30 7,30 99,00 1.473,00 5820
349 106,00 7,30 7,30 99,00 1.477,00 5820
350 106,00 7,09 7,09 99,00 1.481,00 5820
351 106,00 7,09 7,09 99,00 1.485,00 5820
352 106,00 7,09 7,09 99,00 1.489,00 5820
353 106,00 7,09 7,09 99,00 1.493,00 5820
354 106,00 7,01 7,01 99,00 1.497,00 5820
355 106,00 7,01 7,01 99,00 1.501,00 5820
356 106,00 7,01 7,01 99,00 1.505,00 5820
357 106,00 7,01 7,01 99,00 1.509,00 5820
358 106,00 7,01 7,01 99,00 1.513,00 5820
359 106,00 7,01 7,01 99,00 1.517,00 5820
360 106,00 7,01 7,01 1,00 1.521,00 5820
361 106,00 7,01 7,01 1,00 1.525,00 5827
362 106,00 7,01 7,01 1,00 1.529,00 5827
363 106,00 7,01 7,01 1,00 1.533,00 5827
364 106,00 7,01 7,01 1,00 1.537,00 5827
365 106,00 7,01 7,01 1,00 1.541,00 5827
366 106,00 7,01 7,01 1,00 1.545,00 5827
367 106,00 0,07 0,07 1,00 1.549,00 5827
368 106,00 0,07 0,07 1,00 1.553,00 5827
369 106,00 0,07 0,07 1,00 1.557,00 5827
370 106,00 0,07 0,07 1,00 1.561,00 5827
371 106,00 0,07 0,07 1,00 1.565,00 5827
372 106,00 0,07 0,07 1,00 1.569,00 5827
373 106,00 0,07 0,07 1,00 1.573,00 5827
374 106,00 0,07 0,07 1,00 1.577,00 5827
375 106,00 0,07 0,07 1,00 1.581,00 5827
376 106,00 0,07 0,07 1,00 1.585,00 5827
377 106,00 0,07 0,07 1,00 1.589,00 5827
378 106,00 0,07 0,07 1,00 1.593,00 5827
379 106,00 0,07 0,07 1,00 1.597,00 5827
380 106,00 0,07 0,07 1,00 1.601,00 5827
381 106,00 0,07 0,07 1,00 1.605,00 5827
382 106,00 0,07 0,07 1,00 1.609,00 5827
383 106,00 0,07 0,07 1,00 1.613,00 5833
384 106,00 0,07 0,07 1,00 1.617,00 5833
385 106,00 0,07 0,07 1,00 1.621,00 5833
386 106,00 0,07 0,07 1,00 1.625,00 5833
387 106,00 0,07 0,07 1,00 1.629,00 5833
388 106,00 0,07 0,07 1,00 1.633,00 5833
389 106,00 0,07 0,07 1,00 1.637,00 5833
390 106,00 0,07 0,07 99,00 1.641,00 5833
391 106,00 0,07 0,07 99,00 1.645,00 5854
392 106,00 6,38 6,38 99,00 1.648,00 5858
393 106,00 6,38 6,38 99,00 1.652,00 5861
394 106,00 6,38 6,38 99,00 1.656,00 5861
395 106,00 6,38 6,38 99,00 1.660,00 5861
396 106,00 6,38 6,38 99,00 1.664,00 5861
397 106,00 6,38 6,38 99,00 1.668,00 5861
398 106,00 6,38 6,38 99,00 1.672,00 5861
399 106,00 6,38 6,38 99,00 1.676,00 5861
400 106,00 6,38 6,38 99,00 1.680,00 5861
401 106,00 6,38 6,38 99,00 1.684,00 5865
402 106,00 6,38 6,38 99,00 1.688,00 5866
403 106,00 6,38 6,38 99,00 1.692,00 5866
404 106,00 6,19 6,19 99,00 1.696,00 5866
405 106,00 6,19 6,19 99,00 1.700,00 5866
406 106,00 6,19 6,19 99,00 1.704,00 5866
407 106,00 6,14 6,14 99,00 1.708,00 5866
408 106,00 6,14 6,14 99,00 1.712,00 5866
409 106,00 6,14 6,14 99,00 1.716,00 5866
410 106,00 6,14 6,14 99,00 1.720,00 5866
411 106,00 6,09 6,09 99,00 1.724,00 5866
412 106,00 6,09 6,09 99,00 1.728,00 5866
413 106,00 6,06 6,06 99,00 1.732,00 5866
414 106,00 6,06 6,06 99,00 1.736,00 5866
415 106,00 6,06 6,06 99,00 1.740,00 5866
416 106,00 6,06 6,06 99,00 1.744,00 5866
417 106,00 6,06 6,06 99,00 1.748,00 5866
418 106,00 6,06 6,06 99,00 1.752,00 5866
419 106,00 6,06 6,06 99,00 1.756,00 5866
420 106,00 6,06 6,06 1,00 1.760,00 5866
421 106,00 6,06 6,06 1,00 1.764,00 5875
422 106,00 6,06 6,06 1,00 1.768,00 5878
423 106,00 6,06 6,06 1,00 1.772,00 5879
424 106,00 6,06 6,06 1,00 1.776,00 5879
425 106,00 6,06 6,06 1,00 1.780,00 5879
426 106,00 6,06 6,06 1,00 1.784,00 5879
427 106,00 6,06 6,06 1,00 1.788,00 5879
428 106,00 0,06 0,06 1,00 1.792,00 5880
429 106,00 0,06 0,06 1,00 1.796,00 5880
430 106,00 0,06 0,06 1,00 1.800,00 5880
431 106,00 0,06 0,06 1,00 1.804,00 5880
432 106,00 0,06 0,06 1,00 1.808,00 5880
433 106,00 0,06 0,06 1,00 1.812,00 5880
434 106,00 0,06 0,06 1,00 1.816,00 5880
435 106,00 0,06 0,06 1,00 1.820,00 5880
436 106,00 0,06 0,06 1,00 1.824,00 5880
437 106,00 0,06 0,06 1,00 1.828,00 5880
438 106,00 0,06 0,06 1,00 1.832,00 5880
439 106,00 0,06 0,06 1,00 1.836,00 5880
440 106,00 0,06 0,06 1,00 1.840,00 5880
441 106,00 0,06 0,06 1,00 1.844,00 5880
442 106,00 0,06 0,06 1,00 1.848,00 5880
443 106,00 0,06 0,06 1,00 1.852,00 5880
444 106,00 0,06 0,06 1,00 1.856,00 5880
445 106,00 0,06 0,06 1,00 1.860,00 5880
446 106,00 0,06 0,06 1,00 1.864,00 5880
447 106,00 0,06 0,06 1,00 1.868,00 5880
448 106,00 0,06 0,06 1,00 1.872,00 5880
449 106,00 0,06 0,06 1,00 1.876,00 5880
450 106,00 0,06 0,06 99,00 1.880,00 5880
451 106,00 0,06 0,06 99,00 1.884,00 5901
452 106,00 5,57 5,57 99,00 1.887,00 5908
453 106,00 5,57 5,57 99,00 1.891,00 5908
454 106,00 5,57 5,57 99,00 1.895,00 5908
455 106,00 5,57 5,57 99,00 1.899,00 5908
456 106,00 5,57 5,57 99,00 1.903,00 5909
457 106,00 5,57 5,57 99,00 1.907,00 5909
458 106,00 5,57 5,57 99,00 1.911,00 5909
459 106,00 5,57 5,57 99,00 1.915,00 5909
460 106,00 5,57 5,57 99,00 1.919,00 5909
461 106,00 5,57 5,57 99,00 1.923,00 5909
462 106,00 5,57 5,57 99,00 1.927,00 5909
463 106,00 5,43 5,43 99,00 1.931,00 5909
464 106,00 5,43 5,43 99,00 1.935,00 5909
465 106,00 5,43 5,43 99,00 1.939,00 5909
466 106,00 5,43 5,43 99,00 1.943,00 5909
467 106,00 5,43 5,43 99,00 1.947,00 5909
468 106,00 5,43 5,43 99,00 1.951,00 5909
469 106,00 5,37 5,37 99,00 1.955,00 5909
470 106,00 5,37 5,37 99,00 1.959,00 5909
471 106,00 5,37 5,37 99,00 1.963,00 5909
472 106,00 5,33 5,33 99,00 1.967,00 5909
473 106,00 5,33 5,33 99,00 1.971,00 5909
474 106,00 5,33 5,33 99,00 1.975,00 5909
475 106,00 5,33 5,33 99,00 1.979,00 5909
476 106,00 5,33 5,33 99,00 1.983,00 5909
477 106,00 5,33 5,33 99,00 1.987,00 5909
478 106,00 5,33 5,33 99,00 1.991,00 5909
479 106,00 5,33 5,33 99,00 1.995,00 5909
480 106,00 5,33 5,33 1,00 1.999,00 5909
481 106,00 5,33 5,33 1,00 2.003,00 5915
482 106,00 0,05 0,05 1,00 2.007,00 5916
483 106,00 0,05 0,05 1,00 2.011,00 5916
484 106,00 0,05 0,05 1,00 2.015,00 5916
485 106,00 0,05 0,05 1,00 2.019,00 5916
486 106,00 0,05 0,05 1,00 2.023,00 5916
487 106,00 0,05 0,05 1,00 2.027,00 5916
488 106,00 0,05 0,05 1,00 2.031,00 5916
489 106,00 0,05 0,05 1,00 2.035,00 5916
490 106,00 0,05 0,05 1,00 2.039,00 5916
491 106,00 0,05 0,05 1,00 2.043,00 5916
492 106,00 0,05 0,05 1,00 2.047,00 5916
493 106,00 0,05 0,05 1,00 2.051,00 5916
494 106,00 0,05 0,05 1,00 2.055,00 5916
495 106,00 0,05 0,05 1,00 2.059,00 5916
496 106,00 0,05 0,05 1,00 2.063,00 5916
497 106,00 0,05 0,05 1,00 2.067,00 5916
498 106,00 0,05 0,05 1,00 2.071,00 5916
499 106,00 0,05 0,05 1,00 2.075,00 5916
500 106,00 0,05 0,05 1,00 2.079,00 5916
501 106,00 0,05 0,05 1,00 2.083,00 5916
502 106,00 0,05 0,05 1,00 2.087,00 5916
503 106,00 0,05 0,05 1,00 2.091,00 5916
504 106,00 0,05 0,05 1,00 2.095,00 5916
505 106,00 0,05 0,05 1,00 2.099,00 5919
506 106,00 0,05 0,05 1,00 2.103,00 5919
507 106,00 0,05 0,05 1,00 2.107,00 5919
508 106,00 0,05 0,05 1,00 2.111,00 5919
509 106,00 0,05 0,05 1,00 2.115,00 5919
510 106,00 0,05 0,05 99,00 2.119,00 5919
511 106,00 0,05 0,05 99,00 2.123,00 5935
512 106,00 4,95 4,95 99,00 2.126,00 5937
513 106,00 4,95 4,95 99,00 2.130,00 5938
514 106,00 4,95 4,95 99,00 2.134,00 5938
515 106,00 4,91 4,91 99,00 2.138,00 5938
516 106,00 4,91 4,91 99,00 2.142,00 5938
517 106,00 4,91 4,91 99,00 2.146,00 5938
518 106,00 4,91 4,91 99,00 2.150,00 5938
519 106,00 4,91 4,91 99,00 2.154,00 5938
520 106,00 4,91 4,91 99,00 2.158,00 5938
521 106,00 4,91 4,91 99,00 2.162,00 5938
522 106,00 4,91 4,91 99,00 2.166,00 5938
523 106,00 4,91 4,91 99,00 2.170,00 5938
524 106,00 4,91 4,91 99,00 2.174,00 5938
525 106,00 4,91 4,91 99,00 2.178,00 5938
526 106,00 4,81 4,81 99,00 2.182,00 5938
527 106,00 4,81 4,81 99,00 2.186,00 5938
528 106,00 4,81 4,81 99,00 2.190,00 5938
529 106,00 4,78 4,78 99,00 2.194,00 5938
530 106,00 4,78 4,78 99,00 2.198,00 5938
531 106,00 4,78 4,78 99,00 2.202,00 5938
532 106,00 4,78 4,78 99,00 2.206,00 5938
533 106,00 4,78 4,78 99,00 2.210,00 5938
534 106,00 4,78 4,78 99,00 2.214,00 5938
535 106,00 4,78 4,78 99,00 2.218,00 5938
536 106,00 4,78 4,78 99,00 2.222,00 5938
537 106,00 4,71 4,71 99,00 2.226,00 5938
538 106,00 4,71 4,71 99,00 2.230,00 5938
539 106,00 4,71 4,71 99,00 2.234,00 5938
540 106,00 4,71 4,71 1,00 2.238,00 5938
541 106,00 4,71 4,71 1,00 2.242,00 5942
542 106,00 4,71 4,71 1,00 2.246,00 5944
543 106,00 4,71 4,71 1,00 2.250,00 5946
544 106,00 4,71 4,71 1,00 2.254,00 5947
545 106,00 4,71 4,71 1,00 2.258,00 5958
546 106,00 0,05 0,05 1,00 2.262,00 5965
547 106,00 0,05 0,05 1,00 2.266,00 5965
548 106,00 0,05 0,05 1,00 2.270,00 5965
549 106,00 0,05 0,05 1,00 2.274,00 5965
550 106,00 0,05 0,05 1,00 2.278,00 5965
551 106,00 0,05 0,05 1,00 2.282,00 5965
552 106,00 0,05 0,05 1,00 2.286,00 5965
553 106,00 0,05 0,05 1,00 2.290,00 5965
554 106,00 0,05 0,05 1,00 2.294,00 5965
555 106,00 0,05 0,05 1,00 2.298,00 5965
556 106,00 0,05 0,05 1,00 2.302,00 5965
557 106,00 0,05 0,05 1,00 2.306,00 5965
558 106,00 0,05 0,05 1,00 2.310,00 5965
559 106,00 0,05 0,05 1,00 2.314,00 5969
560 106,00 0,05 0,05 1,00 2.318,00 5969
561 106,00 0,05 0,05 1,00 2.322,00 5969
562 106,00 0,05 0,05 1,00 2.326,00 5969
563 106,00 0,05 0,05 1,00 2.330,00 5969
564 106,00 0,05 0,05 1,00 2.334,00 5969
565 106,00 0,05 0,05 1,00 2.338,00 5969
566 106,00 0,05 0,05 1,00 2.342,00 5969
567 106,00 0,05 0,05 1,00 2.346,00 5969
568 106,00 0,05 0,05 1,00 2.350,00 5969
569 106,00 0,05 0,05 1,00 2.354,00 5969
570 106,00 0,05 0,05 99,00 2.358,00 5969
571 106,00 0,05 0,05 99,00 2.362,00 5988
572 106,00 4,44 4,44 99,00 2.365,00 5994
573 106,00 4,44 4,44 99,00 2.369,00 5999
574 106,00 4,44 4,44 99,00 2.373,00 6004
575 106,00 4,44 4,44 99,00 2.377,00 6007
576 106,00 4,44 4,44 99,00 2.381,00 6009
577 106,00 4,44 4,44 99,00 2.385,00 6010
578 106,00 4,44 4,44 99,00 2.389,00 6010
579 106,00 4,44 4,44 99,00 2.393,00 6010
580 106,00 4,38 4,38 99,00 2.397,00 6010
581 106,00 4,38 4,38 99,00 2.401,00 6010
582 106,00 4,38 4,38 99,00 2.405,00 6010
583 106,00 4,38 4,38 99,00 2.409,00 6010
584 106,00 4,38 4,38 99,00 2.413,00 6010
585 106,00 4,38 4,38 99,00 2.417,00 6010
586 106,00 4,38 4,38 99,00 2.421,00 6010
587 106,00 4,38 4,38 99,00 2.425,00 6010
588 106,00 4,38 4,38 99,00 2.429,00 6010
589 106,00 4,38 4,38 99,00 2.433,00 6010
590 106,00 4,38 4,38 99,00 2.437,00 6010
591 106,00 4,38 4,38 99,00 2.441,00 6010
592 106,00 4,38 4,38 99,00 2.445,00 6010
593 106,00 4,28 4,28 99,00 2.449,00 6010
594 106,00 4,28 4,28 99,00 2.453,00 6010
595 106,00 4,28 4,28 99,00 2.457,00 6010
596 106,00 4,28 4,28 99,00 2.461,00 6010
597 106,00 4,26 4,26 99,00 2.465,00 6010
598 106,00 4,26 4,26 99,00 2.469,00 6010
599 106,00 4,24 4,24 99,00 2.473,00 6010
600 106,00 4,24 4,24 3,00 2.477,00 6010
601 106,00 4,24 4,24 3,00 2.481,00 6019
602 106,00 4,24 4,24 3,00 2.485,00 6021
603 106,00 4,24 4,24 3,00 2.489,00 6022
604 106,00 4,24 4,24 3,00 2.493,00 6022
605 106,00 4,24 4,24 3,00 2.497,00 6022
606 106,00 4,24 4,24 3,00 2.501,00 6022
607 106,00 4,24 4,24 3,00 2.505,00 6022
608 106,00 4,24 4,24 3,00 2.509,00 6023
609 106,00 4,24 4,24 3,00 2.513,00 6023
610 106,00 0,13 0,13 3,00 2.517,00 6023
611 106,00 0,13 0,13 3,00 2.521,00 6023
612 106,00 0,13 0,13 3,00 2.525,00 6023
613 106,00 0,13 0,13 3,00 2.529,00 6023
614 106,00 0,13 0,13 3,00 2.533,00 6023
615 106,00 0,13 0,13 3,00 2.537,00 6023
616 106,00 0,13 0,13 3,00 2.541,00 6023
617 106,00 0,13 0,13 3,00 2.545,00 6023
618 106,00 0,12 0,12 3,00 2.549,00 6023
619 106,00 0,12 0,12 3,00 2.553,00 6023
620 106,00 0,12 0,12 3,00 2.557,00 6023
621 106,00 0,12 0,12 3,00 2.561,00 6023
622 106,00 0,12 0,12 3,00 2.565,00 6023
623 106,00 0,12 0,12 3,00 2.569,00 6023
624 106,00 0,12 0,12 3,00 2.573,00 6023
625 106,00 0,12 0,12 3,00 2.577,00 6023
626 106,00 0,12 0,12 3,00 2.581,00 6023
627 106,00 0,12 0,12 3,00 2.585,00 6023
628 106,00 0,12 0,12 3,00 2.589,00 6023
629 106,00 0,12 0,12 3,00 2.593,00 6023
630 106,00 0,12 0,12 101,00 2.597,00 6023
631 106,00 0,12 0,12 101,00 2.601,00 6039
632 106,00 0,12 0,12 101,00 2.605,00 6043
633 106,00 0,12 0,12 101,00 2.609,00 6043
634 106,00 0,12 0,12 101,00 2.613,00 6043
635 106,00 0,12 0,12 101,00 2.617,00 6043
636 106,00 0,12 0,12 101,00 2.621,00 6043
637 106,00 0,12 0,12 101,00 2.625,00 6043
638 106,00 0,12 0,12 101,00 2.629,00 6043
639 106,00 4,07 4,07 101,00 2.633,00 6043
640 106,00 4,07 4,07 101,00 2.637,00 6043
641 106,00 4,07 4,07 101,00 2.641,00 6043
642 106,00 4,07 4,07 101,00 2.645,00 6043
643 106,00 4,07 4,07 101,00 2.649,00 6043
644 106,00 4,07 4,07 101,00 2.653,00 6043
645 106,00 4,07 4,07 101,00 2.657,00 6043
646 106,00 4,07 4,07 101,00 2.661,00 6043
647 106,00 4,02 4,02 101,00 2.665,00 6043
648 106,00 4,02 4,02 101,00 2.669,00 6043
649 106,00 4,02 4,02 101,00 2.673,00 6043
650 106,00 4,02 4,02 101,00 2.677,00 6043
651 106,00 4,02 4,02 101,00 2.681,00 6043
652 106,00 4,02 4,02 101,00 2.685,00 6043
653 106,00 4,02 4,02 101,00 2.689,00 6043
654 106,00 4,02 4,02 101,00 2.693,00 6043
655 106,00 4,02 4,02 101,00 2.697,00 6043
656 106,00 4,02 4,02 101,00 2.701,00 6043
657 106,00 4,02 4,02 101,00 2.705,00 6043
658 106,00 3,95 3,95 101,00 2.709,00 6043
659 106,00 3,95 3,95 101,00 2.713,00 6043
660 106,00 3,95 3,95 1,00 2.717,00 6043
661 106,00 3,95 3,95 1,00 2.721,00 6047
662 106,00 3,95 3,95 1,00 2.725,00 6047
663 106,00 3,95 3,95 1,00 2.729,00 6047
664 106,00 3,95 3,95 1,00 2.733,00 6047
665 106,00 3,95 3,95 1,00 2.737,00 6047
666 106,00 3,95 3,95 1,00 2.741,00 6047
667 106,00 3,95 3,95 1,00 2.745,00 6047
668 106,00 3,95 3,95 1,00 2.749,00 6048
669 106,00 3,95 3,95 1,00 2.753,00 6048
670 106,00 3,95 3,95 1,00 2.757,00 6048
671 106,00 3,95 3,95 1,00 2.761,00 6048
672 106,00 3,95 3,95 1,00 2.765,00 6048
673 106,00 3,95 3,95 1,00 2.769,00 6048
674 106,00 0,04 0,04 1,00 2.773,00 6048
675 106,00 0,04 0,04 1,00 2.777,00 6048
676 106,00 0,04 0,04 1,00 2.781,00 6048
677 106,00 0,04 0,04 1,00 2.785,00 6048
678 106,00 0,04 0,04 1,00 2.789,00 6048
679 106,00 0,04 0,04 1,00 2.793,00 6048
680 106,00 0,04 0,04 1,00 2.797,00 6048
681 106,00 0,04 0,04 1,00 2.801,00 6048
682 106,00 0,04 0,04 1,00 2.805,00 6048
683 106,00 0,04 0,04 1,00 2.809,00 6048
684 106,00 0,04 0,04 1,00 2.813,00 6048
685 106,00 0,04 0,04 1,00 2.817,00 6048
686 106,00 0,04 0,04 1,00 2.821,00 6048
687 106,00 0,04 0,04 1,00 2.825,00 6048
688 106,00 0,04 0,04 1,00 2.829,00 6048
689 106,00 0,04 0,04 1,00 2.833,00 6048
690 106,00 0,04 0,04 99,00 2.837,00 6048
691 106,00 0,04 0,04 99,00 2.841,00 6060
692 106,00 0,04 0,04 99,00 2.845,00 6063
693 106,00 0,04 0,04 99,00 2.849,00 6066
694 106,00 0,04 0,04 99,00 2.853,00 6067
695 106,00 0,04 0,04 99,00 2.857,00 6068
696 106,00 0,04 0,04 99,00 2.861,00 6070
697 106,00 0,04 0,04 99,00 2.865,00 6070
698 106,00 0,04 0,04 99,00 2.869,00 6070
699 106,00 0,04 0,04 99,00 2.873,00 6070
700 106,00 0,04 0,04 99,00 2.877,00 6070
701 106,00 0,04 0,04 99,00 2.881,00 6070
702 106,00 0,04 0,04 99,00 2.885,00 6070
703 106,00 0,04 0,04 99,00 2.889,00 6070
704 106,00 0,04 0,04 99,00 2.893,00 6070
705 106,00 0,04 0,04 99,00 2.897,00 6070
706 106,00 0,04 0,04 99,00 2.901,00 6070
707 106,00 0,04 0,04 99,00 2.905,00 6070
708 106,00 0,04 0,04 99,00 2.909,00 6070
709 106,00 0,04 0,04 99,00 2.913,00 6070
710 106,00 0,04 0,04 99,00 2.917,00 6070
711 106,00 0,04 0,04 99,00 2.921,00 6070
712 106,00 0,04 0,04 99,00 2.925,00 6070
713 106,00 0,04 0,04 99,00 2.929,00 6070
714 106,00 0,04 0,04 99,00 2.933,00 6070
715 106,00 0,04 0,04 99,00 2.937,00 6070
716 106,00 3,57 3,57 99,00 2.941,00 6070
717 106,00 3,57 3,57 99,00 2.945,00 6070
718 106,00 3,57 3,57 99,00 2.949,00 6070
719 106,00 3,57 3,57 99,00 2.953,00 6070
720 106,00 3,57 3,57 1,00 2.957,00 6070
721 106,00 3,57 3,57 1,00 2.961,00 6073
722 106,00 3,57 3,57 1,00 2.965,00 6073
723 106,00 3,57 3,57 1,00 2.969,00 6073
724 106,00 3,57 3,57 1,00 2.973,00 6073
725 106,00 3,57 3,57 1,00 2.977,00 6073
726 106,00 3,57 3,57 1,00 2.981,00 6073
727 106,00 3,57 3,57 1,00 2.985,00 6073
728 106,00 3,57 3,57 1,00 2.989,00 6073
729 106,00 3,57 3,57 1,00 2.993,00 6073
730 106,00 3,57 3,57 1,00 2.997,00 6073
731 106,00 3,57 3,57 1,00 3.001,00 6073
732 106,00 3,57 3,57 1,00 3.005,00 6073
733 106,00 3,57 3,57 1,00 3.009,00 6073
734 106,00 3,57 3,57 1,00 3.013,00 6073
735 106,00 3,57 3,57 1,00 3.017,00 6073
736 106,00 3,57 3,57 1,00 3.021,00 6073
737 106,00 3,57 3,57 1,00 3.025,00 6073
738 106,00 3,57 3,57 1,00 3.029,00 6073
739 106,00 3,57 3,57 1,00 3.033,00 6073
740 106,00 3,57 3,57 1,00 3.037,00 6073
741 106,00 3,57 3,57 1,00 3.041,00 6073
742 106,00 3,57 3,57 1,00 3.045,00 6073
743 106,00 3,57 3,57 1,00 3.049,00 6073
744 106,00 3,57 3,57 1,00 3.053,00 6073
745 106,00 3,57 3,57 1,00 3.057,00 6073
746 106,00 3,57 3,57 1,00 3.061,00 6073
747 106,00 3,57 3,57 1,00 3.065,00 6073
748 106,00 3,57 3,57 1,00 3.069,00 6073
749 106,00 3,57 3,57 1,00 3.073,00 6073
750 106,00 3,57 3,57 1,00 3.077,00 6073
751 106,00 0,03 0,03 1,00 3.081,00 6081
752 106,00 0,03 0,03 1,00 3.085,00 6085
753 106,00 0,03 0,03 1,00 3.089,00 6085
754 106,00 0,03 0,03 1,00 3.093,00 6085
755 106,00 0,03 0,03 1,00 3.097,00 6085
756 106,00 0,03 0,03 1,00 3.101,00 6085
757 106,00 0,03 0,03 1,00 3.105,00 6085
758 106,00 0,03 0,03 1,00 3.109,00 6091
759 106,00 0,03 0,03 1,00 3.113,00 6094
760 106,00 0,03 0,03 1,00 3.117,00 6096
761 106,00 0,03 0,03 1,00 3.121,00 6097
762 106,00 0,03 0,03 1,00 3.125,00 6098
763 106,00 0,03 0,03 1,00 3.129,00 6098
764 106,00 0,03 0,03 1,00 3.133,00 6098
765 106,00 0,03 0,03 1,00 3.137,00 6098
766 106,00 0,03 0,03 1,00 3.141,00 6098
767 106,00 0,03 0,03 1,00 3.145,00 6098
768 106,00 0,03 0,03 1,00 3.149,00 6098
769 106,00 0,03 0,03 1,00 3.153,00 6098
770 106,00 0,03 0,03 1,00 3.157,00 6098
771 106,00 0,03 0,03 1,00 3.161,00 6098
772 106,00 0,03 0,03 1,00 3.165,00 6098
773 106,00 0,03 0,03 1,00 3.169,00 6098
774 106,00 0,03 0,03 1,00 3.173,00 6098
775 106,00 0,03 0,03 1,00 3.177,00 6098
776 106,00 0,03 0,03 1,00 3.181,00 6098
777 106,00 0,03 0,03 1,00 3.185,00 6098
778 106,00 0,03 0,03 1,00 3.189,00 6098
779 106,00 0,03 0,03 1,00 3.193,00 6098
780 106,00 0,03 0,03 99,00 3.197,00 6098
781 106,00 0,03 0,03 99,00 3.201,00 6102
782 106,00 0,03 0,03 99,00 3.205,00 6107
783 106,00 0,03 0,03 99,00 3.209,00 6110
784 106,00 0,03 0,03 99,00 3.213,00 6111
785 106,00 0,03 0,03 99,00 3.217,00 6111
786 106,00 0,03 0,03 99,00 3.221,00 6111
787 106,00 0,03 0,03 99,00 3.225,00 6111
788 106,00 0,03 0,03 99,00 3.229,00 6111
789 106,00 0,03 0,03 99,00 3.233,00 6111
790 106,00 0,03 0,03 99,00 3.237,00 6111
791 106,00 0,03 0,03 99,00 3.241,00 6111
792 106,00 0,03 0,03 99,00 3.245,00 6111
793 106,00 0,03 0,03 99,00 3.249,00 6111
794 106,00 0,03 0,03 99,00 3.253,00 6111
795 106,00 0,03 0,03 99,00 3.257,00 6111
796 106,00 0,03 0,03 99,00 3.261,00 6111
797 106,00 0,03 0,03 99,00 3.265,00 6111
798 106,00 0,03 0,03 99,00 3.269,00 6111
799 106,00 0,03 0,03 99,00 3.273,00 6111
800 106,00 0,03 0,03 99,00 3.277,00 6111
801 106,00 0,03 0,03 99,00 3.281,00 6111
802 106,00 0,03 0,03 99,00 3.285,00 6111
803 106,00 0,03 0,03 99,00 3.289,00 6111
804 106,00 3,19 3,19 99,00 3.293,00 6111
805 106,00 3,19 3,19 99,00 3.297,00 6111
806 106,00 3,19 3,19 99,00 3.301,00 6111
807 106,00 3,19 3,19 99,00 3.305,00 6111
808 106,00 3,19 3,19 99,00 3.309,00 6111
809 106,00 3,19 3,19 99,00 3.313,00 6111
810 106,00 3,19 3,19 1,00 3.317,00 6111
811 106,00 3,19 3,19 1,00 3.321,00 6120
812 106,00 3,19 3,19 1,00 3.325,00 6122
813 106,00 3,19 3,19 1,00 3.329,00 6123
814 106,00 3,19 3,19 1,00 3.333,00 6123
815 106,00 3,19 3,19 1,00 3.337,00 6123
816 106,00 3,19 3,19 1,00 3.341,00 6123
817 106,00 3,19 3,19 1,00 3.345,00 6123
818 106,00 3,19 3,19 1,00 3.349,00 6123
819 106,00 3,19 3,19 1,00 3.353,00 6123
820 106,00 3,19 3,19 1,00 3.357,00 6123
821 106,00 0,03 0,03 1,00 3.361,00 6123
822 106,00 0,03 0,03 1,00 3.365,00 6123
823 106,00 0,03 0,03 1,00 3.369,00 6123
824 106,00 0,03 0,03 1,00 3.373,00 6123
825 106,00 0,03 0,03 1,00 3.377,00 6123
826 106,00 0,03 0,03 1,00 3.381,00 6123
827 106,00 0,03 0,03 1,00 3.385,00 6123
828 106,00 0,03 0,03 1,00 3.389,00 6123
829 106,00 0,03 0,03 1,00 3.393,00 6123
830 106,00 0,03 0,03 1,00 3.397,00 6123
831 106,00 0,03 0,03 1,00 3.401,00 6123
832 106,00 0,03 0,03 1,00 3.405,00 6123
833 106,00 0,03 0,03 1,00 3.409,00 6123
834 106,00 0,03 0,03 1,00 3.413,00 6123
835 106,00 0,03 0,03 1,00 3.417,00 6123
836 106,00 0,03 0,03 1,00 3.421,00 6123
837 106,00 0,03 0,03 1,00 3.425,00 6123
838 106,00 0,03 0,03 1,00 3.429,00 6123
839 106,00 0,03 0,03 1,00 3.433,00 6123
840 106,00 0,03 0,03 99,00 3.437,00 6123
841 106,00 0,03 0,03 99,00 3.441,00 6130
842 106,00 0,03 0,03 99,00 3.445,00 6130
843 106,00 0,03 0,03 99,00 3.449,00 6130
844 106,00 0,03 0,03 99,00 3.453,00 6130
845 106,00 0,03 0,03 99,00 3.457,00 6130
846 106,00 0,03 0,03 99,00 3.461,00 6130
847 106,00 3,03 3,03 99,00 3.465,00 6130
848 106,00 3,03 3,03 99,00 3.469,00 6130
849 106,00 3,03 3,03 99,00 3.473,00 6130
850 106,00 3,03 3,03 99,00 3.477,00 6130
851 106,00 3,03 3,03 99,00 3.481,00 6130
852 106,00 3,03 3,03 99,00 3.485,00 6130
853 106,00 3,03 3,03 99,00 3.489,00 6130
854 106,00 3,03 3,03 99,00 3.493,00 6130
855 106,00 3,03 3,03 99,00 3.497,00 6130
856 106,00 3,03 3,03 99,00 3.501,00 6130
857 106,00 3,03 3,03 99,00 3.505,00 6130
858 106,00 3,03 3,03 99,00 3.509,00 6130
859 106,00 2,99 2,99 99,00 3.513,00 6130
860 106,00 2,99 2,99 99,00 3.517,00 6130
861 106,00 2,98 2,98 99,00 3.521,00 6130
862 106,00 2,98 2,98 99,00 3.525,00 6130
863 106,00 2,98 2,98 99,00 3.529,00 6130
864 106,00 2,98 2,98 99,00 3.533,00 6130
865 106,00 2,98 2,98 99,00 3.537,00 6130
866 106,00 2,98 2,98 99,00 3.541,00 6130
867 106,00 2,98 2,98 99,00 3.545,00 6130
868 106,00 2,98 2,98 99,00 3.549,00 6130
869 106,00 2,98 2,98 99,00 3.553,00 6130
870 106,00 2,95 2,95 1,00 3.557,00 6130
871 106,00 2,95 2,95 1,00 3.561,00 6139
872 106,00 2,95 2,95 1,00 3.565,00 6142
873 106,00 2,95 2,95 1,00 3.569,00 6144
874 106,00 2,95 2,95 1,00 3.573,00 6144
875 106,00 2,95 2,95 1,00 3.577,00 6152
876 106,00 2,95 2,95 1,00 3.581,00 6155
877 106,00 2,95 2,95 1,00 3.585,00 6156
878 106,00 2,95 2,95 1,00 3.589,00 6156
879 106,00 0,03 0,03 1,00 3.593,00 6156
880 106,00 0,03 0,03 1,00 3.597,00 6156
881 106,00 0,03 0,03 1,00 3.601,00 6156
882 106,00 0,03 0,03 1,00 3.605,00 6156
883 106,00 0,03 0,03 1,00 3.609,00 6156
884 106,00 0,03 0,03 1,00 3.613,00 6156
885 106,00 0,03 0,03 1,00 3.617,00 6156
886 106,00 0,03 0,03 1,00 3.621,00 6156
887 106,00 0,03 0,03 1,00 3.625,00 6156
888 106,00 0,03 0,03 1,00 3.629,00 6156
889 106,00 0,03 0,03 1,00 3.633,00 6156
890 106,00 0,03 0,03 1,00 3.637,00 6156
891 106,00 0,03 0,03 1,00 3.641,00 6156
892 106,00 0,03 0,03 1,00 3.645,00 6156
893 106,00 0,03 0,03 1,00 3.649,00 6156
894 106,00 0,03 0,03 1,00 3.653,00 6156
895 106,00 0,03 0,03 1,00 3.657,00 6156
896 106,00 0,03 0,03 1,00 3.661,00 6156
897 106,00 0,03 0,03 1,00 3.665,00 6156
898 106,00 0,03 0,03 1,00 3.669,00 6156
899 106,00 0,03 0,03 1,00 3.673,00 6156
900 106,00 0,03 0,03 99,00 3.677,00 6156
901 106,00 2,85 2,85 99,00 3.681,00 6161
902 106,00 2,85 2,85 99,00 3.685,00 6162
903 106,00 2,85 2,85 99,00 3.689,00 6163
904 106,00 2,85 2,85 99,00 3.693,00 6163
905 106,00 2,85 2,85 99,00 3.697,00 6164
906 106,00 2,85 2,85 99,00 3.701,00 6165
907 106,00 2,85 2,85 99,00 3.705,00 6165
908 106,00 2,85 2,85 99,00 3.709,00 6165
909 106,00 2,85 2,85 99,00 3.713,00 6165
910 106,00 2,85 2,85 99,00 3.717,00 6165
911 106,00 2,85 2,85 99,00 3.721,00 6165
912 106,00 2,85 2,85 99,00 3.725,00 6165
913 106,00 2,85 2,85 99,00 3.729,00 6165
914 106,00 2,85 2,85 99,00 3.733,00 6165
915 106,00 2,85 2,85 99,00 3.737,00 6165
916 106,00 2,85 2,85 99,00 3.741,00 6165
917 106,00 2,85 2,85 99,00 3.745,00 6165
918 106,00 2,85 2,85 99,00 3.749,00 6165
919 106,00 2,85 2,85 99,00 3.753,00 6165
920 106,00 2,85 2,85 99,00 3.757,00 6165
921 106,00 2,85 2,85 99,00 3.761,00 6165
922 106,00 2,85 2,85 99,00 3.765,00 6165
923 106,00 2,85 2,85 99,00 3.769,00 6165
924 106,00 2,85 2,85 99,00 3.773,00 6165
925 106,00 2,85 2,85 99,00 3.777,00 6165
926 106,00 2,85 2,85 99,00 3.781,00 6165
927 106,00 2,85 2,85 99,00 3.785,00 6165
928 106,00 2,85 2,85 99,00 3.789,00 6165
929 106,00 2,85 2,85 99,00 3.793,00 6165
930 106,00 2,85 2,85 5,00 3.797,00 6165
931 106,00 2,85 2,85 5,00 3.801,00 6173
932 106,00 2,85 2,85 5,00 3.805,00 6176
933 106,00 2,85 2,85 5,00 3.809,00 6176
934 106,00 2,85 2,85 5,00 3.813,00 6176
935 106,00 0,14 0,14 5,00 3.817,00 6176
936 106,00 0,14 0,14 5,00 3.821,00 6177
937 106,00 0,14 0,14 5,00 3.825,00 6177
938 106,00 0,14 0,14 5,00 3.829,00 6177
939 106,00 0,14 0,14 5,00 3.833,00 6177
940 106,00 0,14 0,14 5,00 3.837,00 6177
941 106,00 0,14 0,14 5,00 3.841,00 6177
942 106,00 0,14 0,14 5,00 3.845,00 6177
943 106,00 0,14 0,14 5,00 3.849,00 6177
944 106,00 0,14 0,14 5,00 3.853,00 6177
945 106,00 0,14 0,14 5,00 3.857,00 6177
946 106,00 0,14 0,14 5,00 3.861,00 6177
947 106,00 0,14 0,14 5,00 3.865,00 6177
948 106,00 0,14 0,14 5,00 3.869,00 6177
949 106,00 0,14 0,14 5,00 3.873,00 6177
950 106,00 0,14 0,14 5,00 3.877,00 6177
951 106,00 0,14 0,14 5,00 3.881,00 6177
952 106,00 0,14 0,14 5,00 3.885,00 6177
953 106,00 0,14 0,14 5,00 3.889,00 6177
954 106,00 0,14 0,14 5,00 3.893,00 6177
955 106,00 0,14 0,14 5,00 3.897,00 6177
956 106,00 0,14 0,14 5,00 3.901,00 6177
957 106,00 0,14 0,14 5,00 3.905,00 6177
958 106,00 0,14 0,14 5,00 3.909,00 6177
959 106,00 0,14 0,14 5,00 3.913,00 6177
960 106,00 0,14 0,14 101,00 3.917,00 6177
961 106,00 0,14 0,14 101,00 3.921,00 6179
962 106,00 0,14 0,14 101,00 3.925,00 6180
963 106,00 0,14 0,14 101,00 3.929,00 6180
964 106,00 0,14 0,14 101,00 3.933,00 6180
965 106,00 0,14 0,14 101,00 3.937,00 6181
966 106,00 0,14 0,14 101,00 3.941,00 6181
967 106,00 0,14 0,14 101,00 3.945,00 6181
968 106,00 0,14 0,14 101,00 3.949,00 6181
969 106,00 0,14 0,14 101,00 3.953,00 6181
970 106,00 0,14 0,14 101,00 3.957,00 6181
971 106,00 0,14 0,14 101,00 3.961,00 6181
972 106,00 0,14 0,14 101,00 3.965,00 6181
973 106,00 0,14 0,14 101,00 3.969,00 6181
974 106,00 0,14 0,14 101,00 3.973,00 6181
975 106,00 0,14 0,14 101,00 3.977,00 6181
976 106,00 0,14 0,14 101,00 3.981,00 6181
977 106,00 0,14 0,14 101,00 3.985,00 6181
978 106,00 0,14 0,14 101,00 3.989,00 6181
979 106,00 0,14 0,14 101,00 3.993,00 6181
980 106,00 0,14 0,14 101,00 3.997,00 6181
981 106,00 0,14 0,14 101,00 4.001,00 6181
982 106,00 0,14 0,14 101,00 4.005,00 6181
983 106,00 0,14 0,14 101,00 4.009,00 6181
984 106,00 2,67 2,67 101,00 4.013,00 6181
985 106,00 2,67 2,67 101,00 4.017,00 6181
986 106,00 2,67 2,67 101,00 4.021,00 6181
987 106,00 2,67 2,67 101,00 4.025,00 6181
988 106,00 2,67 2,67 101,00 4.029,00 6181
989 106,00 2,67 2,67 101,00 4.033,00 6181
990 106,00 2,67 2,67 5,00 4.037,00 6181
991 106,00 2,67 2,67 5,00 4.041,00 6187
992 106,00 2,67 2,67 5,00 4.045,00 6189
993 106,00 2,67 2,67 5,00 4.049,00 6189
994 106,00 2,67 2,67 5,00 4.053,00 6189
995 106,00 0,13 0,13 5,00 4.057,00 6189
996 106,00 0,13 0,13 5,00 4.061,00 6189
997 106,00 0,13 0,13 5,00 4.065,00 6189
998 106,00 0,13 0,13 5,00 4.069,00 6189
999 106,00 0,13 0,13 5,00 4.073,00 6189
