500
0 322,01 322,01 322,01 1,00 23,00
1 322,01 0,00 0,00 1,00 30,00
2 322,01 644,03 947,65 99,00 38,00
3 322,01 0,00 0,00 1,00 47,00
4 322,01 322,01 370,72 99,00 55,00
5 322,01 0,00 0,00 1,00 64,00
6 322,01 322,01 600,56 99,00 72,00
7 322,01 0,00 0,00 1,00 81,00
8 322,01 322,01 495,82 99,00 89,00
9 322,01 0,00 0,00 1,00 98,00
10 322,01 0,00 0,00 99,00 106,00
11 322,01 322,01 416,62 197,00 114,00
12 322,01 0,00 0,00 97,00 123,00
13 322,01 322,01 414,48 195,00 131,00
14 322,01 0,00 0,00 95,00 140,00
15 322,01 322,01 413,74 193,00 148,00
16 322,01 0,00 0,00 93,00 157,00
17 322,01 322,01 413,05 191,00 165,00
18 322,01 0,00 0,00 91,00 174,00
19 322,01 322,01 409,58 189,00 182,00
20 322,01 0,00 0,00 89,00 191,00
21 322,01 0,00 0,00 187,00 196,00
22 322,01 322,01 411,72 285,00 204,00
23 322,01 0,00 0,00 185,00 213,00
24 322,01 322,01 405,42 283,00 221,00
25 322,01 0,00 0,00 183,00 230,00
26 322,01 322,01 403,05 281,00 238,00
27 322,01 0,00 0,00 181,00 247,00
28 322,01 322,01 399,79 279,00 255,00
29 322,01 0,00 0,00 179,00 264,00
30 322,01 322,01 396,60 277,00 272,00
31 322,01 0,00 0,00 177,00 281,00
32 322,01 0,00 0,00 275,00 284,00
33 322,01 322,01 391,69 373,00 292,00
34 322,01 0,00 0,00 273,00 301,00
35 322,01 322,01 387,85 371,00 309,00
36 322,01 0,00 0,00 271,00 318,00
37 322,01 322,01 383,24 369,00 326,00
38 322,01 0,00 0,00 269,00 335,00
39 322,01 322,01 378,95 367,00 343,00
40 322,01 0,00 0,00 267,00 352,00
41 322,01 322,01 374,77 365,00 360,00
42 322,01 0,00 0,00 265,00 369,00
43 322,01 0,00 0,00 363,00 372,00
44 322,01 322,01 367,77 461,00 380,00
45 322,01 0,00 0,00 361,00 389,00
46 322,01 322,01 362,79 459,00 397,00
47 322,01 0,00 0,00 359,00 406,00
48 322,01 322,01 358,61 457,00 414,00
49 322,01 0,00 0,00 357,00 423,00
50 322,01 322,01 353,56 455,00 431,00
51 322,01 0,00 0,00 355,00 440,00
52 322,01 322,01 348,86 453,00 448,00
53 322,01 0,00 0,00 353,00 457,00
54 322,01 0,00 0,00 451,00 460,00
55 322,01 322,01 341,90 549,00 468,00
56 322,01 0,00 0,00 449,00 477,00
57 322,01 322,01 336,89 547,00 485,00
58 322,01 0,00 0,00 447,00 494,00
59 322,01 322,01 332,04 545,00 502,00
60 322,01 0,00 0,00 445,00 511,00
61 322,01 322,01 327,14 543,00 519,00
62 322,01 0,00 0,00 443,00 528,00
63 322,01 322,01 322,38 541,00 536,00
64 322,01 0,00 0,00 441,00 545,00
65 322,01 0,00 0,00 539,00 548,00
66 322,01 322,01 315,53 637,00 556,00
67 322,01 0,00 0,00 537,00 565,00
68 322,01 322,01 311,10 635,00 573,00
69 322,01 0,00 0,00 535,00 582,00
70 322,01 322,01 306,15 633,00 590,00
71 322,01 0,00 0,00 533,00 599,00
72 322,01 322,01 301,35 631,00 607,00
73 322,01 0,00 0,00 531,00 616,00
74 322,01 322,01 296,67 629,00 624,00
75 322,01 0,00 0,00 529,00 633,00
76 322,01 0,00 0,00 627,00 636,00
77 322,01 322,01 289,94 725,00 644,00
78 322,01 0,00 0,00 625,00 653,00
79 322,01 322,01 285,66 723,00 661,00
80 322,01 0,00 0,00 623,00 670,00
81 322,01 322,01 281,16 721,00 678,00
82 322,01 0,00 0,00 621,00 687,00
83 322,01 322,01 276,90 719,00 695,00
84 322,01 0,00 0,00 619,00 704,00
85 322,01 322,01 272,65 717,00 712,00
86 322,01 0,00 0,00 617,00 721,00
87 322,01 0,00 0,00 715,00 724,00
88 322,01 322,01 266,58 813,00 732,00
89 322,01 0,00 0,00 713,00 741,00
90 322,01 322,01 262,87 811,00 749,00
91 322,01 0,00 0,00 711,00 758,00
92 322,01 322,01 258,91 809,00 766,00
93 322,01 0,00 0,00 709,00 775,00
94 322,01 322,01 255,40 807,00 783,00
95 322,01 0,00 0,00 707,00 792,00
96 322,01 322,01 251,82 805,00 800,00
97 322,01 0,00 0,00 705,00 809,00
98 322,01 0,00 0,00 803,00 812,00
99 322,01 322,01 246,21 901,00 820,00
100 322,01 0,00 0,00 801,00 829,00
101 322,01 322,01 242,98 899,00 837,00
102 322,01 0,00 0,00 799,00 846,00
103 322,01 322,01 239,38 897,00 854,00
104 322,01 0,00 0,00 797,00 863,00
105 322,01 322,01 236,26 895,00 871,00
106 322,01 0,00 0,00 795,00 880,00
107 322,01 322,01 232,71 893,00 888,00
108 322,01 0,00 0,00 793,00 897,00
109 322,01 0,00 0,00 891,00 900,00
110 322,01 322,01 228,19 989,00 908,00
111 322,01 0,00 0,00 889,00 917,00
112 322,01 322,01 225,26 987,00 925,00
113 322,01 0,00 0,00 887,00 934,00
114 322,01 322,01 222,29 985,00 942,00
115 322,01 0,00 0,00 885,00 951,00
116 322,01 322,01 219,41 983,00 959,00
117 322,01 0,00 0,00 883,00 968,00
118 322,01 322,01 216,32 981,00 976,00
119 322,01 0,00 0,00 881,00 985,00
120 322,01 0,00 0,00 979,00 988,00
121 322,01 322,01 212,07 1.077,00 996,00
122 322,01 0,00 0,00 977,00 1.005,00
123 322,01 322,01 209,59 1.075,00 1.013,00
124 322,01 0,00 0,00 975,00 1.022,00
125 322,01 322,01 206,65 1.073,00 1.030,00
126 322,01 0,00 0,00 973,00 1.039,00
127 322,01 322,01 204,05 1.071,00 1.047,00
128 322,01 0,00 0,00 971,00 1.056,00
129 322,01 322,01 201,80 1.069,00 1.064,00
130 322,01 0,00 0,00 969,00 1.073,00
131 322,01 0,00 0,00 1.067,00 1.076,00
132 322,01 322,01 197,89 1.165,00 1.084,00
133 322,01 0,00 0,00 1.065,00 1.093,00
134 322,01 322,01 195,60 1.163,00 1.101,00
135 322,01 0,00 0,00 1.063,00 1.110,00
136 322,01 322,01 193,18 1.161,00 1.118,00
137 322,01 0,00 0,00 1.061,00 1.127,00
138 322,01 322,01 191,03 1.159,00 1.135,00
139 322,01 0,00 0,00 1.059,00 1.144,00
140 322,01 322,01 188,72 1.157,00 1.152,00
141 322,01 0,00 0,00 1.057,00 1.161,00
142 322,01 0,00 0,00 1.155,00 1.164,00
143 322,01 322,01 185,73 1.253,00 1.172,00
144 322,01 0,00 0,00 1.153,00 1.181,00
145 322,01 322,01 183,63 1.251,00 1.189,00
146 322,01 0,00 0,00 1.151,00 1.198,00
147 322,01 322,01 181,82 1.249,00 1.206,00
148 322,01 0,00 0,00 1.149,00 1.215,00
149 322,01 322,01 179,95 1.247,00 1.223,00
150 322,01 0,00 0,00 1.147,00 1.232,00
151 322,01 322,01 178,08 1.245,00 1.240,00
152 322,01 0,00 0,00 1.145,00 1.249,00
153 322,01 0,00 0,00 1.243,00 1.252,00
154 322,01 322,01 175,51 1.341,00 1.260,00
155 322,01 0,00 0,00 1.241,00 1.269,00
156 322,01 322,01 173,55 1.339,00 1.277,00
157 322,01 0,00 0,00 1.239,00 1.286,00
158 322,01 322,01 171,89 1.337,00 1.294,00
159 322,01 0,00 0,00 1.237,00 1.303,00
160 322,01 322,01 170,12 1.335,00 1.311,00
161 322,01 0,00 0,00 1.235,00 1.320,00
162 322,01 322,01 168,60 1.333,00 1.328,00
163 322,01 0,00 0,00 1.233,00 1.337,00
164 322,01 0,00 0,00 1.331,00 1.340,00
165 322,01 322,01 166,33 1.429,00 1.348,00
166 322,01 0,00 0,00 1.329,00 1.357,00
167 322,01 322,01 164,80 1.427,00 1.365,00
168 322,01 0,00 0,00 1.327,00 1.374,00
169 322,01 322,01 163,27 1.425,00 1.382,00
170 322,01 0,00 0,00 1.325,00 1.391,00
171 322,01 322,01 161,88 1.423,00 1.399,00
172 322,01 0,00 0,00 1.323,00 1.408,00
173 322,01 322,01 160,53 1.421,00 1.416,00
174 322,01 0,00 0,00 1.321,00 1.425,00
175 322,01 0,00 0,00 1.419,00 1.428,00
176 322,01 322,01 158,34 1.517,00 1.436,00
177 322,01 0,00 0,00 1.417,00 1.445,00
178 322,01 322,01 157,06 1.515,00 1.453,00
179 322,01 0,00 0,00 1.415,00 1.462,00
180 322,01 322,01 155,74 1.513,00 1.470,00
181 322,01 0,00 0,00 1.413,00 1.479,00
182 322,01 322,01 154,55 1.511,00 1.487,00
183 322,01 0,00 0,00 1.411,00 1.496,00
184 322,01 322,01 153,23 1.509,00 1.504,00
185 322,01 0,00 0,00 1.409,00 1.513,00
186 322,01 0,00 0,00 1.507,00 1.516,00
187 322,01 322,01 151,45 1.605,00 1.524,00
188 322,01 0,00 0,00 1.505,00 1.533,00
189 322,01 322,01 150,29 1.603,00 1.541,00
190 322,01 0,00 0,00 1.503,00 1.550,00
191 322,01 322,01 149,15 1.601,00 1.558,00
192 322,01 0,00 0,00 1.501,00 1.567,00
193 322,01 322,01 148,12 1.599,00 1.575,00
194 322,01 0,00 0,00 1.499,00 1.584,00
195 322,01 322,01 146,97 1.597,00 1.592,00
196 322,01 0,00 0,00 1.497,00 1.601,00
197 322,01 0,00 0,00 1.595,00 1.604,00
198 322,01 322,01 145,51 1.693,00 1.612,00
199 322,01 0,00 0,00 1.593,00 1.621,00
200 322,01 322,01 144,51 1.691,00 1.629,00
201 322,01 0,00 0,00 1.591,00 1.638,00
202 322,01 322,01 143,52 1.689,00 1.646,00
203 322,01 0,00 0,00 1.589,00 1.655,00
204 322,01 322,01 142,56 1.687,00 1.663,00
205 322,01 0,00 0,00 1.587,00 1.672,00
206 322,01 322,01 141,63 1.685,00 1.680,00
207 322,01 0,00 0,00 1.585,00 1.689,00
208 322,01 0,00 0,00 1.683,00 1.692,00
209 322,01 322,01 140,29 1.781,00 1.700,00
210 322,01 0,00 0,00 1.681,00 1.709,00
211 322,01 322,01 139,42 1.779,00 1.717,00
212 322,01 0,00 0,00 1.679,00 1.726,00
213 322,01 322,01 138,56 1.777,00 1.734,00
214 322,01 0,00 0,00 1.677,00 1.743,00
215 322,01 322,01 137,73 1.775,00 1.751,00
216 322,01 0,00 0,00 1.675,00 1.760,00
217 322,01 322,01 136,92 1.773,00 1.768,00
218 322,01 0,00 0,00 1.673,00 1.777,00
219 322,01 0,00 0,00 1.771,00 1.780,00
220 322,01 322,01 135,82 1.869,00 1.788,00
221 322,01 0,00 0,00 1.769,00 1.797,00
222 322,01 322,01 135,04 1.867,00 1.805,00
223 322,01 0,00 0,00 1.767,00 1.814,00
224 322,01 322,01 134,27 1.865,00 1.822,00
225 322,01 0,00 0,00 1.765,00 1.831,00
226 322,01 322,01 133,53 1.863,00 1.839,00
227 322,01 0,00 0,00 1.763,00 1.848,00
228 322,01 322,01 132,79 1.861,00 1.856,00
229 322,01 0,00 0,00 1.761,00 1.865,00
230 322,01 0,00 0,00 1.859,00 1.868,00
231 322,01 322,01 131,67 1.957,00 1.876,00
232 322,01 0,00 0,00 1.857,00 1.885,00
233 322,01 322,01 131,06 1.955,00 1.893,00
234 322,01 0,00 0,00 1.855,00 1.902,00
235 322,01 322,01 130,47 1.953,00 1.910,00
236 322,01 0,00 0,00 1.853,00 1.919,00
237 322,01 322,01 129,81 1.951,00 1.927,00
238 322,01 0,00 0,00 1.851,00 1.936,00
239 322,01 322,01 129,18 1.949,00 1.944,00
240 322,01 0,00 0,00 1.849,00 1.953,00
241 322,01 0,00 0,00 1.947,00 1.956,00
242 322,01 322,01 128,26 2.045,00 1.964,00
243 322,01 0,00 0,00 1.945,00 1.973,00
244 322,01 322,01 127,67 2.043,00 1.981,00
245 322,01 0,00 0,00 1.943,00 1.990,00
246 322,01 322,01 127,09 2.041,00 1.998,00
247 322,01 0,00 0,00 1.941,00 2.007,00
248 322,01 322,01 126,51 2.039,00 2.015,00
249 322,01 0,00 0,00 1.939,00 2.024,00
250 322,01 322,01 125,95 2.037,00 2.032,00
251 322,01 0,00 0,00 1.937,00 2.041,00
252 322,01 0,00 0,00 2.035,00 2.044,00
253 322,01 322,01 125,15 2.133,00 2.052,00
254 322,01 0,00 0,00 2.033,00 2.061,00
255 322,01 322,01 124,63 2.131,00 2.069,00
256 322,01 0,00 0,00 2.031,00 2.078,00
257 322,01 322,01 124,11 2.129,00 2.086,00
258 322,01 0,00 0,00 2.029,00 2.095,00
259 322,01 322,01 123,61 2.127,00 2.103,00
260 322,01 0,00 0,00 2.027,00 2.112,00
261 322,01 322,01 123,11 2.125,00 2.120,00
262 322,01 0,00 0,00 2.025,00 2.129,00
263 322,01 0,00 0,00 2.123,00 2.132,00
264 322,01 322,01 122,39 2.221,00 2.140,00
265 322,01 0,00 0,00 2.121,00 2.149,00
266 322,01 322,01 121,92 2.219,00 2.157,00
267 322,01 0,00 0,00 2.119,00 2.166,00
268 322,01 322,01 121,47 2.217,00 2.174,00
269 322,01 0,00 0,00 2.117,00 2.183,00
270 322,01 322,01 121,03 2.215,00 2.191,00
271 322,01 0,00 0,00 2.115,00 2.200,00
272 322,01 322,01 120,59 2.213,00 2.208,00
273 322,01 0,00 0,00 2.113,00 2.217,00
274 322,01 0,00 0,00 2.211,00 2.220,00
275 322,01 322,01 119,93 2.309,00 2.228,00
276 322,01 0,00 0,00 2.209,00 2.237,00
277 322,01 322,01 119,50 2.307,00 2.245,00
278 322,01 0,00 0,00 2.207,00 2.254,00
279 322,01 322,01 119,14 2.305,00 2.262,00
280 322,01 0,00 0,00 2.205,00 2.271,00
281 322,01 322,01 118,68 2.303,00 2.279,00
282 322,01 0,00 0,00 2.203,00 2.288,00
283 322,01 322,01 118,28 2.301,00 2.296,00
284 322,01 0,00 0,00 2.201,00 2.305,00
285 322,01 0,00 0,00 2.299,00 2.308,00
286 322,01 322,01 117,70 2.397,00 2.316,00
287 322,01 0,00 0,00 2.297,00 2.325,00
288 322,01 322,01 117,32 2.395,00 2.333,00
289 322,01 0,00 0,00 2.295,00 2.342,00
290 322,01 322,01 116,89 2.393,00 2.350,00
291 322,01 0,00 0,00 2.293,00 2.359,00
292 322,01 322,01 116,59 2.391,00 2.367,00
293 322,01 0,00 0,00 2.291,00 2.376,00
294 322,01 322,01 116,29 2.389,00 2.384,00
295 322,01 0,00 0,00 2.289,00 2.393,00
296 322,01 0,00 0,00 2.387,00 2.396,00
297 322,01 322,01 115,78 2.485,00 2.404,00
298 322,01 0,00 0,00 2.385,00 2.413,00
299 322,01 322,01 115,44 2.483,00 2.421,00
300 322,01 0,00 0,00 2.383,00 2.430,00
301 322,01 322,01 115,11 2.481,00 2.438,00
302 322,01 0,00 0,00 2.381,00 2.447,00
303 322,01 322,01 114,79 2.479,00 2.455,00
304 322,01 0,00 0,00 2.379,00 2.464,00
305 322,01 322,01 114,48 2.477,00 2.472,00
306 322,01 0,00 0,00 2.377,00 2.481,00
307 322,01 0,00 0,00 2.475,00 2.484,00
308 322,01 322,01 114,03 2.573,00 2.492,00
309 322,01 0,00 0,00 2.473,00 2.501,00
310 322,01 322,01 113,72 2.571,00 2.509,00
311 322,01 0,00 0,00 2.471,00 2.518,00
312 322,01 322,01 113,43 2.569,00 2.526,00
313 322,01 0,00 0,00 2.469,00 2.535,00
314 322,01 322,01 113,80 2.567,00 2.543,00
315 322,01 0,00 0,00 2.467,00 2.552,00
316 322,01 322,01 113,51 2.565,00 2.560,00
317 322,01 0,00 0,00 2.465,00 2.569,00
318 322,01 0,00 0,00 2.563,00 2.572,00
319 322,01 322,01 112,45 2.661,00 2.580,00
320 322,01 0,00 0,00 2.561,00 2.589,00
321 322,01 322,01 112,18 2.659,00 2.597,00
322 322,01 0,00 0,00 2.559,00 2.606,00
323 322,01 322,01 111,92 2.657,00 2.614,00
324 322,01 0,00 0,00 2.557,00 2.623,00
325 322,01 322,01 111,66 2.655,00 2.631,00
326 322,01 0,00 0,00 2.555,00 2.640,00
327 322,01 322,01 111,40 2.653,00 2.648,00
328 322,01 0,00 0,00 2.553,00 2.657,00
329 322,01 0,00 0,00 2.651,00 2.660,00
330 322,01 322,01 111,02 2.749,00 2.668,00
331 322,01 0,00 0,00 2.649,00 2.677,00
332 322,01 322,01 110,77 2.747,00 2.685,00
333 322,01 0,00 0,00 2.647,00 2.694,00
334 322,01 322,01 110,53 2.745,00 2.702,00
335 322,01 0,00 0,00 2.645,00 2.711,00
336 322,01 322,01 110,29 2.743,00 2.719,00
337 322,01 0,00 0,00 2.643,00 2.728,00
338 322,01 322,01 110,05 2.741,00 2.736,00
339 322,01 0,00 0,00 2.641,00 2.745,00
340 322,01 0,00 0,00 2.739,00 2.748,00
341 322,01 322,01 109,71 2.837,00 2.756,00
342 322,01 0,00 0,00 2.737,00 2.765,00
343 322,01 322,01 109,49 2.835,00 2.773,00
344 322,01 0,00 0,00 2.735,00 2.782,00
345 322,01 322,01 109,27 2.833,00 2.790,00
346 322,01 0,00 0,00 2.733,00 2.799,00
347 322,01 322,01 109,05 2.831,00 2.807,00
348 322,01 0,00 0,00 2.731,00 2.816,00
349 322,01 322,01 108,84 2.829,00 2.824,00
350 322,01 0,00 0,00 2.729,00 2.833,00
351 322,01 0,00 0,00 2.827,00 2.836,00
352 322,01 322,01 108,54 2.925,00 2.844,00
353 322,01 0,00 0,00 2.825,00 2.853,00
354 322,01 322,01 108,34 2.923,00 2.861,00
355 322,01 0,00 0,00 2.823,00 2.870,00
356 322,01 322,01 108,14 2.921,00 2.878,00
357 322,01 0,00 0,00 2.821,00 2.887,00
358 322,01 322,01 107,95 2.919,00 2.895,00
359 322,01 0,00 0,00 2.819,00 2.904,00
360 322,01 322,01 107,75 2.917,00 2.912,00
361 322,01 0,00 0,00 2.817,00 2.921,00
362 322,01 0,00 0,00 2.915,00 2.924,00
363 322,01 322,01 107,48 3.013,00 2.932,00
364 322,01 0,00 0,00 2.913,00 2.941,00
365 322,01 322,01 107,30 3.011,00 2.949,00
366 322,01 0,00 0,00 2.911,00 2.958,00
367 322,01 322,01 107,12 3.009,00 2.966,00
368 322,01 0,00 0,00 2.909,00 2.975,00
369 322,01 322,01 106,95 3.007,00 2.983,00
370 322,01 0,00 0,00 2.907,00 2.992,00
371 322,01 322,01 106,77 3.005,00 3.000,00
372 322,01 0,00 0,00 2.905,00 3.009,00
373 322,01 0,00 0,00 3.003,00 3.012,00
374 322,01 322,01 106,52 3.101,00 3.020,00
375 322,01 0,00 0,00 3.001,00 3.029,00
376 322,01 322,01 106,36 3.099,00 3.037,00
377 322,01 0,00 0,00 2.999,00 3.046,00
378 322,01 322,01 106,19 3.097,00 3.054,00
379 322,01 0,00 0,00 2.997,00 3.063,00
380 322,01 322,01 106,02 3.095,00 3.071,00
381 322,01 0,00 0,00 2.995,00 3.080,00
382 322,01 322,01 105,86 3.093,00 3.088,00
383 322,01 0,00 0,00 2.993,00 3.097,00
384 322,01 0,00 0,00 3.091,00 3.100,00
385 322,01 322,01 105,62 3.189,00 3.108,00
386 322,01 0,00 0,00 3.089,00 3.117,00
387 322,01 322,01 105,47 3.187,00 3.125,00
388 322,01 0,00 0,00 3.087,00 3.134,00
389 322,01 322,01 105,32 3.185,00 3.142,00
390 322,01 0,00 0,00 3.085,00 3.151,00
391 322,01 322,01 105,16 3.183,00 3.159,00
392 322,01 0,00 0,00 3.083,00 3.168,00
393 322,01 322,01 105,02 3.181,00 3.176,00
394 322,01 0,00 0,00 3.081,00 3.185,00
395 322,01 0,00 0,00 3.179,00 3.188,00
396 322,01 322,01 104,80 3.277,00 3.196,00
397 322,01 0,00 0,00 3.177,00 3.205,00
398 322,01 322,01 104,66 3.275,00 3.213,00
399 322,01 0,00 0,00 3.175,00 3.222,00
400 322,01 322,01 104,57 3.273,00 3.230,00
401 322,01 0,00 0,00 3.173,00 3.239,00
402 322,01 322,01 104,44 3.271,00 3.247,00
403 322,01 0,00 0,00 3.171,00 3.256,00
404 322,01 322,01 104,31 3.269,00 3.264,00
405 322,01 0,00 0,00 3.169,00 3.273,00
406 322,01 0,00 0,00 3.267,00 3.276,00
407 322,01 322,01 104,16 3.365,00 3.284,00
408 322,01 0,00 0,00 3.265,00 3.293,00
409 322,01 322,01 103,98 3.363,00 3.301,00
410 322,01 0,00 0,00 3.263,00 3.310,00
411 322,01 322,01 103,80 3.361,00 3.318,00
412 322,01 0,00 0,00 3.261,00 3.327,00
413 322,01 322,01 103,72 3.359,00 3.335,00
414 322,01 0,00 0,00 3.259,00 3.344,00
415 322,01 322,01 103,65 3.357,00 3.352,00
416 322,01 0,00 0,00 3.257,00 3.361,00
417 322,01 0,00 0,00 3.355,00 3.364,00
418 322,01 322,01 103,47 3.453,00 3.372,00
419 322,01 0,00 0,00 3.353,00 3.381,00
420 322,01 322,01 103,36 3.451,00 3.389,00
421 322,01 0,00 0,00 3.351,00 3.398,00
422 322,01 322,01 103,24 3.449,00 3.406,00
423 322,01 0,00 0,00 3.349,00 3.415,00
424 322,01 322,01 103,13 3.447,00 3.423,00
425 322,01 0,00 0,00 3.347,00 3.432,00
426 322,01 322,01 103,02 3.445,00 3.440,00
427 322,01 0,00 0,00 3.345,00 3.449,00
428 322,01 0,00 0,00 3.443,00 3.452,00
429 322,01 322,01 102,85 3.541,00 3.460,00
430 322,01 0,00 0,00 3.441,00 3.469,00
431 322,01 322,01 102,74 3.539,00 3.477,00
432 322,01 0,00 0,00 3.439,00 3.486,00
433 322,01 322,01 102,63 3.537,00 3.494,00
434 322,01 0,00 0,00 3.437,00 3.503,00
435 322,01 322,01 102,52 3.535,00 3.511,00
436 322,01 0,00 0,00 3.435,00 3.520,00
437 322,01 322,01 102,42 3.533,00 3.528,00
438 322,01 0,00 0,00 3.433,00 3.537,00
439 322,01 0,00 0,00 3.531,00 3.540,00
440 322,01 322,01 102,26 3.629,00 3.548,00
441 322,01 0,00 0,00 3.529,00 3.557,00
442 322,01 322,01 102,16 3.627,00 3.565,00
443 322,01 0,00 0,00 3.527,00 3.574,00
444 322,01 322,01 102,06 3.625,00 3.582,00
445 322,01 0,00 0,00 3.525,00 3.591,00
446 322,01 322,01 101,96 3.623,00 3.599,00
447 322,01 0,00 0,00 3.523,00 3.608,00
448 322,01 322,01 101,87 3.621,00 3.616,00
449 322,01 0,00 0,00 3.521,00 3.625,00
450 322,01 0,00 0,00 3.619,00 3.628,00
451 322,01 322,01 101,73 3.717,00 3.636,00
452 322,01 0,00 0,00 3.617,00 3.645,00
453 322,01 322,01 101,64 3.715,00 3.653,00
454 322,01 0,00 0,00 3.615,00 3.662,00
455 322,01 322,01 101,54 3.713,00 3.670,00
456 322,01 0,00 0,00 3.613,00 3.679,00
457 322,01 322,01 101,45 3.711,00 3.687,00
458 322,01 0,00 0,00 3.611,00 3.696,00
459 322,01 322,01 101,37 3.709,00 3.704,00
460 322,01 0,00 0,00 3.609,00 3.713,00
461 322,01 0,00 0,00 3.707,00 3.716,00
462 322,01 322,01 101,24 3.805,00 3.724,00
463 322,01 0,00 0,00 3.705,00 3.733,00
464 322,01 322,01 101,15 3.803,00 3.741,00
465 322,01 0,00 0,00 3.703,00 3.750,00
466 322,01 322,01 101,07 3.801,00 3.758,00
467 322,01 0,00 0,00 3.701,00 3.767,00
468 322,01 322,01 100,99 3.799,00 3.775,00
469 322,01 0,00 0,00 3.699,00 3.784,00
470 322,01 322,01 100,91 3.797,00 3.792,00
471 322,01 0,00 0,00 3.697,00 3.801,00
472 322,01 0,00 0,00 3.795,00 3.804,00
473 322,01 322,01 100,79 3.893,00 3.812,00
474 322,01 0,00 0,00 3.793,00 3.821,00
475 322,01 322,01 100,76 3.891,00 3.829,00
476 322,01 0,00 0,00 3.791,00 3.838,00
477 322,01 322,01 100,63 3.889,00 3.846,00
478 322,01 0,00 0,00 3.789,00 3.855,00
479 322,01 322,01 100,61 3.887,00 3.863,00
480 322,01 0,00 0,00 3.787,00 3.872,00
481 322,01 322,01 100,53 3.885,00 3.880,00
482 322,01 0,00 0,00 3.785,00 3.889,00
483 322,01 0,00 0,00 3.883,00 3.892,00
484 322,01 322,01 100,41 3.981,00 3.900,00
485 322,01 0,00 0,00 3.881,00 3.909,00
486 322,01 322,01 100,34 3.979,00 3.917,00
487 322,01 0,00 0,00 3.879,00 3.926,00
488 322,01 322,01 100,27 3.977,00 3.934,00
489 322,01 0,00 0,00 3.877,00 3.943,00
490 322,01 322,01 100,19 3.975,00 3.951,00
491 322,01 0,00 0,00 3.875,00 3.960,00
492 322,01 322,01 100,12 3.973,00 3.968,00
493 322,01 0,00 0,00 3.873,00 3.977,00
494 322,01 0,00 0,00 3.971,00 3.980,00
495 322,01 322,01 100,02 4.069,00 3.988,00
496 322,01 0,00 0,00 3.969,00 3.997,00
497 322,01 322,01 99,95 4.067,00 4.005,00
498 322,01 0,00 0,00 3.967,00 4.014,00
499 322,01 322,01 99,88 4.065,00 4.022,00
