500
0 400,03 400,03 400,03 1,00 41,00
1 400,03 0,00 0,00 1,00 31,00
2 400,03 800,06 855,89 99,00 37,00
3 400,03 0,00 0,00 1,00 44,00
4 400,03 400,03 358,94 99,00 50,00
5 400,03 0,00 0,00 1,00 57,00
6 400,03 400,03 381,06 99,00 63,00
7 400,03 0,00 0,00 1,00 70,00
8 400,03 400,03 358,54 99,00 76,00
9 400,03 0,00 0,00 1,00 83,00
10 400,03 400,03 367,06 99,00 89,00
11 400,03 0,00 0,00 1,00 96,00
12 400,03 0,00 0,00 99,00 102,00
13 400,03 400,03 361,31 197,00 108,00
14 400,03 0,00 0,00 97,00 115,00
15 400,03 400,03 362,81 195,00 121,00
16 400,03 0,00 0,00 95,00 128,00
17 400,03 400,03 361,68 193,00 134,00
18 400,03 0,00 0,00 93,00 141,00
19 400,03 400,03 360,01 191,00 147,00
20 400,03 0,00 0,00 91,00 154,00
21 400,03 400,03 359,00 189,00 160,00
22 400,03 0,00 0,00 89,00 167,00
23 400,03 400,03 358,37 187,00 173,00
24 400,03 0,00 0,00 87,00 180,00
25 400,03 0,00 0,00 185,00 186,00
26 400,03 400,03 357,60 283,00 192,00
27 400,03 0,00 0,00 183,00 199,00
28 400,03 400,03 357,19 281,00 205,00
29 400,03 0,00 0,00 181,00 212,00
30 400,03 400,03 356,15 279,00 218,00
31 400,03 0,00 0,00 179,00 225,00
32 400,03 400,03 355,47 277,00 231,00
33 400,03 0,00 0,00 177,00 238,00
34 400,03 400,03 354,73 275,00 244,00
35 400,03 0,00 0,00 175,00 251,00
36 400,03 400,03 353,97 273,00 257,00
37 400,03 0,00 0,00 173,00 264,00
38 400,03 400,03 353,21 271,00 270,00
39 400,03 0,00 0,00 171,00 277,00
40 400,03 0,00 0,00 269,00 276,00
41 400,03 400,03 352,02 367,00 282,00
42 400,03 0,00 0,00 267,00 289,00
43 400,03 400,03 351,30 365,00 295,00
44 400,03 0,00 0,00 265,00 302,00
45 400,03 400,03 350,56 363,00 308,00
46 400,03 0,00 0,00 263,00 315,00
47 400,03 400,03 349,75 361,00 321,00
48 400,03 0,00 0,00 261,00 328,00
49 400,03 400,03 348,97 359,00 334,00
50 400,03 0,00 0,00 259,00 341,00
51 400,03 400,03 348,24 357,00 347,00
52 400,03 0,00 0,00 257,00 354,00
53 400,03 0,00 0,00 355,00 360,00
54 400,03 400,03 347,12 453,00 366,00
55 400,03 0,00 0,00 353,00 373,00
56 400,03 400,03 346,35 451,00 379,00
57 400,03 0,00 0,00 351,00 386,00
58 400,03 400,03 345,61 449,00 392,00
59 400,03 0,00 0,00 349,00 399,00
60 400,03 400,03 344,91 447,00 405,00
61 400,03 0,00 0,00 347,00 412,00
62 400,03 400,03 344,14 445,00 418,00
63 400,03 0,00 0,00 345,00 425,00
64 400,03 400,03 343,35 443,00 431,00
65 400,03 0,00 0,00 343,00 438,00
66 400,03 0,00 0,00 441,00 444,00
67 400,03 400,03 342,22 539,00 450,00
68 400,03 0,00 0,00 439,00 457,00
69 400,03 400,03 341,51 537,00 463,00
70 400,03 0,00 0,00 437,00 470,00
71 400,03 400,03 340,78 535,00 476,00
72 400,03 0,00 0,00 435,00 483,00
73 400,03 400,03 340,01 533,00 489,00
74 400,03 0,00 0,00 433,00 496,00
75 400,03 400,03 339,27 531,00 502,00
76 400,03 0,00 0,00 431,00 509,00
77 400,03 400,03 338,56 529,00 515,00
78 400,03 0,00 0,00 429,00 522,00
79 400,03 0,00 0,00 527,00 528,00
80 400,03 400,03 337,52 625,00 534,00
81 400,03 0,00 0,00 525,00 541,00
82 400,03 400,03 336,86 623,00 547,00
83 400,03 0,00 0,00 523,00 554,00
84 400,03 400,03 336,18 621,00 560,00
85 400,03 0,00 0,00 521,00 567,00
86 400,03 400,03 335,51 619,00 573,00
87 400,03 0,00 0,00 519,00 580,00
88 400,03 400,03 334,84 617,00 586,00
89 400,03 0,00 0,00 517,00 593,00
90 400,03 400,03 334,15 615,00 599,00
91 400,03 0,00 0,00 515,00 606,00
92 400,03 400,03 333,47 613,00 612,00
93 400,03 0,00 0,00 513,00 619,00
94 400,03 0,00 0,00 611,00 618,00
95 400,03 400,03 332,53 709,00 624,00
96 400,03 0,00 0,00 609,00 631,00
97 400,03 400,03 331,88 707,00 637,00
98 400,03 0,00 0,00 607,00 644,00
99 400,03 400,03 331,23 705,00 650,00
100 400,03 0,00 0,00 605,00 657,00
101 400,03 400,03 330,58 703,00 663,00
102 400,03 0,00 0,00 603,00 670,00
103 400,03 400,03 329,97 701,00 676,00
104 400,03 0,00 0,00 601,00 683,00
105 400,03 400,03 329,36 699,00 689,00
106 400,03 0,00 0,00 599,00 696,00
107 400,03 0,00 0,00 697,00 702,00
108 400,03 400,03 328,46 795,00 708,00
109 400,03 0,00 0,00 695,00 715,00
110 400,03 400,03 327,84 793,00 721,00
111 400,03 0,00 0,00 693,00 728,00
112 400,03 400,03 327,23 791,00 734,00
113 400,03 0,00 0,00 691,00 741,00
114 400,03 400,03 326,64 789,00 747,00
115 400,03 0,00 0,00 689,00 754,00
116 400,03 400,03 326,03 787,00 760,00
117 400,03 0,00 0,00 687,00 767,00
118 400,03 400,03 325,44 785,00 773,00
119 400,03 0,00 0,00 685,00 780,00
120 400,03 0,00 0,00 783,00 786,00
121 400,03 400,03 324,54 881,00 792,00
122 400,03 0,00 0,00 781,00 799,00
123 400,03 400,03 323,97 879,00 805,00
124 400,03 0,00 0,00 779,00 812,00
125 400,03 400,03 323,41 877,00 818,00
126 400,03 0,00 0,00 777,00 825,00
127 400,03 400,03 322,87 875,00 831,00
128 400,03 0,00 0,00 775,00 838,00
129 400,03 400,03 322,36 873,00 844,00
130 400,03 0,00 0,00 773,00 851,00
131 400,03 400,03 321,87 871,00 857,00
132 400,03 0,00 0,00 771,00 864,00
133 400,03 0,00 0,00 869,00 870,00
134 400,03 400,03 321,12 967,00 876,00
135 400,03 0,00 0,00 867,00 883,00
136 400,03 400,03 320,64 965,00 889,00
137 400,03 0,00 0,00 865,00 896,00
138 400,03 400,03 320,17 963,00 902,00
139 400,03 0,00 0,00 863,00 909,00
140 400,03 400,03 319,70 961,00 915,00
141 400,03 0,00 0,00 861,00 922,00
142 400,03 400,03 319,25 959,00 928,00
143 400,03 0,00 0,00 859,00 935,00
144 400,03 400,03 318,80 957,00 941,00
145 400,03 0,00 0,00 857,00 948,00
146 400,03 400,03 318,35 955,00 954,00
147 400,03 0,00 0,00 855,00 961,00
148 400,03 0,00 0,00 953,00 960,00
149 400,03 400,03 317,73 1.051,00 966,00
150 400,03 0,00 0,00 951,00 973,00
151 400,03 400,03 317,32 1.049,00 979,00
152 400,03 0,00 0,00 949,00 986,00
153 400,03 400,03 316,89 1.047,00 992,00
154 400,03 0,00 0,00 947,00 999,00
155 400,03 400,03 316,49 1.045,00 1.005,00
156 400,03 0,00 0,00 945,00 1.012,00
157 400,03 400,03 316,07 1.043,00 1.018,00
158 400,03 0,00 0,00 943,00 1.025,00
159 400,03 400,03 315,66 1.041,00 1.031,00
160 400,03 0,00 0,00 941,00 1.038,00
161 400,03 0,00 0,00 1.039,00 1.044,00
162 400,03 400,03 315,07 1.137,00 1.050,00
163 400,03 0,00 0,00 1.037,00 1.057,00
164 400,03 400,03 314,70 1.135,00 1.063,00
165 400,03 0,00 0,00 1.035,00 1.070,00
166 400,03 400,03 314,32 1.133,00 1.076,00
167 400,03 0,00 0,00 1.033,00 1.083,00
168 400,03 400,03 313,94 1.131,00 1.089,00
169 400,03 0,00 0,00 1.031,00 1.096,00
170 400,03 400,03 313,57 1.129,00 1.102,00
171 400,03 0,00 0,00 1.029,00 1.109,00
172 400,03 400,03 313,21 1.127,00 1.115,00
173 400,03 0,00 0,00 1.027,00 1.122,00
174 400,03 0,00 0,00 1.125,00 1.128,00
175 400,03 400,03 312,68 1.223,00 1.134,00
176 400,03 0,00 0,00 1.123,00 1.141,00
177 400,03 400,03 312,34 1.221,00 1.147,00
178 400,03 0,00 0,00 1.121,00 1.154,00
179 400,03 400,03 312,04 1.219,00 1.160,00
180 400,03 0,00 0,00 1.119,00 1.167,00
181 400,03 400,03 311,72 1.217,00 1.173,00
182 400,03 0,00 0,00 1.117,00 1.180,00
183 400,03 400,03 311,42 1.215,00 1.186,00
184 400,03 0,00 0,00 1.115,00 1.193,00
185 400,03 400,03 311,13 1.213,00 1.199,00
186 400,03 0,00 0,00 1.113,00 1.206,00
187 400,03 0,00 0,00 1.211,00 1.212,00
188 400,03 400,03 310,71 1.309,00 1.218,00
189 400,03 0,00 0,00 1.209,00 1.225,00
190 400,03 400,03 310,43 1.307,00 1.231,00
191 400,03 0,00 0,00 1.207,00 1.238,00
192 400,03 400,03 310,16 1.305,00 1.244,00
193 400,03 0,00 0,00 1.205,00 1.251,00
194 400,03 400,03 309,88 1.303,00 1.257,00
195 400,03 0,00 0,00 1.203,00 1.264,00
196 400,03 400,03 309,62 1.301,00 1.270,00
197 400,03 0,00 0,00 1.201,00 1.277,00
198 400,03 400,03 309,38 1.299,00 1.283,00
199 400,03 0,00 0,00 1.199,00 1.290,00
200 400,03 400,03 309,13 1.297,00 1.296,00
201 400,03 0,00 0,00 1.197,00 1.303,00
202 400,03 0,00 0,00 1.295,00 1.302,00
203 400,03 400,03 308,79 1.393,00 1.308,00
204 400,03 0,00 0,00 1.293,00 1.315,00
205 400,03 400,03 308,53 1.391,00 1.321,00
206 400,03 0,00 0,00 1.291,00 1.328,00
207 400,03 400,03 308,29 1.389,00 1.334,00
208 400,03 0,00 0,00 1.289,00 1.341,00
209 400,03 400,03 308,05 1.387,00 1.347,00
210 400,03 0,00 0,00 1.287,00 1.354,00
211 400,03 400,03 307,82 1.385,00 1.360,00
212 400,03 0,00 0,00 1.285,00 1.367,00
213 400,03 400,03 307,62 1.383,00 1.373,00
214 400,03 0,00 0,00 1.283,00 1.380,00
215 400,03 0,00 0,00 1.381,00 1.386,00
216 400,03 400,03 307,29 1.479,00 1.392,00
217 400,03 0,00 0,00 1.379,00 1.399,00
218 400,03 400,03 307,08 1.477,00 1.405,00
219 400,03 0,00 0,00 1.377,00 1.412,00
220 400,03 400,03 306,88 1.475,00 1.418,00
221 400,03 0,00 0,00 1.375,00 1.425,00
222 400,03 400,03 306,68 1.473,00 1.431,00
223 400,03 0,00 0,00 1.373,00 1.438,00
224 400,03 400,03 306,48 1.471,00 1.444,00
225 400,03 0,00 0,00 1.371,00 1.451,00
226 400,03 400,03 306,29 1.469,00 1.457,00
227 400,03 0,00 0,00 1.369,00 1.464,00
228 400,03 0,00 0,00 1.467,00 1.470,00
229 400,03 400,03 306,01 1.565,00 1.476,00
230 400,03 0,00 0,00 1.465,00 1.483,00
231 400,03 400,03 305,84 1.563,00 1.489,00
232 400,03 0,00 0,00 1.463,00 1.496,00
233 400,03 400,03 305,67 1.561,00 1.502,00
234 400,03 0,00 0,00 1.461,00 1.509,00
235 400,03 400,03 305,51 1.559,00 1.515,00
236 400,03 0,00 0,00 1.459,00 1.522,00
237 400,03 400,03 305,36 1.557,00 1.528,00
238 400,03 0,00 0,00 1.457,00 1.535,00
239 400,03 400,03 305,21 1.555,00 1.541,00
240 400,03 0,00 0,00 1.455,00 1.548,00
241 400,03 0,00 0,00 1.553,00 1.554,00
242 400,03 400,03 304,98 1.651,00 1.560,00
243 400,03 0,00 0,00 1.551,00 1.567,00
244 400,03 400,03 304,82 1.649,00 1.573,00
245 400,03 0,00 0,00 1.549,00 1.580,00
246 400,03 400,03 304,69 1.647,00 1.586,00
247 400,03 0,00 0,00 1.547,00 1.593,00
248 400,03 400,03 304,56 1.645,00 1.599,00
249 400,03 0,00 0,00 1.545,00 1.606,00
250 400,03 400,03 304,44 1.643,00 1.612,00
251 400,03 0,00 0,00 1.543,00 1.619,00
252 400,03 400,03 304,30 1.641,00 1.625,00
253 400,03 0,00 0,00 1.541,00 1.632,00
254 400,03 400,03 304,18 1.639,00 1.638,00
255 400,03 0,00 0,00 1.539,00 1.645,00
256 400,03 0,00 0,00 1.637,00 1.644,00
257 400,03 400,03 304,01 1.735,00 1.650,00
258 400,03 0,00 0,00 1.635,00 1.657,00
259 400,03 400,03 303,88 1.733,00 1.663,00
260 400,03 0,00 0,00 1.633,00 1.670,00
261 400,03 400,03 303,74 1.731,00 1.676,00
262 400,03 0,00 0,00 1.631,00 1.683,00
263 400,03 400,03 303,63 1.729,00 1.689,00
264 400,03 0,00 0,00 1.629,00 1.696,00
265 400,03 400,03 303,51 1.727,00 1.702,00
266 400,03 0,00 0,00 1.627,00 1.709,00
267 400,03 400,03 303,41 1.725,00 1.715,00
268 400,03 0,00 0,00 1.625,00 1.722,00
269 400,03 0,00 0,00 1.723,00 1.728,00
270 400,03 400,03 303,25 1.821,00 1.734,00
271 400,03 0,00 0,00 1.721,00 1.741,00
272 400,03 400,03 303,14 1.819,00 1.747,00
273 400,03 0,00 0,00 1.719,00 1.754,00
274 400,03 400,03 303,03 1.817,00 1.760,00
275 400,03 0,00 0,00 1.717,00 1.767,00
276 400,03 400,03 302,92 1.815,00 1.773,00
277 400,03 0,00 0,00 1.715,00 1.780,00
278 400,03 400,03 302,81 1.813,00 1.786,00
279 400,03 0,00 0,00 1.713,00 1.793,00
280 400,03 400,03 302,71 1.811,00 1.799,00
281 400,03 0,00 0,00 1.711,00 1.806,00
282 400,03 0,00 0,00 1.809,00 1.812,00
283 400,03 400,03 302,57 1.907,00 1.818,00
284 400,03 0,00 0,00 1.807,00 1.825,00
285 400,03 400,03 302,49 1.905,00 1.831,00
286 400,03 0,00 0,00 1.805,00 1.838,00
287 400,03 400,03 302,41 1.903,00 1.844,00
288 400,03 0,00 0,00 1.803,00 1.851,00
289 400,03 400,03 302,32 1.901,00 1.857,00
290 400,03 0,00 0,00 1.801,00 1.864,00
291 400,03 400,03 302,26 1.899,00 1.870,00
292 400,03 0,00 0,00 1.799,00 1.877,00
293 400,03 400,03 302,18 1.897,00 1.883,00
294 400,03 0,00 0,00 1.797,00 1.890,00
295 400,03 0,00 0,00 1.895,00 1.896,00
296 400,03 400,03 302,07 1.993,00 1.902,00
297 400,03 0,00 0,00 1.893,00 1.909,00
298 400,03 400,03 302,01 1.991,00 1.915,00
299 400,03 0,00 0,00 1.891,00 1.922,00
300 400,03 400,03 301,95 1.989,00 1.928,00
301 400,03 0,00 0,00 1.889,00 1.935,00
302 400,03 400,03 301,90 1.987,00 1.941,00
303 400,03 0,00 0,00 1.887,00 1.948,00
304 400,03 400,03 301,84 1.985,00 1.954,00
305 400,03 0,00 0,00 1.885,00 1.961,00
306 400,03 400,03 301,79 1.983,00 1.967,00
307 400,03 0,00 0,00 1.883,00 1.974,00
308 400,03 400,03 301,73 1.981,00 1.980,00
309 400,03 0,00 0,00 1.881,00 1.987,00
310 400,03 0,00 0,00 1.979,00 1.986,00
311 400,03 400,03 301,65 2.077,00 1.992,00
312 400,03 0,00 0,00 1.977,00 1.999,00
313 400,03 400,03 301,58 2.075,00 2.005,00
314 400,03 0,00 0,00 1.975,00 2.012,00
315 400,03 400,03 301,53 2.073,00 2.018,00
316 400,03 0,00 0,00 1.973,00 2.025,00
317 400,03 400,03 301,48 2.071,00 2.031,00
318 400,03 0,00 0,00 1.971,00 2.038,00
319 400,03 400,03 301,44 2.069,00 2.044,00
320 400,03 0,00 0,00 1.969,00 2.051,00
321 400,03 400,03 301,39 2.067,00 2.057,00
322 400,03 0,00 0,00 1.967,00 2.064,00
323 400,03 0,00 0,00 2.065,00 2.070,00
324 400,03 400,03 301,32 2.163,00 2.076,00
325 400,03 0,00 0,00 2.063,00 2.083,00
326 400,03 400,03 301,27 2.161,00 2.089,00
327 400,03 0,00 0,00 2.061,00 2.096,00
328 400,03 400,03 301,21 2.159,00 2.102,00
329 400,03 0,00 0,00 2.059,00 2.109,00
330 400,03 400,03 301,16 2.157,00 2.115,00
331 400,03 0,00 0,00 2.057,00 2.122,00
332 400,03 400,03 301,12 2.155,00 2.128,00
333 400,03 0,00 0,00 2.055,00 2.135,00
334 400,03 400,03 301,08 2.153,00 2.141,00
335 400,03 0,00 0,00 2.053,00 2.148,00
336 400,03 0,00 0,00 2.151,00 2.154,00
337 400,03 400,03 301,03 2.249,00 2.160,00
338 400,03 0,00 0,00 2.149,00 2.167,00
339 400,03 400,03 301,00 2.247,00 2.173,00
340 400,03 0,00 0,00 2.147,00 2.180,00
341 400,03 400,03 300,96 2.245,00 2.186,00
342 400,03 0,00 0,00 2.145,00 2.193,00
343 400,03 400,03 300,93 2.243,00 2.199,00
344 400,03 0,00 0,00 2.143,00 2.206,00
345 400,03 400,03 300,90 2.241,00 2.212,00
346 400,03 0,00 0,00 2.141,00 2.219,00
347 400,03 400,03 300,88 2.239,00 2.225,00
348 400,03 0,00 0,00 2.139,00 2.232,00
349 400,03 0,00 0,00 2.237,00 2.238,00
350 400,03 400,03 300,84 2.335,00 2.244,00
351 400,03 0,00 0,00 2.235,00 2.251,00
352 400,03 400,03 300,82 2.333,00 2.257,00
353 400,03 0,00 0,00 2.233,00 2.264,00
354 400,03 400,03 300,80 2.331,00 2.270,00
355 400,03 0,00 0,00 2.231,00 2.277,00
356 400,03 400,03 300,79 2.329,00 2.283,00
357 400,03 0,00 0,00 2.229,00 2.290,00
358 400,03 400,03 300,77 2.327,00 2.296,00
359 400,03 0,00 0,00 2.227,00 2.303,00
360 400,03 400,03 300,73 2.325,00 2.309,00
361 400,03 0,00 0,00 2.225,00 2.316,00
362 400,03 400,03 300,70 2.323,00 2.322,00
363 400,03 0,00 0,00 2.223,00 2.329,00
364 400,03 0,00 0,00 2.321,00 2.328,00
365 400,03 400,03 300,67 2.419,00 2.334,00
366 400,03 0,00 0,00 2.319,00 2.341,00
367 400,03 400,03 300,65 2.417,00 2.347,00
368 400,03 0,00 0,00 2.317,00 2.354,00
369 400,03 400,03 300,64 2.415,00 2.360,00
370 400,03 0,00 0,00 2.315,00 2.367,00
371 400,03 400,03 300,62 2.413,00 2.373,00
372 400,03 0,00 0,00 2.313,00 2.380,00
373 400,03 400,03 300,60 2.411,00 2.386,00
374 400,03 0,00 0,00 2.311,00 2.393,00
375 400,03 400,03 300,59 2.409,00 2.399,00
376 400,03 0,00 0,00 2.309,00 2.406,00
377 400,03 0,00 0,00 2.407,00 2.412,00
378 400,03 400,03 300,55 2.505,00 2.418,00
379 400,03 0,00 0,00 2.405,00 2.425,00
380 400,03 400,03 300,54 2.503,00 2.431,00
381 400,03 0,00 0,00 2.403,00 2.438,00
382 400,03 400,03 300,53 2.501,00 2.444,00
383 400,03 0,00 0,00 2.401,00 2.451,00
384 400,03 400,03 300,51 2.499,00 2.457,00
385 400,03 0,00 0,00 2.399,00 2.464,00
386 400,03 400,03 300,50 2.497,00 2.470,00
387 400,03 0,00 0,00 2.397,00 2.477,00
388 400,03 400,03 300,49 2.495,00 2.483,00
389 400,03 0,00 0,00 2.395,00 2.490,00
390 400,03 0,00 0,00 2.493,00 2.496,00
391 400,03 400,03 300,47 2.591,00 2.502,00
392 400,03 0,00 0,00 2.491,00 2.509,00
393 400,03 400,03 300,47 2.589,00 2.515,00
394 400,03 0,00 0,00 2.489,00 2.522,00
395 400,03 400,03 300,46 2.587,00 2.528,00
396 400,03 0,00 0,00 2.487,00 2.535,00
397 400,03 400,03 300,45 2.585,00 2.541,00
398 400,03 0,00 0,00 2.485,00 2.548,00
399 400,03 400,03 300,44 2.583,00 2.554,00
400 400,03 0,00 0,00 2.483,00 2.561,00
401 400,03 400,03 300,45 2.581,00 2.567,00
402 400,03 0,00 0,00 2.481,00 2.574,00
403 400,03 0,00 0,00 2.579,00 2.580,00
404 400,03 400,03 300,45 2.677,00 2.586,00
405 400,03 0,00 0,00 2.577,00 2.593,00
406 400,03 400,03 300,45 2.675,00 2.599,00
407 400,03 0,00 0,00 2.575,00 2.606,00
408 400,03 400,03 300,45 2.673,00 2.612,00
409 400,03 0,00 0,00 2.573,00 2.619,00
410 400,03 400,03 300,45 2.671,00 2.625,00
411 400,03 0,00 0,00 2.571,00 2.632,00
412 400,03 400,03 300,44 2.669,00 2.638,00
413 400,03 0,00 0,00 2.569,00 2.645,00
414 400,03 400,03 300,44 2.667,00 2.651,00
415 400,03 0,00 0,00 2.567,00 2.658,00
416 400,03 400,03 300,45 2.665,00 2.664,00
417 400,03 0,00 0,00 2.565,00 2.671,00
418 400,03 0,00 0,00 2.663,00 2.670,00
419 400,03 400,03 300,46 2.761,00 2.676,00
420 400,03 0,00 0,00 2.661,00 2.683,00
421 400,03 400,03 300,46 2.759,00 2.689,00
422 400,03 0,00 0,00 2.659,00 2.696,00
423 400,03 400,03 300,46 2.757,00 2.702,00
424 400,03 0,00 0,00 2.657,00 2.709,00
425 400,03 400,03 300,47 2.755,00 2.715,00
426 400,03 0,00 0,00 2.655,00 2.722,00
427 400,03 400,03 300,47 2.753,00 2.728,00
428 400,03 0,00 0,00 2.653,00 2.735,00
429 400,03 400,03 300,47 2.751,00 2.741,00
430 400,03 0,00 0,00 2.651,00 2.748,00
431 400,03 0,00 0,00 2.749,00 2.754,00
432 400,03 400,03 300,46 2.847,00 2.760,00
433 400,03 0,00 0,00 2.747,00 2.767,00
434 400,03 400,03 300,47 2.845,00 2.773,00
435 400,03 0,00 0,00 2.745,00 2.780,00
436 400,03 400,03 300,47 2.843,00 2.786,00
437 400,03 0,00 0,00 2.743,00 2.793,00
438 400,03 400,03 300,47 2.841,00 2.799,00
439 400,03 0,00 0,00 2.741,00 2.806,00
440 400,03 400,03 300,48 2.839,00 2.812,00
441 400,03 0,00 0,00 2.739,00 2.819,00
442 400,03 400,03 300,48 2.837,00 2.825,00
443 400,03 0,00 0,00 2.737,00 2.832,00
444 400,03 0,00 0,00 2.835,00 2.838,00
445 400,03 400,03 300,48 2.933,00 2.844,00
446 400,03 0,00 0,00 2.833,00 2.851,00
447 400,03 400,03 300,48 2.931,00 2.857,00
448 400,03 0,00 0,00 2.831,00 2.864,00
449 400,03 400,03 300,49 2.929,00 2.870,00
450 400,03 0,00 0,00 2.829,00 2.877,00
451 400,03 400,03 300,49 2.927,00 2.883,00
452 400,03 0,00 0,00 2.827,00 2.890,00
453 400,03 400,03 300,50 2.925,00 2.896,00
454 400,03 0,00 0,00 2.825,00 2.903,00
455 400,03 400,03 300,51 2.923,00 2.909,00
456 400,03 0,00 0,00 2.823,00 2.916,00
457 400,03 0,00 0,00 2.921,00 2.922,00
458 400,03 400,03 300,53 3.019,00 2.928,00
459 400,03 0,00 0,00 2.919,00 2.935,00
460 400,03 400,03 300,54 3.017,00 2.941,00
461 400,03 0,00 0,00 2.917,00 2.948,00
462 400,03 400,03 300,55 3.015,00 2.954,00
463 400,03 0,00 0,00 2.915,00 2.961,00
464 400,03 400,03 300,56 3.013,00 2.967,00
465 400,03 0,00 0,00 2.913,00 2.974,00
466 400,03 400,03 300,57 3.011,00 2.980,00
467 400,03 0,00 0,00 2.911,00 2.987,00
468 400,03 400,03 300,57 3.009,00 2.993,00
469 400,03 0,00 0,00 2.909,00 3.000,00
470 400,03 400,03 300,58 3.007,00 3.006,00
471 400,03 0,00 0,00 2.907,00 3.013,00
472 400,03 0,00 0,00 3.005,00 3.012,00
473 400,03 400,03 300,60 3.103,00 3.018,00
474 400,03 0,00 0,00 3.003,00 3.025,00
475 400,03 400,03 300,61 3.101,00 3.031,00
476 400,03 0,00 0,00 3.001,00 3.038,00
477 400,03 400,03 300,62 3.099,00 3.044,00
478 400,03 0,00 0,00 2.999,00 3.051,00
479 400,03 400,03 300,62 3.097,00 3.057,00
480 400,03 0,00 0,00 2.997,00 3.064,00
481 400,03 400,03 300,63 3.095,00 3.070,00
482 400,03 0,00 0,00 2.995,00 3.077,00
483 400,03 400,03 300,63 3.093,00 3.083,00
484 400,03 0,00 0,00 2.993,00 3.090,00
485 400,03 0,00 0,00 3.091,00 3.096,00
486 400,03 400,03 300,65 3.189,00 3.102,00
487 400,03 0,00 0,00 3.089,00 3.109,00
488 400,03 400,03 300,66 3.187,00 3.115,00
489 400,03 0,00 0,00 3.087,00 3.122,00
490 400,03 400,03 300,67 3.185,00 3.128,00
491 400,03 0,00 0,00 3.085,00 3.135,00
492 400,03 400,03 300,68 3.183,00 3.141,00
493 400,03 0,00 0,00 3.083,00 3.148,00
494 400,03 400,03 300,70 3.181,00 3.154,00
495 400,03 0,00 0,00 3.081,00 3.161,00
496 400,03 400,03 300,71 3.179,00 3.167,00
497 400,03 0,00 0,00 3.079,00 3.174,00
498 400,03 0,00 0,00 3.177,00 3.180,00
499 400,03 400,03 300,72 3.275,00 3.186,00
