1000
0 445,36 445,36 445,36 1,00 76,00 0
1 445,36 445,36 445,36 1,00 81,00 1235
2 445,36 445,36 247,73 1,00 86,00 1774
3 445,36 445,36 264,38 1,00 91,00 1865
4 445,36 445,36 267,15 1,00 96,00 1875
5 445,36 4,41 2,64 1,00 101,00 1879
6 445,36 4,20 2,52 1,00 106,00 1881
7 445,36 4,01 2,40 1,00 111,00 1881
8 445,36 4,01 2,40 1,00 116,00 1881
9 445,36 3,68 2,20 1,00 121,00 1881
10 445,36 3,68 2,20 1,00 126,00 1881
11 445,36 3,40 2,04 1,00 131,00 1881
12 445,36 3,40 2,04 1,00 136,00 1881
13 445,36 3,40 2,04 1,00 141,00 1881
14 445,36 3,40 2,04 1,00 146,00 1881
15 445,36 3,40 2,04 1,00 151,00 1881
16 445,36 3,40 2,04 1,00 156,00 1881
17 445,36 2,77 1,66 1,00 161,00 1881
18 445,36 2,77 1,66 1,00 166,00 1881
19 445,36 2,77 1,66 1,00 171,00 1881
20 445,36 2,77 1,66 1,00 176,00 1881
21 445,36 2,77 1,66 1,00 181,00 1881
22 445,36 2,77 1,66 1,00 186,00 1881
23 445,36 2,77 1,66 1,00 191,00 1881
24 445,36 2,77 1,66 1,00 196,00 1881
25 445,36 2,77 1,66 1,00 201,00 1881
26 445,36 2,77 1,66 1,00 206,00 1881
27 445,36 2,77 1,66 1,00 211,00 1881
28 445,36 2,77 1,66 1,00 216,00 1881
29 445,36 2,77 1,66 1,00 221,00 1881
30 445,36 2,77 1,66 97,00 226,00 1881
31 445,36 192,00 114,95 97,00 230,00 2704
32 445,36 188,65 110,33 97,00 234,00 3431
33 445,36 188,65 108,39 97,00 239,00 3821
34 445,36 188,65 114,43 97,00 244,00 4072
35 445,36 188,65 115,72 97,00 249,00 4286
36 445,36 188,65 111,53 97,00 254,00 4405
37 445,36 188,65 111,48 97,00 259,00 4558
38 445,36 188,65 114,54 97,00 264,00 4625
39 445,36 188,65 110,79 97,00 269,00 4666
40 445,36 188,65 110,45 97,00 274,00 4711
41 445,36 188,65 111,55 97,00 279,00 4762
42 445,36 188,65 113,52 97,00 284,00 4795
43 445,36 188,65 109,63 97,00 289,00 4831
44 445,36 188,65 112,66 97,00 294,00 4863
45 445,36 188,65 112,47 97,00 299,00 4893
46 445,36 142,11 84,94 97,00 304,00 4918
47 445,36 142,11 84,46 97,00 309,00 4938
48 445,36 142,11 84,44 97,00 314,00 4953
49 445,36 142,11 84,47 97,00 319,00 4969
50 445,36 133,33 79,14 97,00 324,00 4978
51 445,36 133,33 79,16 97,00 329,00 4991
52 445,36 133,33 79,04 97,00 334,00 5006
53 445,36 133,33 78,99 97,00 339,00 5016
54 445,36 133,33 79,02 97,00 344,00 5027
55 445,36 133,33 78,92 97,00 349,00 5033
56 445,36 133,33 78,93 97,00 354,00 5043
57 445,36 133,33 78,82 97,00 359,00 5047
58 445,36 133,33 78,82 97,00 364,00 5055
59 445,36 133,33 78,82 97,00 369,00 5061
60 445,36 133,33 78,82 1,00 374,00 5068
61 445,36 133,33 78,82 1,00 379,00 5076
62 445,36 133,33 78,60 1,00 384,00 5097
63 445,36 133,33 78,54 1,00 389,00 5110
64 445,36 133,33 78,49 1,00 394,00 5114
65 445,36 133,33 78,44 1,00 399,00 5115
66 445,36 133,33 78,43 1,00 404,00 5118
67 445,36 133,33 78,44 1,00 409,00 5123
68 445,36 133,33 78,44 1,00 414,00 5124
69 445,36 133,33 78,44 1,00 419,00 5125
70 445,36 133,33 78,44 1,00 424,00 5125
71 445,36 133,33 78,44 1,00 429,00 5125
72 445,36 133,33 78,44 1,00 434,00 5125
73 445,36 133,33 78,44 1,00 439,00 5125
74 445,36 133,33 78,44 1,00 444,00 5126
75 445,36 133,33 78,44 1,00 449,00 5126
76 445,36 133,33 78,44 1,00 454,00 5126
77 445,36 133,33 78,44 1,00 459,00 5126
78 445,36 133,33 78,44 1,00 464,00 5127
79 445,36 133,33 78,44 1,00 469,00 5128
80 445,36 133,33 78,44 1,00 474,00 5128
81 445,36 133,33 78,44 1,00 479,00 5128
82 445,36 133,33 78,44 1,00 484,00 5128
83 445,36 133,33 78,44 1,00 489,00 5128
84 445,36 133,33 78,44 1,00 494,00 5128
85 445,36 133,33 78,44 1,00 499,00 5128
86 445,36 133,33 78,44 1,00 504,00 5128
87 445,36 133,33 78,44 1,00 509,00 5128
88 445,36 133,33 78,44 1,00 514,00 5129
89 445,36 133,33 78,44 1,00 519,00 5133
90 445,36 0,85 0,50 99,00 524,00 5133
91 445,36 83,35 49,04 99,00 529,00 5240
92 445,36 83,35 48,27 99,00 534,00 5280
93 445,36 83,35 48,24 99,00 539,00 5298
94 445,36 83,35 48,24 99,00 544,00 5308
95 445,36 83,35 48,19 99,00 549,00 5318
96 445,36 83,35 48,17 99,00 554,00 5327
97 445,36 83,35 48,14 99,00 559,00 5336
98 445,36 83,35 48,14 99,00 564,00 5340
99 445,36 77,49 44,76 99,00 569,00 5347
100 445,36 77,49 44,76 99,00 574,00 5351
101 445,36 77,49 44,76 99,00 579,00 5353
102 445,36 77,49 44,76 99,00 584,00 5354
103 445,36 77,49 44,76 99,00 589,00 5357
104 445,36 77,49 44,76 99,00 594,00 5357
105 445,36 77,49 44,76 99,00 599,00 5357
106 445,36 77,49 44,76 99,00 604,00 5357
107 445,36 77,49 44,76 99,00 609,00 5357
108 445,36 77,49 44,76 99,00 614,00 5357
109 445,36 77,49 44,76 99,00 619,00 5359
110 445,36 77,49 44,76 99,00 624,00 5359
111 445,36 77,49 44,76 99,00 629,00 5360
112 445,36 77,49 44,76 99,00 634,00 5362
113 445,36 77,49 44,76 99,00 639,00 5364
114 445,36 77,49 44,76 99,00 644,00 5366
115 445,36 77,49 44,76 99,00 649,00 5366
116 445,36 77,49 44,76 99,00 654,00 5366
117 445,36 77,49 44,76 99,00 659,00 5366
118 445,36 77,49 44,76 99,00 664,00 5367
119 445,36 77,49 44,76 99,00 669,00 5368
120 445,36 77,49 44,76 1,00 674,00 5368
121 445,36 77,49 44,76 1,00 679,00 5378
122 445,36 77,49 44,13 1,00 684,00 5387
123 445,36 77,49 44,13 1,00 689,00 5391
124 445,36 77,49 44,13 1,00 694,00 5392
125 445,36 77,49 44,13 1,00 699,00 5392
126 445,36 77,49 44,13 1,00 704,00 5392
127 445,36 77,49 44,13 1,00 709,00 5392
128 445,36 77,49 44,13 1,00 714,00 5392
129 445,36 0,62 0,35 1,00 719,00 5392
130 445,36 0,62 0,35 1,00 724,00 5392
131 445,36 0,62 0,35 1,00 729,00 5392
132 445,36 0,61 0,35 1,00 734,00 5392
133 445,36 0,61 0,35 1,00 739,00 5392
134 445,36 0,61 0,35 1,00 744,00 5392
135 445,36 0,61 0,35 1,00 749,00 5392
136 445,36 0,61 0,35 1,00 754,00 5392
137 445,36 0,61 0,35 1,00 759,00 5392
138 445,36 0,61 0,35 1,00 764,00 5392
139 445,36 0,61 0,35 1,00 769,00 5392
140 445,36 0,61 0,35 1,00 774,00 5397
141 445,36 0,61 0,34 1,00 779,00 5398
142 445,36 0,61 0,34 1,00 784,00 5398
143 445,36 0,61 0,34 1,00 789,00 5398
144 445,36 0,61 0,34 1,00 794,00 5398
145 445,36 0,61 0,34 1,00 799,00 5398
146 445,36 0,55 0,31 1,00 804,00 5398
147 445,36 0,55 0,31 1,00 809,00 5398
148 445,36 0,55 0,31 1,00 814,00 5398
149 445,36 0,55 0,31 1,00 819,00 5398
150 445,36 0,55 0,31 99,00 824,00 5398
151 445,36 0,55 0,31 99,00 829,00 5443
152 445,36 0,55 0,31 99,00 834,00 5461
153 445,36 0,55 0,31 99,00 839,00 5469
154 445,36 52,61 29,45 99,00 843,00 5476
155 445,36 52,61 29,43 99,00 848,00 5480
156 445,36 52,61 29,42 99,00 853,00 5482
157 445,36 52,61 29,42 99,00 858,00 5482
158 445,36 52,61 29,42 99,00 863,00 5492
159 445,36 52,61 29,37 99,00 868,00 5501
160 445,36 50,50 28,18 99,00 873,00 5510
161 445,36 50,50 28,17 99,00 878,00 5520
162 445,36 50,50 28,15 99,00 883,00 5532
163 445,36 50,50 28,14 99,00 888,00 5544
164 445,36 50,50 28,13 99,00 893,00 5553
165 445,36 50,50 28,11 99,00 898,00 5560
166 445,36 48,83 27,17 99,00 903,00 5566
167 445,36 48,83 27,16 99,00 908,00 5570
168 445,36 48,83 27,14 99,00 913,00 5573
169 445,36 48,03 26,69 99,00 918,00 5575
170 445,36 48,03 26,68 99,00 923,00 5576
171 445,36 48,03 26,68 99,00 928,00 5577
172 445,36 48,03 26,68 99,00 933,00 5578
173 445,36 48,03 26,68 99,00 938,00 5579
174 445,36 48,03 26,68 99,00 943,00 5580
175 445,36 48,03 26,68 99,00 948,00 5582
176 445,36 48,03 26,68 99,00 953,00 5583
177 445,36 48,03 26,68 99,00 958,00 5584
178 445,36 48,03 26,68 99,00 963,00 5587
179 445,36 48,03 26,68 99,00 968,00 5589
180 445,36 45,31 25,17 1,00 973,00 5591
181 445,36 45,31 25,17 1,00 978,00 5600
182 445,36 45,31 25,05 1,00 983,00 5601
183 445,36 45,31 25,05 1,00 988,00 5602
184 445,36 45,31 25,05 1,00 993,00 5602
185 445,36 45,31 25,05 1,00 998,00 5602
186 445,36 45,31 25,05 1,00 1.003,00 5602
187 445,36 45,31 25,05 1,00 1.008,00 5602
188 445,36 45,31 25,05 1,00 1.013,00 5602
189 445,36 45,31 25,05 1,00 1.018,00 5602
190 445,36 45,31 25,05 1,00 1.023,00 5602
191 445,36 45,31 25,05 1,00 1.028,00 5604
192 445,36 45,31 25,05 1,00 1.033,00 5606
193 445,36 0,43 0,24 1,00 1.038,00 5607
194 445,36 0,43 0,24 1,00 1.043,00 5611
195 445,36 0,43 0,23 1,00 1.048,00 5613
196 445,36 0,43 0,23 1,00 1.053,00 5613
197 445,36 0,43 0,23 1,00 1.058,00 5613
198 445,36 0,43 0,23 1,00 1.063,00 5613
199 445,36 0,43 0,23 1,00 1.068,00 5613
200 445,36 0,43 0,23 1,00 1.073,00 5613
201 445,36 0,43 0,23 1,00 1.078,00 5613
202 445,36 0,43 0,23 1,00 1.083,00 5613
203 445,36 0,43 0,23 1,00 1.088,00 5613
204 445,36 0,41 0,22 1,00 1.093,00 5613
205 445,36 0,41 0,22 1,00 1.098,00 5613
206 445,36 0,41 0,22 1,00 1.103,00 5613
207 445,36 0,41 0,22 1,00 1.108,00 5613
208 445,36 0,41 0,22 1,00 1.113,00 5614
209 445,36 0,41 0,22 1,00 1.118,00 5616
210 445,36 0,41 0,22 97,00 1.123,00 5616
211 445,36 0,41 0,22 97,00 1.128,00 5655
212 445,36 0,41 0,22 97,00 1.133,00 5665
213 445,36 38,16 20,84 97,00 1.137,00 5671
214 445,36 38,16 20,83 97,00 1.142,00 5671
215 445,36 38,16 20,83 97,00 1.147,00 5671
216 445,36 38,16 20,83 97,00 1.152,00 5671
217 445,36 37,34 20,38 97,00 1.157,00 5671
218 445,36 37,34 20,38 97,00 1.162,00 5671
219 445,36 37,34 20,38 97,00 1.167,00 5671
220 445,36 37,34 20,38 97,00 1.172,00 5671
221 445,36 37,34 20,38 97,00 1.177,00 5671
222 445,36 37,34 20,38 97,00 1.182,00 5671
223 445,36 36,39 19,87 97,00 1.187,00 5671
224 445,36 36,39 19,87 97,00 1.192,00 5671
225 445,36 36,39 19,87 97,00 1.197,00 5671
226 445,36 35,94 19,62 97,00 1.202,00 5671
227 445,36 35,94 19,62 97,00 1.207,00 5671
228 445,36 35,94 19,62 97,00 1.212,00 5671
229 445,36 35,94 19,62 97,00 1.217,00 5671
230 445,36 35,94 19,62 97,00 1.222,00 5671
231 445,36 35,94 19,62 97,00 1.227,00 5671
232 445,36 35,94 19,62 97,00 1.232,00 5671
233 445,36 35,94 19,62 97,00 1.237,00 5671
234 445,36 35,94 19,62 97,00 1.242,00 5671
235 445,36 35,94 19,62 97,00 1.247,00 5671
236 445,36 35,94 19,62 97,00 1.252,00 5671
237 445,36 35,94 19,62 97,00 1.257,00 5671
238 445,36 35,94 19,62 97,00 1.262,00 5671
239 445,36 35,94 19,62 97,00 1.267,00 5671
240 445,36 35,94 19,62 1,00 1.272,00 5671
241 445,36 35,94 19,62 1,00 1.277,00 5686
242 445,36 35,94 19,40 1,00 1.282,00 5686
243 445,36 35,94 19,40 1,00 1.287,00 5687
244 445,36 35,94 19,39 1,00 1.292,00 5688
245 445,36 35,94 19,38 1,00 1.297,00 5688
246 445,36 35,94 19,38 1,00 1.302,00 5688
247 445,36 35,94 19,38 1,00 1.307,00 5688
248 445,36 35,94 19,38 1,00 1.312,00 5688
249 445,36 35,94 19,38 1,00 1.317,00 5691
250 445,36 35,94 19,38 1,00 1.322,00 5693
251 445,36 35,94 19,38 1,00 1.327,00 5693
252 445,36 35,94 19,38 1,00 1.332,00 5693
253 445,36 35,94 19,38 1,00 1.337,00 5694
254 445,36 35,94 19,38 1,00 1.342,00 5694
255 445,36 35,94 19,38 1,00 1.347,00 5694
256 445,36 35,94 19,38 1,00 1.352,00 5694
257 445,36 0,33 0,18 1,00 1.357,00 5694
258 445,36 0,33 0,18 1,00 1.362,00 5694
259 445,36 0,33 0,18 1,00 1.367,00 5694
260 445,36 0,33 0,18 1,00 1.372,00 5694
261 445,36 0,33 0,18 1,00 1.377,00 5694
262 445,36 0,33 0,18 1,00 1.382,00 5694
263 445,36 0,33 0,18 1,00 1.387,00 5694
264 445,36 0,33 0,18 1,00 1.392,00 5694
265 445,36 0,33 0,18 1,00 1.397,00 5694
266 445,36 0,33 0,18 1,00 1.402,00 5694
267 445,36 0,33 0,18 1,00 1.407,00 5694
268 445,36 0,33 0,18 1,00 1.412,00 5694
269 445,36 0,33 0,18 1,00 1.417,00 5694
270 445,36 0,33 0,18 99,00 1.422,00 5694
271 445,36 30,90 16,66 99,00 1.427,00 5724
272 445,36 30,90 16,49 99,00 1.432,00 5736
273 445,36 30,90 16,48 99,00 1.437,00 5742
274 445,36 30,90 16,47 99,00 1.442,00 5742
275 445,36 30,90 16,47 99,00 1.447,00 5742
276 445,36 30,90 16,47 99,00 1.452,00 5742
277 445,36 30,26 16,14 99,00 1.457,00 5742
278 445,36 30,16 16,08 99,00 1.462,00 5742
279 445,36 30,06 16,03 99,00 1.467,00 5742
280 445,36 30,06 16,03 99,00 1.472,00 5742
281 445,36 30,06 16,03 99,00 1.477,00 5742
282 445,36 30,06 16,03 99,00 1.482,00 5742
283 445,36 29,65 15,81 99,00 1.487,00 5742
284 445,36 29,65 15,81 99,00 1.492,00 5742
285 445,36 29,65 15,81 99,00 1.497,00 5742
286 445,36 29,65 15,81 99,00 1.502,00 5742
287 445,36 29,65 15,81 99,00 1.507,00 5742
288 445,36 29,65 15,81 99,00 1.512,00 5742
289 445,36 29,65 15,81 99,00 1.517,00 5742
290 445,36 29,65 15,81 99,00 1.522,00 5742
291 445,36 29,65 15,81 99,00 1.527,00 5742
292 445,36 29,65 15,81 99,00 1.532,00 5742
293 445,36 29,65 15,81 99,00 1.537,00 5742
294 445,36 29,65 15,81 99,00 1.542,00 5742
295 445,36 29,65 15,81 99,00 1.547,00 5742
296 445,36 29,65 15,81 99,00 1.552,00 5742
297 445,36 29,65 15,81 99,00 1.557,00 5742
298 445,36 29,65 15,81 99,00 1.562,00 5742
299 445,36 29,65 15,81 99,00 1.567,00 5742
300 445,36 29,65 15,81 1,00 1.572,00 5742
301 445,36 29,65 15,81 1,00 1.577,00 5752
302 445,36 29,65 15,64 1,00 1.582,00 5752
303 445,36 29,65 15,64 1,00 1.587,00 5752
304 445,36 29,65 15,64 1,00 1.592,00 5752
305 445,36 29,65 15,64 1,00 1.597,00 5752
306 445,36 29,65 15,64 1,00 1.602,00 5762
307 445,36 29,65 15,61 1,00 1.607,00 5773
308 445,36 29,65 15,61 1,00 1.612,00 5778
309 445,36 29,65 15,61 1,00 1.617,00 5780
310 445,36 29,65 15,61 1,00 1.622,00 5780
311 445,36 29,65 15,61 1,00 1.627,00 5780
312 445,36 29,65 15,61 1,00 1.632,00 5780
313 445,36 29,65 15,61 1,00 1.637,00 5782
314 445,36 29,65 15,57 1,00 1.642,00 5783
315 445,36 29,65 15,56 1,00 1.647,00 5783
316 445,36 29,65 15,56 1,00 1.652,00 5783
317 445,36 29,65 15,56 1,00 1.657,00 5783
318 445,36 29,65 15,56 1,00 1.662,00 5783
319 445,36 29,65 15,56 1,00 1.667,00 5783
320 445,36 29,65 15,56 1,00 1.672,00 5783
321 445,36 29,65 15,56 1,00 1.677,00 5783
322 445,36 29,65 15,56 1,00 1.682,00 5783
323 445,36 29,65 15,56 1,00 1.687,00 5783
324 445,36 0,26 0,14 1,00 1.692,00 5783
325 445,36 0,26 0,14 1,00 1.697,00 5783
326 445,36 0,26 0,14 1,00 1.702,00 5783
327 445,36 0,26 0,14 1,00 1.707,00 5783
328 445,36 0,26 0,14 1,00 1.712,00 5783
329 445,36 0,26 0,14 1,00 1.717,00 5783
330 445,36 0,26 0,14 97,00 1.722,00 5783
331 445,36 0,26 0,14 97,00 1.727,00 5809
332 445,36 0,26 0,14 97,00 1.732,00 5815
333 445,36 0,26 0,14 97,00 1.737,00 5818
334 445,36 0,26 0,14 97,00 1.742,00 5819
335 445,36 24,81 12,94 97,00 1.746,00 5820
336 445,36 24,81 12,92 97,00 1.751,00 5820
337 445,36 24,81 12,92 97,00 1.756,00 5820
338 445,36 24,81 12,92 97,00 1.761,00 5820
339 445,36 24,81 12,92 97,00 1.766,00 5820
340 445,36 24,81 12,92 97,00 1.771,00 5820
341 445,36 24,32 12,67 97,00 1.776,00 5820
342 445,36 24,32 12,67 97,00 1.781,00 5820
343 445,36 24,32 12,67 97,00 1.786,00 5820
344 445,36 24,32 12,67 97,00 1.791,00 5820
345 445,36 24,32 12,67 97,00 1.796,00 5820
346 445,36 24,32 12,67 97,00 1.801,00 5820
347 445,36 24,32 12,67 97,00 1.806,00 5820
348 445,36 24,32 12,67 97,00 1.811,00 5820
349 445,36 24,32 12,67 97,00 1.816,00 5820
350 445,36 23,72 12,35 97,00 1.821,00 5820
351 445,36 23,72 12,35 97,00 1.826,00 5820
352 445,36 23,72 12,35 97,00 1.831,00 5820
353 445,36 23,72 12,35 97,00 1.836,00 5820
354 445,36 23,72 12,35 97,00 1.841,00 5820
355 445,36 23,72 12,35 97,00 1.846,00 5820
356 445,36 23,72 12,35 97,00 1.851,00 5820
357 445,36 23,72 12,35 97,00 1.856,00 5820
358 445,36 23,72 12,35 97,00 1.861,00 5820
359 445,36 23,15 12,06 97,00 1.866,00 5820
360 445,36 23,15 12,06 1,00 1.871,00 5820
361 445,36 23,15 12,06 1,00 1.876,00 5827
362 445,36 0,24 0,12 1,00 1.881,00 5827
363 445,36 0,24 0,12 1,00 1.886,00 5827
364 445,36 0,24 0,12 1,00 1.891,00 5827
365 445,36 0,24 0,12 1,00 1.896,00 5827
366 445,36 0,24 0,12 1,00 1.901,00 5827
367 445,36 0,23 0,12 1,00 1.906,00 5827
368 445,36 0,23 0,12 1,00 1.911,00 5827
369 445,36 0,23 0,12 1,00 1.916,00 5827
370 445,36 0,23 0,12 1,00 1.921,00 5827
371 445,36 0,23 0,12 1,00 1.926,00 5827
372 445,36 0,23 0,12 1,00 1.931,00 5827
373 445,36 0,23 0,12 1,00 1.936,00 5827
374 445,36 0,23 0,12 1,00 1.941,00 5827
375 445,36 0,23 0,12 1,00 1.946,00 5827
376 445,36 0,23 0,12 1,00 1.951,00 5827
377 445,36 0,23 0,12 1,00 1.956,00 5827
378 445,36 0,23 0,12 1,00 1.961,00 5827
379 445,36 0,23 0,12 1,00 1.966,00 5827
380 445,36 0,23 0,12 1,00 1.971,00 5827
381 445,36 0,23 0,12 1,00 1.976,00 5827
382 445,36 0,23 0,12 1,00 1.981,00 5827
383 445,36 0,23 0,12 1,00 1.986,00 5833
384 445,36 0,23 0,12 1,00 1.991,00 5833
385 445,36 0,22 0,11 1,00 1.996,00 5833
386 445,36 0,22 0,11 1,00 2.001,00 5833
387 445,36 0,22 0,11 1,00 2.006,00 5833
388 445,36 0,22 0,11 1,00 2.011,00 5833
389 445,36 0,22 0,11 1,00 2.016,00 5833
390 445,36 0,22 0,11 97,00 2.021,00 5833
391 445,36 0,22 0,11 97,00 2.026,00 5854
392 445,36 0,22 0,11 97,00 2.031,00 5858
393 445,36 21,28 10,85 97,00 2.035,00 5861
394 445,36 21,28 10,85 97,00 2.040,00 5861
395 445,36 21,28 10,85 97,00 2.045,00 5861
396 445,36 21,28 10,85 97,00 2.050,00 5861
397 445,36 21,28 10,85 97,00 2.055,00 5861
398 445,36 21,28 10,85 97,00 2.060,00 5861
399 445,36 21,28 10,85 97,00 2.065,00 5861
400 445,36 21,28 10,85 97,00 2.070,00 5861
401 445,36 21,28 10,85 97,00 2.075,00 5865
402 445,36 21,28 10,81 97,00 2.080,00 5866
403 445,36 21,28 10,81 97,00 2.085,00 5866
404 445,36 20,67 10,50 97,00 2.090,00 5866
405 445,36 20,67 10,50 97,00 2.095,00 5866
406 445,36 20,67 10,50 97,00 2.100,00 5866
407 445,36 20,67 10,50 97,00 2.105,00 5866
408 445,36 20,67 10,50 97,00 2.110,00 5866
409 445,36 20,43 10,38 97,00 2.115,00 5866
410 445,36 20,43 10,38 97,00 2.120,00 5866
411 445,36 20,43 10,38 97,00 2.125,00 5866
412 445,36 20,28 10,31 97,00 2.130,00 5866
413 445,36 20,28 10,31 97,00 2.135,00 5866
414 445,36 20,19 10,26 97,00 2.140,00 5866
415 445,36 20,19 10,26 97,00 2.145,00 5866
416 445,36 20,19 10,26 97,00 2.150,00 5866
417 445,36 20,05 10,19 97,00 2.155,00 5866
418 445,36 20,05 10,19 97,00 2.160,00 5866
419 445,36 20,05 10,19 97,00 2.165,00 5866
420 445,36 20,05 10,19 1,00 2.170,00 5866
421 445,36 20,05 10,19 1,00 2.175,00 5875
422 445,36 20,05 10,11 1,00 2.180,00 5878
423 445,36 20,05 10,11 1,00 2.185,00 5879
424 445,36 0,20 0,10 1,00 2.190,00 5879
425 445,36 0,20 0,10 1,00 2.195,00 5879
426 445,36 0,20 0,10 1,00 2.200,00 5879
427 445,36 0,20 0,10 1,00 2.205,00 5879
428 445,36 0,20 0,10 1,00 2.210,00 5880
429 445,36 0,20 0,10 1,00 2.215,00 5880
430 445,36 0,20 0,10 1,00 2.220,00 5880
431 445,36 0,20 0,10 1,00 2.225,00 5880
432 445,36 0,20 0,10 1,00 2.230,00 5880
433 445,36 0,20 0,10 1,00 2.235,00 5880
434 445,36 0,20 0,10 1,00 2.240,00 5880
435 445,36 0,20 0,10 1,00 2.245,00 5880
436 445,36 0,20 0,10 1,00 2.250,00 5880
437 445,36 0,20 0,10 1,00 2.255,00 5880
438 445,36 0,20 0,10 1,00 2.260,00 5880
439 445,36 0,20 0,10 1,00 2.265,00 5880
440 445,36 0,20 0,10 1,00 2.270,00 5880
441 445,36 0,20 0,10 1,00 2.275,00 5880
442 445,36 0,20 0,10 1,00 2.280,00 5880
443 445,36 0,19 0,10 1,00 2.285,00 5880
444 445,36 0,19 0,10 1,00 2.290,00 5880
445 445,36 0,19 0,10 1,00 2.295,00 5880
446 445,36 0,19 0,10 1,00 2.300,00 5880
447 445,36 0,19 0,10 1,00 2.305,00 5880
448 445,36 0,19 0,10 1,00 2.310,00 5880
449 445,36 0,19 0,10 1,00 2.315,00 5880
450 445,36 0,19 0,10 99,00 2.320,00 5880
451 445,36 0,19 0,10 99,00 2.325,00 5901
452 445,36 0,19 0,10 99,00 2.330,00 5908
453 445,36 0,19 0,10 99,00 2.335,00 5908
454 445,36 0,19 0,10 99,00 2.340,00 5908
455 445,36 0,19 0,10 99,00 2.345,00 5908
456 445,36 0,19 0,10 99,00 2.350,00 5909
457 445,36 0,19 0,10 99,00 2.355,00 5909
458 445,36 0,19 0,10 99,00 2.360,00 5909
459 445,36 0,19 0,10 99,00 2.365,00 5909
460 445,36 0,19 0,10 99,00 2.370,00 5909
461 445,36 0,19 0,10 99,00 2.375,00 5909
462 445,36 18,53 9,23 99,00 2.380,00 5909
463 445,36 18,53 9,23 99,00 2.385,00 5909
464 445,36 18,53 9,23 99,00 2.390,00 5909
465 445,36 18,53 9,23 99,00 2.395,00 5909
466 445,36 18,53 9,23 99,00 2.400,00 5909
467 445,36 18,53 9,23 99,00 2.405,00 5909
468 445,36 18,53 9,23 99,00 2.410,00 5909
469 445,36 18,53 9,23 99,00 2.415,00 5909
470 445,36 18,53 9,23 99,00 2.420,00 5909
471 445,36 18,53 9,23 99,00 2.425,00 5909
472 445,36 18,14 9,04 99,00 2.430,00 5909
473 445,36 18,11 9,02 99,00 2.435,00 5909
474 445,36 18,11 9,02 99,00 2.440,00 5909
475 445,36 18,11 9,02 99,00 2.445,00 5909
476 445,36 18,11 9,02 99,00 2.450,00 5909
477 445,36 17,96 8,95 99,00 2.455,00 5909
478 445,36 17,92 8,93 99,00 2.460,00 5909
479 445,36 17,92 8,93 99,00 2.465,00 5909
480 445,36 17,92 8,93 1,00 2.470,00 5909
481 445,36 17,92 8,93 1,00 2.475,00 5915
482 445,36 17,92 8,85 1,00 2.480,00 5916
483 445,36 17,92 8,85 1,00 2.485,00 5916
484 445,36 17,92 8,85 1,00 2.490,00 5916
485 445,36 17,92 8,85 1,00 2.495,00 5916
486 445,36 17,92 8,85 1,00 2.500,00 5916
487 445,36 17,92 8,85 1,00 2.505,00 5916
488 445,36 17,92 8,85 1,00 2.510,00 5916
489 445,36 17,92 8,85 1,00 2.515,00 5916
490 445,36 0,18 0,09 1,00 2.520,00 5916
491 445,36 0,18 0,09 1,00 2.525,00 5916
492 445,36 0,18 0,09 1,00 2.530,00 5916
493 445,36 0,18 0,09 1,00 2.535,00 5916
494 445,36 0,18 0,09 1,00 2.540,00 5916
495 445,36 0,18 0,09 1,00 2.545,00 5916
496 445,36 0,18 0,09 1,00 2.550,00 5916
497 445,36 0,18 0,09 1,00 2.555,00 5916
498 445,36 0,18 0,09 1,00 2.560,00 5916
499 445,36 0,18 0,09 1,00 2.565,00 5916
500 445,36 0,18 0,09 1,00 2.570,00 5916
501 445,36 0,18 0,09 1,00 2.575,00 5916
502 445,36 0,17 0,09 1,00 2.580,00 5916
503 445,36 0,17 0,09 1,00 2.585,00 5916
504 445,36 0,17 0,09 1,00 2.590,00 5916
505 445,36 0,17 0,09 1,00 2.595,00 5919
506 445,36 0,17 0,08 1,00 2.600,00 5919
507 445,36 0,17 0,08 1,00 2.605,00 5919
508 445,36 0,17 0,08 1,00 2.610,00 5919
509 445,36 0,17 0,08 1,00 2.615,00 5919
510 445,36 0,17 0,08 99,00 2.620,00 5919
511 445,36 0,17 0,08 99,00 2.625,00 5935
512 445,36 0,17 0,08 99,00 2.630,00 5937
513 445,36 0,17 0,08 99,00 2.635,00 5938
514 445,36 0,17 0,08 99,00 2.640,00 5938
515 445,36 0,17 0,08 99,00 2.645,00 5938
516 445,36 0,17 0,08 99,00 2.650,00 5938
517 445,36 0,17 0,08 99,00 2.655,00 5938
518 445,36 0,17 0,08 99,00 2.660,00 5938
519 445,36 0,17 0,08 99,00 2.665,00 5938
520 445,36 0,17 0,08 99,00 2.670,00 5938
521 445,36 0,17 0,08 99,00 2.675,00 5938
522 445,36 0,17 0,08 99,00 2.680,00 5938
523 445,36 0,17 0,08 99,00 2.685,00 5938
524 445,36 0,17 0,08 99,00 2.690,00 5938
525 445,36 16,36 7,98 99,00 2.695,00 5938
526 445,36 16,36 7,98 99,00 2.700,00 5938
527 445,36 16,36 7,98 99,00 2.705,00 5938
528 445,36 16,36 7,98 99,00 2.710,00 5938
529 445,36 16,36 7,98 99,00 2.715,00 5938
530 445,36 16,36 7,98 99,00 2.720,00 5938
531 445,36 16,36 7,98 99,00 2.725,00 5938
532 445,36 16,36 7,98 99,00 2.730,00 5938
533 445,36 16,36 7,98 99,00 2.735,00 5938
534 445,36 16,36 7,98 99,00 2.740,00 5938
535 445,36 16,36 7,98 99,00 2.745,00 5938
536 445,36 16,36 7,98 99,00 2.750,00 5938
537 445,36 16,36 7,98 99,00 2.755,00 5938
538 445,36 15,97 7,80 99,00 2.760,00 5938
539 445,36 15,97 7,80 99,00 2.765,00 5938
540 445,36 15,97 7,80 1,00 2.770,00 5938
541 445,36 15,97 7,80 1,00 2.775,00 5942
542 445,36 0,16 0,08 1,00 2.780,00 5944
543 445,36 0,16 0,08 1,00 2.785,00 5946
544 445,36 0,16 0,08 1,00 2.790,00 5947
545 445,36 0,16 0,08 1,00 2.795,00 5958
546 445,36 0,16 0,08 1,00 2.800,00 5965
547 445,36 0,16 0,08 1,00 2.805,00 5965
548 445,36 0,16 0,08 1,00 2.810,00 5965
549 445,36 0,16 0,08 1,00 2.815,00 5965
550 445,36 0,16 0,08 1,00 2.820,00 5965
551 445,36 0,16 0,08 1,00 2.825,00 5965
552 445,36 0,16 0,08 1,00 2.830,00 5965
553 445,36 0,16 0,08 1,00 2.835,00 5965
554 445,36 0,16 0,08 1,00 2.840,00 5965
555 445,36 0,16 0,08 1,00 2.845,00 5965
556 445,36 0,16 0,08 1,00 2.850,00 5965
557 445,36 0,16 0,08 1,00 2.855,00 5965
558 445,36 0,16 0,08 1,00 2.860,00 5965
559 445,36 0,16 0,08 1,00 2.865,00 5969
560 445,36 0,16 0,08 1,00 2.870,00 5969
561 445,36 0,16 0,08 1,00 2.875,00 5969
562 445,36 0,16 0,08 1,00 2.880,00 5969
563 445,36 0,16 0,08 1,00 2.885,00 5969
564 445,36 0,16 0,08 1,00 2.890,00 5969
565 445,36 0,16 0,08 1,00 2.895,00 5969
566 445,36 0,16 0,08 1,00 2.900,00 5969
567 445,36 0,15 0,07 1,00 2.905,00 5969
568 445,36 0,15 0,07 1,00 2.910,00 5969
569 445,36 0,15 0,07 1,00 2.915,00 5969
570 445,36 0,15 0,07 99,00 2.920,00 5969
571 445,36 0,15 0,07 99,00 2.925,00 5988
572 445,36 0,15 0,07 99,00 2.930,00 5994
573 445,36 15,05 7,20 99,00 2.934,00 5999
574 445,36 15,05 7,19 99,00 2.939,00 6004
575 445,36 15,05 7,19 99,00 2.944,00 6007
576 445,36 15,05 7,19 99,00 2.949,00 6009
577 445,36 15,05 7,19 99,00 2.954,00 6010
578 445,36 15,05 7,19 99,00 2.959,00 6010
579 445,36 15,05 7,19 99,00 2.964,00 6010
580 445,36 15,05 7,19 99,00 2.969,00 6010
581 445,36 15,05 7,19 99,00 2.974,00 6010
582 445,36 15,05 7,19 99,00 2.979,00 6010
583 445,36 15,05 7,19 99,00 2.984,00 6010
584 445,36 15,05 7,19 99,00 2.989,00 6010
585 445,36 15,05 7,19 99,00 2.994,00 6010
586 445,36 15,05 7,19 99,00 2.999,00 6010
587 445,36 14,68 7,01 99,00 3.004,00 6010
588 445,36 14,68 7,01 99,00 3.009,00 6010
589 445,36 14,68 7,01 99,00 3.014,00 6010
590 445,36 14,68 7,01 99,00 3.019,00 6010
591 445,36 14,68 7,01 99,00 3.024,00 6010
592 445,36 14,56 6,95 99,00 3.029,00 6010
593 445,36 14,56 6,95 99,00 3.034,00 6010
594 445,36 14,56 6,95 99,00 3.039,00 6010
595 445,36 14,56 6,95 99,00 3.044,00 6010
596 445,36 14,56 6,95 99,00 3.049,00 6010
597 445,36 14,56 6,95 99,00 3.054,00 6010
598 445,36 14,56 6,95 99,00 3.059,00 6010
599 445,36 14,39 6,88 99,00 3.064,00 6010
600 445,36 14,39 6,88 1,00 3.069,00 6010
601 445,36 14,39 6,88 1,00 3.074,00 6019
602 445,36 14,39 6,88 1,00 3.079,00 6021
603 445,36 14,39 6,88 1,00 3.084,00 6022
604 445,36 14,39 6,88 1,00 3.089,00 6022
605 445,36 14,39 6,88 1,00 3.094,00 6022
606 445,36 14,39 6,88 1,00 3.099,00 6022
607 445,36 14,39 6,88 1,00 3.104,00 6022
608 445,36 0,14 0,07 1,00 3.109,00 6023
609 445,36 0,14 0,07 1,00 3.114,00 6023
610 445,36 0,14 0,07 1,00 3.119,00 6023
611 445,36 0,14 0,07 1,00 3.124,00 6023
612 445,36 0,14 0,07 1,00 3.129,00 6023
613 445,36 0,14 0,07 1,00 3.134,00 6023
614 445,36 0,14 0,07 1,00 3.139,00 6023
615 445,36 0,14 0,07 1,00 3.144,00 6023
616 445,36 0,14 0,07 1,00 3.149,00 6023
617 445,36 0,14 0,07 1,00 3.154,00 6023
618 445,36 0,14 0,07 1,00 3.159,00 6023
619 445,36 0,14 0,07 1,00 3.164,00 6023
620 445,36 0,14 0,07 1,00 3.169,00 6023
621 445,36 0,14 0,07 1,00 3.174,00 6023
622 445,36 0,14 0,07 1,00 3.179,00 6023
623 445,36 0,14 0,07 1,00 3.184,00 6023
624 445,36 0,14 0,07 1,00 3.189,00 6023
625 445,36 0,14 0,07 1,00 3.194,00 6023
626 445,36 0,14 0,07 1,00 3.199,00 6023
627 445,36 0,14 0,07 1,00 3.204,00 6023
628 445,36 0,14 0,07 1,00 3.209,00 6023
629 445,36 0,14 0,07 1,00 3.214,00 6023
630 445,36 0,14 0,07 99,00 3.219,00 6023
631 445,36 0,14 0,07 99,00 3.224,00 6039
632 445,36 0,14 0,06 99,00 3.229,00 6043
633 445,36 13,63 6,39 99,00 3.234,00 6043
634 445,36 13,63 6,39 99,00 3.239,00 6043
635 445,36 13,63 6,39 99,00 3.244,00 6043
636 445,36 13,63 6,39 99,00 3.249,00 6043
637 445,36 13,63 6,39 99,00 3.254,00 6043
638 445,36 13,63 6,39 99,00 3.259,00 6043
639 445,36 13,63 6,39 99,00 3.264,00 6043
640 445,36 13,63 6,39 99,00 3.269,00 6043
641 445,36 13,63 6,39 99,00 3.274,00 6043
642 445,36 13,63 6,39 99,00 3.279,00 6043
643 445,36 13,63 6,39 99,00 3.284,00 6043
644 445,36 13,63 6,39 99,00 3.289,00 6043
645 445,36 13,63 6,39 99,00 3.294,00 6043
646 445,36 13,63 6,39 99,00 3.299,00 6043
647 445,36 13,63 6,39 99,00 3.304,00 6043
648 445,36 13,63 6,39 99,00 3.309,00 6043
649 445,36 13,63 6,39 99,00 3.314,00 6043
650 445,36 13,63 6,39 99,00 3.319,00 6043
651 445,36 13,63 6,39 99,00 3.324,00 6043
652 445,36 13,63 6,39 99,00 3.329,00 6043
653 445,36 13,63 6,39 99,00 3.334,00 6043
654 445,36 13,63 6,39 99,00 3.339,00 6043
655 445,36 13,63 6,39 99,00 3.344,00 6043
656 445,36 13,63 6,39 99,00 3.349,00 6043
657 445,36 13,63 6,39 99,00 3.354,00 6043
658 445,36 13,63 6,39 99,00 3.359,00 6043
659 445,36 13,63 6,39 99,00 3.364,00 6043
660 445,36 13,63 6,39 1,00 3.369,00 6043
661 445,36 13,63 6,39 1,00 3.374,00 6047
662 445,36 13,63 6,39 1,00 3.379,00 6047
663 445,36 13,63 6,39 1,00 3.384,00 6047
664 445,36 13,63 6,39 1,00 3.389,00 6047
665 445,36 13,63 6,39 1,00 3.394,00 6047
666 445,36 0,13 0,06 1,00 3.399,00 6047
667 445,36 0,13 0,06 1,00 3.404,00 6047
668 445,36 0,13 0,06 1,00 3.409,00 6048
669 445,36 0,13 0,06 1,00 3.414,00 6048
670 445,36 0,13 0,06 1,00 3.419,00 6048
671 445,36 0,13 0,06 1,00 3.424,00 6048
672 445,36 0,13 0,06 1,00 3.429,00 6048
673 445,36 0,13 0,06 1,00 3.434,00 6048
674 445,36 0,13 0,06 1,00 3.439,00 6048
675 445,36 0,13 0,06 1,00 3.444,00 6048
676 445,36 0,13 0,06 1,00 3.449,00 6048
677 445,36 0,13 0,06 1,00 3.454,00 6048
678 445,36 0,13 0,06 1,00 3.459,00 6048
679 445,36 0,13 0,06 1,00 3.464,00 6048
680 445,36 0,13 0,06 1,00 3.469,00 6048
681 445,36 0,13 0,06 1,00 3.474,00 6048
682 445,36 0,13 0,06 1,00 3.479,00 6048
683 445,36 0,13 0,06 1,00 3.484,00 6048
684 445,36 0,13 0,06 1,00 3.489,00 6048
685 445,36 0,13 0,06 1,00 3.494,00 6048
686 445,36 0,13 0,06 1,00 3.499,00 6048
687 445,36 0,13 0,06 1,00 3.504,00 6048
688 445,36 0,13 0,06 1,00 3.509,00 6048
689 445,36 0,13 0,06 1,00 3.514,00 6048
690 445,36 0,13 0,06 99,00 3.519,00 6048
691 445,36 0,13 0,06 99,00 3.524,00 6060
692 445,36 0,13 0,06 99,00 3.529,00 6063
693 445,36 0,13 0,06 99,00 3.534,00 6066
694 445,36 0,13 0,06 99,00 3.539,00 6067
695 445,36 0,13 0,06 99,00 3.544,00 6068
696 445,36 0,13 0,06 99,00 3.549,00 6070
697 445,36 0,13 0,06 99,00 3.554,00 6070
698 445,36 0,13 0,06 99,00 3.559,00 6070
699 445,36 0,13 0,06 99,00 3.564,00 6070
700 445,36 0,13 0,06 99,00 3.569,00 6070
701 445,36 0,13 0,06 99,00 3.574,00 6070
702 445,36 0,13 0,06 99,00 3.579,00 6070
703 445,36 0,13 0,06 99,00 3.584,00 6070
704 445,36 12,28 5,63 99,00 3.589,00 6070
705 445,36 12,28 5,63 99,00 3.594,00 6070
706 445,36 12,28 5,63 99,00 3.599,00 6070
707 445,36 12,28 5,63 99,00 3.604,00 6070
708 445,36 12,28 5,63 99,00 3.609,00 6070
709 445,36 12,28 5,63 99,00 3.614,00 6070
710 445,36 12,28 5,63 99,00 3.619,00 6070
711 445,36 12,28 5,63 99,00 3.624,00 6070
712 445,36 12,28 5,63 99,00 3.629,00 6070
713 445,36 12,28 5,63 99,00 3.634,00 6070
714 445,36 12,28 5,63 99,00 3.639,00 6070
715 445,36 12,28 5,63 99,00 3.644,00 6070
716 445,36 12,08 5,54 99,00 3.649,00 6070
717 445,36 12,08 5,54 99,00 3.654,00 6070
718 445,36 12,08 5,54 99,00 3.659,00 6070
719 445,36 12,08 5,54 99,00 3.664,00 6070
720 445,36 12,08 5,54 1,00 3.669,00 6070
721 445,36 12,08 5,54 1,00 3.674,00 6073
722 445,36 12,08 5,54 1,00 3.679,00 6073
723 445,36 12,08 5,54 1,00 3.684,00 6073
724 445,36 12,08 5,54 1,00 3.689,00 6073
725 445,36 12,08 5,54 1,00 3.694,00 6073
726 445,36 12,08 5,54 1,00 3.699,00 6073
727 445,36 12,08 5,54 1,00 3.704,00 6073
728 445,36 12,08 5,54 1,00 3.709,00 6073
729 445,36 12,08 5,54 1,00 3.714,00 6073
730 445,36 12,08 5,54 1,00 3.719,00 6073
731 445,36 12,08 5,54 1,00 3.724,00 6073
732 445,36 12,08 5,54 1,00 3.729,00 6073
733 445,36 12,08 5,54 1,00 3.734,00 6073
734 445,36 12,08 5,54 1,00 3.739,00 6073
735 445,36 12,08 5,54 1,00 3.744,00 6073
736 445,36 12,08 5,54 1,00 3.749,00 6073
737 445,36 12,08 5,54 1,00 3.754,00 6073
738 445,36 12,08 5,54 1,00 3.759,00 6073
739 445,36 12,08 5,54 1,00 3.764,00 6073
740 445,36 12,08 5,54 1,00 3.769,00 6073
741 445,36 12,08 5,54 1,00 3.774,00 6073
742 445,36 12,08 5,54 1,00 3.779,00 6073
743 445,36 12,08 5,54 1,00 3.784,00 6073
744 445,36 12,08 5,54 1,00 3.789,00 6073
745 445,36 12,08 5,54 1,00 3.794,00 6073
746 445,36 12,08 5,54 1,00 3.799,00 6073
747 445,36 12,08 5,54 1,00 3.804,00 6073
748 445,36 12,08 5,54 1,00 3.809,00 6073
749 445,36 12,08 5,54 1,00 3.814,00 6073
750 445,36 0,12 0,05 99,00 3.819,00 6073
751 445,36 0,12 0,05 99,00 3.824,00 6081
752 445,36 0,12 0,05 99,00 3.829,00 6085
753 445,36 0,12 0,05 99,00 3.834,00 6085
754 445,36 0,12 0,05 99,00 3.839,00 6085
755 445,36 0,12 0,05 99,00 3.844,00 6085
756 445,36 0,12 0,05 99,00 3.849,00 6085
757 445,36 11,44 5,15 99,00 3.854,00 6085
758 445,36 11,43 5,14 99,00 3.859,00 6091
759 445,36 11,43 5,14 99,00 3.864,00 6094
760 445,36 11,43 5,14 99,00 3.869,00 6096
761 445,36 11,43 5,14 99,00 3.874,00 6097
762 445,36 11,43 5,14 99,00 3.879,00 6098
763 445,36 11,43 5,14 99,00 3.884,00 6098
764 445,36 11,43 5,14 99,00 3.889,00 6098
765 445,36 11,43 5,14 99,00 3.894,00 6098
766 445,36 11,43 5,14 99,00 3.899,00 6098
767 445,36 11,43 5,14 99,00 3.904,00 6098
768 445,36 11,43 5,14 99,00 3.909,00 6098
769 445,36 11,43 5,14 99,00 3.914,00 6098
770 445,36 11,43 5,14 99,00 3.919,00 6098
771 445,36 11,43 5,14 99,00 3.924,00 6098
772 445,36 11,22 5,05 99,00 3.929,00 6098
773 445,36 11,22 5,05 99,00 3.934,00 6098
774 445,36 11,22 5,05 99,00 3.939,00 6098
775 445,36 11,22 5,05 99,00 3.944,00 6098
776 445,36 11,22 5,05 99,00 3.949,00 6098
777 445,36 11,22 5,05 99,00 3.954,00 6098
778 445,36 11,22 5,05 99,00 3.959,00 6098
779 445,36 11,22 5,05 99,00 3.964,00 6098
780 445,36 11,22 5,05 1,00 3.969,00 6098
781 445,36 11,22 5,05 1,00 3.974,00 6102
782 445,36 11,22 5,00 1,00 3.979,00 6107
783 445,36 11,22 5,00 1,00 3.984,00 6110
784 445,36 11,22 5,00 1,00 3.989,00 6111
785 445,36 0,11 0,05 1,00 3.994,00 6111
786 445,36 0,11 0,05 1,00 3.999,00 6111
787 445,36 0,11 0,05 1,00 4.004,00 6111
788 445,36 0,11 0,05 1,00 4.009,00 6111
789 445,36 0,11 0,05 1,00 4.014,00 6111
790 445,36 0,11 0,05 1,00 4.019,00 6111
791 445,36 0,11 0,05 1,00 4.024,00 6111
792 445,36 0,11 0,05 1,00 4.029,00 6111
793 445,36 0,11 0,05 1,00 4.034,00 6111
794 445,36 0,11 0,05 1,00 4.039,00 6111
795 445,36 0,11 0,05 1,00 4.044,00 6111
796 445,36 0,11 0,05 1,00 4.049,00 6111
797 445,36 0,11 0,05 1,00 4.054,00 6111
798 445,36 0,11 0,05 1,00 4.059,00 6111
799 445,36 0,11 0,05 1,00 4.064,00 6111
800 445,36 0,11 0,05 1,00 4.069,00 6111
801 445,36 0,11 0,05 1,00 4.074,00 6111
802 445,36 0,11 0,05 1,00 4.079,00 6111
803 445,36 0,11 0,05 1,00 4.084,00 6111
804 445,36 0,11 0,05 1,00 4.089,00 6111
805 445,36 0,11 0,05 1,00 4.094,00 6111
806 445,36 0,11 0,05 1,00 4.099,00 6111
807 445,36 0,11 0,05 1,00 4.104,00 6111
808 445,36 0,11 0,05 1,00 4.109,00 6111
809 445,36 0,11 0,05 1,00 4.114,00 6111
810 445,36 0,11 0,05 99,00 4.119,00 6111
811 445,36 0,11 0,05 99,00 4.124,00 6120
812 445,36 0,11 0,05 99,00 4.129,00 6122
813 445,36 0,11 0,05 99,00 4.134,00 6123
814 445,36 0,11 0,05 99,00 4.139,00 6123
815 445,36 0,11 0,05 99,00 4.144,00 6123
816 445,36 0,11 0,05 99,00 4.149,00 6123
817 445,36 10,61 4,69 99,00 4.154,00 6123
818 445,36 10,61 4,69 99,00 4.159,00 6123
819 445,36 10,59 4,67 99,00 4.164,00 6123
820 445,36 10,59 4,67 99,00 4.169,00 6123
821 445,36 10,59 4,67 99,00 4.174,00 6123
822 445,36 10,59 4,67 99,00 4.179,00 6123
823 445,36 10,54 4,65 99,00 4.184,00 6123
824 445,36 10,54 4,65 99,00 4.189,00 6123
825 445,36 10,54 4,65 99,00 4.194,00 6123
826 445,36 10,54 4,65 99,00 4.199,00 6123
827 445,36 10,54 4,65 99,00 4.204,00 6123
828 445,36 10,54 4,65 99,00 4.209,00 6123
829 445,36 10,54 4,65 99,00 4.214,00 6123
830 445,36 10,54 4,65 99,00 4.219,00 6123
831 445,36 10,54 4,65 99,00 4.224,00 6123
832 445,36 10,54 4,65 99,00 4.229,00 6123
833 445,36 10,54 4,65 99,00 4.234,00 6123
834 445,36 10,40 4,59 99,00 4.239,00 6123
835 445,36 10,40 4,59 99,00 4.244,00 6123
836 445,36 10,40 4,59 99,00 4.249,00 6123
837 445,36 10,40 4,59 99,00 4.254,00 6123
838 445,36 10,40 4,59 99,00 4.259,00 6123
839 445,36 10,40 4,59 99,00 4.264,00 6123
840 445,36 10,33 4,56 1,00 4.269,00 6123
841 445,36 10,33 4,56 1,00 4.274,00 6130
842 445,36 10,33 4,52 1,00 4.279,00 6130
843 445,36 10,33 4,52 1,00 4.284,00 6130
844 445,36 10,33 4,52 1,00 4.289,00 6130
845 445,36 10,33 4,52 1,00 4.294,00 6130
846 445,36 10,33 4,52 1,00 4.299,00 6130
847 445,36 10,33 4,52 1,00 4.304,00 6130
848 445,36 10,33 4,52 1,00 4.309,00 6130
849 445,36 10,33 4,52 1,00 4.314,00 6130
850 445,36 10,33 4,52 1,00 4.319,00 6130
851 445,36 10,33 4,52 1,00 4.324,00 6130
852 445,36 10,33 4,52 1,00 4.329,00 6130
853 445,36 10,33 4,52 1,00 4.334,00 6130
854 445,36 10,33 4,52 1,00 4.339,00 6130
855 445,36 0,10 0,04 1,00 4.344,00 6130
856 445,36 0,10 0,04 1,00 4.349,00 6130
857 445,36 0,10 0,04 1,00 4.354,00 6130
858 445,36 0,10 0,04 1,00 4.359,00 6130
859 445,36 0,10 0,04 1,00 4.364,00 6130
860 445,36 0,10 0,04 1,00 4.369,00 6130
861 445,36 0,10 0,04 1,00 4.374,00 6130
862 445,36 0,10 0,04 1,00 4.379,00 6130
863 445,36 0,10 0,04 1,00 4.384,00 6130
864 445,36 0,10 0,04 1,00 4.389,00 6130
865 445,36 0,10 0,04 1,00 4.394,00 6130
866 445,36 0,10 0,04 1,00 4.399,00 6130
867 445,36 0,10 0,04 1,00 4.404,00 6130
868 445,36 0,10 0,04 1,00 4.409,00 6130
869 445,36 0,10 0,04 1,00 4.414,00 6130
870 445,36 0,10 0,04 99,00 4.419,00 6130
871 445,36 0,10 0,04 99,00 4.424,00 6139
872 445,36 0,10 0,04 99,00 4.429,00 6142
873 445,36 0,10 0,04 99,00 4.434,00 6144
874 445,36 0,10 0,04 99,00 4.439,00 6144
875 445,36 0,10 0,04 99,00 4.444,00 6152
876 445,36 0,10 0,04 99,00 4.449,00 6155
877 445,36 0,10 0,04 99,00 4.454,00 6156
878 445,36 0,10 0,04 99,00 4.459,00 6156
879 445,36 0,10 0,04 99,00 4.464,00 6156
880 445,36 0,10 0,04 99,00 4.469,00 6156
881 445,36 0,10 0,04 99,00 4.474,00 6156
882 445,36 0,10 0,04 99,00 4.479,00 6156
883 445,36 0,10 0,04 99,00 4.484,00 6156
884 445,36 0,10 0,04 99,00 4.489,00 6156
885 445,36 0,10 0,04 99,00 4.494,00 6156
886 445,36 0,10 0,04 99,00 4.499,00 6156
887 445,36 0,10 0,04 99,00 4.504,00 6156
888 445,36 0,10 0,04 99,00 4.509,00 6156
889 445,36 0,10 0,04 99,00 4.514,00 6156
890 445,36 0,10 0,04 99,00 4.519,00 6156
891 445,36 0,10 0,04 99,00 4.524,00 6156
892 445,36 9,74 4,21 99,00 4.529,00 6156
893 445,36 9,74 4,21 99,00 4.534,00 6156
894 445,36 9,74 4,21 99,00 4.539,00 6156
895 445,36 9,70 4,20 99,00 4.544,00 6156
896 445,36 9,70 4,20 99,00 4.549,00 6156
897 445,36 9,70 4,20 99,00 4.554,00 6156
898 445,36 9,70 4,20 99,00 4.559,00 6156
899 445,36 9,66 4,18 99,00 4.564,00 6156
900 445,36 9,66 4,18 1,00 4.569,00 6156
901 445,36 9,66 4,18 1,00 4.574,00 6161
902 445,36 9,66 4,15 1,00 4.579,00 6162
903 445,36 9,66 4,15 1,00 4.584,00 6163
904 445,36 9,66 4,15 1,00 4.589,00 6163
905 445,36 9,66 4,15 1,00 4.594,00 6164
906 445,36 9,66 4,14 1,00 4.599,00 6165
907 445,36 9,66 4,14 1,00 4.604,00 6165
908 445,36 9,66 4,14 1,00 4.609,00 6165
909 445,36 9,66 4,14 1,00 4.614,00 6165
910 445,36 9,66 4,14 1,00 4.619,00 6165
911 445,36 9,66 4,14 1,00 4.624,00 6165
912 445,36 9,66 4,14 1,00 4.629,00 6165
913 445,36 9,66 4,14 1,00 4.634,00 6165
914 445,36 9,66 4,14 1,00 4.639,00 6165
915 445,36 9,66 4,14 1,00 4.644,00 6165
916 445,36 9,66 4,14 1,00 4.649,00 6165
917 445,36 9,66 4,14 1,00 4.654,00 6165
918 445,36 9,66 4,14 1,00 4.659,00 6165
919 445,36 9,66 4,14 1,00 4.664,00 6165
920 445,36 9,66 4,14 1,00 4.669,00 6165
921 445,36 9,66 4,14 1,00 4.674,00 6165
922 445,36 9,66 4,14 1,00 4.679,00 6165
923 445,36 9,66 4,14 1,00 4.684,00 6165
924 445,36 9,66 4,14 1,00 4.689,00 6165
925 445,36 9,66 4,14 1,00 4.694,00 6165
926 445,36 9,66 4,14 1,00 4.699,00 6165
927 445,36 9,66 4,14 1,00 4.704,00 6165
928 445,36 9,66 4,14 1,00 4.709,00 6165
929 445,36 9,66 4,14 1,00 4.714,00 6165
930 445,36 9,66 4,14 1,00 4.719,00 6165
931 445,36 9,66 4,14 1,00 4.724,00 6173
932 445,36 9,66 4,11 1,00 4.729,00 6176
933 445,36 9,66 4,11 1,00 4.734,00 6176
934 445,36 9,66 4,11 1,00 4.739,00 6176
935 445,36 9,66 4,11 1,00 4.744,00 6176
936 445,36 9,66 4,11 1,00 4.749,00 6177
937 445,36 9,66 4,11 1,00 4.754,00 6177
938 445,36 9,66 4,11 1,00 4.759,00 6177
939 445,36 9,66 4,11 1,00 4.764,00 6177
940 445,36 9,66 4,11 1,00 4.769,00 6177
941 445,36 9,66 4,11 1,00 4.774,00 6177
942 445,36 9,66 4,11 1,00 4.779,00 6177
943 445,36 9,66 4,11 1,00 4.784,00 6177
944 445,36 9,66 4,11 1,00 4.789,00 6177
945 445,36 9,66 4,11 1,00 4.794,00 6177
946 445,36 9,66 4,11 1,00 4.799,00 6177
947 445,36 9,66 4,11 1,00 4.804,00 6177
948 445,36 9,66 4,11 1,00 4.809,00 6177
949 445,36 9,66 4,11 1,00 4.814,00 6177
950 445,36 9,66 4,11 1,00 4.819,00 6177
951 445,36 9,66 4,11 1,00 4.824,00 6177
952 445,36 9,66 4,11 1,00 4.829,00 6177
953 445,36 9,66 4,11 1,00 4.834,00 6177
954 445,36 9,66 4,11 1,00 4.839,00 6177
955 445,36 9,66 4,11 1,00 4.844,00 6177
956 445,36 9,66 4,11 1,00 4.849,00 6177
957 445,36 9,66 4,11 1,00 4.854,00 6177
958 445,36 9,66 4,11 1,00 4.859,00 6177
959 445,36 9,66 4,11 1,00 4.864,00 6177
960 445,36 9,66 4,11 1,00 4.869,00 6177
961 445,36 9,66 4,11 1,00 4.874,00 6179
962 445,36 9,66 4,11 1,00 4.879,00 6180
963 445,36 0,09 0,04 1,00 4.884,00 6180
964 445,36 0,09 0,04 1,00 4.889,00 6180
965 445,36 0,09 0,04 1,00 4.894,00 6181
966 445,36 0,09 0,04 1,00 4.899,00 6181
967 445,36 0,09 0,04 1,00 4.904,00 6181
968 445,36 0,09 0,04 1,00 4.909,00 6181
969 445,36 0,09 0,04 1,00 4.914,00 6181
970 445,36 0,09 0,04 1,00 4.919,00 6181
971 445,36 0,09 0,04 1,00 4.924,00 6181
972 445,36 0,09 0,04 1,00 4.929,00 6181
973 445,36 0,09 0,04 1,00 4.934,00 6181
974 445,36 0,09 0,04 1,00 4.939,00 6181
975 445,36 0,09 0,04 1,00 4.944,00 6181
976 445,36 0,09 0,04 1,00 4.949,00 6181
977 445,36 0,09 0,04 1,00 4.954,00 6181
978 445,36 0,09 0,04 1,00 4.959,00 6181
979 445,36 0,09 0,04 1,00 4.964,00 6181
980 445,36 0,09 0,04 1,00 4.969,00 6181
981 445,36 0,09 0,04 1,00 4.974,00 6181
982 445,36 0,09 0,04 1,00 4.979,00 6181
983 445,36 0,09 0,04 1,00 4.984,00 6181
984 445,36 0,09 0,04 1,00 4.989,00 6181
985 445,36 0,09 0,04 1,00 4.994,00 6181
986 445,36 0,09 0,04 1,00 4.999,00 6181
987 445,36 0,09 0,04 1,00 5.004,00 6181
988 445,36 0,09 0,04 1,00 5.009,00 6181
989 445,36 0,09 0,04 1,00 5.014,00 6181
990 445,36 0,09 0,04 99,00 5.019,00 6181
991 445,36 0,09 0,04 99,00 5.024,00 6187
992 445,36 0,09 0,04 99,00 5.029,00 6189
993 445,36 0,09 0,04 99,00 5.034,00 6189
994 445,36 0,09 0,04 99,00 5.039,00 6189
995 445,36 0,09 0,04 99,00 5.044,00 6189
996 445,36 0,09 0,04 99,00 5.049,00 6189
997 445,36 0,09 0,04 99,00 5.054,00 6189
998 445,36 0,09 0,04 99,00 5.059,00 6189
999 445,36 0,09 0,04 99,00 5.064,00 6189
