500
0 133,45 133,45 133,45 3,00 68,00 0 0
1 133,45 133,45 133,45 3,00 27,00 2034 0
2 133,45 133,45 13,63 1,00 14,00 5373 0
3 133,45 133,45 7,84 3,00 1,00 8224 0
4 133,45 133,45 9,89 1,00 14,00 10634 0
5 133,45 133,45 12,53 1,00 1,00 12916 0
6 133,45 133,45 12,32 3,00 1,00 15418 0
7 133,45 28,60 3,61 19,00 14,00 17536 0
8 133,45 28,60 3,89 49,00 14,00 19639 0
9 133,45 467,06 67,54 1,00 14,00 21808 0
10 133,45 467,06 89,64 1,00 6,00 23907 0
11 133,45 467,06 136,09 1,00 1,00 25930 0
12 133,45 467,06 99,95 1,00 1,00 27892 0
13 133,45 467,06 73,52 1,00 1,00 29850 0
14 133,45 467,06 127,15 1,00 1,00 31599 0
15 133,45 467,06 54,68 1,00 1,00 33497 0
16 133,45 467,06 158,59 1,00 1,00 35789 0
17 133,45 467,06 110,69 1,00 1,00 37955 0
18 133,45 133,45 35,26 2,00 1,00 39952 0
19 133,45 133,45 41,46 1,00 14,00 41766 0
20 133,45 133,45 54,18 1,00 1,00 43660 0
21 133,45 133,45 46,60 2,00 1,00 45373 0
22 133,45 133,45 30,91 1,00 14,00 47124 0
23 133,45 133,45 47,83 1,00 1,00 48807 0
24 133,45 133,45 56,42 2,00 1,00 50463 0
25 133,45 133,45 41,62 2,00 14,00 52047 0
26 133,45 133,45 45,49 1,00 14,00 53795 0
27 133,45 133,45 37,01 1,00 1,00 55520 0
28 133,45 133,45 33,26 2,00 1,00 57190 0
29 133,45 133,45 43,04 2,00 14,00 58778 0
30 133,45 133,45 46,16 1,00 14,00 60394 0
31 133,45 133,45 57,79 1,00 1,00 62105 0
32 133,45 133,45 44,62 1,00 1,00 63934 0
33 133,45 133,45 43,16 1,00 1,00 65556 0
34 133,45 133,45 47,69 2,00 1,00 67081 0
35 133,45 133,45 50,22 1,00 14,00 68549 0
36 133,45 133,45 49,66 1,00 1,00 69881 0
37 133,45 133,45 56,47 1,00 1,00 71145 0
38 133,45 133,45 49,63 1,00 1,00 72579 0
39 133,45 133,45 48,91 1,00 1,00 74208 0
40 133,45 133,45 46,79 1,00 1,00 75718 0
41 133,45 133,45 35,97 1,00 1,00 77166 0
42 133,45 133,45 48,71 1,00 1,00 78878 0
43 133,45 133,45 46,07 1,00 1,00 80555 0
44 133,45 133,45 46,21 1,00 1,00 81773 0
45 133,45 133,45 49,12 1,00 1,00 83109 0
46 133,45 133,45 49,13 1,00 1,00 84434 0
47 133,45 133,45 45,75 1,00 1,00 85600 0
48 133,45 133,45 47,63 1,00 1,00 87143 0
49 133,45 133,45 45,51 1,00 1,00 88485 0
50 133,45 133,45 45,12 1,00 1,00 89667 0
51 133,45 133,45 57,91 1,00 1,00 91101 0
52 133,45 133,45 56,34 1,00 1,00 92490 0
53 133,45 133,45 56,64 1,00 1,00 93718 0
54 133,45 133,45 56,05 1,00 1,00 94913 0
55 133,45 133,45 56,50 1,00 1,00 96246 0
56 133,45 133,45 56,69 1,00 1,00 97603 0
57 133,45 133,45 57,10 1,00 1,00 98885 0
58 133,45 133,45 60,66 1,00 1,00 100402 0
59 133,45 133,45 60,55 1,00 1,00 101741 0
60 133,45 133,45 58,37 1,00 1,00 103074 0
61 133,45 133,45 59,25 1,00 1,00 104418 0
62 133,45 133,45 59,49 1,00 1,00 105536 0
63 133,45 133,45 55,45 1,00 1,00 106810 0
64 133,45 133,45 61,63 1,00 1,00 108412 0
65 133,45 133,45 61,84 1,00 1,00 110148 0
66 133,45 133,45 60,43 1,00 1,00 111691 0
67 133,45 133,45 54,45 1,00 1,00 113010 0
68 133,45 133,45 51,99 1,00 1,00 114244 0
69 133,45 133,45 57,19 1,00 1,00 115821 0
70 133,45 133,45 56,08 1,00 1,00 117266 0
71 133,45 133,45 52,18 1,00 1,00 118561 0
72 133,45 133,45 53,66 1,00 1,00 120013 0
73 133,45 133,45 57,41 1,00 1,00 121298 0
74 133,45 133,45 54,32 1,00 1,00 122549 0
75 133,45 133,45 54,54 1,00 1,00 123751 0
76 133,45 133,45 52,24 1,00 1,00 124905 0
77 133,45 133,45 52,33 1,00 1,00 125986 0
78 133,45 133,45 54,51 1,00 1,00 127318 0
79 133,45 133,45 52,06 1,00 1,00 128543 0
80 133,45 133,45 51,53 1,00 1,00 130074 0
81 133,45 133,45 55,12 1,00 1,00 131439 0
82 133,45 133,45 78,10 1,00 1,00 132580 0
83 133,45 133,45 63,47 1,00 1,00 133739 0
84 133,45 133,45 62,95 1,00 1,00 134818 0
85 133,45 133,45 66,95 1,00 1,00 135948 0
86 133,45 133,45 65,37 1,00 1,00 136970 0
87 133,45 133,45 62,49 1,00 1,00 138018 0
88 133,45 133,45 70,18 1,00 1,00 139066 0
89 133,45 133,45 68,10 1,00 1,00 139999 0
90 133,45 133,45 67,55 1,00 1,00 141020 0
91 133,45 133,45 63,62 1,00 1,00 142167 0
92 133,45 133,45 66,04 1,00 1,00 143191 0
93 133,45 133,45 64,65 1,00 1,00 144073 0
94 133,45 133,45 65,99 1,00 1,00 145023 0
95 133,45 133,45 64,57 1,00 1,00 146050 0
96 133,45 133,45 66,41 1,00 1,00 147033 0
97 133,45 133,45 66,77 1,00 1,00 148185 0
98 133,45 133,45 63,56 1,00 1,00 149496 0
99 133,45 133,45 61,35 1,00 1,00 150789 0
100 133,45 133,45 62,39 1,00 1,00 151913 0
101 133,45 133,45 64,57 1,00 1,00 152923 0
102 133,45 133,45 63,13 1,00 1,00 154100 0
103 133,45 133,45 63,90 1,00 1,00 155304 0
104 133,45 133,45 63,27 1,00 1,00 156501 0
105 133,45 133,45 69,69 1,00 1,00 157770 0
106 133,45 133,45 66,80 1,00 1,00 159019 0
107 133,45 133,45 69,81 1,00 1,00 160099 0
108 133,45 133,45 67,57 1,00 1,00 161070 0
109 133,45 133,45 66,06 1,00 1,00 161897 0
110 133,45 133,45 66,03 1,00 1,00 162626 0
111 133,45 133,45 63,67 1,00 1,00 163252 0
112 133,45 133,45 66,85 1,00 1,00 163915 0
113 133,45 133,45 65,23 1,00 1,00 164484 0
114 133,45 133,45 65,25 1,00 1,00 165028 0
115 133,45 133,45 62,42 1,00 1,00 165663 0
116 133,45 133,45 62,65 1,00 1,00 166330 0
117 133,45 133,45 62,66 1,00 1,00 166906 0
118 133,45 133,45 62,29 1,00 1,00 167421 0
119 133,45 133,45 61,58 1,00 1,00 168035 0
120 133,45 133,45 62,08 1,00 1,00 168861 0
121 133,45 133,45 60,59 1,00 1,00 169578 0
122 133,45 133,45 60,52 1,00 1,00 170224 0
123 133,45 133,45 61,14 1,00 1,00 170893 0
124 133,45 133,45 62,20 1,00 1,00 171582 0
125 133,45 133,45 64,94 1,00 1,00 172216 0
126 133,45 133,45 68,79 1,00 1,00 172756 0
127 133,45 133,45 65,31 1,00 1,00 173305 0
128 133,45 133,45 65,28 1,00 1,00 173840 0
129 133,45 133,45 63,12 1,00 1,00 174427 0
130 133,45 133,45 62,69 1,00 1,00 175026 0
131 133,45 133,45 62,34 1,00 1,00 175704 0
132 133,45 133,45 61,62 1,00 1,00 176270 0
133 133,45 133,45 61,69 1,00 1,00 176881 0
134 133,45 133,45 60,90 1,00 1,00 177431 0
135 133,45 133,45 60,78 1,00 1,00 178005 0
136 133,45 133,45 60,77 1,00 1,00 178566 0
137 133,45 133,45 59,77 1,00 1,00 179265 0
138 133,45 133,45 62,14 1,00 1,00 179894 0
139 133,45 133,45 62,63 1,00 1,00 180482 0
140 133,45 133,45 62,13 1,00 1,00 181063 0
141 133,45 133,45 60,48 1,00 1,00 181637 0
142 133,45 133,45 60,10 1,00 1,00 182152 0
143 133,45 133,45 58,83 1,00 1,00 182626 0
144 133,45 133,45 58,75 1,00 1,00 183097 0
145 133,45 133,45 58,16 1,00 1,00 183576 0
146 133,45 133,45 58,18 1,00 1,00 184032 0
147 133,45 133,45 58,14 1,00 1,00 184511 0
148 133,45 133,45 58,99 1,00 1,00 184974 0
149 133,45 133,45 59,26 1,00 1,00 185531 0
150 133,45 133,45 58,42 1,00 1,00 186058 0
151 133,45 133,45 58,76 1,00 1,00 186631 0
152 133,45 133,45 59,61 1,00 1,00 187173 0
153 133,45 133,45 60,43 1,00 1,00 187653 0
154 133,45 133,45 61,11 1,00 1,00 188087 0
155 133,45 133,45 61,11 1,00 1,00 188478 0
156 133,45 133,45 61,95 1,00 1,00 188781 0
157 133,45 133,45 61,89 1,00 1,00 189113 0
158 133,45 133,45 62,98 1,00 1,00 189431 0
159 133,45 133,45 62,44 1,00 1,00 189747 0
160 133,45 133,45 62,78 1,00 1,00 190001 0
161 133,45 133,45 62,18 1,00 1,00 190235 0
162 133,45 133,45 60,95 1,00 1,00 190426 0
163 133,45 133,45 62,46 1,00 1,00 190604 0
164 133,45 133,45 62,61 1,00 1,00 190779 0
165 133,45 133,45 62,33 1,00 1,00 191045 0
166 133,45 133,45 62,36 1,00 1,00 191280 0
167 133,45 133,45 62,60 1,00 1,00 191593 0
168 133,45 133,45 63,28 1,00 1,00 192025 0
169 133,45 133,45 64,04 1,00 1,00 192568 0
170 133,45 133,45 62,83 1,00 1,00 193073 0
171 133,45 133,45 63,50 1,00 1,00 193588 0
172 133,45 133,45 63,09 1,00 1,00 194218 0
173 133,45 133,45 65,25 1,00 1,00 194884 0
174 133,45 133,45 64,96 1,00 1,00 195676 0
175 133,45 133,45 65,73 1,00 1,00 196337 0
176 133,45 133,45 63,75 1,00 1,00 196899 0
177 133,45 133,45 64,45 1,00 1,00 197325 0
178 133,45 133,45 63,50 1,00 1,00 197802 0
179 133,45 133,45 62,42 1,00 1,00 198275 0
180 133,45 133,45 61,78 1,00 1,00 198921 0
181 133,45 133,45 62,95 1,00 1,00 199549 0
182 133,45 133,45 62,72 1,00 1,00 200208 0
183 133,45 133,45 62,56 1,00 1,00 201052 0
184 133,45 133,45 61,99 1,00 1,00 201970 0
185 133,45 133,45 61,96 1,00 1,00 202680 0
186 133,45 133,45 61,98 1,00 1,00 203342 0
187 133,45 133,45 60,37 1,00 1,00 203905 0
188 133,45 133,45 60,74 1,00 1,00 204414 0
189 133,45 133,45 60,94 1,00 1,00 205267 0
190 133,45 133,45 61,44 1,00 1,00 206148 0
191 133,45 133,45 61,42 1,00 1,00 207071 0
192 133,45 133,45 61,45 1,00 1,00 207853 0
193 133,45 133,45 63,87 1,00 1,00 208707 0
194 133,45 133,45 64,39 1,00 1,00 209442 0
195 133,45 133,45 61,64 1,00 1,00 210092 0
196 133,45 133,45 66,61 1,00 1,00 210836 0
197 133,45 133,45 62,01 1,00 1,00 211520 0
198 133,45 133,45 66,24 1,00 1,00 212143 0
199 133,45 133,45 61,63 1,00 1,00 212798 0
200 133,45 133,45 62,20 1,00 1,00 213398 0
201 133,45 133,45 61,51 1,00 1,00 213972 0
202 133,45 133,45 62,29 1,00 1,00 214446 0
203 133,45 133,45 62,42 1,00 1,00 214886 0
204 133,45 133,45 61,53 1,00 1,00 215331 0
205 133,45 133,45 62,31 1,00 1,00 215711 0
206 133,45 133,45 63,11 1,00 1,00 216069 0
207 133,45 133,45 62,83 1,00 1,00 216426 0
208 133,45 133,45 62,01 1,00 1,00 216691 0
209 133,45 133,45 61,40 1,00 1,00 216851 0
210 133,45 133,45 62,74 1,00 1,00 217021 0
211 133,45 133,45 63,09 1,00 1,00 217235 0
212 133,45 133,45 63,06 1,00 1,00 217428 0
213 133,45 133,45 62,89 1,00 1,00 217613 0
214 133,45 133,45 63,26 1,00 1,00 217786 0
215 133,45 133,45 62,73 1,00 1,00 218014 0
216 133,45 133,45 63,37 1,00 1,00 218241 0
217 133,45 133,45 62,89 1,00 1,00 218632 0
218 133,45 133,45 61,82 1,00 1,00 219065 0
219 133,45 133,45 61,77 1,00 1,00 219510 0
220 133,45 133,45 62,14 1,00 1,00 219834 0
221 133,45 133,45 62,91 1,00 1,00 220118 0
222 133,45 133,45 62,51 1,00 1,00 220457 0
223 133,45 133,45 62,15 1,00 1,00 220780 0
224 133,45 133,45 61,70 1,00 1,00 221084 0
225 133,45 133,45 62,18 1,00 1,00 221368 0
226 133,45 133,45 61,85 1,00 1,00 221678 0
227 133,45 133,45 62,35 1,00 1,00 222006 0
228 133,45 133,45 62,62 1,00 1,00 222403 0
229 133,45 133,45 62,00 1,00 1,00 222737 0
230 133,45 133,45 61,95 1,00 1,00 223035 0
231 133,45 133,45 61,99 1,00 1,00 223321 0
232 133,45 133,45 61,96 1,00 1,00 223592 0
233 133,45 133,45 61,90 1,00 1,00 223825 0
234 133,45 133,45 61,93 1,00 1,00 224068 0
235 133,45 133,45 61,93 1,00 1,00 224238 0
236 133,45 133,45 61,93 1,00 1,00 224458 0
237 133,45 133,45 61,90 1,00 1,00 224715 0
238 133,45 133,45 61,86 1,00 1,00 224963 0
239 133,45 133,45 61,87 1,00 1,00 225171 0
240 133,45 133,45 61,88 1,00 1,00 225419 0
241 133,45 133,45 61,87 1,00 1,00 225651 0
242 133,45 133,45 61,86 1,00 1,00 225874 0
243 133,45 133,45 61,84 1,00 1,00 226049 0
244 133,45 133,45 61,82 1,00 1,00 226240 0
245 133,45 133,45 61,81 1,00 1,00 226509 0
246 133,45 133,45 61,79 1,00 1,00 226809 0
247 133,45 133,45 61,76 1,00 1,00 227215 0
248 133,45 133,45 62,23 1,00 1,00 227639 0
249 133,45 133,45 61,81 1,00 1,00 228105 0
250 133,45 133,45 62,16 1,00 1,00 228636 0
251 133,45 133,45 61,95 1,00 1,00 229213 0
252 133,45 133,45 61,77 1,00 1,00 229674 0
253 133,45 133,45 61,85 1,00 1,00 230044 0
254 133,45 133,45 61,26 1,00 1,00 230450 0
255 133,45 133,45 61,66 1,00 1,00 230803 0
256 133,45 133,45 61,57 1,00 1,00 231184 0
257 133,45 133,45 61,41 1,00 1,00 231585 0
258 133,45 133,45 61,41 1,00 1,00 232098 0
259 133,45 133,45 61,69 1,00 1,00 232617 0
260 133,45 133,45 61,16 1,00 1,00 233264 0
261 133,45 133,45 60,79 1,00 1,00 233979 0
262 133,45 133,45 62,18 1,00 1,00 234613 0
263 133,45 133,45 61,48 1,00 1,00 235212 0
264 133,45 133,45 61,67 1,00 1,00 235817 0
265 133,45 133,45 61,92 1,00 1,00 236398 0
266 133,45 133,45 61,75 1,00 1,00 236895 0
267 133,45 133,45 61,58 1,00 1,00 237510 0
268 133,45 133,45 61,83 1,00 1,00 238092 0
269 133,45 133,45 61,36 1,00 1,00 238725 0
270 133,45 133,45 63,97 1,00 1,00 239224 0
271 133,45 133,45 65,54 1,00 1,00 239797 0
272 133,45 133,45 61,51 1,00 1,00 240308 0
273 133,45 133,45 60,99 1,00 1,00 240800 0
274 133,45 133,45 60,38 1,00 1,00 241319 0
275 133,45 133,45 59,86 1,00 1,00 241758 0
276 133,45 133,45 59,36 1,00 1,00 242166 0
277 133,45 133,45 59,46 1,00 1,00 242581 0
278 133,45 133,45 58,94 1,00 1,00 242909 0
279 133,45 133,45 58,72 1,00 1,00 243219 0
280 133,45 133,45 58,26 1,00 1,00 243464 0
281 133,45 133,45 58,23 1,00 1,00 243676 0
282 133,45 133,45 58,44 1,00 1,00 243930 0
283 133,45 133,45 58,42 1,00 1,00 244170 0
284 133,45 133,45 58,38 1,00 1,00 244381 0
285 133,45 133,45 58,34 1,00 1,00 244581 0
286 133,45 133,45 58,45 1,00 1,00 244881 0
287 133,45 133,45 59,06 1,00 1,00 245197 0
288 133,45 133,45 59,84 1,00 1,00 245608 0
289 133,45 133,45 60,69 1,00 1,00 246088 0
290 133,45 133,45 60,16 1,00 1,00 246639 0
291 133,45 133,45 61,32 1,00 1,00 247156 0
292 133,45 133,45 60,67 1,00 1,00 247714 0
293 133,45 133,45 60,49 1,00 1,00 248241 0
294 133,45 133,45 60,64 1,00 1,00 248810 0
295 133,45 133,45 60,55 1,00 1,00 249419 0
296 133,45 133,45 60,67 1,00 1,00 250007 0
297 133,45 133,45 60,43 1,00 1,00 250497 0
298 133,45 133,45 60,92 1,00 1,00 250954 0
299 133,45 133,45 60,53 1,00 1,00 251457 0
300 133,45 133,45 61,09 1,00 1,00 251857 0
301 133,45 133,45 60,75 1,00 1,00 252267 0
302 133,45 133,45 60,80 1,00 1,00 252574 0
303 133,45 133,45 60,92 1,00 1,00 252830 0
304 133,45 133,45 60,27 1,00 1,00 253107 0
305 133,45 133,45 60,65 1,00 1,00 253377 0
306 133,45 133,45 60,74 1,00 1,00 253614 0
307 133,45 133,45 60,79 1,00 1,00 253802 0
308 133,45 133,45 61,26 1,00 1,00 254049 0
309 133,45 133,45 61,14 1,00 1,00 254401 0
310 133,45 133,45 61,19 1,00 1,00 254778 0
311 133,45 133,45 61,49 1,00 1,00 255271 0
312 133,45 133,45 61,18 1,00 1,00 255757 0
313 133,45 133,45 61,08 1,00 1,00 256168 0
314 133,45 133,45 61,02 1,00 1,00 256672 0
315 133,45 133,45 61,35 1,00 1,00 257185 0
316 133,45 133,45 62,94 1,00 1,00 257712 0
317 133,45 133,45 61,63 1,00 1,00 258122 0
318 133,45 133,45 60,96 1,00 1,00 258667 0
319 133,45 133,45 61,00 1,00 1,00 259142 0
320 133,45 133,45 60,96 1,00 1,00 259646 0
321 133,45 133,45 61,23 1,00 1,00 260162 0
322 133,45 133,45 61,04 1,00 1,00 260676 0
323 133,45 133,45 61,28 1,00 1,00 261138 0
324 133,45 133,45 61,20 1,00 1,00 261651 0
325 133,45 133,45 60,94 1,00 1,00 262097 0
326 133,45 133,45 60,78 1,00 1,00 262489 0
327 133,45 133,45 60,90 1,00 1,00 262843 0
328 133,45 133,45 61,03 1,00 1,00 263159 0
329 133,45 133,45 61,06 1,00 1,00 263421 0
330 133,45 133,45 61,14 1,00 1,00 263619 0
331 133,45 133,45 61,15 1,00 1,00 263843 0
332 133,45 133,45 61,36 1,00 1,00 264118 0
333 133,45 133,45 61,46 1,00 1,00 264399 0
334 133,45 133,45 61,25 1,00 1,00 264633 0
335 133,45 133,45 61,31 1,00 1,00 264897 0
336 133,45 133,45 61,32 1,00 1,00 265071 0
337 133,45 133,45 61,28 1,00 1,00 265325 0
338 133,45 133,45 61,54 1,00 1,00 265624 0
339 133,45 133,45 61,26 1,00 1,00 265881 0
340 133,45 133,45 61,27 1,00 1,00 266159 0
341 133,45 133,45 61,43 1,00 1,00 266407 0
342 133,45 133,45 61,24 1,00 1,00 266608 0
343 133,45 133,45 61,22 1,00 1,00 266826 0
344 133,45 133,45 61,27 1,00 1,00 267021 0
345 133,45 133,45 61,23 1,00 1,00 267267 0
346 133,45 133,45 61,23 1,00 1,00 267522 0
347 133,45 133,45 61,19 1,00 1,00 267800 0
348 133,45 133,45 61,18 1,00 1,00 267983 0
349 133,45 133,45 61,21 1,00 1,00 268149 0
350 133,45 133,45 61,16 1,00 1,00 268298 0
351 133,45 133,45 61,20 1,00 1,00 268420 0
352 133,45 133,45 61,18 1,00 1,00 268528 0
353 133,45 133,45 61,17 1,00 1,00 268604 0
354 133,45 133,45 61,15 1,00 1,00 268675 0
355 133,45 133,45 61,14 1,00 1,00 268771 0
356 133,45 133,45 61,11 1,00 1,00 268866 0
357 133,45 133,45 61,10 1,00 1,00 268992 0
358 133,45 133,45 61,13 1,00 1,00 269085 0
359 133,45 133,45 61,11 1,00 1,00 269183 0
360 133,45 133,45 61,12 1,00 1,00 269292 0
361 133,45 133,45 61,15 1,00 1,00 269492 0
362 133,45 133,45 61,13 1,00 1,00 269676 0
363 133,45 133,45 61,15 1,00 1,00 269862 0
364 133,45 133,45 61,16 1,00 1,00 270024 0
365 133,45 133,45 61,12 1,00 1,00 270194 0
366 133,45 133,45 61,17 1,00 1,00 270340 0
367 133,45 133,45 61,13 1,00 1,00 270507 0
368 133,45 133,45 61,16 1,00 1,00 270654 0
369 133,45 133,45 61,16 1,00 1,00 270777 0
370 133,45 133,45 61,17 1,00 1,00 270904 0
371 133,45 133,45 61,16 1,00 1,00 271036 0
372 133,45 133,45 61,15 1,00 1,00 271172 0
373 133,45 133,45 61,17 1,00 1,00 271283 0
374 133,45 133,45 61,16 1,00 1,00 271382 0
375 133,45 133,45 61,17 1,00 1,00 271457 0
376 133,45 133,45 61,17 1,00 1,00 271539 0
377 133,45 133,45 61,16 1,00 1,00 271646 0
378 133,45 133,45 61,17 1,00 1,00 271773 0
379 133,45 133,45 61,17 1,00 1,00 271893 0
380 133,45 133,45 61,16 1,00 1,00 272037 0
381 133,45 133,45 61,16 1,00 1,00 272202 0
382 133,45 133,45 61,16 1,00 1,00 272338 0
383 133,45 133,45 61,16 1,00 1,00 272459 0
384 133,45 133,45 61,15 1,00 1,00 272592 0
385 133,45 133,45 61,16 1,00 1,00 272715 0
386 133,45 133,45 61,16 1,00 1,00 272819 0
387 133,45 133,45 61,17 1,00 1,00 272909 0
388 133,45 133,45 61,17 1,00 1,00 272984 0
389 133,45 133,45 61,17 1,00 1,00 273060 0
390 133,45 133,45 61,17 1,00 1,00 273130 0
391 133,45 133,45 61,17 1,00 1,00 273200 0
392 133,45 133,45 61,17 1,00 1,00 273255 0
393 133,45 133,45 61,17 1,00 1,00 273325 0
394 133,45 133,45 61,17 1,00 1,00 273396 0
395 133,45 133,45 61,17 1,00 1,00 273468 0
396 133,45 133,45 61,17 1,00 1,00 273534 0
397 133,45 133,45 61,17 1,00 1,00 273607 0
398 133,45 133,45 61,17 1,00 1,00 273669 0
399 133,45 133,45 61,17 1,00 1,00 273741 0
400 133,45 133,45 61,17 1,00 1,00 273814 0
401 133,45 133,45 61,17 1,00 1,00 273888 0
402 133,45 133,45 61,17 1,00 1,00 273977 0
403 133,45 133,45 61,17 1,00 1,00 274059 0
404 133,45 133,45 61,17 1,00 1,00 274169 0
405 133,45 133,45 61,17 1,00 1,00 274272 0
406 133,45 133,45 61,16 1,00 1,00 274391 0
407 133,45 133,45 61,16 1,00 1,00 274514 0
408 133,45 133,45 61,17 1,00 1,00 274605 0
409 133,45 133,45 61,17 1,00 1,00 274690 0
410 133,45 133,45 61,17 1,00 1,00 274777 0
411 133,45 133,45 61,17 1,00 1,00 274881 0
412 133,45 133,45 61,17 1,00 1,00 274988 0
413 133,45 133,45 61,17 1,00 1,00 275096 0
414 133,45 133,45 61,16 1,00 1,00 275203 0
415 133,45 133,45 61,16 1,00 1,00 275294 0
416 133,45 133,45 61,16 1,00 1,00 275366 0
417 133,45 133,45 61,15 1,00 1,00 275439 0
418 133,45 133,45 61,15 1,00 1,00 275506 0
419 133,45 133,45 61,16 1,00 1,00 275568 0
420 133,45 133,45 61,15 1,00 1,00 275608 0
421 133,45 133,45 61,15 1,00 1,00 275655 0
422 133,45 133,45 61,15 1,00 1,00 275694 0
423 133,45 133,45 61,16 1,00 1,00 275738 0
424 133,45 133,45 61,16 1,00 1,00 275786 0
425 133,45 133,45 61,17 1,00 1,00 275834 0
426 133,45 133,45 61,17 1,00 1,00 275905 0
427 133,45 133,45 61,17 1,00 1,00 275978 0
428 133,45 133,45 61,17 1,00 1,00 276040 0
429 133,45 133,45 61,17 1,00 1,00 276089 0
430 133,45 133,45 61,17 1,00 1,00 276136 0
431 133,45 133,45 61,17 1,00 1,00 276202 0
432 133,45 133,45 61,17 1,00 1,00 276263 0
433 133,45 133,45 61,17 1,00 1,00 276339 0
434 133,45 133,45 61,16 1,00 1,00 276430 0
435 133,45 133,45 61,16 1,00 1,00 276471 0
436 133,45 133,45 61,17 1,00 1,00 276551 0
437 133,45 133,45 61,17 1,00 1,00 276623 0
438 133,45 133,45 61,17 1,00 1,00 276703 0
439 133,45 133,45 61,17 1,00 1,00 276776 0
440 133,45 133,45 61,17 1,00 1,00 276831 0
441 133,45 133,45 61,17 1,00 1,00 276912 0
442 133,45 133,45 61,17 1,00 1,00 276981 0
443 133,45 133,45 61,17 1,00 1,00 277029 0
444 133,45 133,45 61,17 1,00 1,00 277094 0
445 133,45 133,45 61,17 1,00 1,00 277155 0
446 133,45 133,45 61,17 1,00 1,00 277209 0
447 133,45 133,45 61,17 1,00 1,00 277276 0
448 133,45 133,45 61,17 1,00 1,00 277346 0
449 133,45 133,45 61,17 1,00 1,00 277419 0
450 133,45 133,45 61,17 1,00 1,00 277480 0
451 133,45 133,45 61,17 1,00 1,00 277546 0
452 133,45 133,45 61,17 1,00 1,00 277633 0
453 133,45 133,45 61,17 1,00 1,00 277699 0
454 133,45 133,45 61,17 1,00 1,00 277753 0
455 133,45 133,45 61,17 1,00 1,00 277794 0
456 133,45 133,45 61,17 1,00 1,00 277831 0
457 133,45 133,45 61,17 1,00 1,00 277866 0
458 133,45 133,45 61,17 1,00 1,00 277907 0
459 133,45 133,45 61,17 1,00 1,00 277956 0
460 133,45 133,45 61,17 1,00 1,00 278010 0
461 133,45 133,45 61,17 1,00 1,00 278052 0
462 133,45 133,45 61,17 1,00 1,00 278092 0
463 133,45 133,45 61,17 1,00 1,00 278136 0
464 133,45 133,45 61,17 1,00 1,00 278171 0
465 133,45 133,45 61,17 1,00 1,00 278215 0
466 133,45 133,45 61,17 1,00 1,00 278256 0
467 133,45 133,45 61,17 1,00 1,00 278310 0
468 133,45 133,45 61,17 1,00 1,00 278372 0
469 133,45 133,45 61,17 1,00 1,00 278422 0
470 133,45 133,45 61,17 1,00 1,00 278480 0
471 133,45 133,45 61,17 1,00 1,00 278532 0
472 133,45 133,45 61,17 1,00 1,00 278583 0
473 133,45 133,45 61,17 1,00 1,00 278628 0
474 133,45 133,45 61,17 1,00 1,00 278661 0
475 133,45 133,45 61,17 1,00 1,00 278697 0
476 133,45 133,45 61,17 1,00 1,00 278747 0
477 133,45 133,45 61,17 1,00 1,00 278809 0
478 133,45 133,45 61,17 1,00 1,00 278860 0
479 133,45 133,45 61,17 1,00 1,00 278924 0
480 133,45 133,45 61,17 1,00 1,00 278971 0
481 133,45 133,45 61,17 1,00 1,00 279018 0
482 133,45 133,45 61,17 1,00 1,00 279043 0
483 133,45 133,45 61,17 1,00 1,00 279071 0
484 133,45 133,45 61,17 1,00 1,00 279098 0
485 133,45 133,45 61,17 1,00 1,00 279123 0
486 133,45 133,45 61,17 1,00 1,00 279191 0
487 133,45 133,45 61,17 1,00 1,00 279255 0
488 133,45 133,45 61,17 1,00 1,00 279281 0
489 133,45 133,45 61,17 1,00 1,00 279305 0
490 133,45 133,45 61,17 1,00 1,00 279344 0
491 133,45 133,45 61,17 1,00 1,00 279378 0
492 133,45 133,45 61,17 1,00 1,00 279421 0
493 133,45 133,45 61,17 1,00 1,00 279458 0
494 133,45 133,45 61,17 1,00 1,00 279509 0
495 133,45 133,45 61,17 1,00 1,00 279558 0
496 133,45 133,45 61,17 1,00 1,00 279608 0
497 133,45 133,45 61,17 1,00 1,00 279665 0
498 133,45 133,45 61,17 1,00 1,00 279720 0
499 133,45 133,45 61,17 1,00 1,00 279792 0
