500
0 153,28 153,28 153,28 1,00 42,00
1 153,28 0,00 0,00 1,00 50,00
2 153,28 153,28 315,11 99,00 57,00
3 153,28 0,00 0,00 1,00 65,00
4 153,28 153,28 277,39 99,00 72,00
5 153,28 0,00 0,00 1,00 80,00
6 153,28 153,28 301,08 99,00 87,00
7 153,28 0,00 0,00 1,00 95,00
8 153,28 0,00 0,00 99,00 102,00
9 153,28 153,28 311,20 197,00 109,00
10 153,28 0,00 0,00 97,00 117,00
11 153,28 153,28 316,63 195,00 124,00
12 153,28 0,00 0,00 95,00 132,00
13 153,28 153,28 331,43 193,00 139,00
14 153,28 0,00 0,00 93,00 147,00
15 153,28 153,28 325,85 191,00 154,00
16 153,28 0,00 0,00 91,00 162,00
17 153,28 153,28 324,57 189,00 169,00
18 153,28 0,00 0,00 89,00 177,00
19 153,28 153,28 320,93 187,00 184,00
20 153,28 0,00 0,00 87,00 192,00
21 153,28 0,00 0,00 185,00 193,00
22 153,28 153,28 315,11 283,00 200,00
23 153,28 0,00 0,00 183,00 208,00
24 153,28 153,28 310,61 281,00 215,00
25 153,28 0,00 0,00 181,00 223,00
26 153,28 153,28 306,11 279,00 230,00
27 153,28 0,00 0,00 179,00 238,00
28 153,28 153,28 301,92 277,00 245,00
29 153,28 0,00 0,00 177,00 253,00
30 153,28 153,28 297,43 275,00 260,00
31 153,28 0,00 0,00 175,00 268,00
32 153,28 0,00 0,00 273,00 275,00
33 153,28 153,28 289,90 371,00 282,00
34 153,28 0,00 0,00 271,00 290,00
35 153,28 153,28 284,96 369,00 297,00
36 153,28 0,00 0,00 269,00 305,00
37 153,28 153,28 280,02 367,00 312,00
38 153,28 0,00 0,00 267,00 320,00
39 153,28 153,28 275,12 365,00 327,00
40 153,28 0,00 0,00 265,00 335,00
41 153,28 153,28 270,13 363,00 342,00
42 153,28 0,00 0,00 263,00 350,00
43 153,28 153,28 265,19 361,00 357,00
44 153,28 0,00 0,00 261,00 365,00
45 153,28 0,00 0,00 359,00 367,00
46 153,28 153,28 257,77 457,00 374,00
47 153,28 0,00 0,00 357,00 382,00
48 153,28 153,28 252,70 455,00 389,00
49 153,28 0,00 0,00 355,00 397,00
50 153,28 153,28 247,68 453,00 404,00
51 153,28 0,00 0,00 353,00 412,00
52 153,28 153,28 242,77 451,00 419,00
53 153,28 0,00 0,00 351,00 427,00
54 153,28 153,28 237,99 449,00 434,00
55 153,28 0,00 0,00 349,00 442,00
56 153,28 0,00 0,00 447,00 449,00
57 153,28 153,28 230,94 545,00 456,00
58 153,28 0,00 0,00 445,00 464,00
59 153,28 153,28 226,29 543,00 471,00
60 153,28 0,00 0,00 443,00 479,00
61 153,28 153,28 221,79 541,00 486,00
62 153,28 0,00 0,00 441,00 494,00
63 153,28 153,28 217,41 539,00 501,00
64 153,28 0,00 0,00 439,00 509,00
65 153,28 153,28 213,10 537,00 516,00
66 153,28 0,00 0,00 437,00 524,00
67 153,28 153,28 208,87 535,00 531,00
68 153,28 0,00 0,00 435,00 539,00
69 153,28 0,00 0,00 533,00 541,00
70 153,28 153,28 202,63 631,00 548,00
71 153,28 0,00 0,00 531,00 556,00
72 153,28 153,28 198,60 629,00 563,00
73 153,28 0,00 0,00 529,00 571,00
74 153,28 153,28 194,71 627,00 578,00
75 153,28 0,00 0,00 527,00 586,00
76 153,28 153,28 190,92 625,00 593,00
77 153,28 0,00 0,00 525,00 601,00
78 153,28 153,28 187,23 623,00 608,00
79 153,28 0,00 0,00 523,00 616,00
80 153,28 0,00 0,00 621,00 623,00
81 153,28 153,28 181,88 719,00 630,00
82 153,28 0,00 0,00 619,00 638,00
83 153,28 153,28 178,39 717,00 645,00
84 153,28 0,00 0,00 617,00 653,00
85 153,28 153,28 174,95 715,00 660,00
86 153,28 0,00 0,00 615,00 668,00
87 153,28 153,28 171,63 713,00 675,00
88 153,28 0,00 0,00 613,00 683,00
89 153,28 153,28 168,42 711,00 690,00
90 153,28 0,00 0,00 611,00 698,00
91 153,28 153,28 165,28 709,00 705,00
92 153,28 0,00 0,00 609,00 713,00
93 153,28 0,00 0,00 707,00 715,00
94 153,28 153,28 160,77 805,00 722,00
95 153,28 0,00 0,00 705,00 730,00
96 153,28 153,28 157,86 803,00 737,00
97 153,28 0,00 0,00 703,00 745,00
98 153,28 153,28 155,04 801,00 752,00
99 153,28 0,00 0,00 701,00 760,00
100 153,28 153,28 152,30 799,00 767,00
101 153,28 0,00 0,00 699,00 775,00
102 153,28 153,28 149,64 797,00 782,00
103 153,28 0,00 0,00 697,00 790,00
104 153,28 0,00 0,00 795,00 797,00
105 153,28 153,28 145,81 893,00 804,00
106 153,28 0,00 0,00 793,00 812,00
107 153,28 153,28 143,37 891,00 819,00
108 153,28 0,00 0,00 791,00 827,00
109 153,28 153,28 141,00 889,00 834,00
110 153,28 0,00 0,00 789,00 842,00
111 153,28 153,28 138,72 887,00 849,00
112 153,28 0,00 0,00 787,00 857,00
113 153,28 153,28 136,49 885,00 864,00
114 153,28 0,00 0,00 785,00 872,00
115 153,28 153,28 134,27 883,00 879,00
116 153,28 0,00 0,00 783,00 887,00
117 153,28 0,00 0,00 881,00 889,00
118 153,28 153,28 131,15 979,00 896,00
119 153,28 0,00 0,00 879,00 904,00
120 153,28 153,28 129,13 977,00 911,00
121 153,28 0,00 0,00 877,00 919,00
122 153,28 153,28 127,16 975,00 926,00
123 153,28 0,00 0,00 875,00 934,00
124 153,28 153,28 125,29 973,00 941,00
125 153,28 0,00 0,00 873,00 949,00
126 153,28 153,28 123,50 971,00 956,00
127 153,28 0,00 0,00 871,00 964,00
128 153,28 0,00 0,00 969,00 971,00
129 153,28 153,28 120,87 1.067,00 978,00
130 153,28 0,00 0,00 967,00 986,00
131 153,28 153,28 119,18 1.065,00 993,00
132 153,28 0,00 0,00 965,00 1.001,00
133 153,28 153,28 117,55 1.063,00 1.008,00
134 153,28 0,00 0,00 963,00 1.016,00
135 153,28 153,28 115,95 1.061,00 1.023,00
136 153,28 0,00 0,00 961,00 1.031,00
137 153,28 153,28 114,37 1.059,00 1.038,00
138 153,28 0,00 0,00 959,00 1.046,00
139 153,28 153,28 112,85 1.057,00 1.053,00
140 153,28 0,00 0,00 957,00 1.061,00
141 153,28 0,00 0,00 1.055,00 1.063,00
142 153,28 153,28 110,66 1.153,00 1.070,00
143 153,28 0,00 0,00 1.053,00 1.078,00
144 153,28 153,28 109,25 1.151,00 1.085,00
145 153,28 0,00 0,00 1.051,00 1.093,00
146 153,28 153,28 107,90 1.149,00 1.100,00
147 153,28 0,00 0,00 1.049,00 1.108,00
148 153,28 153,28 106,60 1.147,00 1.115,00
149 153,28 0,00 0,00 1.047,00 1.123,00
150 153,28 153,28 105,32 1.145,00 1.130,00
151 153,28 0,00 0,00 1.045,00 1.138,00
152 153,28 0,00 0,00 1.143,00 1.145,00
153 153,28 153,28 103,47 1.241,00 1.152,00
154 153,28 0,00 0,00 1.141,00 1.160,00
155 153,28 153,28 102,28 1.239,00 1.167,00
156 153,28 0,00 0,00 1.139,00 1.175,00
157 153,28 153,28 101,11 1.237,00 1.182,00
158 153,28 0,00 0,00 1.137,00 1.190,00
159 153,28 153,28 99,98 1.235,00 1.197,00
160 153,28 0,00 0,00 1.135,00 1.205,00
161 153,28 153,28 98,90 1.233,00 1.212,00
162 153,28 0,00 0,00 1.133,00 1.220,00
163 153,28 153,28 97,82 1.231,00 1.227,00
164 153,28 0,00 0,00 1.131,00 1.235,00
165 153,28 0,00 0,00 1.229,00 1.237,00
166 153,28 153,28 96,30 1.327,00 1.244,00
167 153,28 0,00 0,00 1.227,00 1.252,00
168 153,28 153,28 95,30 1.325,00 1.259,00
169 153,28 0,00 0,00 1.225,00 1.267,00
170 153,28 153,28 94,35 1.323,00 1.274,00
171 153,28 0,00 0,00 1.223,00 1.282,00
172 153,28 153,28 93,41 1.321,00 1.289,00
173 153,28 0,00 0,00 1.221,00 1.297,00
174 153,28 153,28 92,52 1.319,00 1.304,00
175 153,28 0,00 0,00 1.219,00 1.312,00
176 153,28 0,00 0,00 1.317,00 1.319,00
177 153,28 153,28 91,18 1.415,00 1.326,00
178 153,28 0,00 0,00 1.315,00 1.334,00
179 153,28 153,28 90,33 1.413,00 1.341,00
180 153,28 0,00 0,00 1.313,00 1.349,00
181 153,28 153,28 89,51 1.411,00 1.356,00
182 153,28 0,00 0,00 1.311,00 1.364,00
183 153,28 153,28 88,72 1.409,00 1.371,00
184 153,28 0,00 0,00 1.309,00 1.379,00
185 153,28 153,28 87,95 1.407,00 1.386,00
186 153,28 0,00 0,00 1.307,00 1.394,00
187 153,28 153,28 87,19 1.405,00 1.401,00
188 153,28 0,00 0,00 1.305,00 1.409,00
189 153,28 0,00 0,00 1.403,00 1.411,00
190 153,28 153,28 86,09 1.501,00 1.418,00
191 153,28 0,00 0,00 1.401,00 1.426,00
192 153,28 153,28 85,38 1.499,00 1.433,00
193 153,28 0,00 0,00 1.399,00 1.441,00
194 153,28 153,28 84,69 1.497,00 1.448,00
195 153,28 0,00 0,00 1.397,00 1.456,00
196 153,28 153,28 84,01 1.495,00 1.463,00
197 153,28 0,00 0,00 1.395,00 1.471,00
198 153,28 153,28 83,35 1.493,00 1.478,00
199 153,28 0,00 0,00 1.393,00 1.486,00
200 153,28 0,00 0,00 1.491,00 1.493,00
201 153,28 153,28 82,40 1.589,00 1.500,00
202 153,28 0,00 0,00 1.489,00 1.508,00
203 153,28 153,28 81,77 1.587,00 1.515,00
204 153,28 0,00 0,00 1.487,00 1.523,00
205 153,28 153,28 81,17 1.585,00 1.530,00
206 153,28 0,00 0,00 1.485,00 1.538,00
207 153,28 153,28 80,58 1.583,00 1.545,00
208 153,28 0,00 0,00 1.483,00 1.553,00
209 153,28 153,28 80,02 1.581,00 1.560,00
210 153,28 0,00 0,00 1.481,00 1.568,00
211 153,28 153,28 79,45 1.579,00 1.575,00
212 153,28 0,00 0,00 1.479,00 1.583,00
213 153,28 0,00 0,00 1.577,00 1.585,00
214 153,28 153,28 78,63 1.675,00 1.592,00
215 153,28 0,00 0,00 1.575,00 1.600,00
216 153,28 153,28 78,10 1.673,00 1.607,00
217 153,28 0,00 0,00 1.573,00 1.615,00
218 153,28 153,28 77,59 1.671,00 1.622,00
219 153,28 0,00 0,00 1.571,00 1.630,00
220 153,28 153,28 77,10 1.669,00 1.637,00
221 153,28 0,00 0,00 1.569,00 1.645,00
222 153,28 153,28 76,61 1.667,00 1.652,00
223 153,28 0,00 0,00 1.567,00 1.660,00
224 153,28 0,00 0,00 1.665,00 1.667,00
225 153,28 153,28 75,91 1.763,00 1.674,00
226 153,28 0,00 0,00 1.663,00 1.682,00
227 153,28 153,28 75,45 1.761,00 1.689,00
228 153,28 0,00 0,00 1.661,00 1.697,00
229 153,28 153,28 75,01 1.759,00 1.704,00
230 153,28 0,00 0,00 1.659,00 1.712,00
231 153,28 153,28 74,58 1.757,00 1.719,00
232 153,28 0,00 0,00 1.657,00 1.727,00
233 153,28 153,28 74,15 1.755,00 1.734,00
234 153,28 0,00 0,00 1.655,00 1.742,00
235 153,28 153,28 73,73 1.753,00 1.749,00
236 153,28 0,00 0,00 1.653,00 1.757,00
237 153,28 0,00 0,00 1.751,00 1.759,00
238 153,28 153,28 73,12 1.849,00 1.766,00
239 153,28 0,00 0,00 1.749,00 1.774,00
240 153,28 153,28 72,73 1.847,00 1.781,00
241 153,28 0,00 0,00 1.747,00 1.789,00
242 153,28 153,28 72,34 1.845,00 1.796,00
243 153,28 0,00 0,00 1.745,00 1.804,00
244 153,28 153,28 71,97 1.843,00 1.811,00
245 153,28 0,00 0,00 1.743,00 1.819,00
246 153,28 153,28 71,60 1.841,00 1.826,00
247 153,28 0,00 0,00 1.741,00 1.834,00
248 153,28 0,00 0,00 1.839,00 1.841,00
249 153,28 153,28 71,07 1.937,00 1.848,00
250 153,28 0,00 0,00 1.837,00 1.856,00
251 153,28 153,28 70,72 1.935,00 1.863,00
252 153,28 0,00 0,00 1.835,00 1.871,00
253 153,28 153,28 70,38 1.933,00 1.878,00
254 153,28 0,00 0,00 1.833,00 1.886,00
255 153,28 153,28 70,04 1.931,00 1.893,00
256 153,28 0,00 0,00 1.831,00 1.901,00
257 153,28 153,28 69,72 1.929,00 1.908,00
258 153,28 0,00 0,00 1.829,00 1.916,00
259 153,28 153,28 69,39 1.927,00 1.923,00
260 153,28 0,00 0,00 1.827,00 1.931,00
261 153,28 0,00 0,00 1.925,00 1.933,00
262 153,28 153,28 68,93 2.023,00 1.940,00
263 153,28 0,00 0,00 1.923,00 1.948,00
264 153,28 153,28 68,62 2.021,00 1.955,00
265 153,28 0,00 0,00 1.921,00 1.963,00
266 153,28 153,28 68,33 2.019,00 1.970,00
267 153,28 0,00 0,00 1.919,00 1.978,00
268 153,28 153,28 68,04 2.017,00 1.985,00
269 153,28 0,00 0,00 1.917,00 1.993,00
270 153,28 153,28 67,76 2.015,00 2.000,00
271 153,28 0,00 0,00 1.915,00 2.008,00
272 153,28 0,00 0,00 2.013,00 2.015,00
273 153,28 153,28 67,34 2.111,00 2.022,00
274 153,28 0,00 0,00 2.011,00 2.030,00
275 153,28 153,28 67,07 2.109,00 2.037,00
276 153,28 0,00 0,00 2.009,00 2.045,00
277 153,28 153,28 66,81 2.107,00 2.052,00
278 153,28 0,00 0,00 2.007,00 2.060,00
279 153,28 153,28 66,55 2.105,00 2.067,00
280 153,28 0,00 0,00 2.005,00 2.075,00
281 153,28 153,28 66,31 2.103,00 2.082,00
282 153,28 0,00 0,00 2.003,00 2.090,00
283 153,28 153,28 66,07 2.101,00 2.097,00
284 153,28 0,00 0,00 2.001,00 2.105,00
285 153,28 0,00 0,00 2.099,00 2.107,00
286 153,28 153,28 65,71 2.197,00 2.114,00
287 153,28 0,00 0,00 2.097,00 2.122,00
288 153,28 153,28 65,48 2.195,00 2.129,00
289 153,28 0,00 0,00 2.095,00 2.137,00
290 153,28 153,28 65,27 2.193,00 2.144,00
291 153,28 0,00 0,00 2.093,00 2.152,00
292 153,28 153,28 65,04 2.191,00 2.159,00
293 153,28 0,00 0,00 2.091,00 2.167,00
294 153,28 153,28 64,81 2.189,00 2.174,00
295 153,28 0,00 0,00 2.089,00 2.182,00
296 153,28 0,00 0,00 2.187,00 2.189,00
297 153,28 153,28 64,49 2.285,00 2.196,00
298 153,28 0,00 0,00 2.185,00 2.204,00
299 153,28 153,28 64,28 2.283,00 2.211,00
300 153,28 0,00 0,00 2.183,00 2.219,00
301 153,28 153,28 64,08 2.281,00 2.226,00
302 153,28 0,00 0,00 2.181,00 2.234,00
303 153,28 153,28 63,88 2.279,00 2.241,00
304 153,28 0,00 0,00 2.179,00 2.249,00
305 153,28 153,28 63,68 2.277,00 2.256,00
306 153,28 0,00 0,00 2.177,00 2.264,00
307 153,28 153,28 63,49 2.275,00 2.271,00
308 153,28 0,00 0,00 2.175,00 2.279,00
309 153,28 0,00 0,00 2.273,00 2.281,00
310 153,28 153,28 63,20 2.371,00 2.288,00
311 153,28 0,00 0,00 2.271,00 2.296,00
312 153,28 153,28 63,01 2.369,00 2.303,00
313 153,28 0,00 0,00 2.269,00 2.311,00
314 153,28 153,28 62,83 2.367,00 2.318,00
315 153,28 0,00 0,00 2.267,00 2.326,00
316 153,28 153,28 62,66 2.365,00 2.333,00
317 153,28 0,00 0,00 2.265,00 2.341,00
318 153,28 153,28 62,49 2.363,00 2.348,00
319 153,28 0,00 0,00 2.263,00 2.356,00
320 153,28 0,00 0,00 2.361,00 2.363,00
321 153,28 153,28 62,23 2.459,00 2.370,00
322 153,28 0,00 0,00 2.359,00 2.378,00
323 153,28 153,28 62,07 2.457,00 2.385,00
324 153,28 0,00 0,00 2.357,00 2.393,00
325 153,28 153,28 61,90 2.455,00 2.400,00
326 153,28 0,00 0,00 2.355,00 2.408,00
327 153,28 153,28 61,75 2.453,00 2.415,00
328 153,28 0,00 0,00 2.353,00 2.423,00
329 153,28 153,28 61,59 2.451,00 2.430,00
330 153,28 0,00 0,00 2.351,00 2.438,00
331 153,28 153,28 61,43 2.449,00 2.445,00
332 153,28 0,00 0,00 2.349,00 2.453,00
333 153,28 0,00 0,00 2.447,00 2.455,00
334 153,28 153,28 61,22 2.545,00 2.462,00
335 153,28 0,00 0,00 2.445,00 2.470,00
336 153,28 153,28 61,08 2.543,00 2.477,00
337 153,28 0,00 0,00 2.443,00 2.485,00
338 153,28 153,28 60,93 2.541,00 2.492,00
339 153,28 0,00 0,00 2.441,00 2.500,00
340 153,28 153,28 60,79 2.539,00 2.507,00
341 153,28 0,00 0,00 2.439,00 2.515,00
342 153,28 153,28 60,65 2.537,00 2.522,00
343 153,28 0,00 0,00 2.437,00 2.530,00
344 153,28 0,00 0,00 2.535,00 2.537,00
345 153,28 153,28 60,45 2.633,00 2.544,00
346 153,28 0,00 0,00 2.533,00 2.552,00
347 153,28 153,28 60,31 2.631,00 2.559,00
348 153,28 0,00 0,00 2.531,00 2.567,00
349 153,28 153,28 60,18 2.629,00 2.574,00
350 153,28 0,00 0,00 2.529,00 2.582,00
351 153,28 153,28 60,05 2.627,00 2.589,00
352 153,28 0,00 0,00 2.527,00 2.597,00
353 153,28 153,28 59,93 2.625,00 2.604,00
354 153,28 0,00 0,00 2.525,00 2.612,00
355 153,28 153,28 59,80 2.623,00 2.619,00
356 153,28 0,00 0,00 2.523,00 2.627,00
357 153,28 0,00 0,00 2.621,00 2.629,00
358 153,28 153,28 59,62 2.719,00 2.636,00
359 153,28 0,00 0,00 2.619,00 2.644,00
360 153,28 153,28 59,50 2.717,00 2.651,00
361 153,28 0,00 0,00 2.617,00 2.659,00
362 153,28 153,28 59,39 2.715,00 2.666,00
363 153,28 0,00 0,00 2.615,00 2.674,00
364 153,28 153,28 59,27 2.713,00 2.681,00
365 153,28 0,00 0,00 2.613,00 2.689,00
366 153,28 153,28 59,16 2.711,00 2.696,00
367 153,28 0,00 0,00 2.611,00 2.704,00
368 153,28 0,00 0,00 2.709,00 2.711,00
369 153,28 153,28 58,99 2.807,00 2.718,00
370 153,28 0,00 0,00 2.707,00 2.726,00
371 153,28 153,28 58,88 2.805,00 2.733,00
372 153,28 0,00 0,00 2.705,00 2.741,00
373 153,28 153,28 58,78 2.803,00 2.748,00
374 153,28 0,00 0,00 2.703,00 2.756,00
375 153,28 153,28 58,67 2.801,00 2.763,00
376 153,28 0,00 0,00 2.701,00 2.771,00
377 153,28 153,28 58,57 2.799,00 2.778,00
378 153,28 0,00 0,00 2.699,00 2.786,00
379 153,28 153,28 58,47 2.797,00 2.793,00
380 153,28 0,00 0,00 2.697,00 2.801,00
381 153,28 0,00 0,00 2.795,00 2.803,00
382 153,28 153,28 58,32 2.893,00 2.810,00
383 153,28 0,00 0,00 2.793,00 2.818,00
384 153,28 153,28 58,22 2.891,00 2.825,00
385 153,28 0,00 0,00 2.791,00 2.833,00
386 153,28 153,28 58,13 2.889,00 2.840,00
387 153,28 0,00 0,00 2.789,00 2.848,00
388 153,28 153,28 58,03 2.887,00 2.855,00
389 153,28 0,00 0,00 2.787,00 2.863,00
390 153,28 153,28 57,94 2.885,00 2.870,00
391 153,28 0,00 0,00 2.785,00 2.878,00
392 153,28 0,00 0,00 2.883,00 2.885,00
393 153,28 153,28 57,80 2.981,00 2.892,00
394 153,28 0,00 0,00 2.881,00 2.900,00
395 153,28 153,28 57,71 2.979,00 2.907,00
396 153,28 0,00 0,00 2.879,00 2.915,00
397 153,28 153,28 57,63 2.977,00 2.922,00
398 153,28 0,00 0,00 2.877,00 2.930,00
399 153,28 153,28 57,54 2.975,00 2.937,00
400 153,28 0,00 0,00 2.875,00 2.945,00
401 153,28 153,28 57,46 2.973,00 2.952,00
402 153,28 0,00 0,00 2.873,00 2.960,00
403 153,28 153,28 57,38 2.971,00 2.967,00
404 153,28 0,00 0,00 2.871,00 2.975,00
405 153,28 0,00 0,00 2.969,00 2.977,00
406 153,28 153,28 57,25 3.067,00 2.984,00
407 153,28 0,00 0,00 2.967,00 2.992,00
408 153,28 153,28 57,18 3.065,00 2.999,00
409 153,28 0,00 0,00 2.965,00 3.007,00
410 153,28 153,28 57,09 3.063,00 3.014,00
411 153,28 0,00 0,00 2.963,00 3.022,00
412 153,28 153,28 57,02 3.061,00 3.029,00
413 153,28 0,00 0,00 2.961,00 3.037,00
414 153,28 153,28 56,94 3.059,00 3.044,00
415 153,28 0,00 0,00 2.959,00 3.052,00
416 153,28 0,00 0,00 3.057,00 3.059,00
417 153,28 153,28 56,82 3.155,00 3.066,00
418 153,28 0,00 0,00 3.055,00 3.074,00
419 153,28 153,28 56,76 3.153,00 3.081,00
420 153,28 0,00 0,00 3.053,00 3.089,00
421 153,28 153,28 56,68 3.151,00 3.096,00
422 153,28 0,00 0,00 3.051,00 3.104,00
423 153,28 153,28 56,61 3.149,00 3.111,00
424 153,28 0,00 0,00 3.049,00 3.119,00
425 153,28 153,28 56,54 3.147,00 3.126,00
426 153,28 0,00 0,00 3.047,00 3.134,00
427 153,28 153,28 56,47 3.145,00 3.141,00
428 153,28 0,00 0,00 3.045,00 3.149,00
429 153,28 0,00 0,00 3.143,00 3.151,00
430 153,28 153,28 56,37 3.241,00 3.158,00
431 153,28 0,00 0,00 3.141,00 3.166,00
432 153,28 153,28 56,30 3.239,00 3.173,00
433 153,28 0,00 0,00 3.139,00 3.181,00
434 153,28 153,28 56,24 3.237,00 3.188,00
435 153,28 0,00 0,00 3.137,00 3.196,00
436 153,28 153,28 56,17 3.235,00 3.203,00
437 153,28 0,00 0,00 3.135,00 3.211,00
438 153,28 153,28 56,11 3.233,00 3.218,00
439 153,28 0,00 0,00 3.133,00 3.226,00
440 153,28 0,00 0,00 3.231,00 3.233,00
441 153,28 153,28 56,01 3.329,00 3.240,00
442 153,28 0,00 0,00 3.229,00 3.248,00
443 153,28 153,28 55,95 3.327,00 3.255,00
444 153,28 0,00 0,00 3.227,00 3.263,00
445 153,28 153,28 55,89 3.325,00 3.270,00
446 153,28 0,00 0,00 3.225,00 3.278,00
447 153,28 153,28 55,83 3.323,00 3.285,00
448 153,28 0,00 0,00 3.223,00 3.293,00
449 153,28 153,28 55,77 3.321,00 3.300,00
450 153,28 0,00 0,00 3.221,00 3.308,00
451 153,28 153,28 55,71 3.319,00 3.315,00
452 153,28 0,00 0,00 3.219,00 3.323,00
453 153,28 0,00 0,00 3.317,00 3.325,00
454 153,28 153,28 55,62 3.415,00 3.332,00
455 153,28 0,00 0,00 3.315,00 3.340,00
456 153,28 153,28 55,57 3.413,00 3.347,00
457 153,28 0,00 0,00 3.313,00 3.355,00
458 153,28 153,28 55,51 3.411,00 3.362,00
459 153,28 0,00 0,00 3.311,00 3.370,00
460 153,28 153,28 55,46 3.409,00 3.377,00
461 153,28 0,00 0,00 3.309,00 3.385,00
462 153,28 153,28 55,40 3.407,00 3.392,00
463 153,28 0,00 0,00 3.307,00 3.400,00
464 153,28 0,00 0,00 3.405,00 3.407,00
465 153,28 153,28 55,32 3.503,00 3.414,00
466 153,28 0,00 0,00 3.403,00 3.422,00
467 153,28 153,28 55,27 3.501,00 3.429,00
468 153,28 0,00 0,00 3.401,00 3.437,00
469 153,28 153,28 55,22 3.499,00 3.444,00
470 153,28 0,00 0,00 3.399,00 3.452,00
471 153,28 153,28 55,17 3.497,00 3.459,00
472 153,28 0,00 0,00 3.397,00 3.467,00
473 153,28 153,28 55,12 3.495,00 3.474,00
474 153,28 0,00 0,00 3.395,00 3.482,00
475 153,28 153,28 55,07 3.493,00 3.489,00
476 153,28 0,00 0,00 3.393,00 3.497,00
477 153,28 0,00 0,00 3.491,00 3.499,00
478 153,28 153,28 55,00 3.589,00 3.506,00
479 153,28 0,00 0,00 3.489,00 3.514,00
480 153,28 153,28 54,95 3.587,00 3.521,00
481 153,28 0,00 0,00 3.487,00 3.529,00
482 153,28 153,28 54,90 3.585,00 3.536,00
483 153,28 0,00 0,00 3.485,00 3.544,00
484 153,28 153,28 54,85 3.583,00 3.551,00
485 153,28 0,00 0,00 3.483,00 3.559,00
486 153,28 153,28 54,81 3.581,00 3.566,00
487 153,28 0,00 0,00 3.481,00 3.574,00
488 153,28 0,00 0,00 3.579,00 3.581,00
489 153,28 153,28 54,74 3.677,00 3.588,00
490 153,28 0,00 0,00 3.577,00 3.596,00
491 153,28 153,28 54,69 3.675,00 3.603,00
492 153,28 0,00 0,00 3.575,00 3.611,00
493 153,28 153,28 54,65 3.673,00 3.618,00
494 153,28 0,00 0,00 3.573,00 3.626,00
495 153,28 153,28 54,61 3.671,00 3.633,00
496 153,28 0,00 0,00 3.571,00 3.641,00
497 153,28 153,28 54,57 3.669,00 3.648,00
498 153,28 0,00 0,00 3.569,00 3.656,00
499 153,28 153,28 54,52 3.667,00 3.663,00
