1000
0 368,29 368,29 368,29 1,00 49,00 0
1 368,29 368,29 368,29 1,00 57,00 1235
2 368,29 368,29 272,69 1,00 65,00 1774
3 368,29 368,29 284,92 1,00 73,00 1865
4 368,29 368,29 287,94 1,00 81,00 1875
5 368,29 368,29 289,41 1,00 89,00 1879
6 368,29 368,29 291,92 1,00 97,00 1881
7 368,29 368,29 293,31 1,00 105,00 1881
8 368,29 368,29 293,31 1,00 113,00 1881
9 368,29 3,04 2,42 1,00 121,00 1881
10 368,29 3,04 2,42 1,00 129,00 1881
11 368,29 3,04 2,42 1,00 137,00 1881
12 368,29 3,04 2,42 1,00 145,00 1881
13 368,29 3,04 2,42 1,00 153,00 1881
14 368,29 3,04 2,42 1,00 161,00 1881
15 368,29 3,04 2,42 1,00 169,00 1881
16 368,29 3,04 2,42 1,00 177,00 1881
17 368,29 1,99 1,59 1,00 185,00 1881
18 368,29 1,99 1,59 1,00 193,00 1881
19 368,29 1,99 1,59 1,00 201,00 1881
20 368,29 1,99 1,59 1,00 209,00 1881
21 368,29 1,70 1,35 1,00 217,00 1881
22 368,29 1,70 1,35 1,00 225,00 1881
23 368,29 1,70 1,35 1,00 233,00 1881
24 368,29 1,53 1,22 1,00 241,00 1881
25 368,29 1,53 1,22 1,00 249,00 1881
26 368,29 1,53 1,22 1,00 257,00 1881
27 368,29 1,39 1,11 1,00 265,00 1881
28 368,29 1,39 1,11 1,00 273,00 1881
29 368,29 1,39 1,11 1,00 281,00 1881
30 368,29 1,39 1,11 99,00 289,00 1881
31 368,29 126,60 100,83 99,00 296,00 2704
32 368,29 126,60 111,93 99,00 304,00 3431
33 368,29 126,60 115,90 99,00 312,00 3821
34 368,29 113,94 115,10 99,00 320,00 4072
35 368,29 113,94 122,39 99,00 328,00 4286
36 368,29 113,94 118,99 99,00 336,00 4405
37 368,29 113,94 118,28 99,00 344,00 4558
38 368,29 113,94 122,00 99,00 352,00 4625
39 368,29 113,94 120,69 99,00 360,00 4666
40 368,29 113,94 120,33 99,00 368,00 4711
41 368,29 113,94 121,86 99,00 376,00 4762
42 368,29 94,95 102,92 99,00 384,00 4795
43 368,29 93,01 98,39 99,00 392,00 4831
44 368,29 93,01 100,72 99,00 400,00 4863
45 368,29 93,01 100,75 99,00 408,00 4893
46 368,29 87,65 94,94 99,00 416,00 4918
47 368,29 87,65 94,93 99,00 424,00 4938
48 368,29 87,65 94,93 99,00 432,00 4953
49 368,29 87,65 94,93 99,00 440,00 4969
50 368,29 87,65 94,93 99,00 448,00 4978
51 368,29 87,65 94,93 99,00 456,00 4991
52 368,29 87,65 94,93 99,00 464,00 5006
53 368,29 87,65 94,92 99,00 472,00 5016
54 368,29 87,65 94,92 99,00 480,00 5027
55 368,29 87,65 94,92 99,00 488,00 5033
56 368,29 87,65 94,92 99,00 496,00 5043
57 368,29 87,65 94,92 99,00 504,00 5047
58 368,29 87,65 94,92 99,00 512,00 5055
59 368,29 87,65 94,92 99,00 520,00 5061
60 368,29 87,65 94,92 1,00 528,00 5068
61 368,29 87,65 94,91 1,00 536,00 5076
62 368,29 87,65 94,92 1,00 544,00 5097
63 368,29 87,65 94,93 1,00 552,00 5110
64 368,29 87,65 94,93 1,00 560,00 5114
65 368,29 87,65 94,93 1,00 568,00 5115
66 368,29 87,65 94,91 1,00 576,00 5118
67 368,29 87,65 94,92 1,00 584,00 5123
68 368,29 87,65 94,93 1,00 592,00 5124
69 368,29 0,61 0,66 1,00 600,00 5125
70 368,29 0,61 0,66 1,00 608,00 5125
71 368,29 0,61 0,66 1,00 616,00 5125
72 368,29 0,61 0,66 1,00 624,00 5125
73 368,29 0,61 0,66 1,00 632,00 5125
74 368,29 0,61 0,66 1,00 640,00 5126
75 368,29 0,61 0,66 1,00 648,00 5126
76 368,29 0,56 0,61 1,00 656,00 5126
77 368,29 0,56 0,61 1,00 664,00 5126
78 368,29 0,56 0,61 1,00 672,00 5127
79 368,29 0,56 0,61 1,00 680,00 5128
80 368,29 0,56 0,61 1,00 688,00 5128
81 368,29 0,56 0,61 1,00 696,00 5128
82 368,29 0,56 0,61 1,00 704,00 5128
83 368,29 0,52 0,56 1,00 712,00 5128
84 368,29 0,52 0,56 1,00 720,00 5128
85 368,29 0,52 0,56 1,00 728,00 5128
86 368,29 0,52 0,56 1,00 736,00 5128
87 368,29 0,52 0,56 1,00 744,00 5128
88 368,29 0,52 0,56 1,00 752,00 5129
89 368,29 0,52 0,56 1,00 760,00 5133
90 368,29 0,52 0,56 99,00 768,00 5133
91 368,29 0,52 0,56 99,00 776,00 5240
92 368,29 0,52 0,56 99,00 784,00 5280
93 368,29 0,52 0,56 99,00 792,00 5298
94 368,29 0,52 0,56 99,00 800,00 5308
95 368,29 45,63 49,42 99,00 807,00 5318
96 368,29 45,63 49,42 99,00 815,00 5327
97 368,29 45,63 49,42 99,00 823,00 5336
98 368,29 45,63 49,42 99,00 831,00 5340
99 368,29 45,63 49,42 99,00 839,00 5347
100 368,29 45,63 49,42 99,00 847,00 5351
101 368,29 45,63 49,42 99,00 855,00 5353
102 368,29 45,63 49,42 99,00 863,00 5354
103 368,29 45,63 49,42 99,00 871,00 5357
104 368,29 45,63 49,42 99,00 879,00 5357
105 368,29 45,63 49,42 99,00 887,00 5357
106 368,29 45,63 49,42 99,00 895,00 5357
107 368,29 45,63 49,42 99,00 903,00 5357
108 368,29 45,63 49,42 99,00 911,00 5357
109 368,29 45,63 49,42 99,00 919,00 5359
110 368,29 45,63 49,42 99,00 927,00 5359
111 368,29 45,63 49,42 99,00 935,00 5360
112 368,29 45,63 49,42 99,00 943,00 5362
113 368,29 45,63 49,42 99,00 951,00 5364
114 368,29 38,02 41,18 99,00 959,00 5366
115 368,29 38,02 41,18 99,00 967,00 5366
116 368,29 38,02 41,18 99,00 975,00 5366
117 368,29 38,02 41,18 99,00 983,00 5366
118 368,29 38,02 41,18 99,00 991,00 5367
119 368,29 38,02 41,18 99,00 999,00 5368
120 368,29 36,21 39,22 1,00 1.007,00 5368
121 368,29 36,21 39,22 1,00 1.015,00 5378
122 368,29 36,21 39,22 1,00 1.023,00 5387
123 368,29 36,21 39,22 1,00 1.031,00 5391
124 368,29 36,21 39,22 1,00 1.039,00 5392
125 368,29 36,21 39,22 1,00 1.047,00 5392
126 368,29 36,21 39,22 1,00 1.055,00 5392
127 368,29 36,21 39,22 1,00 1.063,00 5392
128 368,29 0,34 0,37 1,00 1.071,00 5392
129 368,29 0,34 0,37 1,00 1.079,00 5392
130 368,29 0,34 0,37 1,00 1.087,00 5392
131 368,29 0,34 0,37 1,00 1.095,00 5392
132 368,29 0,34 0,37 1,00 1.103,00 5392
133 368,29 0,34 0,37 1,00 1.111,00 5392
134 368,29 0,34 0,37 1,00 1.119,00 5392
135 368,29 0,34 0,37 1,00 1.127,00 5392
136 368,29 0,34 0,37 1,00 1.135,00 5392
137 368,29 0,34 0,37 1,00 1.143,00 5392
138 368,29 0,34 0,37 1,00 1.151,00 5392
139 368,29 0,34 0,37 1,00 1.159,00 5392
140 368,29 0,34 0,37 1,00 1.167,00 5397
141 368,29 0,34 0,37 1,00 1.175,00 5398
142 368,29 0,34 0,37 1,00 1.183,00 5398
143 368,29 0,31 0,33 1,00 1.191,00 5398
144 368,29 0,31 0,33 1,00 1.199,00 5398
145 368,29 0,31 0,33 1,00 1.207,00 5398
146 368,29 0,31 0,33 1,00 1.215,00 5398
147 368,29 0,31 0,33 1,00 1.223,00 5398
148 368,29 0,31 0,33 1,00 1.231,00 5398
149 368,29 0,31 0,33 1,00 1.239,00 5398
150 368,29 0,31 0,33 99,00 1.247,00 5398
151 368,29 0,31 0,33 99,00 1.255,00 5443
152 368,29 0,31 0,33 99,00 1.263,00 5461
153 368,29 0,31 0,33 99,00 1.271,00 5469
154 368,29 0,31 0,33 99,00 1.279,00 5476
155 368,29 0,31 0,33 99,00 1.287,00 5480
156 368,29 28,35 30,71 99,00 1.294,00 5482
157 368,29 28,35 30,71 99,00 1.302,00 5482
158 368,29 28,35 30,71 99,00 1.310,00 5492
159 368,29 28,35 30,71 99,00 1.318,00 5501
160 368,29 28,35 30,71 99,00 1.326,00 5510
161 368,29 28,35 30,71 99,00 1.334,00 5520
162 368,29 28,35 30,71 99,00 1.342,00 5532
163 368,29 28,35 30,71 99,00 1.350,00 5544
164 368,29 28,35 30,71 99,00 1.358,00 5553
165 368,29 28,35 30,71 99,00 1.366,00 5560
166 368,29 28,35 30,71 99,00 1.374,00 5566
167 368,29 26,38 28,58 99,00 1.382,00 5570
168 368,29 26,38 28,58 99,00 1.390,00 5573
169 368,29 26,38 28,58 99,00 1.398,00 5575
170 368,29 25,93 28,09 99,00 1.406,00 5576
171 368,29 25,93 28,09 99,00 1.414,00 5577
172 368,29 25,93 28,09 99,00 1.422,00 5578
173 368,29 25,93 28,09 99,00 1.430,00 5579
174 368,29 25,93 28,09 99,00 1.438,00 5580
175 368,29 25,93 28,09 99,00 1.446,00 5582
176 368,29 25,93 28,09 99,00 1.454,00 5583
177 368,29 25,93 28,09 99,00 1.462,00 5584
178 368,29 25,93 28,09 99,00 1.470,00 5587
179 368,29 25,93 28,09 99,00 1.478,00 5589
180 368,29 24,54 26,58 1,00 1.486,00 5591
181 368,29 0,25 0,27 1,00 1.494,00 5600
182 368,29 0,25 0,27 1,00 1.502,00 5601
183 368,29 0,24 0,26 1,00 1.510,00 5602
184 368,29 0,24 0,26 1,00 1.518,00 5602
185 368,29 0,24 0,26 1,00 1.526,00 5602
186 368,29 0,24 0,26 1,00 1.534,00 5602
187 368,29 0,24 0,26 1,00 1.542,00 5602
188 368,29 0,24 0,26 1,00 1.550,00 5602
189 368,29 0,24 0,26 1,00 1.558,00 5602
190 368,29 0,24 0,25 1,00 1.566,00 5602
191 368,29 0,24 0,25 1,00 1.574,00 5604
192 368,29 0,24 0,25 1,00 1.582,00 5606
193 368,29 0,24 0,25 1,00 1.590,00 5607
194 368,29 0,24 0,25 1,00 1.598,00 5611
195 368,29 0,24 0,25 1,00 1.606,00 5613
196 368,29 0,24 0,25 1,00 1.614,00 5613
197 368,29 0,24 0,25 1,00 1.622,00 5613
198 368,29 0,24 0,25 1,00 1.630,00 5613
199 368,29 0,24 0,25 1,00 1.638,00 5613
200 368,29 0,24 0,25 1,00 1.646,00 5613
201 368,29 0,24 0,25 1,00 1.654,00 5613
202 368,29 0,24 0,25 1,00 1.662,00 5613
203 368,29 0,24 0,25 1,00 1.670,00 5613
204 368,29 0,24 0,25 1,00 1.678,00 5613
205 368,29 0,24 0,25 1,00 1.686,00 5613
206 368,29 0,24 0,25 1,00 1.694,00 5613
207 368,29 0,24 0,25 1,00 1.702,00 5613
208 368,29 0,24 0,25 1,00 1.710,00 5614
209 368,29 0,24 0,25 1,00 1.718,00 5616
210 368,29 0,24 0,25 97,00 1.726,00 5616
211 368,29 0,24 0,25 97,00 1.734,00 5655
212 368,29 0,24 0,25 97,00 1.742,00 5665
213 368,29 0,24 0,25 97,00 1.750,00 5671
214 368,29 0,24 0,25 97,00 1.758,00 5671
215 368,29 0,24 0,25 97,00 1.766,00 5671
216 368,29 0,24 0,25 97,00 1.774,00 5671
217 368,29 0,24 0,25 97,00 1.782,00 5671
218 368,29 0,24 0,25 97,00 1.790,00 5671
219 368,29 0,24 0,25 97,00 1.798,00 5671
220 368,29 0,24 0,25 97,00 1.806,00 5671
221 368,29 0,24 0,25 97,00 1.814,00 5671
222 368,29 0,24 0,25 97,00 1.822,00 5671
223 368,29 0,24 0,25 97,00 1.830,00 5671
224 368,29 0,24 0,25 97,00 1.838,00 5671
225 368,29 0,24 0,25 97,00 1.846,00 5671
226 368,29 0,24 0,25 97,00 1.854,00 5671
227 368,29 0,24 0,25 97,00 1.862,00 5671
228 368,29 0,24 0,25 97,00 1.870,00 5671
229 368,29 0,24 0,25 97,00 1.878,00 5671
230 368,29 0,24 0,25 97,00 1.886,00 5671
231 368,29 0,24 0,25 97,00 1.894,00 5671
232 368,29 0,24 0,25 97,00 1.902,00 5671
233 368,29 0,24 0,25 97,00 1.910,00 5671
234 368,29 0,24 0,25 97,00 1.918,00 5671
235 368,29 0,24 0,25 97,00 1.926,00 5671
236 368,29 18,47 20,01 97,00 1.934,00 5671
237 368,29 18,47 20,01 97,00 1.942,00 5671
238 368,29 18,47 20,01 97,00 1.950,00 5671
239 368,29 18,47 20,01 97,00 1.958,00 5671
240 368,29 18,47 20,01 1,00 1.966,00 5671
241 368,29 18,47 20,01 1,00 1.974,00 5686
242 368,29 18,47 20,01 1,00 1.982,00 5686
243 368,29 18,47 20,01 1,00 1.990,00 5687
244 368,29 18,47 20,01 1,00 1.998,00 5688
245 368,29 18,47 20,01 1,00 2.006,00 5688
246 368,29 18,47 20,01 1,00 2.014,00 5688
247 368,29 0,18 0,20 1,00 2.022,00 5688
248 368,29 0,18 0,20 1,00 2.030,00 5688
249 368,29 0,18 0,20 1,00 2.038,00 5691
250 368,29 0,18 0,20 1,00 2.046,00 5693
251 368,29 0,18 0,20 1,00 2.054,00 5693
252 368,29 0,18 0,20 1,00 2.062,00 5693
253 368,29 0,18 0,20 1,00 2.070,00 5694
254 368,29 0,18 0,20 1,00 2.078,00 5694
255 368,29 0,18 0,20 1,00 2.086,00 5694
256 368,29 0,18 0,20 1,00 2.094,00 5694
257 368,29 0,18 0,19 1,00 2.102,00 5694
258 368,29 0,18 0,19 1,00 2.110,00 5694
259 368,29 0,18 0,19 1,00 2.118,00 5694
260 368,29 0,17 0,19 1,00 2.126,00 5694
261 368,29 0,17 0,19 1,00 2.134,00 5694
262 368,29 0,17 0,19 1,00 2.142,00 5694
263 368,29 0,17 0,19 1,00 2.150,00 5694
264 368,29 0,17 0,19 1,00 2.158,00 5694
265 368,29 0,17 0,19 1,00 2.166,00 5694
266 368,29 0,17 0,19 1,00 2.174,00 5694
267 368,29 0,17 0,19 1,00 2.182,00 5694
268 368,29 0,17 0,19 1,00 2.190,00 5694
269 368,29 0,17 0,19 1,00 2.198,00 5694
270 368,29 0,17 0,19 99,00 2.206,00 5694
271 368,29 0,17 0,19 99,00 2.214,00 5724
272 368,29 16,41 17,77 99,00 2.222,00 5736
273 368,29 16,41 17,77 99,00 2.230,00 5742
274 368,29 16,41 17,77 99,00 2.238,00 5742
275 368,29 16,23 17,58 99,00 2.246,00 5742
276 368,29 16,23 17,58 99,00 2.254,00 5742
277 368,29 16,23 17,58 99,00 2.262,00 5742
278 368,29 16,23 17,58 99,00 2.270,00 5742
279 368,29 16,23 17,58 99,00 2.278,00 5742
280 368,29 16,23 17,58 99,00 2.286,00 5742
281 368,29 16,23 17,58 99,00 2.294,00 5742
282 368,29 16,23 17,58 99,00 2.302,00 5742
283 368,29 16,23 17,58 99,00 2.310,00 5742
284 368,29 16,23 17,58 99,00 2.318,00 5742
285 368,29 16,23 17,58 99,00 2.326,00 5742
286 368,29 16,23 17,58 99,00 2.334,00 5742
287 368,29 16,23 17,58 99,00 2.342,00 5742
288 368,29 16,23 17,58 99,00 2.350,00 5742
289 368,29 16,23 17,58 99,00 2.358,00 5742
290 368,29 15,41 16,69 99,00 2.366,00 5742
291 368,29 15,41 16,69 99,00 2.374,00 5742
292 368,29 15,41 16,69 99,00 2.382,00 5742
293 368,29 15,41 16,69 99,00 2.390,00 5742
294 368,29 15,41 16,69 99,00 2.398,00 5742
295 368,29 15,41 16,69 99,00 2.406,00 5742
296 368,29 15,10 16,36 99,00 2.414,00 5742
297 368,29 15,10 16,36 99,00 2.422,00 5742
298 368,29 15,10 16,36 99,00 2.430,00 5742
299 368,29 15,10 16,36 99,00 2.438,00 5742
300 368,29 15,10 16,36 1,00 2.446,00 5742
301 368,29 15,10 16,36 1,00 2.454,00 5752
302 368,29 15,10 16,36 1,00 2.462,00 5752
303 368,29 15,10 16,36 1,00 2.470,00 5752
304 368,29 15,10 16,36 1,00 2.478,00 5752
305 368,29 15,10 16,36 1,00 2.486,00 5752
306 368,29 15,10 16,36 1,00 2.494,00 5762
307 368,29 0,15 0,16 1,00 2.502,00 5773
308 368,29 0,15 0,16 1,00 2.510,00 5778
309 368,29 0,15 0,16 1,00 2.518,00 5780
310 368,29 0,15 0,16 1,00 2.526,00 5780
311 368,29 0,15 0,16 1,00 2.534,00 5780
312 368,29 0,15 0,16 1,00 2.542,00 5780
313 368,29 0,15 0,16 1,00 2.550,00 5782
314 368,29 0,15 0,16 1,00 2.558,00 5783
315 368,29 0,15 0,16 1,00 2.566,00 5783
316 368,29 0,15 0,16 1,00 2.574,00 5783
317 368,29 0,14 0,15 1,00 2.582,00 5783
318 368,29 0,14 0,15 1,00 2.590,00 5783
319 368,29 0,14 0,15 1,00 2.598,00 5783
320 368,29 0,14 0,15 1,00 2.606,00 5783
321 368,29 0,14 0,15 1,00 2.614,00 5783
322 368,29 0,14 0,15 1,00 2.622,00 5783
323 368,29 0,14 0,15 1,00 2.630,00 5783
324 368,29 0,14 0,15 1,00 2.638,00 5783
325 368,29 0,14 0,15 1,00 2.646,00 5783
326 368,29 0,14 0,15 1,00 2.654,00 5783
327 368,29 0,14 0,15 1,00 2.662,00 5783
328 368,29 0,14 0,15 1,00 2.670,00 5783
329 368,29 0,14 0,15 1,00 2.678,00 5783
330 368,29 0,14 0,15 99,00 2.686,00 5783
331 368,29 0,14 0,15 99,00 2.694,00 5809
332 368,29 0,14 0,15 99,00 2.702,00 5815
333 368,29 0,14 0,15 99,00 2.710,00 5818
334 368,29 0,14 0,15 99,00 2.718,00 5819
335 368,29 13,38 14,49 99,00 2.726,00 5820
336 368,29 13,38 14,49 99,00 2.734,00 5820
337 368,29 13,38 14,49 99,00 2.742,00 5820
338 368,29 13,38 14,49 99,00 2.750,00 5820
339 368,29 13,38 14,49 99,00 2.758,00 5820
340 368,29 13,38 14,49 99,00 2.766,00 5820
341 368,29 13,38 14,49 99,00 2.774,00 5820
342 368,29 13,38 14,49 99,00 2.782,00 5820
343 368,29 13,38 14,49 99,00 2.790,00 5820
344 368,29 13,38 14,49 99,00 2.798,00 5820
345 368,29 13,38 14,49 99,00 2.806,00 5820
346 368,29 13,38 14,49 99,00 2.814,00 5820
347 368,29 13,38 14,49 99,00 2.822,00 5820
348 368,29 12,88 13,95 99,00 2.830,00 5820
349 368,29 12,88 13,95 99,00 2.838,00 5820
350 368,29 12,88 13,95 99,00 2.846,00 5820
351 368,29 12,78 13,84 99,00 2.854,00 5820
352 368,29 12,78 13,84 99,00 2.862,00 5820
353 368,29 12,78 13,84 99,00 2.870,00 5820
354 368,29 12,78 13,84 99,00 2.878,00 5820
355 368,29 12,78 13,84 99,00 2.886,00 5820
356 368,29 12,78 13,84 99,00 2.894,00 5820
357 368,29 12,78 13,84 99,00 2.902,00 5820
358 368,29 12,78 13,84 99,00 2.910,00 5820
359 368,29 12,78 13,84 99,00 2.918,00 5820
360 368,29 12,78 13,84 1,00 2.926,00 5820
361 368,29 12,78 13,84 1,00 2.934,00 5827
362 368,29 12,78 13,84 1,00 2.942,00 5827
363 368,29 12,78 13,84 1,00 2.950,00 5827
364 368,29 12,78 13,84 1,00 2.958,00 5827
365 368,29 12,78 13,84 1,00 2.966,00 5827
366 368,29 12,78 13,84 1,00 2.974,00 5827
367 368,29 12,78 13,84 1,00 2.982,00 5827
368 368,29 12,78 13,84 1,00 2.990,00 5827
369 368,29 0,12 0,13 1,00 2.998,00 5827
370 368,29 0,12 0,13 1,00 3.006,00 5827
371 368,29 0,12 0,13 1,00 3.014,00 5827
372 368,29 0,12 0,13 1,00 3.022,00 5827
373 368,29 0,12 0,13 1,00 3.030,00 5827
374 368,29 0,12 0,13 1,00 3.038,00 5827
375 368,29 0,12 0,13 1,00 3.046,00 5827
376 368,29 0,12 0,13 1,00 3.054,00 5827
377 368,29 0,12 0,13 1,00 3.062,00 5827
378 368,29 0,12 0,13 1,00 3.070,00 5827
379 368,29 0,12 0,13 1,00 3.078,00 5827
380 368,29 0,12 0,13 1,00 3.086,00 5827
381 368,29 0,12 0,13 1,00 3.094,00 5827
382 368,29 0,12 0,13 1,00 3.102,00 5827
383 368,29 0,12 0,13 1,00 3.110,00 5833
384 368,29 0,12 0,13 1,00 3.118,00 5833
385 368,29 0,12 0,13 1,00 3.126,00 5833
386 368,29 0,12 0,13 1,00 3.134,00 5833
387 368,29 0,12 0,13 1,00 3.142,00 5833
388 368,29 0,12 0,13 1,00 3.150,00 5833
389 368,29 0,12 0,13 1,00 3.158,00 5833
390 368,29 0,12 0,13 99,00 3.166,00 5833
391 368,29 11,49 12,44 99,00 3.174,00 5854
392 368,29 11,49 12,44 99,00 3.182,00 5858
393 368,29 11,49 12,44 99,00 3.190,00 5861
394 368,29 11,40 12,35 99,00 3.198,00 5861
395 368,29 11,40 12,35 99,00 3.206,00 5861
396 368,29 11,40 12,35 99,00 3.214,00 5861
397 368,29 11,40 12,35 99,00 3.222,00 5861
398 368,29 11,40 12,35 99,00 3.230,00 5861
399 368,29 11,40 12,35 99,00 3.238,00 5861
400 368,29 11,40 12,35 99,00 3.246,00 5861
401 368,29 11,40 12,35 99,00 3.254,00 5865
402 368,29 11,40 12,35 99,00 3.262,00 5866
403 368,29 11,40 12,35 99,00 3.270,00 5866
404 368,29 11,40 12,35 99,00 3.278,00 5866
405 368,29 11,40 12,35 99,00 3.286,00 5866
406 368,29 11,07 11,99 99,00 3.294,00 5866
407 368,29 11,07 11,99 99,00 3.302,00 5866
408 368,29 11,07 11,99 99,00 3.310,00 5866
409 368,29 11,07 11,99 99,00 3.318,00 5866
410 368,29 11,07 11,99 99,00 3.326,00 5866
411 368,29 11,07 11,99 99,00 3.334,00 5866
412 368,29 11,07 11,99 99,00 3.342,00 5866
413 368,29 11,07 11,99 99,00 3.350,00 5866
414 368,29 11,07 11,99 99,00 3.358,00 5866
415 368,29 11,07 11,99 99,00 3.366,00 5866
416 368,29 11,07 11,99 99,00 3.374,00 5866
417 368,29 11,07 11,99 99,00 3.382,00 5866
418 368,29 11,07 11,99 99,00 3.390,00 5866
419 368,29 11,07 11,99 99,00 3.398,00 5866
420 368,29 11,07 11,99 1,00 3.406,00 5866
421 368,29 11,07 11,99 1,00 3.414,00 5875
422 368,29 11,07 11,99 1,00 3.422,00 5878
423 368,29 11,07 11,99 1,00 3.430,00 5879
424 368,29 11,07 11,99 1,00 3.438,00 5879
425 368,29 0,11 0,12 1,00 3.446,00 5879
426 368,29 0,11 0,12 1,00 3.454,00 5879
427 368,29 0,11 0,12 1,00 3.462,00 5879
428 368,29 0,11 0,12 1,00 3.470,00 5880
429 368,29 0,11 0,12 1,00 3.478,00 5880
430 368,29 0,11 0,12 1,00 3.486,00 5880
431 368,29 0,11 0,11 1,00 3.494,00 5880
432 368,29 0,11 0,11 1,00 3.502,00 5880
433 368,29 0,11 0,11 1,00 3.510,00 5880
434 368,29 0,11 0,11 1,00 3.518,00 5880
435 368,29 0,11 0,11 1,00 3.526,00 5880
436 368,29 0,11 0,11 1,00 3.534,00 5880
437 368,29 0,11 0,11 1,00 3.542,00 5880
438 368,29 0,11 0,11 1,00 3.550,00 5880
439 368,29 0,11 0,11 1,00 3.558,00 5880
440 368,29 0,11 0,11 1,00 3.566,00 5880
441 368,29 0,11 0,11 1,00 3.574,00 5880
442 368,29 0,11 0,11 1,00 3.582,00 5880
443 368,29 0,11 0,11 1,00 3.590,00 5880
444 368,29 0,11 0,11 1,00 3.598,00 5880
445 368,29 0,11 0,11 1,00 3.606,00 5880
446 368,29 0,11 0,11 1,00 3.614,00 5880
447 368,29 0,11 0,11 1,00 3.622,00 5880
448 368,29 0,11 0,11 1,00 3.630,00 5880
449 368,29 0,11 0,11 1,00 3.638,00 5880
450 368,29 0,11 0,11 99,00 3.646,00 5880
451 368,29 0,11 0,11 99,00 3.654,00 5901
452 368,29 0,11 0,11 99,00 3.662,00 5908
453 368,29 0,11 0,11 99,00 3.670,00 5908
454 368,29 0,11 0,11 99,00 3.678,00 5908
455 368,29 0,11 0,11 99,00 3.686,00 5908
456 368,29 0,11 0,11 99,00 3.694,00 5909
457 368,29 0,11 0,11 99,00 3.702,00 5909
458 368,29 0,11 0,11 99,00 3.710,00 5909
459 368,29 0,11 0,11 99,00 3.718,00 5909
460 368,29 0,11 0,11 99,00 3.726,00 5909
461 368,29 0,11 0,11 99,00 3.734,00 5909
462 368,29 0,11 0,11 99,00 3.742,00 5909
463 368,29 9,72 10,53 99,00 3.750,00 5909
464 368,29 9,72 10,53 99,00 3.758,00 5909
465 368,29 9,72 10,53 99,00 3.766,00 5909
466 368,29 9,72 10,53 99,00 3.774,00 5909
467 368,29 9,72 10,53 99,00 3.782,00 5909
468 368,29 9,72 10,53 99,00 3.790,00 5909
469 368,29 9,72 10,53 99,00 3.798,00 5909
470 368,29 9,72 10,53 99,00 3.806,00 5909
471 368,29 9,72 10,53 99,00 3.814,00 5909
472 368,29 9,72 10,53 99,00 3.822,00 5909
473 368,29 9,72 10,53 99,00 3.830,00 5909
474 368,29 9,72 10,53 99,00 3.838,00 5909
475 368,29 9,72 10,53 99,00 3.846,00 5909
476 368,29 9,72 10,53 99,00 3.854,00 5909
477 368,29 9,72 10,53 99,00 3.862,00 5909
478 368,29 9,72 10,53 99,00 3.870,00 5909
479 368,29 9,72 10,53 99,00 3.878,00 5909
480 368,29 9,72 10,53 1,00 3.886,00 5909
481 368,29 9,72 10,53 1,00 3.894,00 5915
482 368,29 9,72 10,53 1,00 3.902,00 5916
483 368,29 9,72 10,53 1,00 3.910,00 5916
484 368,29 9,72 10,53 1,00 3.918,00 5916
485 368,29 9,72 10,53 1,00 3.926,00 5916
486 368,29 0,09 0,10 1,00 3.934,00 5916
487 368,29 0,09 0,10 1,00 3.942,00 5916
488 368,29 0,09 0,10 1,00 3.950,00 5916
489 368,29 0,09 0,10 1,00 3.958,00 5916
490 368,29 0,09 0,10 1,00 3.966,00 5916
491 368,29 0,09 0,10 1,00 3.974,00 5916
492 368,29 0,09 0,10 1,00 3.982,00 5916
493 368,29 0,09 0,10 1,00 3.990,00 5916
494 368,29 0,09 0,10 1,00 3.998,00 5916
495 368,29 0,09 0,10 1,00 4.006,00 5916
496 368,29 0,09 0,10 1,00 4.014,00 5916
497 368,29 0,09 0,10 1,00 4.022,00 5916
498 368,29 0,09 0,10 1,00 4.030,00 5916
499 368,29 0,09 0,10 1,00 4.038,00 5916
500 368,29 0,09 0,10 1,00 4.046,00 5916
501 368,29 0,09 0,10 1,00 4.054,00 5916
502 368,29 0,09 0,10 1,00 4.062,00 5916
503 368,29 0,09 0,10 1,00 4.070,00 5916
504 368,29 0,09 0,10 1,00 4.078,00 5916
505 368,29 0,09 0,10 1,00 4.086,00 5919
506 368,29 0,09 0,10 1,00 4.094,00 5919
507 368,29 0,09 0,10 1,00 4.102,00 5919
508 368,29 0,09 0,10 1,00 4.110,00 5919
509 368,29 0,09 0,10 1,00 4.118,00 5919
510 368,29 0,09 0,10 99,00 4.126,00 5919
511 368,29 0,09 0,10 99,00 4.134,00 5935
512 368,29 0,09 0,10 99,00 4.142,00 5937
513 368,29 0,09 0,10 99,00 4.150,00 5938
514 368,29 0,09 0,10 99,00 4.158,00 5938
515 368,29 8,75 9,48 99,00 4.166,00 5938
516 368,29 8,74 9,46 99,00 4.174,00 5938
517 368,29 8,72 9,44 99,00 4.182,00 5938
518 368,29 8,72 9,44 99,00 4.190,00 5938
519 368,29 8,72 9,44 99,00 4.198,00 5938
520 368,29 8,72 9,44 99,00 4.206,00 5938
521 368,29 8,72 9,44 99,00 4.214,00 5938
522 368,29 8,72 9,44 99,00 4.222,00 5938
523 368,29 8,72 9,44 99,00 4.230,00 5938
524 368,29 8,72 9,44 99,00 4.238,00 5938
525 368,29 8,72 9,44 99,00 4.246,00 5938
526 368,29 8,72 9,44 99,00 4.254,00 5938
527 368,29 8,72 9,44 99,00 4.262,00 5938
528 368,29 8,72 9,44 99,00 4.270,00 5938
529 368,29 8,72 9,44 99,00 4.278,00 5938
530 368,29 8,72 9,44 99,00 4.286,00 5938
531 368,29 8,72 9,44 99,00 4.294,00 5938
532 368,29 8,72 9,44 99,00 4.302,00 5938
533 368,29 8,72 9,44 99,00 4.310,00 5938
534 368,29 8,72 9,44 99,00 4.318,00 5938
535 368,29 8,43 9,13 99,00 4.326,00 5938
536 368,29 8,43 9,13 99,00 4.334,00 5938
537 368,29 8,43 9,13 99,00 4.342,00 5938
538 368,29 8,43 9,13 99,00 4.350,00 5938
539 368,29 8,37 9,06 99,00 4.358,00 5938
540 368,29 8,37 9,06 1,00 4.366,00 5938
541 368,29 8,37 9,06 1,00 4.374,00 5942
542 368,29 8,37 9,06 1,00 4.382,00 5944
543 368,29 8,37 9,06 1,00 4.390,00 5946
544 368,29 8,37 9,06 1,00 4.398,00 5947
545 368,29 8,37 9,06 1,00 4.406,00 5958
546 368,29 8,37 9,06 1,00 4.414,00 5965
547 368,29 8,37 9,06 1,00 4.422,00 5965
548 368,29 8,37 9,06 1,00 4.430,00 5965
549 368,29 8,37 9,06 1,00 4.438,00 5965
550 368,29 8,37 9,06 1,00 4.446,00 5965
551 368,29 8,37 9,06 1,00 4.454,00 5965
552 368,29 8,37 9,06 1,00 4.462,00 5965
553 368,29 8,37 9,06 1,00 4.470,00 5965
554 368,29 8,37 9,06 1,00 4.478,00 5965
555 368,29 8,37 9,06 1,00 4.486,00 5965
556 368,29 8,37 9,06 1,00 4.494,00 5965
557 368,29 8,37 9,06 1,00 4.502,00 5965
558 368,29 8,37 9,06 1,00 4.510,00 5965
559 368,29 8,37 9,06 1,00 4.518,00 5969
560 368,29 8,37 9,06 1,00 4.526,00 5969
561 368,29 0,08 0,09 1,00 4.534,00 5969
562 368,29 0,08 0,09 1,00 4.542,00 5969
563 368,29 0,08 0,09 1,00 4.550,00 5969
564 368,29 0,08 0,09 1,00 4.558,00 5969
565 368,29 0,08 0,09 1,00 4.566,00 5969
566 368,29 0,08 0,09 1,00 4.574,00 5969
567 368,29 0,08 0,09 1,00 4.582,00 5969
568 368,29 0,08 0,09 1,00 4.590,00 5969
569 368,29 0,08 0,09 1,00 4.598,00 5969
570 368,29 0,08 0,09 99,00 4.606,00 5969
571 368,29 0,08 0,09 99,00 4.614,00 5988
572 368,29 0,08 0,09 99,00 4.622,00 5994
573 368,29 0,08 0,09 99,00 4.630,00 5999
574 368,29 0,08 0,09 99,00 4.638,00 6004
575 368,29 0,08 0,09 99,00 4.646,00 6007
576 368,29 0,08 0,09 99,00 4.654,00 6009
577 368,29 0,08 0,09 99,00 4.662,00 6010
578 368,29 0,08 0,09 99,00 4.670,00 6010
579 368,29 0,08 0,09 99,00 4.678,00 6010
580 368,29 0,08 0,09 99,00 4.686,00 6010
581 368,29 0,08 0,09 99,00 4.694,00 6010
582 368,29 0,08 0,09 99,00 4.702,00 6010
583 368,29 0,08 0,09 99,00 4.710,00 6010
584 368,29 0,08 0,09 99,00 4.718,00 6010
585 368,29 0,08 0,09 99,00 4.726,00 6010
586 368,29 0,08 0,09 99,00 4.734,00 6010
587 368,29 0,08 0,09 99,00 4.742,00 6010
588 368,29 0,08 0,09 99,00 4.750,00 6010
589 368,29 7,66 8,30 99,00 4.758,00 6010
590 368,29 7,66 8,30 99,00 4.766,00 6010
591 368,29 7,66 8,30 99,00 4.774,00 6010
592 368,29 7,66 8,30 99,00 4.782,00 6010
593 368,29 7,61 8,24 99,00 4.790,00 6010
594 368,29 7,61 8,24 99,00 4.798,00 6010
595 368,29 7,61 8,24 99,00 4.806,00 6010
596 368,29 7,61 8,24 99,00 4.814,00 6010
597 368,29 7,56 8,19 99,00 4.822,00 6010
598 368,29 7,56 8,19 99,00 4.830,00 6010
599 368,29 7,56 8,19 99,00 4.838,00 6010
600 368,29 7,56 8,19 5,00 4.846,00 6010
601 368,29 7,56 8,19 5,00 4.854,00 6019
602 368,29 7,56 8,19 5,00 4.862,00 6021
603 368,29 7,56 8,19 5,00 4.870,00 6022
604 368,29 7,56 8,19 5,00 4.878,00 6022
605 368,29 7,56 8,19 5,00 4.886,00 6022
606 368,29 7,56 8,19 5,00 4.894,00 6022
607 368,29 7,56 8,19 5,00 4.902,00 6022
608 368,29 7,56 8,19 5,00 4.910,00 6023
609 368,29 7,56 8,19 5,00 4.918,00 6023
610 368,29 7,56 8,19 5,00 4.926,00 6023
611 368,29 7,56 8,19 5,00 4.934,00 6023
612 368,29 0,37 0,40 5,00 4.942,00 6023
613 368,29 0,37 0,40 5,00 4.950,00 6023
614 368,29 0,37 0,40 5,00 4.958,00 6023
615 368,29 0,37 0,40 5,00 4.966,00 6023
616 368,29 0,37 0,40 5,00 4.974,00 6023
617 368,29 0,37 0,40 5,00 4.982,00 6023
618 368,29 0,37 0,40 5,00 4.990,00 6023
619 368,29 0,37 0,40 5,00 4.998,00 6023
620 368,29 0,37 0,40 5,00 5.006,00 6023
621 368,29 0,37 0,40 5,00 5.014,00 6023
622 368,29 0,37 0,40 5,00 5.022,00 6023
623 368,29 0,37 0,40 5,00 5.030,00 6023
624 368,29 0,37 0,40 5,00 5.038,00 6023
625 368,29 0,37 0,40 5,00 5.046,00 6023
626 368,29 0,37 0,40 5,00 5.054,00 6023
627 368,29 0,37 0,40 5,00 5.062,00 6023
628 368,29 0,37 0,40 5,00 5.070,00 6023
629 368,29 0,36 0,39 5,00 5.078,00 6023
630 368,29 0,36 0,39 99,00 5.086,00 6023
631 368,29 0,36 0,39 99,00 5.094,00 6039
632 368,29 0,36 0,39 99,00 5.102,00 6043
633 368,29 7,14 7,73 99,00 5.110,00 6043
634 368,29 7,14 7,73 99,00 5.118,00 6043
635 368,29 7,14 7,73 99,00 5.126,00 6043
636 368,29 7,14 7,73 99,00 5.134,00 6043
637 368,29 7,14 7,73 99,00 5.142,00 6043
638 368,29 7,14 7,73 99,00 5.150,00 6043
639 368,29 7,14 7,73 99,00 5.158,00 6043
640 368,29 7,14 7,73 99,00 5.166,00 6043
641 368,29 7,14 7,73 99,00 5.174,00 6043
642 368,29 7,04 7,62 99,00 5.182,00 6043
643 368,29 7,04 7,62 99,00 5.190,00 6043
644 368,29 7,04 7,62 99,00 5.198,00 6043
645 368,29 7,04 7,62 99,00 5.206,00 6043
646 368,29 7,04 7,62 99,00 5.214,00 6043
647 368,29 7,04 7,62 99,00 5.222,00 6043
648 368,29 7,04 7,62 99,00 5.230,00 6043
649 368,29 6,96 7,54 99,00 5.238,00 6043
650 368,29 6,96 7,54 99,00 5.246,00 6043
651 368,29 6,96 7,54 99,00 5.254,00 6043
652 368,29 6,96 7,54 99,00 5.262,00 6043
653 368,29 6,96 7,54 99,00 5.270,00 6043
654 368,29 6,96 7,54 99,00 5.278,00 6043
655 368,29 6,96 7,54 99,00 5.286,00 6043
656 368,29 6,96 7,54 99,00 5.294,00 6043
657 368,29 6,96 7,54 99,00 5.302,00 6043
658 368,29 6,96 7,54 99,00 5.310,00 6043
659 368,29 6,96 7,54 99,00 5.318,00 6043
660 368,29 6,96 7,54 1,00 5.326,00 6043
661 368,29 6,96 7,54 1,00 5.334,00 6047
662 368,29 6,96 7,54 1,00 5.342,00 6047
663 368,29 6,96 7,54 1,00 5.350,00 6047
664 368,29 6,96 7,54 1,00 5.358,00 6047
665 368,29 6,96 7,54 1,00 5.366,00 6047
666 368,29 6,96 7,54 1,00 5.374,00 6047
667 368,29 6,96 7,54 1,00 5.382,00 6047
668 368,29 6,96 7,54 1,00 5.390,00 6048
669 368,29 6,96 7,54 1,00 5.398,00 6048
670 368,29 6,96 7,54 1,00 5.406,00 6048
671 368,29 6,96 7,54 1,00 5.414,00 6048
672 368,29 6,96 7,54 1,00 5.422,00 6048
673 368,29 6,96 7,54 1,00 5.430,00 6048
674 368,29 6,96 7,54 1,00 5.438,00 6048
675 368,29 6,96 7,54 1,00 5.446,00 6048
676 368,29 6,96 7,54 1,00 5.454,00 6048
677 368,29 6,96 7,54 1,00 5.462,00 6048
678 368,29 6,96 7,54 1,00 5.470,00 6048
679 368,29 6,96 7,54 1,00 5.478,00 6048
680 368,29 6,96 7,54 1,00 5.486,00 6048
681 368,29 6,96 7,54 1,00 5.494,00 6048
682 368,29 6,96 7,54 1,00 5.502,00 6048
683 368,29 6,96 7,54 1,00 5.510,00 6048
684 368,29 6,96 7,54 1,00 5.518,00 6048
685 368,29 6,96 7,54 1,00 5.526,00 6048
686 368,29 6,96 7,54 1,00 5.534,00 6048
687 368,29 6,96 7,54 1,00 5.542,00 6048
688 368,29 0,07 0,07 1,00 5.550,00 6048
689 368,29 0,07 0,07 1,00 5.558,00 6048
690 368,29 0,07 0,07 99,00 5.566,00 6048
691 368,29 0,07 0,07 99,00 5.574,00 6060
692 368,29 0,07 0,07 99,00 5.582,00 6063
693 368,29 0,07 0,07 99,00 5.590,00 6066
694 368,29 0,07 0,07 99,00 5.598,00 6067
695 368,29 0,07 0,07 99,00 5.606,00 6068
696 368,29 0,07 0,07 99,00 5.614,00 6070
697 368,29 0,07 0,07 99,00 5.622,00 6070
698 368,29 0,07 0,07 99,00 5.630,00 6070
699 368,29 0,07 0,07 99,00 5.638,00 6070
700 368,29 0,07 0,07 99,00 5.646,00 6070
701 368,29 0,07 0,07 99,00 5.654,00 6070
702 368,29 0,07 0,07 99,00 5.662,00 6070
703 368,29 0,07 0,07 99,00 5.670,00 6070
704 368,29 0,07 0,07 99,00 5.678,00 6070
705 368,29 0,07 0,07 99,00 5.686,00 6070
706 368,29 0,07 0,07 99,00 5.694,00 6070
707 368,29 0,07 0,07 99,00 5.702,00 6070
708 368,29 0,07 0,07 99,00 5.710,00 6070
709 368,29 0,07 0,07 99,00 5.718,00 6070
710 368,29 0,07 0,07 99,00 5.726,00 6070
711 368,29 0,07 0,07 99,00 5.734,00 6070
712 368,29 0,07 0,07 99,00 5.742,00 6070
713 368,29 0,07 0,07 99,00 5.750,00 6070
714 368,29 0,07 0,07 99,00 5.758,00 6070
715 368,29 0,07 0,07 99,00 5.766,00 6070
716 368,29 0,07 0,07 99,00 5.774,00 6070
717 368,29 0,07 0,07 99,00 5.782,00 6070
718 368,29 0,07 0,07 99,00 5.790,00 6070
719 368,29 0,07 0,07 99,00 5.798,00 6070
720 368,29 0,07 0,07 197,00 5.806,00 6070
721 368,29 0,07 0,07 197,00 5.814,00 6073
722 368,29 0,07 0,07 197,00 5.822,00 6073
723 368,29 0,07 0,07 197,00 5.830,00 6073
724 368,29 0,07 0,07 197,00 5.838,00 6073
725 368,29 0,07 0,07 197,00 5.846,00 6073
726 368,29 0,07 0,07 197,00 5.854,00 6073
727 368,29 0,07 0,07 197,00 5.862,00 6073
728 368,29 0,07 0,07 197,00 5.870,00 6073
729 368,29 0,07 0,07 197,00 5.878,00 6073
730 368,29 0,07 0,07 197,00 5.886,00 6073
731 368,29 0,07 0,07 197,00 5.894,00 6073
732 368,29 0,07 0,07 197,00 5.902,00 6073
733 368,29 0,07 0,07 197,00 5.910,00 6073
734 368,29 0,07 0,07 197,00 5.918,00 6073
735 368,29 12,24 13,26 197,00 5.926,00 6073
736 368,29 12,24 13,26 197,00 5.934,00 6073
737 368,29 12,21 13,22 197,00 5.942,00 6073
738 368,29 12,21 13,22 197,00 5.950,00 6073
739 368,29 12,21 13,22 197,00 5.958,00 6073
740 368,29 12,21 13,22 197,00 5.966,00 6073
741 368,29 12,21 13,22 197,00 5.974,00 6073
742 368,29 12,21 13,22 197,00 5.982,00 6073
743 368,29 12,21 13,22 197,00 5.990,00 6073
744 368,29 12,21 13,22 197,00 5.998,00 6073
745 368,29 12,21 13,22 197,00 6.006,00 6073
746 368,29 12,21 13,22 197,00 6.014,00 6073
747 368,29 12,21 13,22 197,00 6.022,00 6073
748 368,29 12,21 13,22 197,00 6.030,00 6073
749 368,29 12,21 13,22 197,00 6.038,00 6073
750 368,29 12,21 13,22 97,00 6.046,00 6073
751 368,29 12,21 13,22 97,00 6.054,00 6081
752 368,29 12,21 13,22 97,00 6.062,00 6085
753 368,29 12,21 13,22 97,00 6.070,00 6085
754 368,29 5,88 6,37 97,00 6.078,00 6085
755 368,29 5,88 6,37 97,00 6.086,00 6085
756 368,29 5,86 6,35 97,00 6.094,00 6085
757 368,29 5,86 6,35 97,00 6.102,00 6085
758 368,29 5,86 6,35 97,00 6.110,00 6091
759 368,29 5,86 6,35 97,00 6.118,00 6094
760 368,29 5,86 6,35 97,00 6.126,00 6096
761 368,29 5,86 6,35 97,00 6.134,00 6097
762 368,29 5,86 6,35 97,00 6.142,00 6098
763 368,29 5,86 6,35 97,00 6.150,00 6098
764 368,29 5,86 6,35 97,00 6.158,00 6098
765 368,29 5,79 6,28 97,00 6.166,00 6098
766 368,29 5,79 6,28 97,00 6.174,00 6098
767 368,29 5,79 6,28 97,00 6.182,00 6098
768 368,29 5,79 6,28 97,00 6.190,00 6098
769 368,29 5,79 6,28 97,00 6.198,00 6098
770 368,29 5,76 6,23 97,00 6.206,00 6098
771 368,29 5,76 6,23 97,00 6.214,00 6098
772 368,29 5,76 6,23 97,00 6.222,00 6098
773 368,29 5,76 6,23 97,00 6.230,00 6098
774 368,29 5,76 6,23 97,00 6.238,00 6098
775 368,29 5,76 6,23 97,00 6.246,00 6098
776 368,29 5,76 6,23 97,00 6.254,00 6098
777 368,29 5,76 6,23 97,00 6.262,00 6098
778 368,29 5,76 6,23 97,00 6.270,00 6098
779 368,29 5,76 6,23 97,00 6.278,00 6098
780 368,29 5,76 6,23 1,00 6.286,00 6098
781 368,29 5,76 6,23 1,00 6.294,00 6102
782 368,29 5,76 6,23 1,00 6.302,00 6107
783 368,29 5,76 6,23 1,00 6.310,00 6110
784 368,29 5,76 6,23 1,00 6.318,00 6111
785 368,29 5,76 6,23 1,00 6.326,00 6111
786 368,29 5,76 6,23 1,00 6.334,00 6111
787 368,29 5,76 6,23 1,00 6.342,00 6111
788 368,29 5,76 6,23 1,00 6.350,00 6111
789 368,29 5,76 6,23 1,00 6.358,00 6111
790 368,29 5,76 6,23 1,00 6.366,00 6111
791 368,29 5,76 6,23 1,00 6.374,00 6111
792 368,29 5,76 6,23 1,00 6.382,00 6111
793 368,29 5,76 6,23 1,00 6.390,00 6111
794 368,29 5,76 6,23 1,00 6.398,00 6111
795 368,29 5,76 6,23 1,00 6.406,00 6111
796 368,29 5,76 6,23 1,00 6.414,00 6111
797 368,29 5,76 6,23 1,00 6.422,00 6111
798 368,29 5,76 6,23 1,00 6.430,00 6111
799 368,29 5,76 6,23 1,00 6.438,00 6111
800 368,29 5,76 6,23 1,00 6.446,00 6111
801 368,29 5,76 6,23 1,00 6.454,00 6111
802 368,29 5,76 6,23 1,00 6.462,00 6111
803 368,29 5,76 6,23 1,00 6.470,00 6111
804 368,29 5,76 6,23 1,00 6.478,00 6111
805 368,29 5,76 6,23 1,00 6.486,00 6111
806 368,29 5,76 6,23 1,00 6.494,00 6111
807 368,29 5,76 6,23 1,00 6.502,00 6111
808 368,29 5,76 6,23 1,00 6.510,00 6111
809 368,29 5,76 6,23 1,00 6.518,00 6111
810 368,29 5,76 6,23 1,00 6.526,00 6111
811 368,29 0,06 0,06 1,00 6.534,00 6120
812 368,29 0,06 0,06 1,00 6.542,00 6122
813 368,29 0,06 0,06 1,00 6.550,00 6123
814 368,29 0,06 0,06 1,00 6.558,00 6123
815 368,29 0,06 0,06 1,00 6.566,00 6123
816 368,29 0,06 0,06 1,00 6.574,00 6123
817 368,29 0,06 0,06 1,00 6.582,00 6123
818 368,29 0,06 0,06 1,00 6.590,00 6123
819 368,29 0,06 0,06 1,00 6.598,00 6123
820 368,29 0,06 0,06 1,00 6.606,00 6123
821 368,29 0,06 0,06 1,00 6.614,00 6123
822 368,29 0,06 0,06 1,00 6.622,00 6123
823 368,29 0,06 0,06 1,00 6.630,00 6123
824 368,29 0,06 0,06 1,00 6.638,00 6123
825 368,29 0,06 0,06 1,00 6.646,00 6123
826 368,29 0,06 0,06 1,00 6.654,00 6123
827 368,29 0,06 0,06 1,00 6.662,00 6123
828 368,29 0,06 0,06 1,00 6.670,00 6123
829 368,29 0,06 0,06 1,00 6.678,00 6123
830 368,29 0,06 0,06 1,00 6.686,00 6123
831 368,29 0,06 0,06 1,00 6.694,00 6123
832 368,29 0,06 0,06 1,00 6.702,00 6123
833 368,29 0,06 0,06 1,00 6.710,00 6123
834 368,29 0,05 0,06 1,00 6.718,00 6123
835 368,29 0,05 0,06 1,00 6.726,00 6123
836 368,29 0,05 0,06 1,00 6.734,00 6123
837 368,29 0,05 0,06 1,00 6.742,00 6123
838 368,29 0,05 0,06 1,00 6.750,00 6123
839 368,29 0,05 0,06 1,00 6.758,00 6123
840 368,29 0,05 0,06 99,00 6.766,00 6123
841 368,29 5,38 5,83 99,00 6.774,00 6130
842 368,29 5,38 5,83 99,00 6.782,00 6130
843 368,29 5,38 5,83 99,00 6.790,00 6130
844 368,29 5,38 5,83 99,00 6.798,00 6130
845 368,29 5,38 5,83 99,00 6.806,00 6130
846 368,29 5,38 5,83 99,00 6.814,00 6130
847 368,29 5,38 5,83 99,00 6.822,00 6130
848 368,29 5,38 5,83 99,00 6.830,00 6130
849 368,29 5,38 5,83 99,00 6.838,00 6130
850 368,29 5,38 5,83 99,00 6.846,00 6130
851 368,29 5,38 5,83 99,00 6.854,00 6130
852 368,29 5,38 5,83 99,00 6.862,00 6130
853 368,29 5,38 5,83 99,00 6.870,00 6130
854 368,29 5,38 5,83 99,00 6.878,00 6130
855 368,29 5,38 5,83 99,00 6.886,00 6130
856 368,29 5,38 5,83 99,00 6.894,00 6130
857 368,29 5,38 5,83 99,00 6.902,00 6130
858 368,29 5,38 5,83 99,00 6.910,00 6130
859 368,29 5,38 5,83 99,00 6.918,00 6130
860 368,29 5,26 5,70 99,00 6.926,00 6130
861 368,29 5,26 5,70 99,00 6.934,00 6130
862 368,29 5,26 5,70 99,00 6.942,00 6130
863 368,29 5,26 5,70 99,00 6.950,00 6130
864 368,29 5,26 5,70 99,00 6.958,00 6130
865 368,29 5,26 5,70 99,00 6.966,00 6130
866 368,29 5,26 5,70 99,00 6.974,00 6130
867 368,29 5,26 5,70 99,00 6.982,00 6130
868 368,29 5,26 5,70 99,00 6.990,00 6130
869 368,29 5,26 5,70 99,00 6.998,00 6130
870 368,29 5,26 5,70 3,00 7.006,00 6130
871 368,29 5,26 5,70 3,00 7.014,00 6139
872 368,29 5,26 5,70 3,00 7.022,00 6142
873 368,29 5,26 5,70 3,00 7.030,00 6144
874 368,29 5,26 5,70 3,00 7.038,00 6144
875 368,29 5,26 5,70 3,00 7.046,00 6152
876 368,29 5,26 5,70 3,00 7.054,00 6155
877 368,29 5,26 5,70 3,00 7.062,00 6156
878 368,29 5,26 5,70 3,00 7.070,00 6156
879 368,29 5,26 5,70 3,00 7.078,00 6156
880 368,29 5,26 5,70 3,00 7.086,00 6156
881 368,29 5,26 5,70 3,00 7.094,00 6156
882 368,29 5,26 5,70 3,00 7.102,00 6156
883 368,29 5,26 5,70 3,00 7.110,00 6156
884 368,29 5,26 5,70 3,00 7.118,00 6156
885 368,29 5,26 5,70 3,00 7.126,00 6156
886 368,29 5,26 5,70 3,00 7.134,00 6156
887 368,29 5,26 5,70 3,00 7.142,00 6156
888 368,29 5,26 5,70 3,00 7.150,00 6156
889 368,29 5,26 5,70 3,00 7.158,00 6156
890 368,29 5,26 5,70 3,00 7.166,00 6156
891 368,29 5,26 5,70 3,00 7.174,00 6156
892 368,29 0,15 0,17 3,00 7.182,00 6156
893 368,29 0,15 0,17 3,00 7.190,00 6156
894 368,29 0,15 0,17 3,00 7.198,00 6156
895 368,29 0,15 0,17 3,00 7.206,00 6156
896 368,29 0,15 0,17 3,00 7.214,00 6156
897 368,29 0,15 0,17 3,00 7.222,00 6156
898 368,29 0,15 0,17 3,00 7.230,00 6156
899 368,29 0,15 0,17 3,00 7.238,00 6156
900 368,29 0,15 0,17 99,00 7.246,00 6156
901 368,29 0,15 0,17 99,00 7.254,00 6161
902 368,29 0,15 0,17 99,00 7.262,00 6162
903 368,29 0,15 0,17 99,00 7.270,00 6163
904 368,29 0,15 0,17 99,00 7.278,00 6163
905 368,29 0,15 0,17 99,00 7.286,00 6164
906 368,29 0,15 0,17 99,00 7.294,00 6165
907 368,29 0,15 0,17 99,00 7.302,00 6165
908 368,29 0,15 0,17 99,00 7.310,00 6165
909 368,29 0,15 0,17 99,00 7.318,00 6165
910 368,29 0,15 0,17 99,00 7.326,00 6165
911 368,29 0,15 0,17 99,00 7.334,00 6165
912 368,29 0,15 0,17 99,00 7.342,00 6165
913 368,29 4,96 5,37 99,00 7.350,00 6165
914 368,29 4,96 5,37 99,00 7.358,00 6165
915 368,29 4,96 5,37 99,00 7.366,00 6165
916 368,29 4,96 5,37 99,00 7.374,00 6165
917 368,29 4,96 5,37 99,00 7.382,00 6165
918 368,29 4,96 5,37 99,00 7.390,00 6165
919 368,29 4,96 5,37 99,00 7.398,00 6165
920 368,29 4,96 5,37 99,00 7.406,00 6165
921 368,29 4,96 5,37 99,00 7.414,00 6165
922 368,29 4,96 5,37 99,00 7.422,00 6165
923 368,29 4,96 5,37 99,00 7.430,00 6165
924 368,29 4,96 5,37 99,00 7.438,00 6165
925 368,29 4,96 5,37 99,00 7.446,00 6165
926 368,29 4,96 5,37 99,00 7.454,00 6165
927 368,29 4,96 5,37 99,00 7.462,00 6165
928 368,29 4,96 5,37 99,00 7.470,00 6165
929 368,29 4,96 5,37 99,00 7.478,00 6165
930 368,29 4,96 5,37 7,00 7.486,00 6165
931 368,29 4,96 5,37 7,00 7.494,00 6173
932 368,29 4,96 5,37 7,00 7.502,00 6176
933 368,29 4,96 5,37 7,00 7.510,00 6176
934 368,29 4,96 5,37 7,00 7.518,00 6176
935 368,29 4,96 5,37 7,00 7.526,00 6176
936 368,29 4,96 5,37 7,00 7.534,00 6177
937 368,29 4,96 5,37 7,00 7.542,00 6177
938 368,29 4,96 5,37 7,00 7.550,00 6177
939 368,29 4,96 5,37 7,00 7.558,00 6177
940 368,29 4,96 5,37 7,00 7.566,00 6177
941 368,29 4,96 5,37 7,00 7.574,00 6177
942 368,29 4,96 5,37 7,00 7.582,00 6177
943 368,29 4,96 5,37 7,00 7.590,00 6177
944 368,29 4,96 5,37 7,00 7.598,00 6177
945 368,29 4,96 5,37 7,00 7.606,00 6177
946 368,29 4,96 5,37 7,00 7.614,00 6177
947 368,29 4,96 5,37 7,00 7.622,00 6177
948 368,29 4,96 5,37 7,00 7.630,00 6177
949 368,29 4,96 5,37 7,00 7.638,00 6177
950 368,29 0,34 0,37 7,00 7.646,00 6177
951 368,29 0,34 0,37 7,00 7.654,00 6177
952 368,29 0,34 0,37 7,00 7.662,00 6177
953 368,29 0,34 0,36 7,00 7.670,00 6177
954 368,29 0,34 0,36 7,00 7.678,00 6177
955 368,29 0,34 0,36 7,00 7.686,00 6177
956 368,29 0,34 0,36 7,00 7.694,00 6177
957 368,29 0,34 0,36 7,00 7.702,00 6177
958 368,29 0,34 0,36 7,00 7.710,00 6177
959 368,29 0,34 0,36 7,00 7.718,00 6177
960 368,29 0,34 0,36 99,00 7.726,00 6177
961 368,29 0,34 0,36 99,00 7.734,00 6179
962 368,29 0,34 0,36 99,00 7.742,00 6180
963 368,29 0,34 0,36 99,00 7.750,00 6180
964 368,29 0,34 0,36 99,00 7.758,00 6180
965 368,29 0,34 0,36 99,00 7.766,00 6181
966 368,29 0,34 0,36 99,00 7.774,00 6181
967 368,29 4,69 5,07 99,00 7.782,00 6181
968 368,29 4,69 5,07 99,00 7.790,00 6181
969 368,29 4,69 5,07 99,00 7.798,00 6181
970 368,29 4,69 5,07 99,00 7.806,00 6181
971 368,29 4,69 5,07 99,00 7.814,00 6181
972 368,29 4,69 5,07 99,00 7.822,00 6181
973 368,29 4,69 5,07 99,00 7.830,00 6181
974 368,29 4,69 5,07 99,00 7.838,00 6181
975 368,29 4,69 5,07 99,00 7.846,00 6181
976 368,29 4,69 5,07 99,00 7.854,00 6181
977 368,29 4,69 5,07 99,00 7.862,00 6181
978 368,29 4,63 5,02 99,00 7.870,00 6181
979 368,29 4,63 5,02 99,00 7.878,00 6181
980 368,29 4,63 5,02 99,00 7.886,00 6181
981 368,29 4,63 5,02 99,00 7.894,00 6181
982 368,29 4,63 5,02 99,00 7.902,00 6181
983 368,29 4,61 4,99 99,00 7.910,00 6181
984 368,29 4,61 4,99 99,00 7.918,00 6181
985 368,29 4,61 4,99 99,00 7.926,00 6181
986 368,29 4,61 4,99 99,00 7.934,00 6181
987 368,29 4,61 4,99 99,00 7.942,00 6181
988 368,29 4,61 4,99 99,00 7.950,00 6181
989 368,29 4,61 4,99 99,00 7.958,00 6181
990 368,29 4,61 4,99 4,00 7.966,00 6181
991 368,29 0,18 0,20 4,00 7.974,00 6187
992 368,29 0,18 0,20 4,00 7.982,00 6189
993 368,29 0,18 0,20 4,00 7.990,00 6189
994 368,29 0,18 0,20 4,00 7.998,00 6189
995 368,29 0,18 0,20 4,00 8.006,00 6189
996 368,29 0,18 0,20 4,00 8.014,00 6189
997 368,29 0,18 0,20 4,00 8.022,00 6189
998 368,29 0,18 0,20 4,00 8.030,00 6189
999 368,29 0,18 0,20 4,00 8.038,00 6189
