500
0 17,37 17,37 17,37 8,00 58,00 0 1
1 17,37 17,37 17,37 7,00 50,00 2034 1
2 17,37 17,37 1,77 1,00 43,00 5373 1
3 17,37 17,37 1,02 3,00 34,00 8224 1
4 17,37 17,37 1,29 1,00 15,00 10634 1
5 17,37 17,37 1,63 1,00 9,00 12916 1
6 17,37 17,37 1,60 3,00 3,00 15418 1
7 17,37 17,37 2,19 1,00 17,00 17536 1
8 17,37 17,37 2,36 1,00 13,00 19639 1
9 17,37 17,37 2,51 1,00 3,00 21808 1
10 17,37 17,37 3,33 1,00 1,00 23907 1
11 17,37 17,37 5,06 1,00 1,00 25930 1
12 17,37 17,37 3,72 1,00 1,00 27892 1
13 17,37 17,37 2,73 1,00 1,00 29850 1
14 17,37 17,37 4,73 2,00 1,00 31599 1
15 17,37 17,37 2,03 2,00 17,00 33497 1
16 17,37 17,37 5,90 1,00 5,00 35789 1
17 17,37 17,37 4,12 1,00 1,00 37955 1
18 17,37 17,37 4,59 2,00 1,00 39952 1
19 17,37 17,37 5,40 2,00 17,00 41766 1
20 17,37 17,37 7,05 2,00 13,00 43660 1
21 17,37 8,69 3,03 2,00 4,00 45373 1
22 17,37 2,04 0,47 100,00 17,00 47124 1
23 17,37 2,04 0,73 200,00 17,00 48807 1
24 17,37 2,04 0,86 286,00 17,00 50463 1
25 17,37 2,04 0,64 368,00 17,00 52047 1
26 17,37 2,04 0,70 438,00 17,00 53795 1
27 17,37 2,04 0,57 522,00 17,00 55520 1
28 17,37 2,04 0,51 602,00 17,00 57190 1
29 17,37 2,04 0,66 676,00 17,00 58778 1
30 17,37 2,04 0,71 744,00 17,00 60394 1
31 17,37 2,04 0,89 806,00 17,00 62105 1
32 17,37 2,04 0,68 864,00 17,00 63934 1
33 17,37 2,04 0,66 922,00 17,00 65556 1
34 17,37 2,04 0,73 986,00 17,00 67081 1
35 17,37 2,04 0,77 1.046,00 17,00 68549 1
36 17,37 2,04 0,76 1.102,00 17,00 69881 1
37 17,37 2,04 0,87 1.156,00 17,00 71145 1
38 17,37 2,04 0,76 1.220,00 17,00 72579 1
39 17,37 2,04 0,75 1.272,00 17,00 74208 1
40 17,37 2,04 0,72 1.310,00 17,00 75718 1
41 17,37 2,04 0,55 1.360,00 17,00 77166 1
42 17,37 2,04 0,75 1.416,00 17,00 78878 1
43 17,37 2,04 0,71 1.446,00 17,00 80555 1
44 17,37 2,04 0,71 1.502,00 17,00 81773 1
45 17,37 2,04 0,75 1.554,00 17,00 83109 1
46 17,37 2,04 0,75 1.592,00 17,00 84434 1
47 17,37 2,04 0,70 1.624,00 17,00 85600 1
48 17,37 2,04 0,73 1.652,00 17,00 87143 1
49 17,37 2,04 0,70 1.656,00 17,00 88485 1
50 17,37 2,04 0,69 1.676,00 18,00 89667 1
51 17,37 2,04 0,89 1.688,00 17,00 91101 1
52 17,37 2,04 0,86 1.686,00 17,00 92490 1
53 17,37 2,04 0,87 1.676,00 17,00 93718 1
54 17,37 1.712,94 719,50 1.476,00 17,00 94913 1
55 17,37 1.712,94 725,18 1.276,00 33,00 96246 1
56 17,37 452,45 192,21 1.078,00 49,00 97603 1
57 17,37 452,45 193,61 880,00 64,00 98885 1
58 17,37 452,45 205,67 680,00 79,00 100402 1
59 17,37 452,45 205,29 480,00 95,00 101741 1
60 17,37 452,45 197,91 282,00 111,00 103074 1
61 17,37 452,45 200,90 82,00 127,00 104418 1
62 17,37 452,45 201,71 1,00 127,00 105536 1
63 17,37 452,45 187,99 1,00 127,00 106810 1
64 17,37 0,14 0,06 197,00 126,00 108412 1
65 17,37 0,14 0,06 393,00 91,00 110148 1
66 17,37 0,14 0,06 589,00 61,00 111691 1
67 17,37 0,14 0,06 785,00 24,00 113010 1
68 17,37 0,14 0,05 981,00 17,00 114244 1
69 17,37 0,14 0,06 1.177,00 17,00 115821 1
70 17,37 0,14 0,06 1.373,00 17,00 117266 1
71 17,37 0,14 0,05 1.569,00 17,00 118561 1
72 17,37 0,14 0,06 1.765,00 17,00 120013 1
73 17,37 0,14 0,06 1.961,00 17,00 121298 1
74 17,37 0,14 0,06 2.157,00 17,00 122549 1
75 17,37 0,14 0,06 2.353,00 17,00 123751 1
76 17,37 0,14 0,05 2.549,00 17,00 124905 1
77 17,37 0,14 0,05 2.745,00 17,00 125986 1
78 17,37 0,14 0,06 2.941,00 17,00 127318 1
79 17,37 0,14 0,05 3.137,00 17,00 128543 1
80 17,37 0,14 0,05 3.333,00 17,00 130074 1
81 17,37 0,14 0,06 3.529,00 17,00 131439 1
82 17,37 3.606,78 2.110,96 3.329,00 17,00 132580 1
83 17,37 3.606,78 1.715,51 3.129,00 33,00 133739 1
84 17,37 3.606,78 1.701,30 2.929,00 49,00 134818 1
85 17,37 3.606,78 1.809,56 2.729,00 65,00 135948 1
86 17,37 3.606,78 1.766,83 2.529,00 81,00 136970 1
87 17,37 3.606,78 1.688,96 2.329,00 97,00 138018 1
88 17,37 3.606,78 1.896,94 2.129,00 113,00 139066 1
89 17,37 3.606,78 1.840,60 1.929,00 129,00 139999 1
90 17,37 3.606,78 1.825,82 1.729,00 145,00 141020 1
91 17,37 3.606,78 1.719,43 1.529,00 161,00 142167 1
92 17,37 3.606,78 1.784,95 1.329,00 177,00 143191 1
93 17,37 3.606,78 1.747,39 1.129,00 193,00 144073 1
94 17,37 93,86 46,41 947,00 209,00 145023 1
95 17,37 93,86 45,41 769,00 224,00 146050 1
96 17,37 93,86 46,71 589,00 233,00 147033 1
97 17,37 93,86 46,96 417,00 247,00 148185 1
98 17,37 93,86 44,70 229,00 256,00 149496 1
99 17,37 93,86 43,15 45,00 253,00 150789 1
100 17,37 93,86 43,88 1,00 251,00 151913 1
101 17,37 0,07 0,03 199,00 248,00 152923 1
102 17,37 0,07 0,03 397,00 204,00 154100 1
103 17,37 39,64 18,98 241,00 174,00 155304 1
104 17,37 39,64 18,80 87,00 182,00 156501 1
105 17,37 39,64 20,70 1,00 174,00 157770 1
106 17,37 39,64 19,84 1,00 161,00 159019 1
107 17,37 39,64 20,74 1,00 151,00 160099 1
108 17,37 39,64 20,07 1,00 142,00 161070 1
109 17,37 39,64 19,62 1,00 133,00 161897 1
110 17,37 39,64 19,62 1,00 127,00 162626 1
111 17,37 0,14 0,07 197,00 124,00 163252 1
112 17,37 0,14 0,07 393,00 102,00 163915 1
113 17,37 0,14 0,07 589,00 88,00 164484 1
114 17,37 0,14 0,07 783,00 81,00 165028 1
115 17,37 0,14 0,07 979,00 78,00 165663 1
116 17,37 261,69 122,86 781,00 65,00 166330 1
117 17,37 261,69 122,89 583,00 81,00 166906 1
118 17,37 261,69 122,15 385,00 97,00 167421 1
119 17,37 261,69 120,75 185,00 112,00 168035 1
120 17,37 25,11 11,68 1,00 128,00 168861 1
121 17,37 25,11 11,40 1,00 126,00 169578 1
122 17,37 25,11 11,39 1,00 119,00 170224 1
123 17,37 25,11 11,51 1,00 117,00 170893 1
124 17,37 25,11 11,70 1,00 111,00 171582 1
125 17,37 25,11 12,22 1,00 103,00 172216 1
126 17,37 0,18 0,09 177,00 96,00 172756 1
127 17,37 0,18 0,09 353,00 83,00 173305 1
128 17,37 0,18 0,09 527,00 74,00 173840 1
129 17,37 0,18 0,09 701,00 62,00 174427 1
130 17,37 0,18 0,09 875,00 62,00 175026 1
131 17,37 0,18 0,08 1.053,00 53,00 175704 1
132 17,37 0,18 0,08 1.231,00 44,00 176270 1
133 17,37 0,18 0,08 1.411,00 38,00 176881 1
134 17,37 0,18 0,08 1.591,00 34,00 177431 1
135 17,37 0,18 0,08 1.769,00 29,00 178005 1
136 17,37 0,18 0,08 1.945,00 22,00 178566 1
137 17,37 0,18 0,08 2.123,00 17,00 179265 1
138 17,37 0,18 0,08 2.301,00 17,00 179894 1
139 17,37 0,18 0,08 2.479,00 17,00 180482 1
140 17,37 0,18 0,08 2.655,00 17,00 181063 1
141 17,37 0,18 0,08 2.831,00 17,00 181637 1
142 17,37 0,18 0,08 3.005,00 17,00 182152 1
143 17,37 0,18 0,08 3.181,00 17,00 182626 1
144 17,37 0,18 0,08 3.357,00 17,00 183097 1
145 17,37 0,18 0,08 3.531,00 19,00 183576 1
146 17,37 0,18 0,08 3.709,00 17,00 184032 1
147 17,37 0,18 0,08 3.887,00 17,00 184511 1
148 17,37 0,18 0,08 4.067,00 17,00 184974 1
149 17,37 4.156,64 1.845,97 3.867,00 17,00 185531 1
150 17,37 4.156,64 1.819,54 3.667,00 33,00 186058 1
151 17,37 4.156,64 1.830,35 3.467,00 49,00 186631 1
152 17,37 4.156,64 1.856,75 3.267,00 65,00 187173 1
153 17,37 4.156,64 1.882,26 3.067,00 81,00 187653 1
154 17,37 4.156,64 1.903,49 2.867,00 97,00 188087 1
155 17,37 4.156,64 1.903,39 2.667,00 113,00 188478 1
156 17,37 4.156,64 1.929,58 2.467,00 129,00 188781 1
157 17,37 4.156,64 1.927,83 2.267,00 145,00 189113 1
158 17,37 4.156,64 1.961,64 2.067,00 161,00 189431 1
159 17,37 202,90 94,94 1.871,00 177,00 189747 1
160 17,37 202,90 95,45 1.673,00 193,00 190001 1
161 17,37 202,90 94,54 1.477,00 209,00 190235 1
162 17,37 202,90 92,67 1.277,00 224,00 190426 1
163 17,37 202,90 94,96 1.077,00 240,00 190604 1
164 17,37 73,10 34,30 881,00 256,00 190779 1
165 17,37 73,10 34,14 685,00 272,00 191045 1
166 17,37 41,47 19,38 493,00 287,00 191280 1
167 17,37 41,47 19,45 297,00 302,00 191593 1
168 17,37 41,47 19,66 107,00 300,00 192025 1
169 17,37 41,47 19,90 1,00 299,00 192568 1
170 17,37 41,47 19,52 1,00 294,00 193073 1
171 17,37 41,47 19,73 1,00 293,00 193588 1
172 17,37 41,47 19,60 1,00 288,00 194218 1
173 17,37 41,47 20,28 1,00 288,00 194884 1
174 17,37 41,47 20,19 1,00 283,00 195676 1
175 17,37 41,47 20,43 1,00 276,00 196337 1
176 17,37 41,47 19,81 1,00 270,00 196899 1
177 17,37 0,07 0,03 193,00 264,00 197325 1
178 17,37 0,07 0,03 385,00 235,00 197802 1
179 17,37 28,96 13,54 205,00 231,00 198275 1
180 17,37 28,96 13,41 29,00 228,00 198921 1
181 17,37 28,96 13,66 1,00 227,00 199549 1
182 17,37 0,08 0,04 191,00 222,00 200208 1
183 17,37 0,08 0,04 383,00 205,00 201052 1
184 17,37 0,08 0,04 573,00 193,00 201970 1
185 17,37 0,08 0,04 763,00 175,00 202680 1
186 17,37 0,08 0,04 953,00 157,00 203342 1
187 17,37 0,08 0,04 1.143,00 143,00 203905 1
188 17,37 0,08 0,04 1.333,00 137,00 204414 1
189 17,37 0,08 0,04 1.525,00 121,00 205267 1
190 17,37 0,08 0,04 1.717,00 105,00 206148 1
191 17,37 372,90 171,64 1.521,00 80,00 207071 1
192 17,37 372,90 171,71 1.323,00 95,00 207853 1
193 17,37 372,90 178,47 1.123,00 110,00 208707 1
194 17,37 372,90 179,93 925,00 126,00 209442 1
195 17,37 372,90 172,25 727,00 141,00 210092 1
196 17,37 372,90 186,15 531,00 157,00 210836 1
197 17,37 372,90 173,29 331,00 171,00 211520 1
198 17,37 30,75 15,26 163,00 187,00 212143 1
199 17,37 30,75 14,20 1,00 182,00 212798 1
200 17,37 30,75 14,33 1,00 178,00 213398 1
201 17,37 30,75 14,18 1,00 173,00 213972 1
202 17,37 30,75 14,35 1,00 167,00 214446 1
203 17,37 30,75 14,39 1,00 164,00 214886 1
204 17,37 30,75 14,18 1,00 159,00 215331 1
205 17,37 30,75 14,36 1,00 155,00 215711 1
206 17,37 30,75 14,55 1,00 150,00 216069 1
207 17,37 30,75 14,48 1,00 150,00 216426 1
208 17,37 30,75 14,29 1,00 148,00 216691 1
209 17,37 30,75 14,15 1,00 146,00 216851 1
210 17,37 30,75 14,46 1,00 143,00 217021 1
211 17,37 30,75 14,54 1,00 139,00 217235 1
212 17,37 30,75 14,53 1,00 136,00 217428 1
213 17,37 30,75 14,49 1,00 134,00 217613 1
214 17,37 30,75 14,58 1,00 130,00 217786 1
215 17,37 30,75 14,46 2,00 126,00 218014 1
216 17,37 30,75 14,60 2,00 122,00 218241 1
217 17,37 30,75 14,49 1,00 122,00 218632 1
218 17,37 30,75 14,25 1,00 118,00 219065 1
219 17,37 30,75 14,23 1,00 114,00 219510 1
220 17,37 30,75 14,32 1,00 110,00 219834 1
221 17,37 30,75 14,50 1,00 106,00 220118 1
222 17,37 30,75 14,41 1,00 105,00 220457 1
223 17,37 30,75 14,32 1,00 105,00 220780 1
224 17,37 30,75 14,22 1,00 104,00 221084 1
225 17,37 30,75 14,33 1,00 103,00 221368 1
226 17,37 30,75 14,25 1,00 102,00 221678 1
227 17,37 0,17 0,08 175,00 100,00 222006 1
228 17,37 0,17 0,08 347,00 95,00 222403 1
229 17,37 0,17 0,08 519,00 93,00 222737 1
230 17,37 0,17 0,08 689,00 82,00 223035 1
231 17,37 0,17 0,08 857,00 78,00 223321 1
232 17,37 0,17 0,08 1.025,00 77,00 223592 1
233 17,37 237,45 110,14 825,00 75,00 223825 1
234 17,37 237,45 110,19 625,00 91,00 224068 1
235 17,37 237,45 110,20 425,00 107,00 224238 1
236 17,37 237,45 110,20 227,00 123,00 224458 1
237 17,37 237,45 110,15 27,00 139,00 224715 1
238 17,37 237,45 110,07 1,00 139,00 224963 1
239 17,37 237,45 110,10 1,00 139,00 225171 1
240 17,37 237,45 110,10 1,00 139,00 225419 1
241 17,37 237,45 110,10 1,00 139,00 225651 1
242 17,37 237,45 110,08 1,00 139,00 225874 1
243 17,37 237,45 110,04 1,00 139,00 226049 1
244 17,37 237,45 110,01 1,00 139,00 226240 1
245 17,37 237,45 109,98 1,00 139,00 226509 1
246 17,37 237,45 109,95 1,00 139,00 226809 1
247 17,37 237,45 109,89 1,00 139,00 227215 1
248 17,37 237,45 110,73 1,00 139,00 227639 1
249 17,37 237,45 109,98 1,00 139,00 228105 1
250 17,37 237,45 110,61 1,00 139,00 228636 1
251 17,37 237,45 110,23 1,00 139,00 229213 1
252 17,37 237,45 109,91 1,00 139,00 229674 1
253 17,37 237,45 110,06 1,00 139,00 230044 1
254 17,37 237,45 109,01 1,00 139,00 230450 1
255 17,37 0,12 0,06 185,00 139,00 230803 1
256 17,37 0,12 0,06 369,00 124,00 231184 1
257 17,37 0,12 0,06 553,00 110,00 231585 1
258 17,37 0,12 0,06 739,00 97,00 232098 1
259 17,37 0,12 0,06 925,00 86,00 232617 1
260 17,37 0,12 0,06 1.111,00 72,00 233264 1
261 17,37 0,12 0,06 1.297,00 57,00 233979 1
262 17,37 577,82 269,25 1.097,00 39,00 234613 1
263 17,37 346,55 159,65 897,00 55,00 235212 1
264 17,37 346,55 160,15 697,00 71,00 235817 1
265 17,37 346,55 160,80 497,00 87,00 236398 1
266 17,37 346,55 160,36 297,00 103,00 236895 1
267 17,37 43,36 20,01 113,00 119,00 237510 1
268 17,37 43,36 20,09 1,00 119,00 238092 1
269 17,37 43,36 19,94 1,00 116,00 238725 1
270 17,37 0,16 0,08 171,00 107,00 239224 1
271 17,37 0,16 0,08 343,00 102,00 239797 1
272 17,37 0,16 0,07 511,00 94,00 240308 1
273 17,37 0,16 0,07 679,00 89,00 240800 1
274 17,37 0,16 0,07 843,00 83,00 241319 1
275 17,37 0,16 0,07 1.009,00 77,00 241758 1
276 17,37 0,16 0,07 1.175,00 76,00 242166 1
277 17,37 0,16 0,07 1.341,00 76,00 242581 1
278 17,37 0,16 0,07 1.507,00 75,00 242909 1
279 17,37 340,05 149,62 1.309,00 77,00 243219 1
280 17,37 340,05 148,46 1.111,00 93,00 243464 1
281 17,37 340,05 148,38 911,00 109,00 243676 1
282 17,37 340,05 148,91 711,00 125,00 243930 1
283 17,37 340,05 148,85 511,00 141,00 244170 1
284 17,37 340,05 148,76 313,00 157,00 244381 1
285 17,37 340,05 148,67 113,00 173,00 244581 1
286 17,37 340,05 148,93 1,00 173,00 244881 1
287 17,37 340,05 150,49 1,00 173,00 245197 1
288 17,37 340,05 152,49 1,00 173,00 245608 1
289 17,37 340,05 154,66 1,00 173,00 246088 1
290 17,37 340,05 153,31 1,00 173,00 246639 1
291 17,37 340,05 156,26 1,00 173,00 247156 1
292 17,37 340,05 154,60 1,00 173,00 247714 1
293 17,37 340,05 154,15 1,00 173,00 248241 1
294 17,37 340,05 154,53 1,00 173,00 248810 1
295 17,37 340,05 154,28 1,00 173,00 249419 1
296 17,37 340,05 154,60 1,00 173,00 250007 1
297 17,37 340,05 154,00 1,00 173,00 250497 1
298 17,37 340,05 155,22 1,00 173,00 250954 1
299 17,37 340,05 154,25 1,00 173,00 251457 1
300 17,37 0,10 0,05 187,00 173,00 251857 1
301 17,37 0,10 0,05 373,00 164,00 252267 1
302 17,37 0,10 0,05 559,00 155,00 252574 1
303 17,37 0,10 0,05 745,00 146,00 252830 1
304 17,37 0,10 0,05 931,00 139,00 253107 1
305 17,37 0,10 0,05 1.117,00 134,00 253377 1
306 17,37 0,10 0,05 1.303,00 131,00 253614 1
307 17,37 0,10 0,05 1.489,00 131,00 253802 1
308 17,37 0,10 0,05 1.675,00 130,00 254049 1
309 17,37 242,52 111,11 1.475,00 120,00 254401 1
310 17,37 242,52 111,21 1.275,00 136,00 254778 1
311 17,37 242,52 111,76 1.075,00 152,00 255271 1
312 17,37 242,52 111,19 875,00 168,00 255757 1
313 17,37 242,52 111,00 675,00 184,00 256168 1
314 17,37 242,52 110,89 475,00 200,00 256672 1
315 17,37 242,52 111,50 275,00 216,00 257185 1
316 17,37 242,52 114,39 75,00 232,00 257712 1
317 17,37 242,52 112,01 1,00 232,00 258122 1
318 17,37 242,52 110,78 1,00 232,00 258667 1
319 17,37 242,52 110,85 1,00 232,00 259142 1
320 17,37 242,52 110,79 1,00 232,00 259646 1
321 17,37 242,52 111,28 1,00 232,00 260162 1
322 17,37 0,07 0,03 191,00 232,00 260676 1
323 17,37 0,07 0,03 381,00 204,00 261138 1
324 17,37 0,07 0,03 571,00 194,00 261651 1
325 17,37 0,07 0,03 761,00 176,00 262097 1
326 17,37 0,07 0,03 951,00 163,00 262489 1
327 17,37 0,07 0,03 1.141,00 153,00 262843 1
328 17,37 0,07 0,03 1.331,00 140,00 263159 1
329 17,37 0,07 0,03 1.521,00 128,00 263421 1
330 17,37 0,07 0,03 1.711,00 118,00 263619 1
331 17,37 0,07 0,03 1.901,00 109,00 263843 1
332 17,37 0,07 0,03 2.091,00 97,00 264118 1
333 17,37 0,07 0,03 2.281,00 94,00 264399 1
334 17,37 0,07 0,03 2.471,00 85,00 264633 1
335 17,37 0,07 0,03 2.661,00 79,00 264897 1
336 17,37 0,07 0,03 2.851,00 74,00 265071 1
337 17,37 0,07 0,03 3.041,00 65,00 265325 1
338 17,37 0,07 0,03 3.231,00 50,00 265624 1
339 17,37 0,07 0,03 3.421,00 43,00 265881 1
340 17,37 1.415,21 649,76 3.221,00 42,00 266159 1
341 17,37 1.415,21 651,42 3.021,00 58,00 266407 1
342 17,37 1.415,21 649,42 2.821,00 74,00 266608 1
343 17,37 1.415,21 649,23 2.621,00 90,00 266826 1
344 17,37 1.415,21 649,77 2.421,00 106,00 267021 1
345 17,37 1.415,21 649,39 2.221,00 122,00 267267 1
346 17,37 1.415,21 649,32 2.021,00 138,00 267522 1
347 17,37 1.415,21 648,94 1.821,00 154,00 267800 1
348 17,37 1.415,21 648,86 1.621,00 170,00 267983 1
349 17,37 1.415,21 649,12 1.421,00 186,00 268149 1
350 17,37 1.415,21 648,58 1.221,00 202,00 268298 1
351 17,37 97,31 44,63 1.021,00 218,00 268420 1
352 17,37 97,31 44,61 821,00 234,00 268528 1
353 17,37 97,31 44,60 621,00 250,00 268604 1
354 17,37 40,56 18,59 421,00 266,00 268675 1
355 17,37 40,56 18,58 221,00 282,00 268771 1
356 17,37 40,56 18,58 21,00 282,00 268866 1
357 17,37 40,56 18,57 1,00 282,00 268992 1
358 17,37 40,56 18,58 1,00 282,00 269085 1
359 17,37 0,06 0,03 193,00 282,00 269183 1
360 17,37 0,06 0,03 385,00 262,00 269292 1
361 17,37 0,06 0,03 575,00 252,00 269492 1
362 17,37 0,06 0,03 765,00 245,00 269676 1
363 17,37 0,06 0,03 953,00 240,00 269862 1
364 17,37 68,99 31,62 753,00 240,00 270024 1
365 17,37 68,99 31,60 553,00 256,00 270194 1
366 17,37 68,99 31,62 353,00 272,00 270340 1
367 17,37 68,99 31,61 153,00 288,00 270507 1
368 17,37 68,99 31,62 1,00 288,00 270654 1
369 17,37 68,99 31,62 1,00 288,00 270777 1
370 17,37 68,99 31,62 1,00 288,00 270904 1
371 17,37 68,99 31,62 1,00 288,00 271036 1
372 17,37 68,99 31,61 1,00 288,00 271172 1
373 17,37 68,99 31,62 1,00 288,00 271283 1
374 17,37 68,99 31,62 1,00 288,00 271382 1
375 17,37 68,99 31,62 1,00 288,00 271457 1
376 17,37 68,99 31,62 1,00 288,00 271539 1
377 17,37 68,99 31,62 1,00 288,00 271646 1
378 17,37 68,99 31,62 1,00 288,00 271773 1
379 17,37 68,99 31,62 1,00 288,00 271893 1
380 17,37 0,06 0,03 189,00 288,00 272037 1
381 17,37 0,06 0,03 377,00 270,00 272202 1
382 17,37 0,06 0,03 565,00 273,00 272338 1
383 17,37 0,06 0,03 753,00 279,00 272459 1
384 17,37 0,06 0,03 941,00 286,00 272592 1
385 17,37 0,06 0,03 1.129,00 288,00 272715 1
386 17,37 0,06 0,03 1.317,00 296,00 272819 1
387 17,37 0,06 0,03 1.505,00 301,00 272909 1
388 17,37 84,62 38,79 1.305,00 309,00 272984 1
389 17,37 84,62 38,79 1.105,00 325,00 273060 1
390 17,37 84,62 38,79 905,00 341,00 273130 1
391 17,37 84,62 38,79 705,00 357,00 273200 1
392 17,37 84,62 38,79 505,00 373,00 273255 1
393 17,37 84,62 38,79 305,00 389,00 273325 1
394 17,37 84,62 38,79 105,00 389,00 273396 1
395 17,37 84,62 38,79 1,00 389,00 273468 1
396 17,37 84,62 38,79 1,00 389,00 273534 1
397 17,37 84,62 38,79 1,00 389,00 273607 1
398 17,37 84,62 38,79 1,00 389,00 273669 1
399 17,37 84,62 38,79 1,00 389,00 273741 1
400 17,37 84,62 38,79 1,00 389,00 273814 1
401 17,37 84,62 38,79 1,00 389,00 273888 1
402 17,37 84,62 38,79 1,00 389,00 273977 1
403 17,37 0,04 0,02 189,00 389,00 274059 1
404 17,37 0,04 0,02 377,00 373,00 274169 1
405 17,37 0,04 0,02 565,00 379,00 274272 1
406 17,37 0,04 0,02 751,00 384,00 274391 1
407 17,37 0,04 0,02 937,00 389,00 274514 1
408 17,37 0,04 0,02 1.123,00 398,00 274605 1
409 17,37 0,04 0,02 1.309,00 404,00 274690 1
410 17,37 0,04 0,02 1.495,00 408,00 274777 1
411 17,37 0,04 0,02 1.681,00 415,00 274881 1
412 17,37 0,04 0,02 1.867,00 422,00 274988 1
413 17,37 0,04 0,02 2.053,00 430,00 275096 1
414 17,37 0,04 0,02 2.237,00 435,00 275203 1
415 17,37 0,04 0,02 2.421,00 442,00 275294 1
416 17,37 0,04 0,02 2.607,00 449,00 275366 1
417 17,37 0,04 0,02 2.793,00 459,00 275439 1
418 17,37 0,04 0,02 2.979,00 465,00 275506 1
419 17,37 0,04 0,02 3.165,00 476,00 275568 1
420 17,37 0,04 0,02 3.351,00 487,00 275608 1
421 17,37 0,04 0,02 3.537,00 495,00 275655 1
422 17,37 0,04 0,02 3.725,00 502,00 275694 1
423 17,37 0,04 0,02 3.913,00 511,00 275738 1
424 17,37 0,04 0,02 4.101,00 517,00 275786 1
425 17,37 0,04 0,02 4.289,00 525,00 275834 1
426 17,37 0,04 0,02 4.477,00 534,00 275905 1
427 17,37 143,78 65,90 4.277,00 541,00 275978 1
428 17,37 143,78 65,91 4.077,00 557,00 276040 1
429 17,37 123,62 56,66 3.877,00 573,00 276089 1
430 17,37 123,62 56,66 3.677,00 589,00 276136 1
431 17,37 123,62 56,66 3.477,00 605,00 276202 1
432 17,37 123,62 56,67 3.277,00 621,00 276263 1
433 17,37 123,62 56,66 3.077,00 637,00 276339 1
434 17,37 123,62 56,66 2.877,00 653,00 276430 1
435 17,37 123,62 56,66 2.677,00 669,00 276471 1
436 17,37 123,62 56,67 2.477,00 685,00 276551 1
437 17,37 123,62 56,66 2.277,00 701,00 276623 1
438 17,37 123,62 56,67 2.077,00 717,00 276703 1
439 17,37 123,62 56,67 1.877,00 733,00 276776 1
440 17,37 123,62 56,67 1.677,00 749,00 276831 1
441 17,37 38,09 17,46 1.477,00 765,00 276912 1
442 17,37 38,09 17,46 1.277,00 781,00 276981 1
443 17,37 38,09 17,46 1.077,00 797,00 277029 1
444 17,37 38,09 17,46 877,00 813,00 277094 1
445 17,37 38,09 17,46 677,00 829,00 277155 1
446 17,37 38,09 17,46 477,00 829,00 277209 1
447 17,37 38,09 17,46 277,00 829,00 277276 1
448 17,37 38,09 17,46 77,00 829,00 277346 1
449 17,37 38,09 17,46 1,00 829,00 277419 1
450 17,37 38,09 17,46 1,00 829,00 277480 1
451 17,37 38,09 17,46 1,00 829,00 277546 1
452 17,37 38,09 17,46 1,00 829,00 277633 1
453 17,37 38,09 17,46 1,00 829,00 277699 1
454 17,37 38,09 17,46 1,00 829,00 277753 1
455 17,37 38,09 17,46 1,00 829,00 277794 1
456 17,37 38,09 17,46 1,00 829,00 277831 1
457 17,37 38,09 17,46 1,00 829,00 277866 1
458 17,37 38,09 17,46 1,00 829,00 277907 1
459 17,37 38,09 17,46 1,00 829,00 277956 1
460 17,37 38,09 17,46 1,00 829,00 278010 1
461 17,37 38,09 17,46 1,00 829,00 278052 1
462 17,37 38,09 17,46 1,00 829,00 278092 1
463 17,37 38,09 17,46 1,00 829,00 278136 1
464 17,37 38,09 17,46 1,00 829,00 278171 1
465 17,37 38,09 17,46 1,00 829,00 278215 1
466 17,37 38,09 17,46 1,00 829,00 278256 1
467 17,37 0,02 0,01 199,00 829,00 278310 1
468 17,37 0,02 0,01 397,00 812,00 278372 1
469 17,37 0,02 0,01 595,00 799,00 278422 1
470 17,37 13,15 6,03 395,00 786,00 278480 1
471 17,37 13,15 6,03 195,00 786,00 278532 1
472 17,37 13,15 6,03 1,00 786,00 278583 1
473 17,37 13,15 6,03 1,00 786,00 278628 1
474 17,37 13,15 6,03 1,00 786,00 278661 1
475 17,37 0,02 0,01 199,00 786,00 278697 1
476 17,37 0,02 0,01 397,00 772,00 278747 1
477 17,37 0,02 0,01 595,00 759,00 278809 1
478 17,37 0,02 0,01 793,00 746,00 278860 1
479 17,37 0,02 0,01 991,00 750,00 278924 1
480 17,37 0,02 0,01 1.189,00 759,00 278971 1
481 17,37 27,00 12,38 989,00 765,00 279018 1
482 17,37 27,00 12,38 789,00 781,00 279043 1
483 17,37 27,00 12,38 589,00 797,00 279071 1
484 17,37 27,00 12,38 389,00 797,00 279098 1
485 17,37 27,00 12,38 189,00 797,00 279123 1
486 17,37 27,00 12,38 1,00 797,00 279191 1
487 17,37 27,00 12,38 1,00 797,00 279255 1
488 17,37 27,00 12,38 1,00 797,00 279281 1
489 17,37 27,00 12,38 1,00 797,00 279305 1
490 17,37 27,00 12,38 1,00 797,00 279344 1
491 17,37 27,00 12,38 1,00 797,00 279378 1
492 17,37 27,00 12,38 1,00 797,00 279421 1
493 17,37 27,00 12,38 1,00 797,00 279458 1
494 17,37 27,00 12,38 1,00 797,00 279509 1
495 17,37 27,00 12,38 1,00 797,00 279558 1
496 17,37 27,00 12,38 1,00 797,00 279608 1
497 17,37 27,00 12,38 1,00 797,00 279665 1
498 17,37 27,00 12,38 1,00 797,00 279720 1
499 17,37 27,00 12,38 1,00 797,00 279792 1
