1000
0 244,10 244,10 244,10 1,00 78,00 0
1 244,10 3,49 3,49 1,00 80,00 1235
2 244,10 3,21 3,21 1,00 86,00 1774
3 244,10 2,87 2,87 1,00 95,00 1865
4 244,10 2,87 2,87 1,00 105,00 1875
5 244,10 2,12 2,12 1,00 115,00 1879
6 244,10 2,12 2,12 1,00 125,00 1881
7 244,10 2,12 2,12 1,00 135,00 1881
8 244,10 2,12 2,12 1,00 145,00 1881
9 244,10 2,12 2,12 1,00 155,00 1881
10 244,10 2,12 2,12 1,00 165,00 1881
11 244,10 2,12 2,12 1,00 175,00 1881
12 244,10 2,12 2,12 1,00 185,00 1881
13 244,10 2,12 2,12 1,00 195,00 1881
14 244,10 2,12 2,12 1,00 205,00 1881
15 244,10 2,12 2,12 1,00 215,00 1881
16 244,10 2,12 2,12 1,00 225,00 1881
17 244,10 2,12 2,12 1,00 235,00 1881
18 244,10 2,12 2,12 1,00 245,00 1881
19 244,10 2,12 2,12 1,00 255,00 1881
20 244,10 2,12 2,12 1,00 265,00 1881
21 244,10 2,12 2,12 1,00 275,00 1881
22 244,10 2,12 2,12 1,00 285,00 1881
23 244,10 2,12 2,12 1,00 295,00 1881
24 244,10 2,12 2,12 1,00 305,00 1881
25 244,10 2,12 2,12 1,00 315,00 1881
26 244,10 2,12 2,12 1,00 325,00 1881
27 244,10 2,12 2,12 1,00 335,00 1881
28 244,10 2,12 2,12 1,00 345,00 1881
29 244,10 2,12 2,12 1,00 355,00 1881
30 244,10 2,12 2,12 95,00 365,00 1881
31 244,10 63,71 63,71 95,00 374,00 2704
32 244,10 62,17 62,17 95,00 383,00 3431
33 244,10 62,17 62,17 95,00 393,00 3821
34 244,10 62,17 62,17 95,00 403,00 4072
35 244,10 62,17 62,17 95,00 413,00 4286
36 244,10 62,17 62,17 95,00 423,00 4405
37 244,10 62,17 62,17 95,00 433,00 4558
38 244,10 62,17 62,17 95,00 443,00 4625
39 244,10 51,19 51,19 95,00 453,00 4666
40 244,10 51,19 51,19 95,00 463,00 4711
41 244,10 51,19 51,19 95,00 473,00 4762
42 244,10 51,19 51,19 95,00 483,00 4795
43 244,10 51,19 51,19 95,00 493,00 4831
44 244,10 51,19 51,19 95,00 503,00 4863
45 244,10 51,19 51,19 95,00 513,00 4893
46 244,10 51,19 51,19 95,00 523,00 4918
47 244,10 51,19 51,19 95,00 533,00 4938
48 244,10 51,19 51,19 95,00 543,00 4953
49 244,10 51,19 51,19 95,00 553,00 4969
50 244,10 51,19 51,19 95,00 563,00 4978
51 244,10 40,47 40,47 95,00 573,00 4991
52 244,10 40,47 40,47 95,00 583,00 5006
53 244,10 40,47 40,47 95,00 593,00 5016
54 244,10 40,47 40,47 95,00 603,00 5027
55 244,10 40,47 40,47 95,00 613,00 5033
56 244,10 40,47 40,47 95,00 623,00 5043
57 244,10 40,47 40,47 95,00 633,00 5047
58 244,10 40,47 40,47 95,00 643,00 5055
59 244,10 40,47 40,47 95,00 653,00 5061
60 244,10 40,47 40,47 1,00 663,00 5068
61 244,10 40,47 40,47 1,00 673,00 5076
62 244,10 40,47 40,47 1,00 683,00 5097
63 244,10 40,47 40,47 1,00 693,00 5110
64 244,10 40,47 40,47 1,00 703,00 5114
65 244,10 40,47 40,47 1,00 713,00 5115
66 244,10 40,47 40,47 1,00 723,00 5118
67 244,10 40,47 40,47 1,00 733,00 5123
68 244,10 0,33 0,33 1,00 743,00 5124
69 244,10 0,33 0,33 1,00 753,00 5125
70 244,10 0,33 0,33 1,00 763,00 5125
71 244,10 0,33 0,33 1,00 773,00 5125
72 244,10 0,33 0,33 1,00 783,00 5125
73 244,10 0,33 0,33 1,00 793,00 5125
74 244,10 0,33 0,33 1,00 803,00 5126
75 244,10 0,33 0,33 1,00 813,00 5126
76 244,10 0,33 0,33 1,00 823,00 5126
77 244,10 0,29 0,29 1,00 833,00 5126
78 244,10 0,29 0,29 1,00 843,00 5127
79 244,10 0,29 0,29 1,00 853,00 5128
80 244,10 0,29 0,29 1,00 863,00 5128
81 244,10 0,29 0,29 1,00 873,00 5128
82 244,10 0,29 0,29 1,00 883,00 5128
83 244,10 0,29 0,29 1,00 893,00 5128
84 244,10 0,29 0,29 1,00 903,00 5128
85 244,10 0,29 0,29 1,00 913,00 5128
86 244,10 0,29 0,29 1,00 923,00 5128
87 244,10 0,29 0,29 1,00 933,00 5128
88 244,10 0,29 0,29 1,00 943,00 5129
89 244,10 0,29 0,29 1,00 953,00 5133
90 244,10 0,29 0,29 99,00 963,00 5133
91 244,10 25,12 25,12 99,00 972,00 5240
92 244,10 25,12 25,12 99,00 982,00 5280
93 244,10 25,12 25,12 99,00 992,00 5298
94 244,10 25,12 25,12 99,00 1.002,00 5308
95 244,10 25,12 25,12 99,00 1.012,00 5318
96 244,10 23,65 23,65 99,00 1.022,00 5327
97 244,10 23,42 23,42 99,00 1.032,00 5336
98 244,10 23,42 23,42 99,00 1.042,00 5340
99 244,10 23,42 23,42 99,00 1.052,00 5347
100 244,10 23,42 23,42 99,00 1.062,00 5351
101 244,10 23,42 23,42 99,00 1.072,00 5353
102 244,10 23,42 23,42 99,00 1.082,00 5354
103 244,10 23,42 23,42 99,00 1.092,00 5357
104 244,10 23,42 23,42 99,00 1.102,00 5357
105 244,10 23,42 23,42 99,00 1.112,00 5357
106 244,10 23,42 23,42 99,00 1.122,00 5357
107 244,10 23,42 23,42 99,00 1.132,00 5357
108 244,10 23,42 23,42 99,00 1.142,00 5357
109 244,10 23,42 23,42 99,00 1.152,00 5359
110 244,10 23,42 23,42 99,00 1.162,00 5359
111 244,10 20,62 20,62 99,00 1.172,00 5360
112 244,10 20,62 20,62 99,00 1.182,00 5362
113 244,10 20,62 20,62 99,00 1.192,00 5364
114 244,10 20,62 20,62 99,00 1.202,00 5366
115 244,10 20,62 20,62 99,00 1.212,00 5366
116 244,10 20,62 20,62 99,00 1.222,00 5366
117 244,10 20,62 20,62 99,00 1.232,00 5366
118 244,10 20,62 20,62 99,00 1.242,00 5367
119 244,10 20,62 20,62 99,00 1.252,00 5368
120 244,10 20,62 20,62 1,00 1.262,00 5368
121 244,10 20,62 20,62 1,00 1.272,00 5378
122 244,10 20,62 20,62 1,00 1.282,00 5387
123 244,10 20,62 20,62 1,00 1.292,00 5391
124 244,10 20,62 20,62 1,00 1.302,00 5392
125 244,10 20,62 20,62 1,00 1.312,00 5392
126 244,10 20,62 20,62 1,00 1.322,00 5392
127 244,10 20,62 20,62 1,00 1.332,00 5392
128 244,10 20,62 20,62 1,00 1.342,00 5392
129 244,10 20,62 20,62 1,00 1.352,00 5392
130 244,10 20,62 20,62 1,00 1.362,00 5392
131 244,10 20,62 20,62 1,00 1.372,00 5392
132 244,10 20,62 20,62 1,00 1.382,00 5392
133 244,10 20,62 20,62 1,00 1.392,00 5392
134 244,10 20,62 20,62 1,00 1.402,00 5392
135 244,10 20,62 20,62 1,00 1.412,00 5392
136 244,10 20,62 20,62 1,00 1.422,00 5392
137 244,10 0,17 0,17 1,00 1.432,00 5392
138 244,10 0,17 0,17 1,00 1.442,00 5392
139 244,10 0,17 0,17 1,00 1.452,00 5392
140 244,10 0,17 0,17 1,00 1.462,00 5397
141 244,10 0,17 0,17 1,00 1.472,00 5398
142 244,10 0,17 0,17 1,00 1.482,00 5398
143 244,10 0,16 0,16 1,00 1.492,00 5398
144 244,10 0,16 0,16 1,00 1.502,00 5398
145 244,10 0,16 0,16 1,00 1.512,00 5398
146 244,10 0,16 0,16 1,00 1.522,00 5398
147 244,10 0,16 0,16 1,00 1.532,00 5398
148 244,10 0,16 0,16 1,00 1.542,00 5398
149 244,10 0,16 0,16 1,00 1.552,00 5398
150 244,10 0,16 0,16 99,00 1.562,00 5398
151 244,10 15,48 15,48 99,00 1.571,00 5443
152 244,10 15,48 15,48 99,00 1.581,00 5461
153 244,10 15,48 15,48 99,00 1.591,00 5469
154 244,10 15,48 15,48 99,00 1.601,00 5476
155 244,10 15,48 15,48 99,00 1.611,00 5480
156 244,10 15,48 15,48 99,00 1.621,00 5482
157 244,10 15,48 15,48 99,00 1.631,00 5482
158 244,10 15,48 15,48 99,00 1.641,00 5492
159 244,10 15,48 15,48 99,00 1.651,00 5501
160 244,10 15,48 15,48 99,00 1.661,00 5510
161 244,10 15,48 15,48 99,00 1.671,00 5520
162 244,10 15,48 15,48 99,00 1.681,00 5532
163 244,10 15,48 15,48 99,00 1.691,00 5544
164 244,10 15,48 15,48 99,00 1.701,00 5553
165 244,10 15,48 15,48 99,00 1.711,00 5560
166 244,10 14,04 14,04 99,00 1.721,00 5566
167 244,10 14,04 14,04 99,00 1.731,00 5570
168 244,10 14,04 14,04 99,00 1.741,00 5573
169 244,10 14,04 14,04 99,00 1.751,00 5575
170 244,10 14,04 14,04 99,00 1.761,00 5576
171 244,10 14,04 14,04 99,00 1.771,00 5577
172 244,10 14,04 14,04 99,00 1.781,00 5578
173 244,10 14,04 14,04 99,00 1.791,00 5579
174 244,10 14,04 14,04 99,00 1.801,00 5580
175 244,10 13,34 13,34 99,00 1.811,00 5582
176 244,10 13,34 13,34 99,00 1.821,00 5583
177 244,10 13,34 13,34 99,00 1.831,00 5584
178 244,10 13,34 13,34 99,00 1.841,00 5587
179 244,10 13,34 13,34 99,00 1.851,00 5589
180 244,10 13,34 13,34 2,00 1.861,00 5591
181 244,10 0,26 0,26 2,00 1.871,00 5600
182 244,10 0,26 0,26 2,00 1.881,00 5601
183 244,10 0,26 0,26 2,00 1.891,00 5602
184 244,10 0,26 0,26 2,00 1.901,00 5602
185 244,10 0,26 0,26 2,00 1.911,00 5602
186 244,10 0,26 0,26 2,00 1.921,00 5602
187 244,10 0,26 0,26 2,00 1.931,00 5602
188 244,10 0,25 0,25 2,00 1.941,00 5602
189 244,10 0,25 0,25 2,00 1.951,00 5602
190 244,10 0,25 0,25 2,00 1.961,00 5602
191 244,10 0,25 0,25 2,00 1.971,00 5604
192 244,10 0,25 0,25 2,00 1.981,00 5606
193 244,10 0,25 0,25 2,00 1.991,00 5607
194 244,10 0,25 0,25 2,00 2.001,00 5611
195 244,10 0,25 0,25 2,00 2.011,00 5613
196 244,10 0,25 0,25 2,00 2.021,00 5613
197 244,10 0,25 0,25 2,00 2.031,00 5613
198 244,10 0,25 0,25 2,00 2.041,00 5613
199 244,10 0,25 0,25 2,00 2.051,00 5613
200 244,10 0,25 0,25 2,00 2.061,00 5613
201 244,10 0,25 0,25 2,00 2.071,00 5613
202 244,10 0,25 0,25 2,00 2.081,00 5613
203 244,10 0,23 0,23 2,00 2.091,00 5613
204 244,10 0,23 0,23 2,00 2.101,00 5613
205 244,10 0,23 0,23 2,00 2.111,00 5613
206 244,10 0,23 0,23 2,00 2.121,00 5613
207 244,10 0,23 0,23 2,00 2.131,00 5613
208 244,10 0,23 0,23 2,00 2.141,00 5614
209 244,10 0,23 0,23 2,00 2.151,00 5616
210 244,10 0,23 0,23 98,00 2.161,00 5616
211 244,10 0,23 0,23 98,00 2.171,00 5655
212 244,10 11,02 11,02 98,00 2.180,00 5665
213 244,10 11,02 11,02 98,00 2.190,00 5671
214 244,10 11,02 11,02 98,00 2.200,00 5671
215 244,10 11,02 11,02 98,00 2.210,00 5671
216 244,10 11,02 11,02 98,00 2.220,00 5671
217 244,10 11,02 11,02 98,00 2.230,00 5671
218 244,10 11,02 11,02 98,00 2.240,00 5671
219 244,10 11,02 11,02 98,00 2.250,00 5671
220 244,10 11,02 11,02 98,00 2.260,00 5671
221 244,10 11,02 11,02 98,00 2.270,00 5671
222 244,10 11,02 11,02 98,00 2.280,00 5671
223 244,10 11,02 11,02 98,00 2.290,00 5671
224 244,10 11,02 11,02 98,00 2.300,00 5671
225 244,10 11,02 11,02 98,00 2.310,00 5671
226 244,10 11,02 11,02 98,00 2.320,00 5671
227 244,10 11,02 11,02 98,00 2.330,00 5671
228 244,10 11,02 11,02 98,00 2.340,00 5671
229 244,10 11,02 11,02 98,00 2.350,00 5671
230 244,10 11,02 11,02 98,00 2.360,00 5671
231 244,10 11,02 11,02 98,00 2.370,00 5671
232 244,10 11,02 11,02 98,00 2.380,00 5671
233 244,10 11,02 11,02 98,00 2.390,00 5671
234 244,10 11,02 11,02 98,00 2.400,00 5671
235 244,10 11,02 11,02 98,00 2.410,00 5671
236 244,10 11,02 11,02 98,00 2.420,00 5671
237 244,10 11,02 11,02 98,00 2.430,00 5671
238 244,10 9,80 9,80 98,00 2.440,00 5671
239 244,10 9,80 9,80 98,00 2.450,00 5671
240 244,10 9,80 9,80 4,00 2.460,00 5671
241 244,10 9,80 9,80 4,00 2.470,00 5686
242 244,10 9,80 9,80 4,00 2.480,00 5686
243 244,10 9,80 9,80 4,00 2.490,00 5687
244 244,10 9,80 9,80 4,00 2.500,00 5688
245 244,10 9,80 9,80 4,00 2.510,00 5688
246 244,10 0,39 0,39 4,00 2.520,00 5688
247 244,10 0,39 0,39 4,00 2.530,00 5688
248 244,10 0,39 0,39 4,00 2.540,00 5688
249 244,10 0,39 0,39 4,00 2.550,00 5691
250 244,10 0,39 0,39 4,00 2.560,00 5693
251 244,10 0,39 0,39 4,00 2.570,00 5693
252 244,10 0,39 0,39 4,00 2.580,00 5693
253 244,10 0,38 0,38 4,00 2.590,00 5694
254 244,10 0,38 0,38 4,00 2.600,00 5694
255 244,10 0,38 0,38 4,00 2.610,00 5694
256 244,10 0,38 0,38 4,00 2.620,00 5694
257 244,10 0,38 0,38 4,00 2.630,00 5694
258 244,10 0,38 0,38 4,00 2.640,00 5694
259 244,10 0,38 0,38 4,00 2.650,00 5694
260 244,10 0,38 0,38 4,00 2.660,00 5694
261 244,10 0,38 0,38 4,00 2.670,00 5694
262 244,10 0,38 0,38 4,00 2.680,00 5694
263 244,10 0,36 0,36 4,00 2.690,00 5694
264 244,10 0,36 0,36 4,00 2.700,00 5694
265 244,10 0,36 0,36 4,00 2.710,00 5694
266 244,10 0,36 0,36 4,00 2.720,00 5694
267 244,10 0,36 0,36 4,00 2.730,00 5694
268 244,10 0,36 0,36 4,00 2.740,00 5694
269 244,10 0,36 0,36 4,00 2.750,00 5694
270 244,10 0,36 0,36 100,00 2.760,00 5694
271 244,10 0,36 0,36 100,00 2.770,00 5724
272 244,10 8,78 8,78 100,00 2.780,00 5736
273 244,10 8,78 8,78 100,00 2.790,00 5742
274 244,10 8,78 8,78 100,00 2.800,00 5742
275 244,10 8,78 8,78 100,00 2.810,00 5742
276 244,10 8,78 8,78 100,00 2.820,00 5742
277 244,10 8,63 8,63 100,00 2.830,00 5742
278 244,10 8,63 8,63 100,00 2.840,00 5742
279 244,10 8,56 8,56 100,00 2.850,00 5742
280 244,10 8,54 8,54 100,00 2.860,00 5742
281 244,10 8,54 8,54 100,00 2.870,00 5742
282 244,10 8,54 8,54 100,00 2.880,00 5742
283 244,10 8,54 8,54 100,00 2.890,00 5742
284 244,10 8,54 8,54 100,00 2.900,00 5742
285 244,10 8,54 8,54 100,00 2.910,00 5742
286 244,10 8,54 8,54 100,00 2.920,00 5742
287 244,10 8,54 8,54 100,00 2.930,00 5742
288 244,10 8,54 8,54 100,00 2.940,00 5742
289 244,10 8,54 8,54 100,00 2.950,00 5742
290 244,10 8,54 8,54 100,00 2.960,00 5742
291 244,10 8,54 8,54 100,00 2.970,00 5742
292 244,10 8,54 8,54 100,00 2.980,00 5742
293 244,10 8,54 8,54 100,00 2.990,00 5742
294 244,10 8,54 8,54 100,00 3.000,00 5742
295 244,10 8,11 8,11 100,00 3.010,00 5742
296 244,10 8,11 8,11 100,00 3.020,00 5742
297 244,10 8,11 8,11 100,00 3.030,00 5742
298 244,10 8,11 8,11 100,00 3.040,00 5742
299 244,10 8,11 8,11 100,00 3.050,00 5742
300 244,10 8,11 8,11 10,00 3.060,00 5742
301 244,10 8,11 8,11 10,00 3.070,00 5752
302 244,10 8,11 8,11 10,00 3.080,00 5752
303 244,10 8,11 8,11 10,00 3.090,00 5752
304 244,10 8,11 8,11 10,00 3.100,00 5752
305 244,10 8,11 8,11 10,00 3.110,00 5752
306 244,10 8,11 8,11 10,00 3.120,00 5762
307 244,10 0,78 0,78 10,00 3.130,00 5773
308 244,10 0,78 0,78 10,00 3.140,00 5778
309 244,10 0,78 0,78 10,00 3.150,00 5780
310 244,10 0,78 0,78 10,00 3.160,00 5780
311 244,10 0,78 0,78 10,00 3.170,00 5780
312 244,10 0,78 0,78 10,00 3.180,00 5780
313 244,10 0,78 0,78 10,00 3.190,00 5782
314 244,10 0,78 0,78 10,00 3.200,00 5783
315 244,10 0,78 0,78 10,00 3.210,00 5783
316 244,10 0,78 0,78 10,00 3.220,00 5783
317 244,10 0,78 0,78 10,00 3.230,00 5783
318 244,10 0,78 0,78 10,00 3.240,00 5783
319 244,10 0,78 0,78 10,00 3.250,00 5783
320 244,10 0,78 0,78 10,00 3.260,00 5783
321 244,10 0,75 0,75 10,00 3.270,00 5783
322 244,10 0,75 0,75 10,00 3.280,00 5783
323 244,10 0,75 0,75 10,00 3.290,00 5783
324 244,10 0,75 0,75 10,00 3.300,00 5783
325 244,10 0,75 0,75 10,00 3.310,00 5783
326 244,10 0,75 0,75 10,00 3.320,00 5783
327 244,10 0,75 0,75 10,00 3.330,00 5783
328 244,10 0,75 0,75 10,00 3.340,00 5783
329 244,10 0,75 0,75 10,00 3.350,00 5783
330 244,10 0,73 0,73 90,00 3.360,00 5783
331 244,10 0,73 0,73 90,00 3.370,00 5809
332 244,10 0,73 0,73 90,00 3.380,00 5815
333 244,10 0,73 0,73 90,00 3.390,00 5818
334 244,10 6,46 6,46 90,00 3.400,00 5819
335 244,10 6,46 6,46 90,00 3.410,00 5820
336 244,10 6,46 6,46 90,00 3.420,00 5820
337 244,10 6,46 6,46 90,00 3.430,00 5820
338 244,10 6,46 6,46 90,00 3.440,00 5820
339 244,10 6,46 6,46 90,00 3.450,00 5820
340 244,10 6,46 6,46 90,00 3.460,00 5820
341 244,10 6,46 6,46 90,00 3.470,00 5820
342 244,10 6,46 6,46 90,00 3.480,00 5820
343 244,10 6,46 6,46 90,00 3.490,00 5820
344 244,10 6,46 6,46 90,00 3.500,00 5820
345 244,10 6,46 6,46 90,00 3.510,00 5820
346 244,10 6,46 6,46 90,00 3.520,00 5820
347 244,10 6,46 6,46 90,00 3.530,00 5820
348 244,10 6,46 6,46 90,00 3.540,00 5820
349 244,10 6,46 6,46 90,00 3.550,00 5820
350 244,10 6,46 6,46 90,00 3.560,00 5820
351 244,10 6,46 6,46 90,00 3.570,00 5820
352 244,10 6,46 6,46 90,00 3.580,00 5820
353 244,10 6,46 6,46 90,00 3.590,00 5820
354 244,10 6,10 6,10 90,00 3.600,00 5820
355 244,10 6,10 6,10 90,00 3.610,00 5820
356 244,10 6,10 6,10 90,00 3.620,00 5820
357 244,10 6,10 6,10 90,00 3.630,00 5820
358 244,10 6,10 6,10 90,00 3.640,00 5820
359 244,10 6,10 6,10 90,00 3.650,00 5820
360 244,10 6,10 6,10 8,00 3.660,00 5820
361 244,10 6,10 6,10 8,00 3.670,00 5827
362 244,10 6,10 6,10 8,00 3.680,00 5827
363 244,10 6,10 6,10 8,00 3.690,00 5827
364 244,10 6,10 6,10 8,00 3.700,00 5827
365 244,10 6,10 6,10 8,00 3.710,00 5827
366 244,10 6,10 6,10 8,00 3.720,00 5827
367 244,10 6,10 6,10 8,00 3.730,00 5827
368 244,10 6,10 6,10 8,00 3.740,00 5827
369 244,10 0,52 0,52 8,00 3.750,00 5827
370 244,10 0,52 0,52 8,00 3.760,00 5827
371 244,10 0,52 0,52 8,00 3.770,00 5827
372 244,10 0,52 0,52 8,00 3.780,00 5827
373 244,10 0,52 0,52 8,00 3.790,00 5827
374 244,10 0,51 0,51 8,00 3.800,00 5827
375 244,10 0,51 0,51 8,00 3.810,00 5827
376 244,10 0,51 0,51 8,00 3.820,00 5827
377 244,10 0,51 0,51 8,00 3.830,00 5827
378 244,10 0,51 0,51 8,00 3.840,00 5827
379 244,10 0,51 0,51 8,00 3.850,00 5827
380 244,10 0,51 0,51 8,00 3.860,00 5827
381 244,10 0,51 0,51 8,00 3.870,00 5827
382 244,10 0,51 0,51 8,00 3.880,00 5827
383 244,10 0,51 0,51 8,00 3.890,00 5833
384 244,10 0,51 0,51 8,00 3.900,00 5833
385 244,10 0,50 0,50 8,00 3.910,00 5833
386 244,10 0,50 0,50 8,00 3.920,00 5833
387 244,10 0,50 0,50 8,00 3.930,00 5833
388 244,10 0,50 0,50 8,00 3.940,00 5833
389 244,10 0,50 0,50 8,00 3.950,00 5833
390 244,10 0,50 0,50 100,00 3.960,00 5833
391 244,10 6,15 6,15 100,00 3.970,00 5854
392 244,10 6,15 6,15 100,00 3.980,00 5858
393 244,10 6,15 6,15 100,00 3.990,00 5861
394 244,10 6,15 6,15 100,00 4.000,00 5861
395 244,10 6,15 6,15 100,00 4.010,00 5861
396 244,10 6,15 6,15 100,00 4.020,00 5861
397 244,10 6,15 6,15 100,00 4.030,00 5861
398 244,10 6,15 6,15 100,00 4.040,00 5861
399 244,10 6,15 6,15 100,00 4.050,00 5861
400 244,10 6,15 6,15 100,00 4.060,00 5861
401 244,10 6,15 6,15 100,00 4.070,00 5865
402 244,10 6,15 6,15 100,00 4.080,00 5866
403 244,10 6,15 6,15 100,00 4.090,00 5866
404 244,10 6,15 6,15 100,00 4.100,00 5866
405 244,10 6,15 6,15 100,00 4.110,00 5866
406 244,10 6,15 6,15 100,00 4.120,00 5866
407 244,10 6,15 6,15 100,00 4.130,00 5866
408 244,10 6,15 6,15 100,00 4.140,00 5866
409 244,10 6,15 6,15 100,00 4.150,00 5866
410 244,10 6,15 6,15 100,00 4.160,00 5866
411 244,10 5,85 5,85 100,00 4.170,00 5866
412 244,10 5,85 5,85 100,00 4.180,00 5866
413 244,10 5,83 5,83 100,00 4.190,00 5866
414 244,10 5,83 5,83 100,00 4.200,00 5866
415 244,10 5,83 5,83 100,00 4.210,00 5866
416 244,10 5,83 5,83 100,00 4.220,00 5866
417 244,10 5,83 5,83 100,00 4.230,00 5866
418 244,10 5,76 5,76 100,00 4.240,00 5866
419 244,10 5,74 5,74 100,00 4.250,00 5866
420 244,10 5,74 5,74 13,00 4.260,00 5866
421 244,10 5,74 5,74 13,00 4.270,00 5875
422 244,10 5,74 5,74 13,00 4.280,00 5878
423 244,10 5,74 5,74 13,00 4.290,00 5879
424 244,10 5,74 5,74 13,00 4.300,00 5879
425 244,10 5,74 5,74 13,00 4.310,00 5879
426 244,10 5,74 5,74 13,00 4.320,00 5879
427 244,10 5,74 5,74 13,00 4.330,00 5879
428 244,10 5,74 5,74 13,00 4.340,00 5880
429 244,10 5,74 5,74 13,00 4.350,00 5880
430 244,10 5,74 5,74 13,00 4.360,00 5880
431 244,10 5,74 5,74 13,00 4.370,00 5880
432 244,10 0,72 0,72 13,00 4.380,00 5880
433 244,10 0,72 0,72 13,00 4.390,00 5880
434 244,10 0,72 0,72 13,00 4.400,00 5880
435 244,10 0,72 0,72 13,00 4.410,00 5880
436 244,10 0,72 0,72 13,00 4.420,00 5880
437 244,10 0,72 0,72 13,00 4.430,00 5880
438 244,10 0,71 0,71 13,00 4.440,00 5880
439 244,10 0,71 0,71 13,00 4.450,00 5880
440 244,10 0,71 0,71 13,00 4.460,00 5880
441 244,10 0,71 0,71 13,00 4.470,00 5880
442 244,10 0,71 0,71 13,00 4.480,00 5880
443 244,10 0,71 0,71 13,00 4.490,00 5880
444 244,10 0,71 0,71 13,00 4.500,00 5880
445 244,10 0,71 0,71 13,00 4.510,00 5880
446 244,10 0,71 0,71 13,00 4.520,00 5880
447 244,10 0,71 0,71 13,00 4.530,00 5880
448 244,10 0,71 0,71 13,00 4.540,00 5880
449 244,10 0,71 0,71 13,00 4.550,00 5880
450 244,10 0,70 0,70 91,00 4.560,00 5880
451 244,10 0,70 0,70 91,00 4.570,00 5901
452 244,10 0,70 0,70 91,00 4.580,00 5908
453 244,10 0,70 0,70 91,00 4.590,00 5908
454 244,10 0,70 0,70 91,00 4.600,00 5908
455 244,10 0,70 0,70 91,00 4.610,00 5908
456 244,10 0,70 0,70 91,00 4.620,00 5909
457 244,10 0,70 0,70 91,00 4.630,00 5909
458 244,10 0,70 0,70 91,00 4.640,00 5909
459 244,10 0,70 0,70 91,00 4.650,00 5909
460 244,10 0,70 0,70 91,00 4.660,00 5909
461 244,10 0,70 0,70 91,00 4.670,00 5909
462 244,10 0,70 0,70 91,00 4.680,00 5909
463 244,10 4,74 4,74 91,00 4.690,00 5909
464 244,10 4,74 4,74 91,00 4.700,00 5909
465 244,10 4,74 4,74 91,00 4.710,00 5909
466 244,10 4,74 4,74 91,00 4.720,00 5909
467 244,10 4,74 4,74 91,00 4.730,00 5909
468 244,10 4,74 4,74 91,00 4.740,00 5909
469 244,10 4,74 4,74 91,00 4.750,00 5909
470 244,10 4,74 4,74 91,00 4.760,00 5909
471 244,10 4,74 4,74 91,00 4.770,00 5909
472 244,10 4,74 4,74 91,00 4.780,00 5909
473 244,10 4,74 4,74 91,00 4.790,00 5909
474 244,10 4,63 4,63 91,00 4.800,00 5909
475 244,10 4,63 4,63 91,00 4.810,00 5909
476 244,10 4,63 4,63 91,00 4.820,00 5909
477 244,10 4,63 4,63 91,00 4.830,00 5909
478 244,10 4,63 4,63 91,00 4.840,00 5909
479 244,10 4,63 4,63 91,00 4.850,00 5909
480 244,10 4,63 4,63 9,00 4.860,00 5909
481 244,10 4,63 4,63 9,00 4.870,00 5915
482 244,10 0,45 0,45 9,00 4.880,00 5916
483 244,10 0,45 0,45 9,00 4.890,00 5916
484 244,10 0,45 0,45 9,00 4.900,00 5916
485 244,10 0,45 0,45 9,00 4.910,00 5916
486 244,10 0,45 0,45 9,00 4.920,00 5916
487 244,10 0,45 0,45 9,00 4.930,00 5916
488 244,10 0,44 0,44 9,00 4.940,00 5916
489 244,10 0,44 0,44 9,00 4.950,00 5916
490 244,10 0,44 0,44 9,00 4.960,00 5916
491 244,10 0,44 0,44 9,00 4.970,00 5916
492 244,10 0,44 0,44 9,00 4.980,00 5916
493 244,10 0,44 0,44 9,00 4.990,00 5916
494 244,10 0,44 0,44 9,00 5.000,00 5916
495 244,10 0,44 0,44 9,00 5.010,00 5916
496 244,10 0,44 0,44 9,00 5.020,00 5916
497 244,10 0,44 0,44 9,00 5.030,00 5916
498 244,10 0,44 0,44 9,00 5.040,00 5916
499 244,10 0,44 0,44 9,00 5.050,00 5916
500 244,10 0,44 0,44 9,00 5.060,00 5916
501 244,10 0,44 0,44 9,00 5.070,00 5916
502 244,10 0,44 0,44 9,00 5.080,00 5916
503 244,10 0,43 0,43 9,00 5.090,00 5916
504 244,10 0,43 0,43 9,00 5.100,00 5916
505 244,10 0,43 0,43 9,00 5.110,00 5919
506 244,10 0,43 0,43 9,00 5.120,00 5919
507 244,10 0,43 0,43 9,00 5.130,00 5919
508 244,10 0,43 0,43 9,00 5.140,00 5919
509 244,10 0,43 0,43 9,00 5.150,00 5919
510 244,10 0,43 0,43 93,00 5.160,00 5919
511 244,10 0,43 0,43 93,00 5.170,00 5935
512 244,10 4,38 4,38 93,00 5.180,00 5937
513 244,10 4,38 4,38 93,00 5.190,00 5938
514 244,10 4,38 4,38 93,00 5.200,00 5938
515 244,10 4,38 4,38 93,00 5.210,00 5938
516 244,10 4,35 4,35 93,00 5.220,00 5938
517 244,10 4,35 4,35 93,00 5.230,00 5938
518 244,10 4,35 4,35 93,00 5.240,00 5938
519 244,10 4,35 4,35 93,00 5.250,00 5938
520 244,10 4,35 4,35 93,00 5.260,00 5938
521 244,10 4,35 4,35 93,00 5.270,00 5938
522 244,10 4,35 4,35 93,00 5.280,00 5938
523 244,10 4,29 4,29 93,00 5.290,00 5938
524 244,10 4,29 4,29 93,00 5.300,00 5938
525 244,10 4,29 4,29 93,00 5.310,00 5938
526 244,10 4,29 4,29 93,00 5.320,00 5938
527 244,10 4,29 4,29 93,00 5.330,00 5938
528 244,10 4,29 4,29 93,00 5.340,00 5938
529 244,10 4,24 4,24 93,00 5.350,00 5938
530 244,10 4,24 4,24 93,00 5.360,00 5938
531 244,10 4,24 4,24 93,00 5.370,00 5938
532 244,10 4,24 4,24 93,00 5.380,00 5938
533 244,10 4,24 4,24 93,00 5.390,00 5938
534 244,10 4,24 4,24 93,00 5.400,00 5938
535 244,10 4,24 4,24 93,00 5.410,00 5938
536 244,10 4,24 4,24 93,00 5.420,00 5938
537 244,10 4,24 4,24 93,00 5.430,00 5938
538 244,10 4,24 4,24 93,00 5.440,00 5938
539 244,10 4,24 4,24 93,00 5.450,00 5938
540 244,10 4,24 4,24 15,00 5.460,00 5938
541 244,10 4,24 4,24 15,00 5.470,00 5942
542 244,10 4,24 4,24 15,00 5.480,00 5944
543 244,10 4,24 4,24 15,00 5.490,00 5946
544 244,10 4,24 4,24 15,00 5.500,00 5947
545 244,10 4,24 4,24 15,00 5.510,00 5958
546 244,10 4,24 4,24 15,00 5.520,00 5965
547 244,10 4,24 4,24 15,00 5.530,00 5965
548 244,10 4,24 4,24 15,00 5.540,00 5965
549 244,10 4,24 4,24 15,00 5.550,00 5965
550 244,10 4,24 4,24 15,00 5.560,00 5965
551 244,10 4,24 4,24 15,00 5.570,00 5965
552 244,10 4,24 4,24 15,00 5.580,00 5965
553 244,10 4,24 4,24 15,00 5.590,00 5965
554 244,10 4,24 4,24 15,00 5.600,00 5965
555 244,10 4,24 4,24 15,00 5.610,00 5965
556 244,10 4,24 4,24 15,00 5.620,00 5965
557 244,10 4,24 4,24 15,00 5.630,00 5965
558 244,10 4,24 4,24 15,00 5.640,00 5965
559 244,10 4,24 4,24 15,00 5.650,00 5969
560 244,10 4,24 4,24 15,00 5.660,00 5969
561 244,10 4,24 4,24 15,00 5.670,00 5969
562 244,10 4,24 4,24 15,00 5.680,00 5969
563 244,10 4,24 4,24 15,00 5.690,00 5969
564 244,10 4,24 4,24 15,00 5.700,00 5969
565 244,10 4,24 4,24 15,00 5.710,00 5969
566 244,10 4,24 4,24 15,00 5.720,00 5969
567 244,10 0,64 0,64 15,00 5.730,00 5969
568 244,10 0,64 0,64 15,00 5.740,00 5969
569 244,10 0,64 0,64 15,00 5.750,00 5969
570 244,10 0,64 0,64 91,00 5.760,00 5969
571 244,10 0,64 0,64 91,00 5.770,00 5988
572 244,10 0,64 0,64 91,00 5.780,00 5994
573 244,10 0,64 0,64 91,00 5.790,00 5999
574 244,10 0,64 0,64 91,00 5.800,00 6004
575 244,10 0,64 0,64 91,00 5.810,00 6007
576 244,10 0,64 0,64 91,00 5.820,00 6009
577 244,10 0,64 0,64 91,00 5.830,00 6010
578 244,10 0,64 0,64 91,00 5.840,00 6010
579 244,10 0,64 0,64 91,00 5.850,00 6010
580 244,10 0,64 0,64 91,00 5.860,00 6010
581 244,10 0,64 0,64 91,00 5.870,00 6010
582 244,10 0,64 0,64 91,00 5.880,00 6010
583 244,10 3,77 3,77 91,00 5.890,00 6010
584 244,10 3,77 3,77 91,00 5.900,00 6010
585 244,10 3,77 3,77 91,00 5.910,00 6010
586 244,10 3,77 3,77 91,00 5.920,00 6010
587 244,10 3,77 3,77 91,00 5.930,00 6010
588 244,10 3,77 3,77 91,00 5.940,00 6010
589 244,10 3,77 3,77 91,00 5.950,00 6010
590 244,10 3,77 3,77 91,00 5.960,00 6010
591 244,10 3,77 3,77 91,00 5.970,00 6010
592 244,10 3,77 3,77 91,00 5.980,00 6010
593 244,10 3,77 3,77 91,00 5.990,00 6010
594 244,10 3,77 3,77 91,00 6.000,00 6010
595 244,10 3,77 3,77 91,00 6.010,00 6010
596 244,10 3,77 3,77 91,00 6.020,00 6010
597 244,10 3,77 3,77 91,00 6.030,00 6010
598 244,10 3,77 3,77 91,00 6.040,00 6010
599 244,10 3,77 3,77 91,00 6.050,00 6010
600 244,10 3,77 3,77 8,00 6.060,00 6010
601 244,10 3,77 3,77 8,00 6.070,00 6019
602 244,10 3,77 3,77 8,00 6.080,00 6021
603 244,10 0,32 0,32 8,00 6.090,00 6022
604 244,10 0,32 0,32 8,00 6.100,00 6022
605 244,10 0,32 0,32 8,00 6.110,00 6022
606 244,10 0,32 0,32 8,00 6.120,00 6022
607 244,10 0,32 0,32 8,00 6.130,00 6022
608 244,10 0,32 0,32 8,00 6.140,00 6023
609 244,10 0,32 0,32 8,00 6.150,00 6023
610 244,10 0,32 0,32 8,00 6.160,00 6023
611 244,10 0,32 0,32 8,00 6.170,00 6023
612 244,10 0,32 0,32 8,00 6.180,00 6023
613 244,10 0,32 0,32 8,00 6.190,00 6023
614 244,10 0,32 0,32 8,00 6.200,00 6023
615 244,10 0,31 0,31 8,00 6.210,00 6023
616 244,10 0,31 0,31 8,00 6.220,00 6023
617 244,10 0,31 0,31 8,00 6.230,00 6023
618 244,10 0,31 0,31 8,00 6.240,00 6023
619 244,10 0,31 0,31 8,00 6.250,00 6023
620 244,10 0,31 0,31 8,00 6.260,00 6023
621 244,10 0,31 0,31 8,00 6.270,00 6023
622 244,10 0,31 0,31 8,00 6.280,00 6023
623 244,10 0,31 0,31 8,00 6.290,00 6023
624 244,10 0,31 0,31 8,00 6.300,00 6023
625 244,10 0,31 0,31 8,00 6.310,00 6023
626 244,10 0,31 0,31 8,00 6.320,00 6023
627 244,10 0,31 0,31 8,00 6.330,00 6023
628 244,10 0,31 0,31 8,00 6.340,00 6023
629 244,10 0,31 0,31 8,00 6.350,00 6023
630 244,10 0,31 0,31 102,00 6.360,00 6023
631 244,10 0,31 0,31 102,00 6.370,00 6039
632 244,10 0,31 0,31 102,00 6.380,00 6043
633 244,10 0,31 0,31 102,00 6.390,00 6043
634 244,10 0,31 0,31 102,00 6.400,00 6043
635 244,10 0,31 0,31 102,00 6.410,00 6043
636 244,10 0,31 0,31 102,00 6.420,00 6043
637 244,10 0,31 0,31 102,00 6.430,00 6043
638 244,10 0,31 0,31 102,00 6.440,00 6043
639 244,10 0,31 0,31 102,00 6.450,00 6043
640 244,10 0,31 0,31 102,00 6.460,00 6043
641 244,10 0,31 0,31 102,00 6.470,00 6043
642 244,10 0,31 0,31 102,00 6.480,00 6043
643 244,10 0,31 0,31 102,00 6.490,00 6043
644 244,10 0,31 0,31 102,00 6.500,00 6043
645 244,10 0,31 0,31 102,00 6.510,00 6043
646 244,10 0,31 0,31 102,00 6.520,00 6043
647 244,10 0,31 0,31 102,00 6.530,00 6043
648 244,10 0,31 0,31 102,00 6.540,00 6043
649 244,10 0,31 0,31 102,00 6.550,00 6043
650 244,10 0,31 0,31 102,00 6.560,00 6043
651 244,10 3,79 3,79 102,00 6.570,00 6043
652 244,10 3,79 3,79 102,00 6.580,00 6043
653 244,10 3,79 3,79 102,00 6.590,00 6043
654 244,10 3,79 3,79 102,00 6.600,00 6043
655 244,10 3,77 3,77 102,00 6.610,00 6043
656 244,10 3,77 3,77 102,00 6.620,00 6043
657 244,10 3,77 3,77 102,00 6.630,00 6043
658 244,10 3,75 3,75 102,00 6.640,00 6043
659 244,10 3,75 3,75 102,00 6.650,00 6043
660 244,10 3,75 3,75 24,00 6.660,00 6043
661 244,10 3,75 3,75 24,00 6.670,00 6047
662 244,10 3,75 3,75 24,00 6.680,00 6047
663 244,10 3,75 3,75 24,00 6.690,00 6047
664 244,10 3,75 3,75 24,00 6.700,00 6047
665 244,10 3,75 3,75 24,00 6.710,00 6047
666 244,10 3,75 3,75 24,00 6.720,00 6047
667 244,10 3,75 3,75 24,00 6.730,00 6047
668 244,10 3,75 3,75 24,00 6.740,00 6048
669 244,10 3,75 3,75 24,00 6.750,00 6048
670 244,10 3,75 3,75 24,00 6.760,00 6048
671 244,10 3,75 3,75 24,00 6.770,00 6048
672 244,10 3,75 3,75 24,00 6.780,00 6048
673 244,10 3,75 3,75 24,00 6.790,00 6048
674 244,10 3,75 3,75 24,00 6.800,00 6048
675 244,10 3,75 3,75 24,00 6.810,00 6048
676 244,10 3,75 3,75 24,00 6.820,00 6048
677 244,10 3,75 3,75 24,00 6.830,00 6048
678 244,10 3,75 3,75 24,00 6.840,00 6048
679 244,10 3,75 3,75 24,00 6.850,00 6048
680 244,10 3,75 3,75 24,00 6.860,00 6048
681 244,10 3,75 3,75 24,00 6.870,00 6048
682 244,10 0,85 0,85 24,00 6.880,00 6048
683 244,10 0,85 0,85 24,00 6.890,00 6048
684 244,10 0,85 0,85 24,00 6.900,00 6048
685 244,10 0,85 0,85 24,00 6.910,00 6048
686 244,10 0,85 0,85 24,00 6.920,00 6048
687 244,10 0,85 0,85 24,00 6.930,00 6048
688 244,10 0,84 0,84 24,00 6.940,00 6048
689 244,10 0,84 0,84 24,00 6.950,00 6048
690 244,10 0,84 0,84 94,00 6.960,00 6048
691 244,10 0,84 0,84 94,00 6.970,00 6060
692 244,10 0,84 0,84 94,00 6.980,00 6063
693 244,10 0,84 0,84 94,00 6.990,00 6066
694 244,10 0,84 0,84 94,00 7.000,00 6067
695 244,10 0,84 0,84 94,00 7.010,00 6068
696 244,10 0,84 0,84 94,00 7.020,00 6070
697 244,10 0,84 0,84 94,00 7.030,00 6070
698 244,10 0,84 0,84 94,00 7.040,00 6070
699 244,10 0,84 0,84 94,00 7.050,00 6070
700 244,10 0,84 0,84 94,00 7.060,00 6070
701 244,10 0,84 0,84 94,00 7.070,00 6070
702 244,10 0,84 0,84 94,00 7.080,00 6070
703 244,10 0,84 0,84 94,00 7.090,00 6070
704 244,10 0,84 0,84 94,00 7.100,00 6070
705 244,10 0,84 0,84 94,00 7.110,00 6070
706 244,10 0,84 0,84 94,00 7.120,00 6070
707 244,10 0,84 0,84 94,00 7.130,00 6070
708 244,10 0,84 0,84 94,00 7.140,00 6070
709 244,10 0,84 0,84 94,00 7.150,00 6070
710 244,10 0,84 0,84 94,00 7.160,00 6070
711 244,10 0,84 0,84 94,00 7.170,00 6070
712 244,10 0,84 0,84 94,00 7.180,00 6070
713 244,10 0,84 0,84 94,00 7.190,00 6070
714 244,10 0,84 0,84 94,00 7.200,00 6070
715 244,10 0,84 0,84 94,00 7.210,00 6070
716 244,10 0,84 0,84 94,00 7.220,00 6070
717 244,10 0,84 0,84 94,00 7.230,00 6070
718 244,10 0,84 0,84 94,00 7.240,00 6070
719 244,10 0,84 0,84 94,00 7.250,00 6070
720 244,10 0,84 0,84 156,00 7.260,00 6070
721 244,10 0,84 0,84 156,00 7.270,00 6073
722 244,10 0,84 0,84 156,00 7.280,00 6073
723 244,10 0,84 0,84 156,00 7.290,00 6073
724 244,10 0,84 0,84 156,00 7.300,00 6073
725 244,10 0,84 0,84 156,00 7.310,00 6073
726 244,10 0,84 0,84 156,00 7.320,00 6073
727 244,10 0,84 0,84 156,00 7.330,00 6073
728 244,10 0,84 0,84 156,00 7.340,00 6073
729 244,10 5,18 5,18 156,00 7.350,00 6073
730 244,10 5,18 5,18 156,00 7.360,00 6073
731 244,10 5,18 5,18 156,00 7.370,00 6073
732 244,10 5,18 5,18 156,00 7.380,00 6073
733 244,10 5,18 5,18 156,00 7.390,00 6073
734 244,10 5,18 5,18 156,00 7.400,00 6073
735 244,10 5,18 5,18 156,00 7.410,00 6073
736 244,10 5,18 5,18 156,00 7.420,00 6073
737 244,10 5,18 5,18 156,00 7.430,00 6073
738 244,10 5,18 5,18 156,00 7.440,00 6073
739 244,10 5,18 5,18 156,00 7.450,00 6073
740 244,10 5,18 5,18 156,00 7.460,00 6073
741 244,10 5,18 5,18 156,00 7.470,00 6073
742 244,10 5,18 5,18 156,00 7.480,00 6073
743 244,10 5,18 5,18 156,00 7.490,00 6073
744 244,10 5,18 5,18 156,00 7.500,00 6073
745 244,10 5,18 5,18 156,00 7.510,00 6073
746 244,10 5,18 5,18 156,00 7.520,00 6073
747 244,10 5,18 5,18 156,00 7.530,00 6073
748 244,10 5,18 5,18 156,00 7.540,00 6073
749 244,10 5,18 5,18 156,00 7.550,00 6073
750 244,10 5,18 5,18 60,00 7.560,00 6073
751 244,10 5,18 5,18 60,00 7.570,00 6081
752 244,10 5,18 5,18 60,00 7.580,00 6085
753 244,10 5,18 5,18 60,00 7.590,00 6085
754 244,10 5,18 5,18 60,00 7.600,00 6085
755 244,10 5,18 5,18 60,00 7.610,00 6085
756 244,10 5,18 5,18 60,00 7.620,00 6085
757 244,10 5,18 5,18 60,00 7.630,00 6085
758 244,10 1,92 1,92 60,00 7.640,00 6091
759 244,10 1,92 1,92 60,00 7.650,00 6094
760 244,10 1,92 1,92 60,00 7.660,00 6096
761 244,10 1,91 1,91 60,00 7.670,00 6097
762 244,10 1,91 1,91 60,00 7.680,00 6098
763 244,10 1,91 1,91 60,00 7.690,00 6098
764 244,10 1,91 1,91 60,00 7.700,00 6098
765 244,10 1,91 1,91 60,00 7.710,00 6098
766 244,10 1,91 1,91 60,00 7.720,00 6098
767 244,10 1,91 1,91 60,00 7.730,00 6098
768 244,10 1,89 1,89 60,00 7.740,00 6098
769 244,10 1,89 1,89 60,00 7.750,00 6098
770 244,10 1,89 1,89 60,00 7.760,00 6098
771 244,10 1,89 1,89 60,00 7.770,00 6098
772 244,10 1,88 1,88 60,00 7.780,00 6098
773 244,10 1,88 1,88 60,00 7.790,00 6098
774 244,10 1,88 1,88 60,00 7.800,00 6098
775 244,10 1,88 1,88 60,00 7.810,00 6098
776 244,10 1,88 1,88 60,00 7.820,00 6098
777 244,10 1,88 1,88 60,00 7.830,00 6098
778 244,10 1,88 1,88 60,00 7.840,00 6098
779 244,10 1,88 1,88 60,00 7.850,00 6098
780 244,10 1,88 1,88 39,00 7.860,00 6098
781 244,10 1,88 1,88 39,00 7.870,00 6102
782 244,10 1,88 1,88 39,00 7.880,00 6107
783 244,10 1,88 1,88 39,00 7.890,00 6110
784 244,10 1,88 1,88 39,00 7.900,00 6111
785 244,10 1,20 1,20 39,00 7.910,00 6111
786 244,10 1,20 1,20 39,00 7.920,00 6111
787 244,10 1,20 1,20 39,00 7.930,00 6111
788 244,10 1,20 1,20 39,00 7.940,00 6111
789 244,10 1,20 1,20 39,00 7.950,00 6111
790 244,10 1,20 1,20 39,00 7.960,00 6111
791 244,10 1,20 1,20 39,00 7.970,00 6111
792 244,10 1,19 1,19 39,00 7.980,00 6111
793 244,10 1,19 1,19 39,00 7.990,00 6111
794 244,10 1,19 1,19 39,00 8.000,00 6111
795 244,10 1,19 1,19 39,00 8.010,00 6111
796 244,10 1,19 1,19 39,00 8.020,00 6111
797 244,10 1,19 1,19 39,00 8.030,00 6111
798 244,10 1,19 1,19 39,00 8.040,00 6111
799 244,10 1,19 1,19 39,00 8.050,00 6111
800 244,10 1,19 1,19 39,00 8.060,00 6111
801 244,10 1,19 1,19 39,00 8.070,00 6111
802 244,10 1,19 1,19 39,00 8.080,00 6111
803 244,10 1,19 1,19 39,00 8.090,00 6111
804 244,10 1,19 1,19 39,00 8.100,00 6111
805 244,10 1,19 1,19 39,00 8.110,00 6111
806 244,10 1,19 1,19 39,00 8.120,00 6111
807 244,10 1,19 1,19 39,00 8.130,00 6111
808 244,10 1,19 1,19 39,00 8.140,00 6111
809 244,10 1,19 1,19 39,00 8.150,00 6111
810 244,10 1,19 1,19 75,00 8.160,00 6111
811 244,10 1,19 1,19 75,00 8.170,00 6120
812 244,10 1,19 1,19 75,00 8.180,00 6122
813 244,10 1,19 1,19 75,00 8.190,00 6123
814 244,10 1,19 1,19 75,00 8.200,00 6123
815 244,10 2,23 2,23 75,00 8.210,00 6123
816 244,10 2,23 2,23 75,00 8.220,00 6123
817 244,10 2,23 2,23 75,00 8.230,00 6123
818 244,10 2,23 2,23 75,00 8.240,00 6123
819 244,10 2,23 2,23 75,00 8.250,00 6123
820 244,10 2,23 2,23 75,00 8.260,00 6123
821 244,10 2,23 2,23 75,00 8.270,00 6123
822 244,10 2,23 2,23 75,00 8.280,00 6123
823 244,10 2,23 2,23 75,00 8.290,00 6123
824 244,10 2,23 2,23 75,00 8.300,00 6123
825 244,10 2,23 2,23 75,00 8.310,00 6123
826 244,10 2,23 2,23 75,00 8.320,00 6123
827 244,10 2,23 2,23 75,00 8.330,00 6123
828 244,10 2,23 2,23 75,00 8.340,00 6123
829 244,10 2,23 2,23 75,00 8.350,00 6123
830 244,10 2,23 2,23 75,00 8.360,00 6123
831 244,10 2,23 2,23 75,00 8.370,00 6123
832 244,10 2,23 2,23 75,00 8.380,00 6123
833 244,10 2,23 2,23 75,00 8.390,00 6123
834 244,10 2,18 2,18 75,00 8.400,00 6123
835 244,10 2,18 2,18 75,00 8.410,00 6123
836 244,10 2,18 2,18 75,00 8.420,00 6123
837 244,10 2,18 2,18 75,00 8.430,00 6123
838 244,10 2,18 2,18 75,00 8.440,00 6123
839 244,10 2,18 2,18 75,00 8.450,00 6123
840 244,10 2,18 2,18 29,00 8.460,00 6123
841 244,10 2,18 2,18 29,00 8.470,00 6130
842 244,10 2,18 2,18 29,00 8.480,00 6130
843 244,10 2,18 2,18 29,00 8.490,00 6130
844 244,10 2,18 2,18 29,00 8.500,00 6130
845 244,10 2,18 2,18 29,00 8.510,00 6130
846 244,10 2,18 2,18 29,00 8.520,00 6130
847 244,10 2,18 2,18 29,00 8.530,00 6130
848 244,10 2,18 2,18 29,00 8.540,00 6130
849 244,10 2,18 2,18 29,00 8.550,00 6130
850 244,10 2,18 2,18 29,00 8.560,00 6130
851 244,10 2,18 2,18 29,00 8.570,00 6130
852 244,10 2,18 2,18 29,00 8.580,00 6130
853 244,10 2,18 2,18 29,00 8.590,00 6130
854 244,10 0,82 0,82 29,00 8.600,00 6130
855 244,10 0,82 0,82 29,00 8.610,00 6130
856 244,10 0,82 0,82 29,00 8.620,00 6130
857 244,10 0,82 0,82 29,00 8.630,00 6130
858 244,10 0,82 0,82 29,00 8.640,00 6130
859 244,10 0,82 0,82 29,00 8.650,00 6130
860 244,10 0,82 0,82 29,00 8.660,00 6130
861 244,10 0,82 0,82 29,00 8.670,00 6130
862 244,10 0,82 0,82 29,00 8.680,00 6130
863 244,10 0,82 0,82 29,00 8.690,00 6130
864 244,10 0,82 0,82 29,00 8.700,00 6130
865 244,10 0,82 0,82 29,00 8.710,00 6130
866 244,10 0,81 0,81 29,00 8.720,00 6130
867 244,10 0,81 0,81 29,00 8.730,00 6130
868 244,10 0,81 0,81 29,00 8.740,00 6130
869 244,10 0,81 0,81 29,00 8.750,00 6130
870 244,10 0,81 0,81 91,00 8.760,00 6130
871 244,10 0,81 0,81 91,00 8.770,00 6139
872 244,10 2,53 2,53 91,00 8.780,00 6142
873 244,10 2,53 2,53 91,00 8.790,00 6144
874 244,10 2,53 2,53 91,00 8.800,00 6144
875 244,10 2,53 2,53 91,00 8.810,00 6152
876 244,10 2,53 2,53 91,00 8.820,00 6155
877 244,10 2,53 2,53 91,00 8.830,00 6156
878 244,10 2,53 2,53 91,00 8.840,00 6156
879 244,10 2,51 2,51 91,00 8.850,00 6156
880 244,10 2,51 2,51 91,00 8.860,00 6156
881 244,10 2,51 2,51 91,00 8.870,00 6156
882 244,10 2,51 2,51 91,00 8.880,00 6156
883 244,10 2,51 2,51 91,00 8.890,00 6156
884 244,10 2,51 2,51 91,00 8.900,00 6156
885 244,10 2,51 2,51 91,00 8.910,00 6156
886 244,10 2,51 2,51 91,00 8.920,00 6156
887 244,10 2,51 2,51 91,00 8.930,00 6156
888 244,10 2,51 2,51 91,00 8.940,00 6156
889 244,10 2,51 2,51 91,00 8.950,00 6156
890 244,10 2,51 2,51 91,00 8.960,00 6156
891 244,10 2,51 2,51 91,00 8.970,00 6156
892 244,10 2,51 2,51 91,00 8.980,00 6156
893 244,10 2,51 2,51 91,00 8.990,00 6156
894 244,10 2,51 2,51 91,00 9.000,00 6156
895 244,10 2,47 2,47 91,00 9.010,00 6156
896 244,10 2,47 2,47 91,00 9.020,00 6156
897 244,10 2,47 2,47 91,00 9.030,00 6156
898 244,10 2,47 2,47 91,00 9.040,00 6156
899 244,10 2,45 2,45 91,00 9.050,00 6156
900 244,10 2,45 2,45 17,00 9.060,00 6156
901 244,10 2,45 2,45 17,00 9.070,00 6161
902 244,10 2,45 2,45 17,00 9.080,00 6162
903 244,10 2,45 2,45 17,00 9.090,00 6163
904 244,10 2,45 2,45 17,00 9.100,00 6163
905 244,10 2,45 2,45 17,00 9.110,00 6164
906 244,10 2,45 2,45 17,00 9.120,00 6165
907 244,10 2,45 2,45 17,00 9.130,00 6165
908 244,10 2,45 2,45 17,00 9.140,00 6165
909 244,10 2,45 2,45 17,00 9.150,00 6165
910 244,10 2,45 2,45 17,00 9.160,00 6165
911 244,10 2,45 2,45 17,00 9.170,00 6165
912 244,10 0,45 0,45 17,00 9.180,00 6165
913 244,10 0,45 0,45 17,00 9.190,00 6165
914 244,10 0,45 0,45 17,00 9.200,00 6165
915 244,10 0,45 0,45 17,00 9.210,00 6165
916 244,10 0,45 0,45 17,00 9.220,00 6165
917 244,10 0,45 0,45 17,00 9.230,00 6165
918 244,10 0,45 0,45 17,00 9.240,00 6165
919 244,10 0,45 0,45 17,00 9.250,00 6165
920 244,10 0,45 0,45 17,00 9.260,00 6165
921 244,10 0,45 0,45 17,00 9.270,00 6165
922 244,10 0,45 0,45 17,00 9.280,00 6165
923 244,10 0,45 0,45 17,00 9.290,00 6165
924 244,10 0,45 0,45 17,00 9.300,00 6165
925 244,10 0,45 0,45 17,00 9.310,00 6165
926 244,10 0,45 0,45 17,00 9.320,00 6165
927 244,10 0,45 0,45 17,00 9.330,00 6165
928 244,10 0,45 0,45 17,00 9.340,00 6165
929 244,10 0,45 0,45 17,00 9.350,00 6165
930 244,10 0,45 0,45 95,00 9.360,00 6165
931 244,10 0,45 0,45 95,00 9.370,00 6173
932 244,10 0,45 0,45 95,00 9.380,00 6176
933 244,10 0,45 0,45 95,00 9.390,00 6176
934 244,10 0,45 0,45 95,00 9.400,00 6176
935 244,10 2,46 2,46 95,00 9.410,00 6176
936 244,10 2,46 2,46 95,00 9.420,00 6177
937 244,10 2,46 2,46 95,00 9.430,00 6177
938 244,10 2,46 2,46 95,00 9.440,00 6177
939 244,10 2,46 2,46 95,00 9.450,00 6177
940 244,10 2,46 2,46 95,00 9.460,00 6177
941 244,10 2,46 2,46 95,00 9.470,00 6177
942 244,10 2,46 2,46 95,00 9.480,00 6177
943 244,10 2,46 2,46 95,00 9.490,00 6177
944 244,10 2,46 2,46 95,00 9.500,00 6177
945 244,10 2,46 2,46 95,00 9.510,00 6177
946 244,10 2,46 2,46 95,00 9.520,00 6177
947 244,10 2,46 2,46 95,00 9.530,00 6177
948 244,10 2,46 2,46 95,00 9.540,00 6177
949 244,10 2,46 2,46 95,00 9.550,00 6177
950 244,10 2,46 2,46 95,00 9.560,00 6177
951 244,10 2,46 2,46 95,00 9.570,00 6177
952 244,10 2,46 2,46 95,00 9.580,00 6177
953 244,10 2,46 2,46 95,00 9.590,00 6177
954 244,10 2,46 2,46 95,00 9.600,00 6177
955 244,10 2,46 2,46 95,00 9.610,00 6177
956 244,10 2,46 2,46 95,00 9.620,00 6177
957 244,10 2,46 2,46 95,00 9.630,00 6177
958 244,10 2,46 2,46 95,00 9.640,00 6177
959 244,10 2,46 2,46 95,00 9.650,00 6177
960 244,10 2,46 2,46 19,00 9.660,00 6177
961 244,10 2,46 2,46 19,00 9.670,00 6179
962 244,10 2,46 2,46 19,00 9.680,00 6180
963 244,10 2,46 2,46 19,00 9.690,00 6180
964 244,10 2,46 2,46 19,00 9.700,00 6180
965 244,10 2,46 2,46 19,00 9.710,00 6181
966 244,10 2,46 2,46 19,00 9.720,00 6181
967 244,10 2,46 2,46 19,00 9.730,00 6181
968 244,10 2,46 2,46 19,00 9.740,00 6181
969 244,10 2,46 2,46 19,00 9.750,00 6181
970 244,10 2,46 2,46 19,00 9.760,00 6181
971 244,10 0,47 0,47 19,00 9.770,00 6181
972 244,10 0,47 0,47 19,00 9.780,00 6181
973 244,10 0,47 0,47 19,00 9.790,00 6181
974 244,10 0,47 0,47 19,00 9.800,00 6181
975 244,10 0,47 0,47 19,00 9.810,00 6181
976 244,10 0,47 0,47 19,00 9.820,00 6181
977 244,10 0,47 0,47 19,00 9.830,00 6181
978 244,10 0,47 0,47 19,00 9.840,00 6181
979 244,10 0,47 0,47 19,00 9.850,00 6181
980 244,10 0,47 0,47 19,00 9.860,00 6181
981 244,10 0,47 0,47 19,00 9.870,00 6181
982 244,10 0,47 0,47 19,00 9.880,00 6181
983 244,10 0,47 0,47 19,00 9.890,00 6181
984 244,10 0,47 0,47 19,00 9.900,00 6181
985 244,10 0,47 0,47 19,00 9.910,00 6181
986 244,10 0,47 0,47 19,00 9.920,00 6181
987 244,10 0,47 0,47 19,00 9.930,00 6181
988 244,10 0,47 0,47 19,00 9.940,00 6181
989 244,10 0,47 0,47 19,00 9.950,00 6181
990 244,10 0,47 0,47 95,00 9.960,00 6181
991 244,10 0,47 0,47 95,00 9.970,00 6187
992 244,10 0,47 0,47 95,00 9.980,00 6189
993 244,10 0,47 0,47 95,00 9.990,00 6189
994 244,10 2,32 2,32 95,00 10.000,00 6189
995 244,10 2,32 2,32 95,00 10.010,00 6189
996 244,10 2,32 2,32 95,00 10.020,00 6189
997 244,10 2,32 2,32 95,00 10.030,00 6189
998 244,10 2,32 2,32 95,00 10.040,00 6189
999 244,10 2,32 2,32 95,00 10.050,00 6189
