1000
0 388,96 388,96 388,96 1,00 66,00 0
1 388,96 388,96 388,96 1,00 73,00 1235
2 388,96 388,96 422,34 1,00 80,00 1774
3 388,96 388,96 436,96 1,00 87,00 1865
4 388,96 388,96 437,97 1,00 94,00 1875
5 388,96 388,96 437,23 1,00 101,00 1879
6 388,96 388,96 437,84 1,00 108,00 1881
7 388,96 388,96 438,43 1,00 115,00 1881
8 388,96 388,96 438,43 1,00 122,00 1881
9 388,96 388,96 438,43 1,00 129,00 1881
10 388,96 2,86 3,22 1,00 136,00 1881
11 388,96 2,86 3,22 1,00 143,00 1881
12 388,96 2,86 3,22 1,00 150,00 1881
13 388,96 2,86 3,22 1,00 157,00 1881
14 388,96 2,86 3,22 1,00 164,00 1881
15 388,96 2,86 3,22 1,00 171,00 1881
16 388,96 2,86 3,22 1,00 178,00 1881
17 388,96 2,86 3,22 1,00 185,00 1881
18 388,96 2,86 3,22 1,00 192,00 1881
19 388,96 2,86 3,22 1,00 199,00 1881
20 388,96 2,86 3,22 1,00 206,00 1881
21 388,96 2,86 3,22 1,00 213,00 1881
22 388,96 2,86 3,22 1,00 220,00 1881
23 388,96 2,86 3,22 1,00 227,00 1881
24 388,96 2,86 3,22 1,00 234,00 1881
25 388,96 2,86 3,22 1,00 241,00 1881
26 388,96 2,86 3,22 1,00 248,00 1881
27 388,96 2,86 3,22 1,00 255,00 1881
28 388,96 2,86 3,22 1,00 262,00 1881
29 388,96 2,86 3,22 1,00 269,00 1881
30 388,96 2,86 3,22 93,00 276,00 1881
31 388,96 131,54 148,27 93,00 282,00 2704
32 388,96 128,73 134,34 93,00 288,00 3431
33 388,96 128,73 174,02 93,00 295,00 3821
34 388,96 128,73 172,57 93,00 302,00 4072
35 388,96 128,73 186,91 93,00 309,00 4286
36 388,96 128,73 177,04 93,00 316,00 4405
37 388,96 128,73 176,37 93,00 323,00 4558
38 388,96 128,73 185,43 93,00 330,00 4625
39 388,96 128,73 180,41 93,00 337,00 4666
40 388,96 128,73 183,13 93,00 344,00 4711
41 388,96 128,73 183,46 93,00 351,00 4762
42 388,96 128,73 188,38 93,00 358,00 4795
43 388,96 128,73 181,38 93,00 365,00 4831
44 388,96 128,73 185,93 93,00 372,00 4863
45 388,96 95,44 137,84 93,00 379,00 4893
46 388,96 93,71 135,32 93,00 386,00 4918
47 388,96 93,71 135,32 93,00 393,00 4938
48 388,96 90,43 130,59 93,00 400,00 4953
49 388,96 90,43 130,59 93,00 407,00 4969
50 388,96 90,43 130,59 93,00 414,00 4978
51 388,96 90,43 130,59 93,00 421,00 4991
52 388,96 90,43 130,59 93,00 428,00 5006
53 388,96 90,43 130,59 93,00 435,00 5016
54 388,96 90,43 130,59 93,00 442,00 5027
55 388,96 90,43 130,59 93,00 449,00 5033
56 388,96 90,43 130,59 93,00 456,00 5043
57 388,96 90,43 130,59 93,00 463,00 5047
58 388,96 90,43 130,59 93,00 470,00 5055
59 388,96 90,43 130,59 93,00 477,00 5061
60 388,96 74,74 107,92 1,00 484,00 5068
61 388,96 74,74 107,92 1,00 491,00 5076
62 388,96 0,78 1,13 1,00 498,00 5097
63 388,96 0,78 1,13 1,00 505,00 5110
64 388,96 0,78 1,13 1,00 512,00 5114
65 388,96 0,78 1,13 1,00 519,00 5115
66 388,96 0,78 1,13 1,00 526,00 5118
67 388,96 0,78 1,13 1,00 533,00 5123
68 388,96 0,78 1,13 1,00 540,00 5124
69 388,96 0,78 1,13 1,00 547,00 5125
70 388,96 0,78 1,13 1,00 554,00 5125
71 388,96 0,78 1,13 1,00 561,00 5125
72 388,96 0,78 1,13 1,00 568,00 5125
73 388,96 0,78 1,13 1,00 575,00 5125
74 388,96 0,78 1,13 1,00 582,00 5126
75 388,96 0,78 1,13 1,00 589,00 5126
76 388,96 0,65 0,94 1,00 596,00 5126
77 388,96 0,65 0,94 1,00 603,00 5126
78 388,96 0,65 0,94 1,00 610,00 5127
79 388,96 0,65 0,94 1,00 617,00 5128
80 388,96 0,65 0,94 1,00 624,00 5128
81 388,96 0,65 0,94 1,00 631,00 5128
82 388,96 0,65 0,94 1,00 638,00 5128
83 388,96 0,65 0,94 1,00 645,00 5128
84 388,96 0,65 0,94 1,00 652,00 5128
85 388,96 0,65 0,94 1,00 659,00 5128
86 388,96 0,65 0,94 1,00 666,00 5128
87 388,96 0,58 0,83 1,00 673,00 5128
88 388,96 0,57 0,83 1,00 680,00 5129
89 388,96 0,57 0,83 1,00 687,00 5133
90 388,96 0,56 0,81 99,00 694,00 5133
91 388,96 55,57 80,26 99,00 700,00 5240
92 388,96 55,57 80,24 99,00 707,00 5280
93 388,96 55,57 80,23 99,00 714,00 5298
94 388,96 55,57 80,24 99,00 721,00 5308
95 388,96 55,57 80,24 99,00 728,00 5318
96 388,96 55,57 80,24 99,00 735,00 5327
97 388,96 55,57 80,24 99,00 742,00 5336
98 388,96 55,57 80,24 99,00 749,00 5340
99 388,96 55,57 80,24 99,00 756,00 5347
100 388,96 55,57 80,25 99,00 763,00 5351
101 388,96 55,57 80,24 99,00 770,00 5353
102 388,96 55,57 80,24 99,00 777,00 5354
103 388,96 55,57 80,24 99,00 784,00 5357
104 388,96 55,57 80,24 99,00 791,00 5357
105 388,96 55,57 80,24 99,00 798,00 5357
106 388,96 55,57 80,24 99,00 805,00 5357
107 388,96 55,57 80,24 99,00 812,00 5357
108 388,96 55,57 80,24 99,00 819,00 5357
109 388,96 46,62 67,32 99,00 826,00 5359
110 388,96 46,62 67,32 99,00 833,00 5359
111 388,96 46,62 67,32 99,00 840,00 5360
112 388,96 46,62 67,32 99,00 847,00 5362
113 388,96 45,09 65,11 99,00 854,00 5364
114 388,96 45,09 65,11 99,00 861,00 5366
115 388,96 45,09 65,11 99,00 868,00 5366
116 388,96 45,09 65,11 99,00 875,00 5366
117 388,96 45,09 65,11 99,00 882,00 5366
118 388,96 45,09 65,11 99,00 889,00 5367
119 388,96 45,09 65,11 99,00 896,00 5368
120 388,96 45,09 65,11 1,00 903,00 5368
121 388,96 45,09 65,11 1,00 910,00 5378
122 388,96 45,09 65,12 1,00 917,00 5387
123 388,96 45,09 65,11 1,00 924,00 5391
124 388,96 45,09 65,11 1,00 931,00 5392
125 388,96 45,09 65,11 1,00 938,00 5392
126 388,96 0,41 0,59 1,00 945,00 5392
127 388,96 0,41 0,59 1,00 952,00 5392
128 388,96 0,41 0,59 1,00 959,00 5392
129 388,96 0,40 0,58 1,00 966,00 5392
130 388,96 0,40 0,58 1,00 973,00 5392
131 388,96 0,40 0,58 1,00 980,00 5392
132 388,96 0,40 0,58 1,00 987,00 5392
133 388,96 0,40 0,58 1,00 994,00 5392
134 388,96 0,40 0,58 1,00 1.001,00 5392
135 388,96 0,40 0,58 1,00 1.008,00 5392
136 388,96 0,40 0,58 1,00 1.015,00 5392
137 388,96 0,40 0,58 1,00 1.022,00 5392
138 388,96 0,40 0,58 1,00 1.029,00 5392
139 388,96 0,40 0,58 1,00 1.036,00 5392
140 388,96 0,40 0,58 1,00 1.043,00 5397
141 388,96 0,40 0,58 1,00 1.050,00 5398
142 388,96 0,40 0,58 1,00 1.057,00 5398
143 388,96 0,40 0,58 1,00 1.064,00 5398
144 388,96 0,40 0,58 1,00 1.071,00 5398
145 388,96 0,40 0,58 1,00 1.078,00 5398
146 388,96 0,40 0,58 1,00 1.085,00 5398
147 388,96 0,40 0,58 1,00 1.092,00 5398
148 388,96 0,40 0,58 1,00 1.099,00 5398
149 388,96 0,40 0,58 1,00 1.106,00 5398
150 388,96 0,40 0,58 99,00 1.113,00 5398
151 388,96 0,40 0,58 99,00 1.120,00 5443
152 388,96 34,17 49,34 99,00 1.127,00 5461
153 388,96 34,17 49,34 99,00 1.134,00 5469
154 388,96 34,17 49,34 99,00 1.141,00 5476
155 388,96 34,17 49,34 99,00 1.148,00 5480
156 388,96 34,17 49,34 99,00 1.155,00 5482
157 388,96 34,17 49,34 99,00 1.162,00 5482
158 388,96 34,17 49,34 99,00 1.169,00 5492
159 388,96 32,74 47,28 99,00 1.176,00 5501
160 388,96 32,74 47,28 99,00 1.183,00 5510
161 388,96 32,36 46,73 99,00 1.190,00 5520
162 388,96 32,36 46,73 99,00 1.197,00 5532
163 388,96 32,36 46,73 99,00 1.204,00 5544
164 388,96 32,36 46,73 99,00 1.211,00 5553
165 388,96 32,36 46,73 99,00 1.218,00 5560
166 388,96 32,36 46,73 99,00 1.225,00 5566
167 388,96 32,36 46,73 99,00 1.232,00 5570
168 388,96 32,36 46,73 99,00 1.239,00 5573
169 388,96 32,36 46,73 99,00 1.246,00 5575
170 388,96 32,36 46,73 99,00 1.253,00 5576
171 388,96 32,36 46,73 99,00 1.260,00 5577
172 388,96 32,36 46,73 99,00 1.267,00 5578
173 388,96 32,36 46,73 99,00 1.274,00 5579
174 388,96 30,06 43,41 99,00 1.281,00 5580
175 388,96 30,06 43,41 99,00 1.288,00 5582
176 388,96 30,06 43,41 99,00 1.295,00 5583
177 388,96 30,06 43,41 99,00 1.302,00 5584
178 388,96 30,06 43,41 99,00 1.309,00 5587
179 388,96 30,06 43,41 99,00 1.316,00 5589
180 388,96 30,06 43,41 1,00 1.323,00 5591
181 388,96 30,06 43,41 1,00 1.330,00 5600
182 388,96 30,06 43,41 1,00 1.337,00 5601
183 388,96 30,06 43,41 1,00 1.344,00 5602
184 388,96 30,06 43,41 1,00 1.351,00 5602
185 388,96 30,06 43,41 1,00 1.358,00 5602
186 388,96 30,06 43,41 1,00 1.365,00 5602
187 388,96 30,06 43,41 1,00 1.372,00 5602
188 388,96 0,28 0,41 1,00 1.379,00 5602
189 388,96 0,28 0,41 1,00 1.386,00 5602
190 388,96 0,28 0,40 1,00 1.393,00 5602
191 388,96 0,28 0,40 1,00 1.400,00 5604
192 388,96 0,28 0,40 1,00 1.407,00 5606
193 388,96 0,28 0,40 1,00 1.414,00 5607
194 388,96 0,28 0,40 1,00 1.421,00 5611
195 388,96 0,28 0,40 1,00 1.428,00 5613
196 388,96 0,28 0,40 1,00 1.435,00 5613
197 388,96 0,27 0,39 1,00 1.442,00 5613
198 388,96 0,27 0,39 1,00 1.449,00 5613
199 388,96 0,27 0,39 1,00 1.456,00 5613
200 388,96 0,27 0,39 1,00 1.463,00 5613
201 388,96 0,27 0,39 1,00 1.470,00 5613
202 388,96 0,27 0,39 1,00 1.477,00 5613
203 388,96 0,26 0,38 1,00 1.484,00 5613
204 388,96 0,26 0,38 1,00 1.491,00 5613
205 388,96 0,26 0,38 1,00 1.498,00 5613
206 388,96 0,26 0,38 1,00 1.505,00 5613
207 388,96 0,26 0,38 1,00 1.512,00 5613
208 388,96 0,26 0,38 1,00 1.519,00 5614
209 388,96 0,26 0,38 1,00 1.526,00 5616
210 388,96 0,25 0,37 97,00 1.533,00 5616
211 388,96 24,50 35,38 97,00 1.540,00 5655
212 388,96 24,50 35,38 97,00 1.547,00 5665
213 388,96 24,50 35,38 97,00 1.554,00 5671
214 388,96 24,50 35,38 97,00 1.561,00 5671
215 388,96 24,50 35,38 97,00 1.568,00 5671
216 388,96 24,50 35,38 97,00 1.575,00 5671
217 388,96 24,50 35,38 97,00 1.582,00 5671
218 388,96 24,50 35,38 97,00 1.589,00 5671
219 388,96 24,50 35,38 97,00 1.596,00 5671
220 388,96 24,50 35,38 97,00 1.603,00 5671
221 388,96 24,50 35,38 97,00 1.610,00 5671
222 388,96 24,50 35,38 97,00 1.617,00 5671
223 388,96 24,50 35,38 97,00 1.624,00 5671
224 388,96 24,50 35,38 97,00 1.631,00 5671
225 388,96 24,50 35,38 97,00 1.638,00 5671
226 388,96 24,50 35,38 97,00 1.645,00 5671
227 388,96 24,50 35,38 97,00 1.652,00 5671
228 388,96 22,74 32,84 97,00 1.659,00 5671
229 388,96 22,74 32,84 97,00 1.666,00 5671
230 388,96 22,55 32,56 97,00 1.673,00 5671
231 388,96 22,55 32,56 97,00 1.680,00 5671
232 388,96 22,55 32,56 97,00 1.687,00 5671
233 388,96 22,55 32,56 97,00 1.694,00 5671
234 388,96 22,55 32,56 97,00 1.701,00 5671
235 388,96 22,55 32,56 97,00 1.708,00 5671
236 388,96 22,55 32,56 97,00 1.715,00 5671
237 388,96 22,55 32,56 97,00 1.722,00 5671
238 388,96 22,55 32,56 97,00 1.729,00 5671
239 388,96 22,55 32,56 97,00 1.736,00 5671
240 388,96 22,55 32,56 1,00 1.743,00 5671
241 388,96 22,55 32,56 1,00 1.750,00 5686
242 388,96 22,55 32,57 1,00 1.757,00 5686
243 388,96 22,55 32,57 1,00 1.764,00 5687
244 388,96 22,55 32,57 1,00 1.771,00 5688
245 388,96 22,55 32,57 1,00 1.778,00 5688
246 388,96 22,55 32,57 1,00 1.785,00 5688
247 388,96 22,55 32,57 1,00 1.792,00 5688
248 388,96 22,55 32,57 1,00 1.799,00 5688
249 388,96 22,55 32,57 1,00 1.806,00 5691
250 388,96 0,21 0,31 1,00 1.813,00 5693
251 388,96 0,21 0,31 1,00 1.820,00 5693
252 388,96 0,21 0,31 1,00 1.827,00 5693
253 388,96 0,21 0,31 1,00 1.834,00 5694
254 388,96 0,21 0,31 1,00 1.841,00 5694
255 388,96 0,21 0,31 1,00 1.848,00 5694
256 388,96 0,21 0,31 1,00 1.855,00 5694
257 388,96 0,21 0,31 1,00 1.862,00 5694
258 388,96 0,21 0,31 1,00 1.869,00 5694
259 388,96 0,21 0,31 1,00 1.876,00 5694
260 388,96 0,21 0,31 1,00 1.883,00 5694
261 388,96 0,21 0,30 1,00 1.890,00 5694
262 388,96 0,21 0,30 1,00 1.897,00 5694
263 388,96 0,21 0,30 1,00 1.904,00 5694
264 388,96 0,21 0,30 1,00 1.911,00 5694
265 388,96 0,21 0,30 1,00 1.918,00 5694
266 388,96 0,21 0,30 1,00 1.925,00 5694
267 388,96 0,21 0,30 1,00 1.932,00 5694
268 388,96 0,21 0,30 1,00 1.939,00 5694
269 388,96 0,21 0,30 1,00 1.946,00 5694
270 388,96 0,21 0,30 99,00 1.953,00 5694
271 388,96 0,21 0,30 99,00 1.960,00 5724
272 388,96 0,21 0,30 99,00 1.967,00 5736
273 388,96 0,21 0,30 99,00 1.974,00 5742
274 388,96 0,21 0,30 99,00 1.981,00 5742
275 388,96 0,21 0,30 99,00 1.988,00 5742
276 388,96 0,21 0,30 99,00 1.995,00 5742
277 388,96 0,21 0,30 99,00 2.002,00 5742
278 388,96 0,21 0,30 99,00 2.009,00 5742
279 388,96 0,21 0,30 99,00 2.016,00 5742
280 388,96 19,03 27,49 99,00 2.023,00 5742
281 388,96 19,03 27,49 99,00 2.030,00 5742
282 388,96 19,03 27,49 99,00 2.037,00 5742
283 388,96 19,03 27,49 99,00 2.044,00 5742
284 388,96 19,03 27,49 99,00 2.051,00 5742
285 388,96 18,71 27,02 99,00 2.058,00 5742
286 388,96 18,71 27,02 99,00 2.065,00 5742
287 388,96 18,71 27,02 99,00 2.072,00 5742
288 388,96 18,52 26,75 99,00 2.079,00 5742
289 388,96 18,52 26,75 99,00 2.086,00 5742
290 388,96 18,52 26,75 99,00 2.093,00 5742
291 388,96 18,52 26,75 99,00 2.100,00 5742
292 388,96 18,52 26,75 99,00 2.107,00 5742
293 388,96 18,52 26,75 99,00 2.114,00 5742
294 388,96 18,15 26,22 99,00 2.121,00 5742
295 388,96 18,15 26,22 99,00 2.128,00 5742
296 388,96 18,15 26,22 99,00 2.135,00 5742
297 388,96 18,15 26,22 99,00 2.142,00 5742
298 388,96 18,15 26,22 99,00 2.149,00 5742
299 388,96 18,15 26,22 99,00 2.156,00 5742
300 388,96 18,15 26,22 1,00 2.163,00 5742
301 388,96 18,15 26,22 1,00 2.170,00 5752
302 388,96 18,15 26,22 1,00 2.177,00 5752
303 388,96 18,15 26,22 1,00 2.184,00 5752
304 388,96 18,15 26,22 1,00 2.191,00 5752
305 388,96 0,18 0,26 1,00 2.198,00 5752
306 388,96 0,18 0,26 1,00 2.205,00 5762
307 388,96 0,18 0,26 1,00 2.212,00 5773
308 388,96 0,18 0,26 1,00 2.219,00 5778
309 388,96 0,18 0,26 1,00 2.226,00 5780
310 388,96 0,18 0,26 1,00 2.233,00 5780
311 388,96 0,18 0,26 1,00 2.240,00 5780
312 388,96 0,18 0,26 1,00 2.247,00 5780
313 388,96 0,18 0,26 1,00 2.254,00 5782
314 388,96 0,18 0,26 1,00 2.261,00 5783
315 388,96 0,18 0,26 1,00 2.268,00 5783
316 388,96 0,18 0,26 1,00 2.275,00 5783
317 388,96 0,18 0,26 1,00 2.282,00 5783
318 388,96 0,18 0,26 1,00 2.289,00 5783
319 388,96 0,17 0,24 1,00 2.296,00 5783
320 388,96 0,17 0,24 1,00 2.303,00 5783
321 388,96 0,17 0,24 1,00 2.310,00 5783
322 388,96 0,17 0,24 1,00 2.317,00 5783
323 388,96 0,17 0,24 1,00 2.324,00 5783
324 388,96 0,17 0,24 1,00 2.331,00 5783
325 388,96 0,17 0,24 1,00 2.338,00 5783
326 388,96 0,17 0,24 1,00 2.345,00 5783
327 388,96 0,17 0,24 1,00 2.352,00 5783
328 388,96 0,16 0,24 1,00 2.359,00 5783
329 388,96 0,16 0,24 1,00 2.366,00 5783
330 388,96 0,16 0,24 99,00 2.373,00 5783
331 388,96 0,16 0,24 99,00 2.380,00 5809
332 388,96 0,16 0,24 99,00 2.387,00 5815
333 388,96 0,16 0,24 99,00 2.394,00 5818
334 388,96 0,16 0,24 99,00 2.401,00 5819
335 388,96 0,16 0,24 99,00 2.408,00 5820
336 388,96 0,16 0,24 99,00 2.415,00 5820
337 388,96 0,16 0,24 99,00 2.422,00 5820
338 388,96 0,16 0,24 99,00 2.429,00 5820
339 388,96 0,16 0,24 99,00 2.436,00 5820
340 388,96 15,76 22,76 99,00 2.443,00 5820
341 388,96 15,76 22,76 99,00 2.450,00 5820
342 388,96 15,76 22,76 99,00 2.457,00 5820
343 388,96 15,76 22,76 99,00 2.464,00 5820
344 388,96 15,76 22,76 99,00 2.471,00 5820
345 388,96 15,76 22,76 99,00 2.478,00 5820
346 388,96 15,76 22,76 99,00 2.485,00 5820
347 388,96 15,76 22,76 99,00 2.492,00 5820
348 388,96 15,76 22,76 99,00 2.499,00 5820
349 388,96 15,76 22,76 99,00 2.506,00 5820
350 388,96 15,32 22,13 99,00 2.513,00 5820
351 388,96 15,28 22,07 99,00 2.520,00 5820
352 388,96 15,28 22,07 99,00 2.527,00 5820
353 388,96 15,28 22,07 99,00 2.534,00 5820
354 388,96 15,28 22,07 99,00 2.541,00 5820
355 388,96 15,28 22,07 99,00 2.548,00 5820
356 388,96 15,28 22,07 99,00 2.555,00 5820
357 388,96 15,28 22,07 99,00 2.562,00 5820
358 388,96 15,28 22,07 99,00 2.569,00 5820
359 388,96 15,28 22,07 99,00 2.576,00 5820
360 388,96 15,28 22,07 1,00 2.583,00 5820
361 388,96 15,28 22,07 1,00 2.590,00 5827
362 388,96 15,28 22,07 1,00 2.597,00 5827
363 388,96 15,28 22,07 1,00 2.604,00 5827
364 388,96 15,28 22,07 1,00 2.611,00 5827
365 388,96 15,28 22,07 1,00 2.618,00 5827
366 388,96 15,28 22,07 1,00 2.625,00 5827
367 388,96 15,28 22,07 1,00 2.632,00 5827
368 388,96 15,28 22,07 1,00 2.639,00 5827
369 388,96 15,28 22,07 1,00 2.646,00 5827
370 388,96 15,28 22,07 1,00 2.653,00 5827
371 388,96 15,28 22,07 1,00 2.660,00 5827
372 388,96 15,28 22,07 1,00 2.667,00 5827
373 388,96 15,28 22,07 1,00 2.674,00 5827
374 388,96 15,28 22,07 1,00 2.681,00 5827
375 388,96 15,28 22,07 1,00 2.688,00 5827
376 388,96 15,28 22,07 1,00 2.695,00 5827
377 388,96 15,28 22,07 1,00 2.702,00 5827
378 388,96 15,28 22,07 1,00 2.709,00 5827
379 388,96 15,28 22,07 1,00 2.716,00 5827
380 388,96 0,14 0,21 1,00 2.723,00 5827
381 388,96 0,14 0,21 1,00 2.730,00 5827
382 388,96 0,14 0,21 1,00 2.737,00 5827
383 388,96 0,14 0,21 1,00 2.744,00 5833
384 388,96 0,14 0,21 1,00 2.751,00 5833
385 388,96 0,14 0,21 1,00 2.758,00 5833
386 388,96 0,14 0,21 1,00 2.765,00 5833
387 388,96 0,14 0,21 1,00 2.772,00 5833
388 388,96 0,14 0,21 1,00 2.779,00 5833
389 388,96 0,14 0,21 1,00 2.786,00 5833
390 388,96 0,14 0,21 99,00 2.793,00 5833
391 388,96 0,14 0,21 99,00 2.800,00 5854
392 388,96 0,14 0,21 99,00 2.807,00 5858
393 388,96 0,14 0,21 99,00 2.814,00 5861
394 388,96 0,14 0,21 99,00 2.821,00 5861
395 388,96 0,14 0,21 99,00 2.828,00 5861
396 388,96 0,14 0,21 99,00 2.835,00 5861
397 388,96 0,14 0,21 99,00 2.842,00 5861
398 388,96 0,14 0,21 99,00 2.849,00 5861
399 388,96 0,14 0,21 99,00 2.856,00 5861
400 388,96 0,14 0,21 99,00 2.863,00 5861
401 388,96 0,14 0,21 99,00 2.870,00 5865
402 388,96 0,14 0,21 99,00 2.877,00 5866
403 388,96 0,14 0,21 99,00 2.884,00 5866
404 388,96 0,14 0,21 99,00 2.891,00 5866
405 388,96 0,14 0,21 99,00 2.898,00 5866
406 388,96 0,14 0,21 99,00 2.905,00 5866
407 388,96 0,14 0,21 99,00 2.912,00 5866
408 388,96 0,14 0,21 99,00 2.919,00 5866
409 388,96 0,14 0,21 99,00 2.926,00 5866
410 388,96 0,14 0,21 99,00 2.933,00 5866
411 388,96 0,14 0,21 99,00 2.940,00 5866
412 388,96 0,14 0,21 99,00 2.947,00 5866
413 388,96 0,14 0,21 99,00 2.954,00 5866
414 388,96 13,00 18,78 99,00 2.961,00 5866
415 388,96 13,00 18,78 99,00 2.968,00 5866
416 388,96 13,00 18,78 99,00 2.975,00 5866
417 388,96 13,00 18,78 99,00 2.982,00 5866
418 388,96 13,00 18,78 99,00 2.989,00 5866
419 388,96 12,85 18,56 99,00 2.996,00 5866
420 388,96 12,85 18,56 1,00 3.003,00 5866
421 388,96 0,13 0,19 1,00 3.010,00 5875
422 388,96 0,13 0,19 1,00 3.017,00 5878
423 388,96 0,13 0,19 1,00 3.024,00 5879
424 388,96 0,13 0,19 1,00 3.031,00 5879
425 388,96 0,13 0,19 1,00 3.038,00 5879
426 388,96 0,13 0,19 1,00 3.045,00 5879
427 388,96 0,13 0,19 1,00 3.052,00 5879
428 388,96 0,13 0,19 1,00 3.059,00 5880
429 388,96 0,13 0,19 1,00 3.066,00 5880
430 388,96 0,13 0,19 1,00 3.073,00 5880
431 388,96 0,13 0,19 1,00 3.080,00 5880
432 388,96 0,13 0,19 1,00 3.087,00 5880
433 388,96 0,13 0,19 1,00 3.094,00 5880
434 388,96 0,13 0,19 1,00 3.101,00 5880
435 388,96 0,13 0,19 1,00 3.108,00 5880
436 388,96 0,13 0,19 1,00 3.115,00 5880
437 388,96 0,13 0,19 1,00 3.122,00 5880
438 388,96 0,13 0,19 1,00 3.129,00 5880
439 388,96 0,13 0,19 1,00 3.136,00 5880
440 388,96 0,13 0,19 1,00 3.143,00 5880
441 388,96 0,13 0,19 1,00 3.150,00 5880
442 388,96 0,12 0,18 1,00 3.157,00 5880
443 388,96 0,12 0,18 1,00 3.164,00 5880
444 388,96 0,12 0,18 1,00 3.171,00 5880
445 388,96 0,12 0,18 1,00 3.178,00 5880
446 388,96 0,12 0,18 1,00 3.185,00 5880
447 388,96 0,12 0,18 1,00 3.192,00 5880
448 388,96 0,12 0,18 1,00 3.199,00 5880
449 388,96 0,12 0,18 1,00 3.206,00 5880
450 388,96 0,12 0,17 99,00 3.213,00 5880
451 388,96 0,12 0,17 99,00 3.220,00 5901
452 388,96 0,12 0,17 99,00 3.227,00 5908
453 388,96 0,12 0,17 99,00 3.234,00 5908
454 388,96 0,12 0,17 99,00 3.241,00 5908
455 388,96 0,12 0,17 99,00 3.248,00 5908
456 388,96 11,83 17,08 99,00 3.255,00 5909
457 388,96 11,83 17,08 99,00 3.262,00 5909
458 388,96 11,78 17,01 99,00 3.269,00 5909
459 388,96 11,78 17,01 99,00 3.276,00 5909
460 388,96 11,78 17,01 99,00 3.283,00 5909
461 388,96 11,70 16,90 99,00 3.290,00 5909
462 388,96 11,70 16,90 99,00 3.297,00 5909
463 388,96 11,70 16,90 99,00 3.304,00 5909
464 388,96 11,70 16,90 99,00 3.311,00 5909
465 388,96 11,70 16,90 99,00 3.318,00 5909
466 388,96 11,70 16,90 99,00 3.325,00 5909
467 388,96 11,70 16,90 99,00 3.332,00 5909
468 388,96 11,70 16,90 99,00 3.339,00 5909
469 388,96 11,70 16,90 99,00 3.346,00 5909
470 388,96 11,70 16,90 99,00 3.353,00 5909
471 388,96 11,70 16,90 99,00 3.360,00 5909
472 388,96 11,70 16,90 99,00 3.367,00 5909
473 388,96 11,70 16,90 99,00 3.374,00 5909
474 388,96 11,70 16,90 99,00 3.381,00 5909
475 388,96 11,70 16,90 99,00 3.388,00 5909
476 388,96 11,70 16,90 99,00 3.395,00 5909
477 388,96 11,70 16,90 99,00 3.402,00 5909
478 388,96 11,70 16,90 99,00 3.409,00 5909
479 388,96 11,27 16,28 99,00 3.416,00 5909
480 388,96 11,27 16,28 1,00 3.423,00 5909
481 388,96 11,27 16,28 1,00 3.430,00 5915
482 388,96 11,27 16,28 1,00 3.437,00 5916
483 388,96 11,27 16,28 1,00 3.444,00 5916
484 388,96 11,27 16,28 1,00 3.451,00 5916
485 388,96 11,27 16,28 1,00 3.458,00 5916
486 388,96 11,27 16,28 1,00 3.465,00 5916
487 388,96 11,27 16,28 1,00 3.472,00 5916
488 388,96 11,27 16,28 1,00 3.479,00 5916
489 388,96 11,27 16,28 1,00 3.486,00 5916
490 388,96 11,27 16,28 1,00 3.493,00 5916
491 388,96 0,11 0,16 1,00 3.500,00 5916
492 388,96 0,11 0,16 1,00 3.507,00 5916
493 388,96 0,11 0,16 1,00 3.514,00 5916
494 388,96 0,11 0,16 1,00 3.521,00 5916
495 388,96 0,11 0,16 1,00 3.528,00 5916
496 388,96 0,11 0,16 1,00 3.535,00 5916
497 388,96 0,11 0,16 1,00 3.542,00 5916
498 388,96 0,11 0,16 1,00 3.549,00 5916
499 388,96 0,11 0,16 1,00 3.556,00 5916
500 388,96 0,11 0,16 1,00 3.563,00 5916
501 388,96 0,11 0,16 1,00 3.570,00 5916
502 388,96 0,11 0,16 1,00 3.577,00 5916
503 388,96 0,11 0,16 1,00 3.584,00 5916
504 388,96 0,11 0,16 1,00 3.591,00 5916
505 388,96 0,11 0,16 1,00 3.598,00 5919
506 388,96 0,11 0,16 1,00 3.605,00 5919
507 388,96 0,11 0,16 1,00 3.612,00 5919
508 388,96 0,11 0,16 1,00 3.619,00 5919
509 388,96 0,11 0,16 1,00 3.626,00 5919
510 388,96 0,11 0,16 99,00 3.633,00 5919
511 388,96 0,11 0,16 99,00 3.640,00 5935
512 388,96 0,11 0,16 99,00 3.647,00 5937
513 388,96 0,11 0,16 99,00 3.654,00 5938
514 388,96 0,11 0,16 99,00 3.661,00 5938
515 388,96 0,11 0,16 99,00 3.668,00 5938
516 388,96 0,11 0,16 99,00 3.675,00 5938
517 388,96 0,11 0,16 99,00 3.682,00 5938
518 388,96 10,44 15,07 99,00 3.689,00 5938
519 388,96 10,44 15,07 99,00 3.696,00 5938
520 388,96 10,44 15,07 99,00 3.703,00 5938
521 388,96 10,44 15,07 99,00 3.710,00 5938
522 388,96 10,44 15,07 99,00 3.717,00 5938
523 388,96 10,44 15,07 99,00 3.724,00 5938
524 388,96 10,32 14,90 99,00 3.731,00 5938
525 388,96 10,32 14,90 99,00 3.738,00 5938
526 388,96 10,32 14,90 99,00 3.745,00 5938
527 388,96 10,32 14,90 99,00 3.752,00 5938
528 388,96 10,32 14,90 99,00 3.759,00 5938
529 388,96 10,32 14,90 99,00 3.766,00 5938
530 388,96 10,32 14,90 99,00 3.773,00 5938
531 388,96 10,32 14,90 99,00 3.780,00 5938
532 388,96 10,32 14,90 99,00 3.787,00 5938
533 388,96 10,15 14,66 99,00 3.794,00 5938
534 388,96 10,15 14,66 99,00 3.801,00 5938
535 388,96 10,15 14,66 99,00 3.808,00 5938
536 388,96 10,09 14,58 99,00 3.815,00 5938
537 388,96 10,09 14,58 99,00 3.822,00 5938
538 388,96 10,06 14,52 99,00 3.829,00 5938
539 388,96 10,06 14,52 99,00 3.836,00 5938
540 388,96 10,06 14,52 1,00 3.843,00 5938
541 388,96 10,06 14,52 1,00 3.850,00 5942
542 388,96 10,06 14,52 1,00 3.857,00 5944
543 388,96 0,10 0,15 1,00 3.864,00 5946
544 388,96 0,10 0,15 1,00 3.871,00 5947
545 388,96 0,10 0,15 1,00 3.878,00 5958
546 388,96 0,10 0,15 1,00 3.885,00 5965
547 388,96 0,10 0,14 1,00 3.892,00 5965
548 388,96 0,10 0,14 1,00 3.899,00 5965
549 388,96 0,10 0,14 1,00 3.906,00 5965
550 388,96 0,10 0,14 1,00 3.913,00 5965
551 388,96 0,10 0,14 1,00 3.920,00 5965
552 388,96 0,10 0,14 1,00 3.927,00 5965
553 388,96 0,10 0,14 1,00 3.934,00 5965
554 388,96 0,10 0,14 1,00 3.941,00 5965
555 388,96 0,10 0,14 1,00 3.948,00 5965
556 388,96 0,10 0,14 1,00 3.955,00 5965
557 388,96 0,10 0,14 1,00 3.962,00 5965
558 388,96 0,10 0,14 1,00 3.969,00 5965
559 388,96 0,10 0,14 1,00 3.976,00 5969
560 388,96 0,10 0,14 1,00 3.983,00 5969
561 388,96 0,10 0,14 1,00 3.990,00 5969
562 388,96 0,10 0,14 1,00 3.997,00 5969
563 388,96 0,10 0,14 1,00 4.004,00 5969
564 388,96 0,10 0,14 1,00 4.011,00 5969
565 388,96 0,10 0,14 1,00 4.018,00 5969
566 388,96 0,10 0,14 1,00 4.025,00 5969
567 388,96 0,10 0,14 1,00 4.032,00 5969
568 388,96 0,10 0,14 1,00 4.039,00 5969
569 388,96 0,10 0,14 1,00 4.046,00 5969
570 388,96 0,10 0,14 99,00 4.053,00 5969
571 388,96 0,10 0,14 99,00 4.060,00 5988
572 388,96 0,10 0,14 99,00 4.067,00 5994
573 388,96 0,10 0,14 99,00 4.074,00 5999
574 388,96 0,10 0,14 99,00 4.081,00 6004
575 388,96 0,10 0,14 99,00 4.088,00 6007
576 388,96 0,10 0,14 99,00 4.095,00 6009
577 388,96 0,10 0,14 99,00 4.102,00 6010
578 388,96 0,10 0,14 99,00 4.109,00 6010
579 388,96 0,10 0,14 99,00 4.116,00 6010
580 388,96 0,10 0,14 99,00 4.123,00 6010
581 388,96 0,10 0,14 99,00 4.130,00 6010
582 388,96 0,10 0,14 99,00 4.137,00 6010
583 388,96 0,10 0,14 99,00 4.144,00 6010
584 388,96 0,10 0,14 99,00 4.151,00 6010
585 388,96 0,10 0,14 99,00 4.158,00 6010
586 388,96 0,10 0,14 99,00 4.165,00 6010
587 388,96 0,10 0,14 99,00 4.172,00 6010
588 388,96 0,10 0,14 99,00 4.179,00 6010
589 388,96 0,10 0,14 99,00 4.186,00 6010
590 388,96 0,10 0,14 99,00 4.193,00 6010
591 388,96 0,10 0,14 99,00 4.200,00 6010
592 388,96 0,10 0,14 99,00 4.207,00 6010
593 388,96 0,10 0,14 99,00 4.214,00 6010
594 388,96 0,10 0,14 99,00 4.221,00 6010
595 388,96 0,10 0,14 99,00 4.228,00 6010
596 388,96 9,09 13,13 99,00 4.235,00 6010
597 388,96 9,09 13,13 99,00 4.242,00 6010
598 388,96 9,09 13,13 99,00 4.249,00 6010
599 388,96 9,09 13,13 99,00 4.256,00 6010
600 388,96 9,09 13,13 1,00 4.263,00 6010
601 388,96 9,09 13,13 1,00 4.270,00 6019
602 388,96 9,09 13,13 1,00 4.277,00 6021
603 388,96 9,09 13,13 1,00 4.284,00 6022
604 388,96 9,09 13,13 1,00 4.291,00 6022
605 388,96 9,09 13,13 1,00 4.298,00 6022
606 388,96 9,09 13,13 1,00 4.305,00 6022
607 388,96 0,09 0,13 1,00 4.312,00 6022
608 388,96 0,09 0,13 1,00 4.319,00 6023
609 388,96 0,09 0,13 1,00 4.326,00 6023
610 388,96 0,09 0,13 1,00 4.333,00 6023
611 388,96 0,09 0,13 1,00 4.340,00 6023
612 388,96 0,09 0,13 1,00 4.347,00 6023
613 388,96 0,09 0,13 1,00 4.354,00 6023
614 388,96 0,09 0,13 1,00 4.361,00 6023
615 388,96 0,09 0,13 1,00 4.368,00 6023
616 388,96 0,09 0,13 1,00 4.375,00 6023
617 388,96 0,09 0,13 1,00 4.382,00 6023
618 388,96 0,09 0,13 1,00 4.389,00 6023
619 388,96 0,09 0,13 1,00 4.396,00 6023
620 388,96 0,09 0,13 1,00 4.403,00 6023
621 388,96 0,09 0,13 1,00 4.410,00 6023
622 388,96 0,09 0,13 1,00 4.417,00 6023
623 388,96 0,09 0,13 1,00 4.424,00 6023
624 388,96 0,09 0,13 1,00 4.431,00 6023
625 388,96 0,09 0,13 1,00 4.438,00 6023
626 388,96 0,09 0,13 1,00 4.445,00 6023
627 388,96 0,09 0,13 1,00 4.452,00 6023
628 388,96 0,09 0,13 1,00 4.459,00 6023
629 388,96 0,09 0,13 1,00 4.466,00 6023
630 388,96 0,09 0,13 99,00 4.473,00 6023
631 388,96 0,09 0,13 99,00 4.480,00 6039
632 388,96 8,58 12,39 99,00 4.487,00 6043
633 388,96 8,58 12,39 99,00 4.494,00 6043
634 388,96 8,58 12,39 99,00 4.501,00 6043
635 388,96 8,58 12,39 99,00 4.508,00 6043
636 388,96 8,58 12,39 99,00 4.515,00 6043
637 388,96 8,58 12,39 99,00 4.522,00 6043
638 388,96 8,58 12,39 99,00 4.529,00 6043
639 388,96 8,58 12,39 99,00 4.536,00 6043
640 388,96 8,58 12,39 99,00 4.543,00 6043
641 388,96 8,58 12,39 99,00 4.550,00 6043
642 388,96 8,58 12,39 99,00 4.557,00 6043
643 388,96 8,58 12,39 99,00 4.564,00 6043
644 388,96 8,58 12,39 99,00 4.571,00 6043
645 388,96 8,58 12,39 99,00 4.578,00 6043
646 388,96 8,58 12,39 99,00 4.585,00 6043
647 388,96 8,58 12,39 99,00 4.592,00 6043
648 388,96 8,58 12,39 99,00 4.599,00 6043
649 388,96 8,58 12,39 99,00 4.606,00 6043
650 388,96 8,58 12,39 99,00 4.613,00 6043
651 388,96 8,58 12,39 99,00 4.620,00 6043
652 388,96 8,58 12,39 99,00 4.627,00 6043
653 388,96 8,58 12,39 99,00 4.634,00 6043
654 388,96 8,58 12,39 99,00 4.641,00 6043
655 388,96 8,58 12,39 99,00 4.648,00 6043
656 388,96 8,58 12,39 99,00 4.655,00 6043
657 388,96 8,58 12,39 99,00 4.662,00 6043
658 388,96 8,58 12,39 99,00 4.669,00 6043
659 388,96 8,58 12,39 99,00 4.676,00 6043
660 388,96 8,58 12,39 1,00 4.683,00 6043
661 388,96 8,58 12,39 1,00 4.690,00 6047
662 388,96 0,08 0,12 1,00 4.697,00 6047
663 388,96 0,08 0,12 1,00 4.704,00 6047
664 388,96 0,08 0,12 1,00 4.711,00 6047
665 388,96 0,08 0,12 1,00 4.718,00 6047
666 388,96 0,08 0,12 1,00 4.725,00 6047
667 388,96 0,08 0,12 1,00 4.732,00 6047
668 388,96 0,08 0,12 1,00 4.739,00 6048
669 388,96 0,08 0,12 1,00 4.746,00 6048
670 388,96 0,08 0,12 1,00 4.753,00 6048
671 388,96 0,08 0,12 1,00 4.760,00 6048
672 388,96 0,08 0,12 1,00 4.767,00 6048
673 388,96 0,08 0,12 1,00 4.774,00 6048
674 388,96 0,08 0,12 1,00 4.781,00 6048
675 388,96 0,08 0,12 1,00 4.788,00 6048
676 388,96 0,08 0,12 1,00 4.795,00 6048
677 388,96 0,08 0,12 1,00 4.802,00 6048
678 388,96 0,08 0,12 1,00 4.809,00 6048
679 388,96 0,08 0,12 1,00 4.816,00 6048
680 388,96 0,08 0,12 1,00 4.823,00 6048
681 388,96 0,08 0,12 1,00 4.830,00 6048
682 388,96 0,08 0,12 1,00 4.837,00 6048
683 388,96 0,08 0,12 1,00 4.844,00 6048
684 388,96 0,08 0,12 1,00 4.851,00 6048
685 388,96 0,08 0,12 1,00 4.858,00 6048
686 388,96 0,08 0,12 1,00 4.865,00 6048
687 388,96 0,08 0,12 1,00 4.872,00 6048
688 388,96 0,08 0,12 1,00 4.879,00 6048
689 388,96 0,08 0,12 1,00 4.886,00 6048
690 388,96 0,08 0,12 99,00 4.893,00 6048
691 388,96 0,08 0,12 99,00 4.900,00 6060
692 388,96 0,08 0,12 99,00 4.907,00 6063
693 388,96 0,08 0,12 99,00 4.914,00 6066
694 388,96 0,08 0,12 99,00 4.921,00 6067
695 388,96 7,81 11,28 99,00 4.928,00 6068
696 388,96 7,80 11,27 99,00 4.935,00 6070
697 388,96 7,80 11,27 99,00 4.942,00 6070
698 388,96 7,80 11,27 99,00 4.949,00 6070
699 388,96 7,77 11,22 99,00 4.956,00 6070
700 388,96 7,77 11,22 99,00 4.963,00 6070
701 388,96 7,77 11,22 99,00 4.970,00 6070
702 388,96 7,77 11,22 99,00 4.977,00 6070
703 388,96 7,77 11,22 99,00 4.984,00 6070
704 388,96 7,77 11,22 99,00 4.991,00 6070
705 388,96 7,77 11,22 99,00 4.998,00 6070
706 388,96 7,77 11,22 99,00 5.005,00 6070
707 388,96 7,77 11,22 99,00 5.012,00 6070
708 388,96 7,77 11,22 99,00 5.019,00 6070
709 388,96 7,77 11,22 99,00 5.026,00 6070
710 388,96 7,77 11,22 99,00 5.033,00 6070
711 388,96 7,77 11,22 99,00 5.040,00 6070
712 388,96 7,77 11,22 99,00 5.047,00 6070
713 388,96 7,62 11,00 99,00 5.054,00 6070
714 388,96 7,62 11,00 99,00 5.061,00 6070
715 388,96 7,62 11,00 99,00 5.068,00 6070
716 388,96 7,62 11,00 99,00 5.075,00 6070
717 388,96 7,62 11,00 99,00 5.082,00 6070
718 388,96 7,62 11,00 99,00 5.089,00 6070
719 388,96 7,62 11,00 99,00 5.096,00 6070
720 388,96 7,62 11,00 1,00 5.103,00 6070
721 388,96 7,62 11,00 1,00 5.110,00 6073
722 388,96 7,62 11,00 1,00 5.117,00 6073
723 388,96 7,62 11,00 1,00 5.124,00 6073
724 388,96 7,62 11,00 1,00 5.131,00 6073
725 388,96 7,62 11,00 1,00 5.138,00 6073
726 388,96 7,62 11,00 1,00 5.145,00 6073
727 388,96 7,62 11,00 1,00 5.152,00 6073
728 388,96 7,62 11,00 1,00 5.159,00 6073
729 388,96 7,62 11,00 1,00 5.166,00 6073
730 388,96 7,62 11,00 1,00 5.173,00 6073
731 388,96 7,62 11,00 1,00 5.180,00 6073
732 388,96 7,62 11,00 1,00 5.187,00 6073
733 388,96 7,62 11,00 1,00 5.194,00 6073
734 388,96 7,62 11,00 1,00 5.201,00 6073
735 388,96 0,07 0,11 1,00 5.208,00 6073
736 388,96 0,07 0,11 1,00 5.215,00 6073
737 388,96 0,07 0,11 1,00 5.222,00 6073
738 388,96 0,07 0,11 1,00 5.229,00 6073
739 388,96 0,07 0,11 1,00 5.236,00 6073
740 388,96 0,07 0,11 1,00 5.243,00 6073
741 388,96 0,07 0,11 1,00 5.250,00 6073
742 388,96 0,07 0,11 1,00 5.257,00 6073
743 388,96 0,07 0,11 1,00 5.264,00 6073
744 388,96 0,07 0,11 1,00 5.271,00 6073
745 388,96 0,07 0,11 1,00 5.278,00 6073
746 388,96 0,07 0,11 1,00 5.285,00 6073
747 388,96 0,07 0,11 1,00 5.292,00 6073
748 388,96 0,07 0,11 1,00 5.299,00 6073
749 388,96 0,07 0,11 1,00 5.306,00 6073
750 388,96 0,07 0,11 99,00 5.313,00 6073
751 388,96 0,07 0,11 99,00 5.320,00 6081
752 388,96 0,07 0,11 99,00 5.327,00 6085
753 388,96 0,07 0,11 99,00 5.334,00 6085
754 388,96 0,07 0,11 99,00 5.341,00 6085
755 388,96 7,20 10,40 99,00 5.348,00 6085
756 388,96 7,20 10,40 99,00 5.355,00 6085
757 388,96 7,20 10,40 99,00 5.362,00 6085
758 388,96 7,20 10,40 99,00 5.369,00 6091
759 388,96 7,20 10,40 99,00 5.376,00 6094
760 388,96 7,20 10,40 99,00 5.383,00 6096
761 388,96 7,20 10,40 99,00 5.390,00 6097
762 388,96 7,13 10,30 99,00 5.397,00 6098
763 388,96 7,13 10,30 99,00 5.404,00 6098
764 388,96 7,13 10,30 99,00 5.411,00 6098
765 388,96 7,13 10,30 99,00 5.418,00 6098
766 388,96 7,13 10,30 99,00 5.425,00 6098
767 388,96 7,13 10,30 99,00 5.432,00 6098
768 388,96 7,13 10,30 99,00 5.439,00 6098
769 388,96 7,13 10,30 99,00 5.446,00 6098
770 388,96 7,13 10,30 99,00 5.453,00 6098
771 388,96 7,13 10,30 99,00 5.460,00 6098
772 388,96 7,13 10,30 99,00 5.467,00 6098
773 388,96 7,13 10,30 99,00 5.474,00 6098
774 388,96 7,13 10,30 99,00 5.481,00 6098
775 388,96 7,13 10,30 99,00 5.488,00 6098
776 388,96 7,01 10,12 99,00 5.495,00 6098
777 388,96 7,01 10,12 99,00 5.502,00 6098
778 388,96 7,01 10,12 99,00 5.509,00 6098
779 388,96 7,01 10,12 99,00 5.516,00 6098
780 388,96 7,01 10,12 1,00 5.523,00 6098
781 388,96 7,01 10,12 1,00 5.530,00 6102
782 388,96 7,01 10,12 1,00 5.537,00 6107
783 388,96 0,07 0,10 1,00 5.544,00 6110
784 388,96 0,07 0,10 1,00 5.551,00 6111
785 388,96 0,07 0,10 1,00 5.558,00 6111
786 388,96 0,07 0,10 1,00 5.565,00 6111
787 388,96 0,07 0,10 1,00 5.572,00 6111
788 388,96 0,07 0,10 1,00 5.579,00 6111
789 388,96 0,07 0,10 1,00 5.586,00 6111
790 388,96 0,07 0,10 1,00 5.593,00 6111
791 388,96 0,07 0,10 1,00 5.600,00 6111
792 388,96 0,07 0,10 1,00 5.607,00 6111
793 388,96 0,07 0,10 1,00 5.614,00 6111
794 388,96 0,07 0,10 1,00 5.621,00 6111
795 388,96 0,07 0,10 1,00 5.628,00 6111
796 388,96 0,07 0,10 1,00 5.635,00 6111
797 388,96 0,07 0,10 1,00 5.642,00 6111
798 388,96 0,07 0,10 1,00 5.649,00 6111
799 388,96 0,07 0,10 1,00 5.656,00 6111
800 388,96 0,07 0,10 1,00 5.663,00 6111
801 388,96 0,07 0,10 1,00 5.670,00 6111
802 388,96 0,07 0,10 1,00 5.677,00 6111
803 388,96 0,07 0,10 1,00 5.684,00 6111
804 388,96 0,07 0,10 1,00 5.691,00 6111
805 388,96 0,07 0,10 1,00 5.698,00 6111
806 388,96 0,07 0,10 1,00 5.705,00 6111
807 388,96 0,07 0,10 1,00 5.712,00 6111
808 388,96 0,07 0,10 1,00 5.719,00 6111
809 388,96 0,07 0,10 1,00 5.726,00 6111
810 388,96 0,07 0,10 99,00 5.733,00 6111
811 388,96 0,07 0,10 99,00 5.740,00 6120
812 388,96 0,07 0,10 99,00 5.747,00 6122
813 388,96 6,69 9,66 99,00 5.754,00 6123
814 388,96 6,69 9,66 99,00 5.761,00 6123
815 388,96 6,69 9,66 99,00 5.768,00 6123
816 388,96 6,69 9,66 99,00 5.775,00 6123
817 388,96 6,69 9,66 99,00 5.782,00 6123
818 388,96 6,69 9,66 99,00 5.789,00 6123
819 388,96 6,69 9,66 99,00 5.796,00 6123
820 388,96 6,69 9,66 99,00 5.803,00 6123
821 388,96 6,63 9,57 99,00 5.810,00 6123
822 388,96 6,63 9,57 99,00 5.817,00 6123
823 388,96 6,63 9,57 99,00 5.824,00 6123
824 388,96 6,63 9,57 99,00 5.831,00 6123
825 388,96 6,63 9,57 99,00 5.838,00 6123
826 388,96 6,63 9,57 99,00 5.845,00 6123
827 388,96 6,58 9,50 99,00 5.852,00 6123
828 388,96 6,58 9,50 99,00 5.859,00 6123
829 388,96 6,58 9,50 99,00 5.866,00 6123
830 388,96 6,58 9,50 99,00 5.873,00 6123
831 388,96 6,58 9,50 99,00 5.880,00 6123
832 388,96 6,58 9,50 99,00 5.887,00 6123
833 388,96 6,58 9,50 99,00 5.894,00 6123
834 388,96 6,58 9,50 99,00 5.901,00 6123
835 388,96 6,58 9,50 99,00 5.908,00 6123
836 388,96 6,58 9,50 99,00 5.915,00 6123
837 388,96 6,58 9,50 99,00 5.922,00 6123
838 388,96 6,58 9,50 99,00 5.929,00 6123
839 388,96 6,49 9,37 99,00 5.936,00 6123
840 388,96 6,49 9,37 1,00 5.943,00 6123
841 388,96 6,49 9,37 1,00 5.950,00 6130
842 388,96 6,49 9,37 1,00 5.957,00 6130
843 388,96 6,49 9,37 1,00 5.964,00 6130
844 388,96 0,07 0,09 1,00 5.971,00 6130
845 388,96 0,07 0,09 1,00 5.978,00 6130
846 388,96 0,07 0,09 1,00 5.985,00 6130
847 388,96 0,07 0,09 1,00 5.992,00 6130
848 388,96 0,07 0,09 1,00 5.999,00 6130
849 388,96 0,07 0,09 1,00 6.006,00 6130
850 388,96 0,07 0,09 1,00 6.013,00 6130
851 388,96 0,07 0,09 1,00 6.020,00 6130
852 388,96 0,07 0,09 1,00 6.027,00 6130
853 388,96 0,07 0,09 1,00 6.034,00 6130
854 388,96 0,07 0,09 1,00 6.041,00 6130
855 388,96 0,07 0,09 1,00 6.048,00 6130
856 388,96 0,07 0,09 1,00 6.055,00 6130
857 388,96 0,07 0,09 1,00 6.062,00 6130
858 388,96 0,06 0,09 1,00 6.069,00 6130
859 388,96 0,06 0,09 1,00 6.076,00 6130
860 388,96 0,06 0,09 1,00 6.083,00 6130
861 388,96 0,06 0,09 1,00 6.090,00 6130
862 388,96 0,06 0,09 1,00 6.097,00 6130
863 388,96 0,06 0,09 1,00 6.104,00 6130
864 388,96 0,06 0,09 1,00 6.111,00 6130
865 388,96 0,06 0,09 1,00 6.118,00 6130
866 388,96 0,06 0,09 1,00 6.125,00 6130
867 388,96 0,06 0,09 1,00 6.132,00 6130
868 388,96 0,06 0,09 1,00 6.139,00 6130
869 388,96 0,06 0,09 1,00 6.146,00 6130
870 388,96 0,06 0,09 99,00 6.153,00 6130
871 388,96 0,06 0,09 99,00 6.160,00 6139
872 388,96 0,06 0,09 99,00 6.167,00 6142
873 388,96 0,06 0,09 99,00 6.174,00 6144
874 388,96 0,06 0,09 99,00 6.181,00 6144
875 388,96 0,06 0,09 99,00 6.188,00 6152
876 388,96 6,22 8,98 99,00 6.195,00 6155
877 388,96 6,22 8,98 99,00 6.202,00 6156
878 388,96 6,22 8,98 99,00 6.209,00 6156
879 388,96 6,22 8,98 99,00 6.216,00 6156
880 388,96 6,22 8,98 99,00 6.223,00 6156
881 388,96 6,22 8,98 99,00 6.230,00 6156
882 388,96 6,22 8,98 99,00 6.237,00 6156
883 388,96 6,22 8,98 99,00 6.244,00 6156
884 388,96 6,22 8,98 99,00 6.251,00 6156
885 388,96 6,15 8,89 99,00 6.258,00 6156
886 388,96 6,15 8,89 99,00 6.265,00 6156
887 388,96 6,14 8,87 99,00 6.272,00 6156
888 388,96 6,14 8,87 99,00 6.279,00 6156
889 388,96 6,14 8,87 99,00 6.286,00 6156
890 388,96 6,14 8,87 99,00 6.293,00 6156
891 388,96 6,14 8,87 99,00 6.300,00 6156
892 388,96 6,14 8,87 99,00 6.307,00 6156
893 388,96 6,14 8,87 99,00 6.314,00 6156
894 388,96 6,14 8,87 99,00 6.321,00 6156
895 388,96 6,14 8,87 99,00 6.328,00 6156
896 388,96 6,14 8,87 99,00 6.335,00 6156
897 388,96 6,14 8,87 99,00 6.342,00 6156
898 388,96 6,14 8,87 99,00 6.349,00 6156
899 388,96 6,14 8,87 99,00 6.356,00 6156
900 388,96 6,14 8,87 3,00 6.363,00 6156
901 388,96 6,14 8,87 3,00 6.370,00 6161
902 388,96 6,14 8,87 3,00 6.377,00 6162
903 388,96 6,14 8,87 3,00 6.384,00 6163
904 388,96 6,14 8,87 3,00 6.391,00 6163
905 388,96 6,14 8,87 3,00 6.398,00 6164
906 388,96 0,18 0,26 3,00 6.405,00 6165
907 388,96 0,18 0,26 3,00 6.412,00 6165
908 388,96 0,18 0,26 3,00 6.419,00 6165
909 388,96 0,18 0,26 3,00 6.426,00 6165
910 388,96 0,18 0,26 3,00 6.433,00 6165
911 388,96 0,18 0,26 3,00 6.440,00 6165
912 388,96 0,18 0,26 3,00 6.447,00 6165
913 388,96 0,18 0,26 3,00 6.454,00 6165
914 388,96 0,18 0,26 3,00 6.461,00 6165
915 388,96 0,18 0,26 3,00 6.468,00 6165
916 388,96 0,18 0,26 3,00 6.475,00 6165
917 388,96 0,18 0,26 3,00 6.482,00 6165
918 388,96 0,18 0,26 3,00 6.489,00 6165
919 388,96 0,18 0,26 3,00 6.496,00 6165
920 388,96 0,18 0,26 3,00 6.503,00 6165
921 388,96 0,18 0,26 3,00 6.510,00 6165
922 388,96 0,18 0,26 3,00 6.517,00 6165
923 388,96 0,18 0,26 3,00 6.524,00 6165
924 388,96 0,18 0,26 3,00 6.531,00 6165
925 388,96 0,18 0,26 3,00 6.538,00 6165
926 388,96 0,18 0,26 3,00 6.545,00 6165
927 388,96 0,18 0,26 3,00 6.552,00 6165
928 388,96 0,18 0,26 3,00 6.559,00 6165
929 388,96 0,18 0,26 3,00 6.566,00 6165
930 388,96 0,18 0,26 101,00 6.573,00 6165
931 388,96 0,18 0,26 101,00 6.580,00 6173
932 388,96 0,18 0,26 101,00 6.587,00 6176
933 388,96 0,18 0,26 101,00 6.594,00 6176
934 388,96 5,95 8,59 101,00 6.601,00 6176
935 388,96 5,95 8,59 101,00 6.608,00 6176
936 388,96 5,95 8,59 101,00 6.615,00 6177
937 388,96 5,95 8,59 101,00 6.622,00 6177
938 388,96 5,95 8,59 101,00 6.629,00 6177
939 388,96 5,95 8,59 101,00 6.636,00 6177
940 388,96 5,95 8,59 101,00 6.643,00 6177
941 388,96 5,95 8,59 101,00 6.650,00 6177
942 388,96 5,95 8,59 101,00 6.657,00 6177
943 388,96 5,95 8,59 101,00 6.664,00 6177
944 388,96 5,95 8,59 101,00 6.671,00 6177
945 388,96 5,95 8,59 101,00 6.678,00 6177
946 388,96 5,95 8,59 101,00 6.685,00 6177
947 388,96 5,95 8,59 101,00 6.692,00 6177
948 388,96 5,95 8,59 101,00 6.699,00 6177
949 388,96 5,86 8,46 101,00 6.706,00 6177
950 388,96 5,86 8,46 101,00 6.713,00 6177
951 388,96 5,86 8,46 101,00 6.720,00 6177
952 388,96 5,86 8,46 101,00 6.727,00 6177
953 388,96 5,86 8,46 101,00 6.734,00 6177
954 388,96 5,86 8,46 101,00 6.741,00 6177
955 388,96 5,86 8,46 101,00 6.748,00 6177
956 388,96 5,86 8,46 101,00 6.755,00 6177
957 388,96 5,86 8,46 101,00 6.762,00 6177
958 388,96 5,86 8,46 101,00 6.769,00 6177
959 388,96 5,80 8,37 101,00 6.776,00 6177
960 388,96 5,80 8,37 5,00 6.783,00 6177
961 388,96 5,80 8,37 5,00 6.790,00 6179
962 388,96 5,80 8,37 5,00 6.797,00 6180
963 388,96 5,80 8,37 5,00 6.804,00 6180
964 388,96 5,80 8,37 5,00 6.811,00 6180
965 388,96 5,80 8,37 5,00 6.818,00 6181
966 388,96 5,80 8,37 5,00 6.825,00 6181
967 388,96 5,80 8,37 5,00 6.832,00 6181
968 388,96 5,80 8,37 5,00 6.839,00 6181
969 388,96 5,80 8,37 5,00 6.846,00 6181
970 388,96 5,80 8,37 5,00 6.853,00 6181
971 388,96 5,80 8,37 5,00 6.860,00 6181
972 388,96 5,80 8,37 5,00 6.867,00 6181
973 388,96 5,80 8,37 5,00 6.874,00 6181
974 388,96 5,80 8,37 5,00 6.881,00 6181
975 388,96 0,28 0,41 5,00 6.888,00 6181
976 388,96 0,28 0,41 5,00 6.895,00 6181
977 388,96 0,28 0,41 5,00 6.902,00 6181
978 388,96 0,28 0,41 5,00 6.909,00 6181
979 388,96 0,28 0,41 5,00 6.916,00 6181
980 388,96 0,28 0,41 5,00 6.923,00 6181
981 388,96 0,28 0,41 5,00 6.930,00 6181
982 388,96 0,28 0,41 5,00 6.937,00 6181
983 388,96 0,28 0,41 5,00 6.944,00 6181
984 388,96 0,28 0,41 5,00 6.951,00 6181
985 388,96 0,28 0,41 5,00 6.958,00 6181
986 388,96 0,28 0,40 5,00 6.965,00 6181
987 388,96 0,28 0,40 5,00 6.972,00 6181
988 388,96 0,28 0,40 5,00 6.979,00 6181
989 388,96 0,28 0,40 5,00 6.986,00 6181
990 388,96 0,28 0,40 101,00 6.993,00 6181
991 388,96 0,28 0,40 101,00 7.000,00 6187
992 388,96 0,28 0,40 101,00 7.007,00 6189
993 388,96 0,28 0,40 101,00 7.014,00 6189
994 388,96 0,28 0,40 101,00 7.021,00 6189
995 388,96 0,28 0,40 101,00 7.028,00 6189
996 388,96 0,28 0,40 101,00 7.035,00 6189
997 388,96 0,28 0,40 101,00 7.042,00 6189
998 388,96 0,28 0,40 101,00 7.049,00 6189
999 388,96 5,57 8,04 101,00 7.056,00 6189
