500
0 13,12 13,12 13,12 1,00 58,00
1 13,12 0,00 0,00 1,00 35,00
2 13,12 26,25 28,08 99,00 48,00
3 13,12 0,00 0,00 1,00 65,00
4 13,12 13,12 11,78 99,00 65,00
5 13,12 0,00 0,00 1,00 82,00
6 13,12 13,12 12,50 99,00 88,00
7 13,12 0,00 0,00 1,00 105,00
8 13,12 0,00 0,00 99,00 116,00
9 13,12 13,12 11,14 197,00 121,00
10 13,12 0,00 0,00 97,00 138,00
11 13,12 13,12 11,29 195,00 140,00
12 13,12 0,00 0,00 96,00 157,00
13 13,12 13,12 11,85 194,00 165,00
14 13,12 0,00 0,00 94,00 182,00
15 13,12 0,00 0,00 192,00 193,00
16 13,12 13,12 11,89 290,00 209,00
17 13,12 0,00 0,00 190,00 226,00
18 13,12 13,12 11,82 288,00 242,00
19 13,12 0,00 0,00 188,00 259,00
20 13,12 13,12 11,83 286,00 273,00
21 13,12 0,00 0,00 186,00 290,00
22 13,12 0,00 0,00 284,00 301,00
23 13,12 13,12 11,76 382,00 314,00
24 13,12 0,00 0,00 282,00 331,00
25 13,12 13,12 11,74 380,00 347,00
26 13,12 0,00 0,00 280,00 364,00
27 13,12 0,00 0,00 378,00 379,00
28 13,12 13,12 11,72 476,00 395,00
29 13,12 0,00 0,00 376,00 412,00
30 13,12 13,12 11,68 474,00 428,00
31 13,12 0,00 0,00 374,00 445,00
32 13,12 13,12 11,66 472,00 460,00
33 13,12 0,00 0,00 372,00 477,00
34 13,12 0,00 0,00 470,00 487,00
35 13,12 13,12 11,62 568,00 503,00
36 13,12 0,00 0,00 468,00 520,00
37 13,12 13,12 11,60 566,00 536,00
38 13,12 0,00 0,00 466,00 553,00
39 13,12 0,00 0,00 564,00 569,00
40 13,12 13,12 11,56 662,00 585,00
41 13,12 0,00 0,00 562,00 602,00
42 13,12 13,12 11,54 660,00 618,00
43 13,12 0,00 0,00 560,00 635,00
44 13,12 13,12 11,51 658,00 651,00
45 13,12 0,00 0,00 558,00 668,00
46 13,12 0,00 0,00 656,00 673,00
47 13,12 13,12 11,47 754,00 689,00
48 13,12 0,00 0,00 654,00 706,00
49 13,12 13,12 11,45 752,00 722,00
50 13,12 0,00 0,00 652,00 739,00
51 13,12 0,00 0,00 750,00 755,00
52 13,12 13,12 11,41 848,00 771,00
53 13,12 0,00 0,00 748,00 788,00
54 13,12 13,12 11,39 846,00 804,00
55 13,12 0,00 0,00 746,00 821,00
56 13,12 13,12 11,36 844,00 837,00
57 13,12 0,00 0,00 744,00 854,00
58 13,12 0,00 0,00 842,00 859,00
59 13,12 13,12 11,33 940,00 875,00
60 13,12 0,00 0,00 840,00 892,00
61 13,12 13,12 11,30 938,00 908,00
62 13,12 0,00 0,00 838,00 925,00
63 13,12 0,00 0,00 936,00 941,00
64 13,12 13,12 11,26 1.034,00 957,00
65 13,12 0,00 0,00 934,00 974,00
66 13,12 13,12 11,24 1.032,00 990,00
67 13,12 0,00 0,00 932,00 1.007,00
68 13,12 13,12 11,22 1.030,00 1.023,00
69 13,12 0,00 0,00 930,00 1.040,00
70 13,12 0,00 0,00 1.028,00 1.045,00
71 13,12 13,12 11,18 1.126,00 1.061,00
72 13,12 0,00 0,00 1.026,00 1.078,00
73 13,12 13,12 11,16 1.124,00 1.094,00
74 13,12 0,00 0,00 1.024,00 1.111,00
75 13,12 0,00 0,00 1.122,00 1.127,00
76 13,12 13,12 11,12 1.220,00 1.143,00
77 13,12 0,00 0,00 1.120,00 1.160,00
78 13,12 13,12 11,10 1.218,00 1.176,00
79 13,12 0,00 0,00 1.118,00 1.193,00
80 13,12 13,12 11,07 1.216,00 1.209,00
81 13,12 0,00 0,00 1.116,00 1.226,00
82 13,12 0,00 0,00 1.214,00 1.231,00
83 13,12 13,12 11,04 1.312,00 1.247,00
84 13,12 0,00 0,00 1.212,00 1.264,00
85 13,12 13,12 11,02 1.310,00 1.280,00
86 13,12 0,00 0,00 1.210,00 1.297,00
87 13,12 0,00 0,00 1.308,00 1.313,00
88 13,12 13,12 10,99 1.406,00 1.329,00
89 13,12 0,00 0,00 1.306,00 1.346,00
90 13,12 13,12 10,96 1.404,00 1.362,00
91 13,12 0,00 0,00 1.304,00 1.379,00
92 13,12 13,12 10,94 1.402,00 1.395,00
93 13,12 0,00 0,00 1.302,00 1.412,00
94 13,12 0,00 0,00 1.400,00 1.417,00
95 13,12 13,12 10,91 1.498,00 1.433,00
96 13,12 0,00 0,00 1.398,00 1.450,00
97 13,12 13,12 10,89 1.496,00 1.466,00
98 13,12 0,00 0,00 1.396,00 1.483,00
99 13,12 0,00 0,00 1.494,00 1.499,00
100 13,12 13,12 10,86 1.592,00 1.515,00
101 13,12 0,00 0,00 1.492,00 1.532,00
102 13,12 13,12 10,84 1.590,00 1.548,00
103 13,12 0,00 0,00 1.490,00 1.565,00
104 13,12 13,12 10,82 1.588,00 1.581,00
105 13,12 0,00 0,00 1.488,00 1.598,00
106 13,12 0,00 0,00 1.586,00 1.603,00
107 13,12 13,12 10,79 1.684,00 1.619,00
108 13,12 0,00 0,00 1.584,00 1.636,00
109 13,12 13,12 10,77 1.682,00 1.652,00
110 13,12 0,00 0,00 1.582,00 1.669,00
111 13,12 0,00 0,00 1.680,00 1.685,00
112 13,12 13,12 10,74 1.778,00 1.701,00
113 13,12 0,00 0,00 1.678,00 1.718,00
114 13,12 13,12 10,72 1.776,00 1.734,00
115 13,12 0,00 0,00 1.676,00 1.751,00
116 13,12 13,12 10,70 1.774,00 1.767,00
117 13,12 0,00 0,00 1.674,00 1.784,00
118 13,12 0,00 0,00 1.772,00 1.789,00
119 13,12 13,12 10,67 1.870,00 1.805,00
120 13,12 0,00 0,00 1.770,00 1.822,00
121 13,12 13,12 10,65 1.868,00 1.838,00
122 13,12 0,00 0,00 1.768,00 1.855,00
123 13,12 0,00 0,00 1.866,00 1.871,00
124 13,12 13,12 10,62 1.964,00 1.887,00
125 13,12 0,00 0,00 1.864,00 1.904,00
126 13,12 13,12 10,60 1.962,00 1.920,00
127 13,12 0,00 0,00 1.862,00 1.937,00
128 13,12 13,12 10,58 1.960,00 1.953,00
129 13,12 0,00 0,00 1.860,00 1.970,00
130 13,12 0,00 0,00 1.958,00 1.975,00
131 13,12 13,12 10,56 2.056,00 1.991,00
132 13,12 0,00 0,00 1.956,00 2.008,00
133 13,12 13,12 10,54 2.054,00 2.024,00
134 13,12 0,00 0,00 1.954,00 2.041,00
135 13,12 0,00 0,00 2.052,00 2.057,00
136 13,12 13,12 10,52 2.150,00 2.073,00
137 13,12 0,00 0,00 2.050,00 2.090,00
138 13,12 13,12 10,50 2.148,00 2.106,00
139 13,12 0,00 0,00 2.048,00 2.123,00
140 13,12 13,12 10,49 2.146,00 2.139,00
141 13,12 0,00 0,00 2.046,00 2.156,00
142 13,12 0,00 0,00 2.144,00 2.161,00
143 13,12 13,12 10,47 2.242,00 2.177,00
144 13,12 0,00 0,00 2.142,00 2.194,00
145 13,12 13,12 10,45 2.240,00 2.210,00
146 13,12 0,00 0,00 2.140,00 2.227,00
147 13,12 0,00 0,00 2.238,00 2.243,00
148 13,12 13,12 10,43 2.336,00 2.259,00
149 13,12 0,00 0,00 2.236,00 2.276,00
150 13,12 13,12 10,42 2.334,00 2.292,00
151 13,12 0,00 0,00 2.234,00 2.309,00
152 13,12 13,12 10,40 2.332,00 2.325,00
153 13,12 0,00 0,00 2.232,00 2.342,00
154 13,12 0,00 0,00 2.330,00 2.347,00
155 13,12 13,12 10,38 2.428,00 2.363,00
156 13,12 0,00 0,00 2.328,00 2.380,00
157 13,12 13,12 10,37 2.426,00 2.396,00
158 13,12 0,00 0,00 2.326,00 2.413,00
159 13,12 0,00 0,00 2.424,00 2.429,00
160 13,12 13,12 10,35 2.522,00 2.445,00
161 13,12 0,00 0,00 2.422,00 2.462,00
162 13,12 13,12 10,34 2.520,00 2.478,00
163 13,12 0,00 0,00 2.420,00 2.495,00
164 13,12 13,12 10,32 2.518,00 2.511,00
165 13,12 0,00 0,00 2.418,00 2.528,00
166 13,12 0,00 0,00 2.516,00 2.533,00
167 13,12 13,12 10,31 2.614,00 2.549,00
168 13,12 0,00 0,00 2.514,00 2.566,00
169 13,12 13,12 10,29 2.612,00 2.582,00
170 13,12 0,00 0,00 2.512,00 2.599,00
171 13,12 0,00 0,00 2.610,00 2.615,00
172 13,12 13,12 10,28 2.708,00 2.631,00
173 13,12 0,00 0,00 2.608,00 2.648,00
174 13,12 13,12 10,26 2.706,00 2.664,00
175 13,12 0,00 0,00 2.606,00 2.681,00
176 13,12 13,12 10,25 2.704,00 2.697,00
177 13,12 0,00 0,00 2.604,00 2.714,00
178 13,12 0,00 0,00 2.702,00 2.719,00
179 13,12 13,12 10,24 2.800,00 2.735,00
180 13,12 0,00 0,00 2.700,00 2.752,00
181 13,12 13,12 10,23 2.798,00 2.768,00
182 13,12 0,00 0,00 2.698,00 2.785,00
183 13,12 0,00 0,00 2.796,00 2.801,00
184 13,12 13,12 10,21 2.894,00 2.817,00
185 13,12 0,00 0,00 2.794,00 2.834,00
186 13,12 13,12 10,20 2.892,00 2.850,00
187 13,12 0,00 0,00 2.792,00 2.867,00
188 13,12 13,12 10,19 2.890,00 2.883,00
189 13,12 0,00 0,00 2.790,00 2.900,00
190 13,12 0,00 0,00 2.888,00 2.905,00
191 13,12 13,12 10,18 2.986,00 2.921,00
192 13,12 0,00 0,00 2.886,00 2.938,00
193 13,12 13,12 10,17 2.984,00 2.954,00
194 13,12 0,00 0,00 2.884,00 2.971,00
195 13,12 0,00 0,00 2.982,00 2.987,00
196 13,12 13,12 10,16 3.080,00 3.003,00
197 13,12 0,00 0,00 2.980,00 3.020,00
198 13,12 13,12 10,15 3.078,00 3.036,00
199 13,12 0,00 0,00 2.978,00 3.053,00
200 13,12 13,12 10,14 3.076,00 3.069,00
201 13,12 0,00 0,00 2.976,00 3.086,00
202 13,12 0,00 0,00 3.074,00 3.091,00
203 13,12 13,12 10,13 3.172,00 3.107,00
204 13,12 0,00 0,00 3.072,00 3.124,00
205 13,12 13,12 10,12 3.170,00 3.140,00
206 13,12 0,00 0,00 3.070,00 3.157,00
207 13,12 0,00 0,00 3.168,00 3.173,00
208 13,12 13,12 10,11 3.266,00 3.189,00
209 13,12 0,00 0,00 3.166,00 3.206,00
210 13,12 13,12 10,10 3.264,00 3.222,00
211 13,12 0,00 0,00 3.164,00 3.239,00
212 13,12 13,12 10,10 3.262,00 3.255,00
213 13,12 0,00 0,00 3.162,00 3.272,00
214 13,12 0,00 0,00 3.260,00 3.277,00
215 13,12 13,12 10,09 3.358,00 3.293,00
216 13,12 0,00 0,00 3.258,00 3.310,00
217 13,12 13,12 10,08 3.356,00 3.326,00
218 13,12 0,00 0,00 3.256,00 3.343,00
219 13,12 0,00 0,00 3.354,00 3.359,00
220 13,12 13,12 10,07 3.452,00 3.375,00
221 13,12 0,00 0,00 3.352,00 3.392,00
222 13,12 13,12 10,06 3.450,00 3.408,00
223 13,12 0,00 0,00 3.350,00 3.425,00
224 13,12 13,12 10,06 3.448,00 3.441,00
225 13,12 0,00 0,00 3.348,00 3.458,00
226 13,12 0,00 0,00 3.446,00 3.463,00
227 13,12 13,12 10,05 3.544,00 3.479,00
228 13,12 0,00 0,00 3.444,00 3.496,00
229 13,12 13,12 10,04 3.542,00 3.512,00
230 13,12 0,00 0,00 3.442,00 3.529,00
231 13,12 0,00 0,00 3.540,00 3.545,00
232 13,12 13,12 10,03 3.638,00 3.561,00
233 13,12 0,00 0,00 3.538,00 3.578,00
234 13,12 13,12 10,03 3.636,00 3.594,00
235 13,12 0,00 0,00 3.536,00 3.611,00
236 13,12 13,12 10,02 3.634,00 3.627,00
237 13,12 0,00 0,00 3.534,00 3.644,00
238 13,12 0,00 0,00 3.632,00 3.649,00
239 13,12 13,12 10,01 3.730,00 3.665,00
240 13,12 0,00 0,00 3.630,00 3.682,00
241 13,12 13,12 10,01 3.728,00 3.698,00
242 13,12 0,00 0,00 3.628,00 3.715,00
243 13,12 0,00 0,00 3.726,00 3.731,00
244 13,12 13,12 10,00 3.824,00 3.747,00
245 13,12 0,00 0,00 3.724,00 3.764,00
246 13,12 13,12 10,00 3.822,00 3.780,00
247 13,12 0,00 0,00 3.722,00 3.797,00
248 13,12 13,12 9,99 3.820,00 3.813,00
249 13,12 0,00 0,00 3.720,00 3.830,00
250 13,12 0,00 0,00 3.818,00 3.835,00
251 13,12 13,12 9,99 3.916,00 3.851,00
252 13,12 0,00 0,00 3.816,00 3.868,00
253 13,12 13,12 9,98 3.914,00 3.884,00
254 13,12 0,00 0,00 3.814,00 3.901,00
255 13,12 0,00 0,00 3.912,00 3.917,00
256 13,12 13,12 9,98 4.010,00 3.933,00
257 13,12 0,00 0,00 3.910,00 3.950,00
258 13,12 13,12 9,97 4.008,00 3.966,00
259 13,12 0,00 0,00 3.908,00 3.983,00
260 13,12 13,12 9,97 4.006,00 3.999,00
261 13,12 0,00 0,00 3.906,00 4.016,00
262 13,12 0,00 0,00 4.004,00 4.021,00
263 13,12 13,12 9,96 4.102,00 4.037,00
264 13,12 0,00 0,00 4.002,00 4.054,00
265 13,12 13,12 9,96 4.100,00 4.070,00
266 13,12 0,00 0,00 4.000,00 4.087,00
267 13,12 0,00 0,00 4.098,00 4.103,00
268 13,12 13,12 9,95 4.196,00 4.119,00
269 13,12 0,00 0,00 4.096,00 4.136,00
270 13,12 13,12 9,95 4.194,00 4.152,00
271 13,12 0,00 0,00 4.094,00 4.169,00
272 13,12 13,12 9,95 4.192,00 4.185,00
273 13,12 0,00 0,00 4.092,00 4.202,00
274 13,12 0,00 0,00 4.190,00 4.207,00
275 13,12 13,12 9,94 4.288,00 4.223,00
276 13,12 0,00 0,00 4.188,00 4.240,00
277 13,12 13,12 9,94 4.286,00 4.256,00
278 13,12 0,00 0,00 4.186,00 4.273,00
279 13,12 0,00 0,00 4.284,00 4.289,00
280 13,12 13,12 9,93 4.382,00 4.305,00
281 13,12 0,00 0,00 4.282,00 4.322,00
282 13,12 13,12 9,93 4.380,00 4.338,00
283 13,12 0,00 0,00 4.280,00 4.355,00
284 13,12 13,12 9,93 4.378,00 4.371,00
285 13,12 0,00 0,00 4.278,00 4.388,00
286 13,12 0,00 0,00 4.376,00 4.393,00
287 13,12 13,12 9,92 4.474,00 4.409,00
288 13,12 0,00 0,00 4.374,00 4.426,00
289 13,12 13,12 9,92 4.472,00 4.442,00
290 13,12 0,00 0,00 4.372,00 4.459,00
291 13,12 0,00 0,00 4.470,00 4.475,00
292 13,12 13,12 9,92 4.568,00 4.491,00
293 13,12 0,00 0,00 4.468,00 4.508,00
294 13,12 13,12 9,91 4.566,00 4.524,00
295 13,12 0,00 0,00 4.466,00 4.541,00
296 13,12 13,12 9,91 4.564,00 4.557,00
297 13,12 0,00 0,00 4.464,00 4.574,00
298 13,12 0,00 0,00 4.562,00 4.579,00
299 13,12 13,12 9,91 4.660,00 4.595,00
300 13,12 0,00 0,00 4.560,00 4.612,00
301 13,12 13,12 9,91 4.658,00 4.628,00
302 13,12 0,00 0,00 4.558,00 4.645,00
303 13,12 0,00 0,00 4.656,00 4.661,00
304 13,12 13,12 9,90 4.754,00 4.677,00
305 13,12 0,00 0,00 4.654,00 4.694,00
306 13,12 13,12 9,90 4.752,00 4.710,00
307 13,12 0,00 0,00 4.652,00 4.727,00
308 13,12 13,12 9,90 4.750,00 4.743,00
309 13,12 0,00 0,00 4.650,00 4.760,00
310 13,12 0,00 0,00 4.748,00 4.765,00
311 13,12 13,12 9,90 4.846,00 4.781,00
312 13,12 0,00 0,00 4.746,00 4.798,00
313 13,12 13,12 9,89 4.844,00 4.814,00
314 13,12 0,00 0,00 4.744,00 4.831,00
315 13,12 0,00 0,00 4.842,00 4.847,00
316 13,12 13,12 9,89 4.940,00 4.863,00
317 13,12 0,00 0,00 4.840,00 4.880,00
318 13,12 13,12 9,89 4.938,00 4.896,00
319 13,12 0,00 0,00 4.838,00 4.913,00
320 13,12 13,12 9,89 4.936,00 4.929,00
321 13,12 0,00 0,00 4.836,00 4.946,00
322 13,12 0,00 0,00 4.934,00 4.951,00
323 13,12 13,12 9,89 5.032,00 4.967,00
324 13,12 0,00 0,00 4.932,00 4.984,00
325 13,12 13,12 9,89 5.030,00 5.000,00
326 13,12 0,00 0,00 4.930,00 5.017,00
327 13,12 0,00 0,00 5.028,00 5.033,00
328 13,12 13,12 9,88 5.126,00 5.049,00
329 13,12 0,00 0,00 5.026,00 5.066,00
330 13,12 13,12 9,88 5.124,00 5.082,00
331 13,12 0,00 0,00 5.024,00 5.099,00
332 13,12 13,12 9,88 5.122,00 5.115,00
333 13,12 0,00 0,00 5.022,00 5.132,00
334 13,12 0,00 0,00 5.120,00 5.137,00
335 13,12 13,12 9,88 5.218,00 5.153,00
336 13,12 0,00 0,00 5.118,00 5.170,00
337 13,12 13,12 9,88 5.216,00 5.186,00
338 13,12 0,00 0,00 5.116,00 5.203,00
339 13,12 0,00 0,00 5.214,00 5.219,00
340 13,12 13,12 9,87 5.312,00 5.235,00
341 13,12 0,00 0,00 5.212,00 5.252,00
342 13,12 13,12 9,87 5.310,00 5.268,00
343 13,12 0,00 0,00 5.210,00 5.285,00
344 13,12 13,12 9,87 5.308,00 5.301,00
345 13,12 0,00 0,00 5.208,00 5.318,00
346 13,12 0,00 0,00 5.306,00 5.323,00
347 13,12 13,12 9,87 5.404,00 5.339,00
348 13,12 0,00 0,00 5.304,00 5.356,00
349 13,12 13,12 9,87 5.402,00 5.372,00
350 13,12 0,00 0,00 5.302,00 5.389,00
351 13,12 0,00 0,00 5.400,00 5.405,00
352 13,12 13,12 9,87 5.498,00 5.421,00
353 13,12 0,00 0,00 5.398,00 5.438,00
354 13,12 13,12 9,87 5.496,00 5.454,00
355 13,12 0,00 0,00 5.396,00 5.471,00
356 13,12 13,12 9,87 5.494,00 5.487,00
357 13,12 0,00 0,00 5.394,00 5.504,00
358 13,12 0,00 0,00 5.492,00 5.509,00
359 13,12 13,12 9,87 5.590,00 5.525,00
360 13,12 0,00 0,00 5.490,00 5.542,00
361 13,12 13,12 9,87 5.588,00 5.558,00
362 13,12 0,00 0,00 5.488,00 5.575,00
363 13,12 0,00 0,00 5.586,00 5.591,00
364 13,12 13,12 9,86 5.684,00 5.607,00
365 13,12 0,00 0,00 5.584,00 5.624,00
366 13,12 13,12 9,86 5.682,00 5.640,00
367 13,12 0,00 0,00 5.582,00 5.657,00
368 13,12 13,12 9,86 5.680,00 5.673,00
369 13,12 0,00 0,00 5.580,00 5.690,00
370 13,12 0,00 0,00 5.678,00 5.695,00
371 13,12 13,12 9,86 5.776,00 5.711,00
372 13,12 0,00 0,00 5.676,00 5.728,00
373 13,12 13,12 9,86 5.774,00 5.744,00
374 13,12 0,00 0,00 5.674,00 5.761,00
375 13,12 0,00 0,00 5.772,00 5.777,00
376 13,12 13,12 9,86 5.870,00 5.793,00
377 13,12 0,00 0,00 5.770,00 5.810,00
378 13,12 13,12 9,86 5.868,00 5.826,00
379 13,12 0,00 0,00 5.768,00 5.843,00
380 13,12 13,12 9,86 5.866,00 5.859,00
381 13,12 0,00 0,00 5.766,00 5.876,00
382 13,12 0,00 0,00 5.864,00 5.881,00
383 13,12 13,12 9,86 5.962,00 5.897,00
384 13,12 0,00 0,00 5.862,00 5.914,00
385 13,12 13,12 9,86 5.960,00 5.930,00
386 13,12 0,00 0,00 5.860,00 5.947,00
387 13,12 0,00 0,00 5.958,00 5.963,00
388 13,12 13,12 9,86 6.056,00 5.979,00
389 13,12 0,00 0,00 5.956,00 5.996,00
390 13,12 13,12 9,86 6.054,00 6.012,00
391 13,12 0,00 0,00 5.954,00 6.029,00
392 13,12 13,12 9,86 6.052,00 6.045,00
393 13,12 0,00 0,00 5.952,00 6.062,00
394 13,12 0,00 0,00 6.050,00 6.067,00
395 13,12 13,12 9,86 6.148,00 6.083,00
396 13,12 0,00 0,00 6.048,00 6.100,00
397 13,12 13,12 9,86 6.146,00 6.116,00
398 13,12 0,00 0,00 6.046,00 6.133,00
399 13,12 0,00 0,00 6.144,00 6.149,00
400 13,12 13,12 9,86 6.242,00 6.165,00
401 13,12 0,00 0,00 6.142,00 6.182,00
402 13,12 13,12 9,86 6.240,00 6.198,00
403 13,12 0,00 0,00 6.140,00 6.215,00
404 13,12 13,12 9,86 6.238,00 6.231,00
405 13,12 0,00 0,00 6.138,00 6.248,00
406 13,12 0,00 0,00 6.236,00 6.253,00
407 13,12 13,12 9,86 6.334,00 6.269,00
408 13,12 0,00 0,00 6.234,00 6.286,00
409 13,12 13,12 9,86 6.332,00 6.302,00
410 13,12 0,00 0,00 6.232,00 6.319,00
411 13,12 0,00 0,00 6.330,00 6.335,00
412 13,12 13,12 9,86 6.428,00 6.351,00
413 13,12 0,00 0,00 6.328,00 6.368,00
414 13,12 13,12 9,86 6.426,00 6.384,00
415 13,12 0,00 0,00 6.326,00 6.401,00
416 13,12 13,12 9,86 6.424,00 6.417,00
417 13,12 0,00 0,00 6.324,00 6.434,00
418 13,12 0,00 0,00 6.422,00 6.439,00
419 13,12 13,12 9,86 6.520,00 6.455,00
420 13,12 0,00 0,00 6.420,00 6.472,00
421 13,12 13,12 9,86 6.518,00 6.488,00
422 13,12 0,00 0,00 6.418,00 6.505,00
423 13,12 0,00 0,00 6.516,00 6.521,00
424 13,12 13,12 9,86 6.614,00 6.537,00
425 13,12 0,00 0,00 6.514,00 6.554,00
426 13,12 13,12 9,86 6.612,00 6.570,00
427 13,12 0,00 0,00 6.512,00 6.587,00
428 13,12 13,12 9,86 6.610,00 6.603,00
429 13,12 0,00 0,00 6.510,00 6.620,00
430 13,12 0,00 0,00 6.608,00 6.625,00
431 13,12 13,12 9,86 6.706,00 6.641,00
432 13,12 0,00 0,00 6.606,00 6.658,00
433 13,12 13,12 9,86 6.704,00 6.674,00
434 13,12 0,00 0,00 6.604,00 6.691,00
435 13,12 0,00 0,00 6.702,00 6.707,00
436 13,12 13,12 9,86 6.800,00 6.723,00
437 13,12 0,00 0,00 6.700,00 6.740,00
438 13,12 13,12 9,86 6.798,00 6.756,00
439 13,12 0,00 0,00 6.698,00 6.773,00
440 13,12 13,12 9,86 6.796,00 6.789,00
441 13,12 0,00 0,00 6.696,00 6.806,00
442 13,12 0,00 0,00 6.794,00 6.811,00
443 13,12 13,12 9,86 6.892,00 6.827,00
444 13,12 0,00 0,00 6.792,00 6.844,00
445 13,12 13,12 9,86 6.890,00 6.860,00
446 13,12 0,00 0,00 6.790,00 6.877,00
447 13,12 0,00 0,00 6.888,00 6.893,00
448 13,12 13,12 9,86 6.986,00 6.909,00
449 13,12 0,00 0,00 6.886,00 6.926,00
450 13,12 13,12 9,86 6.984,00 6.942,00
451 13,12 0,00 0,00 6.884,00 6.959,00
452 13,12 13,12 9,86 6.982,00 6.975,00
453 13,12 0,00 0,00 6.882,00 6.992,00
454 13,12 0,00 0,00 6.980,00 6.997,00
455 13,12 13,12 9,86 7.078,00 7.013,00
456 13,12 0,00 0,00 6.978,00 7.030,00
457 13,12 13,12 9,86 7.076,00 7.046,00
458 13,12 0,00 0,00 6.976,00 7.063,00
459 13,12 0,00 0,00 7.074,00 7.079,00
460 13,12 13,12 9,86 7.172,00 7.095,00
461 13,12 0,00 0,00 7.072,00 7.112,00
462 13,12 13,12 9,86 7.170,00 7.128,00
463 13,12 0,00 0,00 7.070,00 7.145,00
464 13,12 13,12 9,86 7.168,00 7.161,00
465 13,12 0,00 0,00 7.068,00 7.178,00
466 13,12 0,00 0,00 7.166,00 7.183,00
467 13,12 13,12 9,86 7.264,00 7.199,00
468 13,12 0,00 0,00 7.164,00 7.216,00
469 13,12 13,12 9,86 7.262,00 7.232,00
470 13,12 0,00 0,00 7.162,00 7.249,00
471 13,12 0,00 0,00 7.260,00 7.265,00
472 13,12 13,12 9,86 7.358,00 7.281,00
473 13,12 0,00 0,00 7.258,00 7.298,00
474 13,12 13,12 9,86 7.356,00 7.314,00
475 13,12 0,00 0,00 7.256,00 7.331,00
476 13,12 13,12 9,86 7.354,00 7.347,00
477 13,12 0,00 0,00 7.254,00 7.364,00
478 13,12 0,00 0,00 7.352,00 7.369,00
479 13,12 13,12 9,86 7.450,00 7.385,00
480 13,12 0,00 0,00 7.350,00 7.402,00
481 13,12 13,12 9,86 7.448,00 7.418,00
482 13,12 0,00 0,00 7.348,00 7.435,00
483 13,12 0,00 0,00 7.446,00 7.451,00
484 13,12 13,12 9,86 7.544,00 7.467,00
485 13,12 0,00 0,00 7.444,00 7.484,00
486 13,12 13,12 9,86 7.542,00 7.500,00
487 13,12 0,00 0,00 7.442,00 7.517,00
488 13,12 13,12 9,86 7.540,00 7.533,00
489 13,12 0,00 0,00 7.440,00 7.550,00
490 13,12 0,00 0,00 7.538,00 7.555,00
491 13,12 13,12 9,86 7.636,00 7.571,00
492 13,12 0,00 0,00 7.536,00 7.588,00
493 13,12 13,12 9,87 7.634,00 7.604,00
494 13,12 0,00 0,00 7.534,00 7.621,00
495 13,12 0,00 0,00 7.632,00 7.637,00
496 13,12 13,12 9,87 7.730,00 7.653,00
497 13,12 0,00 0,00 7.630,00 7.670,00
498 13,12 13,12 9,87 7.728,00 7.686,00
499 13,12 0,00 0,00 7.628,00 7.703,00
