1000
0 205,40 205,40 205,40 1,00 26,00 0
1 205,40 205,40 205,40 1,00 27,00 1235
2 205,40 205,40 223,03 1,00 28,00 1774
3 205,40 205,40 230,76 1,00 29,00 1865
4 205,40 205,40 231,28 1,00 30,00 1875
5 205,40 205,40 230,90 1,00 31,00 1879
6 205,40 205,40 231,22 1,00 32,00 1881
7 205,40 205,40 231,53 1,00 33,00 1881
8 205,40 205,40 231,53 1,00 34,00 1881
9 205,40 205,40 231,53 1,00 35,00 1881
10 205,40 205,40 231,53 1,00 36,00 1881
11 205,40 205,40 231,53 1,00 37,00 1881
12 205,40 205,40 231,53 1,00 38,00 1881
13 205,40 205,40 231,53 1,00 39,00 1881
14 205,40 205,40 231,53 1,00 40,00 1881
15 205,40 205,40 231,53 1,00 41,00 1881
16 205,40 205,40 231,53 1,00 42,00 1881
17 205,40 205,40 231,53 1,00 43,00 1881
18 205,40 4,67 5,26 1,00 44,00 1881
19 205,40 4,67 5,26 1,00 45,00 1881
20 205,40 4,47 5,03 1,00 46,00 1881
21 205,40 4,47 5,03 1,00 47,00 1881
22 205,40 4,47 5,03 1,00 48,00 1881
23 205,40 4,19 4,73 1,00 49,00 1881
24 205,40 4,19 4,73 1,00 50,00 1881
25 205,40 4,19 4,73 1,00 51,00 1881
26 205,40 4,19 4,73 1,00 52,00 1881
27 205,40 3,88 4,37 1,00 53,00 1881
28 205,40 3,88 4,37 1,00 54,00 1881
29 205,40 3,88 4,37 1,00 55,00 1881
30 205,40 3,88 4,37 81,00 56,00 1881
31 205,40 3,88 4,37 81,00 57,00 2704
32 205,40 297,10 310,06 81,00 57,00 3431
33 205,40 297,10 401,64 81,00 58,00 3821
34 205,40 281,99 378,04 81,00 59,00 4072
35 205,40 281,99 409,44 81,00 60,00 4286
36 205,40 281,99 387,83 81,00 61,00 4405
37 205,40 281,99 386,37 81,00 62,00 4558
38 205,40 281,99 406,19 81,00 63,00 4625
39 205,40 281,99 395,20 81,00 64,00 4666
40 205,40 281,99 401,17 81,00 65,00 4711
41 205,40 281,99 401,88 81,00 66,00 4762
42 205,40 281,99 412,67 81,00 67,00 4795
43 205,40 281,99 397,32 81,00 68,00 4831
44 205,40 281,99 407,29 81,00 69,00 4863
45 205,40 281,99 407,27 81,00 70,00 4893
46 205,40 281,99 407,21 81,00 71,00 4918
47 205,40 281,99 407,21 81,00 72,00 4938
48 205,40 281,99 407,21 81,00 73,00 4953
49 205,40 281,99 407,21 81,00 74,00 4969
50 205,40 281,99 407,21 81,00 75,00 4978
51 205,40 281,99 407,21 81,00 76,00 4991
52 205,40 281,99 407,21 81,00 77,00 5006
53 205,40 281,99 407,21 81,00 78,00 5016
54 205,40 281,99 407,21 81,00 79,00 5027
55 205,40 281,99 407,21 81,00 80,00 5033
56 205,40 281,99 407,21 81,00 81,00 5043
57 205,40 281,99 407,21 81,00 82,00 5047
58 205,40 281,99 407,21 81,00 83,00 5055
59 205,40 281,99 407,21 81,00 84,00 5061
60 205,40 281,99 407,21 1,00 85,00 5068
61 205,40 281,99 407,21 1,00 86,00 5076
62 205,40 281,99 407,24 1,00 87,00 5097
63 205,40 281,99 407,23 1,00 88,00 5110
64 205,40 281,99 407,28 1,00 89,00 5114
65 205,40 281,99 407,30 1,00 90,00 5115
66 205,40 2,26 3,26 1,00 91,00 5118
67 205,40 2,26 3,26 1,00 92,00 5123
68 205,40 2,26 3,26 1,00 93,00 5124
69 205,40 2,26 3,26 1,00 94,00 5125
70 205,40 2,26 3,26 1,00 95,00 5125
71 205,40 2,26 3,26 1,00 96,00 5125
72 205,40 2,26 3,26 1,00 97,00 5125
73 205,40 2,26 3,26 1,00 98,00 5125
74 205,40 2,26 3,26 1,00 99,00 5126
75 205,40 2,26 3,26 1,00 100,00 5126
76 205,40 2,26 3,26 1,00 101,00 5126
77 205,40 2,26 3,26 1,00 102,00 5126
78 205,40 2,26 3,26 1,00 103,00 5127
79 205,40 2,26 3,26 1,00 104,00 5128
80 205,40 2,26 3,26 1,00 105,00 5128
81 205,40 1,94 2,80 1,00 106,00 5128
82 205,40 1,94 2,80 1,00 107,00 5128
83 205,40 1,90 2,75 1,00 108,00 5128
84 205,40 1,90 2,75 1,00 109,00 5128
85 205,40 1,90 2,75 1,00 110,00 5128
86 205,40 1,90 2,75 1,00 111,00 5128
87 205,40 1,90 2,75 1,00 112,00 5128
88 205,40 1,90 2,75 1,00 113,00 5129
89 205,40 1,90 2,75 1,00 114,00 5133
90 205,40 1,90 2,75 87,00 115,00 5133
91 205,40 1,90 2,75 87,00 116,00 5240
92 205,40 1,90 2,75 87,00 117,00 5280
93 205,40 1,90 2,75 87,00 118,00 5298
94 205,40 1,90 2,75 87,00 119,00 5308
95 205,40 1,90 2,75 87,00 120,00 5318
96 205,40 1,90 2,75 87,00 121,00 5327
97 205,40 1,90 2,75 87,00 122,00 5336
98 205,40 1,90 2,75 87,00 123,00 5340
99 205,40 1,90 2,75 87,00 124,00 5347
100 205,40 1,90 2,75 87,00 125,00 5351
101 205,40 1,90 2,75 87,00 126,00 5353
102 205,40 1,90 2,75 87,00 127,00 5354
103 205,40 1,90 2,75 87,00 128,00 5357
104 205,40 1,90 2,75 87,00 129,00 5357
105 205,40 1,90 2,75 87,00 130,00 5357
106 205,40 1,90 2,75 87,00 131,00 5357
107 205,40 1,90 2,75 87,00 132,00 5357
108 205,40 1,90 2,75 87,00 133,00 5357
109 205,40 1,90 2,75 87,00 134,00 5359
110 205,40 1,90 2,75 87,00 135,00 5359
111 205,40 1,90 2,75 87,00 136,00 5360
112 205,40 1,90 2,75 87,00 137,00 5362
113 205,40 1,90 2,75 87,00 138,00 5364
114 205,40 1,90 2,75 87,00 139,00 5366
115 205,40 1,90 2,75 87,00 140,00 5366
116 205,40 1,90 2,75 87,00 141,00 5366
117 205,40 1,90 2,75 87,00 142,00 5366
118 205,40 1,90 2,75 87,00 143,00 5367
119 205,40 1,90 2,75 87,00 144,00 5368
120 205,40 123,24 177,97 1,00 145,00 5368
121 205,40 123,24 177,97 1,00 146,00 5378
122 205,40 123,24 177,98 1,00 147,00 5387
123 205,40 123,24 177,97 1,00 148,00 5391
124 205,40 123,24 177,97 1,00 149,00 5392
125 205,40 123,24 177,97 1,00 150,00 5392
126 205,40 123,24 177,97 1,00 151,00 5392
127 205,40 123,24 177,97 1,00 152,00 5392
128 205,40 123,24 177,97 1,00 153,00 5392
129 205,40 123,24 177,97 1,00 154,00 5392
130 205,40 123,24 177,97 1,00 155,00 5392
131 205,40 123,24 177,97 1,00 156,00 5392
132 205,40 123,24 177,97 1,00 157,00 5392
133 205,40 123,24 177,97 1,00 158,00 5392
134 205,40 123,24 177,97 1,00 159,00 5392
135 205,40 123,24 177,97 1,00 160,00 5392
136 205,40 123,24 177,97 1,00 161,00 5392
137 205,40 123,24 177,97 1,00 162,00 5392
138 205,40 123,24 177,97 1,00 163,00 5392
139 205,40 123,24 177,97 1,00 164,00 5392
140 205,40 123,24 177,97 1,00 165,00 5397
141 205,40 123,24 177,97 1,00 166,00 5398
142 205,40 123,24 177,97 1,00 167,00 5398
143 205,40 123,24 177,97 1,00 168,00 5398
144 205,40 123,24 177,97 1,00 169,00 5398
145 205,40 123,24 177,97 1,00 170,00 5398
146 205,40 123,24 177,97 1,00 171,00 5398
147 205,40 123,24 177,97 1,00 172,00 5398
148 205,40 123,24 177,97 1,00 173,00 5398
149 205,40 123,24 177,97 1,00 174,00 5398
150 205,40 123,24 177,97 1,00 175,00 5398
151 205,40 1,17 1,69 1,00 176,00 5443
152 205,40 1,16 1,68 1,00 177,00 5461
153 205,40 1,15 1,67 1,00 178,00 5469
154 205,40 1,15 1,66 1,00 179,00 5476
155 205,40 1,15 1,66 1,00 180,00 5480
156 205,40 1,15 1,66 1,00 181,00 5482
157 205,40 1,15 1,66 1,00 182,00 5482
158 205,40 1,15 1,66 1,00 183,00 5492
159 205,40 1,15 1,66 1,00 184,00 5501
160 205,40 1,15 1,66 1,00 185,00 5510
161 205,40 1,15 1,66 1,00 186,00 5520
162 205,40 1,15 1,66 1,00 187,00 5532
163 205,40 1,15 1,66 1,00 188,00 5544
164 205,40 1,15 1,66 1,00 189,00 5553
165 205,40 1,15 1,66 1,00 190,00 5560
166 205,40 1,15 1,66 1,00 191,00 5566
167 205,40 1,15 1,66 1,00 192,00 5570
168 205,40 1,15 1,66 1,00 193,00 5573
169 205,40 1,06 1,53 1,00 194,00 5575
170 205,40 1,06 1,53 1,00 195,00 5576
171 205,40 1,06 1,53 1,00 196,00 5577
172 205,40 1,06 1,53 1,00 197,00 5578
173 205,40 1,06 1,53 1,00 198,00 5579
174 205,40 1,06 1,53 1,00 199,00 5580
175 205,40 1,06 1,53 1,00 200,00 5582
176 205,40 1,06 1,53 1,00 201,00 5583
177 205,40 1,06 1,53 1,00 202,00 5584
178 205,40 1,06 1,53 1,00 203,00 5587
179 205,40 1,06 1,53 1,00 204,00 5589
180 205,40 1,06 1,53 68,00 205,00 5591
181 205,40 1,06 1,53 68,00 206,00 5600
182 205,40 1,06 1,53 68,00 207,00 5601
183 205,40 1,06 1,53 68,00 208,00 5602
184 205,40 1,06 1,53 68,00 209,00 5602
185 205,40 1,06 1,53 68,00 210,00 5602
186 205,40 1,06 1,53 68,00 211,00 5602
187 205,40 1,06 1,53 68,00 212,00 5602
188 205,40 1,06 1,53 68,00 213,00 5602
189 205,40 65,27 94,25 68,00 214,00 5602
190 205,40 65,27 94,25 68,00 215,00 5602
191 205,40 65,27 94,25 68,00 216,00 5604
192 205,40 65,27 94,25 68,00 217,00 5606
193 205,40 65,27 94,25 68,00 218,00 5607
194 205,40 65,27 94,25 68,00 219,00 5611
195 205,40 65,27 94,25 68,00 220,00 5613
196 205,40 65,27 94,25 68,00 221,00 5613
197 205,40 65,27 94,25 68,00 222,00 5613
198 205,40 65,27 94,25 68,00 223,00 5613
199 205,40 65,27 94,25 68,00 224,00 5613
200 205,40 65,27 94,25 68,00 225,00 5613
201 205,40 65,27 94,25 68,00 226,00 5613
202 205,40 65,27 94,25 68,00 227,00 5613
203 205,40 65,27 94,25 68,00 228,00 5613
204 205,40 60,99 88,08 68,00 229,00 5613
205 205,40 60,99 88,08 68,00 230,00 5613
206 205,40 60,99 88,08 68,00 231,00 5613
207 205,40 60,99 88,08 68,00 232,00 5613
208 205,40 60,99 88,08 68,00 233,00 5614
209 205,40 60,99 88,08 68,00 234,00 5616
210 205,40 60,99 88,08 1,00 235,00 5616
211 205,40 60,99 88,08 1,00 236,00 5655
212 205,40 60,99 88,08 1,00 237,00 5665
213 205,40 60,99 88,07 1,00 238,00 5671
214 205,40 60,99 88,08 1,00 239,00 5671
215 205,40 0,86 1,24 1,00 240,00 5671
216 205,40 0,86 1,24 1,00 241,00 5671
217 205,40 0,86 1,24 1,00 242,00 5671
218 205,40 0,86 1,24 1,00 243,00 5671
219 205,40 0,86 1,24 1,00 244,00 5671
220 205,40 0,84 1,21 1,00 245,00 5671
221 205,40 0,84 1,21 1,00 246,00 5671
222 205,40 0,84 1,21 1,00 247,00 5671
223 205,40 0,84 1,21 1,00 248,00 5671
224 205,40 0,84 1,21 1,00 249,00 5671
225 205,40 0,84 1,21 1,00 250,00 5671
226 205,40 0,84 1,21 1,00 251,00 5671
227 205,40 0,84 1,21 1,00 252,00 5671
228 205,40 0,84 1,21 1,00 253,00 5671
229 205,40 0,84 1,21 1,00 254,00 5671
230 205,40 0,84 1,21 1,00 255,00 5671
231 205,40 0,84 1,21 1,00 256,00 5671
232 205,40 0,84 1,21 1,00 257,00 5671
233 205,40 0,80 1,15 1,00 258,00 5671
234 205,40 0,80 1,15 1,00 259,00 5671
235 205,40 0,80 1,15 1,00 260,00 5671
236 205,40 0,80 1,15 1,00 261,00 5671
237 205,40 0,80 1,15 1,00 262,00 5671
238 205,40 0,80 1,15 1,00 263,00 5671
239 205,40 0,80 1,15 1,00 264,00 5671
240 205,40 0,80 1,15 83,00 265,00 5671
241 205,40 0,80 1,15 83,00 266,00 5686
242 205,40 0,80 1,15 83,00 267,00 5686
243 205,40 0,80 1,15 83,00 268,00 5687
244 205,40 0,80 1,15 83,00 269,00 5688
245 205,40 0,80 1,15 83,00 270,00 5688
246 205,40 0,80 1,15 83,00 271,00 5688
247 205,40 0,80 1,15 83,00 272,00 5688
248 205,40 62,45 90,18 83,00 273,00 5688
249 205,40 62,45 90,18 83,00 274,00 5691
250 205,40 62,45 90,18 83,00 275,00 5693
251 205,40 61,77 89,20 83,00 276,00 5693
252 205,40 61,77 89,20 83,00 277,00 5693
253 205,40 61,77 89,20 83,00 278,00 5694
254 205,40 61,77 89,20 83,00 279,00 5694
255 205,40 61,77 89,20 83,00 280,00 5694
256 205,40 61,77 89,20 83,00 281,00 5694
257 205,40 61,77 89,20 83,00 282,00 5694
258 205,40 61,77 89,20 83,00 283,00 5694
259 205,40 61,77 89,20 83,00 284,00 5694
260 205,40 61,77 89,20 83,00 285,00 5694
261 205,40 61,77 89,20 83,00 286,00 5694
262 205,40 61,77 89,20 83,00 287,00 5694
263 205,40 61,77 89,20 83,00 288,00 5694
264 205,40 61,77 89,20 83,00 289,00 5694
265 205,40 61,77 89,20 83,00 290,00 5694
266 205,40 61,77 89,20 83,00 291,00 5694
267 205,40 61,77 89,20 83,00 292,00 5694
268 205,40 61,77 89,20 83,00 293,00 5694
269 205,40 61,77 89,20 83,00 294,00 5694
270 205,40 61,77 89,20 1,00 295,00 5694
271 205,40 61,77 89,20 1,00 296,00 5724
272 205,40 61,77 89,20 1,00 297,00 5736
273 205,40 61,77 89,20 1,00 298,00 5742
274 205,40 61,77 89,20 1,00 299,00 5742
275 205,40 61,77 89,20 1,00 300,00 5742
276 205,40 61,77 89,20 1,00 301,00 5742
277 205,40 61,77 89,20 1,00 302,00 5742
278 205,40 0,68 0,98 1,00 303,00 5742
279 205,40 0,68 0,98 1,00 304,00 5742
280 205,40 0,68 0,98 1,00 305,00 5742
281 205,40 0,68 0,98 1,00 306,00 5742
282 205,40 0,68 0,98 1,00 307,00 5742
283 205,40 0,68 0,98 1,00 308,00 5742
284 205,40 0,68 0,98 1,00 309,00 5742
285 205,40 0,68 0,98 1,00 310,00 5742
286 205,40 0,68 0,98 1,00 311,00 5742
287 205,40 0,68 0,98 1,00 312,00 5742
288 205,40 0,66 0,95 1,00 313,00 5742
289 205,40 0,65 0,94 1,00 314,00 5742
290 205,40 0,65 0,94 1,00 315,00 5742
291 205,40 0,65 0,94 1,00 316,00 5742
292 205,40 0,65 0,94 1,00 317,00 5742
293 205,40 0,65 0,94 1,00 318,00 5742
294 205,40 0,65 0,94 1,00 319,00 5742
295 205,40 0,65 0,94 1,00 320,00 5742
296 205,40 0,65 0,94 1,00 321,00 5742
297 205,40 0,65 0,94 1,00 322,00 5742
298 205,40 0,65 0,94 1,00 323,00 5742
299 205,40 0,65 0,94 1,00 324,00 5742
300 205,40 0,65 0,94 85,00 325,00 5742
301 205,40 0,65 0,94 85,00 326,00 5752
302 205,40 0,65 0,94 85,00 327,00 5752
303 205,40 0,65 0,94 85,00 328,00 5752
304 205,40 0,65 0,94 85,00 329,00 5752
305 205,40 0,65 0,94 85,00 330,00 5752
306 205,40 0,65 0,94 85,00 331,00 5762
307 205,40 0,65 0,94 85,00 332,00 5773
308 205,40 0,65 0,94 85,00 333,00 5778
309 205,40 0,65 0,94 85,00 334,00 5780
310 205,40 0,65 0,94 85,00 335,00 5780
311 205,40 0,65 0,94 85,00 336,00 5780
312 205,40 51,81 74,81 85,00 337,00 5780
313 205,40 51,65 74,59 85,00 338,00 5782
314 205,40 51,65 74,59 85,00 339,00 5783
315 205,40 51,65 74,59 85,00 340,00 5783
316 205,40 51,65 74,59 85,00 341,00 5783
317 205,40 51,65 74,59 85,00 342,00 5783
318 205,40 51,65 74,59 85,00 343,00 5783
319 205,40 51,65 74,59 85,00 344,00 5783
320 205,40 51,65 74,59 85,00 345,00 5783
321 205,40 51,65 74,59 85,00 346,00 5783
322 205,40 51,65 74,59 85,00 347,00 5783
323 205,40 51,65 74,59 85,00 348,00 5783
324 205,40 50,03 72,24 85,00 349,00 5783
325 205,40 50,03 72,24 85,00 350,00 5783
326 205,40 50,03 72,24 85,00 351,00 5783
327 205,40 50,03 72,24 85,00 352,00 5783
328 205,40 50,03 72,24 85,00 353,00 5783
329 205,40 50,03 72,24 85,00 354,00 5783
330 205,40 50,03 72,24 1,00 355,00 5783
331 205,40 50,03 72,24 1,00 356,00 5809
332 205,40 50,03 72,24 1,00 357,00 5815
333 205,40 50,03 72,24 1,00 358,00 5818
334 205,40 50,03 72,24 1,00 359,00 5819
335 205,40 50,03 72,24 1,00 360,00 5820
336 205,40 0,57 0,82 1,00 361,00 5820
337 205,40 0,57 0,82 1,00 362,00 5820
338 205,40 0,57 0,82 1,00 363,00 5820
339 205,40 0,57 0,82 1,00 364,00 5820
340 205,40 0,57 0,82 1,00 365,00 5820
341 205,40 0,57 0,82 1,00 366,00 5820
342 205,40 0,57 0,82 1,00 367,00 5820
343 205,40 0,57 0,82 1,00 368,00 5820
344 205,40 0,57 0,82 1,00 369,00 5820
345 205,40 0,56 0,80 1,00 370,00 5820
346 205,40 0,56 0,80 1,00 371,00 5820
347 205,40 0,56 0,80 1,00 372,00 5820
348 205,40 0,56 0,80 1,00 373,00 5820
349 205,40 0,56 0,80 1,00 374,00 5820
350 205,40 0,56 0,80 1,00 375,00 5820
351 205,40 0,55 0,79 1,00 376,00 5820
352 205,40 0,55 0,79 1,00 377,00 5820
353 205,40 0,54 0,78 1,00 378,00 5820
354 205,40 0,54 0,78 1,00 379,00 5820
355 205,40 0,54 0,78 1,00 380,00 5820
356 205,40 0,54 0,78 1,00 381,00 5820
357 205,40 0,54 0,78 1,00 382,00 5820
358 205,40 0,54 0,78 1,00 383,00 5820
359 205,40 0,53 0,77 1,00 384,00 5820
360 205,40 0,53 0,77 93,00 385,00 5820
361 205,40 0,53 0,77 93,00 386,00 5827
362 205,40 0,53 0,77 93,00 387,00 5827
363 205,40 0,53 0,77 93,00 388,00 5827
364 205,40 0,53 0,77 93,00 389,00 5827
365 205,40 0,53 0,77 93,00 390,00 5827
366 205,40 0,53 0,77 93,00 391,00 5827
367 205,40 0,53 0,77 93,00 392,00 5827
368 205,40 48,61 70,19 93,00 393,00 5827
369 205,40 48,61 70,19 93,00 394,00 5827
370 205,40 48,61 70,19 93,00 395,00 5827
371 205,40 48,61 70,19 93,00 396,00 5827
372 205,40 48,61 70,19 93,00 397,00 5827
373 205,40 48,61 70,19 93,00 398,00 5827
374 205,40 48,61 70,19 93,00 399,00 5827
375 205,40 48,61 70,19 93,00 400,00 5827
376 205,40 48,61 70,19 93,00 401,00 5827
377 205,40 48,61 70,19 93,00 402,00 5827
378 205,40 48,61 70,19 93,00 403,00 5827
379 205,40 48,61 70,19 93,00 404,00 5827
380 205,40 48,61 70,19 93,00 405,00 5827
381 205,40 48,61 70,19 93,00 406,00 5827
382 205,40 48,61 70,19 93,00 407,00 5827
383 205,40 48,61 70,19 93,00 408,00 5833
384 205,40 48,61 70,19 93,00 409,00 5833
385 205,40 48,61 70,19 93,00 410,00 5833
386 205,40 48,61 70,19 93,00 411,00 5833
387 205,40 48,61 70,19 93,00 412,00 5833
388 205,40 48,61 70,19 93,00 413,00 5833
389 205,40 48,61 70,19 93,00 414,00 5833
390 205,40 48,61 70,19 1,00 415,00 5833
391 205,40 48,61 70,19 1,00 416,00 5854
392 205,40 48,61 70,19 1,00 417,00 5858
393 205,40 48,61 70,19 1,00 418,00 5861
394 205,40 48,61 70,19 1,00 419,00 5861
395 205,40 48,61 70,19 1,00 420,00 5861
396 205,40 48,61 70,19 1,00 421,00 5861
397 205,40 48,61 70,19 1,00 422,00 5861
398 205,40 48,61 70,19 1,00 423,00 5861
399 205,40 48,61 70,19 1,00 424,00 5861
400 205,40 48,61 70,19 1,00 425,00 5861
401 205,40 48,61 70,19 1,00 426,00 5865
402 205,40 48,61 70,19 1,00 427,00 5866
403 205,40 48,61 70,19 1,00 428,00 5866
404 205,40 0,48 0,69 1,00 429,00 5866
405 205,40 0,48 0,69 1,00 430,00 5866
406 205,40 0,48 0,69 1,00 431,00 5866
407 205,40 0,48 0,69 1,00 432,00 5866
408 205,40 0,48 0,69 1,00 433,00 5866
409 205,40 0,48 0,69 1,00 434,00 5866
410 205,40 0,48 0,69 1,00 435,00 5866
411 205,40 0,48 0,69 1,00 436,00 5866
412 205,40 0,48 0,69 1,00 437,00 5866
413 205,40 0,48 0,69 1,00 438,00 5866
414 205,40 0,48 0,69 1,00 439,00 5866
415 205,40 0,48 0,69 1,00 440,00 5866
416 205,40 0,48 0,69 1,00 441,00 5866
417 205,40 0,48 0,69 1,00 442,00 5866
418 205,40 0,48 0,69 1,00 443,00 5866
419 205,40 0,48 0,69 1,00 444,00 5866
420 205,40 0,48 0,69 87,00 445,00 5866
421 205,40 40,07 57,86 87,00 446,00 5875
422 205,40 40,07 57,86 87,00 447,00 5878
423 205,40 40,07 57,86 87,00 448,00 5879
424 205,40 40,07 57,86 87,00 449,00 5879
425 205,40 40,07 57,86 87,00 450,00 5879
426 205,40 39,62 57,22 87,00 451,00 5879
427 205,40 39,62 57,22 87,00 452,00 5879
428 205,40 39,62 57,22 87,00 453,00 5880
429 205,40 39,62 57,22 87,00 454,00 5880
430 205,40 39,62 57,22 87,00 455,00 5880
431 205,40 39,62 57,22 87,00 456,00 5880
432 205,40 39,62 57,22 87,00 457,00 5880
433 205,40 39,62 57,22 87,00 458,00 5880
434 205,40 39,62 57,22 87,00 459,00 5880
435 205,40 39,62 57,22 87,00 460,00 5880
436 205,40 39,62 57,22 87,00 461,00 5880
437 205,40 39,62 57,22 87,00 462,00 5880
438 205,40 39,62 57,22 87,00 463,00 5880
439 205,40 39,62 57,22 87,00 464,00 5880
440 205,40 39,62 57,22 87,00 465,00 5880
441 205,40 39,62 57,22 87,00 466,00 5880
442 205,40 39,62 57,22 87,00 467,00 5880
443 205,40 39,62 57,22 87,00 468,00 5880
444 205,40 39,62 57,22 87,00 469,00 5880
445 205,40 39,62 57,22 87,00 470,00 5880
446 205,40 39,62 57,22 87,00 471,00 5880
447 205,40 39,62 57,22 87,00 472,00 5880
448 205,40 39,62 57,22 87,00 473,00 5880
449 205,40 39,62 57,22 87,00 474,00 5880
450 205,40 39,62 57,22 1,00 475,00 5880
451 205,40 39,62 57,22 1,00 476,00 5901
452 205,40 39,62 57,22 1,00 477,00 5908
453 205,40 39,62 57,22 1,00 478,00 5908
454 205,40 39,62 57,22 1,00 479,00 5908
455 205,40 39,62 57,22 1,00 480,00 5908
456 205,40 39,62 57,22 1,00 481,00 5909
457 205,40 39,62 57,22 1,00 482,00 5909
458 205,40 39,62 57,22 1,00 483,00 5909
459 205,40 39,62 57,22 1,00 484,00 5909
460 205,40 39,62 57,22 1,00 485,00 5909
461 205,40 39,62 57,22 1,00 486,00 5909
462 205,40 39,62 57,22 1,00 487,00 5909
463 205,40 39,62 57,22 1,00 488,00 5909
464 205,40 39,62 57,22 1,00 489,00 5909
465 205,40 39,62 57,22 1,00 490,00 5909
466 205,40 39,62 57,22 1,00 491,00 5909
467 205,40 39,62 57,22 1,00 492,00 5909
468 205,40 39,62 57,22 1,00 493,00 5909
469 205,40 39,62 57,22 1,00 494,00 5909
470 205,40 39,62 57,22 1,00 495,00 5909
471 205,40 39,62 57,22 1,00 496,00 5909
472 205,40 39,62 57,22 1,00 497,00 5909
473 205,40 39,62 57,22 1,00 498,00 5909
474 205,40 39,62 57,22 1,00 499,00 5909
475 205,40 39,62 57,22 1,00 500,00 5909
476 205,40 39,62 57,22 1,00 501,00 5909
477 205,40 39,62 57,22 1,00 502,00 5909
478 205,40 39,62 57,22 1,00 503,00 5909
479 205,40 39,62 57,22 1,00 504,00 5909
480 205,40 0,41 0,59 85,00 505,00 5909
481 205,40 0,41 0,59 85,00 506,00 5915
482 205,40 0,41 0,59 85,00 507,00 5916
483 205,40 0,41 0,59 85,00 508,00 5916
484 205,40 0,41 0,59 85,00 509,00 5916
485 205,40 0,41 0,59 85,00 510,00 5916
486 205,40 0,41 0,59 85,00 511,00 5916
487 205,40 0,41 0,59 85,00 512,00 5916
488 205,40 0,41 0,59 85,00 513,00 5916
489 205,40 0,41 0,59 85,00 514,00 5916
490 205,40 0,41 0,59 85,00 515,00 5916
491 205,40 33,84 48,86 85,00 516,00 5916
492 205,40 33,84 48,86 85,00 517,00 5916
493 205,40 33,84 48,86 85,00 518,00 5916
494 205,40 33,84 48,86 85,00 519,00 5916
495 205,40 33,84 48,86 85,00 520,00 5916
496 205,40 33,84 48,86 85,00 521,00 5916
497 205,40 33,84 48,86 85,00 522,00 5916
498 205,40 33,84 48,86 85,00 523,00 5916
499 205,40 33,84 48,86 85,00 524,00 5916
500 205,40 33,84 48,86 85,00 525,00 5916
501 205,40 33,84 48,86 85,00 526,00 5916
502 205,40 33,84 48,86 85,00 527,00 5916
503 205,40 33,84 48,86 85,00 528,00 5916
504 205,40 33,84 48,86 85,00 529,00 5916
505 205,40 33,84 48,86 85,00 530,00 5919
506 205,40 33,84 48,86 85,00 531,00 5919
507 205,40 33,84 48,86 85,00 532,00 5919
508 205,40 32,76 47,30 85,00 533,00 5919
509 205,40 32,76 47,30 85,00 534,00 5919
510 205,40 32,76 47,30 1,00 535,00 5919
511 205,40 32,76 47,30 1,00 536,00 5935
512 205,40 32,76 47,30 1,00 537,00 5937
513 205,40 32,76 47,30 1,00 538,00 5938
514 205,40 0,38 0,55 1,00 539,00 5938
515 205,40 0,38 0,55 1,00 540,00 5938
516 205,40 0,38 0,55 1,00 541,00 5938
517 205,40 0,38 0,55 1,00 542,00 5938
518 205,40 0,38 0,55 1,00 543,00 5938
519 205,40 0,38 0,55 1,00 544,00 5938
520 205,40 0,38 0,55 1,00 545,00 5938
521 205,40 0,38 0,55 1,00 546,00 5938
522 205,40 0,38 0,55 1,00 547,00 5938
523 205,40 0,37 0,54 1,00 548,00 5938
524 205,40 0,37 0,54 1,00 549,00 5938
525 205,40 0,37 0,54 1,00 550,00 5938
526 205,40 0,37 0,54 1,00 551,00 5938
527 205,40 0,37 0,54 1,00 552,00 5938
528 205,40 0,37 0,54 1,00 553,00 5938
529 205,40 0,37 0,54 1,00 554,00 5938
530 205,40 0,37 0,54 1,00 555,00 5938
531 205,40 0,37 0,53 1,00 556,00 5938
532 205,40 0,37 0,53 1,00 557,00 5938
533 205,40 0,37 0,53 1,00 558,00 5938
534 205,40 0,37 0,53 1,00 559,00 5938
535 205,40 0,37 0,53 1,00 560,00 5938
536 205,40 0,37 0,53 1,00 561,00 5938
537 205,40 0,37 0,53 1,00 562,00 5938
538 205,40 0,37 0,53 1,00 563,00 5938
539 205,40 0,37 0,53 1,00 564,00 5938
540 205,40 0,37 0,53 89,00 565,00 5938
541 205,40 0,37 0,53 89,00 566,00 5942
542 205,40 0,37 0,53 89,00 567,00 5944
543 205,40 0,37 0,53 89,00 568,00 5946
544 205,40 0,37 0,53 89,00 569,00 5947
545 205,40 0,37 0,53 89,00 570,00 5958
546 205,40 32,02 46,23 89,00 571,00 5965
547 205,40 32,02 46,23 89,00 572,00 5965
548 205,40 32,02 46,23 89,00 573,00 5965
549 205,40 32,02 46,23 89,00 574,00 5965
550 205,40 31,79 45,91 89,00 575,00 5965
551 205,40 31,79 45,91 89,00 576,00 5965
552 205,40 31,68 45,75 89,00 577,00 5965
553 205,40 31,68 45,75 89,00 578,00 5965
554 205,40 31,68 45,75 89,00 579,00 5965
555 205,40 31,68 45,75 89,00 580,00 5965
556 205,40 31,68 45,75 89,00 581,00 5965
557 205,40 31,68 45,75 89,00 582,00 5965
558 205,40 31,68 45,75 89,00 583,00 5965
559 205,40 31,68 45,75 89,00 584,00 5969
560 205,40 31,68 45,75 89,00 585,00 5969
561 205,40 31,68 45,75 89,00 586,00 5969
562 205,40 31,68 45,75 89,00 587,00 5969
563 205,40 31,68 45,75 89,00 588,00 5969
564 205,40 31,68 45,75 89,00 589,00 5969
565 205,40 31,68 45,75 89,00 590,00 5969
566 205,40 31,68 45,75 89,00 591,00 5969
567 205,40 31,68 45,75 89,00 592,00 5969
568 205,40 31,68 45,75 89,00 593,00 5969
569 205,40 31,68 45,75 89,00 594,00 5969
570 205,40 31,68 45,75 1,00 595,00 5969
571 205,40 31,68 45,75 1,00 596,00 5988
572 205,40 31,68 45,75 1,00 597,00 5994
573 205,40 31,68 45,75 1,00 598,00 5999
574 205,40 31,68 45,75 1,00 599,00 6004
575 205,40 31,68 45,75 1,00 600,00 6007
576 205,40 31,68 45,75 1,00 601,00 6009
577 205,40 31,68 45,75 1,00 602,00 6010
578 205,40 31,68 45,75 1,00 603,00 6010
579 205,40 31,68 45,75 1,00 604,00 6010
580 205,40 31,68 45,75 1,00 605,00 6010
581 205,40 31,68 45,75 1,00 606,00 6010
582 205,40 31,68 45,75 1,00 607,00 6010
583 205,40 0,34 0,49 1,00 608,00 6010
584 205,40 0,34 0,49 1,00 609,00 6010
585 205,40 0,34 0,49 1,00 610,00 6010
586 205,40 0,34 0,49 1,00 611,00 6010
587 205,40 0,34 0,49 1,00 612,00 6010
588 205,40 0,34 0,49 1,00 613,00 6010
589 205,40 0,34 0,49 1,00 614,00 6010
590 205,40 0,34 0,49 1,00 615,00 6010
591 205,40 0,34 0,49 1,00 616,00 6010
592 205,40 0,34 0,49 1,00 617,00 6010
593 205,40 0,34 0,49 1,00 618,00 6010
594 205,40 0,34 0,49 1,00 619,00 6010
595 205,40 0,34 0,49 1,00 620,00 6010
596 205,40 0,34 0,49 1,00 621,00 6010
597 205,40 0,33 0,48 1,00 622,00 6010
598 205,40 0,33 0,48 1,00 623,00 6010
599 205,40 0,33 0,48 1,00 624,00 6010
600 205,40 0,33 0,48 91,00 625,00 6010
601 205,40 0,33 0,48 91,00 626,00 6019
602 205,40 0,33 0,48 91,00 627,00 6021
603 205,40 0,33 0,48 91,00 628,00 6022
604 205,40 0,33 0,48 91,00 629,00 6022
605 205,40 0,33 0,48 91,00 630,00 6022
606 205,40 0,33 0,48 91,00 631,00 6022
607 205,40 0,33 0,48 91,00 632,00 6022
608 205,40 29,53 42,64 91,00 633,00 6023
609 205,40 29,53 42,64 91,00 634,00 6023
610 205,40 29,53 42,64 91,00 635,00 6023
611 205,40 29,53 42,64 91,00 636,00 6023
612 205,40 29,53 42,64 91,00 637,00 6023
613 205,40 29,53 42,64 91,00 638,00 6023
614 205,40 29,53 42,64 91,00 639,00 6023
615 205,40 29,53 42,64 91,00 640,00 6023
616 205,40 29,53 42,64 91,00 641,00 6023
617 205,40 29,53 42,64 91,00 642,00 6023
618 205,40 29,53 42,64 91,00 643,00 6023
619 205,40 29,53 42,64 91,00 644,00 6023
620 205,40 29,53 42,64 91,00 645,00 6023
621 205,40 29,53 42,64 91,00 646,00 6023
622 205,40 29,53 42,64 91,00 647,00 6023
623 205,40 29,53 42,64 91,00 648,00 6023
624 205,40 29,53 42,64 91,00 649,00 6023
625 205,40 29,53 42,64 91,00 650,00 6023
626 205,40 28,71 41,46 91,00 651,00 6023
627 205,40 28,67 41,40 91,00 652,00 6023
628 205,40 28,67 41,40 91,00 653,00 6023
629 205,40 28,67 41,40 91,00 654,00 6023
630 205,40 28,67 41,40 1,00 655,00 6023
631 205,40 28,67 41,40 1,00 656,00 6039
632 205,40 28,67 41,40 1,00 657,00 6043
633 205,40 28,67 41,40 1,00 658,00 6043
634 205,40 28,67 41,40 1,00 659,00 6043
635 205,40 28,67 41,40 1,00 660,00 6043
636 205,40 28,67 41,40 1,00 661,00 6043
637 205,40 28,67 41,40 1,00 662,00 6043
638 205,40 28,67 41,40 1,00 663,00 6043
639 205,40 28,67 41,40 1,00 664,00 6043
640 205,40 28,67 41,40 1,00 665,00 6043
641 205,40 28,67 41,40 1,00 666,00 6043
642 205,40 28,67 41,40 1,00 667,00 6043
643 205,40 28,67 41,40 1,00 668,00 6043
644 205,40 28,67 41,40 1,00 669,00 6043
645 205,40 0,31 0,44 1,00 670,00 6043
646 205,40 0,31 0,44 1,00 671,00 6043
647 205,40 0,31 0,44 1,00 672,00 6043
648 205,40 0,31 0,44 1,00 673,00 6043
649 205,40 0,31 0,44 1,00 674,00 6043
650 205,40 0,31 0,44 1,00 675,00 6043
651 205,40 0,31 0,44 1,00 676,00 6043
652 205,40 0,31 0,44 1,00 677,00 6043
653 205,40 0,31 0,44 1,00 678,00 6043
654 205,40 0,31 0,44 1,00 679,00 6043
655 205,40 0,31 0,44 1,00 680,00 6043
656 205,40 0,31 0,44 1,00 681,00 6043
657 205,40 0,31 0,44 1,00 682,00 6043
658 205,40 0,31 0,44 1,00 683,00 6043
659 205,40 0,31 0,44 1,00 684,00 6043
660 205,40 0,31 0,44 95,00 685,00 6043
661 205,40 28,44 41,08 95,00 686,00 6047
662 205,40 28,44 41,08 95,00 687,00 6047
663 205,40 28,44 41,08 95,00 688,00 6047
664 205,40 28,44 41,08 95,00 689,00 6047
665 205,40 28,44 41,08 95,00 690,00 6047
666 205,40 28,44 41,08 95,00 691,00 6047
667 205,40 28,44 41,08 95,00 692,00 6047
668 205,40 28,44 41,08 95,00 693,00 6048
669 205,40 28,44 41,08 95,00 694,00 6048
670 205,40 28,44 41,08 95,00 695,00 6048
671 205,40 28,44 41,08 95,00 696,00 6048
672 205,40 28,44 41,08 95,00 697,00 6048
673 205,40 28,44 41,08 95,00 698,00 6048
674 205,40 28,44 41,08 95,00 699,00 6048
675 205,40 28,44 41,08 95,00 700,00 6048
676 205,40 28,44 41,08 95,00 701,00 6048
677 205,40 27,80 40,14 95,00 702,00 6048
678 205,40 27,80 40,14 95,00 703,00 6048
679 205,40 27,72 40,03 95,00 704,00 6048
680 205,40 27,72 40,03 95,00 705,00 6048
681 205,40 27,72 40,03 95,00 706,00 6048
682 205,40 27,72 40,03 95,00 707,00 6048
683 205,40 27,72 40,03 95,00 708,00 6048
684 205,40 27,72 40,03 95,00 709,00 6048
685 205,40 27,72 40,03 95,00 710,00 6048
686 205,40 27,72 40,03 95,00 711,00 6048
687 205,40 27,72 40,03 95,00 712,00 6048
688 205,40 27,72 40,03 95,00 713,00 6048
689 205,40 27,72 40,03 95,00 714,00 6048
690 205,40 27,29 39,41 1,00 715,00 6048
691 205,40 27,29 39,41 1,00 716,00 6060
692 205,40 27,29 39,41 1,00 717,00 6063
693 205,40 27,29 39,41 1,00 718,00 6066
694 205,40 27,29 39,41 1,00 719,00 6067
695 205,40 0,29 0,41 1,00 720,00 6068
696 205,40 0,28 0,41 1,00 721,00 6070
697 205,40 0,28 0,41 1,00 722,00 6070
698 205,40 0,28 0,41 1,00 723,00 6070
699 205,40 0,28 0,41 1,00 724,00 6070
700 205,40 0,28 0,41 1,00 725,00 6070
701 205,40 0,28 0,41 1,00 726,00 6070
702 205,40 0,28 0,41 1,00 727,00 6070
703 205,40 0,28 0,41 1,00 728,00 6070
704 205,40 0,28 0,41 1,00 729,00 6070
705 205,40 0,28 0,41 1,00 730,00 6070
706 205,40 0,28 0,41 1,00 731,00 6070
707 205,40 0,28 0,41 1,00 732,00 6070
708 205,40 0,28 0,41 1,00 733,00 6070
709 205,40 0,28 0,41 1,00 734,00 6070
710 205,40 0,28 0,41 1,00 735,00 6070
711 205,40 0,28 0,41 1,00 736,00 6070
712 205,40 0,28 0,41 1,00 737,00 6070
713 205,40 0,28 0,41 1,00 738,00 6070
714 205,40 0,28 0,41 1,00 739,00 6070
715 205,40 0,28 0,40 1,00 740,00 6070
716 205,40 0,28 0,40 1,00 741,00 6070
717 205,40 0,28 0,40 1,00 742,00 6070
718 205,40 0,28 0,40 1,00 743,00 6070
719 205,40 0,28 0,40 1,00 744,00 6070
720 205,40 0,28 0,40 93,00 745,00 6070
721 205,40 25,61 36,98 93,00 746,00 6073
722 205,40 25,57 36,93 93,00 747,00 6073
723 205,40 25,57 36,93 93,00 748,00 6073
724 205,40 25,57 36,93 93,00 749,00 6073
725 205,40 25,57 36,93 93,00 750,00 6073
726 205,40 25,57 36,93 93,00 751,00 6073
727 205,40 25,57 36,93 93,00 752,00 6073
728 205,40 25,57 36,93 93,00 753,00 6073
729 205,40 25,57 36,93 93,00 754,00 6073
730 205,40 25,57 36,93 93,00 755,00 6073
731 205,40 25,57 36,93 93,00 756,00 6073
732 205,40 25,57 36,93 93,00 757,00 6073
733 205,40 25,57 36,93 93,00 758,00 6073
734 205,40 25,57 36,93 93,00 759,00 6073
735 205,40 25,57 36,93 93,00 760,00 6073
736 205,40 25,57 36,93 93,00 761,00 6073
737 205,40 25,57 36,93 93,00 762,00 6073
738 205,40 25,04 36,15 93,00 763,00 6073
739 205,40 25,04 36,15 93,00 764,00 6073
740 205,40 25,04 36,15 93,00 765,00 6073
741 205,40 24,94 36,01 93,00 766,00 6073
742 205,40 24,94 36,01 93,00 767,00 6073
743 205,40 24,94 36,01 93,00 768,00 6073
744 205,40 24,94 36,01 93,00 769,00 6073
745 205,40 24,94 36,01 93,00 770,00 6073
746 205,40 24,94 36,01 93,00 771,00 6073
747 205,40 24,94 36,01 93,00 772,00 6073
748 205,40 24,94 36,01 93,00 773,00 6073
749 205,40 24,94 36,01 93,00 774,00 6073
750 205,40 24,94 36,01 1,00 775,00 6073
751 205,40 24,94 36,01 1,00 776,00 6081
752 205,40 24,94 36,01 1,00 777,00 6085
753 205,40 24,94 36,01 1,00 778,00 6085
754 205,40 24,94 36,01 1,00 779,00 6085
755 205,40 24,94 36,01 1,00 780,00 6085
756 205,40 24,94 36,01 1,00 781,00 6085
757 205,40 24,94 36,01 1,00 782,00 6085
758 205,40 24,94 36,01 1,00 783,00 6091
759 205,40 24,94 36,01 1,00 784,00 6094
760 205,40 0,26 0,38 1,00 785,00 6096
761 205,40 0,26 0,38 1,00 786,00 6097
762 205,40 0,26 0,38 1,00 787,00 6098
763 205,40 0,26 0,38 1,00 788,00 6098
764 205,40 0,26 0,38 1,00 789,00 6098
765 205,40 0,26 0,38 1,00 790,00 6098
766 205,40 0,26 0,38 1,00 791,00 6098
767 205,40 0,26 0,38 1,00 792,00 6098
768 205,40 0,26 0,37 1,00 793,00 6098
769 205,40 0,26 0,37 1,00 794,00 6098
770 205,40 0,26 0,37 1,00 795,00 6098
771 205,40 0,26 0,37 1,00 796,00 6098
772 205,40 0,26 0,37 1,00 797,00 6098
773 205,40 0,26 0,37 1,00 798,00 6098
774 205,40 0,26 0,37 1,00 799,00 6098
775 205,40 0,26 0,37 1,00 800,00 6098
776 205,40 0,26 0,37 1,00 801,00 6098
777 205,40 0,26 0,37 1,00 802,00 6098
778 205,40 0,26 0,37 1,00 803,00 6098
779 205,40 0,26 0,37 1,00 804,00 6098
780 205,40 0,26 0,37 93,00 805,00 6098
781 205,40 0,26 0,37 93,00 806,00 6102
782 205,40 0,26 0,37 93,00 807,00 6107
783 205,40 0,26 0,37 93,00 808,00 6110
784 205,40 0,26 0,37 93,00 809,00 6111
785 205,40 0,26 0,37 93,00 810,00 6111
786 205,40 0,26 0,37 93,00 811,00 6111
787 205,40 0,26 0,37 93,00 812,00 6111
788 205,40 0,26 0,37 93,00 813,00 6111
789 205,40 0,26 0,37 93,00 814,00 6111
790 205,40 0,26 0,37 93,00 815,00 6111
791 205,40 0,26 0,37 93,00 816,00 6111
792 205,40 0,26 0,37 93,00 817,00 6111
793 205,40 0,26 0,37 93,00 818,00 6111
794 205,40 23,32 33,68 93,00 819,00 6111
795 205,40 23,32 33,68 93,00 820,00 6111
796 205,40 23,32 33,68 93,00 821,00 6111
797 205,40 23,32 33,68 93,00 822,00 6111
798 205,40 23,32 33,68 93,00 823,00 6111
799 205,40 23,32 33,68 93,00 824,00 6111
800 205,40 23,15 33,44 93,00 825,00 6111
801 205,40 23,15 33,44 93,00 826,00 6111
802 205,40 23,15 33,44 93,00 827,00 6111
803 205,40 23,15 33,44 93,00 828,00 6111
804 205,40 23,15 33,44 93,00 829,00 6111
805 205,40 23,15 33,44 93,00 830,00 6111
806 205,40 23,15 33,44 93,00 831,00 6111
807 205,40 23,15 33,44 93,00 832,00 6111
808 205,40 22,93 33,11 93,00 833,00 6111
809 205,40 22,93 33,11 93,00 834,00 6111
810 205,40 22,93 33,11 1,00 835,00 6111
811 205,40 22,93 33,11 1,00 836,00 6120
812 205,40 22,93 33,11 1,00 837,00 6122
813 205,40 22,93 33,11 1,00 838,00 6123
814 205,40 22,93 33,11 1,00 839,00 6123
815 205,40 0,24 0,35 1,00 840,00 6123
816 205,40 0,24 0,35 1,00 841,00 6123
817 205,40 0,24 0,35 1,00 842,00 6123
818 205,40 0,24 0,35 1,00 843,00 6123
819 205,40 0,24 0,35 1,00 844,00 6123
820 205,40 0,24 0,35 1,00 845,00 6123
821 205,40 0,24 0,35 1,00 846,00 6123
822 205,40 0,24 0,35 1,00 847,00 6123
823 205,40 0,24 0,35 1,00 848,00 6123
824 205,40 0,24 0,35 1,00 849,00 6123
825 205,40 0,24 0,35 1,00 850,00 6123
826 205,40 0,24 0,35 1,00 851,00 6123
827 205,40 0,24 0,35 1,00 852,00 6123
828 205,40 0,24 0,35 1,00 853,00 6123
829 205,40 0,24 0,35 1,00 854,00 6123
830 205,40 0,24 0,35 1,00 855,00 6123
831 205,40 0,24 0,35 1,00 856,00 6123
832 205,40 0,24 0,35 1,00 857,00 6123
833 205,40 0,24 0,35 1,00 858,00 6123
834 205,40 0,24 0,35 1,00 859,00 6123
835 205,40 0,24 0,35 1,00 860,00 6123
836 205,40 0,24 0,35 1,00 861,00 6123
837 205,40 0,24 0,35 1,00 862,00 6123
838 205,40 0,24 0,35 1,00 863,00 6123
839 205,40 0,24 0,34 1,00 864,00 6123
840 205,40 0,24 0,34 95,00 865,00 6123
841 205,40 0,24 0,34 95,00 866,00 6130
842 205,40 0,24 0,34 95,00 867,00 6130
843 205,40 0,24 0,34 95,00 868,00 6130
844 205,40 0,24 0,34 95,00 869,00 6130
845 205,40 0,24 0,34 95,00 870,00 6130
846 205,40 0,24 0,34 95,00 871,00 6130
847 205,40 0,24 0,34 95,00 872,00 6130
848 205,40 0,24 0,34 95,00 873,00 6130
849 205,40 0,24 0,34 95,00 874,00 6130
850 205,40 0,24 0,34 95,00 875,00 6130
851 205,40 0,24 0,34 95,00 876,00 6130
852 205,40 0,24 0,34 95,00 877,00 6130
853 205,40 0,24 0,34 95,00 878,00 6130
854 205,40 0,24 0,34 95,00 879,00 6130
855 205,40 0,24 0,34 95,00 880,00 6130
856 205,40 0,24 0,34 95,00 881,00 6130
857 205,40 0,24 0,34 95,00 882,00 6130
858 205,40 22,10 31,91 95,00 883,00 6130
859 205,40 22,10 31,91 95,00 884,00 6130
860 205,40 22,10 31,91 95,00 885,00 6130
861 205,40 22,10 31,91 95,00 886,00 6130
862 205,40 22,10 31,91 95,00 887,00 6130
863 205,40 22,10 31,91 95,00 888,00 6130
864 205,40 22,10 31,91 95,00 889,00 6130
865 205,40 22,10 31,91 95,00 890,00 6130
866 205,40 22,10 31,91 95,00 891,00 6130
867 205,40 22,10 31,91 95,00 892,00 6130
868 205,40 22,10 31,91 95,00 893,00 6130
869 205,40 22,10 31,91 95,00 894,00 6130
870 205,40 22,10 31,91 1,00 895,00 6130
871 205,40 22,10 31,91 1,00 896,00 6139
872 205,40 22,10 31,91 1,00 897,00 6142
873 205,40 22,10 31,91 1,00 898,00 6144
874 205,40 22,10 31,91 1,00 899,00 6144
875 205,40 22,10 31,91 1,00 900,00 6152
876 205,40 22,10 31,91 1,00 901,00 6155
877 205,40 22,10 31,91 1,00 902,00 6156
878 205,40 22,10 31,91 1,00 903,00 6156
879 205,40 22,10 31,91 1,00 904,00 6156
880 205,40 22,10 31,91 1,00 905,00 6156
881 205,40 0,23 0,33 1,00 906,00 6156
882 205,40 0,23 0,33 1,00 907,00 6156
883 205,40 0,23 0,33 1,00 908,00 6156
884 205,40 0,23 0,33 1,00 909,00 6156
885 205,40 0,23 0,33 1,00 910,00 6156
886 205,40 0,23 0,33 1,00 911,00 6156
887 205,40 0,23 0,33 1,00 912,00 6156
888 205,40 0,23 0,33 1,00 913,00 6156
889 205,40 0,23 0,33 1,00 914,00 6156
890 205,40 0,23 0,33 1,00 915,00 6156
891 205,40 0,23 0,33 1,00 916,00 6156
892 205,40 0,22 0,32 1,00 917,00 6156
893 205,40 0,22 0,32 1,00 918,00 6156
894 205,40 0,22 0,32 1,00 919,00 6156
895 205,40 0,22 0,32 1,00 920,00 6156
896 205,40 0,22 0,32 1,00 921,00 6156
897 205,40 0,22 0,32 1,00 922,00 6156
898 205,40 0,22 0,32 1,00 923,00 6156
899 205,40 0,22 0,32 1,00 924,00 6156
900 205,40 0,22 0,32 93,00 925,00 6156
901 205,40 0,22 0,32 93,00 926,00 6161
902 205,40 0,22 0,32 93,00 927,00 6162
903 205,40 0,22 0,32 93,00 928,00 6163
904 205,40 0,22 0,32 93,00 929,00 6163
905 205,40 20,54 29,66 93,00 930,00 6164
906 205,40 20,54 29,66 93,00 931,00 6165
907 205,40 20,54 29,66 93,00 932,00 6165
908 205,40 20,54 29,66 93,00 933,00 6165
909 205,40 20,54 29,66 93,00 934,00 6165
910 205,40 20,54 29,66 93,00 935,00 6165
911 205,40 20,41 29,47 93,00 936,00 6165
912 205,40 20,41 29,47 93,00 937,00 6165
913 205,40 20,41 29,47 93,00 938,00 6165
914 205,40 20,41 29,47 93,00 939,00 6165
915 205,40 20,41 29,47 93,00 940,00 6165
916 205,40 20,41 29,47 93,00 941,00 6165
917 205,40 20,41 29,47 93,00 942,00 6165
918 205,40 20,41 29,47 93,00 943,00 6165
919 205,40 20,41 29,47 93,00 944,00 6165
920 205,40 20,21 29,19 93,00 945,00 6165
921 205,40 20,21 29,19 93,00 946,00 6165
922 205,40 20,21 29,19 93,00 947,00 6165
923 205,40 20,21 29,19 93,00 948,00 6165
924 205,40 20,21 29,19 93,00 949,00 6165
925 205,40 20,21 29,19 93,00 950,00 6165
926 205,40 20,21 29,19 93,00 951,00 6165
927 205,40 20,21 29,19 93,00 952,00 6165
928 205,40 20,21 29,19 93,00 953,00 6165
929 205,40 20,21 29,19 93,00 954,00 6165
930 205,40 20,21 29,19 1,00 955,00 6165
931 205,40 20,21 29,19 1,00 956,00 6173
932 205,40 20,21 29,19 1,00 957,00 6176
933 205,40 20,21 29,19 1,00 958,00 6176
934 205,40 20,21 29,19 1,00 959,00 6176
935 205,40 20,21 29,19 1,00 960,00 6176
936 205,40 20,21 29,19 1,00 961,00 6177
937 205,40 20,21 29,19 1,00 962,00 6177
938 205,40 20,21 29,19 1,00 963,00 6177
939 205,40 20,21 29,19 1,00 964,00 6177
940 205,40 20,21 29,19 1,00 965,00 6177
941 205,40 20,21 29,19 1,00 966,00 6177
942 205,40 20,21 29,19 1,00 967,00 6177
943 205,40 0,21 0,31 1,00 968,00 6177
944 205,40 0,21 0,31 1,00 969,00 6177
945 205,40 0,21 0,31 1,00 970,00 6177
946 205,40 0,21 0,31 1,00 971,00 6177
947 205,40 0,21 0,31 1,00 972,00 6177
948 205,40 0,21 0,31 1,00 973,00 6177
949 205,40 0,21 0,31 1,00 974,00 6177
950 205,40 0,21 0,31 1,00 975,00 6177
951 205,40 0,21 0,31 1,00 976,00 6177
952 205,40 0,21 0,31 1,00 977,00 6177
953 205,40 0,21 0,31 1,00 978,00 6177
954 205,40 0,21 0,31 1,00 979,00 6177
955 205,40 0,21 0,31 1,00 980,00 6177
956 205,40 0,21 0,31 1,00 981,00 6177
957 205,40 0,21 0,30 1,00 982,00 6177
958 205,40 0,21 0,30 1,00 983,00 6177
959 205,40 0,21 0,30 1,00 984,00 6177
960 205,40 0,21 0,30 97,00 985,00 6177
961 205,40 20,21 29,18 97,00 986,00 6179
962 205,40 20,21 29,18 97,00 987,00 6180
963 205,40 20,21 29,18 97,00 988,00 6180
964 205,40 20,21 29,18 97,00 989,00 6180
965 205,40 20,21 29,18 97,00 990,00 6181
966 205,40 20,21 29,18 97,00 991,00 6181
967 205,40 20,08 29,00 97,00 992,00 6181
968 205,40 20,08 29,00 97,00 993,00 6181
969 205,40 20,08 29,00 97,00 994,00 6181
970 205,40 20,08 29,00 97,00 995,00 6181
971 205,40 20,08 29,00 97,00 996,00 6181
972 205,40 19,98 28,86 97,00 997,00 6181
973 205,40 19,98 28,86 97,00 998,00 6181
974 205,40 19,98 28,86 97,00 999,00 6181
975 205,40 19,98 28,86 97,00 1.000,00 6181
976 205,40 19,98 28,86 97,00 1.001,00 6181
977 205,40 19,98 28,86 97,00 1.002,00 6181
978 205,40 19,98 28,86 97,00 1.003,00 6181
979 205,40 19,98 28,86 97,00 1.004,00 6181
980 205,40 19,98 28,86 97,00 1.005,00 6181
981 205,40 19,98 28,86 97,00 1.006,00 6181
982 205,40 19,98 28,86 97,00 1.007,00 6181
983 205,40 19,77 28,54 97,00 1.008,00 6181
984 205,40 19,77 28,54 97,00 1.009,00 6181
985 205,40 19,77 28,54 97,00 1.010,00 6181
986 205,40 19,77 28,54 97,00 1.011,00 6181
987 205,40 19,77 28,54 97,00 1.012,00 6181
988 205,40 19,77 28,54 97,00 1.013,00 6181
989 205,40 19,65 28,37 97,00 1.014,00 6181
990 205,40 19,65 28,37 1,00 1.015,00 6181
991 205,40 0,20 0,29 1,00 1.016,00 6187
992 205,40 0,20 0,29 1,00 1.017,00 6189
993 205,40 0,20 0,29 1,00 1.018,00 6189
994 205,40 0,20 0,29 1,00 1.019,00 6189
995 205,40 0,20 0,29 1,00 1.020,00 6189
996 205,40 0,20 0,29 1,00 1.021,00 6189
997 205,40 0,20 0,29 1,00 1.022,00 6189
998 205,40 0,20 0,29 1,00 1.023,00 6189
999 205,40 0,20 0,29 1,00 1.024,00 6189
