500
0 9,29 9,29 9,29 1,00 56,00
1 9,29 0,00 0,00 1,00 18,00
2 9,29 46,43 48,85 99,00 17,00
3 9,29 0,00 0,00 1,00 22,00
4 9,29 37,14 29,56 99,00 21,00
5 9,29 0,00 0,00 1,00 26,00
6 9,29 37,14 30,11 99,00 22,00
7 9,29 0,00 0,00 1,00 27,00
8 9,29 37,14 30,21 99,00 24,00
9 9,29 0,00 0,00 1,00 29,00
10 9,29 27,86 22,84 99,00 31,00
11 9,29 0,00 0,00 1,00 36,00
12 9,29 27,86 23,32 99,00 30,00
13 9,29 0,00 0,00 1,00 35,00
14 9,29 18,57 15,68 99,00 34,00
15 9,29 0,00 0,00 1,00 39,00
16 9,29 18,57 15,18 99,00 38,00
17 9,29 0,00 0,00 1,00 43,00
18 9,29 18,57 15,19 99,00 43,00
19 9,29 0,00 0,00 1,00 48,00
20 9,29 18,57 15,17 99,00 49,00
21 9,29 0,00 0,00 1,00 54,00
22 9,29 9,29 7,59 99,00 53,00
23 9,29 0,00 0,00 1,00 58,00
24 9,29 9,29 7,59 99,00 57,00
25 9,29 0,00 0,00 1,00 62,00
26 9,29 9,29 7,59 99,00 63,00
27 9,29 0,00 0,00 1,00 68,00
28 9,29 9,29 7,60 99,00 71,00
29 9,29 0,00 0,00 1,00 76,00
30 9,29 9,29 7,60 99,00 75,00
31 9,29 0,00 0,00 1,00 80,00
32 9,29 9,29 7,62 99,00 81,00
33 9,29 0,00 0,00 1,00 86,00
34 9,29 9,29 7,63 99,00 89,00
35 9,29 0,00 0,00 1,00 94,00
36 9,29 9,29 7,64 99,00 97,00
37 9,29 0,00 0,00 1,00 102,00
38 9,29 0,00 0,00 99,00 103,00
39 9,29 9,29 7,66 197,00 104,00
40 9,29 0,00 0,00 98,00 109,00
41 9,29 9,29 7,68 196,00 112,00
42 9,29 0,00 0,00 96,00 117,00
43 9,29 9,29 7,69 194,00 120,00
44 9,29 0,00 0,00 94,00 125,00
45 9,29 9,29 7,71 192,00 128,00
46 9,29 0,00 0,00 92,00 133,00
47 9,29 9,29 7,73 190,00 136,00
48 9,29 0,00 0,00 91,00 141,00
49 9,29 9,29 7,75 189,00 145,00
50 9,29 0,00 0,00 89,00 150,00
51 9,29 9,29 7,77 187,00 154,00
52 9,29 0,00 0,00 87,00 159,00
53 9,29 9,29 7,79 185,00 163,00
54 9,29 0,00 0,00 85,00 168,00
55 9,29 9,29 7,81 183,00 172,00
56 9,29 0,00 0,00 83,00 177,00
57 9,29 9,29 7,83 181,00 181,00
58 9,29 0,00 0,00 82,00 186,00
59 9,29 0,00 0,00 180,00 185,00
60 9,29 9,29 7,87 278,00 189,00
61 9,29 0,00 0,00 178,00 194,00
62 9,29 9,29 7,90 276,00 198,00
63 9,29 0,00 0,00 176,00 203,00
64 9,29 9,29 7,93 274,00 207,00
65 9,29 0,00 0,00 174,00 212,00
66 9,29 9,29 7,96 272,00 216,00
67 9,29 0,00 0,00 172,00 221,00
68 9,29 9,29 7,99 270,00 225,00
69 9,29 0,00 0,00 170,00 230,00
70 9,29 9,29 8,03 268,00 234,00
71 9,29 0,00 0,00 168,00 239,00
72 9,29 9,29 8,06 266,00 243,00
73 9,29 0,00 0,00 166,00 248,00
74 9,29 9,29 8,10 264,00 252,00
75 9,29 0,00 0,00 164,00 257,00
76 9,29 9,29 8,14 262,00 261,00
77 9,29 0,00 0,00 162,00 266,00
78 9,29 0,00 0,00 260,00 265,00
79 9,29 9,29 8,20 358,00 269,00
80 9,29 0,00 0,00 258,00 274,00
81 9,29 9,29 8,24 356,00 278,00
82 9,29 0,00 0,00 256,00 283,00
83 9,29 9,29 8,28 354,00 287,00
84 9,29 0,00 0,00 254,00 292,00
85 9,29 9,29 8,33 352,00 296,00
86 9,29 0,00 0,00 253,00 301,00
87 9,29 9,29 8,37 351,00 305,00
88 9,29 0,00 0,00 251,00 310,00
89 9,29 9,29 8,42 349,00 314,00
90 9,29 0,00 0,00 250,00 319,00
91 9,29 9,29 8,46 348,00 322,00
92 9,29 0,00 0,00 248,00 327,00
93 9,29 9,29 8,51 346,00 331,00
94 9,29 0,00 0,00 246,00 336,00
95 9,29 9,29 8,57 344,00 340,00
96 9,29 0,00 0,00 245,00 345,00
97 9,29 0,00 0,00 343,00 348,00
98 9,29 9,29 8,65 441,00 352,00
99 9,29 0,00 0,00 341,00 357,00
100 9,29 9,29 8,70 439,00 361,00
101 9,29 0,00 0,00 340,00 366,00
102 9,29 9,29 8,76 438,00 370,00
103 9,29 0,00 0,00 339,00 375,00
104 9,29 9,29 8,81 437,00 379,00
105 9,29 0,00 0,00 338,00 384,00
106 9,29 9,29 8,87 436,00 387,00
107 9,29 0,00 0,00 337,00 392,00
108 9,29 9,29 8,93 435,00 396,00
109 9,29 0,00 0,00 336,00 401,00
110 9,29 9,29 8,99 434,00 405,00
111 9,29 0,00 0,00 334,00 410,00
112 9,29 9,29 9,05 432,00 414,00
113 9,29 0,00 0,00 333,00 419,00
114 9,29 9,29 9,12 431,00 422,00
115 9,29 0,00 0,00 331,00 427,00
116 9,29 0,00 0,00 429,00 431,00
117 9,29 9,29 9,22 527,00 435,00
118 9,29 0,00 0,00 428,00 440,00
119 9,29 9,29 9,28 526,00 444,00
120 9,29 0,00 0,00 426,00 449,00
121 9,29 9,29 9,35 524,00 453,00
122 9,29 0,00 0,00 424,00 458,00
123 9,29 9,29 9,42 522,00 462,00
124 9,29 0,00 0,00 422,00 467,00
125 9,29 9,29 9,49 520,00 471,00
126 9,29 0,00 0,00 420,00 476,00
127 9,29 9,29 9,57 518,00 480,00
128 9,29 0,00 0,00 418,00 485,00
129 9,29 9,29 9,64 516,00 489,00
130 9,29 0,00 0,00 416,00 494,00
131 9,29 9,29 9,72 514,00 498,00
132 9,29 0,00 0,00 414,00 503,00
133 9,29 9,29 9,79 512,00 507,00
134 9,29 0,00 0,00 412,00 512,00
135 9,29 0,00 0,00 510,00 515,00
136 9,29 9,29 9,91 608,00 519,00
137 9,29 0,00 0,00 508,00 524,00
138 9,29 9,29 9,99 606,00 528,00
139 9,29 0,00 0,00 506,00 533,00
140 9,29 9,29 10,07 604,00 537,00
141 9,29 0,00 0,00 504,00 542,00
142 9,29 9,29 10,16 602,00 546,00
143 9,29 0,00 0,00 502,00 551,00
144 9,29 9,29 10,24 600,00 555,00
145 9,29 0,00 0,00 500,00 560,00
146 9,29 9,29 10,33 598,00 564,00
147 9,29 0,00 0,00 498,00 569,00
148 9,29 9,29 10,42 596,00 573,00
149 9,29 0,00 0,00 496,00 578,00
150 9,29 9,29 10,50 594,00 582,00
151 9,29 0,00 0,00 495,00 587,00
152 9,29 9,29 10,59 593,00 591,00
153 9,29 0,00 0,00 494,00 596,00
154 9,29 0,00 0,00 592,00 597,00
155 9,29 9,29 10,73 690,00 601,00
156 9,29 0,00 0,00 590,00 606,00
157 9,29 9,29 10,83 688,00 610,00
158 9,29 0,00 0,00 588,00 615,00
159 9,29 9,29 10,92 686,00 619,00
160 9,29 0,00 0,00 586,00 624,00
161 9,29 9,29 11,02 684,00 628,00
162 9,29 0,00 0,00 585,00 633,00
163 9,29 9,29 11,11 683,00 637,00
164 9,29 0,00 0,00 583,00 642,00
165 9,29 9,29 11,21 681,00 646,00
166 9,29 0,00 0,00 581,00 651,00
167 9,29 9,29 11,31 679,00 655,00
168 9,29 0,00 0,00 580,00 660,00
169 9,29 9,29 11,42 678,00 664,00
170 9,29 0,00 0,00 578,00 669,00
171 9,29 9,29 11,52 676,00 673,00
172 9,29 0,00 0,00 577,00 678,00
173 9,29 0,00 0,00 675,00 680,00
174 9,29 9,29 11,68 773,00 684,00
175 9,29 0,00 0,00 674,00 689,00
176 9,29 9,29 11,78 772,00 693,00
177 9,29 0,00 0,00 673,00 698,00
178 9,29 9,29 11,89 771,00 702,00
179 9,29 0,00 0,00 671,00 707,00
180 9,29 9,29 12,00 769,00 711,00
181 9,29 0,00 0,00 670,00 716,00
182 9,29 9,29 12,11 768,00 720,00
183 9,29 0,00 0,00 668,00 725,00
184 9,29 9,29 12,22 766,00 729,00
185 9,29 0,00 0,00 667,00 734,00
186 9,29 9,29 12,34 765,00 738,00
187 9,29 0,00 0,00 665,00 743,00
188 9,29 9,29 12,45 763,00 747,00
189 9,29 0,00 0,00 664,00 752,00
190 9,29 9,29 12,57 762,00 756,00
191 9,29 0,00 0,00 662,00 761,00
192 9,29 0,00 0,00 760,00 765,00
193 9,29 9,29 12,75 858,00 769,00
194 9,29 0,00 0,00 759,00 774,00
195 9,29 9,29 12,87 857,00 778,00
196 9,29 0,00 0,00 757,00 783,00
197 9,29 9,29 12,99 855,00 787,00
198 9,29 0,00 0,00 755,00 792,00
199 9,29 9,29 13,11 853,00 796,00
200 9,29 0,00 0,00 753,00 801,00
201 9,29 9,29 13,24 851,00 805,00
202 9,29 0,00 0,00 751,00 810,00
203 9,29 9,29 13,36 849,00 814,00
204 9,29 0,00 0,00 749,00 819,00
205 9,29 9,29 13,49 847,00 823,00
206 9,29 0,00 0,00 748,00 828,00
207 9,29 9,29 13,62 846,00 832,00
208 9,29 0,00 0,00 746,00 837,00
209 9,29 9,29 13,75 844,00 841,00
210 9,29 0,00 0,00 744,00 846,00
211 9,29 0,00 0,00 842,00 847,00
212 9,29 9,29 13,94 940,00 851,00
213 9,29 0,00 0,00 840,00 856,00
214 9,29 9,29 14,08 938,00 860,00
215 9,29 0,00 0,00 838,00 865,00
216 9,29 9,29 14,21 936,00 869,00
217 9,29 0,00 0,00 837,00 874,00
218 9,29 9,29 14,35 935,00 878,00
219 9,29 0,00 0,00 835,00 883,00
220 9,29 9,29 14,49 933,00 887,00
221 9,29 0,00 0,00 833,00 892,00
222 9,29 9,29 14,62 931,00 896,00
223 9,29 0,00 0,00 831,00 901,00
224 9,29 9,29 14,76 929,00 905,00
225 9,29 0,00 0,00 829,00 910,00
226 9,29 9,29 14,90 927,00 914,00
227 9,29 0,00 0,00 827,00 919,00
228 9,29 9,29 15,05 925,00 923,00
229 9,29 0,00 0,00 825,00 928,00
230 9,29 0,00 0,00 923,00 928,00
231 9,29 9,29 15,26 1.021,00 932,00
232 9,29 0,00 0,00 921,00 937,00
233 9,29 9,29 15,41 1.019,00 941,00
234 9,29 0,00 0,00 919,00 946,00
235 9,29 9,29 15,56 1.017,00 950,00
236 9,29 0,00 0,00 918,00 955,00
237 9,29 9,29 15,71 1.016,00 959,00
238 9,29 0,00 0,00 916,00 964,00
239 9,29 9,29 15,86 1.014,00 968,00
240 9,29 0,00 0,00 914,00 973,00
241 9,29 9,29 16,01 1.012,00 977,00
242 9,29 0,00 0,00 912,00 982,00
243 9,29 9,29 16,17 1.010,00 986,00
244 9,29 0,00 0,00 910,00 991,00
245 9,29 9,29 16,32 1.008,00 995,00
246 9,29 0,00 0,00 908,00 1.000,00
247 9,29 9,29 16,48 1.006,00 1.004,00
248 9,29 0,00 0,00 906,00 1.009,00
249 9,29 0,00 0,00 1.004,00 1.009,00
250 9,29 9,29 16,71 1.102,00 1.013,00
251 9,29 0,00 0,00 1.002,00 1.018,00
252 9,29 9,29 16,87 1.100,00 1.022,00
253 9,29 0,00 0,00 1.000,00 1.027,00
254 9,29 9,29 17,04 1.098,00 1.031,00
255 9,29 0,00 0,00 999,00 1.036,00
256 9,29 9,29 17,20 1.097,00 1.040,00
257 9,29 0,00 0,00 997,00 1.045,00
258 9,29 9,29 17,36 1.095,00 1.049,00
259 9,29 0,00 0,00 996,00 1.054,00
260 9,29 9,29 17,53 1.094,00 1.058,00
261 9,29 0,00 0,00 994,00 1.063,00
262 9,29 9,29 17,69 1.092,00 1.067,00
263 9,29 0,00 0,00 992,00 1.072,00
264 9,29 9,29 17,86 1.090,00 1.076,00
265 9,29 0,00 0,00 990,00 1.081,00
266 9,29 9,29 18,03 1.088,00 1.085,00
267 9,29 0,00 0,00 988,00 1.090,00
268 9,29 0,00 0,00 1.086,00 1.091,00
269 9,29 9,29 18,29 1.184,00 1.095,00
270 9,29 0,00 0,00 1.085,00 1.100,00
271 9,29 9,29 18,46 1.183,00 1.104,00
272 9,29 0,00 0,00 1.083,00 1.109,00
273 9,29 9,29 18,63 1.181,00 1.113,00
274 9,29 0,00 0,00 1.081,00 1.118,00
275 9,29 9,29 18,81 1.179,00 1.122,00
276 9,29 0,00 0,00 1.079,00 1.127,00
277 9,29 9,29 18,99 1.177,00 1.131,00
278 9,29 0,00 0,00 1.078,00 1.136,00
279 9,29 9,29 19,16 1.176,00 1.140,00
280 9,29 0,00 0,00 1.077,00 1.145,00
281 9,29 9,29 19,34 1.175,00 1.149,00
282 9,29 0,00 0,00 1.076,00 1.154,00
283 9,29 9,29 19,53 1.174,00 1.158,00
284 9,29 0,00 0,00 1.075,00 1.163,00
285 9,29 9,29 19,71 1.173,00 1.167,00
286 9,29 0,00 0,00 1.074,00 1.172,00
287 9,29 0,00 0,00 1.172,00 1.176,00
288 9,29 9,29 19,99 1.270,00 1.180,00
289 9,29 0,00 0,00 1.171,00 1.185,00
290 9,29 9,29 20,17 1.269,00 1.189,00
291 9,29 0,00 0,00 1.169,00 1.194,00
292 9,29 9,29 20,36 1.267,00 1.198,00
293 9,29 0,00 0,00 1.167,00 1.203,00
294 9,29 9,29 20,55 1.265,00 1.207,00
295 9,29 0,00 0,00 1.165,00 1.212,00
296 9,29 9,29 20,74 1.263,00 1.216,00
297 9,29 0,00 0,00 1.163,00 1.221,00
298 9,29 9,29 20,93 1.261,00 1.225,00
299 9,29 0,00 0,00 1.162,00 1.230,00
300 9,29 9,29 21,13 1.260,00 1.234,00
301 9,29 0,00 0,00 1.161,00 1.239,00
302 9,29 9,29 21,32 1.259,00 1.243,00
303 9,29 0,00 0,00 1.160,00 1.248,00
304 9,29 9,29 21,52 1.258,00 1.252,00
305 9,29 0,00 0,00 1.158,00 1.257,00
306 9,29 0,00 0,00 1.256,00 1.261,00
307 9,29 9,29 21,81 1.354,00 1.265,00
308 9,29 0,00 0,00 1.254,00 1.270,00
309 9,29 9,29 22,01 1.352,00 1.274,00
310 9,29 0,00 0,00 1.252,00 1.279,00
311 9,29 9,29 22,21 1.350,00 1.283,00
312 9,29 0,00 0,00 1.250,00 1.288,00
313 9,29 9,29 22,42 1.348,00 1.292,00
314 9,29 0,00 0,00 1.249,00 1.297,00
315 9,29 9,29 22,62 1.347,00 1.301,00
316 9,29 0,00 0,00 1.247,00 1.306,00
317 9,29 9,29 22,83 1.345,00 1.310,00
318 9,29 0,00 0,00 1.245,00 1.315,00
319 9,29 9,29 23,03 1.343,00 1.319,00
320 9,29 0,00 0,00 1.243,00 1.324,00
321 9,29 9,29 23,24 1.341,00 1.328,00
322 9,29 0,00 0,00 1.241,00 1.333,00
323 9,29 9,29 23,45 1.339,00 1.337,00
324 9,29 0,00 0,00 1.240,00 1.342,00
325 9,29 0,00 0,00 1.338,00 1.343,00
326 9,29 9,29 23,77 1.436,00 1.347,00
327 9,29 0,00 0,00 1.337,00 1.352,00
328 9,29 9,29 23,98 1.435,00 1.356,00
329 9,29 0,00 0,00 1.335,00 1.361,00
330 9,29 9,29 24,19 1.433,00 1.365,00
331 9,29 0,00 0,00 1.333,00 1.370,00
332 9,29 9,29 24,41 1.431,00 1.374,00
333 9,29 0,00 0,00 1.331,00 1.379,00
334 9,29 9,29 24,63 1.429,00 1.383,00
335 9,29 0,00 0,00 1.329,00 1.388,00
336 9,29 9,29 24,84 1.427,00 1.392,00
337 9,29 0,00 0,00 1.327,00 1.397,00
338 9,29 9,29 25,06 1.425,00 1.401,00
339 9,29 0,00 0,00 1.325,00 1.406,00
340 9,29 9,29 25,28 1.423,00 1.410,00
341 9,29 0,00 0,00 1.323,00 1.415,00
342 9,29 9,29 25,51 1.421,00 1.419,00
343 9,29 0,00 0,00 1.321,00 1.424,00
344 9,29 0,00 0,00 1.419,00 1.424,00
345 9,29 9,29 25,84 1.517,00 1.428,00
346 9,29 0,00 0,00 1.418,00 1.433,00
347 9,29 9,29 26,07 1.516,00 1.437,00
348 9,29 0,00 0,00 1.416,00 1.442,00
349 9,29 9,29 26,30 1.514,00 1.446,00
350 9,29 0,00 0,00 1.414,00 1.451,00
351 9,29 9,29 26,53 1.512,00 1.455,00
352 9,29 0,00 0,00 1.412,00 1.460,00
353 9,29 9,29 26,76 1.510,00 1.464,00
354 9,29 0,00 0,00 1.410,00 1.469,00
355 9,29 9,29 26,99 1.508,00 1.473,00
356 9,29 0,00 0,00 1.409,00 1.478,00
357 9,29 9,29 27,22 1.507,00 1.482,00
358 9,29 0,00 0,00 1.407,00 1.487,00
359 9,29 9,29 27,46 1.505,00 1.491,00
360 9,29 0,00 0,00 1.405,00 1.496,00
361 9,29 9,29 27,69 1.503,00 1.500,00
362 9,29 0,00 0,00 1.404,00 1.505,00
363 9,29 0,00 0,00 1.502,00 1.507,00
364 9,29 9,29 28,05 1.600,00 1.511,00
365 9,29 0,00 0,00 1.500,00 1.516,00
366 9,29 9,29 28,29 1.598,00 1.520,00
367 9,29 0,00 0,00 1.499,00 1.525,00
368 9,29 9,29 28,53 1.597,00 1.529,00
369 9,29 0,00 0,00 1.497,00 1.534,00
370 9,29 9,29 28,77 1.595,00 1.538,00
371 9,29 0,00 0,00 1.496,00 1.543,00
372 9,29 9,29 29,01 1.594,00 1.547,00
373 9,29 0,00 0,00 1.494,00 1.552,00
374 9,29 9,29 29,26 1.592,00 1.556,00
375 9,29 0,00 0,00 1.492,00 1.561,00
376 9,29 9,29 29,50 1.590,00 1.565,00
377 9,29 0,00 0,00 1.490,00 1.570,00
378 9,29 9,29 29,75 1.588,00 1.574,00
379 9,29 0,00 0,00 1.488,00 1.579,00
380 9,29 9,29 30,00 1.586,00 1.583,00
381 9,29 0,00 0,00 1.487,00 1.588,00
382 9,29 0,00 0,00 1.585,00 1.590,00
383 9,29 9,29 30,38 1.683,00 1.594,00
384 9,29 0,00 0,00 1.584,00 1.599,00
385 9,29 9,29 30,63 1.682,00 1.603,00
386 9,29 0,00 0,00 1.583,00 1.608,00
387 9,29 9,29 30,88 1.681,00 1.612,00
388 9,29 0,00 0,00 1.581,00 1.617,00
389 9,29 9,29 31,14 1.679,00 1.621,00
390 9,29 0,00 0,00 1.580,00 1.626,00
391 9,29 9,29 31,39 1.678,00 1.630,00
392 9,29 0,00 0,00 1.579,00 1.635,00
393 9,29 9,29 31,65 1.677,00 1.639,00
394 9,29 0,00 0,00 1.578,00 1.644,00
395 9,29 9,29 31,91 1.676,00 1.648,00
396 9,29 0,00 0,00 1.576,00 1.653,00
397 9,29 9,29 32,17 1.674,00 1.657,00
398 9,29 0,00 0,00 1.575,00 1.662,00
399 9,29 9,29 32,43 1.673,00 1.666,00
400 9,29 0,00 0,00 1.573,00 1.671,00
401 9,29 0,00 0,00 1.671,00 1.675,00
402 9,29 9,29 32,83 1.769,00 1.679,00
403 9,29 0,00 0,00 1.669,00 1.684,00
404 9,29 9,29 33,10 1.767,00 1.688,00
405 9,29 0,00 0,00 1.667,00 1.693,00
406 9,29 9,29 33,36 1.765,00 1.697,00
407 9,29 0,00 0,00 1.665,00 1.702,00
408 9,29 9,29 33,63 1.763,00 1.706,00
409 9,29 0,00 0,00 1.663,00 1.711,00
410 9,29 9,29 33,90 1.761,00 1.715,00
411 9,29 0,00 0,00 1.661,00 1.720,00
412 9,29 9,29 34,17 1.759,00 1.724,00
413 9,29 0,00 0,00 1.659,00 1.729,00
414 9,29 9,29 34,44 1.757,00 1.733,00
415 9,29 0,00 0,00 1.657,00 1.738,00
416 9,29 9,29 34,72 1.755,00 1.742,00
417 9,29 0,00 0,00 1.655,00 1.747,00
418 9,29 9,29 34,99 1.753,00 1.751,00
419 9,29 0,00 0,00 1.653,00 1.756,00
420 9,29 0,00 0,00 1.751,00 1.756,00
421 9,29 9,29 35,41 1.849,00 1.760,00
422 9,29 0,00 0,00 1.750,00 1.765,00
423 9,29 9,29 35,69 1.848,00 1.769,00
424 9,29 0,00 0,00 1.748,00 1.774,00
425 9,29 9,29 35,97 1.846,00 1.778,00
426 9,29 0,00 0,00 1.747,00 1.783,00
427 9,29 9,29 36,25 1.845,00 1.787,00
428 9,29 0,00 0,00 1.745,00 1.792,00
429 9,29 9,29 36,53 1.843,00 1.796,00
430 9,29 0,00 0,00 1.743,00 1.801,00
431 9,29 9,29 36,82 1.841,00 1.805,00
432 9,29 0,00 0,00 1.741,00 1.810,00
433 9,29 9,29 37,10 1.839,00 1.814,00
434 9,29 0,00 0,00 1.739,00 1.819,00
435 9,29 9,29 37,39 1.837,00 1.823,00
436 9,29 0,00 0,00 1.737,00 1.828,00
437 9,29 9,29 37,68 1.835,00 1.832,00
438 9,29 0,00 0,00 1.735,00 1.837,00
439 9,29 0,00 0,00 1.833,00 1.838,00
440 9,29 9,29 38,11 1.931,00 1.842,00
441 9,29 0,00 0,00 1.831,00 1.847,00
442 9,29 9,29 38,40 1.929,00 1.851,00
443 9,29 0,00 0,00 1.829,00 1.856,00
444 9,29 9,29 38,70 1.927,00 1.860,00
445 9,29 0,00 0,00 1.827,00 1.865,00
446 9,29 9,29 38,99 1.925,00 1.869,00
447 9,29 0,00 0,00 1.825,00 1.874,00
448 9,29 9,29 39,29 1.923,00 1.878,00
449 9,29 0,00 0,00 1.823,00 1.883,00
450 9,29 9,29 39,58 1.921,00 1.887,00
451 9,29 0,00 0,00 1.821,00 1.892,00
452 9,29 9,29 39,88 1.919,00 1.896,00
453 9,29 0,00 0,00 1.819,00 1.901,00
454 9,29 9,29 40,18 1.917,00 1.905,00
455 9,29 0,00 0,00 1.818,00 1.910,00
456 9,29 9,29 40,48 1.916,00 1.914,00
457 9,29 0,00 0,00 1.816,00 1.919,00
458 9,29 0,00 0,00 1.914,00 1.919,00
459 9,29 9,29 40,94 2.012,00 1.923,00
460 9,29 0,00 0,00 1.912,00 1.928,00
461 9,29 9,29 41,24 2.010,00 1.932,00
462 9,29 0,00 0,00 1.911,00 1.937,00
463 9,29 9,29 41,55 2.009,00 1.941,00
464 9,29 0,00 0,00 1.910,00 1.946,00
465 9,29 9,29 41,86 2.008,00 1.950,00
466 9,29 0,00 0,00 1.908,00 1.955,00
467 9,29 9,29 42,17 2.006,00 1.959,00
468 9,29 0,00 0,00 1.906,00 1.964,00
469 9,29 9,29 42,48 2.004,00 1.968,00
470 9,29 0,00 0,00 1.904,00 1.973,00
471 9,29 9,29 42,79 2.002,00 1.977,00
472 9,29 0,00 0,00 1.902,00 1.982,00
473 9,29 9,29 43,10 2.000,00 1.986,00
474 9,29 0,00 0,00 1.901,00 1.991,00
475 9,29 9,29 43,42 1.999,00 1.995,00
476 9,29 0,00 0,00 1.900,00 2.000,00
477 9,29 0,00 0,00 1.998,00 2.003,00
478 9,29 9,29 43,89 2.096,00 2.007,00
479 9,29 0,00 0,00 1.996,00 2.012,00
480 9,29 9,29 44,21 2.094,00 2.016,00
481 9,29 0,00 0,00 1.994,00 2.021,00
482 9,29 9,29 44,53 2.092,00 2.025,00
483 9,29 0,00 0,00 1.992,00 2.030,00
484 9,29 9,29 44,85 2.090,00 2.034,00
485 9,29 0,00 0,00 1.990,00 2.039,00
486 9,29 9,29 45,17 2.088,00 2.043,00
487 9,29 0,00 0,00 1.989,00 2.048,00
488 9,29 9,29 45,49 2.087,00 2.052,00
489 9,29 0,00 0,00 1.987,00 2.057,00
490 9,29 9,29 45,82 2.085,00 2.061,00
491 9,29 0,00 0,00 1.986,00 2.066,00
492 9,29 9,29 46,15 2.084,00 2.070,00
493 9,29 0,00 0,00 1.985,00 2.075,00
494 9,29 9,29 46,47 2.083,00 2.079,00
495 9,29 0,00 0,00 1.983,00 2.084,00
496 9,29 0,00 0,00 2.081,00 2.086,00
497 9,29 9,29 46,97 2.179,00 2.090,00
498 9,29 0,00 0,00 2.079,00 2.095,00
499 9,29 9,29 47,30 2.177,00 2.099,00
