500
0 140,57 140,57 140,57 1,00 22,00
1 140,57 0,00 0,00 1,00 13,00
2 140,57 562,29 1.155,93 99,00 24,00
3 140,57 0,00 0,00 1,00 36,00
4 140,57 281,15 508,78 99,00 47,00
5 140,57 0,00 0,00 1,00 59,00
6 140,57 140,57 276,12 99,00 70,00
7 140,57 0,00 0,00 1,00 82,00
8 140,57 140,57 328,09 99,00 93,00
9 140,57 0,00 0,00 1,00 105,00
10 140,57 0,00 0,00 99,00 111,00
11 140,57 140,57 290,37 197,00 122,00
12 140,57 0,00 0,00 101,00 134,00
13 140,57 140,57 303,95 199,00 145,00
14 140,57 0,00 0,00 100,00 157,00
15 140,57 140,57 298,84 198,00 168,00
16 140,57 0,00 0,00 98,00 180,00
17 140,57 140,57 297,66 196,00 191,00
18 140,57 0,00 0,00 97,00 203,00
19 140,57 0,00 0,00 195,00 207,00
20 140,57 140,57 294,69 293,00 218,00
21 140,57 0,00 0,00 193,00 230,00
22 140,57 140,57 288,98 291,00 241,00
23 140,57 0,00 0,00 191,00 253,00
24 140,57 140,57 284,86 289,00 264,00
25 140,57 0,00 0,00 189,00 276,00
26 140,57 140,57 280,73 287,00 287,00
27 140,57 0,00 0,00 187,00 299,00
28 140,57 0,00 0,00 285,00 297,00
29 140,57 140,57 274,86 383,00 308,00
30 140,57 0,00 0,00 283,00 320,00
31 140,57 140,57 270,30 381,00 331,00
32 140,57 0,00 0,00 281,00 343,00
33 140,57 140,57 265,86 379,00 354,00
34 140,57 0,00 0,00 279,00 366,00
35 140,57 140,57 261,34 377,00 377,00
36 140,57 0,00 0,00 278,00 389,00
37 140,57 0,00 0,00 376,00 388,00
38 140,57 140,57 254,56 474,00 399,00
39 140,57 0,00 0,00 374,00 411,00
40 140,57 140,57 250,08 472,00 422,00
41 140,57 0,00 0,00 373,00 434,00
42 140,57 140,57 245,52 471,00 445,00
43 140,57 0,00 0,00 372,00 457,00
44 140,57 140,57 240,94 470,00 468,00
45 140,57 0,00 0,00 371,00 480,00
46 140,57 0,00 0,00 469,00 481,00
47 140,57 140,57 234,10 567,00 492,00
48 140,57 0,00 0,00 468,00 504,00
49 140,57 140,57 229,48 566,00 515,00
50 140,57 0,00 0,00 466,00 527,00
51 140,57 140,57 224,89 564,00 538,00
52 140,57 0,00 0,00 464,00 550,00
53 140,57 140,57 220,44 562,00 561,00
54 140,57 0,00 0,00 463,00 573,00
55 140,57 0,00 0,00 561,00 573,00
56 140,57 140,57 213,92 659,00 584,00
57 140,57 0,00 0,00 560,00 596,00
58 140,57 140,57 209,63 658,00 607,00
59 140,57 0,00 0,00 558,00 619,00
60 140,57 140,57 205,46 656,00 630,00
61 140,57 0,00 0,00 557,00 642,00
62 140,57 140,57 201,43 655,00 653,00
63 140,57 0,00 0,00 555,00 665,00
64 140,57 0,00 0,00 653,00 665,00
65 140,57 140,57 195,43 751,00 676,00
66 140,57 0,00 0,00 651,00 688,00
67 140,57 140,57 191,55 749,00 699,00
68 140,57 0,00 0,00 650,00 711,00
69 140,57 140,57 187,73 748,00 722,00
70 140,57 0,00 0,00 649,00 734,00
71 140,57 140,57 183,96 747,00 745,00
72 140,57 0,00 0,00 648,00 757,00
73 140,57 0,00 0,00 746,00 758,00
74 140,57 140,57 178,56 844,00 769,00
75 140,57 0,00 0,00 744,00 781,00
76 140,57 140,57 175,09 842,00 792,00
77 140,57 0,00 0,00 743,00 804,00
78 140,57 140,57 171,71 841,00 815,00
79 140,57 0,00 0,00 742,00 827,00
80 140,57 140,57 168,40 840,00 838,00
81 140,57 0,00 0,00 740,00 850,00
82 140,57 0,00 0,00 838,00 850,00
83 140,57 140,57 163,60 936,00 861,00
84 140,57 0,00 0,00 837,00 873,00
85 140,57 140,57 160,45 935,00 884,00
86 140,57 0,00 0,00 836,00 896,00
87 140,57 140,57 157,40 934,00 907,00
88 140,57 0,00 0,00 835,00 919,00
89 140,57 140,57 154,45 933,00 930,00
90 140,57 0,00 0,00 834,00 942,00
91 140,57 0,00 0,00 932,00 944,00
92 140,57 140,57 150,17 1.030,00 955,00
93 140,57 0,00 0,00 930,00 967,00
94 140,57 140,57 147,44 1.028,00 978,00
95 140,57 0,00 0,00 929,00 990,00
96 140,57 140,57 144,77 1.027,00 1.001,00
97 140,57 0,00 0,00 928,00 1.013,00
98 140,57 140,57 142,19 1.026,00 1.024,00
99 140,57 0,00 0,00 927,00 1.036,00
100 140,57 0,00 0,00 1.025,00 1.037,00
101 140,57 140,57 138,44 1.123,00 1.048,00
102 140,57 0,00 0,00 1.023,00 1.060,00
103 140,57 140,57 136,07 1.121,00 1.071,00
104 140,57 0,00 0,00 1.021,00 1.083,00
105 140,57 140,57 133,72 1.119,00 1.094,00
106 140,57 0,00 0,00 1.020,00 1.106,00
107 140,57 140,57 131,48 1.118,00 1.117,00
108 140,57 0,00 0,00 1.018,00 1.129,00
109 140,57 0,00 0,00 1.116,00 1.128,00
110 140,57 140,57 128,25 1.214,00 1.139,00
111 140,57 0,00 0,00 1.114,00 1.151,00
112 140,57 140,57 126,16 1.212,00 1.162,00
113 140,57 0,00 0,00 1.113,00 1.174,00
114 140,57 140,57 124,13 1.211,00 1.185,00
115 140,57 0,00 0,00 1.112,00 1.197,00
116 140,57 140,57 122,16 1.210,00 1.208,00
117 140,57 0,00 0,00 1.111,00 1.220,00
118 140,57 0,00 0,00 1.209,00 1.221,00
119 140,57 140,57 119,31 1.307,00 1.232,00
120 140,57 0,00 0,00 1.208,00 1.244,00
121 140,57 140,57 117,50 1.306,00 1.255,00
122 140,57 0,00 0,00 1.206,00 1.267,00
123 140,57 140,57 115,76 1.304,00 1.278,00
124 140,57 0,00 0,00 1.204,00 1.290,00
125 140,57 140,57 114,06 1.302,00 1.301,00
126 140,57 0,00 0,00 1.202,00 1.313,00
127 140,57 0,00 0,00 1.300,00 1.312,00
128 140,57 140,57 111,65 1.398,00 1.323,00
129 140,57 0,00 0,00 1.299,00 1.335,00
130 140,57 140,57 110,10 1.397,00 1.346,00
131 140,57 0,00 0,00 1.297,00 1.358,00
132 140,57 140,57 108,54 1.395,00 1.369,00
133 140,57 0,00 0,00 1.295,00 1.381,00
134 140,57 140,57 107,05 1.393,00 1.392,00
135 140,57 0,00 0,00 1.294,00 1.404,00
136 140,57 0,00 0,00 1.392,00 1.404,00
137 140,57 140,57 104,89 1.490,00 1.415,00
138 140,57 0,00 0,00 1.391,00 1.427,00
139 140,57 140,57 103,50 1.489,00 1.438,00
140 140,57 0,00 0,00 1.389,00 1.450,00
141 140,57 140,57 102,13 1.487,00 1.461,00
142 140,57 0,00 0,00 1.387,00 1.473,00
143 140,57 140,57 100,84 1.485,00 1.484,00
144 140,57 0,00 0,00 1.385,00 1.496,00
145 140,57 0,00 0,00 1.483,00 1.495,00
146 140,57 140,57 98,95 1.581,00 1.506,00
147 140,57 0,00 0,00 1.482,00 1.518,00
148 140,57 140,57 97,76 1.580,00 1.529,00
149 140,57 0,00 0,00 1.481,00 1.541,00
150 140,57 140,57 96,58 1.579,00 1.552,00
151 140,57 0,00 0,00 1.480,00 1.564,00
152 140,57 140,57 95,44 1.578,00 1.575,00
153 140,57 0,00 0,00 1.478,00 1.587,00
154 140,57 0,00 0,00 1.576,00 1.588,00
155 140,57 140,57 93,80 1.674,00 1.599,00
156 140,57 0,00 0,00 1.575,00 1.611,00
157 140,57 140,57 92,72 1.673,00 1.622,00
158 140,57 0,00 0,00 1.573,00 1.634,00
159 140,57 140,57 91,69 1.671,00 1.645,00
160 140,57 0,00 0,00 1.572,00 1.657,00
161 140,57 140,57 90,70 1.670,00 1.668,00
162 140,57 0,00 0,00 1.571,00 1.680,00
163 140,57 0,00 0,00 1.669,00 1.681,00
164 140,57 140,57 89,26 1.767,00 1.692,00
165 140,57 0,00 0,00 1.667,00 1.704,00
166 140,57 140,57 88,31 1.765,00 1.715,00
167 140,57 0,00 0,00 1.666,00 1.727,00
168 140,57 140,57 87,40 1.764,00 1.738,00
169 140,57 0,00 0,00 1.665,00 1.750,00
170 140,57 140,57 86,52 1.763,00 1.761,00
171 140,57 0,00 0,00 1.663,00 1.773,00
172 140,57 0,00 0,00 1.761,00 1.773,00
173 140,57 140,57 85,24 1.859,00 1.784,00
174 140,57 0,00 0,00 1.759,00 1.796,00
175 140,57 140,57 84,43 1.857,00 1.807,00
176 140,57 0,00 0,00 1.757,00 1.819,00
177 140,57 140,57 83,62 1.855,00 1.830,00
178 140,57 0,00 0,00 1.756,00 1.842,00
179 140,57 140,57 82,84 1.854,00 1.853,00
180 140,57 0,00 0,00 1.755,00 1.865,00
181 140,57 0,00 0,00 1.853,00 1.865,00
182 140,57 140,57 81,72 1.951,00 1.876,00
183 140,57 0,00 0,00 1.851,00 1.888,00
184 140,57 140,57 81,01 1.949,00 1.899,00
185 140,57 0,00 0,00 1.850,00 1.911,00
186 140,57 140,57 80,31 1.948,00 1.922,00
187 140,57 0,00 0,00 1.849,00 1.934,00
188 140,57 140,57 79,62 1.947,00 1.945,00
189 140,57 0,00 0,00 1.847,00 1.957,00
190 140,57 0,00 0,00 1.945,00 1.957,00
191 140,57 140,57 78,62 2.043,00 1.968,00
192 140,57 0,00 0,00 1.944,00 1.980,00
193 140,57 140,57 77,98 2.042,00 1.991,00
194 140,57 0,00 0,00 1.943,00 2.003,00
195 140,57 140,57 77,36 2.041,00 2.014,00
196 140,57 0,00 0,00 1.942,00 2.026,00
197 140,57 140,57 76,74 2.040,00 2.037,00
198 140,57 0,00 0,00 1.940,00 2.049,00
199 140,57 0,00 0,00 2.038,00 2.050,00
200 140,57 140,57 75,86 2.136,00 2.061,00
201 140,57 0,00 0,00 2.037,00 2.073,00
202 140,57 140,57 75,28 2.135,00 2.084,00
203 140,57 0,00 0,00 2.035,00 2.096,00
204 140,57 140,57 74,71 2.133,00 2.107,00
205 140,57 0,00 0,00 2.034,00 2.119,00
206 140,57 140,57 74,16 2.132,00 2.130,00
207 140,57 0,00 0,00 2.032,00 2.142,00
208 140,57 0,00 0,00 2.130,00 2.142,00
209 140,57 140,57 73,38 2.228,00 2.153,00
210 140,57 0,00 0,00 2.129,00 2.165,00
211 140,57 140,57 72,86 2.227,00 2.176,00
212 140,57 0,00 0,00 2.128,00 2.188,00
213 140,57 140,57 72,36 2.226,00 2.199,00
214 140,57 0,00 0,00 2.127,00 2.211,00
215 140,57 140,57 71,87 2.225,00 2.222,00
216 140,57 0,00 0,00 2.125,00 2.234,00
217 140,57 0,00 0,00 2.223,00 2.235,00
218 140,57 140,57 71,16 2.321,00 2.246,00
219 140,57 0,00 0,00 2.221,00 2.258,00
220 140,57 140,57 70,70 2.319,00 2.269,00
221 140,57 0,00 0,00 2.220,00 2.281,00
222 140,57 140,57 70,26 2.318,00 2.292,00
223 140,57 0,00 0,00 2.218,00 2.304,00
224 140,57 140,57 69,83 2.316,00 2.315,00
225 140,57 0,00 0,00 2.216,00 2.327,00
226 140,57 0,00 0,00 2.314,00 2.326,00
227 140,57 140,57 69,20 2.412,00 2.337,00
228 140,57 0,00 0,00 2.312,00 2.349,00
229 140,57 140,57 68,79 2.410,00 2.360,00
230 140,57 0,00 0,00 2.310,00 2.372,00
231 140,57 140,57 68,40 2.408,00 2.383,00
232 140,57 0,00 0,00 2.309,00 2.395,00
233 140,57 140,57 68,00 2.407,00 2.406,00
234 140,57 0,00 0,00 2.308,00 2.418,00
235 140,57 0,00 0,00 2.406,00 2.418,00
236 140,57 140,57 67,43 2.504,00 2.429,00
237 140,57 0,00 0,00 2.405,00 2.441,00
238 140,57 140,57 67,06 2.503,00 2.452,00
239 140,57 0,00 0,00 2.403,00 2.464,00
240 140,57 140,57 66,70 2.501,00 2.475,00
241 140,57 0,00 0,00 2.401,00 2.487,00
242 140,57 140,57 66,35 2.499,00 2.498,00
243 140,57 0,00 0,00 2.399,00 2.510,00
244 140,57 0,00 0,00 2.497,00 2.509,00
245 140,57 140,57 65,83 2.595,00 2.520,00
246 140,57 0,00 0,00 2.496,00 2.532,00
247 140,57 140,57 65,50 2.594,00 2.543,00
248 140,57 0,00 0,00 2.494,00 2.555,00
249 140,57 140,57 65,18 2.592,00 2.566,00
250 140,57 0,00 0,00 2.492,00 2.578,00
251 140,57 140,57 64,86 2.590,00 2.589,00
252 140,57 0,00 0,00 2.491,00 2.601,00
253 140,57 0,00 0,00 2.589,00 2.601,00
254 140,57 140,57 64,39 2.687,00 2.612,00
255 140,57 0,00 0,00 2.587,00 2.624,00
256 140,57 140,57 64,09 2.685,00 2.635,00
257 140,57 0,00 0,00 2.585,00 2.647,00
258 140,57 140,57 63,79 2.683,00 2.658,00
259 140,57 0,00 0,00 2.583,00 2.670,00
260 140,57 140,57 63,50 2.681,00 2.681,00
261 140,57 0,00 0,00 2.582,00 2.693,00
262 140,57 0,00 0,00 2.680,00 2.692,00
263 140,57 140,57 63,07 2.778,00 2.703,00
264 140,57 0,00 0,00 2.678,00 2.715,00
265 140,57 140,57 62,80 2.776,00 2.726,00
266 140,57 0,00 0,00 2.676,00 2.738,00
267 140,57 140,57 62,53 2.774,00 2.749,00
268 140,57 0,00 0,00 2.674,00 2.761,00
269 140,57 140,57 62,27 2.772,00 2.772,00
270 140,57 0,00 0,00 2.673,00 2.784,00
271 140,57 0,00 0,00 2.771,00 2.783,00
272 140,57 140,57 61,89 2.869,00 2.794,00
273 140,57 0,00 0,00 2.769,00 2.806,00
274 140,57 140,57 61,63 2.867,00 2.817,00
275 140,57 0,00 0,00 2.768,00 2.829,00
276 140,57 140,57 61,39 2.866,00 2.840,00
277 140,57 0,00 0,00 2.767,00 2.852,00
278 140,57 140,57 61,15 2.865,00 2.863,00
279 140,57 0,00 0,00 2.766,00 2.875,00
280 140,57 0,00 0,00 2.864,00 2.876,00
281 140,57 140,57 60,81 2.962,00 2.887,00
282 140,57 0,00 0,00 2.863,00 2.899,00
283 140,57 140,57 60,59 2.961,00 2.910,00
284 140,57 0,00 0,00 2.861,00 2.922,00
285 140,57 140,57 60,37 2.959,00 2.933,00
286 140,57 0,00 0,00 2.859,00 2.945,00
287 140,57 140,57 60,16 2.957,00 2.956,00
288 140,57 0,00 0,00 2.858,00 2.968,00
289 140,57 0,00 0,00 2.956,00 2.968,00
290 140,57 140,57 59,86 3.054,00 2.979,00
291 140,57 0,00 0,00 2.954,00 2.991,00
292 140,57 140,57 59,65 3.052,00 3.002,00
293 140,57 0,00 0,00 2.953,00 3.014,00
294 140,57 140,57 59,44 3.051,00 3.025,00
295 140,57 0,00 0,00 2.951,00 3.037,00
296 140,57 140,57 59,24 3.049,00 3.048,00
297 140,57 0,00 0,00 2.949,00 3.060,00
298 140,57 0,00 0,00 3.047,00 3.059,00
299 140,57 140,57 58,95 3.145,00 3.070,00
300 140,57 0,00 0,00 3.046,00 3.082,00
301 140,57 140,57 58,76 3.144,00 3.093,00
302 140,57 0,00 0,00 3.045,00 3.105,00
303 140,57 140,57 58,58 3.143,00 3.116,00
304 140,57 0,00 0,00 3.043,00 3.128,00
305 140,57 140,57 58,40 3.141,00 3.139,00
306 140,57 0,00 0,00 3.042,00 3.151,00
307 140,57 0,00 0,00 3.140,00 3.152,00
308 140,57 140,57 58,13 3.238,00 3.163,00
309 140,57 0,00 0,00 3.138,00 3.175,00
310 140,57 140,57 57,96 3.236,00 3.186,00
311 140,57 0,00 0,00 3.136,00 3.198,00
312 140,57 140,57 57,79 3.234,00 3.209,00
313 140,57 0,00 0,00 3.134,00 3.221,00
314 140,57 140,57 57,62 3.232,00 3.232,00
315 140,57 0,00 0,00 3.133,00 3.244,00
316 140,57 0,00 0,00 3.231,00 3.243,00
317 140,57 140,57 57,38 3.329,00 3.254,00
318 140,57 0,00 0,00 3.229,00 3.266,00
319 140,57 140,57 57,23 3.327,00 3.277,00
320 140,57 0,00 0,00 3.228,00 3.289,00
321 140,57 140,57 57,07 3.326,00 3.300,00
322 140,57 0,00 0,00 3.227,00 3.312,00
323 140,57 140,57 56,92 3.325,00 3.323,00
324 140,57 0,00 0,00 3.226,00 3.335,00
325 140,57 0,00 0,00 3.324,00 3.336,00
326 140,57 140,57 56,70 3.422,00 3.347,00
327 140,57 0,00 0,00 3.322,00 3.359,00
328 140,57 140,57 56,55 3.420,00 3.370,00
329 140,57 0,00 0,00 3.320,00 3.382,00
330 140,57 140,57 56,41 3.418,00 3.393,00
331 140,57 0,00 0,00 3.318,00 3.405,00
332 140,57 140,57 56,28 3.416,00 3.416,00
333 140,57 0,00 0,00 3.317,00 3.428,00
334 140,57 0,00 0,00 3.415,00 3.427,00
335 140,57 140,57 56,08 3.513,00 3.438,00
336 140,57 0,00 0,00 3.413,00 3.450,00
337 140,57 140,57 55,94 3.511,00 3.461,00
338 140,57 0,00 0,00 3.411,00 3.473,00
339 140,57 140,57 55,81 3.509,00 3.484,00
340 140,57 0,00 0,00 3.410,00 3.496,00
341 140,57 140,57 55,69 3.508,00 3.507,00
342 140,57 0,00 0,00 3.409,00 3.519,00
343 140,57 0,00 0,00 3.507,00 3.519,00
344 140,57 140,57 55,50 3.605,00 3.530,00
345 140,57 0,00 0,00 3.506,00 3.542,00
346 140,57 140,57 55,37 3.604,00 3.553,00
347 140,57 0,00 0,00 3.504,00 3.565,00
348 140,57 140,57 55,25 3.602,00 3.576,00
349 140,57 0,00 0,00 3.503,00 3.588,00
350 140,57 140,57 55,13 3.601,00 3.599,00
351 140,57 0,00 0,00 3.501,00 3.611,00
352 140,57 0,00 0,00 3.599,00 3.611,00
353 140,57 140,57 54,96 3.697,00 3.622,00
354 140,57 0,00 0,00 3.597,00 3.634,00
355 140,57 140,57 54,84 3.695,00 3.645,00
356 140,57 0,00 0,00 3.596,00 3.657,00
357 140,57 140,57 54,73 3.694,00 3.668,00
358 140,57 0,00 0,00 3.595,00 3.680,00
359 140,57 140,57 54,62 3.693,00 3.691,00
360 140,57 0,00 0,00 3.593,00 3.703,00
361 140,57 0,00 0,00 3.691,00 3.703,00
362 140,57 140,57 54,46 3.789,00 3.714,00
363 140,57 0,00 0,00 3.689,00 3.726,00
364 140,57 140,57 54,36 3.787,00 3.737,00
365 140,57 0,00 0,00 3.688,00 3.749,00
366 140,57 140,57 54,25 3.786,00 3.760,00
367 140,57 0,00 0,00 3.686,00 3.772,00
368 140,57 140,57 54,15 3.784,00 3.783,00
369 140,57 0,00 0,00 3.685,00 3.795,00
370 140,57 0,00 0,00 3.783,00 3.795,00
371 140,57 140,57 54,00 3.881,00 3.806,00
372 140,57 0,00 0,00 3.782,00 3.818,00
373 140,57 140,57 53,90 3.880,00 3.829,00
374 140,57 0,00 0,00 3.780,00 3.841,00
375 140,57 140,57 53,81 3.878,00 3.852,00
376 140,57 0,00 0,00 3.779,00 3.864,00
377 140,57 140,57 53,71 3.877,00 3.875,00
378 140,57 0,00 0,00 3.778,00 3.887,00
379 140,57 0,00 0,00 3.876,00 3.888,00
380 140,57 140,57 53,57 3.974,00 3.899,00
381 140,57 0,00 0,00 3.874,00 3.911,00
382 140,57 140,57 53,48 3.972,00 3.922,00
383 140,57 0,00 0,00 3.872,00 3.934,00
384 140,57 140,57 53,39 3.970,00 3.945,00
385 140,57 0,00 0,00 3.870,00 3.957,00
386 140,57 140,57 53,31 3.968,00 3.968,00
387 140,57 0,00 0,00 3.868,00 3.980,00
388 140,57 0,00 0,00 3.966,00 3.978,00
389 140,57 140,57 53,18 4.064,00 3.989,00
390 140,57 0,00 0,00 3.965,00 4.001,00
391 140,57 140,57 53,09 4.063,00 4.012,00
392 140,57 0,00 0,00 3.964,00 4.024,00
393 140,57 140,57 53,01 4.062,00 4.035,00
394 140,57 0,00 0,00 3.963,00 4.047,00
395 140,57 140,57 52,93 4.061,00 4.058,00
396 140,57 0,00 0,00 3.961,00 4.070,00
397 140,57 0,00 0,00 4.059,00 4.071,00
398 140,57 140,57 52,81 4.157,00 4.082,00
399 140,57 0,00 0,00 4.058,00 4.094,00
400 140,57 140,57 52,73 4.156,00 4.105,00
401 140,57 0,00 0,00 4.057,00 4.117,00
402 140,57 140,57 52,66 4.155,00 4.128,00
403 140,57 0,00 0,00 4.055,00 4.140,00
404 140,57 140,57 52,58 4.153,00 4.151,00
405 140,57 0,00 0,00 4.054,00 4.163,00
406 140,57 0,00 0,00 4.152,00 4.164,00
407 140,57 140,57 52,47 4.250,00 4.175,00
408 140,57 0,00 0,00 4.150,00 4.187,00
409 140,57 140,57 52,40 4.248,00 4.198,00
410 140,57 0,00 0,00 4.148,00 4.210,00
411 140,57 140,57 52,33 4.246,00 4.221,00
412 140,57 0,00 0,00 4.147,00 4.233,00
413 140,57 140,57 52,26 4.245,00 4.244,00
414 140,57 0,00 0,00 4.145,00 4.256,00
415 140,57 0,00 0,00 4.243,00 4.255,00
416 140,57 140,57 52,15 4.341,00 4.266,00
417 140,57 0,00 0,00 4.241,00 4.278,00
418 140,57 140,57 52,08 4.339,00 4.289,00
419 140,57 0,00 0,00 4.240,00 4.301,00
420 140,57 140,57 52,02 4.338,00 4.312,00
421 140,57 0,00 0,00 4.238,00 4.324,00
422 140,57 140,57 51,95 4.336,00 4.335,00
423 140,57 0,00 0,00 4.236,00 4.347,00
424 140,57 0,00 0,00 4.334,00 4.346,00
425 140,57 140,57 51,85 4.432,00 4.357,00
426 140,57 0,00 0,00 4.332,00 4.369,00
427 140,57 140,57 51,79 4.430,00 4.380,00
428 140,57 0,00 0,00 4.330,00 4.392,00
429 140,57 140,57 51,73 4.428,00 4.403,00
430 140,57 0,00 0,00 4.328,00 4.415,00
431 140,57 140,57 51,67 4.426,00 4.426,00
432 140,57 0,00 0,00 4.326,00 4.438,00
433 140,57 0,00 0,00 4.424,00 4.436,00
434 140,57 140,57 51,57 4.522,00 4.447,00
435 140,57 0,00 0,00 4.422,00 4.459,00
436 140,57 140,57 51,51 4.520,00 4.470,00
437 140,57 0,00 0,00 4.420,00 4.482,00
438 140,57 140,57 51,46 4.518,00 4.493,00
439 140,57 0,00 0,00 4.419,00 4.505,00
440 140,57 140,57 51,40 4.517,00 4.516,00
441 140,57 0,00 0,00 4.417,00 4.528,00
442 140,57 0,00 0,00 4.515,00 4.527,00
443 140,57 140,57 51,31 4.613,00 4.538,00
444 140,57 0,00 0,00 4.514,00 4.550,00
445 140,57 140,57 51,25 4.612,00 4.561,00
446 140,57 0,00 0,00 4.512,00 4.573,00
447 140,57 140,57 51,20 4.610,00 4.584,00
448 140,57 0,00 0,00 4.511,00 4.596,00
449 140,57 140,57 51,14 4.609,00 4.607,00
450 140,57 0,00 0,00 4.510,00 4.619,00
451 140,57 0,00 0,00 4.608,00 4.620,00
452 140,57 140,57 51,06 4.706,00 4.631,00
453 140,57 0,00 0,00 4.606,00 4.643,00
454 140,57 140,57 51,01 4.704,00 4.654,00
455 140,57 0,00 0,00 4.605,00 4.666,00
456 140,57 140,57 50,96 4.703,00 4.677,00
457 140,57 0,00 0,00 4.604,00 4.689,00
458 140,57 140,57 50,91 4.702,00 4.700,00
459 140,57 0,00 0,00 4.603,00 4.712,00
460 140,57 0,00 0,00 4.701,00 4.713,00
461 140,57 140,57 50,83 4.799,00 4.724,00
462 140,57 0,00 0,00 4.700,00 4.736,00
463 140,57 140,57 50,78 4.798,00 4.747,00
464 140,57 0,00 0,00 4.699,00 4.759,00
465 140,57 140,57 50,73 4.797,00 4.770,00
466 140,57 0,00 0,00 4.698,00 4.782,00
467 140,57 140,57 50,68 4.796,00 4.793,00
468 140,57 0,00 0,00 4.696,00 4.805,00
469 140,57 0,00 0,00 4.794,00 4.806,00
470 140,57 140,57 50,61 4.892,00 4.817,00
471 140,57 0,00 0,00 4.792,00 4.829,00
472 140,57 140,57 50,57 4.890,00 4.840,00
473 140,57 0,00 0,00 4.791,00 4.852,00
474 140,57 140,57 50,52 4.889,00 4.863,00
475 140,57 0,00 0,00 4.789,00 4.875,00
476 140,57 140,57 50,48 4.887,00 4.886,00
477 140,57 0,00 0,00 4.787,00 4.898,00
478 140,57 0,00 0,00 4.885,00 4.897,00
479 140,57 140,57 50,41 4.983,00 4.908,00
480 140,57 0,00 0,00 4.883,00 4.920,00
481 140,57 140,57 50,37 4.981,00 4.931,00
482 140,57 0,00 0,00 4.882,00 4.943,00
483 140,57 140,57 50,32 4.980,00 4.954,00
484 140,57 0,00 0,00 4.881,00 4.966,00
485 140,57 140,57 50,28 4.979,00 4.977,00
486 140,57 0,00 0,00 4.880,00 4.989,00
487 140,57 0,00 0,00 4.978,00 4.990,00
488 140,57 140,57 50,22 5.076,00 5.001,00
489 140,57 0,00 0,00 4.977,00 5.013,00
490 140,57 140,57 50,18 5.075,00 5.024,00
491 140,57 0,00 0,00 4.976,00 5.036,00
492 140,57 140,57 50,14 5.074,00 5.047,00
493 140,57 0,00 0,00 4.974,00 5.059,00
494 140,57 140,57 50,10 5.072,00 5.070,00
495 140,57 0,00 0,00 4.973,00 5.082,00
496 140,57 0,00 0,00 5.071,00 5.083,00
497 140,57 140,57 50,04 5.169,00 5.094,00
498 140,57 0,00 0,00 5.070,00 5.106,00
499 140,57 140,57 50,00 5.168,00 5.117,00
