1000
0 226,54 226,54 226,54 1,00 84,00 0
1 226,54 2,73 2,73 1,00 99,00 1235
2 226,54 1,97 1,38 1,00 115,00 1774
3 226,54 1,97 1,54 1,00 131,00 1865
4 226,54 1,54 1,20 1,00 147,00 1875
5 226,54 1,54 1,20 1,00 163,00 1879
6 226,54 1,54 1,20 1,00 179,00 1881
7 226,54 1,54 1,20 1,00 195,00 1881
8 226,54 1,07 0,84 1,00 211,00 1881
9 226,54 1,07 0,84 1,00 227,00 1881
10 226,54 1,07 0,84 1,00 243,00 1881
11 226,54 1,07 0,84 1,00 259,00 1881
12 226,54 1,07 0,84 1,00 275,00 1881
13 226,54 0,78 0,61 1,00 291,00 1881
14 226,54 0,78 0,61 1,00 307,00 1881
15 226,54 0,78 0,61 1,00 323,00 1881
16 226,54 0,78 0,61 1,00 339,00 1881
17 226,54 0,78 0,61 1,00 355,00 1881
18 226,54 0,78 0,61 1,00 371,00 1881
19 226,54 0,78 0,61 1,00 387,00 1881
20 226,54 0,78 0,61 1,00 403,00 1881
21 226,54 0,78 0,61 1,00 419,00 1881
22 226,54 0,78 0,61 1,00 435,00 1881
23 226,54 0,78 0,61 1,00 451,00 1881
24 226,54 0,78 0,61 1,00 467,00 1881
25 226,54 0,78 0,61 1,00 483,00 1881
26 226,54 0,78 0,61 1,00 499,00 1881
27 226,54 0,78 0,61 1,00 515,00 1881
28 226,54 0,78 0,61 1,00 531,00 1881
29 226,54 0,78 0,61 1,00 547,00 1881
30 226,54 0,40 0,31 99,00 563,00 1881
31 226,54 39,91 31,08 99,00 578,00 2704
32 226,54 38,87 24,19 99,00 593,00 3431
33 226,54 38,87 27,27 99,00 609,00 3821
34 226,54 38,87 27,86 99,00 625,00 4072
35 226,54 38,87 30,95 99,00 641,00 4286
36 226,54 38,87 30,52 99,00 657,00 4405
37 226,54 38,87 30,45 99,00 673,00 4558
38 226,54 38,87 31,52 99,00 689,00 4625
39 226,54 31,81 25,53 99,00 705,00 4666
40 226,54 31,81 25,22 99,00 721,00 4711
41 226,54 31,81 25,72 99,00 737,00 4762
42 226,54 31,81 26,11 99,00 753,00 4795
43 226,54 31,81 25,40 99,00 769,00 4831
44 226,54 31,81 26,17 99,00 785,00 4863
45 226,54 31,81 26,23 99,00 801,00 4893
46 226,54 31,81 26,10 99,00 817,00 4918
47 226,54 31,81 26,10 99,00 833,00 4938
48 226,54 31,81 26,10 99,00 849,00 4953
49 226,54 31,81 26,10 99,00 865,00 4969
50 226,54 31,81 26,10 99,00 881,00 4978
51 226,54 31,81 26,10 99,00 897,00 4991
52 226,54 31,81 26,10 99,00 913,00 5006
53 226,54 31,81 26,10 99,00 929,00 5016
54 226,54 23,73 19,47 99,00 945,00 5027
55 226,54 23,73 19,47 99,00 961,00 5033
56 226,54 23,73 19,47 99,00 977,00 5043
57 226,54 22,59 18,53 99,00 993,00 5047
58 226,54 22,59 18,53 99,00 1.009,00 5055
59 226,54 22,59 18,53 99,00 1.025,00 5061
60 226,54 22,59 18,53 13,00 1.041,00 5068
61 226,54 22,59 18,53 13,00 1.057,00 5076
62 226,54 22,59 18,53 13,00 1.073,00 5097
63 226,54 22,59 18,53 13,00 1.089,00 5110
64 226,54 22,59 18,53 13,00 1.105,00 5114
65 226,54 22,59 18,53 13,00 1.121,00 5115
66 226,54 22,59 18,53 13,00 1.137,00 5118
67 226,54 22,59 18,53 13,00 1.153,00 5123
68 226,54 22,59 18,53 13,00 1.169,00 5124
69 226,54 22,59 18,53 13,00 1.185,00 5125
70 226,54 22,59 18,53 13,00 1.201,00 5125
71 226,54 22,59 18,53 13,00 1.217,00 5125
72 226,54 22,59 18,53 13,00 1.233,00 5125
73 226,54 2,36 1,93 13,00 1.249,00 5125
74 226,54 2,36 1,93 13,00 1.265,00 5126
75 226,54 2,30 1,89 13,00 1.281,00 5126
76 226,54 2,30 1,89 13,00 1.297,00 5126
77 226,54 2,24 1,84 13,00 1.313,00 5126
78 226,54 2,24 1,84 13,00 1.329,00 5127
79 226,54 2,24 1,84 13,00 1.345,00 5128
80 226,54 2,24 1,84 13,00 1.361,00 5128
81 226,54 2,24 1,84 13,00 1.377,00 5128
82 226,54 2,24 1,84 13,00 1.393,00 5128
83 226,54 2,24 1,84 13,00 1.409,00 5128
84 226,54 2,24 1,84 13,00 1.425,00 5128
85 226,54 2,04 1,68 13,00 1.441,00 5128
86 226,54 2,04 1,68 13,00 1.457,00 5128
87 226,54 2,04 1,68 13,00 1.473,00 5128
88 226,54 2,04 1,68 13,00 1.489,00 5129
89 226,54 2,04 1,68 13,00 1.505,00 5133
90 226,54 2,04 1,68 99,00 1.521,00 5133
91 226,54 2,04 1,68 99,00 1.537,00 5240
92 226,54 2,04 1,68 99,00 1.553,00 5280
93 226,54 2,04 1,68 99,00 1.569,00 5298
94 226,54 2,04 1,68 99,00 1.585,00 5308
95 226,54 2,04 1,68 99,00 1.601,00 5318
96 226,54 2,04 1,68 99,00 1.617,00 5327
97 226,54 2,04 1,68 99,00 1.633,00 5336
98 226,54 13,60 11,16 99,00 1.649,00 5340
99 226,54 13,60 11,16 99,00 1.665,00 5347
100 226,54 13,60 11,16 99,00 1.681,00 5351
101 226,54 13,60 11,16 99,00 1.697,00 5353
102 226,54 13,60 11,16 99,00 1.713,00 5354
103 226,54 12,97 10,64 99,00 1.729,00 5357
104 226,54 12,97 10,64 99,00 1.745,00 5357
105 226,54 12,97 10,64 99,00 1.761,00 5357
106 226,54 12,97 10,64 99,00 1.777,00 5357
107 226,54 12,97 10,64 99,00 1.793,00 5357
108 226,54 12,97 10,64 99,00 1.809,00 5357
109 226,54 12,97 10,64 99,00 1.825,00 5359
110 226,54 12,97 10,64 99,00 1.841,00 5359
111 226,54 12,97 10,64 99,00 1.857,00 5360
112 226,54 12,97 10,64 99,00 1.873,00 5362
113 226,54 12,97 10,64 99,00 1.889,00 5364
114 226,54 11,77 9,66 99,00 1.905,00 5366
115 226,54 11,77 9,66 99,00 1.921,00 5366
116 226,54 11,77 9,66 99,00 1.937,00 5366
117 226,54 11,77 9,66 99,00 1.953,00 5366
118 226,54 11,77 9,66 99,00 1.969,00 5367
119 226,54 11,30 9,27 99,00 1.985,00 5368
120 226,54 11,30 9,27 20,00 2.001,00 5368
121 226,54 11,30 9,27 20,00 2.017,00 5378
122 226,54 11,30 9,27 20,00 2.033,00 5387
123 226,54 11,30 9,27 20,00 2.049,00 5391
124 226,54 11,30 9,27 20,00 2.065,00 5392
125 226,54 11,30 9,27 20,00 2.081,00 5392
126 226,54 11,30 9,27 20,00 2.097,00 5392
127 226,54 11,30 9,27 20,00 2.113,00 5392
128 226,54 11,30 9,27 20,00 2.129,00 5392
129 226,54 11,30 9,27 20,00 2.145,00 5392
130 226,54 11,30 9,27 20,00 2.161,00 5392
131 226,54 11,30 9,27 20,00 2.177,00 5392
132 226,54 11,30 9,27 20,00 2.193,00 5392
133 226,54 11,30 9,27 20,00 2.209,00 5392
134 226,54 11,30 9,27 20,00 2.225,00 5392
135 226,54 11,30 9,27 20,00 2.241,00 5392
136 226,54 11,30 9,27 20,00 2.257,00 5392
137 226,54 11,30 9,27 20,00 2.273,00 5392
138 226,54 11,30 9,27 20,00 2.289,00 5392
139 226,54 11,30 9,27 20,00 2.305,00 5392
140 226,54 11,30 9,27 20,00 2.321,00 5397
141 226,54 11,30 9,27 20,00 2.337,00 5398
142 226,54 11,30 9,27 20,00 2.353,00 5398
143 226,54 1,91 1,57 20,00 2.369,00 5398
144 226,54 1,91 1,57 20,00 2.385,00 5398
145 226,54 1,91 1,57 20,00 2.401,00 5398
146 226,54 1,87 1,54 20,00 2.417,00 5398
147 226,54 1,87 1,54 20,00 2.433,00 5398
148 226,54 1,87 1,54 20,00 2.449,00 5398
149 226,54 1,87 1,54 20,00 2.465,00 5398
150 226,54 1,87 1,54 98,00 2.481,00 5398
151 226,54 1,87 1,54 98,00 2.497,00 5443
152 226,54 1,87 1,54 98,00 2.513,00 5461
153 226,54 1,87 1,54 98,00 2.529,00 5469
154 226,54 8,72 7,16 98,00 2.545,00 5476
155 226,54 8,72 7,16 98,00 2.561,00 5480
156 226,54 8,72 7,16 98,00 2.577,00 5482
157 226,54 8,72 7,16 98,00 2.593,00 5482
158 226,54 8,72 7,16 98,00 2.609,00 5492
159 226,54 8,72 7,16 98,00 2.625,00 5501
160 226,54 8,72 7,16 98,00 2.641,00 5510
161 226,54 8,72 7,16 98,00 2.657,00 5520
162 226,54 8,72 7,16 98,00 2.673,00 5532
163 226,54 8,72 7,16 98,00 2.689,00 5544
164 226,54 8,72 7,16 98,00 2.705,00 5553
165 226,54 8,72 7,16 98,00 2.721,00 5560
166 226,54 8,72 7,16 98,00 2.737,00 5566
167 226,54 8,72 7,16 98,00 2.753,00 5570
168 226,54 8,02 6,58 98,00 2.769,00 5573
169 226,54 8,02 6,58 98,00 2.785,00 5575
170 226,54 7,93 6,50 98,00 2.801,00 5576
171 226,54 7,88 6,47 98,00 2.817,00 5577
172 226,54 7,88 6,47 98,00 2.833,00 5578
173 226,54 7,88 6,47 98,00 2.849,00 5579
174 226,54 7,88 6,47 98,00 2.865,00 5580
175 226,54 7,71 6,32 98,00 2.881,00 5582
176 226,54 7,71 6,32 98,00 2.897,00 5583
177 226,54 7,71 6,32 98,00 2.913,00 5584
178 226,54 7,71 6,32 98,00 2.929,00 5587
179 226,54 7,71 6,32 98,00 2.945,00 5589
180 226,54 7,71 6,32 27,00 2.961,00 5591
181 226,54 2,05 1,69 27,00 2.977,00 5600
182 226,54 2,05 1,69 27,00 2.993,00 5601
183 226,54 2,05 1,69 27,00 3.009,00 5602
184 226,54 2,05 1,69 27,00 3.025,00 5602
185 226,54 2,05 1,69 27,00 3.041,00 5602
186 226,54 2,05 1,69 27,00 3.057,00 5602
187 226,54 2,05 1,69 27,00 3.073,00 5602
188 226,54 2,05 1,69 27,00 3.089,00 5602
189 226,54 2,05 1,69 27,00 3.105,00 5602
190 226,54 2,05 1,69 27,00 3.121,00 5602
191 226,54 2,05 1,69 27,00 3.137,00 5604
192 226,54 2,05 1,69 27,00 3.153,00 5606
193 226,54 2,05 1,69 27,00 3.169,00 5607
194 226,54 2,05 1,69 27,00 3.185,00 5611
195 226,54 2,05 1,69 27,00 3.201,00 5613
196 226,54 2,05 1,69 27,00 3.217,00 5613
197 226,54 1,89 1,55 27,00 3.233,00 5613
198 226,54 1,89 1,55 27,00 3.249,00 5613
199 226,54 1,89 1,55 27,00 3.265,00 5613
200 226,54 1,86 1,53 27,00 3.281,00 5613
201 226,54 1,86 1,53 27,00 3.297,00 5613
202 226,54 1,86 1,53 27,00 3.313,00 5613
203 226,54 1,86 1,53 27,00 3.329,00 5613
204 226,54 1,86 1,53 27,00 3.345,00 5613
205 226,54 1,86 1,53 27,00 3.361,00 5613
206 226,54 1,86 1,53 27,00 3.377,00 5613
207 226,54 1,86 1,53 27,00 3.393,00 5613
208 226,54 1,86 1,53 27,00 3.409,00 5614
209 226,54 1,79 1,47 27,00 3.425,00 5616
210 226,54 1,79 1,47 73,00 3.441,00 5616
211 226,54 1,79 1,47 73,00 3.457,00 5655
212 226,54 1,79 1,47 73,00 3.473,00 5665
213 226,54 1,79 1,47 73,00 3.489,00 5671
214 226,54 1,79 1,47 73,00 3.505,00 5671
215 226,54 1,79 1,47 73,00 3.521,00 5671
216 226,54 1,79 1,47 73,00 3.537,00 5671
217 226,54 1,79 1,47 73,00 3.553,00 5671
218 226,54 1,79 1,47 73,00 3.569,00 5671
219 226,54 1,79 1,47 73,00 3.585,00 5671
220 226,54 4,59 3,77 73,00 3.601,00 5671
221 226,54 4,59 3,77 73,00 3.617,00 5671
222 226,54 4,59 3,77 73,00 3.633,00 5671
223 226,54 4,59 3,77 73,00 3.649,00 5671
224 226,54 4,59 3,77 73,00 3.665,00 5671
225 226,54 4,49 3,69 73,00 3.681,00 5671
226 226,54 4,49 3,69 73,00 3.697,00 5671
227 226,54 4,49 3,69 73,00 3.713,00 5671
228 226,54 4,49 3,69 73,00 3.729,00 5671
229 226,54 4,49 3,69 73,00 3.745,00 5671
230 226,54 4,49 3,69 73,00 3.761,00 5671
231 226,54 4,49 3,69 73,00 3.777,00 5671
232 226,54 4,49 3,69 73,00 3.793,00 5671
233 226,54 4,34 3,56 73,00 3.809,00 5671
234 226,54 4,34 3,56 73,00 3.825,00 5671
235 226,54 4,34 3,56 73,00 3.841,00 5671
236 226,54 4,29 3,52 73,00 3.857,00 5671
237 226,54 4,29 3,52 73,00 3.873,00 5671
238 226,54 4,29 3,52 73,00 3.889,00 5671
239 226,54 4,29 3,52 73,00 3.905,00 5671
240 226,54 4,29 3,52 33,00 3.921,00 5671
241 226,54 4,29 3,52 33,00 3.937,00 5686
242 226,54 4,29 3,52 33,00 3.953,00 5686
243 226,54 4,29 3,52 33,00 3.969,00 5687
244 226,54 1,88 1,54 33,00 3.985,00 5688
245 226,54 1,88 1,54 33,00 4.001,00 5688
246 226,54 1,88 1,54 33,00 4.017,00 5688
247 226,54 1,88 1,54 33,00 4.033,00 5688
248 226,54 1,88 1,54 33,00 4.049,00 5688
249 226,54 1,88 1,54 33,00 4.065,00 5691
250 226,54 1,83 1,50 33,00 4.081,00 5693
251 226,54 1,83 1,50 33,00 4.097,00 5693
252 226,54 1,83 1,50 33,00 4.113,00 5693
253 226,54 1,83 1,50 33,00 4.129,00 5694
254 226,54 1,83 1,50 33,00 4.145,00 5694
255 226,54 1,83 1,50 33,00 4.161,00 5694
256 226,54 1,83 1,50 33,00 4.177,00 5694
257 226,54 1,83 1,50 33,00 4.193,00 5694
258 226,54 1,83 1,50 33,00 4.209,00 5694
259 226,54 1,77 1,45 33,00 4.225,00 5694
260 226,54 1,76 1,45 33,00 4.241,00 5694
261 226,54 1,76 1,45 33,00 4.257,00 5694
262 226,54 1,76 1,45 33,00 4.273,00 5694
263 226,54 1,76 1,45 33,00 4.289,00 5694
264 226,54 1,76 1,45 33,00 4.305,00 5694
265 226,54 1,76 1,45 33,00 4.321,00 5694
266 226,54 1,72 1,41 33,00 4.337,00 5694
267 226,54 1,72 1,41 33,00 4.353,00 5694
268 226,54 1,72 1,41 33,00 4.369,00 5694
269 226,54 1,72 1,41 33,00 4.385,00 5694
270 226,54 1,72 1,41 81,00 4.401,00 5694
271 226,54 1,72 1,41 81,00 4.417,00 5724
272 226,54 4,14 3,40 81,00 4.433,00 5736
273 226,54 4,14 3,40 81,00 4.449,00 5742
274 226,54 4,14 3,40 81,00 4.465,00 5742
275 226,54 4,14 3,40 81,00 4.481,00 5742
276 226,54 4,14 3,40 81,00 4.497,00 5742
277 226,54 4,14 3,40 81,00 4.513,00 5742
278 226,54 4,14 3,40 81,00 4.529,00 5742
279 226,54 4,14 3,40 81,00 4.545,00 5742
280 226,54 4,14 3,40 81,00 4.561,00 5742
281 226,54 4,14 3,40 81,00 4.577,00 5742
282 226,54 4,14 3,40 81,00 4.593,00 5742
283 226,54 4,14 3,40 81,00 4.609,00 5742
284 226,54 4,14 3,40 81,00 4.625,00 5742
285 226,54 3,95 3,24 81,00 4.641,00 5742
286 226,54 3,94 3,23 81,00 4.657,00 5742
287 226,54 3,94 3,23 81,00 4.673,00 5742
288 226,54 3,94 3,23 81,00 4.689,00 5742
289 226,54 3,94 3,23 81,00 4.705,00 5742
290 226,54 3,94 3,23 81,00 4.721,00 5742
291 226,54 3,94 3,23 81,00 4.737,00 5742
292 226,54 3,94 3,23 81,00 4.753,00 5742
293 226,54 3,94 3,23 81,00 4.769,00 5742
294 226,54 3,94 3,23 81,00 4.785,00 5742
295 226,54 3,94 3,23 81,00 4.801,00 5742
296 226,54 3,94 3,23 81,00 4.817,00 5742
297 226,54 3,94 3,23 81,00 4.833,00 5742
298 226,54 3,94 3,23 81,00 4.849,00 5742
299 226,54 3,94 3,23 81,00 4.865,00 5742
300 226,54 3,94 3,23 39,00 4.881,00 5742
301 226,54 1,80 1,48 39,00 4.897,00 5752
302 226,54 1,80 1,48 39,00 4.913,00 5752
303 226,54 1,80 1,48 39,00 4.929,00 5752
304 226,54 1,80 1,48 39,00 4.945,00 5752
305 226,54 1,80 1,48 39,00 4.961,00 5752
306 226,54 1,80 1,48 39,00 4.977,00 5762
307 226,54 1,80 1,48 39,00 4.993,00 5773
308 226,54 1,80 1,48 39,00 5.009,00 5778
309 226,54 1,80 1,48 39,00 5.025,00 5780
310 226,54 1,80 1,48 39,00 5.041,00 5780
311 226,54 1,80 1,48 39,00 5.057,00 5780
312 226,54 1,80 1,48 39,00 5.073,00 5780
313 226,54 1,80 1,48 39,00 5.089,00 5782
314 226,54 1,80 1,48 39,00 5.105,00 5783
315 226,54 1,80 1,48 39,00 5.121,00 5783
316 226,54 1,72 1,41 39,00 5.137,00 5783
317 226,54 1,72 1,41 39,00 5.153,00 5783
318 226,54 1,72 1,41 39,00 5.169,00 5783
319 226,54 1,72 1,41 39,00 5.185,00 5783
320 226,54 1,70 1,39 39,00 5.201,00 5783
321 226,54 1,70 1,39 39,00 5.217,00 5783
322 226,54 1,70 1,39 39,00 5.233,00 5783
323 226,54 1,70 1,39 39,00 5.249,00 5783
324 226,54 1,70 1,39 39,00 5.265,00 5783
325 226,54 1,70 1,39 39,00 5.281,00 5783
326 226,54 1,70 1,39 39,00 5.297,00 5783
327 226,54 1,70 1,39 39,00 5.313,00 5783
328 226,54 1,70 1,39 39,00 5.329,00 5783
329 226,54 1,70 1,39 39,00 5.345,00 5783
330 226,54 1,70 1,39 70,00 5.361,00 5783
331 226,54 1,70 1,39 70,00 5.377,00 5809
332 226,54 1,70 1,39 70,00 5.393,00 5815
333 226,54 1,70 1,39 70,00 5.409,00 5818
334 226,54 1,70 1,39 70,00 5.425,00 5819
335 226,54 1,70 1,39 70,00 5.441,00 5820
336 226,54 2,91 2,38 70,00 5.457,00 5820
337 226,54 2,91 2,38 70,00 5.473,00 5820
338 226,54 2,89 2,37 70,00 5.489,00 5820
339 226,54 2,89 2,37 70,00 5.505,00 5820
340 226,54 2,89 2,37 70,00 5.521,00 5820
341 226,54 2,89 2,37 70,00 5.537,00 5820
342 226,54 2,89 2,37 70,00 5.553,00 5820
343 226,54 2,85 2,34 70,00 5.569,00 5820
344 226,54 2,85 2,34 70,00 5.585,00 5820
345 226,54 2,85 2,34 70,00 5.601,00 5820
346 226,54 2,85 2,34 70,00 5.617,00 5820
347 226,54 2,85 2,34 70,00 5.633,00 5820
348 226,54 2,85 2,34 70,00 5.649,00 5820
349 226,54 2,85 2,34 70,00 5.665,00 5820
350 226,54 2,79 2,29 70,00 5.681,00 5820
351 226,54 2,78 2,28 70,00 5.697,00 5820
352 226,54 2,78 2,28 70,00 5.713,00 5820
353 226,54 2,78 2,28 70,00 5.729,00 5820
354 226,54 2,78 2,28 70,00 5.745,00 5820
355 226,54 2,78 2,28 70,00 5.761,00 5820
356 226,54 2,78 2,28 70,00 5.777,00 5820
357 226,54 2,78 2,28 70,00 5.793,00 5820
358 226,54 2,78 2,28 70,00 5.809,00 5820
359 226,54 2,78 2,28 70,00 5.825,00 5820
360 226,54 2,78 2,28 50,00 5.841,00 5820
361 226,54 2,78 2,28 50,00 5.857,00 5827
362 226,54 2,78 2,28 50,00 5.873,00 5827
363 226,54 2,78 2,28 50,00 5.889,00 5827
364 226,54 2,78 2,28 50,00 5.905,00 5827
365 226,54 2,78 2,28 50,00 5.921,00 5827
366 226,54 2,78 2,28 50,00 5.937,00 5827
367 226,54 2,78 2,28 50,00 5.953,00 5827
368 226,54 1,90 1,56 50,00 5.969,00 5827
369 226,54 1,90 1,56 50,00 5.985,00 5827
370 226,54 1,90 1,56 50,00 6.001,00 5827
371 226,54 1,90 1,56 50,00 6.017,00 5827
372 226,54 1,90 1,56 50,00 6.033,00 5827
373 226,54 1,90 1,56 50,00 6.049,00 5827
374 226,54 1,90 1,56 50,00 6.065,00 5827
375 226,54 1,90 1,56 50,00 6.081,00 5827
376 226,54 1,86 1,52 50,00 6.097,00 5827
377 226,54 1,86 1,52 50,00 6.113,00 5827
378 226,54 1,86 1,52 50,00 6.129,00 5827
379 226,54 1,86 1,52 50,00 6.145,00 5827
380 226,54 1,86 1,52 50,00 6.161,00 5827
381 226,54 1,86 1,52 50,00 6.177,00 5827
382 226,54 1,86 1,52 50,00 6.193,00 5827
383 226,54 1,86 1,52 50,00 6.209,00 5833
384 226,54 1,86 1,52 50,00 6.225,00 5833
385 226,54 1,86 1,52 50,00 6.241,00 5833
386 226,54 1,86 1,52 50,00 6.257,00 5833
387 226,54 1,86 1,52 50,00 6.273,00 5833
388 226,54 1,86 1,52 50,00 6.289,00 5833
389 226,54 1,86 1,52 50,00 6.305,00 5833
390 226,54 1,86 1,52 78,00 6.321,00 5833
391 226,54 1,86 1,52 78,00 6.337,00 5854
392 226,54 1,86 1,52 78,00 6.353,00 5858
393 226,54 2,77 2,28 78,00 6.369,00 5861
394 226,54 2,77 2,28 78,00 6.385,00 5861
395 226,54 2,77 2,28 78,00 6.401,00 5861
396 226,54 2,77 2,28 78,00 6.417,00 5861
397 226,54 2,77 2,28 78,00 6.433,00 5861
398 226,54 2,77 2,28 78,00 6.449,00 5861
399 226,54 2,77 2,28 78,00 6.465,00 5861
400 226,54 2,73 2,24 78,00 6.481,00 5861
401 226,54 2,73 2,24 78,00 6.497,00 5865
402 226,54 2,73 2,24 78,00 6.513,00 5866
403 226,54 2,73 2,24 78,00 6.529,00 5866
404 226,54 2,70 2,22 78,00 6.545,00 5866
405 226,54 2,70 2,22 78,00 6.561,00 5866
406 226,54 2,70 2,22 78,00 6.577,00 5866
407 226,54 2,70 2,22 78,00 6.593,00 5866
408 226,54 2,67 2,19 78,00 6.609,00 5866
409 226,54 2,67 2,19 78,00 6.625,00 5866
410 226,54 2,67 2,19 78,00 6.641,00 5866
411 226,54 2,67 2,19 78,00 6.657,00 5866
412 226,54 2,67 2,19 78,00 6.673,00 5866
413 226,54 2,67 2,19 78,00 6.689,00 5866
414 226,54 2,67 2,19 78,00 6.705,00 5866
415 226,54 2,67 2,19 78,00 6.721,00 5866
416 226,54 2,67 2,19 78,00 6.737,00 5866
417 226,54 2,62 2,15 78,00 6.753,00 5866
418 226,54 2,62 2,15 78,00 6.769,00 5866
419 226,54 2,62 2,15 78,00 6.785,00 5866
420 226,54 2,62 2,15 64,00 6.801,00 5866
421 226,54 2,62 2,15 64,00 6.817,00 5875
422 226,54 2,62 2,15 64,00 6.833,00 5878
423 226,54 2,62 2,15 64,00 6.849,00 5879
424 226,54 2,62 2,15 64,00 6.865,00 5879
425 226,54 2,62 2,15 64,00 6.881,00 5879
426 226,54 2,10 1,72 64,00 6.897,00 5879
427 226,54 2,10 1,72 64,00 6.913,00 5879
428 226,54 2,10 1,72 64,00 6.929,00 5880
429 226,54 2,10 1,72 64,00 6.945,00 5880
430 226,54 2,08 1,71 64,00 6.961,00 5880
431 226,54 2,08 1,71 64,00 6.977,00 5880
432 226,54 2,08 1,71 64,00 6.993,00 5880
433 226,54 2,08 1,71 64,00 7.009,00 5880
434 226,54 2,06 1,69 64,00 7.025,00 5880
435 226,54 2,06 1,69 64,00 7.041,00 5880
436 226,54 2,05 1,69 64,00 7.057,00 5880
437 226,54 2,05 1,69 64,00 7.073,00 5880
438 226,54 2,05 1,69 64,00 7.089,00 5880
439 226,54 2,05 1,69 64,00 7.105,00 5880
440 226,54 2,05 1,69 64,00 7.121,00 5880
441 226,54 2,05 1,69 64,00 7.137,00 5880
442 226,54 2,05 1,69 64,00 7.153,00 5880
443 226,54 2,05 1,69 64,00 7.169,00 5880
444 226,54 2,05 1,69 64,00 7.185,00 5880
445 226,54 2,05 1,69 64,00 7.201,00 5880
446 226,54 2,05 1,69 64,00 7.217,00 5880
447 226,54 2,05 1,69 64,00 7.233,00 5880
448 226,54 2,05 1,69 64,00 7.249,00 5880
449 226,54 2,05 1,69 64,00 7.265,00 5880
450 226,54 2,05 1,69 64,00 7.281,00 5880
451 226,54 2,05 1,69 64,00 7.297,00 5901
452 226,54 2,05 1,69 64,00 7.313,00 5908
453 226,54 2,05 1,69 64,00 7.329,00 5908
454 226,54 2,05 1,69 64,00 7.345,00 5908
455 226,54 2,05 1,69 64,00 7.361,00 5908
456 226,54 2,05 1,69 64,00 7.377,00 5909
457 226,54 1,96 1,61 64,00 7.393,00 5909
458 226,54 1,96 1,61 64,00 7.409,00 5909
459 226,54 1,96 1,61 64,00 7.425,00 5909
460 226,54 1,96 1,61 64,00 7.441,00 5909
461 226,54 1,96 1,61 64,00 7.457,00 5909
462 226,54 1,96 1,61 64,00 7.473,00 5909
463 226,54 1,96 1,61 64,00 7.489,00 5909
464 226,54 1,96 1,61 64,00 7.505,00 5909
465 226,54 1,96 1,61 64,00 7.521,00 5909
466 226,54 1,96 1,61 64,00 7.537,00 5909
467 226,54 1,96 1,61 64,00 7.553,00 5909
468 226,54 1,96 1,61 64,00 7.569,00 5909
469 226,54 1,96 1,61 64,00 7.585,00 5909
470 226,54 1,91 1,57 64,00 7.601,00 5909
471 226,54 1,90 1,56 64,00 7.617,00 5909
472 226,54 1,90 1,56 64,00 7.633,00 5909
473 226,54 1,90 1,56 64,00 7.649,00 5909
474 226,54 1,89 1,55 64,00 7.665,00 5909
475 226,54 1,89 1,55 64,00 7.681,00 5909
476 226,54 1,89 1,55 64,00 7.697,00 5909
477 226,54 1,89 1,55 64,00 7.713,00 5909
478 226,54 1,89 1,55 64,00 7.729,00 5909
479 226,54 1,89 1,55 64,00 7.745,00 5909
480 226,54 1,89 1,55 80,00 7.761,00 5909
481 226,54 1,89 1,55 80,00 7.777,00 5915
482 226,54 1,89 1,55 80,00 7.793,00 5916
483 226,54 1,89 1,55 80,00 7.809,00 5916
484 226,54 1,89 1,55 80,00 7.825,00 5916
485 226,54 1,89 1,55 80,00 7.841,00 5916
486 226,54 2,31 1,89 80,00 7.857,00 5916
487 226,54 2,31 1,89 80,00 7.873,00 5916
488 226,54 2,31 1,89 80,00 7.889,00 5916
489 226,54 2,29 1,88 80,00 7.905,00 5916
490 226,54 2,29 1,88 80,00 7.921,00 5916
491 226,54 2,28 1,87 80,00 7.937,00 5916
492 226,54 2,28 1,87 80,00 7.953,00 5916
493 226,54 2,28 1,87 80,00 7.969,00 5916
494 226,54 2,28 1,87 80,00 7.985,00 5916
495 226,54 2,27 1,86 80,00 8.001,00 5916
496 226,54 2,27 1,86 80,00 8.017,00 5916
497 226,54 2,27 1,86 80,00 8.033,00 5916
498 226,54 2,27 1,86 80,00 8.049,00 5916
499 226,54 2,27 1,86 80,00 8.065,00 5916
500 226,54 2,27 1,86 80,00 8.081,00 5916
501 226,54 2,27 1,86 80,00 8.097,00 5916
502 226,54 2,27 1,86 80,00 8.113,00 5916
503 226,54 2,27 1,86 80,00 8.129,00 5916
504 226,54 2,27 1,86 80,00 8.145,00 5916
505 226,54 2,27 1,86 80,00 8.161,00 5919
506 226,54 2,27 1,86 80,00 8.177,00 5919
507 226,54 2,27 1,86 80,00 8.193,00 5919
508 226,54 2,27 1,86 80,00 8.209,00 5919
509 226,54 2,27 1,86 80,00 8.225,00 5919
510 226,54 2,27 1,86 74,00 8.241,00 5919
511 226,54 2,03 1,67 74,00 8.257,00 5935
512 226,54 2,03 1,67 74,00 8.273,00 5937
513 226,54 2,03 1,67 74,00 8.289,00 5938
514 226,54 2,03 1,67 74,00 8.305,00 5938
515 226,54 2,03 1,67 74,00 8.321,00 5938
516 226,54 2,03 1,67 74,00 8.337,00 5938
517 226,54 2,03 1,67 74,00 8.353,00 5938
518 226,54 2,03 1,67 74,00 8.369,00 5938
519 226,54 2,03 1,67 74,00 8.385,00 5938
520 226,54 2,03 1,67 74,00 8.401,00 5938
521 226,54 2,03 1,67 74,00 8.417,00 5938
522 226,54 2,03 1,67 74,00 8.433,00 5938
523 226,54 2,03 1,67 74,00 8.449,00 5938
524 226,54 2,03 1,67 74,00 8.465,00 5938
525 226,54 1,98 1,62 74,00 8.481,00 5938
526 226,54 1,98 1,62 74,00 8.497,00 5938
527 226,54 1,98 1,62 74,00 8.513,00 5938
528 226,54 1,98 1,62 74,00 8.529,00 5938
529 226,54 1,96 1,61 74,00 8.545,00 5938
530 226,54 1,96 1,61 74,00 8.561,00 5938
531 226,54 1,96 1,61 74,00 8.577,00 5938
532 226,54 1,96 1,61 74,00 8.593,00 5938
533 226,54 1,96 1,61 74,00 8.609,00 5938
534 226,54 1,96 1,61 74,00 8.625,00 5938
535 226,54 1,96 1,61 74,00 8.641,00 5938
536 226,54 1,96 1,61 74,00 8.657,00 5938
537 226,54 1,96 1,61 74,00 8.673,00 5938
538 226,54 1,96 1,61 74,00 8.689,00 5938
539 226,54 1,96 1,61 74,00 8.705,00 5938
540 226,54 1,96 1,61 82,00 8.721,00 5938
541 226,54 2,13 1,74 82,00 8.737,00 5942
542 226,54 2,13 1,74 82,00 8.753,00 5944
543 226,54 2,13 1,74 82,00 8.769,00 5946
544 226,54 2,13 1,74 82,00 8.785,00 5947
545 226,54 2,13 1,74 82,00 8.801,00 5958
546 226,54 2,11 1,73 82,00 8.817,00 5965
547 226,54 2,11 1,73 82,00 8.833,00 5965
548 226,54 2,11 1,73 82,00 8.849,00 5965
549 226,54 2,11 1,73 82,00 8.865,00 5965
550 226,54 2,11 1,73 82,00 8.881,00 5965
551 226,54 2,09 1,71 82,00 8.897,00 5965
552 226,54 2,08 1,71 82,00 8.913,00 5965
553 226,54 2,08 1,71 82,00 8.929,00 5965
554 226,54 2,08 1,71 82,00 8.945,00 5965
555 226,54 2,08 1,71 82,00 8.961,00 5965
556 226,54 2,08 1,71 82,00 8.977,00 5965
557 226,54 2,08 1,71 82,00 8.993,00 5965
558 226,54 2,08 1,71 82,00 9.009,00 5965
559 226,54 2,08 1,71 82,00 9.025,00 5969
560 226,54 2,08 1,71 82,00 9.041,00 5969
561 226,54 2,08 1,71 82,00 9.057,00 5969
562 226,54 2,08 1,71 82,00 9.073,00 5969
563 226,54 2,08 1,71 82,00 9.089,00 5969
564 226,54 2,08 1,71 82,00 9.105,00 5969
565 226,54 2,08 1,71 82,00 9.121,00 5969
566 226,54 2,08 1,71 82,00 9.137,00 5969
567 226,54 2,08 1,71 82,00 9.153,00 5969
568 226,54 2,08 1,71 82,00 9.169,00 5969
569 226,54 2,08 1,71 82,00 9.185,00 5969
570 226,54 2,08 1,71 64,00 9.201,00 5969
571 226,54 2,08 1,71 64,00 9.217,00 5988
572 226,54 2,08 1,71 64,00 9.233,00 5994
573 226,54 2,08 1,71 64,00 9.249,00 5999
574 226,54 2,08 1,71 64,00 9.265,00 6004
575 226,54 2,08 1,71 64,00 9.281,00 6007
576 226,54 2,08 1,71 64,00 9.297,00 6009
577 226,54 2,08 1,71 64,00 9.313,00 6010
578 226,54 2,08 1,71 64,00 9.329,00 6010
579 226,54 1,55 1,27 64,00 9.345,00 6010
580 226,54 1,55 1,27 64,00 9.361,00 6010
581 226,54 1,55 1,27 64,00 9.377,00 6010
582 226,54 1,55 1,27 64,00 9.393,00 6010
583 226,54 1,55 1,27 64,00 9.409,00 6010
584 226,54 1,55 1,27 64,00 9.425,00 6010
585 226,54 1,55 1,27 64,00 9.441,00 6010
586 226,54 1,55 1,27 64,00 9.457,00 6010
587 226,54 1,55 1,27 64,00 9.473,00 6010
588 226,54 1,55 1,27 64,00 9.489,00 6010
589 226,54 1,53 1,25 64,00 9.505,00 6010
590 226,54 1,53 1,25 64,00 9.521,00 6010
591 226,54 1,53 1,25 64,00 9.537,00 6010
592 226,54 1,53 1,25 64,00 9.553,00 6010
593 226,54 1,53 1,25 64,00 9.569,00 6010
594 226,54 1,53 1,25 64,00 9.585,00 6010
595 226,54 1,53 1,25 64,00 9.601,00 6010
596 226,54 1,53 1,25 64,00 9.617,00 6010
597 226,54 1,53 1,25 64,00 9.633,00 6010
598 226,54 1,53 1,25 64,00 9.649,00 6010
599 226,54 1,53 1,25 64,00 9.665,00 6010
600 226,54 1,53 1,25 79,00 9.681,00 6010
601 226,54 1,53 1,25 79,00 9.697,00 6019
602 226,54 1,53 1,25 79,00 9.713,00 6021
603 226,54 1,53 1,25 79,00 9.729,00 6022
604 226,54 1,53 1,25 79,00 9.745,00 6022
605 226,54 1,53 1,25 79,00 9.761,00 6022
606 226,54 1,53 1,25 79,00 9.777,00 6022
607 226,54 1,53 1,25 79,00 9.793,00 6022
608 226,54 1,53 1,25 79,00 9.809,00 6023
609 226,54 1,53 1,25 79,00 9.825,00 6023
610 226,54 1,53 1,25 79,00 9.841,00 6023
611 226,54 1,53 1,25 79,00 9.857,00 6023
612 226,54 1,53 1,25 79,00 9.873,00 6023
613 226,54 1,53 1,25 79,00 9.889,00 6023
614 226,54 1,53 1,25 79,00 9.905,00 6023
615 226,54 1,53 1,25 79,00 9.921,00 6023
616 226,54 1,53 1,25 79,00 9.937,00 6023
617 226,54 1,53 1,25 79,00 9.953,00 6023
618 226,54 1,53 1,25 79,00 9.969,00 6023
619 226,54 1,53 1,25 79,00 9.985,00 6023
620 226,54 1,53 1,25 79,00 10.001,00 6023
621 226,54 1,79 1,47 79,00 10.017,00 6023
622 226,54 1,79 1,47 79,00 10.033,00 6023
623 226,54 1,79 1,47 79,00 10.049,00 6023
624 226,54 1,79 1,47 79,00 10.065,00 6023
625 226,54 1,79 1,47 79,00 10.081,00 6023
626 226,54 1,79 1,47 79,00 10.097,00 6023
627 226,54 1,79 1,47 79,00 10.113,00 6023
628 226,54 1,79 1,47 79,00 10.129,00 6023
629 226,54 1,79 1,47 79,00 10.145,00 6023
630 226,54 1,79 1,47 75,00 10.161,00 6023
631 226,54 1,79 1,47 75,00 10.177,00 6039
632 226,54 1,79 1,47 75,00 10.193,00 6043
633 226,54 1,79 1,47 75,00 10.209,00 6043
634 226,54 1,79 1,47 75,00 10.225,00 6043
635 226,54 1,79 1,47 75,00 10.241,00 6043
636 226,54 1,79 1,47 75,00 10.257,00 6043
637 226,54 1,79 1,47 75,00 10.273,00 6043
638 226,54 1,79 1,47 75,00 10.289,00 6043
639 226,54 1,65 1,35 75,00 10.305,00 6043
640 226,54 1,65 1,35 75,00 10.321,00 6043
641 226,54 1,65 1,35 75,00 10.337,00 6043
642 226,54 1,65 1,35 75,00 10.353,00 6043
643 226,54 1,65 1,35 75,00 10.369,00 6043
644 226,54 1,65 1,35 75,00 10.385,00 6043
645 226,54 1,65 1,35 75,00 10.401,00 6043
646 226,54 1,65 1,35 75,00 10.417,00 6043
647 226,54 1,65 1,35 75,00 10.433,00 6043
648 226,54 1,65 1,35 75,00 10.449,00 6043
649 226,54 1,65 1,35 75,00 10.465,00 6043
650 226,54 1,65 1,35 75,00 10.481,00 6043
651 226,54 1,65 1,35 75,00 10.497,00 6043
652 226,54 1,65 1,35 75,00 10.513,00 6043
653 226,54 1,65 1,35 75,00 10.529,00 6043
654 226,54 1,65 1,35 75,00 10.545,00 6043
655 226,54 1,65 1,35 75,00 10.561,00 6043
656 226,54 1,65 1,35 75,00 10.577,00 6043
657 226,54 1,65 1,35 75,00 10.593,00 6043
658 226,54 1,60 1,31 75,00 10.609,00 6043
659 226,54 1,60 1,31 75,00 10.625,00 6043
660 226,54 1,60 1,31 87,00 10.641,00 6043
661 226,54 1,60 1,31 87,00 10.657,00 6047
662 226,54 1,60 1,31 87,00 10.673,00 6047
663 226,54 1,60 1,31 87,00 10.689,00 6047
664 226,54 1,60 1,31 87,00 10.705,00 6047
665 226,54 1,60 1,31 87,00 10.721,00 6047
666 226,54 1,60 1,31 87,00 10.737,00 6047
667 226,54 1,60 1,31 87,00 10.753,00 6047
668 226,54 1,60 1,31 87,00 10.769,00 6048
669 226,54 1,60 1,31 87,00 10.785,00 6048
670 226,54 1,60 1,31 87,00 10.801,00 6048
671 226,54 1,60 1,31 87,00 10.817,00 6048
672 226,54 1,60 1,31 87,00 10.833,00 6048
673 226,54 1,82 1,49 87,00 10.849,00 6048
674 226,54 1,82 1,49 87,00 10.865,00 6048
675 226,54 1,82 1,49 87,00 10.881,00 6048
676 226,54 1,82 1,49 87,00 10.897,00 6048
677 226,54 1,82 1,49 87,00 10.913,00 6048
678 226,54 1,82 1,49 87,00 10.929,00 6048
679 226,54 1,82 1,49 87,00 10.945,00 6048
680 226,54 1,82 1,49 87,00 10.961,00 6048
681 226,54 1,82 1,49 87,00 10.977,00 6048
682 226,54 1,82 1,49 87,00 10.993,00 6048
683 226,54 1,82 1,49 87,00 11.009,00 6048
684 226,54 1,82 1,49 87,00 11.025,00 6048
685 226,54 1,79 1,46 87,00 11.041,00 6048
686 226,54 1,79 1,46 87,00 11.057,00 6048
687 226,54 1,79 1,46 87,00 11.073,00 6048
688 226,54 1,79 1,46 87,00 11.089,00 6048
689 226,54 1,79 1,46 87,00 11.105,00 6048
690 226,54 1,77 1,45 87,00 11.121,00 6048
691 226,54 1,77 1,45 87,00 11.137,00 6060
692 226,54 1,77 1,45 87,00 11.153,00 6063
693 226,54 1,77 1,45 87,00 11.169,00 6066
694 226,54 1,77 1,45 87,00 11.185,00 6067
695 226,54 1,77 1,45 87,00 11.201,00 6068
696 226,54 1,77 1,45 87,00 11.217,00 6070
697 226,54 1,77 1,45 87,00 11.233,00 6070
698 226,54 1,77 1,45 87,00 11.249,00 6070
699 226,54 1,77 1,45 87,00 11.265,00 6070
700 226,54 1,77 1,45 87,00 11.281,00 6070
701 226,54 1,77 1,45 87,00 11.297,00 6070
702 226,54 1,77 1,45 87,00 11.313,00 6070
703 226,54 1,77 1,45 87,00 11.329,00 6070
704 226,54 1,77 1,45 87,00 11.345,00 6070
705 226,54 1,77 1,45 87,00 11.361,00 6070
706 226,54 1,77 1,45 87,00 11.377,00 6070
707 226,54 1,77 1,45 87,00 11.393,00 6070
708 226,54 1,77 1,45 87,00 11.409,00 6070
709 226,54 1,77 1,45 87,00 11.425,00 6070
710 226,54 1,77 1,45 87,00 11.441,00 6070
711 226,54 1,77 1,45 87,00 11.457,00 6070
712 226,54 1,77 1,45 87,00 11.473,00 6070
713 226,54 1,77 1,45 87,00 11.489,00 6070
714 226,54 1,77 1,45 87,00 11.505,00 6070
715 226,54 1,77 1,45 87,00 11.521,00 6070
716 226,54 1,71 1,40 87,00 11.537,00 6070
717 226,54 1,71 1,40 87,00 11.553,00 6070
718 226,54 1,71 1,40 87,00 11.569,00 6070
719 226,54 1,71 1,40 87,00 11.585,00 6070
720 226,54 1,71 1,40 77,00 11.601,00 6070
721 226,54 1,71 1,40 77,00 11.617,00 6073
722 226,54 1,71 1,40 77,00 11.633,00 6073
723 226,54 1,71 1,40 77,00 11.649,00 6073
724 226,54 1,71 1,40 77,00 11.665,00 6073
725 226,54 1,71 1,40 77,00 11.681,00 6073
726 226,54 1,71 1,40 77,00 11.697,00 6073
727 226,54 1,71 1,40 77,00 11.713,00 6073
728 226,54 1,71 1,40 77,00 11.729,00 6073
729 226,54 1,71 1,40 77,00 11.745,00 6073
730 226,54 1,71 1,40 77,00 11.761,00 6073
731 226,54 1,71 1,40 77,00 11.777,00 6073
732 226,54 1,48 1,21 77,00 11.793,00 6073
733 226,54 1,48 1,21 77,00 11.809,00 6073
734 226,54 1,48 1,21 77,00 11.825,00 6073
735 226,54 1,48 1,21 77,00 11.841,00 6073
736 226,54 1,48 1,21 77,00 11.857,00 6073
737 226,54 1,48 1,21 77,00 11.873,00 6073
738 226,54 1,48 1,21 77,00 11.889,00 6073
739 226,54 1,48 1,21 77,00 11.905,00 6073
740 226,54 1,48 1,21 77,00 11.921,00 6073
741 226,54 1,48 1,21 77,00 11.937,00 6073
742 226,54 1,48 1,21 77,00 11.953,00 6073
743 226,54 1,48 1,21 77,00 11.969,00 6073
744 226,54 1,48 1,21 77,00 11.985,00 6073
745 226,54 1,48 1,21 77,00 12.001,00 6073
746 226,54 1,48 1,21 77,00 12.017,00 6073
747 226,54 1,48 1,21 77,00 12.033,00 6073
748 226,54 1,48 1,21 77,00 12.049,00 6073
749 226,54 1,48 1,21 77,00 12.065,00 6073
750 226,54 1,48 1,21 92,00 12.081,00 6073
751 226,54 1,48 1,21 92,00 12.097,00 6081
752 226,54 1,48 1,21 92,00 12.113,00 6085
753 226,54 1,48 1,21 92,00 12.129,00 6085
754 226,54 1,48 1,21 92,00 12.145,00 6085
755 226,54 1,48 1,21 92,00 12.161,00 6085
756 226,54 1,48 1,21 92,00 12.177,00 6085
757 226,54 1,48 1,21 92,00 12.193,00 6085
758 226,54 1,48 1,21 92,00 12.209,00 6091
759 226,54 1,48 1,21 92,00 12.225,00 6094
760 226,54 1,48 1,21 92,00 12.241,00 6096
761 226,54 1,48 1,21 92,00 12.257,00 6097
762 226,54 1,48 1,21 92,00 12.273,00 6098
763 226,54 1,48 1,21 92,00 12.289,00 6098
764 226,54 1,48 1,21 92,00 12.305,00 6098
765 226,54 1,48 1,21 92,00 12.321,00 6098
766 226,54 1,48 1,21 92,00 12.337,00 6098
767 226,54 1,48 1,21 92,00 12.353,00 6098
768 226,54 1,48 1,21 92,00 12.369,00 6098
769 226,54 1,48 1,21 92,00 12.385,00 6098
770 226,54 1,68 1,38 92,00 12.401,00 6098
771 226,54 1,68 1,38 92,00 12.417,00 6098
772 226,54 1,68 1,38 92,00 12.433,00 6098
773 226,54 1,68 1,38 92,00 12.449,00 6098
774 226,54 1,68 1,38 92,00 12.465,00 6098
775 226,54 1,68 1,38 92,00 12.481,00 6098
776 226,54 1,68 1,38 92,00 12.497,00 6098
777 226,54 1,68 1,38 92,00 12.513,00 6098
778 226,54 1,68 1,38 92,00 12.529,00 6098
779 226,54 1,68 1,38 92,00 12.545,00 6098
780 226,54 1,68 1,38 79,00 12.561,00 6098
781 226,54 1,68 1,38 79,00 12.577,00 6102
782 226,54 1,68 1,38 79,00 12.593,00 6107
783 226,54 1,68 1,38 79,00 12.609,00 6110
784 226,54 1,68 1,38 79,00 12.625,00 6111
785 226,54 1,68 1,38 79,00 12.641,00 6111
786 226,54 1,68 1,38 79,00 12.657,00 6111
787 226,54 1,68 1,38 79,00 12.673,00 6111
788 226,54 1,68 1,38 79,00 12.689,00 6111
789 226,54 1,68 1,38 79,00 12.705,00 6111
790 226,54 1,68 1,38 79,00 12.721,00 6111
791 226,54 1,68 1,38 79,00 12.737,00 6111
792 226,54 1,68 1,38 79,00 12.753,00 6111
793 226,54 1,68 1,38 79,00 12.769,00 6111
794 226,54 1,68 1,38 79,00 12.785,00 6111
795 226,54 1,68 1,38 79,00 12.801,00 6111
796 226,54 1,68 1,38 79,00 12.817,00 6111
797 226,54 1,68 1,38 79,00 12.833,00 6111
798 226,54 1,68 1,38 79,00 12.849,00 6111
799 226,54 1,68 1,38 79,00 12.865,00 6111
800 226,54 1,68 1,38 79,00 12.881,00 6111
801 226,54 1,68 1,38 79,00 12.897,00 6111
802 226,54 1,68 1,38 79,00 12.913,00 6111
803 226,54 1,68 1,38 79,00 12.929,00 6111
804 226,54 1,68 1,38 79,00 12.945,00 6111
805 226,54 1,68 1,38 79,00 12.961,00 6111
806 226,54 1,68 1,38 79,00 12.977,00 6111
807 226,54 1,68 1,38 79,00 12.993,00 6111
808 226,54 1,68 1,38 79,00 13.009,00 6111
809 226,54 1,37 1,13 79,00 13.025,00 6111
810 226,54 1,37 1,13 111,00 13.041,00 6111
811 226,54 1,37 1,13 111,00 13.057,00 6120
812 226,54 1,37 1,13 111,00 13.073,00 6122
813 226,54 1,37 1,13 111,00 13.089,00 6123
814 226,54 1,37 1,13 111,00 13.105,00 6123
815 226,54 1,37 1,13 111,00 13.121,00 6123
816 226,54 1,37 1,13 111,00 13.137,00 6123
817 226,54 1,37 1,13 111,00 13.153,00 6123
818 226,54 1,37 1,13 111,00 13.169,00 6123
819 226,54 1,91 1,56 111,00 13.185,00 6123
820 226,54 1,91 1,56 111,00 13.201,00 6123
821 226,54 1,91 1,56 111,00 13.217,00 6123
822 226,54 1,91 1,56 111,00 13.233,00 6123
823 226,54 1,91 1,56 111,00 13.249,00 6123
824 226,54 1,91 1,56 111,00 13.265,00 6123
825 226,54 1,91 1,56 111,00 13.281,00 6123
826 226,54 1,91 1,56 111,00 13.297,00 6123
827 226,54 1,91 1,56 111,00 13.313,00 6123
828 226,54 1,91 1,56 111,00 13.329,00 6123
829 226,54 1,91 1,56 111,00 13.345,00 6123
830 226,54 1,91 1,56 111,00 13.361,00 6123
831 226,54 1,91 1,56 111,00 13.377,00 6123
832 226,54 1,91 1,56 111,00 13.393,00 6123
833 226,54 1,91 1,56 111,00 13.409,00 6123
834 226,54 1,91 1,56 111,00 13.425,00 6123
835 226,54 1,91 1,56 111,00 13.441,00 6123
836 226,54 1,91 1,56 111,00 13.457,00 6123
837 226,54 1,91 1,56 111,00 13.473,00 6123
838 226,54 1,91 1,56 111,00 13.489,00 6123
839 226,54 1,91 1,56 111,00 13.505,00 6123
840 226,54 1,91 1,56 77,00 13.521,00 6123
841 226,54 1,91 1,56 77,00 13.537,00 6130
842 226,54 1,91 1,56 77,00 13.553,00 6130
843 226,54 1,91 1,56 77,00 13.569,00 6130
844 226,54 1,91 1,56 77,00 13.585,00 6130
845 226,54 1,91 1,56 77,00 13.601,00 6130
846 226,54 1,91 1,56 77,00 13.617,00 6130
847 226,54 1,91 1,56 77,00 13.633,00 6130
848 226,54 1,91 1,56 77,00 13.649,00 6130
849 226,54 1,91 1,56 77,00 13.665,00 6130
850 226,54 1,91 1,56 77,00 13.681,00 6130
851 226,54 1,27 1,04 77,00 13.697,00 6130
852 226,54 1,27 1,04 77,00 13.713,00 6130
853 226,54 1,27 1,04 77,00 13.729,00 6130
854 226,54 1,27 1,04 77,00 13.745,00 6130
855 226,54 1,27 1,04 77,00 13.761,00 6130
856 226,54 1,27 1,04 77,00 13.777,00 6130
857 226,54 1,27 1,04 77,00 13.793,00 6130
858 226,54 1,27 1,04 77,00 13.809,00 6130
859 226,54 1,27 1,04 77,00 13.825,00 6130
860 226,54 1,27 1,04 77,00 13.841,00 6130
861 226,54 1,27 1,04 77,00 13.857,00 6130
862 226,54 1,27 1,04 77,00 13.873,00 6130
863 226,54 1,27 1,04 77,00 13.889,00 6130
864 226,54 1,27 1,04 77,00 13.905,00 6130
865 226,54 1,27 1,04 77,00 13.921,00 6130
866 226,54 1,27 1,04 77,00 13.937,00 6130
867 226,54 1,27 1,04 77,00 13.953,00 6130
868 226,54 1,27 1,04 77,00 13.969,00 6130
869 226,54 1,27 1,04 77,00 13.985,00 6130
870 226,54 1,27 1,04 107,00 14.001,00 6130
871 226,54 1,27 1,04 107,00 14.017,00 6139
872 226,54 1,27 1,04 107,00 14.033,00 6142
873 226,54 1,73 1,42 107,00 14.049,00 6144
874 226,54 1,72 1,41 107,00 14.065,00 6144
875 226,54 1,72 1,41 107,00 14.081,00 6152
876 226,54 1,72 1,41 107,00 14.097,00 6155
877 226,54 1,72 1,41 107,00 14.113,00 6156
878 226,54 1,72 1,41 107,00 14.129,00 6156
879 226,54 1,72 1,41 107,00 14.145,00 6156
880 226,54 1,72 1,41 107,00 14.161,00 6156
881 226,54 1,72 1,41 107,00 14.177,00 6156
882 226,54 1,72 1,41 107,00 14.193,00 6156
883 226,54 1,72 1,41 107,00 14.209,00 6156
884 226,54 1,72 1,41 107,00 14.225,00 6156
885 226,54 1,72 1,41 107,00 14.241,00 6156
886 226,54 1,72 1,41 107,00 14.257,00 6156
887 226,54 1,72 1,41 107,00 14.273,00 6156
888 226,54 1,72 1,41 107,00 14.289,00 6156
889 226,54 1,72 1,41 107,00 14.305,00 6156
890 226,54 1,72 1,41 107,00 14.321,00 6156
891 226,54 1,72 1,41 107,00 14.337,00 6156
892 226,54 1,69 1,39 107,00 14.353,00 6156
893 226,54 1,69 1,39 107,00 14.369,00 6156
894 226,54 1,69 1,39 107,00 14.385,00 6156
895 226,54 1,69 1,39 107,00 14.401,00 6156
896 226,54 1,69 1,39 107,00 14.417,00 6156
897 226,54 1,69 1,39 107,00 14.433,00 6156
898 226,54 1,69 1,39 107,00 14.449,00 6156
899 226,54 1,69 1,39 107,00 14.465,00 6156
900 226,54 1,69 1,39 65,00 14.481,00 6156
901 226,54 1,02 0,83 65,00 14.497,00 6161
902 226,54 1,02 0,83 65,00 14.513,00 6162
903 226,54 1,02 0,83 65,00 14.529,00 6163
904 226,54 1,02 0,83 65,00 14.545,00 6163
905 226,54 1,01 0,83 65,00 14.561,00 6164
906 226,54 1,01 0,83 65,00 14.577,00 6165
907 226,54 1,01 0,83 65,00 14.593,00 6165
908 226,54 1,01 0,83 65,00 14.609,00 6165
909 226,54 1,01 0,83 65,00 14.625,00 6165
910 226,54 1,01 0,83 65,00 14.641,00 6165
911 226,54 1,01 0,83 65,00 14.657,00 6165
912 226,54 1,01 0,83 65,00 14.673,00 6165
913 226,54 1,01 0,83 65,00 14.689,00 6165
914 226,54 1,01 0,83 65,00 14.705,00 6165
915 226,54 1,01 0,83 65,00 14.721,00 6165
916 226,54 1,00 0,82 65,00 14.737,00 6165
917 226,54 1,00 0,82 65,00 14.753,00 6165
918 226,54 1,00 0,82 65,00 14.769,00 6165
919 226,54 1,00 0,82 65,00 14.785,00 6165
920 226,54 1,00 0,82 65,00 14.801,00 6165
921 226,54 1,00 0,82 65,00 14.817,00 6165
922 226,54 1,00 0,82 65,00 14.833,00 6165
923 226,54 0,99 0,81 65,00 14.849,00 6165
924 226,54 0,99 0,81 65,00 14.865,00 6165
925 226,54 0,99 0,81 65,00 14.881,00 6165
926 226,54 0,99 0,81 65,00 14.897,00 6165
927 226,54 0,99 0,81 65,00 14.913,00 6165
928 226,54 0,99 0,81 65,00 14.929,00 6165
929 226,54 0,99 0,81 65,00 14.945,00 6165
930 226,54 0,99 0,81 100,00 14.961,00 6165
931 226,54 0,99 0,81 100,00 14.977,00 6173
932 226,54 0,99 0,81 100,00 14.993,00 6176
933 226,54 0,99 0,81 100,00 15.009,00 6176
934 226,54 0,99 0,81 100,00 15.025,00 6176
935 226,54 0,99 0,81 100,00 15.041,00 6176
936 226,54 0,99 0,81 100,00 15.057,00 6177
937 226,54 0,99 0,81 100,00 15.073,00 6177
938 226,54 0,99 0,81 100,00 15.089,00 6177
939 226,54 0,99 0,81 100,00 15.105,00 6177
940 226,54 1,50 1,23 100,00 15.121,00 6177
941 226,54 1,50 1,23 100,00 15.137,00 6177
942 226,54 1,50 1,23 100,00 15.153,00 6177
943 226,54 1,49 1,23 100,00 15.169,00 6177
944 226,54 1,49 1,23 100,00 15.185,00 6177
945 226,54 1,49 1,23 100,00 15.201,00 6177
946 226,54 1,49 1,23 100,00 15.217,00 6177
947 226,54 1,49 1,23 100,00 15.233,00 6177
948 226,54 1,49 1,23 100,00 15.249,00 6177
949 226,54 1,49 1,23 100,00 15.265,00 6177
950 226,54 1,49 1,23 100,00 15.281,00 6177
951 226,54 1,49 1,23 100,00 15.297,00 6177
952 226,54 1,49 1,23 100,00 15.313,00 6177
953 226,54 1,49 1,23 100,00 15.329,00 6177
954 226,54 1,49 1,23 100,00 15.345,00 6177
955 226,54 1,49 1,23 100,00 15.361,00 6177
956 226,54 1,49 1,23 100,00 15.377,00 6177
957 226,54 1,49 1,23 100,00 15.393,00 6177
958 226,54 1,47 1,21 100,00 15.409,00 6177
959 226,54 1,47 1,21 100,00 15.425,00 6177
960 226,54 1,47 1,21 97,00 15.441,00 6177
961 226,54 1,47 1,21 97,00 15.457,00 6179
962 226,54 1,47 1,21 97,00 15.473,00 6180
963 226,54 1,47 1,21 97,00 15.489,00 6180
964 226,54 1,42 1,16 97,00 15.505,00 6180
965 226,54 1,42 1,16 97,00 15.521,00 6181
966 226,54 1,42 1,16 97,00 15.537,00 6181
967 226,54 1,42 1,16 97,00 15.553,00 6181
968 226,54 1,42 1,16 97,00 15.569,00 6181
969 226,54 1,41 1,16 97,00 15.585,00 6181
970 226,54 1,41 1,16 97,00 15.601,00 6181
971 226,54 1,41 1,16 97,00 15.617,00 6181
972 226,54 1,41 1,16 97,00 15.633,00 6181
973 226,54 1,41 1,16 97,00 15.649,00 6181
974 226,54 1,41 1,16 97,00 15.665,00 6181
975 226,54 1,41 1,16 97,00 15.681,00 6181
976 226,54 1,41 1,16 97,00 15.697,00 6181
977 226,54 1,41 1,16 97,00 15.713,00 6181
978 226,54 1,41 1,16 97,00 15.729,00 6181
979 226,54 1,41 1,16 97,00 15.745,00 6181
980 226,54 1,41 1,16 97,00 15.761,00 6181
981 226,54 1,41 1,16 97,00 15.777,00 6181
982 226,54 1,41 1,16 97,00 15.793,00 6181
983 226,54 1,41 1,16 97,00 15.809,00 6181
984 226,54 1,41 1,16 97,00 15.825,00 6181
985 226,54 1,39 1,14 97,00 15.841,00 6181
986 226,54 1,39 1,14 97,00 15.857,00 6181
987 226,54 1,39 1,14 97,00 15.873,00 6181
988 226,54 1,39 1,14 97,00 15.889,00 6181
989 226,54 1,39 1,14 97,00 15.905,00 6181
990 226,54 1,39 1,14 102,00 15.921,00 6181
991 226,54 1,39 1,14 102,00 15.937,00 6187
992 226,54 1,39 1,14 102,00 15.953,00 6189
993 226,54 1,39 1,14 102,00 15.969,00 6189
994 226,54 1,39 1,14 102,00 15.985,00 6189
995 226,54 1,39 1,14 102,00 16.001,00 6189
996 226,54 1,39 1,14 102,00 16.017,00 6189
997 226,54 1,39 1,14 102,00 16.033,00 6189
998 226,54 1,39 1,14 102,00 16.049,00 6189
999 226,54 1,39 1,14 102,00 16.065,00 6189
