1000
0 455,32 455,32 455,32 1,00 29,00 0
1 455,32 455,32 455,32 1,00 48,00 1235
2 455,32 455,32 243,76 1,00 67,00 1774
3 455,32 455,32 253,84 1,00 86,00 1865
4 455,32 455,32 254,75 1,00 105,00 1875
5 455,32 455,32 254,25 1,00 124,00 1879
6 455,32 455,32 254,88 1,00 143,00 1881
7 455,32 455,32 255,22 1,00 162,00 1881
8 455,32 455,32 255,22 1,00 181,00 1881
9 455,32 455,32 255,22 1,00 200,00 1881
10 455,32 455,32 255,22 1,00 219,00 1881
11 455,32 455,32 255,22 1,00 238,00 1881
12 455,32 455,32 255,22 1,00 257,00 1881
13 455,32 455,32 255,22 1,00 276,00 1881
14 455,32 455,32 255,22 1,00 295,00 1881
15 455,32 455,32 255,22 1,00 314,00 1881
16 455,32 455,32 255,22 1,00 333,00 1881
17 455,32 455,32 255,22 1,00 352,00 1881
18 455,32 455,32 255,22 1,00 371,00 1881
19 455,32 455,32 255,22 1,00 390,00 1881
20 455,32 1,11 0,62 1,00 409,00 1881
21 455,32 1,11 0,62 1,00 428,00 1881
22 455,32 1,11 0,62 1,00 447,00 1881
23 455,32 1,11 0,62 1,00 466,00 1881
24 455,32 1,11 0,62 1,00 485,00 1881
25 455,32 1,11 0,62 1,00 504,00 1881
26 455,32 1,11 0,62 1,00 523,00 1881
27 455,32 1,11 0,62 1,00 542,00 1881
28 455,32 1,11 0,62 1,00 561,00 1881
29 455,32 1,11 0,62 1,00 580,00 1881
30 455,32 1,11 0,62 99,00 599,00 1881
31 455,32 75,38 42,25 99,00 617,00 2704
32 455,32 75,38 62,12 99,00 636,00 3431
33 455,32 68,82 46,88 99,00 655,00 3821
34 455,32 68,82 50,18 99,00 674,00 4072
35 455,32 68,82 54,18 99,00 693,00 4286
36 455,32 68,82 50,36 99,00 712,00 4405
37 455,32 68,82 52,51 99,00 731,00 4558
38 455,32 68,82 51,61 99,00 750,00 4625
39 455,32 68,82 50,88 99,00 769,00 4666
40 455,32 68,82 50,11 99,00 788,00 4711
41 455,32 68,82 50,78 99,00 807,00 4762
42 455,32 68,82 50,62 99,00 826,00 4795
43 455,32 68,82 49,33 99,00 845,00 4831
44 455,32 68,82 50,49 99,00 864,00 4863
45 455,32 68,82 50,50 99,00 883,00 4893
46 455,32 68,82 50,51 99,00 902,00 4918
47 455,32 68,82 50,56 99,00 921,00 4938
48 455,32 68,82 50,54 99,00 940,00 4953
49 455,32 68,82 50,55 99,00 959,00 4969
50 455,32 46,09 33,86 99,00 978,00 4978
51 455,32 46,09 33,86 99,00 997,00 4991
52 455,32 46,09 33,86 99,00 1.016,00 5006
53 455,32 46,09 33,86 99,00 1.035,00 5016
54 455,32 46,09 33,86 99,00 1.054,00 5027
55 455,32 46,09 33,86 99,00 1.073,00 5033
56 455,32 41,28 30,33 99,00 1.092,00 5043
57 455,32 40,57 29,81 99,00 1.111,00 5047
58 455,32 39,89 29,31 99,00 1.130,00 5055
59 455,32 39,89 29,31 99,00 1.149,00 5061
60 455,32 39,89 29,31 3,00 1.168,00 5068
61 455,32 39,89 29,31 3,00 1.187,00 5076
62 455,32 39,89 29,31 3,00 1.206,00 5097
63 455,32 39,89 29,31 3,00 1.225,00 5110
64 455,32 39,89 29,31 3,00 1.244,00 5114
65 455,32 39,89 29,31 3,00 1.263,00 5115
66 455,32 39,89 29,30 3,00 1.282,00 5118
67 455,32 39,89 29,31 3,00 1.301,00 5123
68 455,32 39,89 29,31 3,00 1.320,00 5124
69 455,32 39,89 29,31 3,00 1.339,00 5125
70 455,32 39,89 29,31 3,00 1.358,00 5125
71 455,32 39,89 29,31 3,00 1.377,00 5125
72 455,32 39,89 29,31 3,00 1.396,00 5125
73 455,32 39,89 29,31 3,00 1.415,00 5125
74 455,32 39,89 29,31 3,00 1.434,00 5126
75 455,32 39,89 29,31 3,00 1.453,00 5126
76 455,32 39,89 29,31 3,00 1.472,00 5126
77 455,32 39,89 29,31 3,00 1.491,00 5126
78 455,32 39,89 29,31 3,00 1.510,00 5127
79 455,32 39,89 29,31 3,00 1.529,00 5128
80 455,32 39,89 29,31 3,00 1.548,00 5128
81 455,32 39,89 29,31 3,00 1.567,00 5128
82 455,32 39,89 29,31 3,00 1.586,00 5128
83 455,32 39,89 29,31 3,00 1.605,00 5128
84 455,32 39,89 29,31 3,00 1.624,00 5128
85 455,32 39,89 29,31 3,00 1.643,00 5128
86 455,32 39,89 29,31 3,00 1.662,00 5128
87 455,32 0,81 0,60 3,00 1.681,00 5128
88 455,32 0,81 0,60 3,00 1.700,00 5129
89 455,32 0,79 0,58 3,00 1.719,00 5133
90 455,32 0,79 0,58 101,00 1.738,00 5133
91 455,32 0,79 0,58 101,00 1.757,00 5240
92 455,32 0,79 0,58 101,00 1.776,00 5280
93 455,32 0,79 0,58 101,00 1.795,00 5298
94 455,32 25,63 18,83 101,00 1.813,00 5308
95 455,32 25,63 18,83 101,00 1.832,00 5318
96 455,32 25,63 18,83 101,00 1.851,00 5327
97 455,32 25,63 18,83 101,00 1.870,00 5336
98 455,32 25,63 18,83 101,00 1.889,00 5340
99 455,32 25,63 18,83 101,00 1.908,00 5347
100 455,32 25,63 18,83 101,00 1.927,00 5351
101 455,32 25,63 18,83 101,00 1.946,00 5353
102 455,32 25,63 18,83 101,00 1.965,00 5354
103 455,32 25,63 18,83 101,00 1.984,00 5357
104 455,32 25,63 18,83 101,00 2.003,00 5357
105 455,32 25,63 18,83 101,00 2.022,00 5357
106 455,32 25,63 18,83 101,00 2.041,00 5357
107 455,32 22,32 16,40 101,00 2.060,00 5357
108 455,32 22,32 16,40 101,00 2.079,00 5357
109 455,32 21,92 16,10 101,00 2.098,00 5359
110 455,32 21,92 16,10 101,00 2.117,00 5359
111 455,32 21,92 16,10 101,00 2.136,00 5360
112 455,32 21,92 16,10 101,00 2.155,00 5362
113 455,32 21,92 16,10 101,00 2.174,00 5364
114 455,32 21,92 16,10 101,00 2.193,00 5366
115 455,32 21,92 16,10 101,00 2.212,00 5366
116 455,32 21,92 16,10 101,00 2.231,00 5366
117 455,32 21,92 16,10 101,00 2.250,00 5366
118 455,32 21,92 16,10 101,00 2.269,00 5367
119 455,32 21,92 16,10 101,00 2.288,00 5368
120 455,32 21,92 16,10 11,00 2.307,00 5368
121 455,32 2,15 1,58 11,00 2.326,00 5378
122 455,32 2,15 1,58 11,00 2.345,00 5387
123 455,32 2,12 1,56 11,00 2.364,00 5391
124 455,32 2,12 1,56 11,00 2.383,00 5392
125 455,32 2,12 1,56 11,00 2.402,00 5392
126 455,32 2,12 1,56 11,00 2.421,00 5392
127 455,32 2,12 1,56 11,00 2.440,00 5392
128 455,32 2,12 1,56 11,00 2.459,00 5392
129 455,32 2,02 1,48 11,00 2.478,00 5392
130 455,32 2,02 1,48 11,00 2.497,00 5392
131 455,32 2,02 1,48 11,00 2.516,00 5392
132 455,32 2,02 1,48 11,00 2.535,00 5392
133 455,32 2,02 1,48 11,00 2.554,00 5392
134 455,32 2,02 1,48 11,00 2.573,00 5392
135 455,32 2,02 1,48 11,00 2.592,00 5392
136 455,32 2,02 1,48 11,00 2.611,00 5392
137 455,32 2,02 1,48 11,00 2.630,00 5392
138 455,32 2,02 1,48 11,00 2.649,00 5392
139 455,32 2,02 1,48 11,00 2.668,00 5392
140 455,32 2,02 1,48 11,00 2.687,00 5397
141 455,32 2,02 1,48 11,00 2.706,00 5398
142 455,32 2,02 1,48 11,00 2.725,00 5398
143 455,32 1,83 1,34 11,00 2.744,00 5398
144 455,32 1,83 1,34 11,00 2.763,00 5398
145 455,32 1,83 1,34 11,00 2.782,00 5398
146 455,32 1,83 1,34 11,00 2.801,00 5398
147 455,32 1,83 1,34 11,00 2.820,00 5398
148 455,32 1,83 1,34 11,00 2.839,00 5398
149 455,32 1,83 1,34 11,00 2.858,00 5398
150 455,32 1,83 1,34 97,00 2.877,00 5398
151 455,32 15,25 11,20 97,00 2.896,00 5443
152 455,32 15,25 11,20 97,00 2.915,00 5461
153 455,32 15,25 11,20 97,00 2.934,00 5469
154 455,32 15,25 11,20 97,00 2.953,00 5476
155 455,32 14,86 10,92 97,00 2.972,00 5480
156 455,32 14,86 10,92 97,00 2.991,00 5482
157 455,32 14,86 10,92 97,00 3.010,00 5482
158 455,32 14,86 10,92 97,00 3.029,00 5492
159 455,32 14,86 10,92 97,00 3.048,00 5501
160 455,32 14,40 10,58 97,00 3.067,00 5510
161 455,32 14,31 10,51 97,00 3.086,00 5520
162 455,32 14,31 10,52 97,00 3.105,00 5532
163 455,32 14,31 10,52 97,00 3.124,00 5544
164 455,32 14,31 10,52 97,00 3.143,00 5553
165 455,32 14,31 10,52 97,00 3.162,00 5560
166 455,32 14,31 10,52 97,00 3.181,00 5566
167 455,32 14,31 10,52 97,00 3.200,00 5570
168 455,32 14,31 10,52 97,00 3.219,00 5573
169 455,32 14,31 10,52 97,00 3.238,00 5575
170 455,32 14,31 10,52 97,00 3.257,00 5576
171 455,32 13,48 9,91 97,00 3.276,00 5577
172 455,32 13,48 9,91 97,00 3.295,00 5578
173 455,32 13,48 9,91 97,00 3.314,00 5579
174 455,32 13,48 9,91 97,00 3.333,00 5580
175 455,32 13,18 9,68 97,00 3.352,00 5582
176 455,32 13,18 9,68 97,00 3.371,00 5583
177 455,32 13,18 9,68 97,00 3.390,00 5584
178 455,32 13,18 9,68 97,00 3.409,00 5587
179 455,32 13,18 9,68 97,00 3.428,00 5589
180 455,32 13,18 9,68 17,00 3.447,00 5591
181 455,32 13,18 9,68 17,00 3.466,00 5600
182 455,32 13,18 9,68 17,00 3.485,00 5601
183 455,32 13,18 9,68 17,00 3.504,00 5602
184 455,32 13,18 9,68 17,00 3.523,00 5602
185 455,32 13,18 9,68 17,00 3.542,00 5602
186 455,32 13,18 9,68 17,00 3.561,00 5602
187 455,32 13,18 9,68 17,00 3.580,00 5602
188 455,32 13,18 9,68 17,00 3.599,00 5602
189 455,32 13,18 9,68 17,00 3.618,00 5602
190 455,32 13,18 9,68 17,00 3.637,00 5602
191 455,32 13,18 9,68 17,00 3.656,00 5604
192 455,32 13,18 9,68 17,00 3.675,00 5606
193 455,32 13,18 9,68 17,00 3.694,00 5607
194 455,32 13,18 9,68 17,00 3.713,00 5611
195 455,32 2,07 1,52 17,00 3.732,00 5613
196 455,32 2,07 1,52 17,00 3.751,00 5613
197 455,32 2,07 1,52 17,00 3.770,00 5613
198 455,32 2,07 1,52 17,00 3.789,00 5613
199 455,32 2,07 1,52 17,00 3.808,00 5613
200 455,32 2,07 1,52 17,00 3.827,00 5613
201 455,32 2,07 1,52 17,00 3.846,00 5613
202 455,32 2,07 1,52 17,00 3.865,00 5613
203 455,32 2,07 1,52 17,00 3.884,00 5613
204 455,32 2,07 1,52 17,00 3.903,00 5613
205 455,32 2,07 1,52 17,00 3.922,00 5613
206 455,32 2,07 1,52 17,00 3.941,00 5613
207 455,32 2,07 1,52 17,00 3.960,00 5613
208 455,32 2,07 1,52 17,00 3.979,00 5614
209 455,32 2,07 1,52 17,00 3.998,00 5616
210 455,32 2,07 1,52 78,00 4.017,00 5616
211 455,32 2,07 1,52 78,00 4.036,00 5655
212 455,32 2,07 1,52 78,00 4.055,00 5665
213 455,32 2,07 1,52 78,00 4.074,00 5671
214 455,32 8,68 6,37 78,00 4.093,00 5671
215 455,32 8,68 6,37 78,00 4.112,00 5671
216 455,32 8,68 6,37 78,00 4.131,00 5671
217 455,32 8,68 6,37 78,00 4.150,00 5671
218 455,32 8,68 6,37 78,00 4.169,00 5671
219 455,32 8,68 6,37 78,00 4.188,00 5671
220 455,32 8,68 6,37 78,00 4.207,00 5671
221 455,32 8,68 6,37 78,00 4.226,00 5671
222 455,32 8,68 6,37 78,00 4.245,00 5671
223 455,32 8,68 6,37 78,00 4.264,00 5671
224 455,32 8,68 6,37 78,00 4.283,00 5671
225 455,32 8,68 6,37 78,00 4.302,00 5671
226 455,32 8,68 6,37 78,00 4.321,00 5671
227 455,32 8,68 6,37 78,00 4.340,00 5671
228 455,32 8,68 6,37 78,00 4.359,00 5671
229 455,32 8,68 6,37 78,00 4.378,00 5671
230 455,32 8,68 6,37 78,00 4.397,00 5671
231 455,32 8,68 6,37 78,00 4.416,00 5671
232 455,32 8,68 6,37 78,00 4.435,00 5671
233 455,32 8,68 6,37 78,00 4.454,00 5671
234 455,32 8,68 6,37 78,00 4.473,00 5671
235 455,32 8,68 6,37 78,00 4.492,00 5671
236 455,32 8,68 6,37 78,00 4.511,00 5671
237 455,32 8,68 6,37 78,00 4.530,00 5671
238 455,32 8,68 6,37 78,00 4.549,00 5671
239 455,32 8,68 6,37 78,00 4.568,00 5671
240 455,32 8,68 6,37 16,00 4.587,00 5671
241 455,32 1,58 1,16 16,00 4.606,00 5686
242 455,32 1,58 1,16 16,00 4.625,00 5686
243 455,32 1,58 1,16 16,00 4.644,00 5687
244 455,32 1,58 1,16 16,00 4.663,00 5688
245 455,32 1,58 1,16 16,00 4.682,00 5688
246 455,32 1,58 1,16 16,00 4.701,00 5688
247 455,32 1,58 1,16 16,00 4.720,00 5688
248 455,32 1,58 1,16 16,00 4.739,00 5688
249 455,32 1,58 1,16 16,00 4.758,00 5691
250 455,32 1,53 1,12 16,00 4.777,00 5693
251 455,32 1,53 1,12 16,00 4.796,00 5693
252 455,32 1,53 1,12 16,00 4.815,00 5693
253 455,32 1,53 1,12 16,00 4.834,00 5694
254 455,32 1,53 1,12 16,00 4.853,00 5694
255 455,32 1,53 1,12 16,00 4.872,00 5694
256 455,32 1,49 1,09 16,00 4.891,00 5694
257 455,32 1,49 1,09 16,00 4.910,00 5694
258 455,32 1,49 1,09 16,00 4.929,00 5694
259 455,32 1,49 1,09 16,00 4.948,00 5694
260 455,32 1,49 1,09 16,00 4.967,00 5694
261 455,32 1,49 1,09 16,00 4.986,00 5694
262 455,32 1,49 1,09 16,00 5.005,00 5694
263 455,32 1,49 1,09 16,00 5.024,00 5694
264 455,32 1,49 1,09 16,00 5.043,00 5694
265 455,32 1,49 1,09 16,00 5.062,00 5694
266 455,32 1,49 1,09 16,00 5.081,00 5694
267 455,32 1,49 1,09 16,00 5.100,00 5694
268 455,32 1,49 1,09 16,00 5.119,00 5694
269 455,32 1,49 1,09 16,00 5.138,00 5694
270 455,32 1,49 1,09 92,00 5.157,00 5694
271 455,32 1,49 1,09 92,00 5.176,00 5724
272 455,32 1,49 1,09 92,00 5.195,00 5736
273 455,32 1,49 1,09 92,00 5.214,00 5742
274 455,32 8,00 5,88 92,00 5.233,00 5742
275 455,32 8,00 5,88 92,00 5.252,00 5742
276 455,32 8,00 5,88 92,00 5.271,00 5742
277 455,32 8,00 5,88 92,00 5.290,00 5742
278 455,32 8,00 5,88 92,00 5.309,00 5742
279 455,32 8,00 5,88 92,00 5.328,00 5742
280 455,32 8,00 5,88 92,00 5.347,00 5742
281 455,32 8,00 5,88 92,00 5.366,00 5742
282 455,32 8,00 5,88 92,00 5.385,00 5742
283 455,32 8,00 5,88 92,00 5.404,00 5742
284 455,32 8,00 5,88 92,00 5.423,00 5742
285 455,32 8,00 5,88 92,00 5.442,00 5742
286 455,32 8,00 5,88 92,00 5.461,00 5742
287 455,32 8,00 5,88 92,00 5.480,00 5742
288 455,32 8,00 5,88 92,00 5.499,00 5742
289 455,32 8,00 5,88 92,00 5.518,00 5742
290 455,32 8,00 5,88 92,00 5.537,00 5742
291 455,32 8,00 5,88 92,00 5.556,00 5742
292 455,32 8,00 5,88 92,00 5.575,00 5742
293 455,32 8,00 5,88 92,00 5.594,00 5742
294 455,32 8,00 5,88 92,00 5.613,00 5742
295 455,32 8,00 5,88 92,00 5.632,00 5742
296 455,32 8,00 5,88 92,00 5.651,00 5742
297 455,32 8,00 5,88 92,00 5.670,00 5742
298 455,32 8,00 5,88 92,00 5.689,00 5742
299 455,32 8,00 5,88 92,00 5.708,00 5742
300 455,32 8,00 5,88 25,00 5.727,00 5742
301 455,32 8,00 5,88 25,00 5.746,00 5752
302 455,32 8,00 5,88 25,00 5.765,00 5752
303 455,32 8,00 5,88 25,00 5.784,00 5752
304 455,32 8,00 5,88 25,00 5.803,00 5752
305 455,32 8,00 5,88 25,00 5.822,00 5752
306 455,32 8,00 5,88 25,00 5.841,00 5762
307 455,32 8,00 5,88 25,00 5.860,00 5773
308 455,32 1,94 1,42 25,00 5.879,00 5778
309 455,32 1,94 1,42 25,00 5.898,00 5780
310 455,32 1,94 1,42 25,00 5.917,00 5780
311 455,32 1,94 1,42 25,00 5.936,00 5780
312 455,32 1,94 1,42 25,00 5.955,00 5780
313 455,32 1,94 1,42 25,00 5.974,00 5782
314 455,32 1,94 1,42 25,00 5.993,00 5783
315 455,32 1,94 1,42 25,00 6.012,00 5783
316 455,32 1,94 1,42 25,00 6.031,00 5783
317 455,32 1,94 1,42 25,00 6.050,00 5783
318 455,32 1,94 1,42 25,00 6.069,00 5783
319 455,32 1,94 1,42 25,00 6.088,00 5783
320 455,32 1,94 1,42 25,00 6.107,00 5783
321 455,32 1,94 1,42 25,00 6.126,00 5783
322 455,32 1,94 1,42 25,00 6.145,00 5783
323 455,32 1,94 1,42 25,00 6.164,00 5783
324 455,32 1,94 1,42 25,00 6.183,00 5783
325 455,32 1,94 1,42 25,00 6.202,00 5783
326 455,32 1,94 1,42 25,00 6.221,00 5783
327 455,32 1,94 1,42 25,00 6.240,00 5783
328 455,32 1,94 1,42 25,00 6.259,00 5783
329 455,32 1,94 1,42 25,00 6.278,00 5783
330 455,32 1,94 1,42 83,00 6.297,00 5783
331 455,32 1,94 1,42 83,00 6.316,00 5809
332 455,32 1,94 1,42 83,00 6.335,00 5815
333 455,32 1,94 1,42 83,00 6.354,00 5818
334 455,32 1,94 1,42 83,00 6.373,00 5819
335 455,32 5,91 4,34 83,00 6.392,00 5820
336 455,32 5,91 4,34 83,00 6.411,00 5820
337 455,32 5,91 4,34 83,00 6.430,00 5820
338 455,32 5,91 4,34 83,00 6.449,00 5820
339 455,32 5,91 4,34 83,00 6.468,00 5820
340 455,32 5,91 4,34 83,00 6.487,00 5820
341 455,32 5,91 4,34 83,00 6.506,00 5820
342 455,32 5,91 4,34 83,00 6.525,00 5820
343 455,32 5,77 4,24 83,00 6.544,00 5820
344 455,32 5,77 4,24 83,00 6.563,00 5820
345 455,32 5,77 4,24 83,00 6.582,00 5820
346 455,32 5,77 4,24 83,00 6.601,00 5820
347 455,32 5,77 4,24 83,00 6.620,00 5820
348 455,32 5,77 4,24 83,00 6.639,00 5820
349 455,32 5,77 4,24 83,00 6.658,00 5820
350 455,32 5,77 4,24 83,00 6.677,00 5820
351 455,32 5,77 4,24 83,00 6.696,00 5820
352 455,32 5,77 4,24 83,00 6.715,00 5820
353 455,32 5,61 4,12 83,00 6.734,00 5820
354 455,32 5,61 4,12 83,00 6.753,00 5820
355 455,32 5,58 4,10 83,00 6.772,00 5820
356 455,32 5,58 4,10 83,00 6.791,00 5820
357 455,32 5,55 4,08 83,00 6.810,00 5820
358 455,32 5,55 4,08 83,00 6.829,00 5820
359 455,32 5,55 4,08 83,00 6.848,00 5820
360 455,32 5,55 4,08 21,00 6.867,00 5820
361 455,32 5,55 4,08 21,00 6.886,00 5827
362 455,32 5,55 4,08 21,00 6.905,00 5827
363 455,32 5,55 4,08 21,00 6.924,00 5827
364 455,32 5,55 4,08 21,00 6.943,00 5827
365 455,32 5,55 4,08 21,00 6.962,00 5827
366 455,32 5,55 4,08 21,00 6.981,00 5827
367 455,32 5,55 4,08 21,00 7.000,00 5827
368 455,32 5,55 4,08 21,00 7.019,00 5827
369 455,32 5,55 4,08 21,00 7.038,00 5827
370 455,32 5,55 4,08 21,00 7.057,00 5827
371 455,32 5,55 4,08 21,00 7.076,00 5827
372 455,32 5,55 4,08 21,00 7.095,00 5827
373 455,32 5,55 4,08 21,00 7.114,00 5827
374 455,32 5,55 4,08 21,00 7.133,00 5827
375 455,32 5,55 4,08 21,00 7.152,00 5827
376 455,32 5,55 4,08 21,00 7.171,00 5827
377 455,32 5,55 4,08 21,00 7.190,00 5827
378 455,32 5,55 4,08 21,00 7.209,00 5827
379 455,32 5,55 4,08 21,00 7.228,00 5827
380 455,32 5,55 4,08 21,00 7.247,00 5827
381 455,32 5,55 4,08 21,00 7.266,00 5827
382 455,32 5,55 4,08 21,00 7.285,00 5827
383 455,32 5,55 4,08 21,00 7.304,00 5833
384 455,32 5,55 4,08 21,00 7.323,00 5833
385 455,32 5,55 4,08 21,00 7.342,00 5833
386 455,32 5,55 4,08 21,00 7.361,00 5833
387 455,32 5,55 4,08 21,00 7.380,00 5833
388 455,32 5,55 4,08 21,00 7.399,00 5833
389 455,32 5,55 4,08 21,00 7.418,00 5833
390 455,32 5,55 4,08 1,00 7.437,00 5833
391 455,32 5,55 4,08 1,00 7.456,00 5854
392 455,32 5,55 4,08 1,00 7.475,00 5858
393 455,32 5,55 4,08 1,00 7.494,00 5861
394 455,32 5,55 4,08 1,00 7.513,00 5861
395 455,32 5,55 4,08 1,00 7.532,00 5861
396 455,32 5,55 4,08 1,00 7.551,00 5861
397 455,32 5,55 4,08 1,00 7.570,00 5861
398 455,32 5,55 4,08 1,00 7.589,00 5861
399 455,32 5,55 4,08 1,00 7.608,00 5861
400 455,32 0,06 0,04 1,00 7.627,00 5861
401 455,32 0,06 0,04 1,00 7.642,00 5865
402 455,32 0,06 0,04 1,00 7.661,00 5866
403 455,32 0,06 0,04 1,00 7.680,00 5866
404 455,32 0,06 0,04 1,00 7.699,00 5866
405 455,32 0,06 0,04 1,00 7.718,00 5866
406 455,32 0,06 0,04 1,00 7.737,00 5866
407 455,32 0,06 0,04 1,00 7.756,00 5866
408 455,32 0,06 0,04 1,00 7.775,00 5866
409 455,32 0,06 0,04 1,00 7.794,00 5866
410 455,32 0,06 0,04 1,00 7.813,00 5866
411 455,32 0,06 0,04 1,00 7.832,00 5866
412 455,32 0,06 0,04 1,00 7.851,00 5866
413 455,32 0,06 0,04 1,00 7.870,00 5866
414 455,32 0,06 0,04 1,00 7.889,00 5866
415 455,32 0,06 0,04 1,00 7.908,00 5866
416 455,32 0,06 0,04 1,00 7.927,00 5866
417 455,32 0,06 0,04 1,00 7.946,00 5866
418 455,32 0,06 0,04 1,00 7.965,00 5866
419 455,32 0,06 0,04 1,00 7.984,00 5866
420 455,32 0,06 0,04 99,00 8.003,00 5866
421 455,32 5,63 4,14 99,00 8.021,00 5875
422 455,32 5,63 4,14 99,00 8.040,00 5878
423 455,32 5,63 4,14 99,00 8.059,00 5879
424 455,32 5,63 4,14 99,00 8.078,00 5879
425 455,32 5,63 4,14 99,00 8.097,00 5879
426 455,32 5,63 4,14 99,00 8.116,00 5879
427 455,32 5,63 4,14 99,00 8.135,00 5879
428 455,32 5,63 4,14 99,00 8.154,00 5880
429 455,32 5,63 4,14 99,00 8.173,00 5880
430 455,32 5,63 4,14 99,00 8.192,00 5880
431 455,32 5,63 4,14 99,00 8.211,00 5880
432 455,32 5,63 4,14 99,00 8.230,00 5880
433 455,32 5,63 4,14 99,00 8.249,00 5880
434 455,32 5,45 4,01 99,00 8.268,00 5880
435 455,32 5,44 4,00 99,00 8.287,00 5880
436 455,32 5,44 4,00 99,00 8.306,00 5880
437 455,32 5,44 4,00 99,00 8.325,00 5880
438 455,32 5,44 4,00 99,00 8.344,00 5880
439 455,32 5,44 4,00 99,00 8.363,00 5880
440 455,32 5,44 4,00 99,00 8.382,00 5880
441 455,32 5,44 4,00 99,00 8.401,00 5880
442 455,32 5,35 3,93 99,00 8.420,00 5880
443 455,32 5,35 3,93 99,00 8.439,00 5880
444 455,32 5,35 3,93 99,00 8.458,00 5880
445 455,32 5,32 3,91 99,00 8.477,00 5880
446 455,32 5,32 3,91 99,00 8.496,00 5880
447 455,32 5,32 3,91 99,00 8.515,00 5880
448 455,32 5,32 3,91 99,00 8.534,00 5880
449 455,32 5,32 3,91 99,00 8.553,00 5880
450 455,32 5,32 3,91 36,00 8.572,00 5880
451 455,32 5,32 3,91 36,00 8.591,00 5901
452 455,32 5,32 3,91 36,00 8.610,00 5908
453 455,32 5,32 3,91 36,00 8.629,00 5908
454 455,32 5,32 3,91 36,00 8.648,00 5908
455 455,32 5,32 3,91 36,00 8.667,00 5908
456 455,32 5,32 3,91 36,00 8.686,00 5909
457 455,32 5,32 3,91 36,00 8.705,00 5909
458 455,32 5,32 3,91 36,00 8.724,00 5909
459 455,32 1,87 1,38 36,00 8.743,00 5909
460 455,32 1,87 1,38 36,00 8.762,00 5909
461 455,32 1,87 1,38 36,00 8.781,00 5909
462 455,32 1,87 1,38 36,00 8.800,00 5909
463 455,32 1,87 1,38 36,00 8.819,00 5909
464 455,32 1,87 1,38 36,00 8.838,00 5909
465 455,32 1,87 1,38 36,00 8.857,00 5909
466 455,32 1,87 1,38 36,00 8.876,00 5909
467 455,32 1,87 1,38 36,00 8.895,00 5909
468 455,32 1,87 1,38 36,00 8.914,00 5909
469 455,32 1,87 1,38 36,00 8.933,00 5909
470 455,32 1,87 1,38 36,00 8.952,00 5909
471 455,32 1,87 1,38 36,00 8.971,00 5909
472 455,32 1,87 1,38 36,00 8.990,00 5909
473 455,32 1,87 1,38 36,00 9.009,00 5909
474 455,32 1,87 1,38 36,00 9.028,00 5909
475 455,32 1,87 1,38 36,00 9.047,00 5909
476 455,32 1,87 1,38 36,00 9.066,00 5909
477 455,32 1,80 1,33 36,00 9.085,00 5909
478 455,32 1,80 1,33 36,00 9.104,00 5909
479 455,32 1,80 1,33 36,00 9.123,00 5909
480 455,32 1,80 1,33 90,00 9.142,00 5909
481 455,32 1,80 1,33 90,00 9.161,00 5915
482 455,32 1,80 1,33 90,00 9.180,00 5916
483 455,32 1,80 1,33 90,00 9.199,00 5916
484 455,32 1,80 1,33 90,00 9.218,00 5916
485 455,32 1,80 1,33 90,00 9.237,00 5916
486 455,32 1,80 1,33 90,00 9.256,00 5916
487 455,32 1,80 1,33 90,00 9.275,00 5916
488 455,32 1,80 1,33 90,00 9.294,00 5916
489 455,32 1,80 1,33 90,00 9.313,00 5916
490 455,32 1,80 1,33 90,00 9.332,00 5916
491 455,32 1,80 1,33 90,00 9.351,00 5916
492 455,32 1,80 1,33 90,00 9.370,00 5916
493 455,32 1,80 1,33 90,00 9.389,00 5916
494 455,32 1,80 1,33 90,00 9.408,00 5916
495 455,32 1,80 1,33 90,00 9.427,00 5916
496 455,32 1,80 1,33 90,00 9.446,00 5916
497 455,32 1,80 1,33 90,00 9.465,00 5916
498 455,32 1,80 1,33 90,00 9.484,00 5916
499 455,32 1,80 1,33 90,00 9.503,00 5916
500 455,32 1,80 1,33 90,00 9.522,00 5916
501 455,32 1,80 1,33 90,00 9.541,00 5916
502 455,32 1,80 1,33 90,00 9.560,00 5916
503 455,32 1,80 1,33 90,00 9.579,00 5916
504 455,32 1,80 1,33 90,00 9.598,00 5916
505 455,32 1,80 1,33 90,00 9.617,00 5919
506 455,32 1,80 1,33 90,00 9.636,00 5919
507 455,32 1,80 1,33 90,00 9.655,00 5919
508 455,32 1,80 1,33 90,00 9.674,00 5919
509 455,32 1,80 1,33 90,00 9.693,00 5919
510 455,32 1,80 1,33 144,00 9.712,00 5919
511 455,32 1,80 1,33 144,00 9.731,00 5935
512 455,32 1,80 1,33 144,00 9.750,00 5937
513 455,32 1,80 1,33 144,00 9.769,00 5938
514 455,32 1,80 1,33 144,00 9.788,00 5938
515 455,32 1,80 1,33 144,00 9.807,00 5938
516 455,32 1,80 1,33 144,00 9.826,00 5938
517 455,32 1,80 1,33 144,00 9.845,00 5938
518 455,32 1,80 1,33 144,00 9.864,00 5938
519 455,32 1,80 1,33 144,00 9.883,00 5938
520 455,32 6,62 4,86 144,00 9.902,00 5938
521 455,32 6,62 4,86 144,00 9.921,00 5938
522 455,32 6,62 4,86 144,00 9.940,00 5938
523 455,32 6,62 4,86 144,00 9.959,00 5938
524 455,32 6,62 4,86 144,00 9.978,00 5938
525 455,32 6,62 4,86 144,00 9.997,00 5938
526 455,32 6,62 4,86 144,00 10.016,00 5938
527 455,32 6,62 4,86 144,00 10.035,00 5938
528 455,32 6,62 4,86 144,00 10.054,00 5938
529 455,32 6,62 4,86 144,00 10.073,00 5938
530 455,32 6,62 4,86 144,00 10.092,00 5938
531 455,32 6,62 4,86 144,00 10.111,00 5938
532 455,32 6,62 4,86 144,00 10.130,00 5938
533 455,32 6,62 4,86 144,00 10.149,00 5938
534 455,32 6,62 4,86 144,00 10.168,00 5938
535 455,32 6,62 4,86 144,00 10.187,00 5938
536 455,32 6,62 4,86 144,00 10.206,00 5938
537 455,32 6,62 4,86 144,00 10.225,00 5938
538 455,32 6,40 4,70 144,00 10.244,00 5938
539 455,32 6,40 4,70 144,00 10.263,00 5938
540 455,32 6,40 4,70 60,00 10.282,00 5938
541 455,32 2,65 1,95 60,00 10.301,00 5942
542 455,32 2,65 1,95 60,00 10.320,00 5944
543 455,32 2,65 1,95 60,00 10.339,00 5946
544 455,32 2,65 1,95 60,00 10.358,00 5947
545 455,32 2,65 1,95 60,00 10.377,00 5958
546 455,32 2,65 1,95 60,00 10.396,00 5965
547 455,32 2,62 1,93 60,00 10.415,00 5965
548 455,32 2,62 1,92 60,00 10.434,00 5965
549 455,32 2,62 1,92 60,00 10.453,00 5965
550 455,32 2,61 1,92 60,00 10.472,00 5965
551 455,32 2,61 1,92 60,00 10.491,00 5965
552 455,32 2,61 1,92 60,00 10.510,00 5965
553 455,32 2,61 1,92 60,00 10.529,00 5965
554 455,32 2,61 1,92 60,00 10.548,00 5965
555 455,32 2,61 1,92 60,00 10.567,00 5965
556 455,32 2,61 1,92 60,00 10.586,00 5965
557 455,32 2,61 1,92 60,00 10.605,00 5965
558 455,32 2,61 1,92 60,00 10.624,00 5965
559 455,32 2,61 1,92 60,00 10.643,00 5969
560 455,32 2,61 1,92 60,00 10.662,00 5969
561 455,32 2,61 1,92 60,00 10.681,00 5969
562 455,32 2,61 1,92 60,00 10.700,00 5969
563 455,32 2,61 1,92 60,00 10.719,00 5969
564 455,32 2,61 1,92 60,00 10.738,00 5969
565 455,32 2,54 1,87 60,00 10.757,00 5969
566 455,32 2,54 1,87 60,00 10.776,00 5969
567 455,32 2,54 1,87 60,00 10.795,00 5969
568 455,32 2,54 1,87 60,00 10.814,00 5969
569 455,32 2,54 1,87 60,00 10.833,00 5969
570 455,32 2,54 1,87 68,00 10.852,00 5969
571 455,32 2,54 1,87 68,00 10.871,00 5988
572 455,32 2,54 1,87 68,00 10.890,00 5994
573 455,32 2,54 1,87 68,00 10.909,00 5999
574 455,32 2,54 1,87 68,00 10.928,00 6004
575 455,32 2,54 1,87 68,00 10.947,00 6007
576 455,32 2,54 1,87 68,00 10.966,00 6009
577 455,32 2,54 1,87 68,00 10.985,00 6010
578 455,32 2,54 1,87 68,00 11.004,00 6010
579 455,32 2,54 1,87 68,00 11.023,00 6010
580 455,32 2,54 1,87 68,00 11.042,00 6010
581 455,32 2,54 1,87 68,00 11.061,00 6010
582 455,32 2,54 1,87 68,00 11.080,00 6010
583 455,32 2,79 2,05 68,00 11.099,00 6010
584 455,32 2,79 2,05 68,00 11.118,00 6010
585 455,32 2,79 2,05 68,00 11.137,00 6010
586 455,32 2,79 2,05 68,00 11.156,00 6010
587 455,32 2,79 2,05 68,00 11.175,00 6010
588 455,32 2,79 2,05 68,00 11.194,00 6010
589 455,32 2,79 2,05 68,00 11.213,00 6010
590 455,32 2,79 2,05 68,00 11.232,00 6010
591 455,32 2,79 2,05 68,00 11.251,00 6010
592 455,32 2,79 2,05 68,00 11.270,00 6010
593 455,32 2,79 2,05 68,00 11.289,00 6010
594 455,32 2,79 2,05 68,00 11.308,00 6010
595 455,32 2,79 2,05 68,00 11.327,00 6010
596 455,32 2,79 2,05 68,00 11.346,00 6010
597 455,32 2,79 2,05 68,00 11.365,00 6010
598 455,32 2,79 2,05 68,00 11.384,00 6010
599 455,32 2,79 2,05 68,00 11.403,00 6010
600 455,32 2,79 2,05 52,00 11.422,00 6010
601 455,32 2,79 2,05 52,00 11.441,00 6019
602 455,32 2,79 2,05 52,00 11.460,00 6021
603 455,32 2,79 2,05 52,00 11.479,00 6022
604 455,32 2,79 2,05 52,00 11.498,00 6022
605 455,32 2,79 2,05 52,00 11.517,00 6022
606 455,32 2,79 2,05 52,00 11.536,00 6022
607 455,32 2,79 2,05 52,00 11.555,00 6022
608 455,32 2,79 2,05 52,00 11.574,00 6023
609 455,32 2,79 2,05 52,00 11.593,00 6023
610 455,32 2,79 2,05 52,00 11.612,00 6023
611 455,32 2,79 2,05 52,00 11.631,00 6023
612 455,32 2,79 2,05 52,00 11.650,00 6023
613 455,32 2,79 2,05 52,00 11.669,00 6023
614 455,32 2,79 2,05 52,00 11.688,00 6023
615 455,32 2,79 2,05 52,00 11.707,00 6023
616 455,32 2,79 2,05 52,00 11.726,00 6023
617 455,32 2,79 2,05 52,00 11.745,00 6023
618 455,32 2,79 2,05 52,00 11.764,00 6023
619 455,32 2,79 2,05 52,00 11.783,00 6023
620 455,32 2,79 2,05 52,00 11.802,00 6023
621 455,32 2,79 2,05 52,00 11.821,00 6023
622 455,32 2,79 2,05 52,00 11.840,00 6023
623 455,32 2,79 2,05 52,00 11.859,00 6023
624 455,32 1,99 1,46 52,00 11.878,00 6023
625 455,32 1,99 1,46 52,00 11.897,00 6023
626 455,32 1,99 1,46 52,00 11.916,00 6023
627 455,32 1,99 1,46 52,00 11.935,00 6023
628 455,32 1,98 1,46 52,00 11.954,00 6023
629 455,32 1,98 1,46 52,00 11.973,00 6023
630 455,32 1,98 1,46 90,00 11.992,00 6023
631 455,32 1,98 1,46 90,00 12.011,00 6039
632 455,32 1,98 1,46 90,00 12.030,00 6043
633 455,32 1,98 1,46 90,00 12.049,00 6043
634 455,32 1,98 1,46 90,00 12.068,00 6043
635 455,32 1,98 1,46 90,00 12.087,00 6043
636 455,32 1,98 1,46 90,00 12.106,00 6043
637 455,32 1,98 1,46 90,00 12.125,00 6043
638 455,32 1,98 1,46 90,00 12.144,00 6043
639 455,32 1,98 1,46 90,00 12.163,00 6043
640 455,32 1,98 1,46 90,00 12.182,00 6043
641 455,32 3,36 2,47 90,00 12.201,00 6043
642 455,32 3,36 2,47 90,00 12.220,00 6043
643 455,32 3,36 2,47 90,00 12.239,00 6043
644 455,32 3,36 2,47 90,00 12.258,00 6043
645 455,32 3,36 2,47 90,00 12.277,00 6043
646 455,32 3,36 2,47 90,00 12.296,00 6043
647 455,32 3,36 2,47 90,00 12.315,00 6043
648 455,32 3,36 2,47 90,00 12.334,00 6043
649 455,32 3,36 2,47 90,00 12.353,00 6043
650 455,32 3,36 2,47 90,00 12.372,00 6043
651 455,32 3,36 2,47 90,00 12.391,00 6043
652 455,32 3,36 2,47 90,00 12.410,00 6043
653 455,32 3,36 2,47 90,00 12.429,00 6043
654 455,32 3,36 2,47 90,00 12.448,00 6043
655 455,32 3,36 2,47 90,00 12.467,00 6043
656 455,32 3,36 2,47 90,00 12.486,00 6043
657 455,32 3,36 2,47 90,00 12.505,00 6043
658 455,32 3,36 2,47 90,00 12.524,00 6043
659 455,32 3,36 2,47 90,00 12.543,00 6043
660 455,32 3,36 2,47 49,00 12.562,00 6043
661 455,32 3,36 2,47 49,00 12.581,00 6047
662 455,32 3,36 2,47 49,00 12.600,00 6047
663 455,32 3,36 2,47 49,00 12.619,00 6047
664 455,32 3,36 2,47 49,00 12.638,00 6047
665 455,32 1,76 1,30 49,00 12.657,00 6047
666 455,32 1,76 1,30 49,00 12.676,00 6047
667 455,32 1,76 1,30 49,00 12.695,00 6047
668 455,32 1,75 1,29 49,00 12.714,00 6048
669 455,32 1,75 1,29 49,00 12.733,00 6048
670 455,32 1,75 1,29 49,00 12.752,00 6048
671 455,32 1,75 1,29 49,00 12.771,00 6048
672 455,32 1,75 1,29 49,00 12.790,00 6048
673 455,32 1,75 1,29 49,00 12.809,00 6048
674 455,32 1,74 1,28 49,00 12.828,00 6048
675 455,32 1,74 1,28 49,00 12.847,00 6048
676 455,32 1,74 1,28 49,00 12.866,00 6048
677 455,32 1,74 1,28 49,00 12.885,00 6048
678 455,32 1,74 1,28 49,00 12.904,00 6048
679 455,32 1,74 1,28 49,00 12.923,00 6048
680 455,32 1,74 1,28 49,00 12.942,00 6048
681 455,32 1,74 1,28 49,00 12.961,00 6048
682 455,32 1,74 1,28 49,00 12.980,00 6048
683 455,32 1,72 1,26 49,00 12.999,00 6048
684 455,32 1,72 1,26 49,00 13.018,00 6048
685 455,32 1,72 1,26 49,00 13.037,00 6048
686 455,32 1,72 1,26 49,00 13.056,00 6048
687 455,32 1,72 1,26 49,00 13.075,00 6048
688 455,32 1,72 1,26 49,00 13.094,00 6048
689 455,32 1,72 1,26 49,00 13.113,00 6048
690 455,32 1,72 1,26 97,00 13.132,00 6048
691 455,32 1,72 1,26 97,00 13.151,00 6060
692 455,32 1,72 1,26 97,00 13.170,00 6063
693 455,32 1,72 1,26 97,00 13.189,00 6066
694 455,32 1,72 1,26 97,00 13.208,00 6067
695 455,32 3,34 2,45 97,00 13.227,00 6068
696 455,32 3,34 2,45 97,00 13.246,00 6070
697 455,32 3,34 2,45 97,00 13.265,00 6070
698 455,32 3,34 2,45 97,00 13.284,00 6070
699 455,32 3,34 2,45 97,00 13.303,00 6070
700 455,32 3,32 2,44 97,00 13.322,00 6070
701 455,32 3,32 2,44 97,00 13.341,00 6070
702 455,32 3,32 2,44 97,00 13.360,00 6070
703 455,32 3,32 2,44 97,00 13.379,00 6070
704 455,32 3,32 2,44 97,00 13.398,00 6070
705 455,32 3,32 2,44 97,00 13.417,00 6070
706 455,32 3,32 2,44 97,00 13.436,00 6070
707 455,32 3,32 2,44 97,00 13.455,00 6070
708 455,32 3,32 2,44 97,00 13.474,00 6070
709 455,32 3,32 2,44 97,00 13.493,00 6070
710 455,32 3,32 2,44 97,00 13.512,00 6070
711 455,32 3,32 2,44 97,00 13.531,00 6070
712 455,32 3,32 2,44 97,00 13.550,00 6070
713 455,32 3,32 2,44 97,00 13.569,00 6070
714 455,32 3,32 2,44 97,00 13.588,00 6070
715 455,32 3,25 2,38 97,00 13.607,00 6070
716 455,32 3,25 2,38 97,00 13.626,00 6070
717 455,32 3,25 2,38 97,00 13.645,00 6070
718 455,32 3,25 2,38 97,00 13.664,00 6070
719 455,32 3,25 2,38 97,00 13.683,00 6070
720 455,32 3,25 2,38 55,00 13.702,00 6070
721 455,32 3,25 2,38 55,00 13.721,00 6073
722 455,32 3,25 2,38 55,00 13.740,00 6073
723 455,32 3,25 2,38 55,00 13.759,00 6073
724 455,32 3,25 2,38 55,00 13.778,00 6073
725 455,32 3,25 2,38 55,00 13.797,00 6073
726 455,32 3,25 2,38 55,00 13.816,00 6073
727 455,32 3,25 2,38 55,00 13.835,00 6073
728 455,32 3,25 2,38 55,00 13.854,00 6073
729 455,32 3,25 2,38 55,00 13.873,00 6073
730 455,32 3,25 2,38 55,00 13.892,00 6073
731 455,32 3,25 2,38 55,00 13.911,00 6073
732 455,32 3,25 2,38 55,00 13.930,00 6073
733 455,32 3,25 2,38 55,00 13.949,00 6073
734 455,32 3,25 2,38 55,00 13.968,00 6073
735 455,32 3,25 2,38 55,00 13.987,00 6073
736 455,32 1,79 1,31 55,00 14.006,00 6073
737 455,32 1,79 1,31 55,00 14.025,00 6073
738 455,32 1,78 1,31 55,00 14.044,00 6073
739 455,32 1,78 1,31 55,00 14.063,00 6073
740 455,32 1,78 1,31 55,00 14.082,00 6073
741 455,32 1,78 1,31 55,00 14.101,00 6073
742 455,32 1,78 1,31 55,00 14.120,00 6073
743 455,32 1,78 1,31 55,00 14.139,00 6073
744 455,32 1,78 1,31 55,00 14.158,00 6073
745 455,32 1,78 1,31 55,00 14.177,00 6073
746 455,32 1,76 1,30 55,00 14.196,00 6073
747 455,32 1,76 1,30 55,00 14.215,00 6073
748 455,32 1,76 1,30 55,00 14.234,00 6073
749 455,32 1,76 1,30 55,00 14.253,00 6073
750 455,32 1,76 1,30 91,00 14.272,00 6073
751 455,32 1,76 1,30 91,00 14.291,00 6081
752 455,32 1,76 1,30 91,00 14.310,00 6085
753 455,32 1,76 1,30 91,00 14.329,00 6085
754 455,32 1,76 1,30 91,00 14.348,00 6085
755 455,32 1,76 1,30 91,00 14.367,00 6085
756 455,32 1,76 1,30 91,00 14.386,00 6085
757 455,32 1,76 1,30 91,00 14.405,00 6085
758 455,32 1,76 1,30 91,00 14.424,00 6091
759 455,32 2,87 2,11 91,00 14.443,00 6094
760 455,32 2,87 2,11 91,00 14.462,00 6096
761 455,32 2,87 2,11 91,00 14.481,00 6097
762 455,32 2,87 2,11 91,00 14.500,00 6098
763 455,32 2,85 2,10 91,00 14.519,00 6098
764 455,32 2,85 2,10 91,00 14.538,00 6098
765 455,32 2,85 2,10 91,00 14.557,00 6098
766 455,32 2,85 2,10 91,00 14.576,00 6098
767 455,32 2,85 2,10 91,00 14.595,00 6098
768 455,32 2,85 2,10 91,00 14.614,00 6098
769 455,32 2,83 2,08 91,00 14.633,00 6098
770 455,32 2,83 2,08 91,00 14.652,00 6098
771 455,32 2,83 2,08 91,00 14.671,00 6098
772 455,32 2,83 2,08 91,00 14.690,00 6098
773 455,32 2,83 2,08 91,00 14.709,00 6098
774 455,32 2,83 2,08 91,00 14.728,00 6098
775 455,32 2,83 2,08 91,00 14.747,00 6098
776 455,32 2,83 2,08 91,00 14.766,00 6098
777 455,32 2,83 2,08 91,00 14.785,00 6098
778 455,32 2,83 2,08 91,00 14.804,00 6098
779 455,32 2,83 2,08 91,00 14.823,00 6098
780 455,32 2,83 2,08 58,00 14.842,00 6098
781 455,32 2,83 2,08 58,00 14.861,00 6102
782 455,32 2,83 2,08 58,00 14.880,00 6107
783 455,32 2,83 2,08 58,00 14.899,00 6110
784 455,32 2,83 2,08 58,00 14.918,00 6111
785 455,32 2,83 2,08 58,00 14.937,00 6111
786 455,32 2,83 2,08 58,00 14.956,00 6111
787 455,32 2,83 2,08 58,00 14.975,00 6111
788 455,32 2,83 2,08 58,00 14.994,00 6111
789 455,32 2,83 2,08 58,00 15.013,00 6111
790 455,32 2,83 2,08 58,00 15.032,00 6111
791 455,32 2,83 2,08 58,00 15.051,00 6111
792 455,32 2,83 2,08 58,00 15.070,00 6111
793 455,32 2,83 2,08 58,00 15.089,00 6111
794 455,32 1,75 1,28 58,00 15.108,00 6111
795 455,32 1,75 1,28 58,00 15.127,00 6111
796 455,32 1,75 1,28 58,00 15.146,00 6111
797 455,32 1,75 1,28 58,00 15.165,00 6111
798 455,32 1,74 1,28 58,00 15.184,00 6111
799 455,32 1,74 1,28 58,00 15.203,00 6111
800 455,32 1,74 1,28 58,00 15.222,00 6111
801 455,32 1,73 1,27 58,00 15.241,00 6111
802 455,32 1,73 1,27 58,00 15.260,00 6111
803 455,32 1,73 1,27 58,00 15.279,00 6111
804 455,32 1,73 1,27 58,00 15.298,00 6111
805 455,32 1,73 1,27 58,00 15.317,00 6111
806 455,32 1,73 1,27 58,00 15.336,00 6111
807 455,32 1,73 1,27 58,00 15.355,00 6111
808 455,32 1,73 1,27 58,00 15.374,00 6111
809 455,32 1,73 1,27 58,00 15.393,00 6111
810 455,32 1,73 1,27 96,00 15.412,00 6111
811 455,32 1,73 1,27 96,00 15.431,00 6120
812 455,32 1,73 1,27 96,00 15.450,00 6122
813 455,32 1,73 1,27 96,00 15.469,00 6123
814 455,32 1,73 1,27 96,00 15.488,00 6123
815 455,32 2,82 2,07 96,00 15.507,00 6123
816 455,32 2,82 2,07 96,00 15.526,00 6123
817 455,32 2,82 2,07 96,00 15.545,00 6123
818 455,32 2,82 2,07 96,00 15.564,00 6123
819 455,32 2,81 2,06 96,00 15.583,00 6123
820 455,32 2,81 2,06 96,00 15.602,00 6123
821 455,32 2,81 2,06 96,00 15.621,00 6123
822 455,32 2,81 2,06 96,00 15.640,00 6123
823 455,32 2,81 2,06 96,00 15.659,00 6123
824 455,32 2,81 2,06 96,00 15.678,00 6123
825 455,32 2,78 2,05 96,00 15.697,00 6123
826 455,32 2,78 2,05 96,00 15.716,00 6123
827 455,32 2,78 2,05 96,00 15.735,00 6123
828 455,32 2,78 2,05 96,00 15.754,00 6123
829 455,32 2,78 2,05 96,00 15.773,00 6123
830 455,32 2,78 2,05 96,00 15.792,00 6123
831 455,32 2,78 2,05 96,00 15.811,00 6123
832 455,32 2,76 2,03 96,00 15.830,00 6123
833 455,32 2,76 2,03 96,00 15.849,00 6123
834 455,32 2,76 2,03 96,00 15.868,00 6123
835 455,32 2,76 2,03 96,00 15.887,00 6123
836 455,32 2,76 2,03 96,00 15.906,00 6123
837 455,32 2,76 2,03 96,00 15.925,00 6123
838 455,32 2,76 2,03 96,00 15.944,00 6123
839 455,32 2,76 2,03 96,00 15.963,00 6123
840 455,32 2,76 2,03 58,00 15.982,00 6123
841 455,32 2,76 2,03 58,00 16.001,00 6130
842 455,32 2,76 2,03 58,00 16.020,00 6130
843 455,32 2,76 2,03 58,00 16.039,00 6130
844 455,32 2,76 2,03 58,00 16.058,00 6130
845 455,32 1,64 1,21 58,00 16.077,00 6130
846 455,32 1,64 1,21 58,00 16.096,00 6130
847 455,32 1,64 1,21 58,00 16.115,00 6130
848 455,32 1,64 1,21 58,00 16.134,00 6130
849 455,32 1,64 1,21 58,00 16.153,00 6130
850 455,32 1,64 1,21 58,00 16.172,00 6130
851 455,32 1,64 1,21 58,00 16.191,00 6130
852 455,32 1,64 1,21 58,00 16.210,00 6130
853 455,32 1,64 1,21 58,00 16.229,00 6130
854 455,32 1,64 1,21 58,00 16.248,00 6130
855 455,32 1,64 1,21 58,00 16.267,00 6130
856 455,32 1,64 1,21 58,00 16.286,00 6130
857 455,32 1,64 1,21 58,00 16.305,00 6130
858 455,32 1,64 1,21 58,00 16.324,00 6130
859 455,32 1,64 1,21 58,00 16.343,00 6130
860 455,32 1,64 1,21 58,00 16.362,00 6130
861 455,32 1,61 1,18 58,00 16.381,00 6130
862 455,32 1,61 1,18 58,00 16.400,00 6130
863 455,32 1,61 1,18 58,00 16.419,00 6130
864 455,32 1,61 1,18 58,00 16.438,00 6130
865 455,32 1,61 1,18 58,00 16.457,00 6130
866 455,32 1,61 1,18 58,00 16.476,00 6130
867 455,32 1,61 1,18 58,00 16.495,00 6130
868 455,32 1,61 1,18 58,00 16.514,00 6130
869 455,32 1,61 1,18 58,00 16.533,00 6130
870 455,32 1,61 1,18 96,00 16.552,00 6130
871 455,32 1,61 1,18 96,00 16.571,00 6139
872 455,32 2,63 1,94 96,00 16.590,00 6142
873 455,32 2,63 1,93 96,00 16.609,00 6144
874 455,32 2,63 1,93 96,00 16.628,00 6144
875 455,32 2,63 1,93 96,00 16.647,00 6152
876 455,32 2,63 1,93 96,00 16.666,00 6155
877 455,32 2,63 1,93 96,00 16.685,00 6156
878 455,32 2,63 1,93 96,00 16.704,00 6156
879 455,32 2,63 1,93 96,00 16.723,00 6156
880 455,32 2,63 1,93 96,00 16.742,00 6156
881 455,32 2,63 1,93 96,00 16.761,00 6156
882 455,32 2,63 1,93 96,00 16.780,00 6156
883 455,32 2,63 1,93 96,00 16.799,00 6156
884 455,32 2,63 1,93 96,00 16.818,00 6156
885 455,32 2,63 1,93 96,00 16.837,00 6156
886 455,32 2,59 1,91 96,00 16.856,00 6156
887 455,32 2,59 1,91 96,00 16.875,00 6156
888 455,32 2,59 1,90 96,00 16.894,00 6156
889 455,32 2,59 1,90 96,00 16.913,00 6156
890 455,32 2,58 1,90 96,00 16.932,00 6156
891 455,32 2,58 1,90 96,00 16.951,00 6156
892 455,32 2,58 1,90 96,00 16.970,00 6156
893 455,32 2,58 1,90 96,00 16.989,00 6156
894 455,32 2,57 1,89 96,00 17.008,00 6156
895 455,32 2,57 1,89 96,00 17.027,00 6156
896 455,32 2,57 1,89 96,00 17.046,00 6156
897 455,32 2,57 1,89 96,00 17.065,00 6156
898 455,32 2,57 1,89 96,00 17.084,00 6156
899 455,32 2,57 1,89 96,00 17.103,00 6156
900 455,32 2,57 1,89 45,00 17.122,00 6156
901 455,32 2,57 1,89 45,00 17.141,00 6161
902 455,32 2,57 1,89 45,00 17.160,00 6162
903 455,32 2,57 1,89 45,00 17.179,00 6163
904 455,32 2,57 1,89 45,00 17.198,00 6163
905 455,32 2,57 1,89 45,00 17.217,00 6164
906 455,32 2,57 1,89 45,00 17.236,00 6165
907 455,32 2,57 1,89 45,00 17.255,00 6165
908 455,32 2,57 1,89 45,00 17.274,00 6165
909 455,32 2,57 1,89 45,00 17.293,00 6165
910 455,32 2,57 1,89 45,00 17.312,00 6165
911 455,32 2,57 1,89 45,00 17.331,00 6165
912 455,32 2,57 1,89 45,00 17.350,00 6165
913 455,32 2,57 1,89 45,00 17.369,00 6165
914 455,32 2,57 1,89 45,00 17.388,00 6165
915 455,32 2,57 1,89 45,00 17.407,00 6165
916 455,32 2,57 1,89 45,00 17.426,00 6165
917 455,32 2,57 1,89 45,00 17.445,00 6165
918 455,32 2,57 1,89 45,00 17.464,00 6165
919 455,32 1,17 0,86 45,00 17.483,00 6165
920 455,32 1,17 0,86 45,00 17.502,00 6165
921 455,32 1,17 0,86 45,00 17.521,00 6165
922 455,32 1,17 0,86 45,00 17.540,00 6165
923 455,32 1,17 0,86 45,00 17.559,00 6165
924 455,32 1,17 0,86 45,00 17.578,00 6165
925 455,32 1,16 0,86 45,00 17.597,00 6165
926 455,32 1,16 0,85 45,00 17.616,00 6165
927 455,32 1,16 0,85 45,00 17.635,00 6165
928 455,32 1,16 0,85 45,00 17.654,00 6165
929 455,32 1,16 0,85 45,00 17.673,00 6165
930 455,32 1,16 0,85 95,00 17.692,00 6165
931 455,32 1,16 0,85 95,00 17.711,00 6173
932 455,32 1,16 0,85 95,00 17.730,00 6176
933 455,32 1,16 0,85 95,00 17.749,00 6176
934 455,32 1,16 0,85 95,00 17.768,00 6176
935 455,32 1,16 0,85 95,00 17.787,00 6176
936 455,32 1,16 0,85 95,00 17.806,00 6177
937 455,32 1,16 0,85 95,00 17.825,00 6177
938 455,32 1,16 0,85 95,00 17.844,00 6177
939 455,32 1,16 0,85 95,00 17.863,00 6177
940 455,32 1,16 0,85 95,00 17.882,00 6177
941 455,32 1,16 0,85 95,00 17.901,00 6177
942 455,32 1,16 0,85 95,00 17.920,00 6177
943 455,32 1,16 0,85 95,00 17.939,00 6177
944 455,32 1,16 0,85 95,00 17.958,00 6177
945 455,32 1,16 0,85 95,00 17.977,00 6177
946 455,32 1,16 0,85 95,00 17.996,00 6177
947 455,32 2,40 1,76 95,00 18.015,00 6177
948 455,32 2,40 1,76 95,00 18.034,00 6177
949 455,32 2,40 1,76 95,00 18.053,00 6177
950 455,32 2,40 1,76 95,00 18.072,00 6177
951 455,32 2,40 1,76 95,00 18.091,00 6177
952 455,32 2,40 1,76 95,00 18.110,00 6177
953 455,32 2,40 1,76 95,00 18.129,00 6177
954 455,32 2,40 1,76 95,00 18.148,00 6177
955 455,32 2,40 1,76 95,00 18.167,00 6177
956 455,32 2,40 1,76 95,00 18.186,00 6177
957 455,32 2,40 1,76 95,00 18.205,00 6177
958 455,32 2,40 1,76 95,00 18.224,00 6177
959 455,32 2,40 1,76 95,00 18.243,00 6177
960 455,32 2,40 1,76 58,00 18.262,00 6177
961 455,32 1,44 1,06 58,00 18.281,00 6179
962 455,32 1,44 1,06 58,00 18.300,00 6180
963 455,32 1,44 1,06 58,00 18.319,00 6180
964 455,32 1,44 1,06 58,00 18.338,00 6180
965 455,32 1,44 1,06 58,00 18.357,00 6181
966 455,32 1,44 1,06 58,00 18.376,00 6181
967 455,32 1,44 1,06 58,00 18.395,00 6181
968 455,32 1,44 1,06 58,00 18.414,00 6181
969 455,32 1,44 1,06 58,00 18.433,00 6181
970 455,32 1,44 1,06 58,00 18.452,00 6181
971 455,32 1,44 1,06 58,00 18.471,00 6181
972 455,32 1,44 1,06 58,00 18.490,00 6181
973 455,32 1,44 1,06 58,00 18.509,00 6181
974 455,32 1,44 1,06 58,00 18.528,00 6181
975 455,32 1,44 1,06 58,00 18.547,00 6181
976 455,32 1,44 1,06 58,00 18.566,00 6181
977 455,32 1,44 1,06 58,00 18.585,00 6181
978 455,32 1,44 1,06 58,00 18.604,00 6181
979 455,32 1,44 1,06 58,00 18.623,00 6181
980 455,32 1,44 1,06 58,00 18.642,00 6181
981 455,32 1,44 1,06 58,00 18.661,00 6181
982 455,32 1,44 1,06 58,00 18.680,00 6181
983 455,32 1,44 1,06 58,00 18.699,00 6181
984 455,32 1,44 1,06 58,00 18.718,00 6181
985 455,32 1,44 1,06 58,00 18.737,00 6181
986 455,32 1,44 1,06 58,00 18.756,00 6181
987 455,32 1,44 1,06 58,00 18.775,00 6181
988 455,32 1,44 1,06 58,00 18.794,00 6181
989 455,32 1,44 1,06 58,00 18.813,00 6181
990 455,32 1,44 1,06 88,00 18.832,00 6181
991 455,32 1,44 1,06 88,00 18.851,00 6187
992 455,32 1,44 1,06 88,00 18.870,00 6189
993 455,32 1,44 1,06 88,00 18.889,00 6189
994 455,32 1,44 1,06 88,00 18.908,00 6189
995 455,32 1,44 1,06 88,00 18.927,00 6189
996 455,32 1,44 1,06 88,00 18.946,00 6189
997 455,32 1,44 1,06 88,00 18.965,00 6189
998 455,32 2,11 1,55 88,00 18.984,00 6189
999 455,32 2,11 1,55 88,00 19.003,00 6189
