500
0 39,78 39,78 39,78 1,00 49,00
1 39,78 0,00 0,00 1,00 33,00
2 39,78 79,55 85,10 99,00 44,00
3 39,78 0,00 0,00 1,00 56,00
4 39,78 39,78 35,69 99,00 67,00
5 39,78 0,00 0,00 1,00 79,00
6 39,78 39,78 37,89 99,00 90,00
7 39,78 0,00 0,00 1,00 102,00
8 39,78 0,00 0,00 99,00 111,00
9 39,78 39,78 33,77 197,00 122,00
10 39,78 0,00 0,00 98,00 134,00
11 39,78 39,78 34,21 196,00 145,00
12 39,78 0,00 0,00 96,00 157,00
13 39,78 39,78 35,93 194,00 168,00
14 39,78 0,00 0,00 94,00 180,00
15 39,78 39,78 36,08 192,00 191,00
16 39,78 0,00 0,00 92,00 203,00
17 39,78 0,00 0,00 190,00 202,00
18 39,78 39,78 35,83 288,00 213,00
19 39,78 0,00 0,00 190,00 225,00
20 39,78 39,78 35,84 288,00 236,00
21 39,78 0,00 0,00 189,00 248,00
22 39,78 39,78 35,71 287,00 259,00
23 39,78 0,00 0,00 187,00 271,00
24 39,78 39,78 35,66 285,00 282,00
25 39,78 0,00 0,00 185,00 294,00
26 39,78 0,00 0,00 283,00 295,00
27 39,78 39,78 35,49 381,00 306,00
28 39,78 0,00 0,00 281,00 318,00
29 39,78 39,78 35,43 379,00 329,00
30 39,78 0,00 0,00 279,00 341,00
31 39,78 39,78 35,35 377,00 352,00
32 39,78 0,00 0,00 277,00 364,00
33 39,78 39,78 35,29 375,00 375,00
34 39,78 0,00 0,00 275,00 387,00
35 39,78 0,00 0,00 373,00 385,00
36 39,78 39,78 35,20 471,00 396,00
37 39,78 0,00 0,00 371,00 408,00
38 39,78 39,78 35,12 469,00 419,00
39 39,78 0,00 0,00 369,00 431,00
40 39,78 39,78 35,04 467,00 442,00
41 39,78 0,00 0,00 367,00 454,00
42 39,78 39,78 34,97 465,00 465,00
43 39,78 0,00 0,00 365,00 477,00
44 39,78 0,00 0,00 463,00 475,00
45 39,78 39,78 34,86 561,00 486,00
46 39,78 0,00 0,00 461,00 498,00
47 39,78 39,78 34,78 559,00 509,00
48 39,78 0,00 0,00 459,00 521,00
49 39,78 39,78 34,70 557,00 532,00
50 39,78 0,00 0,00 458,00 544,00
51 39,78 39,78 34,63 556,00 555,00
52 39,78 0,00 0,00 456,00 567,00
53 39,78 0,00 0,00 554,00 566,00
54 39,78 39,78 34,51 652,00 577,00
55 39,78 0,00 0,00 553,00 589,00
56 39,78 39,78 34,44 651,00 600,00
57 39,78 0,00 0,00 551,00 612,00
58 39,78 39,78 34,37 649,00 623,00
59 39,78 0,00 0,00 549,00 635,00
60 39,78 39,78 34,29 647,00 646,00
61 39,78 0,00 0,00 547,00 658,00
62 39,78 0,00 0,00 645,00 657,00
63 39,78 39,78 34,18 743,00 668,00
64 39,78 0,00 0,00 643,00 680,00
65 39,78 39,78 34,10 741,00 691,00
66 39,78 0,00 0,00 641,00 703,00
67 39,78 39,78 34,03 739,00 714,00
68 39,78 0,00 0,00 639,00 726,00
69 39,78 39,78 33,96 737,00 737,00
70 39,78 0,00 0,00 637,00 749,00
71 39,78 0,00 0,00 735,00 747,00
72 39,78 39,78 33,85 833,00 758,00
73 39,78 0,00 0,00 733,00 770,00
74 39,78 39,78 33,77 831,00 781,00
75 39,78 0,00 0,00 731,00 793,00
76 39,78 39,78 33,70 829,00 804,00
77 39,78 0,00 0,00 730,00 816,00
78 39,78 39,78 33,63 828,00 827,00
79 39,78 0,00 0,00 728,00 839,00
80 39,78 0,00 0,00 826,00 838,00
81 39,78 39,78 33,53 924,00 849,00
82 39,78 0,00 0,00 824,00 861,00
83 39,78 39,78 33,46 922,00 872,00
84 39,78 0,00 0,00 823,00 884,00
85 39,78 39,78 33,39 921,00 895,00
86 39,78 0,00 0,00 821,00 907,00
87 39,78 39,78 33,33 919,00 918,00
88 39,78 0,00 0,00 819,00 930,00
89 39,78 0,00 0,00 917,00 929,00
90 39,78 39,78 33,23 1.015,00 940,00
91 39,78 0,00 0,00 915,00 952,00
92 39,78 39,78 33,16 1.013,00 963,00
93 39,78 0,00 0,00 913,00 975,00
94 39,78 39,78 33,09 1.011,00 986,00
95 39,78 0,00 0,00 911,00 998,00
96 39,78 39,78 33,03 1.009,00 1.009,00
97 39,78 0,00 0,00 910,00 1.021,00
98 39,78 0,00 0,00 1.008,00 1.020,00
99 39,78 39,78 32,94 1.106,00 1.031,00
100 39,78 0,00 0,00 1.007,00 1.043,00
101 39,78 39,78 32,87 1.105,00 1.054,00
102 39,78 0,00 0,00 1.005,00 1.066,00
103 39,78 39,78 32,81 1.103,00 1.077,00
104 39,78 0,00 0,00 1.003,00 1.089,00
105 39,78 39,78 32,75 1.101,00 1.100,00
106 39,78 0,00 0,00 1.001,00 1.112,00
107 39,78 0,00 0,00 1.099,00 1.111,00
108 39,78 39,78 32,66 1.197,00 1.122,00
109 39,78 0,00 0,00 1.097,00 1.134,00
110 39,78 39,78 32,60 1.195,00 1.145,00
111 39,78 0,00 0,00 1.095,00 1.157,00
112 39,78 39,78 32,54 1.193,00 1.168,00
113 39,78 0,00 0,00 1.093,00 1.180,00
114 39,78 39,78 32,48 1.191,00 1.191,00
115 39,78 0,00 0,00 1.092,00 1.203,00
116 39,78 0,00 0,00 1.190,00 1.202,00
117 39,78 39,78 32,39 1.288,00 1.213,00
118 39,78 0,00 0,00 1.188,00 1.225,00
119 39,78 39,78 32,33 1.286,00 1.236,00
120 39,78 0,00 0,00 1.186,00 1.248,00
121 39,78 39,78 32,27 1.284,00 1.259,00
122 39,78 0,00 0,00 1.185,00 1.271,00
123 39,78 39,78 32,21 1.283,00 1.282,00
124 39,78 0,00 0,00 1.184,00 1.294,00
125 39,78 0,00 0,00 1.282,00 1.294,00
126 39,78 39,78 32,13 1.380,00 1.305,00
127 39,78 0,00 0,00 1.280,00 1.317,00
128 39,78 39,78 32,08 1.378,00 1.328,00
129 39,78 0,00 0,00 1.278,00 1.340,00
130 39,78 39,78 32,03 1.376,00 1.351,00
131 39,78 0,00 0,00 1.277,00 1.363,00
132 39,78 39,78 31,98 1.375,00 1.374,00
133 39,78 0,00 0,00 1.275,00 1.386,00
134 39,78 0,00 0,00 1.373,00 1.385,00
135 39,78 39,78 31,91 1.471,00 1.396,00
136 39,78 0,00 0,00 1.371,00 1.408,00
137 39,78 39,78 31,86 1.469,00 1.419,00
138 39,78 0,00 0,00 1.370,00 1.431,00
139 39,78 39,78 31,81 1.468,00 1.442,00
140 39,78 0,00 0,00 1.369,00 1.454,00
141 39,78 39,78 31,77 1.467,00 1.465,00
142 39,78 0,00 0,00 1.367,00 1.477,00
143 39,78 0,00 0,00 1.465,00 1.477,00
144 39,78 39,78 31,70 1.563,00 1.488,00
145 39,78 0,00 0,00 1.464,00 1.500,00
146 39,78 39,78 31,65 1.562,00 1.511,00
147 39,78 0,00 0,00 1.462,00 1.523,00
148 39,78 39,78 31,61 1.560,00 1.534,00
149 39,78 0,00 0,00 1.460,00 1.546,00
150 39,78 39,78 31,57 1.558,00 1.557,00
151 39,78 0,00 0,00 1.458,00 1.569,00
152 39,78 0,00 0,00 1.556,00 1.568,00
153 39,78 39,78 31,51 1.654,00 1.579,00
154 39,78 0,00 0,00 1.555,00 1.591,00
155 39,78 39,78 31,47 1.653,00 1.602,00
156 39,78 0,00 0,00 1.553,00 1.614,00
157 39,78 39,78 31,43 1.651,00 1.625,00
158 39,78 0,00 0,00 1.552,00 1.637,00
159 39,78 39,78 31,39 1.650,00 1.648,00
160 39,78 0,00 0,00 1.550,00 1.660,00
161 39,78 0,00 0,00 1.648,00 1.660,00
162 39,78 39,78 31,33 1.746,00 1.671,00
163 39,78 0,00 0,00 1.646,00 1.683,00
164 39,78 39,78 31,29 1.744,00 1.694,00
165 39,78 0,00 0,00 1.645,00 1.706,00
166 39,78 39,78 31,25 1.743,00 1.717,00
167 39,78 0,00 0,00 1.643,00 1.729,00
168 39,78 39,78 31,22 1.741,00 1.740,00
169 39,78 0,00 0,00 1.641,00 1.752,00
170 39,78 0,00 0,00 1.739,00 1.751,00
171 39,78 39,78 31,16 1.837,00 1.762,00
172 39,78 0,00 0,00 1.737,00 1.774,00
173 39,78 39,78 31,13 1.835,00 1.785,00
174 39,78 0,00 0,00 1.735,00 1.797,00
175 39,78 39,78 31,09 1.833,00 1.808,00
176 39,78 0,00 0,00 1.733,00 1.820,00
177 39,78 39,78 31,06 1.831,00 1.831,00
178 39,78 0,00 0,00 1.731,00 1.843,00
179 39,78 0,00 0,00 1.829,00 1.841,00
180 39,78 39,78 31,01 1.927,00 1.852,00
181 39,78 0,00 0,00 1.827,00 1.864,00
182 39,78 39,78 30,98 1.925,00 1.875,00
183 39,78 0,00 0,00 1.825,00 1.887,00
184 39,78 39,78 30,95 1.923,00 1.898,00
185 39,78 0,00 0,00 1.824,00 1.910,00
186 39,78 39,78 30,92 1.922,00 1.921,00
187 39,78 0,00 0,00 1.822,00 1.933,00
188 39,78 0,00 0,00 1.920,00 1.932,00
189 39,78 39,78 30,88 2.018,00 1.943,00
190 39,78 0,00 0,00 1.918,00 1.955,00
191 39,78 39,78 30,85 2.016,00 1.966,00
192 39,78 0,00 0,00 1.916,00 1.978,00
193 39,78 39,78 30,83 2.014,00 1.989,00
194 39,78 0,00 0,00 1.915,00 2.001,00
195 39,78 39,78 30,80 2.013,00 2.012,00
196 39,78 0,00 0,00 1.913,00 2.024,00
197 39,78 0,00 0,00 2.011,00 2.023,00
198 39,78 39,78 30,76 2.109,00 2.034,00
199 39,78 0,00 0,00 2.010,00 2.046,00
200 39,78 39,78 30,74 2.108,00 2.057,00
201 39,78 0,00 0,00 2.008,00 2.069,00
202 39,78 39,78 30,71 2.106,00 2.080,00
203 39,78 0,00 0,00 2.006,00 2.092,00
204 39,78 39,78 30,69 2.104,00 2.103,00
205 39,78 0,00 0,00 2.005,00 2.115,00
206 39,78 0,00 0,00 2.103,00 2.115,00
207 39,78 39,78 30,65 2.201,00 2.126,00
208 39,78 0,00 0,00 2.101,00 2.138,00
209 39,78 39,78 30,63 2.199,00 2.149,00
210 39,78 0,00 0,00 2.099,00 2.161,00
211 39,78 39,78 30,61 2.197,00 2.172,00
212 39,78 0,00 0,00 2.097,00 2.184,00
213 39,78 39,78 30,59 2.195,00 2.195,00
214 39,78 0,00 0,00 2.095,00 2.207,00
215 39,78 0,00 0,00 2.193,00 2.205,00
216 39,78 39,78 30,56 2.291,00 2.216,00
217 39,78 0,00 0,00 2.192,00 2.228,00
218 39,78 39,78 30,53 2.290,00 2.239,00
219 39,78 0,00 0,00 2.191,00 2.251,00
220 39,78 39,78 30,51 2.289,00 2.262,00
221 39,78 0,00 0,00 2.189,00 2.274,00
222 39,78 39,78 30,49 2.287,00 2.285,00
223 39,78 0,00 0,00 2.187,00 2.297,00
224 39,78 0,00 0,00 2.285,00 2.297,00
225 39,78 39,78 30,47 2.383,00 2.308,00
226 39,78 0,00 0,00 2.283,00 2.320,00
227 39,78 39,78 30,45 2.381,00 2.331,00
228 39,78 0,00 0,00 2.282,00 2.343,00
229 39,78 39,78 30,43 2.380,00 2.354,00
230 39,78 0,00 0,00 2.281,00 2.366,00
231 39,78 39,78 30,41 2.379,00 2.377,00
232 39,78 0,00 0,00 2.280,00 2.389,00
233 39,78 0,00 0,00 2.378,00 2.390,00
234 39,78 39,78 30,39 2.476,00 2.401,00
235 39,78 0,00 0,00 2.376,00 2.413,00
236 39,78 39,78 30,37 2.474,00 2.424,00
237 39,78 0,00 0,00 2.374,00 2.436,00
238 39,78 39,78 30,35 2.472,00 2.447,00
239 39,78 0,00 0,00 2.372,00 2.459,00
240 39,78 39,78 30,34 2.470,00 2.470,00
241 39,78 0,00 0,00 2.370,00 2.482,00
242 39,78 0,00 0,00 2.468,00 2.480,00
243 39,78 39,78 30,32 2.566,00 2.491,00
244 39,78 0,00 0,00 2.467,00 2.503,00
245 39,78 39,78 30,30 2.565,00 2.514,00
246 39,78 0,00 0,00 2.465,00 2.526,00
247 39,78 39,78 30,29 2.563,00 2.537,00
248 39,78 0,00 0,00 2.464,00 2.549,00
249 39,78 39,78 30,28 2.562,00 2.560,00
250 39,78 0,00 0,00 2.462,00 2.572,00
251 39,78 0,00 0,00 2.560,00 2.572,00
252 39,78 39,78 30,26 2.658,00 2.583,00
253 39,78 0,00 0,00 2.558,00 2.595,00
254 39,78 39,78 30,25 2.656,00 2.606,00
255 39,78 0,00 0,00 2.556,00 2.618,00
256 39,78 39,78 30,23 2.654,00 2.629,00
257 39,78 0,00 0,00 2.554,00 2.641,00
258 39,78 39,78 30,22 2.652,00 2.652,00
259 39,78 0,00 0,00 2.552,00 2.664,00
260 39,78 0,00 0,00 2.650,00 2.662,00
261 39,78 39,78 30,20 2.748,00 2.673,00
262 39,78 0,00 0,00 2.649,00 2.685,00
263 39,78 39,78 30,19 2.747,00 2.696,00
264 39,78 0,00 0,00 2.647,00 2.708,00
265 39,78 39,78 30,18 2.745,00 2.719,00
266 39,78 0,00 0,00 2.646,00 2.731,00
267 39,78 39,78 30,17 2.744,00 2.742,00
268 39,78 0,00 0,00 2.644,00 2.754,00
269 39,78 0,00 0,00 2.742,00 2.754,00
270 39,78 39,78 30,15 2.840,00 2.765,00
271 39,78 0,00 0,00 2.740,00 2.777,00
272 39,78 39,78 30,14 2.838,00 2.788,00
273 39,78 0,00 0,00 2.738,00 2.800,00
274 39,78 39,78 30,13 2.836,00 2.811,00
275 39,78 0,00 0,00 2.736,00 2.823,00
276 39,78 39,78 30,12 2.834,00 2.834,00
277 39,78 0,00 0,00 2.734,00 2.846,00
278 39,78 0,00 0,00 2.832,00 2.844,00
279 39,78 39,78 30,10 2.930,00 2.855,00
280 39,78 0,00 0,00 2.830,00 2.867,00
281 39,78 39,78 30,09 2.928,00 2.878,00
282 39,78 0,00 0,00 2.829,00 2.890,00
283 39,78 39,78 30,09 2.927,00 2.901,00
284 39,78 0,00 0,00 2.827,00 2.913,00
285 39,78 39,78 30,08 2.925,00 2.924,00
286 39,78 0,00 0,00 2.825,00 2.936,00
287 39,78 0,00 0,00 2.923,00 2.935,00
288 39,78 39,78 30,07 3.021,00 2.946,00
289 39,78 0,00 0,00 2.921,00 2.958,00
290 39,78 39,78 30,06 3.019,00 2.969,00
291 39,78 0,00 0,00 2.919,00 2.981,00
292 39,78 39,78 30,05 3.017,00 2.992,00
293 39,78 0,00 0,00 2.917,00 3.004,00
294 39,78 39,78 30,04 3.015,00 3.015,00
295 39,78 0,00 0,00 2.915,00 3.027,00
296 39,78 0,00 0,00 3.013,00 3.025,00
297 39,78 39,78 30,03 3.111,00 3.036,00
298 39,78 0,00 0,00 3.011,00 3.048,00
299 39,78 39,78 30,03 3.109,00 3.059,00
300 39,78 0,00 0,00 3.009,00 3.071,00
301 39,78 39,78 30,02 3.107,00 3.082,00
302 39,78 0,00 0,00 3.007,00 3.094,00
303 39,78 39,78 30,02 3.105,00 3.105,00
304 39,78 0,00 0,00 3.005,00 3.117,00
305 39,78 0,00 0,00 3.103,00 3.115,00
306 39,78 39,78 30,01 3.201,00 3.126,00
307 39,78 0,00 0,00 3.102,00 3.138,00
308 39,78 39,78 30,00 3.200,00 3.149,00
309 39,78 0,00 0,00 3.100,00 3.161,00
310 39,78 39,78 30,00 3.198,00 3.172,00
311 39,78 0,00 0,00 3.098,00 3.184,00
312 39,78 39,78 29,99 3.196,00 3.195,00
313 39,78 0,00 0,00 3.096,00 3.207,00
314 39,78 0,00 0,00 3.194,00 3.206,00
315 39,78 39,78 29,98 3.292,00 3.217,00
316 39,78 0,00 0,00 3.192,00 3.229,00
317 39,78 39,78 29,98 3.290,00 3.240,00
318 39,78 0,00 0,00 3.191,00 3.252,00
319 39,78 39,78 29,97 3.289,00 3.263,00
320 39,78 0,00 0,00 3.189,00 3.275,00
321 39,78 39,78 29,97 3.287,00 3.286,00
322 39,78 0,00 0,00 3.187,00 3.298,00
323 39,78 0,00 0,00 3.285,00 3.297,00
324 39,78 39,78 29,96 3.383,00 3.308,00
325 39,78 0,00 0,00 3.284,00 3.320,00
326 39,78 39,78 29,96 3.382,00 3.331,00
327 39,78 0,00 0,00 3.283,00 3.343,00
328 39,78 39,78 29,95 3.381,00 3.354,00
329 39,78 0,00 0,00 3.282,00 3.366,00
330 39,78 39,78 29,95 3.380,00 3.377,00
331 39,78 0,00 0,00 3.280,00 3.389,00
332 39,78 0,00 0,00 3.378,00 3.390,00
333 39,78 39,78 29,94 3.476,00 3.401,00
334 39,78 0,00 0,00 3.377,00 3.413,00
335 39,78 39,78 29,94 3.475,00 3.424,00
336 39,78 0,00 0,00 3.375,00 3.436,00
337 39,78 39,78 29,93 3.473,00 3.447,00
338 39,78 0,00 0,00 3.373,00 3.459,00
339 39,78 39,78 29,93 3.471,00 3.470,00
340 39,78 0,00 0,00 3.371,00 3.482,00
341 39,78 0,00 0,00 3.469,00 3.481,00
342 39,78 39,78 29,92 3.567,00 3.492,00
343 39,78 0,00 0,00 3.467,00 3.504,00
344 39,78 39,78 29,92 3.565,00 3.515,00
345 39,78 0,00 0,00 3.465,00 3.527,00
346 39,78 39,78 29,92 3.563,00 3.538,00
347 39,78 0,00 0,00 3.463,00 3.550,00
348 39,78 39,78 29,92 3.561,00 3.561,00
349 39,78 0,00 0,00 3.462,00 3.573,00
350 39,78 0,00 0,00 3.560,00 3.572,00
351 39,78 39,78 29,91 3.658,00 3.583,00
352 39,78 0,00 0,00 3.558,00 3.595,00
353 39,78 39,78 29,91 3.656,00 3.606,00
354 39,78 0,00 0,00 3.556,00 3.618,00
355 39,78 39,78 29,91 3.654,00 3.629,00
356 39,78 0,00 0,00 3.554,00 3.641,00
357 39,78 39,78 29,91 3.652,00 3.652,00
358 39,78 0,00 0,00 3.552,00 3.664,00
359 39,78 0,00 0,00 3.650,00 3.662,00
360 39,78 39,78 29,90 3.748,00 3.673,00
361 39,78 0,00 0,00 3.648,00 3.685,00
362 39,78 39,78 29,90 3.746,00 3.696,00
363 39,78 0,00 0,00 3.646,00 3.708,00
364 39,78 39,78 29,90 3.744,00 3.719,00
365 39,78 0,00 0,00 3.645,00 3.731,00
366 39,78 39,78 29,90 3.743,00 3.742,00
367 39,78 0,00 0,00 3.643,00 3.754,00
368 39,78 0,00 0,00 3.741,00 3.753,00
369 39,78 39,78 29,89 3.839,00 3.764,00
370 39,78 0,00 0,00 3.739,00 3.776,00
371 39,78 39,78 29,89 3.837,00 3.787,00
372 39,78 0,00 0,00 3.738,00 3.799,00
373 39,78 39,78 29,89 3.836,00 3.810,00
374 39,78 0,00 0,00 3.736,00 3.822,00
375 39,78 39,78 29,89 3.834,00 3.833,00
376 39,78 0,00 0,00 3.734,00 3.845,00
377 39,78 0,00 0,00 3.832,00 3.844,00
378 39,78 39,78 29,88 3.930,00 3.855,00
379 39,78 0,00 0,00 3.831,00 3.867,00
380 39,78 39,78 29,88 3.929,00 3.878,00
381 39,78 0,00 0,00 3.830,00 3.890,00
382 39,78 39,78 29,88 3.928,00 3.901,00
383 39,78 0,00 0,00 3.828,00 3.913,00
384 39,78 39,78 29,88 3.926,00 3.924,00
385 39,78 0,00 0,00 3.826,00 3.936,00
386 39,78 0,00 0,00 3.924,00 3.936,00
387 39,78 39,78 29,88 4.022,00 3.947,00
388 39,78 0,00 0,00 3.922,00 3.959,00
389 39,78 39,78 29,88 4.020,00 3.970,00
390 39,78 0,00 0,00 3.921,00 3.982,00
391 39,78 39,78 29,88 4.019,00 3.993,00
392 39,78 0,00 0,00 3.919,00 4.005,00
393 39,78 39,78 29,88 4.017,00 4.016,00
394 39,78 0,00 0,00 3.917,00 4.028,00
395 39,78 0,00 0,00 4.015,00 4.027,00
396 39,78 39,78 29,87 4.113,00 4.038,00
397 39,78 0,00 0,00 4.014,00 4.050,00
398 39,78 39,78 29,87 4.112,00 4.061,00
399 39,78 0,00 0,00 4.012,00 4.073,00
400 39,78 39,78 29,87 4.110,00 4.084,00
401 39,78 0,00 0,00 4.010,00 4.096,00
402 39,78 39,78 29,87 4.108,00 4.107,00
403 39,78 0,00 0,00 4.008,00 4.119,00
404 39,78 0,00 0,00 4.106,00 4.118,00
405 39,78 39,78 29,87 4.204,00 4.129,00
406 39,78 0,00 0,00 4.105,00 4.141,00
407 39,78 39,78 29,87 4.203,00 4.152,00
408 39,78 0,00 0,00 4.104,00 4.164,00
409 39,78 39,78 29,87 4.202,00 4.175,00
410 39,78 0,00 0,00 4.102,00 4.187,00
411 39,78 39,78 29,87 4.200,00 4.198,00
412 39,78 0,00 0,00 4.100,00 4.210,00
413 39,78 0,00 0,00 4.198,00 4.210,00
414 39,78 39,78 29,87 4.296,00 4.221,00
415 39,78 0,00 0,00 4.196,00 4.233,00
416 39,78 39,78 29,87 4.294,00 4.244,00
417 39,78 0,00 0,00 4.194,00 4.256,00
418 39,78 39,78 29,87 4.292,00 4.267,00
419 39,78 0,00 0,00 4.193,00 4.279,00
420 39,78 39,78 29,88 4.291,00 4.290,00
421 39,78 0,00 0,00 4.191,00 4.302,00
422 39,78 0,00 0,00 4.289,00 4.301,00
423 39,78 39,78 29,88 4.387,00 4.312,00
424 39,78 0,00 0,00 4.287,00 4.324,00
425 39,78 39,78 29,88 4.385,00 4.335,00
426 39,78 0,00 0,00 4.285,00 4.347,00
427 39,78 39,78 29,88 4.383,00 4.358,00
428 39,78 0,00 0,00 4.283,00 4.370,00
429 39,78 39,78 29,88 4.381,00 4.381,00
430 39,78 0,00 0,00 4.282,00 4.393,00
431 39,78 0,00 0,00 4.380,00 4.392,00
432 39,78 39,78 29,88 4.478,00 4.403,00
433 39,78 0,00 0,00 4.378,00 4.415,00
434 39,78 39,78 29,88 4.476,00 4.426,00
435 39,78 0,00 0,00 4.377,00 4.438,00
436 39,78 39,78 29,88 4.475,00 4.449,00
437 39,78 0,00 0,00 4.375,00 4.461,00
438 39,78 39,78 29,88 4.473,00 4.472,00
439 39,78 0,00 0,00 4.373,00 4.484,00
440 39,78 0,00 0,00 4.471,00 4.483,00
441 39,78 39,78 29,88 4.569,00 4.494,00
442 39,78 0,00 0,00 4.469,00 4.506,00
443 39,78 39,78 29,88 4.567,00 4.517,00
444 39,78 0,00 0,00 4.467,00 4.529,00
445 39,78 39,78 29,88 4.565,00 4.540,00
446 39,78 0,00 0,00 4.466,00 4.552,00
447 39,78 39,78 29,88 4.564,00 4.563,00
448 39,78 0,00 0,00 4.464,00 4.575,00
449 39,78 0,00 0,00 4.562,00 4.574,00
450 39,78 39,78 29,88 4.660,00 4.585,00
451 39,78 0,00 0,00 4.561,00 4.597,00
452 39,78 39,78 29,88 4.659,00 4.608,00
453 39,78 0,00 0,00 4.559,00 4.620,00
454 39,78 39,78 29,88 4.657,00 4.631,00
455 39,78 0,00 0,00 4.557,00 4.643,00
456 39,78 39,78 29,88 4.655,00 4.654,00
457 39,78 0,00 0,00 4.555,00 4.666,00
458 39,78 0,00 0,00 4.653,00 4.665,00
459 39,78 39,78 29,88 4.751,00 4.676,00
460 39,78 0,00 0,00 4.651,00 4.688,00
461 39,78 39,78 29,88 4.749,00 4.699,00
462 39,78 0,00 0,00 4.650,00 4.711,00
463 39,78 39,78 29,88 4.748,00 4.722,00
464 39,78 0,00 0,00 4.649,00 4.734,00
465 39,78 39,78 29,89 4.747,00 4.745,00
466 39,78 0,00 0,00 4.647,00 4.757,00
467 39,78 0,00 0,00 4.745,00 4.757,00
468 39,78 39,78 29,89 4.843,00 4.768,00
469 39,78 0,00 0,00 4.743,00 4.780,00
470 39,78 39,78 29,89 4.841,00 4.791,00
471 39,78 0,00 0,00 4.742,00 4.803,00
472 39,78 39,78 29,89 4.840,00 4.814,00
473 39,78 0,00 0,00 4.741,00 4.826,00
474 39,78 39,78 29,89 4.839,00 4.837,00
475 39,78 0,00 0,00 4.740,00 4.849,00
476 39,78 0,00 0,00 4.838,00 4.850,00
477 39,78 39,78 29,89 4.936,00 4.861,00
478 39,78 0,00 0,00 4.836,00 4.873,00
479 39,78 39,78 29,89 4.934,00 4.884,00
480 39,78 0,00 0,00 4.834,00 4.896,00
481 39,78 39,78 29,89 4.932,00 4.907,00
482 39,78 0,00 0,00 4.833,00 4.919,00
483 39,78 39,78 29,89 4.931,00 4.930,00
484 39,78 0,00 0,00 4.831,00 4.942,00
485 39,78 0,00 0,00 4.929,00 4.941,00
486 39,78 39,78 29,89 5.027,00 4.952,00
487 39,78 0,00 0,00 4.927,00 4.964,00
488 39,78 39,78 29,90 5.025,00 4.975,00
489 39,78 0,00 0,00 4.925,00 4.987,00
490 39,78 39,78 29,90 5.023,00 4.998,00
491 39,78 0,00 0,00 4.923,00 5.010,00
492 39,78 39,78 29,90 5.021,00 5.021,00
493 39,78 0,00 0,00 4.921,00 5.033,00
494 39,78 0,00 0,00 5.019,00 5.031,00
495 39,78 39,78 29,90 5.117,00 5.042,00
496 39,78 0,00 0,00 5.017,00 5.054,00
497 39,78 39,78 29,90 5.115,00 5.065,00
498 39,78 0,00 0,00 5.015,00 5.077,00
499 39,78 39,78 29,90 5.113,00 5.088,00
