1000
0 116,99 116,99 116,99 1,00 67,00 0
1 116,99 2,02 2,02 1,00 77,00 1235
2 116,99 1,60 1,60 1,00 92,00 1774
3 116,99 1,60 1,60 1,00 111,00 1865
4 116,99 1,60 1,60 1,00 130,00 1875
5 116,99 1,60 1,60 1,00 149,00 1879
6 116,99 1,60 1,60 1,00 168,00 1881
7 116,99 1,60 1,60 1,00 187,00 1881
8 116,99 1,60 1,60 1,00 206,00 1881
9 116,99 1,60 1,60 1,00 225,00 1881
10 116,99 1,60 1,60 1,00 244,00 1881
11 116,99 1,60 1,60 1,00 263,00 1881
12 116,99 1,60 1,60 1,00 282,00 1881
13 116,99 0,39 0,39 1,00 301,00 1881
14 116,99 0,39 0,39 1,00 320,00 1881
15 116,99 0,39 0,39 1,00 339,00 1881
16 116,99 0,33 0,33 1,00 358,00 1881
17 116,99 0,33 0,33 1,00 377,00 1881
18 116,99 0,33 0,33 1,00 396,00 1881
19 116,99 0,33 0,33 1,00 415,00 1881
20 116,99 0,33 0,33 1,00 434,00 1881
21 116,99 0,33 0,33 1,00 453,00 1881
22 116,99 0,33 0,33 1,00 472,00 1881
23 116,99 0,24 0,24 1,00 491,00 1881
24 116,99 0,24 0,24 1,00 510,00 1881
25 116,99 0,22 0,22 1,00 529,00 1881
26 116,99 0,22 0,22 1,00 548,00 1881
27 116,99 0,22 0,22 1,00 567,00 1881
28 116,99 0,22 0,22 1,00 586,00 1881
29 116,99 0,22 0,22 1,00 605,00 1881
30 116,99 0,22 0,22 99,00 624,00 1881
31 116,99 18,59 18,59 99,00 642,00 2704
32 116,99 18,07 18,07 99,00 660,00 3431
33 116,99 18,07 18,07 99,00 679,00 3821
34 116,99 18,07 18,07 99,00 698,00 4072
35 116,99 18,07 18,07 99,00 717,00 4286
36 116,99 18,07 18,07 99,00 736,00 4405
37 116,99 18,07 18,07 99,00 755,00 4558
38 116,99 18,07 18,07 99,00 774,00 4625
39 116,99 18,07 18,07 99,00 793,00 4666
40 116,99 18,07 18,07 99,00 812,00 4711
41 116,99 18,07 18,07 99,00 831,00 4762
42 116,99 18,07 18,07 99,00 850,00 4795
43 116,99 18,07 18,07 99,00 869,00 4831
44 116,99 18,07 18,07 99,00 888,00 4863
45 116,99 18,07 18,07 99,00 907,00 4893
46 116,99 18,07 18,07 99,00 926,00 4918
47 116,99 18,07 18,07 99,00 945,00 4938
48 116,99 18,07 18,07 99,00 964,00 4953
49 116,99 18,07 18,07 99,00 983,00 4969
50 116,99 18,07 18,07 99,00 1.002,00 4978
51 116,99 18,07 18,07 99,00 1.021,00 4991
52 116,99 18,07 18,07 99,00 1.040,00 5006
53 116,99 18,07 18,07 99,00 1.059,00 5016
54 116,99 18,07 18,07 99,00 1.078,00 5027
55 116,99 18,07 18,07 99,00 1.097,00 5033
56 116,99 10,38 10,38 99,00 1.116,00 5043
57 116,99 10,20 10,20 99,00 1.135,00 5047
58 116,99 10,20 10,20 99,00 1.154,00 5055
59 116,99 10,20 10,20 99,00 1.173,00 5061
60 116,99 10,20 10,20 52,00 1.192,00 5068
61 116,99 10,20 10,20 52,00 1.211,00 5076
62 116,99 10,20 10,20 52,00 1.230,00 5097
63 116,99 10,20 10,20 52,00 1.249,00 5110
64 116,99 4,80 4,80 52,00 1.268,00 5114
65 116,99 4,80 4,80 52,00 1.287,00 5115
66 116,99 4,80 4,80 52,00 1.306,00 5118
67 116,99 4,80 4,80 52,00 1.325,00 5123
68 116,99 4,80 4,80 52,00 1.344,00 5124
69 116,99 4,80 4,80 52,00 1.363,00 5125
70 116,99 4,80 4,80 52,00 1.382,00 5125
71 116,99 4,80 4,80 52,00 1.401,00 5125
72 116,99 4,80 4,80 52,00 1.420,00 5125
73 116,99 4,80 4,80 52,00 1.439,00 5125
74 116,99 4,80 4,80 52,00 1.458,00 5126
75 116,99 4,80 4,80 52,00 1.477,00 5126
76 116,99 4,80 4,80 52,00 1.496,00 5126
77 116,99 4,80 4,80 52,00 1.515,00 5126
78 116,99 4,80 4,80 52,00 1.534,00 5127
79 116,99 4,80 4,80 52,00 1.553,00 5128
80 116,99 3,87 3,87 52,00 1.572,00 5128
81 116,99 3,87 3,87 52,00 1.591,00 5128
82 116,99 3,87 3,87 52,00 1.610,00 5128
83 116,99 3,73 3,73 52,00 1.629,00 5128
84 116,99 3,73 3,73 52,00 1.648,00 5128
85 116,99 3,73 3,73 52,00 1.667,00 5128
86 116,99 3,73 3,73 52,00 1.686,00 5128
87 116,99 3,73 3,73 52,00 1.705,00 5128
88 116,99 3,73 3,73 52,00 1.724,00 5129
89 116,99 3,73 3,73 52,00 1.743,00 5133
90 116,99 3,73 3,73 92,00 1.762,00 5133
91 116,99 3,73 3,73 92,00 1.781,00 5240
92 116,99 5,98 5,98 92,00 1.800,00 5280
93 116,99 5,98 5,98 92,00 1.819,00 5298
94 116,99 5,86 5,86 92,00 1.838,00 5308
95 116,99 5,86 5,86 92,00 1.857,00 5318
96 116,99 5,86 5,86 92,00 1.876,00 5327
97 116,99 5,86 5,86 92,00 1.895,00 5336
98 116,99 5,86 5,86 92,00 1.914,00 5340
99 116,99 5,86 5,86 92,00 1.933,00 5347
100 116,99 5,86 5,86 92,00 1.952,00 5351
101 116,99 5,86 5,86 92,00 1.971,00 5353
102 116,99 5,86 5,86 92,00 1.990,00 5354
103 116,99 5,86 5,86 92,00 2.009,00 5357
104 116,99 5,86 5,86 92,00 2.028,00 5357
105 116,99 5,86 5,86 92,00 2.047,00 5357
106 116,99 5,86 5,86 92,00 2.066,00 5357
107 116,99 5,86 5,86 92,00 2.085,00 5357
108 116,99 5,86 5,86 92,00 2.104,00 5357
109 116,99 5,86 5,86 92,00 2.123,00 5359
110 116,99 5,86 5,86 92,00 2.142,00 5359
111 116,99 5,86 5,86 92,00 2.161,00 5360
112 116,99 5,86 5,86 92,00 2.180,00 5362
113 116,99 5,86 5,86 92,00 2.199,00 5364
114 116,99 5,86 5,86 92,00 2.218,00 5366
115 116,99 5,86 5,86 92,00 2.237,00 5366
116 116,99 5,86 5,86 92,00 2.256,00 5366
117 116,99 5,86 5,86 92,00 2.275,00 5366
118 116,99 5,86 5,86 92,00 2.294,00 5367
119 116,99 5,86 5,86 92,00 2.313,00 5368
120 116,99 5,86 5,86 33,00 2.332,00 5368
121 116,99 5,86 5,86 33,00 2.351,00 5378
122 116,99 5,86 5,86 33,00 2.370,00 5387
123 116,99 5,86 5,86 33,00 2.389,00 5391
124 116,99 5,86 5,86 33,00 2.408,00 5392
125 116,99 5,86 5,86 33,00 2.427,00 5392
126 116,99 5,86 5,86 33,00 2.446,00 5392
127 116,99 5,86 5,86 33,00 2.465,00 5392
128 116,99 5,86 5,86 33,00 2.484,00 5392
129 116,99 5,86 5,86 33,00 2.503,00 5392
130 116,99 5,86 5,86 33,00 2.522,00 5392
131 116,99 5,86 5,86 33,00 2.541,00 5392
132 116,99 5,86 5,86 33,00 2.560,00 5392
133 116,99 5,86 5,86 33,00 2.579,00 5392
134 116,99 5,86 5,86 33,00 2.598,00 5392
135 116,99 5,86 5,86 33,00 2.617,00 5392
136 116,99 5,86 5,86 33,00 2.636,00 5392
137 116,99 1,45 1,45 33,00 2.655,00 5392
138 116,99 1,45 1,45 33,00 2.674,00 5392
139 116,99 1,45 1,45 33,00 2.693,00 5392
140 116,99 1,45 1,45 33,00 2.712,00 5397
141 116,99 1,41 1,41 33,00 2.731,00 5398
142 116,99 1,41 1,41 33,00 2.750,00 5398
143 116,99 1,41 1,41 33,00 2.769,00 5398
144 116,99 1,41 1,41 33,00 2.788,00 5398
145 116,99 1,41 1,41 33,00 2.807,00 5398
146 116,99 1,37 1,37 33,00 2.826,00 5398
147 116,99 1,37 1,37 33,00 2.845,00 5398
148 116,99 1,37 1,37 33,00 2.864,00 5398
149 116,99 1,37 1,37 33,00 2.883,00 5398
150 116,99 1,37 1,37 111,00 2.902,00 5398
151 116,99 1,37 1,37 111,00 2.921,00 5443
152 116,99 4,42 4,42 111,00 2.940,00 5461
153 116,99 4,42 4,42 111,00 2.959,00 5469
154 116,99 4,42 4,42 111,00 2.978,00 5476
155 116,99 4,33 4,33 111,00 2.997,00 5480
156 116,99 4,33 4,33 111,00 3.016,00 5482
157 116,99 4,33 4,33 111,00 3.035,00 5482
158 116,99 4,33 4,33 111,00 3.054,00 5492
159 116,99 4,33 4,33 111,00 3.073,00 5501
160 116,99 4,33 4,33 111,00 3.092,00 5510
161 116,99 4,33 4,33 111,00 3.111,00 5520
162 116,99 4,33 4,33 111,00 3.130,00 5532
163 116,99 4,12 4,12 111,00 3.149,00 5544
164 116,99 4,10 4,10 111,00 3.168,00 5553
165 116,99 4,07 4,07 111,00 3.187,00 5560
166 116,99 4,07 4,07 111,00 3.206,00 5566
167 116,99 4,07 4,07 111,00 3.225,00 5570
168 116,99 4,07 4,07 111,00 3.244,00 5573
169 116,99 4,07 4,07 111,00 3.263,00 5575
170 116,99 4,07 4,07 111,00 3.282,00 5576
171 116,99 4,07 4,07 111,00 3.301,00 5577
172 116,99 4,07 4,07 111,00 3.320,00 5578
173 116,99 4,07 4,07 111,00 3.339,00 5579
174 116,99 4,07 4,07 111,00 3.358,00 5580
175 116,99 4,07 4,07 111,00 3.377,00 5582
176 116,99 4,07 4,07 111,00 3.396,00 5583
177 116,99 4,07 4,07 111,00 3.415,00 5584
178 116,99 4,07 4,07 111,00 3.434,00 5587
179 116,99 4,07 4,07 111,00 3.453,00 5589
180 116,99 4,07 4,07 70,00 3.472,00 5591
181 116,99 4,07 4,07 70,00 3.491,00 5600
182 116,99 4,07 4,07 70,00 3.510,00 5601
183 116,99 4,07 4,07 70,00 3.529,00 5602
184 116,99 4,07 4,07 70,00 3.548,00 5602
185 116,99 2,30 2,30 70,00 3.567,00 5602
186 116,99 2,30 2,30 70,00 3.586,00 5602
187 116,99 2,30 2,30 70,00 3.605,00 5602
188 116,99 2,30 2,30 70,00 3.624,00 5602
189 116,99 2,30 2,30 70,00 3.643,00 5602
190 116,99 2,30 2,30 70,00 3.662,00 5602
191 116,99 2,30 2,30 70,00 3.681,00 5604
192 116,99 2,30 2,30 70,00 3.700,00 5606
193 116,99 2,30 2,30 70,00 3.719,00 5607
194 116,99 2,30 2,30 70,00 3.738,00 5611
195 116,99 2,30 2,30 70,00 3.757,00 5613
196 116,99 2,30 2,30 70,00 3.776,00 5613
197 116,99 2,30 2,30 70,00 3.795,00 5613
198 116,99 2,30 2,30 70,00 3.814,00 5613
199 116,99 2,14 2,14 70,00 3.833,00 5613
200 116,99 2,14 2,14 70,00 3.852,00 5613
201 116,99 2,14 2,14 70,00 3.871,00 5613
202 116,99 2,14 2,14 70,00 3.890,00 5613
203 116,99 2,14 2,14 70,00 3.909,00 5613
204 116,99 2,14 2,14 70,00 3.928,00 5613
205 116,99 2,14 2,14 70,00 3.947,00 5613
206 116,99 2,14 2,14 70,00 3.966,00 5613
207 116,99 2,06 2,06 70,00 3.985,00 5613
208 116,99 2,06 2,06 70,00 4.004,00 5614
209 116,99 2,06 2,06 70,00 4.023,00 5616
210 116,99 2,06 2,06 94,00 4.042,00 5616
211 116,99 2,06 2,06 94,00 4.061,00 5655
212 116,99 2,06 2,06 94,00 4.080,00 5665
213 116,99 2,06 2,06 94,00 4.099,00 5671
214 116,99 2,06 2,06 94,00 4.118,00 5671
215 116,99 2,06 2,06 94,00 4.137,00 5671
216 116,99 2,06 2,06 94,00 4.156,00 5671
217 116,99 2,06 2,06 94,00 4.175,00 5671
218 116,99 2,06 2,06 94,00 4.194,00 5671
219 116,99 2,06 2,06 94,00 4.213,00 5671
220 116,99 2,06 2,06 94,00 4.232,00 5671
221 116,99 2,59 2,59 94,00 4.251,00 5671
222 116,99 2,59 2,59 94,00 4.270,00 5671
223 116,99 2,59 2,59 94,00 4.289,00 5671
224 116,99 2,59 2,59 94,00 4.308,00 5671
225 116,99 2,59 2,59 94,00 4.327,00 5671
226 116,99 2,59 2,59 94,00 4.346,00 5671
227 116,99 2,59 2,59 94,00 4.365,00 5671
228 116,99 2,59 2,59 94,00 4.384,00 5671
229 116,99 2,59 2,59 94,00 4.403,00 5671
230 116,99 2,49 2,49 94,00 4.422,00 5671
231 116,99 2,49 2,49 94,00 4.441,00 5671
232 116,99 2,49 2,49 94,00 4.460,00 5671
233 116,99 2,49 2,49 94,00 4.479,00 5671
234 116,99 2,49 2,49 94,00 4.498,00 5671
235 116,99 2,49 2,49 94,00 4.517,00 5671
236 116,99 2,49 2,49 94,00 4.536,00 5671
237 116,99 2,41 2,41 94,00 4.555,00 5671
238 116,99 2,41 2,41 94,00 4.574,00 5671
239 116,99 2,41 2,41 94,00 4.593,00 5671
240 116,99 2,41 2,41 90,00 4.612,00 5671
241 116,99 2,41 2,41 90,00 4.631,00 5686
242 116,99 2,41 2,41 90,00 4.650,00 5686
243 116,99 2,41 2,41 90,00 4.669,00 5687
244 116,99 2,41 2,41 90,00 4.688,00 5688
245 116,99 2,41 2,41 90,00 4.707,00 5688
246 116,99 2,23 2,23 90,00 4.726,00 5688
247 116,99 2,22 2,22 90,00 4.745,00 5688
248 116,99 2,22 2,22 90,00 4.764,00 5688
249 116,99 2,22 2,22 90,00 4.783,00 5691
250 116,99 2,22 2,22 90,00 4.802,00 5693
251 116,99 2,22 2,22 90,00 4.821,00 5693
252 116,99 2,22 2,22 90,00 4.840,00 5693
253 116,99 2,22 2,22 90,00 4.859,00 5694
254 116,99 2,22 2,22 90,00 4.878,00 5694
255 116,99 2,22 2,22 90,00 4.897,00 5694
256 116,99 2,22 2,22 90,00 4.916,00 5694
257 116,99 2,13 2,13 90,00 4.935,00 5694
258 116,99 2,13 2,13 90,00 4.954,00 5694
259 116,99 2,13 2,13 90,00 4.973,00 5694
260 116,99 2,13 2,13 90,00 4.992,00 5694
261 116,99 2,13 2,13 90,00 5.011,00 5694
262 116,99 2,09 2,09 90,00 5.030,00 5694
263 116,99 2,09 2,09 90,00 5.049,00 5694
264 116,99 2,09 2,09 90,00 5.068,00 5694
265 116,99 2,09 2,09 90,00 5.087,00 5694
266 116,99 2,09 2,09 90,00 5.106,00 5694
267 116,99 2,09 2,09 90,00 5.125,00 5694
268 116,99 2,05 2,05 90,00 5.144,00 5694
269 116,99 2,05 2,05 90,00 5.163,00 5694
270 116,99 2,05 2,05 101,00 5.182,00 5694
271 116,99 2,05 2,05 101,00 5.201,00 5724
272 116,99 2,05 2,05 101,00 5.220,00 5736
273 116,99 2,05 2,05 101,00 5.239,00 5742
274 116,99 2,05 2,05 101,00 5.258,00 5742
275 116,99 2,24 2,24 101,00 5.277,00 5742
276 116,99 2,24 2,24 101,00 5.296,00 5742
277 116,99 2,24 2,24 101,00 5.315,00 5742
278 116,99 2,24 2,24 101,00 5.334,00 5742
279 116,99 2,24 2,24 101,00 5.353,00 5742
280 116,99 2,24 2,24 101,00 5.372,00 5742
281 116,99 2,24 2,24 101,00 5.391,00 5742
282 116,99 2,24 2,24 101,00 5.410,00 5742
283 116,99 2,18 2,18 101,00 5.429,00 5742
284 116,99 2,18 2,18 101,00 5.448,00 5742
285 116,99 2,18 2,18 101,00 5.467,00 5742
286 116,99 2,18 2,18 101,00 5.486,00 5742
287 116,99 2,18 2,18 101,00 5.505,00 5742
288 116,99 2,18 2,18 101,00 5.524,00 5742
289 116,99 2,18 2,18 101,00 5.543,00 5742
290 116,99 2,18 2,18 101,00 5.562,00 5742
291 116,99 2,18 2,18 101,00 5.581,00 5742
292 116,99 2,18 2,18 101,00 5.600,00 5742
293 116,99 2,18 2,18 101,00 5.619,00 5742
294 116,99 2,18 2,18 101,00 5.638,00 5742
295 116,99 2,18 2,18 101,00 5.657,00 5742
296 116,99 2,18 2,18 101,00 5.676,00 5742
297 116,99 2,18 2,18 101,00 5.695,00 5742
298 116,99 2,18 2,18 101,00 5.714,00 5742
299 116,99 2,18 2,18 101,00 5.733,00 5742
300 116,99 2,18 2,18 85,00 5.752,00 5742
301 116,99 2,18 2,18 85,00 5.771,00 5752
302 116,99 1,72 1,72 85,00 5.790,00 5752
303 116,99 1,71 1,71 85,00 5.809,00 5752
304 116,99 1,71 1,71 85,00 5.828,00 5752
305 116,99 1,71 1,71 85,00 5.847,00 5752
306 116,99 1,70 1,70 85,00 5.866,00 5762
307 116,99 1,70 1,70 85,00 5.885,00 5773
308 116,99 1,70 1,70 85,00 5.904,00 5778
309 116,99 1,70 1,70 85,00 5.923,00 5780
310 116,99 1,70 1,70 85,00 5.942,00 5780
311 116,99 1,70 1,70 85,00 5.961,00 5780
312 116,99 1,70 1,70 85,00 5.980,00 5780
313 116,99 1,70 1,70 85,00 5.999,00 5782
314 116,99 1,70 1,70 85,00 6.018,00 5783
315 116,99 1,70 1,70 85,00 6.037,00 5783
316 116,99 1,70 1,70 85,00 6.056,00 5783
317 116,99 1,70 1,70 85,00 6.075,00 5783
318 116,99 1,70 1,70 85,00 6.094,00 5783
319 116,99 1,70 1,70 85,00 6.113,00 5783
320 116,99 1,70 1,70 85,00 6.132,00 5783
321 116,99 1,70 1,70 85,00 6.151,00 5783
322 116,99 1,70 1,70 85,00 6.170,00 5783
323 116,99 1,70 1,70 85,00 6.189,00 5783
324 116,99 1,70 1,70 85,00 6.208,00 5783
325 116,99 1,70 1,70 85,00 6.227,00 5783
326 116,99 1,70 1,70 85,00 6.246,00 5783
327 116,99 1,70 1,70 85,00 6.265,00 5783
328 116,99 1,70 1,70 85,00 6.284,00 5783
329 116,99 1,70 1,70 85,00 6.303,00 5783
330 116,99 1,70 1,70 89,00 6.322,00 5783
331 116,99 1,70 1,70 89,00 6.341,00 5809
332 116,99 1,70 1,70 89,00 6.360,00 5815
333 116,99 1,70 1,70 89,00 6.379,00 5818
334 116,99 1,63 1,63 89,00 6.398,00 5819
335 116,99 1,63 1,63 89,00 6.417,00 5820
336 116,99 1,63 1,63 89,00 6.436,00 5820
337 116,99 1,63 1,63 89,00 6.455,00 5820
338 116,99 1,63 1,63 89,00 6.474,00 5820
339 116,99 1,63 1,63 89,00 6.493,00 5820
340 116,99 1,63 1,63 89,00 6.512,00 5820
341 116,99 1,63 1,63 89,00 6.531,00 5820
342 116,99 1,63 1,63 89,00 6.550,00 5820
343 116,99 1,63 1,63 89,00 6.569,00 5820
344 116,99 1,63 1,63 89,00 6.588,00 5820
345 116,99 1,63 1,63 89,00 6.607,00 5820
346 116,99 1,57 1,57 89,00 6.626,00 5820
347 116,99 1,57 1,57 89,00 6.645,00 5820
348 116,99 1,57 1,57 89,00 6.664,00 5820
349 116,99 1,57 1,57 89,00 6.683,00 5820
350 116,99 1,57 1,57 89,00 6.702,00 5820
351 116,99 1,57 1,57 89,00 6.721,00 5820
352 116,99 1,57 1,57 89,00 6.740,00 5820
353 116,99 1,57 1,57 89,00 6.759,00 5820
354 116,99 1,57 1,57 89,00 6.778,00 5820
355 116,99 1,57 1,57 89,00 6.797,00 5820
356 116,99 1,57 1,57 89,00 6.816,00 5820
357 116,99 1,57 1,57 89,00 6.835,00 5820
358 116,99 1,57 1,57 89,00 6.854,00 5820
359 116,99 1,57 1,57 89,00 6.873,00 5820
360 116,99 1,57 1,57 94,00 6.892,00 5820
361 116,99 1,57 1,57 94,00 6.911,00 5827
362 116,99 1,57 1,57 94,00 6.930,00 5827
363 116,99 1,58 1,58 94,00 6.949,00 5827
364 116,99 1,58 1,58 94,00 6.968,00 5827
365 116,99 1,58 1,58 94,00 6.987,00 5827
366 116,99 1,58 1,58 94,00 7.006,00 5827
367 116,99 1,58 1,58 94,00 7.025,00 5827
368 116,99 1,58 1,58 94,00 7.044,00 5827
369 116,99 1,56 1,56 94,00 7.063,00 5827
370 116,99 1,56 1,56 94,00 7.082,00 5827
371 116,99 1,56 1,56 94,00 7.101,00 5827
372 116,99 1,56 1,56 94,00 7.120,00 5827
373 116,99 1,56 1,56 94,00 7.139,00 5827
374 116,99 1,56 1,56 94,00 7.158,00 5827
375 116,99 1,56 1,56 94,00 7.177,00 5827
376 116,99 1,56 1,56 94,00 7.196,00 5827
377 116,99 1,56 1,56 94,00 7.215,00 5827
378 116,99 1,56 1,56 94,00 7.234,00 5827
379 116,99 1,56 1,56 94,00 7.253,00 5827
380 116,99 1,51 1,51 94,00 7.272,00 5827
381 116,99 1,51 1,51 94,00 7.291,00 5827
382 116,99 1,51 1,51 94,00 7.310,00 5827
383 116,99 1,51 1,51 94,00 7.329,00 5833
384 116,99 1,51 1,51 94,00 7.348,00 5833
385 116,99 1,51 1,51 94,00 7.367,00 5833
386 116,99 1,51 1,51 94,00 7.386,00 5833
387 116,99 1,51 1,51 94,00 7.405,00 5833
388 116,99 1,51 1,51 94,00 7.424,00 5833
389 116,99 1,51 1,51 94,00 7.443,00 5833
390 116,99 1,51 1,51 104,00 7.462,00 5833
391 116,99 1,51 1,51 104,00 7.481,00 5854
392 116,99 1,51 1,51 104,00 7.500,00 5858
393 116,99 1,51 1,51 104,00 7.519,00 5861
394 116,99 1,61 1,61 104,00 7.538,00 5861
395 116,99 1,61 1,61 104,00 7.557,00 5861
396 116,99 1,61 1,61 104,00 7.576,00 5861
397 116,99 1,61 1,61 104,00 7.595,00 5861
398 116,99 1,60 1,60 104,00 7.614,00 5861
399 116,99 1,60 1,60 104,00 7.633,00 5861
400 116,99 1,60 1,60 104,00 7.652,00 5861
401 116,99 1,60 1,60 104,00 7.671,00 5865
402 116,99 1,60 1,60 104,00 7.690,00 5866
403 116,99 1,60 1,60 104,00 7.709,00 5866
404 116,99 1,60 1,60 104,00 7.728,00 5866
405 116,99 1,60 1,60 104,00 7.747,00 5866
406 116,99 1,60 1,60 104,00 7.766,00 5866
407 116,99 1,60 1,60 104,00 7.785,00 5866
408 116,99 1,60 1,60 104,00 7.804,00 5866
409 116,99 1,56 1,56 104,00 7.823,00 5866
410 116,99 1,56 1,56 104,00 7.842,00 5866
411 116,99 1,56 1,56 104,00 7.861,00 5866
412 116,99 1,56 1,56 104,00 7.880,00 5866
413 116,99 1,56 1,56 104,00 7.899,00 5866
414 116,99 1,56 1,56 104,00 7.918,00 5866
415 116,99 1,53 1,53 104,00 7.937,00 5866
416 116,99 1,53 1,53 104,00 7.956,00 5866
417 116,99 1,53 1,53 104,00 7.975,00 5866
418 116,99 1,53 1,53 104,00 7.994,00 5866
419 116,99 1,53 1,53 104,00 8.013,00 5866
420 116,99 1,53 1,53 102,00 8.032,00 5866
421 116,99 1,53 1,53 102,00 8.051,00 5875
422 116,99 1,53 1,53 102,00 8.070,00 5878
423 116,99 1,53 1,53 102,00 8.089,00 5879
424 116,99 1,53 1,53 102,00 8.108,00 5879
425 116,99 1,53 1,53 102,00 8.127,00 5879
426 116,99 1,53 1,53 102,00 8.146,00 5879
427 116,99 1,53 1,53 102,00 8.165,00 5879
428 116,99 1,53 1,53 102,00 8.184,00 5880
429 116,99 1,53 1,53 102,00 8.203,00 5880
430 116,99 1,53 1,53 102,00 8.222,00 5880
431 116,99 1,53 1,53 102,00 8.241,00 5880
432 116,99 1,53 1,53 102,00 8.260,00 5880
433 116,99 1,53 1,53 102,00 8.279,00 5880
434 116,99 1,53 1,53 102,00 8.298,00 5880
435 116,99 1,53 1,53 102,00 8.317,00 5880
436 116,99 1,53 1,53 102,00 8.336,00 5880
437 116,99 1,53 1,53 102,00 8.355,00 5880
438 116,99 1,53 1,53 102,00 8.374,00 5880
439 116,99 1,53 1,53 102,00 8.393,00 5880
440 116,99 1,53 1,53 102,00 8.412,00 5880
441 116,99 1,53 1,53 102,00 8.431,00 5880
442 116,99 1,53 1,53 102,00 8.450,00 5880
443 116,99 1,53 1,53 102,00 8.469,00 5880
444 116,99 1,53 1,53 102,00 8.488,00 5880
445 116,99 1,40 1,40 102,00 8.507,00 5880
446 116,99 1,40 1,40 102,00 8.526,00 5880
447 116,99 1,40 1,40 102,00 8.545,00 5880
448 116,99 1,40 1,40 102,00 8.564,00 5880
449 116,99 1,40 1,40 102,00 8.583,00 5880
450 116,99 1,40 1,40 112,00 8.602,00 5880
451 116,99 1,40 1,40 112,00 8.621,00 5901
452 116,99 1,40 1,40 112,00 8.640,00 5908
453 116,99 1,40 1,40 112,00 8.659,00 5908
454 116,99 1,40 1,40 112,00 8.678,00 5908
455 116,99 1,51 1,51 112,00 8.697,00 5908
456 116,99 1,51 1,51 112,00 8.716,00 5909
457 116,99 1,51 1,51 112,00 8.735,00 5909
458 116,99 1,51 1,51 112,00 8.754,00 5909
459 116,99 1,51 1,51 112,00 8.773,00 5909
460 116,99 1,51 1,51 112,00 8.792,00 5909
461 116,99 1,51 1,51 112,00 8.811,00 5909
462 116,99 1,48 1,48 112,00 8.830,00 5909
463 116,99 1,48 1,48 112,00 8.849,00 5909
464 116,99 1,48 1,48 112,00 8.868,00 5909
465 116,99 1,48 1,48 112,00 8.887,00 5909
466 116,99 1,48 1,48 112,00 8.906,00 5909
467 116,99 1,48 1,48 112,00 8.925,00 5909
468 116,99 1,48 1,48 112,00 8.944,00 5909
469 116,99 1,48 1,48 112,00 8.963,00 5909
470 116,99 1,48 1,48 112,00 8.982,00 5909
471 116,99 1,48 1,48 112,00 9.001,00 5909
472 116,99 1,48 1,48 112,00 9.020,00 5909
473 116,99 1,48 1,48 112,00 9.039,00 5909
474 116,99 1,48 1,48 112,00 9.058,00 5909
475 116,99 1,48 1,48 112,00 9.077,00 5909
476 116,99 1,48 1,48 112,00 9.096,00 5909
477 116,99 1,48 1,48 112,00 9.115,00 5909
478 116,99 1,48 1,48 112,00 9.134,00 5909
479 116,99 1,43 1,43 112,00 9.153,00 5909
480 116,99 1,43 1,43 114,00 9.172,00 5909
481 116,99 1,43 1,43 114,00 9.191,00 5915
482 116,99 1,43 1,43 114,00 9.210,00 5916
483 116,99 1,43 1,43 114,00 9.229,00 5916
484 116,99 1,43 1,43 114,00 9.248,00 5916
485 116,99 1,43 1,43 114,00 9.267,00 5916
486 116,99 1,44 1,44 114,00 9.286,00 5916
487 116,99 1,43 1,43 114,00 9.305,00 5916
488 116,99 1,43 1,43 114,00 9.324,00 5916
489 116,99 1,43 1,43 114,00 9.343,00 5916
490 116,99 1,43 1,43 114,00 9.362,00 5916
491 116,99 1,43 1,43 114,00 9.381,00 5916
492 116,99 1,42 1,42 114,00 9.400,00 5916
493 116,99 1,42 1,42 114,00 9.419,00 5916
494 116,99 1,42 1,42 114,00 9.438,00 5916
495 116,99 1,42 1,42 114,00 9.457,00 5916
496 116,99 1,42 1,42 114,00 9.476,00 5916
497 116,99 1,42 1,42 114,00 9.495,00 5916
498 116,99 1,40 1,40 114,00 9.514,00 5916
499 116,99 1,40 1,40 114,00 9.533,00 5916
500 116,99 1,40 1,40 114,00 9.552,00 5916
501 116,99 1,40 1,40 114,00 9.571,00 5916
502 116,99 1,40 1,40 114,00 9.590,00 5916
503 116,99 1,40 1,40 114,00 9.609,00 5916
504 116,99 1,40 1,40 114,00 9.628,00 5916
505 116,99 1,40 1,40 114,00 9.647,00 5919
506 116,99 1,40 1,40 114,00 9.666,00 5919
507 116,99 1,40 1,40 114,00 9.685,00 5919
508 116,99 1,40 1,40 114,00 9.704,00 5919
509 116,99 1,40 1,40 114,00 9.723,00 5919
510 116,99 1,40 1,40 126,00 9.742,00 5919
511 116,99 1,40 1,40 126,00 9.761,00 5935
512 116,99 1,40 1,40 126,00 9.780,00 5937
513 116,99 1,40 1,40 126,00 9.799,00 5938
514 116,99 1,40 1,40 126,00 9.818,00 5938
515 116,99 1,40 1,40 126,00 9.837,00 5938
516 116,99 1,40 1,40 126,00 9.856,00 5938
517 116,99 1,40 1,40 126,00 9.875,00 5938
518 116,99 1,40 1,40 126,00 9.894,00 5938
519 116,99 1,40 1,40 126,00 9.913,00 5938
520 116,99 1,40 1,40 126,00 9.932,00 5938
521 116,99 1,48 1,48 126,00 9.951,00 5938
522 116,99 1,48 1,48 126,00 9.970,00 5938
523 116,99 1,48 1,48 126,00 9.989,00 5938
524 116,99 1,47 1,47 126,00 10.008,00 5938
525 116,99 1,47 1,47 126,00 10.027,00 5938
526 116,99 1,47 1,47 126,00 10.046,00 5938
527 116,99 1,47 1,47 126,00 10.065,00 5938
528 116,99 1,47 1,47 126,00 10.084,00 5938
529 116,99 1,47 1,47 126,00 10.103,00 5938
530 116,99 1,47 1,47 126,00 10.122,00 5938
531 116,99 1,47 1,47 126,00 10.141,00 5938
532 116,99 1,47 1,47 126,00 10.160,00 5938
533 116,99 1,47 1,47 126,00 10.179,00 5938
534 116,99 1,47 1,47 126,00 10.198,00 5938
535 116,99 1,47 1,47 126,00 10.217,00 5938
536 116,99 1,44 1,44 126,00 10.236,00 5938
537 116,99 1,44 1,44 126,00 10.255,00 5938
538 116,99 1,44 1,44 126,00 10.274,00 5938
539 116,99 1,44 1,44 126,00 10.293,00 5938
540 116,99 1,44 1,44 128,00 10.312,00 5938
541 116,99 1,44 1,44 128,00 10.331,00 5942
542 116,99 1,45 1,45 128,00 10.350,00 5944
543 116,99 1,45 1,45 128,00 10.369,00 5946
544 116,99 1,45 1,45 128,00 10.388,00 5947
545 116,99 1,45 1,45 128,00 10.407,00 5958
546 116,99 1,45 1,45 128,00 10.426,00 5965
547 116,99 1,45 1,45 128,00 10.445,00 5965
548 116,99 1,45 1,45 128,00 10.464,00 5965
549 116,99 1,45 1,45 128,00 10.483,00 5965
550 116,99 1,45 1,45 128,00 10.502,00 5965
551 116,99 1,42 1,42 128,00 10.521,00 5965
552 116,99 1,42 1,42 128,00 10.540,00 5965
553 116,99 1,42 1,42 128,00 10.559,00 5965
554 116,99 1,42 1,42 128,00 10.578,00 5965
555 116,99 1,42 1,42 128,00 10.597,00 5965
556 116,99 1,42 1,42 128,00 10.616,00 5965
557 116,99 1,41 1,41 128,00 10.635,00 5965
558 116,99 1,41 1,41 128,00 10.654,00 5965
559 116,99 1,40 1,40 128,00 10.673,00 5969
560 116,99 1,40 1,40 128,00 10.692,00 5969
561 116,99 1,40 1,40 128,00 10.711,00 5969
562 116,99 1,40 1,40 128,00 10.730,00 5969
563 116,99 1,39 1,39 128,00 10.749,00 5969
564 116,99 1,39 1,39 128,00 10.768,00 5969
565 116,99 1,39 1,39 128,00 10.787,00 5969
566 116,99 1,39 1,39 128,00 10.806,00 5969
567 116,99 1,39 1,39 128,00 10.825,00 5969
568 116,99 1,39 1,39 128,00 10.844,00 5969
569 116,99 1,39 1,39 128,00 10.863,00 5969
570 116,99 1,39 1,39 126,00 10.882,00 5969
571 116,99 1,39 1,39 126,00 10.901,00 5988
572 116,99 1,39 1,39 126,00 10.920,00 5994
573 116,99 1,39 1,39 126,00 10.939,00 5999
574 116,99 1,39 1,39 126,00 10.958,00 6004
575 116,99 1,39 1,39 126,00 10.977,00 6007
576 116,99 1,39 1,39 126,00 10.996,00 6009
577 116,99 1,39 1,39 126,00 11.015,00 6010
578 116,99 1,39 1,39 126,00 11.034,00 6010
579 116,99 1,39 1,39 126,00 11.053,00 6010
580 116,99 1,39 1,39 126,00 11.072,00 6010
581 116,99 1,33 1,33 126,00 11.091,00 6010
582 116,99 1,33 1,33 126,00 11.110,00 6010
583 116,99 1,33 1,33 126,00 11.129,00 6010
584 116,99 1,33 1,33 126,00 11.148,00 6010
585 116,99 1,33 1,33 126,00 11.167,00 6010
586 116,99 1,33 1,33 126,00 11.186,00 6010
587 116,99 1,33 1,33 126,00 11.205,00 6010
588 116,99 1,33 1,33 126,00 11.224,00 6010
589 116,99 1,33 1,33 126,00 11.243,00 6010
590 116,99 1,33 1,33 126,00 11.262,00 6010
591 116,99 1,33 1,33 126,00 11.281,00 6010
592 116,99 1,33 1,33 126,00 11.300,00 6010
593 116,99 1,33 1,33 126,00 11.319,00 6010
594 116,99 1,33 1,33 126,00 11.338,00 6010
595 116,99 1,33 1,33 126,00 11.357,00 6010
596 116,99 1,33 1,33 126,00 11.376,00 6010
597 116,99 1,33 1,33 126,00 11.395,00 6010
598 116,99 1,33 1,33 126,00 11.414,00 6010
599 116,99 1,33 1,33 126,00 11.433,00 6010
600 116,99 1,33 1,33 118,00 11.452,00 6010
601 116,99 1,33 1,33 118,00 11.471,00 6019
602 116,99 1,33 1,33 118,00 11.490,00 6021
603 116,99 1,20 1,20 118,00 11.509,00 6022
604 116,99 1,20 1,20 118,00 11.528,00 6022
605 116,99 1,20 1,20 118,00 11.547,00 6022
606 116,99 1,20 1,20 118,00 11.566,00 6022
607 116,99 1,20 1,20 118,00 11.585,00 6022
608 116,99 1,20 1,20 118,00 11.604,00 6023
609 116,99 1,19 1,19 118,00 11.623,00 6023
610 116,99 1,19 1,19 118,00 11.642,00 6023
611 116,99 1,19 1,19 118,00 11.661,00 6023
612 116,99 1,19 1,19 118,00 11.680,00 6023
613 116,99 1,19 1,19 118,00 11.699,00 6023
614 116,99 1,18 1,18 118,00 11.718,00 6023
615 116,99 1,18 1,18 118,00 11.737,00 6023
616 116,99 1,18 1,18 118,00 11.756,00 6023
617 116,99 1,18 1,18 118,00 11.775,00 6023
618 116,99 1,18 1,18 118,00 11.794,00 6023
619 116,99 1,18 1,18 118,00 11.813,00 6023
620 116,99 1,18 1,18 118,00 11.832,00 6023
621 116,99 1,18 1,18 118,00 11.851,00 6023
622 116,99 1,18 1,18 118,00 11.870,00 6023
623 116,99 1,18 1,18 118,00 11.889,00 6023
624 116,99 1,18 1,18 118,00 11.908,00 6023
625 116,99 1,18 1,18 118,00 11.927,00 6023
626 116,99 1,18 1,18 118,00 11.946,00 6023
627 116,99 1,18 1,18 118,00 11.965,00 6023
628 116,99 1,18 1,18 118,00 11.984,00 6023
629 116,99 1,18 1,18 118,00 12.003,00 6023
630 116,99 1,18 1,18 128,00 12.022,00 6023
631 116,99 1,18 1,18 128,00 12.041,00 6039
632 116,99 1,18 1,18 128,00 12.060,00 6043
633 116,99 1,18 1,18 128,00 12.079,00 6043
634 116,99 1,18 1,18 128,00 12.098,00 6043
635 116,99 1,18 1,18 128,00 12.117,00 6043
636 116,99 1,18 1,18 128,00 12.136,00 6043
637 116,99 1,18 1,18 128,00 12.155,00 6043
638 116,99 1,18 1,18 128,00 12.174,00 6043
639 116,99 1,18 1,18 128,00 12.193,00 6043
640 116,99 1,18 1,18 128,00 12.212,00 6043
641 116,99 1,18 1,18 128,00 12.231,00 6043
642 116,99 1,18 1,18 128,00 12.250,00 6043
643 116,99 1,18 1,18 128,00 12.269,00 6043
644 116,99 1,18 1,18 128,00 12.288,00 6043
645 116,99 1,18 1,18 128,00 12.307,00 6043
646 116,99 1,18 1,18 128,00 12.326,00 6043
647 116,99 1,18 1,18 128,00 12.345,00 6043
648 116,99 1,21 1,21 128,00 12.364,00 6043
649 116,99 1,21 1,21 128,00 12.383,00 6043
650 116,99 1,21 1,21 128,00 12.402,00 6043
651 116,99 1,21 1,21 128,00 12.421,00 6043
652 116,99 1,21 1,21 128,00 12.440,00 6043
653 116,99 1,21 1,21 128,00 12.459,00 6043
654 116,99 1,21 1,21 128,00 12.478,00 6043
655 116,99 1,21 1,21 128,00 12.497,00 6043
656 116,99 1,21 1,21 128,00 12.516,00 6043
657 116,99 1,21 1,21 128,00 12.535,00 6043
658 116,99 1,21 1,21 128,00 12.554,00 6043
659 116,99 1,21 1,21 128,00 12.573,00 6043
660 116,99 1,19 1,19 135,00 12.592,00 6043
661 116,99 1,25 1,25 135,00 12.611,00 6047
662 116,99 1,25 1,25 135,00 12.630,00 6047
663 116,99 1,25 1,25 135,00 12.649,00 6047
664 116,99 1,25 1,25 135,00 12.668,00 6047
665 116,99 1,25 1,25 135,00 12.687,00 6047
666 116,99 1,25 1,25 135,00 12.706,00 6047
667 116,99 1,25 1,25 135,00 12.725,00 6047
668 116,99 1,25 1,25 135,00 12.744,00 6048
669 116,99 1,25 1,25 135,00 12.763,00 6048
670 116,99 1,25 1,25 135,00 12.782,00 6048
671 116,99 1,25 1,25 135,00 12.801,00 6048
672 116,99 1,25 1,25 135,00 12.820,00 6048
673 116,99 1,25 1,25 135,00 12.839,00 6048
674 116,99 1,25 1,25 135,00 12.858,00 6048
675 116,99 1,25 1,25 135,00 12.877,00 6048
676 116,99 1,25 1,25 135,00 12.896,00 6048
677 116,99 1,25 1,25 135,00 12.915,00 6048
678 116,99 1,25 1,25 135,00 12.934,00 6048
679 116,99 1,25 1,25 135,00 12.953,00 6048
680 116,99 1,25 1,25 135,00 12.972,00 6048
681 116,99 1,25 1,25 135,00 12.991,00 6048
682 116,99 1,25 1,25 135,00 13.010,00 6048
683 116,99 1,25 1,25 135,00 13.029,00 6048
684 116,99 1,25 1,25 135,00 13.048,00 6048
685 116,99 1,25 1,25 135,00 13.067,00 6048
686 116,99 1,25 1,25 135,00 13.086,00 6048
687 116,99 1,25 1,25 135,00 13.105,00 6048
688 116,99 1,20 1,20 135,00 13.124,00 6048
689 116,99 1,20 1,20 135,00 13.143,00 6048
690 116,99 1,20 1,20 140,00 13.162,00 6048
691 116,99 1,20 1,20 140,00 13.181,00 6060
692 116,99 1,20 1,20 140,00 13.200,00 6063
693 116,99 1,24 1,24 140,00 13.219,00 6066
694 116,99 1,24 1,24 140,00 13.238,00 6067
695 116,99 1,24 1,24 140,00 13.257,00 6068
696 116,99 1,23 1,23 140,00 13.276,00 6070
697 116,99 1,23 1,23 140,00 13.295,00 6070
698 116,99 1,23 1,23 140,00 13.314,00 6070
699 116,99 1,23 1,23 140,00 13.333,00 6070
700 116,99 1,23 1,23 140,00 13.352,00 6070
701 116,99 1,23 1,23 140,00 13.371,00 6070
702 116,99 1,23 1,23 140,00 13.390,00 6070
703 116,99 1,23 1,23 140,00 13.409,00 6070
704 116,99 1,23 1,23 140,00 13.428,00 6070
705 116,99 1,23 1,23 140,00 13.447,00 6070
706 116,99 1,23 1,23 140,00 13.466,00 6070
707 116,99 1,23 1,23 140,00 13.485,00 6070
708 116,99 1,21 1,21 140,00 13.504,00 6070
709 116,99 1,21 1,21 140,00 13.523,00 6070
710 116,99 1,21 1,21 140,00 13.542,00 6070
711 116,99 1,21 1,21 140,00 13.561,00 6070
712 116,99 1,21 1,21 140,00 13.580,00 6070
713 116,99 1,21 1,21 140,00 13.599,00 6070
714 116,99 1,20 1,20 140,00 13.618,00 6070
715 116,99 1,20 1,20 140,00 13.637,00 6070
716 116,99 1,20 1,20 140,00 13.656,00 6070
717 116,99 1,20 1,20 140,00 13.675,00 6070
718 116,99 1,20 1,20 140,00 13.694,00 6070
719 116,99 1,20 1,20 140,00 13.713,00 6070
720 116,99 1,20 1,20 138,00 13.732,00 6070
721 116,99 1,20 1,20 138,00 13.751,00 6073
722 116,99 1,20 1,20 138,00 13.770,00 6073
723 116,99 1,20 1,20 138,00 13.789,00 6073
724 116,99 1,20 1,20 138,00 13.808,00 6073
725 116,99 1,20 1,20 138,00 13.827,00 6073
726 116,99 1,20 1,20 138,00 13.846,00 6073
727 116,99 1,20 1,20 138,00 13.865,00 6073
728 116,99 1,20 1,20 138,00 13.884,00 6073
729 116,99 1,20 1,20 138,00 13.903,00 6073
730 116,99 1,20 1,20 138,00 13.922,00 6073
731 116,99 1,20 1,20 138,00 13.941,00 6073
732 116,99 1,20 1,20 138,00 13.960,00 6073
733 116,99 1,20 1,20 138,00 13.979,00 6073
734 116,99 1,20 1,20 138,00 13.998,00 6073
735 116,99 1,15 1,15 138,00 14.017,00 6073
736 116,99 1,15 1,15 138,00 14.036,00 6073
737 116,99 1,15 1,15 138,00 14.055,00 6073
738 116,99 1,15 1,15 138,00 14.074,00 6073
739 116,99 1,15 1,15 138,00 14.093,00 6073
740 116,99 1,15 1,15 138,00 14.112,00 6073
741 116,99 1,15 1,15 138,00 14.131,00 6073
742 116,99 1,15 1,15 138,00 14.150,00 6073
743 116,99 1,15 1,15 138,00 14.169,00 6073
744 116,99 1,15 1,15 138,00 14.188,00 6073
745 116,99 1,15 1,15 138,00 14.207,00 6073
746 116,99 1,15 1,15 138,00 14.226,00 6073
747 116,99 1,15 1,15 138,00 14.245,00 6073
748 116,99 1,15 1,15 138,00 14.264,00 6073
749 116,99 1,15 1,15 138,00 14.283,00 6073
750 116,99 1,13 1,13 140,00 14.302,00 6073
751 116,99 1,13 1,13 140,00 14.321,00 6081
752 116,99 1,14 1,14 140,00 14.340,00 6085
753 116,99 1,14 1,14 140,00 14.359,00 6085
754 116,99 1,14 1,14 140,00 14.378,00 6085
755 116,99 1,14 1,14 140,00 14.397,00 6085
756 116,99 1,14 1,14 140,00 14.416,00 6085
757 116,99 1,13 1,13 140,00 14.435,00 6085
758 116,99 1,13 1,13 140,00 14.454,00 6091
759 116,99 1,13 1,13 140,00 14.473,00 6094
760 116,99 1,13 1,13 140,00 14.492,00 6096
761 116,99 1,13 1,13 140,00 14.511,00 6097
762 116,99 1,13 1,13 140,00 14.530,00 6098
763 116,99 1,13 1,13 140,00 14.549,00 6098
764 116,99 1,12 1,12 140,00 14.568,00 6098
765 116,99 1,12 1,12 140,00 14.587,00 6098
766 116,99 1,12 1,12 140,00 14.606,00 6098
767 116,99 1,12 1,12 140,00 14.625,00 6098
768 116,99 1,12 1,12 140,00 14.644,00 6098
769 116,99 1,12 1,12 140,00 14.663,00 6098
770 116,99 1,12 1,12 140,00 14.682,00 6098
771 116,99 1,12 1,12 140,00 14.701,00 6098
772 116,99 1,12 1,12 140,00 14.720,00 6098
773 116,99 1,12 1,12 140,00 14.739,00 6098
774 116,99 1,12 1,12 140,00 14.758,00 6098
775 116,99 1,12 1,12 140,00 14.777,00 6098
776 116,99 1,12 1,12 140,00 14.796,00 6098
777 116,99 1,12 1,12 140,00 14.815,00 6098
778 116,99 1,12 1,12 140,00 14.834,00 6098
779 116,99 1,12 1,12 140,00 14.853,00 6098
780 116,99 1,12 1,12 136,00 14.872,00 6098
781 116,99 1,12 1,12 136,00 14.891,00 6102
782 116,99 1,12 1,12 136,00 14.910,00 6107
783 116,99 1,12 1,12 136,00 14.929,00 6110
784 116,99 1,12 1,12 136,00 14.948,00 6111
785 116,99 1,12 1,12 136,00 14.967,00 6111
786 116,99 1,12 1,12 136,00 14.986,00 6111
787 116,99 1,12 1,12 136,00 15.005,00 6111
788 116,99 1,12 1,12 136,00 15.024,00 6111
789 116,99 1,12 1,12 136,00 15.043,00 6111
790 116,99 1,12 1,12 136,00 15.062,00 6111
791 116,99 1,12 1,12 136,00 15.081,00 6111
792 116,99 1,05 1,05 136,00 15.100,00 6111
793 116,99 1,05 1,05 136,00 15.119,00 6111
794 116,99 1,05 1,05 136,00 15.138,00 6111
795 116,99 1,05 1,05 136,00 15.157,00 6111
796 116,99 1,05 1,05 136,00 15.176,00 6111
797 116,99 1,05 1,05 136,00 15.195,00 6111
798 116,99 1,05 1,05 136,00 15.214,00 6111
799 116,99 1,05 1,05 136,00 15.233,00 6111
800 116,99 1,05 1,05 136,00 15.252,00 6111
801 116,99 1,05 1,05 136,00 15.271,00 6111
802 116,99 1,05 1,05 136,00 15.290,00 6111
803 116,99 1,05 1,05 136,00 15.309,00 6111
804 116,99 1,05 1,05 136,00 15.328,00 6111
805 116,99 1,04 1,04 136,00 15.347,00 6111
806 116,99 1,04 1,04 136,00 15.366,00 6111
807 116,99 1,04 1,04 136,00 15.385,00 6111
808 116,99 1,03 1,03 136,00 15.404,00 6111
809 116,99 1,03 1,03 136,00 15.423,00 6111
810 116,99 1,03 1,03 159,00 15.442,00 6111
811 116,99 1,03 1,03 159,00 15.461,00 6120
812 116,99 1,03 1,03 159,00 15.480,00 6122
813 116,99 1,03 1,03 159,00 15.499,00 6123
814 116,99 1,03 1,03 159,00 15.518,00 6123
815 116,99 1,03 1,03 159,00 15.537,00 6123
816 116,99 1,03 1,03 159,00 15.556,00 6123
817 116,99 1,19 1,19 159,00 15.575,00 6123
818 116,99 1,19 1,19 159,00 15.594,00 6123
819 116,99 1,19 1,19 159,00 15.613,00 6123
820 116,99 1,19 1,19 159,00 15.632,00 6123
821 116,99 1,19 1,19 159,00 15.651,00 6123
822 116,99 1,19 1,19 159,00 15.670,00 6123
823 116,99 1,19 1,19 159,00 15.689,00 6123
824 116,99 1,18 1,18 159,00 15.708,00 6123
825 116,99 1,18 1,18 159,00 15.727,00 6123
826 116,99 1,18 1,18 159,00 15.746,00 6123
827 116,99 1,18 1,18 159,00 15.765,00 6123
828 116,99 1,18 1,18 159,00 15.784,00 6123
829 116,99 1,18 1,18 159,00 15.803,00 6123
830 116,99 1,18 1,18 159,00 15.822,00 6123
831 116,99 1,18 1,18 159,00 15.841,00 6123
832 116,99 1,18 1,18 159,00 15.860,00 6123
833 116,99 1,18 1,18 159,00 15.879,00 6123
834 116,99 1,18 1,18 159,00 15.898,00 6123
835 116,99 1,18 1,18 159,00 15.917,00 6123
836 116,99 1,18 1,18 159,00 15.936,00 6123
837 116,99 1,18 1,18 159,00 15.955,00 6123
838 116,99 1,18 1,18 159,00 15.974,00 6123
839 116,99 1,18 1,18 159,00 15.993,00 6123
840 116,99 1,18 1,18 145,00 16.012,00 6123
841 116,99 1,06 1,06 145,00 16.031,00 6130
842 116,99 1,06 1,06 145,00 16.050,00 6130
843 116,99 1,06 1,06 145,00 16.069,00 6130
844 116,99 1,06 1,06 145,00 16.088,00 6130
845 116,99 1,06 1,06 145,00 16.107,00 6130
846 116,99 1,06 1,06 145,00 16.126,00 6130
847 116,99 1,05 1,05 145,00 16.145,00 6130
848 116,99 1,05 1,05 145,00 16.164,00 6130
849 116,99 1,05 1,05 145,00 16.183,00 6130
850 116,99 1,05 1,05 145,00 16.202,00 6130
851 116,99 1,05 1,05 145,00 16.221,00 6130
852 116,99 1,05 1,05 145,00 16.240,00 6130
853 116,99 1,05 1,05 145,00 16.259,00 6130
854 116,99 1,04 1,04 145,00 16.278,00 6130
855 116,99 1,04 1,04 145,00 16.297,00 6130
856 116,99 1,04 1,04 145,00 16.316,00 6130
857 116,99 1,04 1,04 145,00 16.335,00 6130
858 116,99 1,04 1,04 145,00 16.354,00 6130
859 116,99 1,04 1,04 145,00 16.373,00 6130
860 116,99 1,04 1,04 145,00 16.392,00 6130
861 116,99 1,04 1,04 145,00 16.411,00 6130
862 116,99 1,04 1,04 145,00 16.430,00 6130
863 116,99 1,04 1,04 145,00 16.449,00 6130
864 116,99 1,04 1,04 145,00 16.468,00 6130
865 116,99 1,04 1,04 145,00 16.487,00 6130
866 116,99 1,04 1,04 145,00 16.506,00 6130
867 116,99 1,04 1,04 145,00 16.525,00 6130
868 116,99 1,04 1,04 145,00 16.544,00 6130
869 116,99 1,04 1,04 145,00 16.563,00 6130
870 116,99 1,02 1,02 163,00 16.582,00 6130
871 116,99 1,02 1,02 163,00 16.601,00 6139
872 116,99 1,15 1,15 163,00 16.620,00 6142
873 116,99 1,15 1,15 163,00 16.639,00 6144
874 116,99 1,15 1,15 163,00 16.658,00 6144
875 116,99 1,15 1,15 163,00 16.677,00 6152
876 116,99 1,15 1,15 163,00 16.696,00 6155
877 116,99 1,15 1,15 163,00 16.715,00 6156
878 116,99 1,15 1,15 163,00 16.734,00 6156
879 116,99 1,14 1,14 163,00 16.753,00 6156
880 116,99 1,14 1,14 163,00 16.772,00 6156
881 116,99 1,14 1,14 163,00 16.791,00 6156
882 116,99 1,14 1,14 163,00 16.810,00 6156
883 116,99 1,14 1,14 163,00 16.829,00 6156
884 116,99 1,14 1,14 163,00 16.848,00 6156
885 116,99 1,14 1,14 163,00 16.867,00 6156
886 116,99 1,14 1,14 163,00 16.886,00 6156
887 116,99 1,14 1,14 163,00 16.905,00 6156
888 116,99 1,14 1,14 163,00 16.924,00 6156
889 116,99 1,14 1,14 163,00 16.943,00 6156
890 116,99 1,14 1,14 163,00 16.962,00 6156
891 116,99 1,14 1,14 163,00 16.981,00 6156
892 116,99 1,14 1,14 163,00 17.000,00 6156
893 116,99 1,14 1,14 163,00 17.019,00 6156
894 116,99 1,12 1,12 163,00 17.038,00 6156
895 116,99 1,12 1,12 163,00 17.057,00 6156
896 116,99 1,12 1,12 163,00 17.076,00 6156
897 116,99 1,12 1,12 163,00 17.095,00 6156
898 116,99 1,12 1,12 163,00 17.114,00 6156
899 116,99 1,12 1,12 163,00 17.133,00 6156
900 116,99 1,11 1,11 133,00 17.152,00 6156
901 116,99 1,11 1,11 133,00 17.171,00 6161
902 116,99 1,11 1,11 133,00 17.190,00 6162
903 116,99 1,11 1,11 133,00 17.209,00 6163
904 116,99 1,11 1,11 133,00 17.228,00 6163
905 116,99 1,11 1,11 133,00 17.247,00 6164
906 116,99 1,11 1,11 133,00 17.266,00 6165
907 116,99 1,11 1,11 133,00 17.285,00 6165
908 116,99 1,11 1,11 133,00 17.304,00 6165
909 116,99 1,11 1,11 133,00 17.323,00 6165
910 116,99 1,11 1,11 133,00 17.342,00 6165
911 116,99 1,11 1,11 133,00 17.361,00 6165
912 116,99 1,11 1,11 133,00 17.380,00 6165
913 116,99 1,11 1,11 133,00 17.399,00 6165
914 116,99 0,89 0,89 133,00 17.418,00 6165
915 116,99 0,89 0,89 133,00 17.437,00 6165
916 116,99 0,89 0,89 133,00 17.456,00 6165
917 116,99 0,89 0,89 133,00 17.475,00 6165
918 116,99 0,89 0,89 133,00 17.494,00 6165
919 116,99 0,89 0,89 133,00 17.513,00 6165
920 116,99 0,89 0,89 133,00 17.532,00 6165
921 116,99 0,89 0,89 133,00 17.551,00 6165
922 116,99 0,89 0,89 133,00 17.570,00 6165
923 116,99 0,89 0,89 133,00 17.589,00 6165
924 116,99 0,89 0,89 133,00 17.608,00 6165
925 116,99 0,89 0,89 133,00 17.627,00 6165
926 116,99 0,89 0,89 133,00 17.646,00 6165
927 116,99 0,88 0,88 133,00 17.665,00 6165
928 116,99 0,88 0,88 133,00 17.684,00 6165
929 116,99 0,88 0,88 133,00 17.703,00 6165
930 116,99 0,88 0,88 150,00 17.722,00 6165
931 116,99 0,88 0,88 150,00 17.741,00 6173
932 116,99 0,88 0,88 150,00 17.760,00 6176
933 116,99 0,88 0,88 150,00 17.779,00 6176
934 116,99 0,88 0,88 150,00 17.798,00 6176
935 116,99 0,88 0,88 150,00 17.817,00 6176
936 116,99 0,88 0,88 150,00 17.836,00 6177
937 116,99 0,88 0,88 150,00 17.855,00 6177
938 116,99 0,88 0,88 150,00 17.874,00 6177
939 116,99 0,88 0,88 150,00 17.893,00 6177
940 116,99 0,88 0,88 150,00 17.912,00 6177
941 116,99 0,88 0,88 150,00 17.931,00 6177
942 116,99 0,88 0,88 150,00 17.950,00 6177
943 116,99 0,98 0,98 150,00 17.969,00 6177
944 116,99 0,98 0,98 150,00 17.988,00 6177
945 116,99 0,98 0,98 150,00 18.007,00 6177
946 116,99 0,98 0,98 150,00 18.026,00 6177
947 116,99 0,98 0,98 150,00 18.045,00 6177
948 116,99 0,98 0,98 150,00 18.064,00 6177
949 116,99 0,97 0,97 150,00 18.083,00 6177
950 116,99 0,97 0,97 150,00 18.102,00 6177
951 116,99 0,97 0,97 150,00 18.121,00 6177
952 116,99 0,97 0,97 150,00 18.140,00 6177
953 116,99 0,97 0,97 150,00 18.159,00 6177
954 116,99 0,97 0,97 150,00 18.178,00 6177
955 116,99 0,97 0,97 150,00 18.197,00 6177
956 116,99 0,97 0,97 150,00 18.216,00 6177
957 116,99 0,96 0,96 150,00 18.235,00 6177
958 116,99 0,96 0,96 150,00 18.254,00 6177
959 116,99 0,96 0,96 150,00 18.273,00 6177
960 116,99 0,96 0,96 158,00 18.292,00 6177
961 116,99 0,96 0,96 158,00 18.311,00 6179
962 116,99 0,96 0,96 158,00 18.330,00 6180
963 116,99 0,96 0,96 158,00 18.349,00 6180
964 116,99 0,96 0,96 158,00 18.368,00 6180
965 116,99 0,96 0,96 158,00 18.387,00 6181
966 116,99 1,00 1,00 158,00 18.406,00 6181
967 116,99 1,00 1,00 158,00 18.425,00 6181
968 116,99 1,00 1,00 158,00 18.444,00 6181
969 116,99 1,00 1,00 158,00 18.463,00 6181
970 116,99 1,00 1,00 158,00 18.482,00 6181
971 116,99 1,00 1,00 158,00 18.501,00 6181
972 116,99 1,00 1,00 158,00 18.520,00 6181
973 116,99 1,00 1,00 158,00 18.539,00 6181
974 116,99 1,00 1,00 158,00 18.558,00 6181
975 116,99 1,00 1,00 158,00 18.577,00 6181
976 116,99 1,00 1,00 158,00 18.596,00 6181
977 116,99 1,00 1,00 158,00 18.615,00 6181
978 116,99 1,00 1,00 158,00 18.634,00 6181
979 116,99 0,99 0,99 158,00 18.653,00 6181
980 116,99 0,99 0,99 158,00 18.672,00 6181
981 116,99 0,99 0,99 158,00 18.691,00 6181
982 116,99 0,99 0,99 158,00 18.710,00 6181
983 116,99 0,99 0,99 158,00 18.729,00 6181
984 116,99 0,99 0,99 158,00 18.748,00 6181
985 116,99 0,99 0,99 158,00 18.767,00 6181
986 116,99 0,99 0,99 158,00 18.786,00 6181
987 116,99 0,99 0,99 158,00 18.805,00 6181
988 116,99 0,99 0,99 158,00 18.824,00 6181
989 116,99 0,99 0,99 158,00 18.843,00 6181
990 116,99 0,99 0,99 164,00 18.862,00 6181
991 116,99 0,99 0,99 164,00 18.881,00 6187
992 116,99 0,99 0,99 164,00 18.900,00 6189
993 116,99 0,99 0,99 164,00 18.919,00 6189
994 116,99 0,99 0,99 164,00 18.938,00 6189
995 116,99 1,01 1,01 164,00 18.957,00 6189
996 116,99 1,01 1,01 164,00 18.976,00 6189
997 116,99 1,01 1,01 164,00 18.995,00 6189
998 116,99 1,01 1,01 164,00 19.014,00 6189
999 116,99 1,01 1,01 164,00 19.033,00 6189
