1000
0 86,01 86,01 86,01 1,00 54,00 0
1 86,01 2,39 2,39 1,00 48,00 1235
2 86,01 2,32 0,96 1,00 49,00 1774
3 86,01 1,83 0,77 1,00 59,00 1865
4 86,01 1,83 0,78 1,00 71,00 1875
5 86,01 1,04 0,44 1,00 83,00 1879
6 86,01 1,04 0,44 1,00 95,00 1881
7 86,01 1,04 0,44 1,00 107,00 1881
8 86,01 1,04 0,44 1,00 119,00 1881
9 86,01 1,04 0,44 1,00 131,00 1881
10 86,01 1,04 0,44 1,00 143,00 1881
11 86,01 1,04 0,44 1,00 155,00 1881
12 86,01 1,04 0,44 1,00 167,00 1881
13 86,01 1,04 0,44 1,00 179,00 1881
14 86,01 1,04 0,44 1,00 191,00 1881
15 86,01 1,04 0,44 1,00 203,00 1881
16 86,01 1,04 0,44 1,00 215,00 1881
17 86,01 0,38 0,16 1,00 227,00 1881
18 86,01 0,38 0,16 1,00 239,00 1881
19 86,01 0,34 0,15 1,00 251,00 1881
20 86,01 0,34 0,15 1,00 263,00 1881
21 86,01 0,31 0,13 1,00 275,00 1881
22 86,01 0,31 0,13 1,00 287,00 1881
23 86,01 0,31 0,13 1,00 299,00 1881
24 86,01 0,31 0,13 1,00 311,00 1881
25 86,01 0,31 0,13 1,00 323,00 1881
26 86,01 0,31 0,13 1,00 335,00 1881
27 86,01 0,25 0,11 1,00 347,00 1881
28 86,01 0,25 0,11 1,00 359,00 1881
29 86,01 0,23 0,10 1,00 371,00 1881
30 86,01 0,23 0,10 99,00 383,00 1881
31 86,01 23,01 9,79 99,00 382,00 2704
32 86,01 23,46 9,15 99,00 375,00 3431
33 86,01 23,52 9,25 99,00 374,00 3821
34 86,01 23,65 9,69 99,00 372,00 4072
35 86,01 23,65 10,26 99,00 372,00 4286
36 86,01 23,20 9,69 99,00 379,00 4405
37 86,01 22,89 9,64 99,00 384,00 4558
38 86,01 22,35 9,63 99,00 393,00 4625
39 86,01 21,78 9,20 99,00 403,00 4666
40 86,01 21,18 8,92 99,00 414,00 4711
41 86,01 20,67 8,79 99,00 424,00 4762
42 86,01 20,18 8,68 99,00 434,00 4795
43 86,01 19,80 8,30 99,00 442,00 4831
44 86,01 19,35 8,29 99,00 452,00 4863
45 86,01 19,05 8,16 99,00 459,00 4893
46 86,01 18,59 7,96 99,00 470,00 4918
47 86,01 17,78 7,61 99,00 479,00 4938
48 86,01 17,85 7,64 99,00 489,00 4953
49 86,01 17,85 7,63 99,00 501,00 4969
50 86,01 17,06 7,29 99,00 511,00 4978
51 86,01 16,70 7,13 99,00 522,00 4991
52 86,01 16,70 7,13 99,00 534,00 5006
53 86,01 15,65 6,67 99,00 544,00 5016
54 86,01 15,68 6,68 99,00 555,00 5027
55 86,01 15,40 6,56 99,00 565,00 5033
56 86,01 15,10 6,42 99,00 576,00 5043
57 86,01 14,81 6,30 99,00 587,00 5047
58 86,01 14,53 6,17 99,00 598,00 5055
59 86,01 14,53 6,17 99,00 610,00 5061
60 86,01 14,53 6,17 4,00 622,00 5068
61 86,01 14,53 6,16 4,00 634,00 5076
62 86,01 14,53 6,16 4,00 646,00 5097
63 86,01 14,53 6,15 4,00 658,00 5110
64 86,01 14,53 6,15 4,00 670,00 5114
65 86,01 14,53 6,15 4,00 682,00 5115
66 86,01 14,53 6,15 4,00 694,00 5118
67 86,01 14,53 6,13 4,00 706,00 5123
68 86,01 14,53 6,13 4,00 718,00 5124
69 86,01 14,53 6,13 4,00 730,00 5125
70 86,01 14,53 6,13 4,00 742,00 5125
71 86,01 14,53 6,13 4,00 754,00 5125
72 86,01 14,53 6,13 4,00 766,00 5125
73 86,01 14,53 6,13 4,00 778,00 5125
74 86,01 14,53 6,13 4,00 790,00 5126
75 86,01 14,53 6,13 4,00 802,00 5126
76 86,01 14,53 6,13 4,00 814,00 5126
77 86,01 14,53 6,13 4,00 826,00 5126
78 86,01 14,53 6,13 4,00 838,00 5127
79 86,01 14,53 6,13 4,00 850,00 5128
80 86,01 14,53 6,13 4,00 862,00 5128
81 86,01 14,53 6,13 4,00 874,00 5128
82 86,01 14,53 6,13 4,00 886,00 5128
83 86,01 0,38 0,16 4,00 898,00 5128
84 86,01 0,38 0,16 4,00 910,00 5128
85 86,01 0,38 0,16 4,00 922,00 5128
86 86,01 0,38 0,16 4,00 934,00 5128
87 86,01 0,38 0,16 4,00 946,00 5128
88 86,01 0,38 0,16 4,00 958,00 5129
89 86,01 0,36 0,15 4,00 969,00 5133
90 86,01 0,36 0,15 102,00 981,00 5133
91 86,01 8,95 3,71 102,00 992,00 5240
92 86,01 8,95 3,70 102,00 1.004,00 5280
93 86,01 8,95 3,70 102,00 1.016,00 5298
94 86,01 8,95 3,70 102,00 1.028,00 5308
95 86,01 8,95 3,69 102,00 1.040,00 5318
96 86,01 8,95 3,69 102,00 1.052,00 5327
97 86,01 8,95 3,69 102,00 1.064,00 5336
98 86,01 8,95 3,68 102,00 1.076,00 5340
99 86,01 8,95 3,68 102,00 1.088,00 5347
100 86,01 8,95 3,68 102,00 1.100,00 5351
101 86,01 8,95 3,68 102,00 1.112,00 5353
102 86,01 8,95 3,67 102,00 1.124,00 5354
103 86,01 8,95 3,67 102,00 1.136,00 5357
104 86,01 8,95 3,67 102,00 1.148,00 5357
105 86,01 8,95 3,67 102,00 1.160,00 5357
106 86,01 8,95 3,67 102,00 1.172,00 5357
107 86,01 8,95 3,67 102,00 1.184,00 5357
108 86,01 8,95 3,67 102,00 1.196,00 5357
109 86,01 8,95 3,67 102,00 1.208,00 5359
110 86,01 8,95 3,67 102,00 1.220,00 5359
111 86,01 8,95 3,67 102,00 1.232,00 5360
112 86,01 8,95 3,64 102,00 1.244,00 5362
113 86,01 8,95 3,64 102,00 1.256,00 5364
114 86,01 8,95 3,64 102,00 1.268,00 5366
115 86,01 8,95 3,63 102,00 1.280,00 5366
116 86,01 8,95 3,63 102,00 1.292,00 5366
117 86,01 8,95 3,63 102,00 1.304,00 5366
118 86,01 8,95 3,63 102,00 1.316,00 5367
119 86,01 8,95 3,62 102,00 1.328,00 5368
120 86,01 8,95 3,62 10,00 1.340,00 5368
121 86,01 8,95 3,62 10,00 1.352,00 5378
122 86,01 8,95 3,61 10,00 1.364,00 5387
123 86,01 8,95 3,61 10,00 1.376,00 5391
124 86,01 8,95 3,61 10,00 1.388,00 5392
125 86,01 8,95 3,60 10,00 1.400,00 5392
126 86,01 8,95 3,60 10,00 1.412,00 5392
127 86,01 8,95 3,60 10,00 1.424,00 5392
128 86,01 8,95 3,60 10,00 1.436,00 5392
129 86,01 8,95 3,60 10,00 1.448,00 5392
130 86,01 8,95 3,60 10,00 1.460,00 5392
131 86,01 8,95 3,60 10,00 1.472,00 5392
132 86,01 8,95 3,60 10,00 1.484,00 5392
133 86,01 8,95 3,60 10,00 1.496,00 5392
134 86,01 8,95 3,60 10,00 1.508,00 5392
135 86,01 8,95 3,60 10,00 1.520,00 5392
136 86,01 8,95 3,60 10,00 1.532,00 5392
137 86,01 8,95 3,60 10,00 1.544,00 5392
138 86,01 8,95 3,60 10,00 1.556,00 5392
139 86,01 8,95 3,60 10,00 1.568,00 5392
140 86,01 8,95 3,60 10,00 1.580,00 5397
141 86,01 8,95 3,56 10,00 1.592,00 5398
142 86,01 8,95 3,56 10,00 1.604,00 5398
143 86,01 8,95 3,56 10,00 1.616,00 5398
144 86,01 8,95 3,56 10,00 1.628,00 5398
145 86,01 8,95 3,56 10,00 1.640,00 5398
146 86,01 8,95 3,56 10,00 1.652,00 5398
147 86,01 8,95 3,56 10,00 1.664,00 5398
148 86,01 8,95 3,56 10,00 1.676,00 5398
149 86,01 8,95 3,56 10,00 1.688,00 5398
150 86,01 8,95 3,56 1,00 1.700,00 5398
151 86,01 8,95 3,56 1,00 1.712,00 5443
152 86,01 8,95 3,53 1,00 1.724,00 5461
153 86,01 0,05 0,02 1,00 1.736,00 5469
154 86,01 0,05 0,02 1,00 1.746,00 5476
155 86,01 0,05 0,02 1,00 1.756,00 5480
156 86,01 0,05 0,02 1,00 1.768,00 5482
157 86,01 0,05 0,02 1,00 1.780,00 5482
158 86,01 0,05 0,02 1,00 1.792,00 5492
159 86,01 0,05 0,02 1,00 1.804,00 5501
160 86,01 0,05 0,02 1,00 1.816,00 5510
161 86,01 0,05 0,02 1,00 1.828,00 5520
162 86,01 0,05 0,02 1,00 1.839,00 5532
163 86,01 0,05 0,02 1,00 1.849,00 5544
164 86,01 0,05 0,02 1,00 1.860,00 5553
165 86,01 0,05 0,02 1,00 1.871,00 5560
166 86,01 0,05 0,02 1,00 1.883,00 5566
167 86,01 0,05 0,02 1,00 1.895,00 5570
168 86,01 0,05 0,02 1,00 1.907,00 5573
169 86,01 0,05 0,02 1,00 1.919,00 5575
170 86,01 0,05 0,02 1,00 1.931,00 5576
171 86,01 0,05 0,02 1,00 1.943,00 5577
172 86,01 0,05 0,02 1,00 1.955,00 5578
173 86,01 0,05 0,02 1,00 1.967,00 5579
174 86,01 0,05 0,02 1,00 1.979,00 5580
175 86,01 0,05 0,02 1,00 1.991,00 5582
176 86,01 0,04 0,02 1,00 2.003,00 5583
177 86,01 0,04 0,02 1,00 2.015,00 5584
178 86,01 0,04 0,02 1,00 2.027,00 5587
179 86,01 0,04 0,02 1,00 2.039,00 5589
180 86,01 0,04 0,02 99,00 2.051,00 5591
181 86,01 4,15 1,59 99,00 2.062,00 5600
182 86,01 4,15 1,59 99,00 2.074,00 5601
183 86,01 4,15 1,59 99,00 2.086,00 5602
184 86,01 4,15 1,59 99,00 2.098,00 5602
185 86,01 4,15 1,59 99,00 2.110,00 5602
186 86,01 4,15 1,59 99,00 2.122,00 5602
187 86,01 4,15 1,59 99,00 2.134,00 5602
188 86,01 3,97 1,52 99,00 2.146,00 5602
189 86,01 3,97 1,52 99,00 2.158,00 5602
190 86,01 3,97 1,52 99,00 2.170,00 5602
191 86,01 3,97 1,52 99,00 2.182,00 5604
192 86,01 3,97 1,50 99,00 2.194,00 5606
193 86,01 3,97 1,50 99,00 2.206,00 5607
194 86,01 3,97 1,50 99,00 2.218,00 5611
195 86,01 3,97 1,50 99,00 2.230,00 5613
196 86,01 3,97 1,50 99,00 2.242,00 5613
197 86,01 3,97 1,50 99,00 2.254,00 5613
198 86,01 3,76 1,42 99,00 2.266,00 5613
199 86,01 3,74 1,41 99,00 2.278,00 5613
200 86,01 3,74 1,41 99,00 2.290,00 5613
201 86,01 3,74 1,41 99,00 2.302,00 5613
202 86,01 3,74 1,41 99,00 2.314,00 5613
203 86,01 3,74 1,41 99,00 2.326,00 5613
204 86,01 3,74 1,41 99,00 2.338,00 5613
205 86,01 3,74 1,41 99,00 2.350,00 5613
206 86,01 3,74 1,41 99,00 2.362,00 5613
207 86,01 3,74 1,41 99,00 2.374,00 5613
208 86,01 3,74 1,41 99,00 2.386,00 5614
209 86,01 3,74 1,41 99,00 2.398,00 5616
210 86,01 3,74 1,39 42,00 2.410,00 5616
211 86,01 3,74 1,39 42,00 2.422,00 5655
212 86,01 3,74 1,39 42,00 2.434,00 5665
213 86,01 3,74 1,39 42,00 2.446,00 5671
214 86,01 3,74 1,39 42,00 2.458,00 5671
215 86,01 3,74 1,39 42,00 2.470,00 5671
216 86,01 3,74 1,39 42,00 2.482,00 5671
217 86,01 3,74 1,39 42,00 2.494,00 5671
218 86,01 3,74 1,39 42,00 2.506,00 5671
219 86,01 3,74 1,39 42,00 2.518,00 5671
220 86,01 3,74 1,39 42,00 2.530,00 5671
221 86,01 3,74 1,39 42,00 2.542,00 5671
222 86,01 1,41 0,53 42,00 2.554,00 5671
223 86,01 1,41 0,53 42,00 2.566,00 5671
224 86,01 1,41 0,53 42,00 2.578,00 5671
225 86,01 1,39 0,52 42,00 2.590,00 5671
226 86,01 1,39 0,52 42,00 2.602,00 5671
227 86,01 1,38 0,51 42,00 2.614,00 5671
228 86,01 1,38 0,51 42,00 2.626,00 5671
229 86,01 1,38 0,51 42,00 2.638,00 5671
230 86,01 1,38 0,51 42,00 2.650,00 5671
231 86,01 1,38 0,51 42,00 2.662,00 5671
232 86,01 1,38 0,51 42,00 2.674,00 5671
233 86,01 1,38 0,51 42,00 2.686,00 5671
234 86,01 1,34 0,50 42,00 2.698,00 5671
235 86,01 1,34 0,50 42,00 2.710,00 5671
236 86,01 1,34 0,50 42,00 2.722,00 5671
237 86,01 1,34 0,50 42,00 2.734,00 5671
238 86,01 1,34 0,50 42,00 2.746,00 5671
239 86,01 1,34 0,50 42,00 2.758,00 5671
240 86,01 1,34 0,50 72,00 2.770,00 5671
241 86,01 1,34 0,50 72,00 2.782,00 5686
242 86,01 1,34 0,48 72,00 2.794,00 5686
243 86,01 2,21 0,80 72,00 2.806,00 5687
244 86,01 2,21 0,80 72,00 2.818,00 5688
245 86,01 2,21 0,80 72,00 2.830,00 5688
246 86,01 2,21 0,80 72,00 2.842,00 5688
247 86,01 2,21 0,80 72,00 2.854,00 5688
248 86,01 2,21 0,80 72,00 2.866,00 5688
249 86,01 2,21 0,80 72,00 2.878,00 5691
250 86,01 2,21 0,79 72,00 2.890,00 5693
251 86,01 2,21 0,79 72,00 2.902,00 5693
252 86,01 2,21 0,79 72,00 2.914,00 5693
253 86,01 2,21 0,79 72,00 2.926,00 5694
254 86,01 2,21 0,79 72,00 2.938,00 5694
255 86,01 2,21 0,79 72,00 2.950,00 5694
256 86,01 2,21 0,79 72,00 2.962,00 5694
257 86,01 2,21 0,79 72,00 2.974,00 5694
258 86,01 2,07 0,74 72,00 2.986,00 5694
259 86,01 2,07 0,74 72,00 2.998,00 5694
260 86,01 2,07 0,74 72,00 3.010,00 5694
261 86,01 2,07 0,74 72,00 3.022,00 5694
262 86,01 2,07 0,74 72,00 3.034,00 5694
263 86,01 2,07 0,74 72,00 3.046,00 5694
264 86,01 2,07 0,74 72,00 3.058,00 5694
265 86,01 2,07 0,74 72,00 3.070,00 5694
266 86,01 2,07 0,74 72,00 3.082,00 5694
267 86,01 2,00 0,72 72,00 3.094,00 5694
268 86,01 2,00 0,72 72,00 3.106,00 5694
269 86,01 2,00 0,72 72,00 3.118,00 5694
270 86,01 2,00 0,72 61,00 3.130,00 5694
271 86,01 2,00 0,72 61,00 3.142,00 5724
272 86,01 2,00 0,70 61,00 3.154,00 5736
273 86,01 2,00 0,70 61,00 3.166,00 5742
274 86,01 2,00 0,70 61,00 3.178,00 5742
275 86,01 2,00 0,70 61,00 3.190,00 5742
276 86,01 2,00 0,70 61,00 3.202,00 5742
277 86,01 2,00 0,70 61,00 3.214,00 5742
278 86,01 2,00 0,70 61,00 3.226,00 5742
279 86,01 2,00 0,70 61,00 3.238,00 5742
280 86,01 2,00 0,70 61,00 3.250,00 5742
281 86,01 2,00 0,70 61,00 3.262,00 5742
282 86,01 2,00 0,70 61,00 3.274,00 5742
283 86,01 2,00 0,70 61,00 3.286,00 5742
284 86,01 2,00 0,70 61,00 3.298,00 5742
285 86,01 1,59 0,56 61,00 3.310,00 5742
286 86,01 1,59 0,56 61,00 3.322,00 5742
287 86,01 1,59 0,56 61,00 3.334,00 5742
288 86,01 1,57 0,55 61,00 3.346,00 5742
289 86,01 1,57 0,55 61,00 3.358,00 5742
290 86,01 1,57 0,55 61,00 3.370,00 5742
291 86,01 1,57 0,55 61,00 3.382,00 5742
292 86,01 1,55 0,54 61,00 3.394,00 5742
293 86,01 1,55 0,54 61,00 3.406,00 5742
294 86,01 1,55 0,54 61,00 3.418,00 5742
295 86,01 1,53 0,54 61,00 3.430,00 5742
296 86,01 1,53 0,54 61,00 3.442,00 5742
297 86,01 1,53 0,54 61,00 3.454,00 5742
298 86,01 1,53 0,54 61,00 3.466,00 5742
299 86,01 1,53 0,54 61,00 3.478,00 5742
300 86,01 1,53 0,54 63,00 3.490,00 5742
301 86,01 1,53 0,54 63,00 3.502,00 5752
302 86,01 1,53 0,54 63,00 3.514,00 5752
303 86,01 1,53 0,54 63,00 3.526,00 5752
304 86,01 1,53 0,54 63,00 3.538,00 5752
305 86,01 1,53 0,54 63,00 3.550,00 5752
306 86,01 1,53 0,54 63,00 3.562,00 5762
307 86,01 1,53 0,52 63,00 3.574,00 5773
308 86,01 1,53 0,52 63,00 3.586,00 5778
309 86,01 1,53 0,52 63,00 3.598,00 5780
310 86,01 1,53 0,52 63,00 3.610,00 5780
311 86,01 1,53 0,52 63,00 3.622,00 5780
312 86,01 1,53 0,52 63,00 3.634,00 5780
313 86,01 1,53 0,52 63,00 3.646,00 5782
314 86,01 1,53 0,52 63,00 3.658,00 5783
315 86,01 1,53 0,52 63,00 3.670,00 5783
316 86,01 1,53 0,52 63,00 3.682,00 5783
317 86,01 1,53 0,52 63,00 3.694,00 5783
318 86,01 1,53 0,52 63,00 3.706,00 5783
319 86,01 1,53 0,52 63,00 3.718,00 5783
320 86,01 1,53 0,52 63,00 3.730,00 5783
321 86,01 1,53 0,52 63,00 3.742,00 5783
322 86,01 1,53 0,52 63,00 3.754,00 5783
323 86,01 1,53 0,52 63,00 3.766,00 5783
324 86,01 1,53 0,52 63,00 3.778,00 5783
325 86,01 1,53 0,52 63,00 3.790,00 5783
326 86,01 1,53 0,52 63,00 3.802,00 5783
327 86,01 1,53 0,52 63,00 3.814,00 5783
328 86,01 1,53 0,52 63,00 3.826,00 5783
329 86,01 1,53 0,52 63,00 3.838,00 5783
330 86,01 1,53 0,52 65,00 3.850,00 5783
331 86,01 1,53 0,52 65,00 3.862,00 5809
332 86,01 1,53 0,51 65,00 3.874,00 5815
333 86,01 1,53 0,51 65,00 3.886,00 5818
334 86,01 1,53 0,51 65,00 3.898,00 5819
335 86,01 1,53 0,51 65,00 3.910,00 5820
336 86,01 1,53 0,51 65,00 3.922,00 5820
337 86,01 1,53 0,51 65,00 3.934,00 5820
338 86,01 1,53 0,51 65,00 3.946,00 5820
339 86,01 1,41 0,47 65,00 3.958,00 5820
340 86,01 1,41 0,47 65,00 3.970,00 5820
341 86,01 1,41 0,47 65,00 3.982,00 5820
342 86,01 1,41 0,47 65,00 3.994,00 5820
343 86,01 1,41 0,47 65,00 4.006,00 5820
344 86,01 1,41 0,47 65,00 4.018,00 5820
345 86,01 1,39 0,46 65,00 4.030,00 5820
346 86,01 1,39 0,46 65,00 4.042,00 5820
347 86,01 1,39 0,46 65,00 4.054,00 5820
348 86,01 1,39 0,46 65,00 4.066,00 5820
349 86,01 1,39 0,46 65,00 4.078,00 5820
350 86,01 1,39 0,46 65,00 4.090,00 5820
351 86,01 1,39 0,46 65,00 4.102,00 5820
352 86,01 1,39 0,46 65,00 4.114,00 5820
353 86,01 1,39 0,46 65,00 4.126,00 5820
354 86,01 1,39 0,46 65,00 4.138,00 5820
355 86,01 1,35 0,45 65,00 4.150,00 5820
356 86,01 1,35 0,45 65,00 4.162,00 5820
357 86,01 1,34 0,44 65,00 4.174,00 5820
358 86,01 1,34 0,44 65,00 4.186,00 5820
359 86,01 1,34 0,44 65,00 4.198,00 5820
360 86,01 1,34 0,44 70,00 4.210,00 5820
361 86,01 1,34 0,44 70,00 4.222,00 5827
362 86,01 1,34 0,44 70,00 4.234,00 5827
363 86,01 1,34 0,44 70,00 4.246,00 5827
364 86,01 1,34 0,44 70,00 4.258,00 5827
365 86,01 1,34 0,44 70,00 4.270,00 5827
366 86,01 1,34 0,44 70,00 4.282,00 5827
367 86,01 1,34 0,44 70,00 4.294,00 5827
368 86,01 1,34 0,44 70,00 4.306,00 5827
369 86,01 1,34 0,44 70,00 4.318,00 5827
370 86,01 1,34 0,44 70,00 4.330,00 5827
371 86,01 1,34 0,44 70,00 4.342,00 5827
372 86,01 1,34 0,44 70,00 4.354,00 5827
373 86,01 1,34 0,44 70,00 4.366,00 5827
374 86,01 1,34 0,44 70,00 4.378,00 5827
375 86,01 1,34 0,44 70,00 4.390,00 5827
376 86,01 1,34 0,44 70,00 4.402,00 5827
377 86,01 1,34 0,44 70,00 4.414,00 5827
378 86,01 1,34 0,44 70,00 4.426,00 5827
379 86,01 1,34 0,44 70,00 4.438,00 5827
380 86,01 1,34 0,44 70,00 4.450,00 5827
381 86,01 1,34 0,44 70,00 4.462,00 5827
382 86,01 1,34 0,44 70,00 4.474,00 5827
383 86,01 1,34 0,44 70,00 4.486,00 5833
384 86,01 1,34 0,43 70,00 4.498,00 5833
385 86,01 1,34 0,43 70,00 4.510,00 5833
386 86,01 1,34 0,43 70,00 4.522,00 5833
387 86,01 1,34 0,43 70,00 4.534,00 5833
388 86,01 1,34 0,43 70,00 4.546,00 5833
389 86,01 1,34 0,43 70,00 4.558,00 5833
390 86,01 1,34 0,43 76,00 4.570,00 5833
391 86,01 1,34 0,43 76,00 4.582,00 5854
392 86,01 1,34 0,42 76,00 4.594,00 5858
393 86,01 1,42 0,45 76,00 4.606,00 5861
394 86,01 1,42 0,45 76,00 4.618,00 5861
395 86,01 1,42 0,45 76,00 4.630,00 5861
396 86,01 1,42 0,45 76,00 4.642,00 5861
397 86,01 1,42 0,45 76,00 4.654,00 5861
398 86,01 1,40 0,44 76,00 4.666,00 5861
399 86,01 1,40 0,44 76,00 4.678,00 5861
400 86,01 1,40 0,44 76,00 4.690,00 5861
401 86,01 1,40 0,44 76,00 4.702,00 5865
402 86,01 1,40 0,44 76,00 4.714,00 5866
403 86,01 1,40 0,44 76,00 4.726,00 5866
404 86,01 1,40 0,44 76,00 4.738,00 5866
405 86,01 1,40 0,44 76,00 4.750,00 5866
406 86,01 1,40 0,44 76,00 4.762,00 5866
407 86,01 1,40 0,44 76,00 4.774,00 5866
408 86,01 1,40 0,44 76,00 4.786,00 5866
409 86,01 1,40 0,44 76,00 4.798,00 5866
410 86,01 1,40 0,44 76,00 4.810,00 5866
411 86,01 1,36 0,42 76,00 4.822,00 5866
412 86,01 1,36 0,42 76,00 4.834,00 5866
413 86,01 1,36 0,42 76,00 4.846,00 5866
414 86,01 1,36 0,42 76,00 4.858,00 5866
415 86,01 1,36 0,42 76,00 4.870,00 5866
416 86,01 1,36 0,42 76,00 4.882,00 5866
417 86,01 1,36 0,42 76,00 4.894,00 5866
418 86,01 1,36 0,42 76,00 4.906,00 5866
419 86,01 1,36 0,42 76,00 4.918,00 5866
420 86,01 1,33 0,42 70,00 4.930,00 5866
421 86,01 1,22 0,38 70,00 4.942,00 5875
422 86,01 1,22 0,38 70,00 4.954,00 5878
423 86,01 1,22 0,38 70,00 4.966,00 5879
424 86,01 1,22 0,38 70,00 4.978,00 5879
425 86,01 1,22 0,38 70,00 4.990,00 5879
426 86,01 1,20 0,38 70,00 5.002,00 5879
427 86,01 1,20 0,38 70,00 5.014,00 5879
428 86,01 1,20 0,38 70,00 5.026,00 5880
429 86,01 1,20 0,38 70,00 5.038,00 5880
430 86,01 1,20 0,38 70,00 5.050,00 5880
431 86,01 1,20 0,38 70,00 5.062,00 5880
432 86,01 1,20 0,38 70,00 5.074,00 5880
433 86,01 1,18 0,37 70,00 5.086,00 5880
434 86,01 1,18 0,37 70,00 5.098,00 5880
435 86,01 1,18 0,37 70,00 5.110,00 5880
436 86,01 1,18 0,37 70,00 5.122,00 5880
437 86,01 1,17 0,37 70,00 5.134,00 5880
438 86,01 1,17 0,37 70,00 5.146,00 5880
439 86,01 1,17 0,37 70,00 5.158,00 5880
440 86,01 1,17 0,37 70,00 5.170,00 5880
441 86,01 1,17 0,37 70,00 5.182,00 5880
442 86,01 1,17 0,37 70,00 5.194,00 5880
443 86,01 1,17 0,37 70,00 5.206,00 5880
444 86,01 1,17 0,37 70,00 5.218,00 5880
445 86,01 1,17 0,37 70,00 5.230,00 5880
446 86,01 1,15 0,36 70,00 5.242,00 5880
447 86,01 1,15 0,36 70,00 5.254,00 5880
448 86,01 1,15 0,36 70,00 5.266,00 5880
449 86,01 1,15 0,36 70,00 5.278,00 5880
450 86,01 1,14 0,36 84,00 5.290,00 5880
451 86,01 1,14 0,36 84,00 5.302,00 5901
452 86,01 1,14 0,34 84,00 5.314,00 5908
453 86,01 1,14 0,34 84,00 5.326,00 5908
454 86,01 1,14 0,34 84,00 5.338,00 5908
455 86,01 1,14 0,34 84,00 5.350,00 5908
456 86,01 1,35 0,41 84,00 5.362,00 5909
457 86,01 1,35 0,41 84,00 5.374,00 5909
458 86,01 1,35 0,41 84,00 5.386,00 5909
459 86,01 1,35 0,41 84,00 5.398,00 5909
460 86,01 1,35 0,41 84,00 5.410,00 5909
461 86,01 1,35 0,41 84,00 5.422,00 5909
462 86,01 1,33 0,40 84,00 5.434,00 5909
463 86,01 1,33 0,40 84,00 5.446,00 5909
464 86,01 1,33 0,40 84,00 5.458,00 5909
465 86,01 1,33 0,40 84,00 5.470,00 5909
466 86,01 1,33 0,40 84,00 5.482,00 5909
467 86,01 1,33 0,40 84,00 5.494,00 5909
468 86,01 1,33 0,40 84,00 5.506,00 5909
469 86,01 1,33 0,40 84,00 5.518,00 5909
470 86,01 1,33 0,40 84,00 5.530,00 5909
471 86,01 1,33 0,40 84,00 5.542,00 5909
472 86,01 1,33 0,40 84,00 5.554,00 5909
473 86,01 1,33 0,40 84,00 5.566,00 5909
474 86,01 1,33 0,40 84,00 5.578,00 5909
475 86,01 1,33 0,40 84,00 5.590,00 5909
476 86,01 1,33 0,40 84,00 5.602,00 5909
477 86,01 1,33 0,40 84,00 5.614,00 5909
478 86,01 1,33 0,40 84,00 5.626,00 5909
479 86,01 1,33 0,40 84,00 5.638,00 5909
480 86,01 1,33 0,40 76,00 5.650,00 5909
481 86,01 1,33 0,40 76,00 5.662,00 5915
482 86,01 1,33 0,40 76,00 5.674,00 5916
483 86,01 1,15 0,35 76,00 5.686,00 5916
484 86,01 1,15 0,35 76,00 5.698,00 5916
485 86,01 1,15 0,35 76,00 5.710,00 5916
486 86,01 1,15 0,35 76,00 5.722,00 5916
487 86,01 1,15 0,35 76,00 5.734,00 5916
488 86,01 1,15 0,35 76,00 5.746,00 5916
489 86,01 1,14 0,34 76,00 5.758,00 5916
490 86,01 1,14 0,34 76,00 5.770,00 5916
491 86,01 1,14 0,34 76,00 5.782,00 5916
492 86,01 1,13 0,34 76,00 5.794,00 5916
493 86,01 1,13 0,34 76,00 5.806,00 5916
494 86,01 1,13 0,34 76,00 5.818,00 5916
495 86,01 1,13 0,34 76,00 5.830,00 5916
496 86,01 1,13 0,34 76,00 5.842,00 5916
497 86,01 1,13 0,34 76,00 5.854,00 5916
498 86,01 1,13 0,34 76,00 5.866,00 5916
499 86,01 1,13 0,34 76,00 5.878,00 5916
500 86,01 1,11 0,33 76,00 5.890,00 5916
501 86,01 1,11 0,33 76,00 5.902,00 5916
502 86,01 1,11 0,33 76,00 5.914,00 5916
503 86,01 1,11 0,33 76,00 5.926,00 5916
504 86,01 1,11 0,33 76,00 5.938,00 5916
505 86,01 1,11 0,33 76,00 5.950,00 5919
506 86,01 1,11 0,32 76,00 5.962,00 5919
507 86,01 1,11 0,32 76,00 5.974,00 5919
508 86,01 1,11 0,32 76,00 5.986,00 5919
509 86,01 1,11 0,32 76,00 5.998,00 5919
510 86,01 1,11 0,32 97,00 6.010,00 5919
511 86,01 1,11 0,32 97,00 6.022,00 5935
512 86,01 1,11 0,32 97,00 6.034,00 5937
513 86,01 1,11 0,32 97,00 6.046,00 5938
514 86,01 1,11 0,32 97,00 6.058,00 5938
515 86,01 1,11 0,32 97,00 6.070,00 5938
516 86,01 1,11 0,32 97,00 6.082,00 5938
517 86,01 1,11 0,32 97,00 6.094,00 5938
518 86,01 1,11 0,32 97,00 6.106,00 5938
519 86,01 1,36 0,39 97,00 6.118,00 5938
520 86,01 1,36 0,39 97,00 6.130,00 5938
521 86,01 1,36 0,39 97,00 6.142,00 5938
522 86,01 1,36 0,39 97,00 6.154,00 5938
523 86,01 1,36 0,39 97,00 6.166,00 5938
524 86,01 1,36 0,39 97,00 6.178,00 5938
525 86,01 1,36 0,39 97,00 6.190,00 5938
526 86,01 1,36 0,39 97,00 6.202,00 5938
527 86,01 1,36 0,39 97,00 6.214,00 5938
528 86,01 1,36 0,39 97,00 6.226,00 5938
529 86,01 1,36 0,39 97,00 6.238,00 5938
530 86,01 1,36 0,39 97,00 6.250,00 5938
531 86,01 1,36 0,39 97,00 6.262,00 5938
532 86,01 1,36 0,39 97,00 6.274,00 5938
533 86,01 1,36 0,39 97,00 6.286,00 5938
534 86,01 1,36 0,39 97,00 6.298,00 5938
535 86,01 1,36 0,39 97,00 6.310,00 5938
536 86,01 1,36 0,39 97,00 6.322,00 5938
537 86,01 1,36 0,39 97,00 6.334,00 5938
538 86,01 1,36 0,39 97,00 6.346,00 5938
539 86,01 1,36 0,39 97,00 6.358,00 5938
540 86,01 1,36 0,39 87,00 6.370,00 5938
541 86,01 1,36 0,39 87,00 6.382,00 5942
542 86,01 1,36 0,39 87,00 6.394,00 5944
543 86,01 1,36 0,39 87,00 6.406,00 5946
544 86,01 1,36 0,38 87,00 6.418,00 5947
545 86,01 1,36 0,38 87,00 6.430,00 5958
546 86,01 1,36 0,38 87,00 6.442,00 5965
547 86,01 1,36 0,38 87,00 6.454,00 5965
548 86,01 1,16 0,32 87,00 6.466,00 5965
549 86,01 1,16 0,32 87,00 6.478,00 5965
550 86,01 1,16 0,32 87,00 6.490,00 5965
551 86,01 1,16 0,32 87,00 6.502,00 5965
552 86,01 1,16 0,32 87,00 6.514,00 5965
553 86,01 1,16 0,32 87,00 6.526,00 5965
554 86,01 1,16 0,32 87,00 6.538,00 5965
555 86,01 1,16 0,32 87,00 6.550,00 5965
556 86,01 1,16 0,32 87,00 6.562,00 5965
557 86,01 1,16 0,32 87,00 6.574,00 5965
558 86,01 1,16 0,32 87,00 6.586,00 5965
559 86,01 1,16 0,32 87,00 6.598,00 5969
560 86,01 1,16 0,32 87,00 6.610,00 5969
561 86,01 1,13 0,31 87,00 6.622,00 5969
562 86,01 1,13 0,31 87,00 6.634,00 5969
563 86,01 1,13 0,31 87,00 6.646,00 5969
564 86,01 1,13 0,31 87,00 6.658,00 5969
565 86,01 1,13 0,31 87,00 6.670,00 5969
566 86,01 1,13 0,31 87,00 6.682,00 5969
567 86,01 1,13 0,31 87,00 6.694,00 5969
568 86,01 1,13 0,31 87,00 6.706,00 5969
569 86,01 1,11 0,31 87,00 6.718,00 5969
570 86,01 1,11 0,31 92,00 6.730,00 5969
571 86,01 1,11 0,31 92,00 6.742,00 5988
572 86,01 1,11 0,31 92,00 6.754,00 5994
573 86,01 1,11 0,31 92,00 6.766,00 5999
574 86,01 1,11 0,31 92,00 6.778,00 6004
575 86,01 1,11 0,31 92,00 6.790,00 6007
576 86,01 1,11 0,31 92,00 6.802,00 6009
577 86,01 1,11 0,31 92,00 6.814,00 6010
578 86,01 1,16 0,32 92,00 6.826,00 6010
579 86,01 1,16 0,32 92,00 6.838,00 6010
580 86,01 1,16 0,32 92,00 6.850,00 6010
581 86,01 1,16 0,32 92,00 6.862,00 6010
582 86,01 1,16 0,32 92,00 6.874,00 6010
583 86,01 1,16 0,32 92,00 6.886,00 6010
584 86,01 1,16 0,32 92,00 6.898,00 6010
585 86,01 1,16 0,32 92,00 6.910,00 6010
586 86,01 1,16 0,32 92,00 6.922,00 6010
587 86,01 1,16 0,32 92,00 6.934,00 6010
588 86,01 1,16 0,32 92,00 6.946,00 6010
589 86,01 1,16 0,32 92,00 6.958,00 6010
590 86,01 1,16 0,32 92,00 6.970,00 6010
591 86,01 1,16 0,32 92,00 6.982,00 6010
592 86,01 1,16 0,32 92,00 6.994,00 6010
593 86,01 1,16 0,32 92,00 7.006,00 6010
594 86,01 1,16 0,32 92,00 7.018,00 6010
595 86,01 1,16 0,32 92,00 7.030,00 6010
596 86,01 1,16 0,32 92,00 7.042,00 6010
597 86,01 1,16 0,32 92,00 7.054,00 6010
598 86,01 1,16 0,32 92,00 7.066,00 6010
599 86,01 1,16 0,32 92,00 7.078,00 6010
600 86,01 1,16 0,32 81,00 7.090,00 6010
601 86,01 1,16 0,32 81,00 7.102,00 6019
602 86,01 1,16 0,32 81,00 7.114,00 6021
603 86,01 1,16 0,32 81,00 7.126,00 6022
604 86,01 1,16 0,32 81,00 7.138,00 6022
605 86,01 1,16 0,32 81,00 7.150,00 6022
606 86,01 1,16 0,32 81,00 7.162,00 6022
607 86,01 1,16 0,32 81,00 7.174,00 6022
608 86,01 0,97 0,27 81,00 7.186,00 6023
609 86,01 0,97 0,26 81,00 7.198,00 6023
610 86,01 0,97 0,26 81,00 7.210,00 6023
611 86,01 0,97 0,26 81,00 7.222,00 6023
612 86,01 0,97 0,26 81,00 7.234,00 6023
613 86,01 0,97 0,26 81,00 7.246,00 6023
614 86,01 0,97 0,26 81,00 7.258,00 6023
615 86,01 0,97 0,26 81,00 7.270,00 6023
616 86,01 0,97 0,26 81,00 7.282,00 6023
617 86,01 0,97 0,26 81,00 7.294,00 6023
618 86,01 0,97 0,26 81,00 7.306,00 6023
619 86,01 0,97 0,26 81,00 7.318,00 6023
620 86,01 0,97 0,26 81,00 7.330,00 6023
621 86,01 0,97 0,26 81,00 7.342,00 6023
622 86,01 0,97 0,26 81,00 7.354,00 6023
623 86,01 0,97 0,26 81,00 7.366,00 6023
624 86,01 0,97 0,26 81,00 7.378,00 6023
625 86,01 0,97 0,26 81,00 7.390,00 6023
626 86,01 0,97 0,26 81,00 7.402,00 6023
627 86,01 0,94 0,25 81,00 7.414,00 6023
628 86,01 0,94 0,25 81,00 7.426,00 6023
629 86,01 0,94 0,25 81,00 7.438,00 6023
630 86,01 0,94 0,25 94,00 7.450,00 6023
631 86,01 0,94 0,25 94,00 7.462,00 6039
632 86,01 0,94 0,25 94,00 7.474,00 6043
633 86,01 0,94 0,25 94,00 7.486,00 6043
634 86,01 0,94 0,25 94,00 7.498,00 6043
635 86,01 0,94 0,25 94,00 7.510,00 6043
636 86,01 0,94 0,25 94,00 7.522,00 6043
637 86,01 0,94 0,25 94,00 7.534,00 6043
638 86,01 0,94 0,25 94,00 7.546,00 6043
639 86,01 0,94 0,25 94,00 7.558,00 6043
640 86,01 0,94 0,25 94,00 7.570,00 6043
641 86,01 1,07 0,28 94,00 7.582,00 6043
642 86,01 1,07 0,28 94,00 7.594,00 6043
643 86,01 1,06 0,28 94,00 7.606,00 6043
644 86,01 1,06 0,28 94,00 7.618,00 6043
645 86,01 1,06 0,28 94,00 7.630,00 6043
646 86,01 1,06 0,28 94,00 7.642,00 6043
647 86,01 1,06 0,28 94,00 7.654,00 6043
648 86,01 1,06 0,28 94,00 7.666,00 6043
649 86,01 1,06 0,28 94,00 7.678,00 6043
650 86,01 1,06 0,28 94,00 7.690,00 6043
651 86,01 1,06 0,28 94,00 7.702,00 6043
652 86,01 1,06 0,28 94,00 7.714,00 6043
653 86,01 1,06 0,28 94,00 7.726,00 6043
654 86,01 1,06 0,28 94,00 7.738,00 6043
655 86,01 1,06 0,28 94,00 7.750,00 6043
656 86,01 1,04 0,27 94,00 7.762,00 6043
657 86,01 1,04 0,27 94,00 7.774,00 6043
658 86,01 1,04 0,27 94,00 7.786,00 6043
659 86,01 1,04 0,27 94,00 7.798,00 6043
660 86,01 1,04 0,27 91,00 7.810,00 6043
661 86,01 1,04 0,27 91,00 7.822,00 6047
662 86,01 1,04 0,27 91,00 7.834,00 6047
663 86,01 1,04 0,27 91,00 7.846,00 6047
664 86,01 1,04 0,27 91,00 7.858,00 6047
665 86,01 1,04 0,27 91,00 7.870,00 6047
666 86,01 1,04 0,27 91,00 7.882,00 6047
667 86,01 1,04 0,27 91,00 7.894,00 6047
668 86,01 1,04 0,27 91,00 7.906,00 6048
669 86,01 1,04 0,27 91,00 7.918,00 6048
670 86,01 1,04 0,27 91,00 7.930,00 6048
671 86,01 1,04 0,27 91,00 7.942,00 6048
672 86,01 1,04 0,27 91,00 7.954,00 6048
673 86,01 1,04 0,27 91,00 7.966,00 6048
674 86,01 1,04 0,27 91,00 7.978,00 6048
675 86,01 1,04 0,27 91,00 7.990,00 6048
676 86,01 0,98 0,26 91,00 8.002,00 6048
677 86,01 0,98 0,26 91,00 8.014,00 6048
678 86,01 0,98 0,26 91,00 8.026,00 6048
679 86,01 0,98 0,26 91,00 8.038,00 6048
680 86,01 0,98 0,26 91,00 8.050,00 6048
681 86,01 0,98 0,26 91,00 8.062,00 6048
682 86,01 0,98 0,26 91,00 8.074,00 6048
683 86,01 0,98 0,26 91,00 8.086,00 6048
684 86,01 0,98 0,26 91,00 8.098,00 6048
685 86,01 0,98 0,26 91,00 8.110,00 6048
686 86,01 0,98 0,26 91,00 8.122,00 6048
687 86,01 0,98 0,26 91,00 8.134,00 6048
688 86,01 0,98 0,26 91,00 8.146,00 6048
689 86,01 0,98 0,26 91,00 8.158,00 6048
690 86,01 0,98 0,26 105,00 8.170,00 6048
691 86,01 0,98 0,26 105,00 8.182,00 6060
692 86,01 0,98 0,25 105,00 8.194,00 6063
693 86,01 0,98 0,25 105,00 8.206,00 6066
694 86,01 0,98 0,25 105,00 8.218,00 6067
695 86,01 0,98 0,25 105,00 8.230,00 6068
696 86,01 0,98 0,25 105,00 8.242,00 6070
697 86,01 0,98 0,25 105,00 8.254,00 6070
698 86,01 0,98 0,25 105,00 8.266,00 6070
699 86,01 0,98 0,25 105,00 8.278,00 6070
700 86,01 0,98 0,25 105,00 8.290,00 6070
701 86,01 0,98 0,25 105,00 8.302,00 6070
702 86,01 0,98 0,25 105,00 8.314,00 6070
703 86,01 0,98 0,25 105,00 8.326,00 6070
704 86,01 0,98 0,25 105,00 8.338,00 6070
705 86,01 0,98 0,25 105,00 8.350,00 6070
706 86,01 0,98 0,25 105,00 8.362,00 6070
707 86,01 0,98 0,25 105,00 8.374,00 6070
708 86,01 0,98 0,25 105,00 8.386,00 6070
709 86,01 0,98 0,25 105,00 8.398,00 6070
710 86,01 0,98 0,25 105,00 8.410,00 6070
711 86,01 0,98 0,25 105,00 8.422,00 6070
712 86,01 0,98 0,25 105,00 8.434,00 6070
713 86,01 0,98 0,25 105,00 8.446,00 6070
714 86,01 0,98 0,25 105,00 8.458,00 6070
715 86,01 0,98 0,25 105,00 8.470,00 6070
716 86,01 0,98 0,25 105,00 8.482,00 6070
717 86,01 0,98 0,25 105,00 8.494,00 6070
718 86,01 0,98 0,25 105,00 8.506,00 6070
719 86,01 0,98 0,25 105,00 8.518,00 6070
720 86,01 0,98 0,25 111,00 8.530,00 6070
721 86,01 0,98 0,25 111,00 8.542,00 6073
722 86,01 0,98 0,25 111,00 8.554,00 6073
723 86,01 0,98 0,25 111,00 8.566,00 6073
724 86,01 0,98 0,25 111,00 8.578,00 6073
725 86,01 0,98 0,25 111,00 8.590,00 6073
726 86,01 0,98 0,25 111,00 8.602,00 6073
727 86,01 0,98 0,25 111,00 8.614,00 6073
728 86,01 0,98 0,25 111,00 8.626,00 6073
729 86,01 0,98 0,25 111,00 8.638,00 6073
730 86,01 0,98 0,25 111,00 8.650,00 6073
731 86,01 0,98 0,25 111,00 8.662,00 6073
732 86,01 0,98 0,25 111,00 8.674,00 6073
733 86,01 0,98 0,25 111,00 8.686,00 6073
734 86,01 0,98 0,25 111,00 8.698,00 6073
735 86,01 0,98 0,25 111,00 8.710,00 6073
736 86,01 0,98 0,25 111,00 8.722,00 6073
737 86,01 1,09 0,28 111,00 8.734,00 6073
738 86,01 1,09 0,28 111,00 8.746,00 6073
739 86,01 1,09 0,28 111,00 8.758,00 6073
740 86,01 1,09 0,28 111,00 8.770,00 6073
741 86,01 1,09 0,28 111,00 8.782,00 6073
742 86,01 1,09 0,28 111,00 8.794,00 6073
743 86,01 1,09 0,28 111,00 8.806,00 6073
744 86,01 1,09 0,28 111,00 8.818,00 6073
745 86,01 1,09 0,28 111,00 8.830,00 6073
746 86,01 1,08 0,27 111,00 8.842,00 6073
747 86,01 1,08 0,27 111,00 8.854,00 6073
748 86,01 1,08 0,27 111,00 8.866,00 6073
749 86,01 1,08 0,27 111,00 8.878,00 6073
750 86,01 1,08 0,27 97,00 8.890,00 6073
751 86,01 1,08 0,27 97,00 8.902,00 6081
752 86,01 1,08 0,26 97,00 8.914,00 6085
753 86,01 0,93 0,23 97,00 8.926,00 6085
754 86,01 0,93 0,23 97,00 8.938,00 6085
755 86,01 0,93 0,23 97,00 8.950,00 6085
756 86,01 0,93 0,23 97,00 8.962,00 6085
757 86,01 0,93 0,23 97,00 8.974,00 6085
758 86,01 0,93 0,23 97,00 8.986,00 6091
759 86,01 0,93 0,23 97,00 8.998,00 6094
760 86,01 0,93 0,23 97,00 9.010,00 6096
761 86,01 0,93 0,23 97,00 9.022,00 6097
762 86,01 0,93 0,23 97,00 9.034,00 6098
763 86,01 0,93 0,23 97,00 9.046,00 6098
764 86,01 0,93 0,23 97,00 9.058,00 6098
765 86,01 0,93 0,23 97,00 9.070,00 6098
766 86,01 0,93 0,23 97,00 9.082,00 6098
767 86,01 0,92 0,22 97,00 9.094,00 6098
768 86,01 0,92 0,22 97,00 9.106,00 6098
769 86,01 0,92 0,22 97,00 9.118,00 6098
770 86,01 0,92 0,22 97,00 9.130,00 6098
771 86,01 0,92 0,22 97,00 9.142,00 6098
772 86,01 0,91 0,22 97,00 9.154,00 6098
773 86,01 0,91 0,22 97,00 9.166,00 6098
774 86,01 0,91 0,22 97,00 9.178,00 6098
775 86,01 0,91 0,22 97,00 9.190,00 6098
776 86,01 0,91 0,22 97,00 9.202,00 6098
777 86,01 0,91 0,22 97,00 9.214,00 6098
778 86,01 0,91 0,22 97,00 9.226,00 6098
779 86,01 0,91 0,22 97,00 9.238,00 6098
780 86,01 0,91 0,22 105,00 9.250,00 6098
781 86,01 0,91 0,22 105,00 9.262,00 6102
782 86,01 0,91 0,22 105,00 9.274,00 6107
783 86,01 0,91 0,22 105,00 9.286,00 6110
784 86,01 0,91 0,22 105,00 9.298,00 6111
785 86,01 0,97 0,23 105,00 9.310,00 6111
786 86,01 0,97 0,23 105,00 9.322,00 6111
787 86,01 0,97 0,23 105,00 9.334,00 6111
788 86,01 0,97 0,23 105,00 9.346,00 6111
789 86,01 0,97 0,23 105,00 9.358,00 6111
790 86,01 0,97 0,23 105,00 9.370,00 6111
791 86,01 0,97 0,23 105,00 9.382,00 6111
792 86,01 0,97 0,23 105,00 9.394,00 6111
793 86,01 0,97 0,23 105,00 9.406,00 6111
794 86,01 0,97 0,23 105,00 9.418,00 6111
795 86,01 0,97 0,23 105,00 9.430,00 6111
796 86,01 0,97 0,23 105,00 9.442,00 6111
797 86,01 0,97 0,23 105,00 9.454,00 6111
798 86,01 0,97 0,23 105,00 9.466,00 6111
799 86,01 0,97 0,23 105,00 9.478,00 6111
800 86,01 0,97 0,23 105,00 9.490,00 6111
801 86,01 0,97 0,23 105,00 9.502,00 6111
802 86,01 0,97 0,23 105,00 9.514,00 6111
803 86,01 0,95 0,23 105,00 9.526,00 6111
804 86,01 0,95 0,23 105,00 9.538,00 6111
805 86,01 0,95 0,23 105,00 9.550,00 6111
806 86,01 0,95 0,23 105,00 9.562,00 6111
807 86,01 0,95 0,23 105,00 9.574,00 6111
808 86,01 0,95 0,23 105,00 9.586,00 6111
809 86,01 0,95 0,23 105,00 9.598,00 6111
810 86,01 0,95 0,23 101,00 9.610,00 6111
811 86,01 0,95 0,23 101,00 9.622,00 6120
812 86,01 0,90 0,21 101,00 9.634,00 6122
813 86,01 0,90 0,21 101,00 9.646,00 6123
814 86,01 0,90 0,21 101,00 9.658,00 6123
815 86,01 0,90 0,21 101,00 9.670,00 6123
816 86,01 0,90 0,21 101,00 9.682,00 6123
817 86,01 0,90 0,21 101,00 9.694,00 6123
818 86,01 0,90 0,21 101,00 9.706,00 6123
819 86,01 0,90 0,21 101,00 9.718,00 6123
820 86,01 0,89 0,21 101,00 9.730,00 6123
821 86,01 0,89 0,21 101,00 9.742,00 6123
822 86,01 0,89 0,21 101,00 9.754,00 6123
823 86,01 0,89 0,21 101,00 9.766,00 6123
824 86,01 0,89 0,21 101,00 9.778,00 6123
825 86,01 0,89 0,21 101,00 9.790,00 6123
826 86,01 0,89 0,21 101,00 9.802,00 6123
827 86,01 0,89 0,21 101,00 9.814,00 6123
828 86,01 0,89 0,21 101,00 9.826,00 6123
829 86,01 0,89 0,21 101,00 9.838,00 6123
830 86,01 0,89 0,21 101,00 9.850,00 6123
831 86,01 0,89 0,21 101,00 9.862,00 6123
832 86,01 0,89 0,21 101,00 9.874,00 6123
833 86,01 0,89 0,21 101,00 9.886,00 6123
834 86,01 0,89 0,21 101,00 9.898,00 6123
835 86,01 0,89 0,21 101,00 9.910,00 6123
836 86,01 0,89 0,21 101,00 9.922,00 6123
837 86,01 0,89 0,21 101,00 9.934,00 6123
838 86,01 0,87 0,20 101,00 9.946,00 6123
839 86,01 0,87 0,20 101,00 9.958,00 6123
840 86,01 0,87 0,20 121,00 9.970,00 6123
841 86,01 0,87 0,20 121,00 9.982,00 6130
842 86,01 0,87 0,20 121,00 9.994,00 6130
843 86,01 0,87 0,20 121,00 10.006,00 6130
844 86,01 0,87 0,20 121,00 10.018,00 6130
845 86,01 0,87 0,20 121,00 10.030,00 6130
846 86,01 0,87 0,20 121,00 10.042,00 6130
847 86,01 0,87 0,20 121,00 10.054,00 6130
848 86,01 0,87 0,20 121,00 10.066,00 6130
849 86,01 0,87 0,20 121,00 10.078,00 6130
850 86,01 0,87 0,20 121,00 10.090,00 6130
851 86,01 0,87 0,20 121,00 10.102,00 6130
852 86,01 1,03 0,24 121,00 10.114,00 6130
853 86,01 1,03 0,24 121,00 10.126,00 6130
854 86,01 1,03 0,24 121,00 10.138,00 6130
855 86,01 1,03 0,24 121,00 10.150,00 6130
856 86,01 1,03 0,24 121,00 10.162,00 6130
857 86,01 1,03 0,24 121,00 10.174,00 6130
858 86,01 1,03 0,24 121,00 10.186,00 6130
859 86,01 1,03 0,24 121,00 10.198,00 6130
860 86,01 1,03 0,24 121,00 10.210,00 6130
861 86,01 1,03 0,24 121,00 10.222,00 6130
862 86,01 1,02 0,24 121,00 10.234,00 6130
863 86,01 1,02 0,24 121,00 10.246,00 6130
864 86,01 1,02 0,24 121,00 10.258,00 6130
865 86,01 1,01 0,24 121,00 10.270,00 6130
866 86,01 1,01 0,24 121,00 10.282,00 6130
867 86,01 1,01 0,24 121,00 10.294,00 6130
868 86,01 1,01 0,24 121,00 10.306,00 6130
869 86,01 1,01 0,24 121,00 10.318,00 6130
870 86,01 1,01 0,24 111,00 10.330,00 6130
871 86,01 1,01 0,24 111,00 10.342,00 6139
872 86,01 1,01 0,23 111,00 10.354,00 6142
873 86,01 0,92 0,21 111,00 10.366,00 6144
874 86,01 0,92 0,21 111,00 10.378,00 6144
875 86,01 0,92 0,21 111,00 10.390,00 6152
876 86,01 0,92 0,21 111,00 10.402,00 6155
877 86,01 0,92 0,21 111,00 10.414,00 6156
878 86,01 0,92 0,21 111,00 10.426,00 6156
879 86,01 0,92 0,21 111,00 10.438,00 6156
880 86,01 0,92 0,21 111,00 10.450,00 6156
881 86,01 0,92 0,21 111,00 10.462,00 6156
882 86,01 0,92 0,21 111,00 10.474,00 6156
883 86,01 0,91 0,21 111,00 10.486,00 6156
884 86,01 0,91 0,21 111,00 10.498,00 6156
885 86,01 0,91 0,21 111,00 10.510,00 6156
886 86,01 0,91 0,21 111,00 10.522,00 6156
887 86,01 0,91 0,21 111,00 10.534,00 6156
888 86,01 0,91 0,21 111,00 10.546,00 6156
889 86,01 0,91 0,21 111,00 10.558,00 6156
890 86,01 0,91 0,21 111,00 10.570,00 6156
891 86,01 0,91 0,21 111,00 10.582,00 6156
892 86,01 0,91 0,21 111,00 10.594,00 6156
893 86,01 0,90 0,20 111,00 10.606,00 6156
894 86,01 0,90 0,20 111,00 10.618,00 6156
895 86,01 0,90 0,20 111,00 10.630,00 6156
896 86,01 0,90 0,20 111,00 10.642,00 6156
897 86,01 0,90 0,20 111,00 10.654,00 6156
898 86,01 0,90 0,20 111,00 10.666,00 6156
899 86,01 0,90 0,20 111,00 10.678,00 6156
900 86,01 0,90 0,20 100,00 10.690,00 6156
901 86,01 0,90 0,20 100,00 10.702,00 6161
902 86,01 0,90 0,20 100,00 10.714,00 6162
903 86,01 0,90 0,20 100,00 10.726,00 6163
904 86,01 0,90 0,20 100,00 10.738,00 6163
905 86,01 0,90 0,20 100,00 10.750,00 6164
906 86,01 0,90 0,20 100,00 10.762,00 6165
907 86,01 0,90 0,20 100,00 10.774,00 6165
908 86,01 0,90 0,20 100,00 10.786,00 6165
909 86,01 0,90 0,20 100,00 10.798,00 6165
910 86,01 0,90 0,20 100,00 10.810,00 6165
911 86,01 0,79 0,18 100,00 10.822,00 6165
912 86,01 0,79 0,18 100,00 10.834,00 6165
913 86,01 0,79 0,18 100,00 10.846,00 6165
914 86,01 0,79 0,18 100,00 10.858,00 6165
915 86,01 0,79 0,18 100,00 10.870,00 6165
916 86,01 0,79 0,18 100,00 10.882,00 6165
917 86,01 0,79 0,18 100,00 10.894,00 6165
918 86,01 0,79 0,17 100,00 10.906,00 6165
919 86,01 0,79 0,17 100,00 10.918,00 6165
920 86,01 0,79 0,17 100,00 10.930,00 6165
921 86,01 0,79 0,17 100,00 10.942,00 6165
922 86,01 0,79 0,17 100,00 10.954,00 6165
923 86,01 0,79 0,17 100,00 10.966,00 6165
924 86,01 0,79 0,17 100,00 10.978,00 6165
925 86,01 0,79 0,17 100,00 10.990,00 6165
926 86,01 0,79 0,17 100,00 11.002,00 6165
927 86,01 0,78 0,17 100,00 11.014,00 6165
928 86,01 0,78 0,17 100,00 11.026,00 6165
929 86,01 0,78 0,17 100,00 11.038,00 6165
930 86,01 0,78 0,17 114,00 11.050,00 6165
931 86,01 0,78 0,17 114,00 11.062,00 6173
932 86,01 0,78 0,17 114,00 11.074,00 6176
933 86,01 0,78 0,17 114,00 11.086,00 6176
934 86,01 0,78 0,17 114,00 11.098,00 6176
935 86,01 0,78 0,17 114,00 11.110,00 6176
936 86,01 0,78 0,17 114,00 11.122,00 6177
937 86,01 0,78 0,17 114,00 11.134,00 6177
938 86,01 0,78 0,17 114,00 11.146,00 6177
939 86,01 0,78 0,17 114,00 11.158,00 6177
940 86,01 0,78 0,17 114,00 11.170,00 6177
941 86,01 0,78 0,17 114,00 11.182,00 6177
942 86,01 0,78 0,17 114,00 11.194,00 6177
943 86,01 0,78 0,17 114,00 11.206,00 6177
944 86,01 0,78 0,17 114,00 11.218,00 6177
945 86,01 0,78 0,17 114,00 11.230,00 6177
946 86,01 0,78 0,17 114,00 11.242,00 6177
947 86,01 0,78 0,17 114,00 11.254,00 6177
948 86,01 0,78 0,17 114,00 11.266,00 6177
949 86,01 0,78 0,17 114,00 11.278,00 6177
950 86,01 0,78 0,17 114,00 11.290,00 6177
951 86,01 0,87 0,19 114,00 11.302,00 6177
952 86,01 0,87 0,19 114,00 11.314,00 6177
953 86,01 0,87 0,19 114,00 11.326,00 6177
954 86,01 0,87 0,19 114,00 11.338,00 6177
955 86,01 0,87 0,19 114,00 11.350,00 6177
956 86,01 0,87 0,19 114,00 11.362,00 6177
957 86,01 0,87 0,19 114,00 11.374,00 6177
958 86,01 0,87 0,19 114,00 11.386,00 6177
959 86,01 0,86 0,19 114,00 11.398,00 6177
960 86,01 0,86 0,19 119,00 11.410,00 6177
961 86,01 0,86 0,19 119,00 11.422,00 6179
962 86,01 0,86 0,19 119,00 11.434,00 6180
963 86,01 0,86 0,19 119,00 11.446,00 6180
964 86,01 0,86 0,19 119,00 11.458,00 6180
965 86,01 0,86 0,19 119,00 11.470,00 6181
966 86,01 0,86 0,19 119,00 11.482,00 6181
967 86,01 0,86 0,19 119,00 11.494,00 6181
968 86,01 0,86 0,19 119,00 11.506,00 6181
969 86,01 0,86 0,19 119,00 11.518,00 6181
970 86,01 0,86 0,19 119,00 11.530,00 6181
971 86,01 0,86 0,19 119,00 11.542,00 6181
972 86,01 0,86 0,19 119,00 11.554,00 6181
973 86,01 0,86 0,19 119,00 11.566,00 6181
974 86,01 0,86 0,19 119,00 11.578,00 6181
975 86,01 0,86 0,19 119,00 11.590,00 6181
976 86,01 0,86 0,19 119,00 11.602,00 6181
977 86,01 0,86 0,19 119,00 11.614,00 6181
978 86,01 0,86 0,19 119,00 11.626,00 6181
979 86,01 0,86 0,19 119,00 11.638,00 6181
980 86,01 0,86 0,19 119,00 11.650,00 6181
981 86,01 0,86 0,19 119,00 11.662,00 6181
982 86,01 0,88 0,19 119,00 11.674,00 6181
983 86,01 0,88 0,19 119,00 11.686,00 6181
984 86,01 0,88 0,19 119,00 11.698,00 6181
985 86,01 0,88 0,19 119,00 11.710,00 6181
986 86,01 0,88 0,19 119,00 11.722,00 6181
987 86,01 0,88 0,19 119,00 11.734,00 6181
988 86,01 0,88 0,19 119,00 11.746,00 6181
989 86,01 0,87 0,19 119,00 11.758,00 6181
990 86,01 0,87 0,19 121,00 11.770,00 6181
991 86,01 0,87 0,19 121,00 11.782,00 6187
992 86,01 0,87 0,18 121,00 11.794,00 6189
993 86,01 0,87 0,18 121,00 11.806,00 6189
994 86,01 0,87 0,18 121,00 11.818,00 6189
995 86,01 0,87 0,18 121,00 11.830,00 6189
996 86,01 0,87 0,18 121,00 11.842,00 6189
997 86,01 0,87 0,18 121,00 11.854,00 6189
998 86,01 0,87 0,18 121,00 11.866,00 6189
999 86,01 0,87 0,18 121,00 11.878,00 6189
