500
0 203,25 203,25 203,25 3,00 79,00 0 0
1 203,25 203,25 203,25 1,00 75,00 2034 0
2 203,25 2,75 2,75 197,00 74,00 5373 0
3 203,25 2,75 2,75 389,00 49,00 8224 0
4 203,25 2,75 2,75 577,00 17,00 10634 0
5 203,25 2,75 2,75 767,00 17,00 12916 0
6 203,25 2,75 2,75 955,00 17,00 15418 0
7 203,25 2,75 2,75 1.143,00 17,00 17536 0
8 203,25 2,75 2,75 1.337,00 17,00 19639 0
9 203,25 2,75 2,75 1.527,00 17,00 21808 0
10 203,25 2,75 2,75 1.717,00 17,00 23907 0
11 203,25 2,75 2,75 1.905,00 17,00 25930 0
12 203,25 2,75 2,75 2.085,00 17,00 27892 0
13 203,25 2,75 2,75 2.265,00 17,00 29850 0
14 203,25 2,75 2,75 2.443,00 17,00 31599 0
15 203,25 2,75 2,75 2.621,00 17,00 33497 0
16 203,25 2,75 2,75 2.807,00 17,00 35789 0
17 203,25 2,75 2,75 2.983,00 17,00 37955 0
18 203,25 2,75 2,75 3.157,00 17,00 39952 0
19 203,25 2,75 2,75 3.331,00 17,00 41766 0
20 203,25 2,75 2,75 3.505,00 17,00 43660 0
21 203,25 41.905,67 41.905,67 3.305,00 17,00 45373 0
22 203,25 41.905,67 41.905,67 3.105,00 33,00 47124 0
23 203,25 41.905,67 41.905,67 2.905,00 49,00 48807 0
24 203,25 9.083,78 9.083,78 2.705,00 65,00 50463 0
25 203,25 9.083,78 9.083,78 2.505,00 81,00 52047 0
26 203,25 9.083,78 9.083,78 2.305,00 97,00 53795 0
27 203,25 9.083,78 9.083,78 2.105,00 113,00 55520 0
28 203,25 3.316,62 3.316,62 1.905,00 129,00 57190 0
29 203,25 3.316,62 3.316,62 1.705,00 145,00 58778 0
30 203,25 2.152,45 2.152,45 1.505,00 161,00 60394 0
31 203,25 2.152,45 2.152,45 1.305,00 177,00 62105 0
32 203,25 2.152,45 2.152,45 1.105,00 193,00 63934 0
33 203,25 1.074,61 1.074,61 907,00 209,00 65556 0
34 203,25 1.074,61 1.074,61 707,00 225,00 67081 0
35 203,25 1.074,61 1.074,61 507,00 241,00 68549 0
36 203,25 1.074,61 1.074,61 309,00 257,00 69881 0
37 203,25 1.074,61 1.074,61 109,00 273,00 71145 0
38 203,25 1.074,61 1.074,61 1,00 273,00 72579 0
39 203,25 1.074,61 1.074,61 1,00 273,00 74208 0
40 203,25 0,74 0,74 193,00 273,00 75718 0
41 203,25 0,74 0,74 385,00 237,00 77166 0
42 203,25 0,74 0,74 577,00 200,00 78878 0
43 203,25 0,74 0,74 769,00 170,00 80555 0
44 203,25 0,74 0,74 959,00 141,00 81773 0
45 203,25 0,74 0,74 1.149,00 102,00 83109 0
46 203,25 0,74 0,74 1.339,00 59,00 84434 0
47 203,25 0,74 0,74 1.529,00 37,00 85600 0
48 203,25 0,74 0,74 1.715,00 17,00 87143 0
49 203,25 0,74 0,74 1.903,00 17,00 88485 0
50 203,25 0,74 0,74 2.089,00 17,00 89667 0
51 203,25 0,74 0,74 2.277,00 17,00 91101 0
52 203,25 0,74 0,74 2.465,00 17,00 92490 0
53 203,25 0,74 0,74 2.653,00 17,00 93718 0
54 203,25 0,74 0,74 2.837,00 17,00 94913 0
55 203,25 0,74 0,74 3.017,00 17,00 96246 0
56 203,25 0,74 0,74 3.199,00 17,00 97603 0
57 203,25 0,74 0,74 3.383,00 17,00 98885 0
58 203,25 0,74 0,74 3.567,00 17,00 100402 0
59 203,25 0,74 0,74 3.751,00 17,00 101741 0
60 203,25 0,74 0,74 3.933,00 17,00 103074 0
61 203,25 0,74 0,74 4.111,00 17,00 104418 0
62 203,25 0,74 0,74 4.289,00 17,00 105536 0
63 203,25 0,74 0,74 4.471,00 17,00 106810 0
64 203,25 0,74 0,74 4.657,00 17,00 108412 0
65 203,25 0,74 0,74 4.843,00 17,00 110148 0
66 203,25 0,74 0,74 5.029,00 17,00 111691 0
67 203,25 0,74 0,74 5.215,00 17,00 113010 0
68 203,25 0,74 0,74 5.401,00 17,00 114244 0
69 203,25 0,74 0,74 5.587,00 17,00 115821 0
70 203,25 0,74 0,74 5.773,00 17,00 117266 0
71 203,25 0,74 0,74 5.959,00 17,00 118561 0
72 203,25 0,74 0,74 6.145,00 17,00 120013 0
73 203,25 0,74 0,74 6.329,00 17,00 121298 0
74 203,25 0,74 0,74 6.515,00 17,00 122549 0
75 203,25 0,74 0,74 6.701,00 17,00 123751 0
76 203,25 0,74 0,74 6.887,00 17,00 124905 0
77 203,25 0,74 0,74 7.073,00 17,00 125986 0
78 203,25 0,74 0,74 7.259,00 17,00 127318 0
79 203,25 0,74 0,74 7.445,00 17,00 128543 0
80 203,25 0,74 0,74 7.631,00 17,00 130074 0
81 203,25 0,74 0,74 7.817,00 17,00 131439 0
82 203,25 0,74 0,74 8.003,00 17,00 132580 0
83 203,25 0,74 0,74 8.189,00 17,00 133739 0
84 203,25 0,74 0,74 8.375,00 17,00 134818 0
85 203,25 0,74 0,74 8.561,00 17,00 135948 0
86 203,25 0,74 0,74 8.747,00 17,00 136970 0
87 203,25 0,74 0,74 8.933,00 17,00 138018 0
88 203,25 106.802,66 106.802,66 8.733,00 17,00 139066 0
89 203,25 106.802,66 106.802,66 8.533,00 33,00 139999 0
90 203,25 106.802,66 106.802,66 8.333,00 49,00 141020 0
91 203,25 106.802,66 106.802,66 8.133,00 65,00 142167 0
92 203,25 20.407,95 20.407,95 7.933,00 81,00 143191 0
93 203,25 20.407,95 20.407,95 7.733,00 97,00 144073 0
94 203,25 20.407,95 20.407,95 7.533,00 113,00 145023 0
95 203,25 20.407,95 20.407,95 7.333,00 129,00 146050 0
96 203,25 20.407,95 20.407,95 7.133,00 145,00 147033 0
97 203,25 20.407,95 20.407,95 6.933,00 161,00 148185 0
98 203,25 20.407,95 20.407,95 6.733,00 177,00 149496 0
99 203,25 20.407,95 20.407,95 6.533,00 193,00 150789 0
100 203,25 20.407,95 20.407,95 6.333,00 209,00 151913 0
101 203,25 20.407,95 20.407,95 6.133,00 225,00 152923 0
102 203,25 20.407,95 20.407,95 5.933,00 241,00 154100 0
103 203,25 20.407,95 20.407,95 5.733,00 257,00 155304 0
104 203,25 20.407,95 20.407,95 5.533,00 273,00 156501 0
105 203,25 3.891,32 3.891,32 5.333,00 289,00 157770 0
106 203,25 3.891,32 3.891,32 5.133,00 305,00 159019 0
107 203,25 3.250,12 3.250,12 4.933,00 321,00 160099 0
108 203,25 3.250,12 3.250,12 4.733,00 337,00 161070 0
109 203,25 3.250,12 3.250,12 4.533,00 353,00 161897 0
110 203,25 3.250,12 3.250,12 4.333,00 369,00 162626 0
111 203,25 3.250,12 3.250,12 4.133,00 385,00 163252 0
112 203,25 3.250,12 3.250,12 3.933,00 401,00 163915 0
113 203,25 3.250,12 3.250,12 3.733,00 417,00 164484 0
114 203,25 3.250,12 3.250,12 3.533,00 433,00 165028 0
115 203,25 3.250,12 3.250,12 3.333,00 449,00 165663 0
116 203,25 3.250,12 3.250,12 3.133,00 465,00 166330 0
117 203,25 3.250,12 3.250,12 2.933,00 481,00 166906 0
118 203,25 3.250,12 3.250,12 2.733,00 497,00 167421 0
119 203,25 3.250,12 3.250,12 2.533,00 513,00 168035 0
120 203,25 3.250,12 3.250,12 2.333,00 529,00 168861 0
121 203,25 3.250,12 3.250,12 2.133,00 545,00 169578 0
122 203,25 3.250,12 3.250,12 1.933,00 561,00 170224 0
123 203,25 3.250,12 3.250,12 1.733,00 577,00 170893 0
124 203,25 3.250,12 3.250,12 1.533,00 593,00 171582 0
125 203,25 3.250,12 3.250,12 1.333,00 609,00 172216 0
126 203,25 3.250,12 3.250,12 1.133,00 625,00 172756 0
127 203,25 3.250,12 3.250,12 933,00 641,00 173305 0
128 203,25 3.250,12 3.250,12 733,00 657,00 173840 0
129 203,25 3.250,12 3.250,12 533,00 673,00 174427 0
130 203,25 3.250,12 3.250,12 333,00 673,00 175026 0
131 203,25 3.250,12 3.250,12 133,00 673,00 175704 0
132 203,25 3.250,12 3.250,12 1,00 673,00 176270 0
133 203,25 3.250,12 3.250,12 1,00 673,00 176881 0
134 203,25 0,30 0,30 193,00 673,00 177431 0
135 203,25 60,63 60,63 41,00 647,00 178005 0
136 203,25 60,63 60,63 1,00 638,00 178566 0
137 203,25 60,63 60,63 1,00 629,00 179265 0
138 203,25 60,63 60,63 1,00 621,00 179894 0
139 203,25 60,63 60,63 1,00 617,00 180482 0
140 203,25 60,63 60,63 1,00 610,00 181063 0
141 203,25 60,63 60,63 1,00 603,00 181637 0
142 203,25 60,63 60,63 1,00 596,00 182152 0
143 203,25 60,63 60,63 1,00 594,00 182626 0
144 203,25 60,63 60,63 2,00 590,00 183097 0
145 203,25 60,63 60,63 1,00 587,00 183576 0
146 203,25 0,35 0,35 195,00 584,00 184032 0
147 203,25 0,35 0,35 389,00 550,00 184511 0
148 203,25 0,35 0,35 585,00 518,00 184974 0
149 203,25 0,35 0,35 781,00 500,00 185531 0
150 203,25 0,35 0,35 977,00 487,00 186058 0
151 203,25 0,35 0,35 1.173,00 473,00 186631 0
152 203,25 0,35 0,35 1.369,00 457,00 187173 0
153 203,25 0,35 0,35 1.565,00 445,00 187653 0
154 203,25 748,44 748,44 1.365,00 425,00 188087 0
155 203,25 748,44 748,44 1.165,00 441,00 188478 0
156 203,25 748,44 748,44 965,00 457,00 188781 0
157 203,25 748,44 748,44 765,00 473,00 189113 0
158 203,25 748,44 748,44 565,00 489,00 189431 0
159 203,25 748,44 748,44 365,00 505,00 189747 0
160 203,25 146,90 146,90 173,00 505,00 190001 0
161 203,25 146,90 146,90 1,00 503,00 190235 0
162 203,25 146,90 146,90 1,00 503,00 190426 0
163 203,25 146,90 146,90 1,00 503,00 190604 0
164 203,25 146,90 146,90 1,00 503,00 190779 0
165 203,25 0,40 0,40 181,00 503,00 191045 0
166 203,25 0,40 0,40 361,00 481,00 191280 0
167 203,25 0,40 0,40 543,00 465,00 191593 0
168 203,25 0,40 0,40 727,00 460,00 192025 0
169 203,25 0,40 0,40 911,00 446,00 192568 0
170 203,25 425,66 425,66 711,00 435,00 193073 0
171 203,25 425,66 425,66 511,00 451,00 193588 0
172 203,25 425,66 425,66 311,00 467,00 194218 0
173 203,25 425,66 425,66 111,00 467,00 194884 0
174 203,25 425,66 425,66 1,00 467,00 195676 0
175 203,25 0,44 0,44 187,00 467,00 196337 0
176 203,25 0,44 0,44 373,00 435,00 196899 0
177 203,25 0,44 0,44 559,00 405,00 197325 0
178 203,25 0,44 0,44 745,00 387,00 197802 0
179 203,25 0,44 0,44 929,00 376,00 198275 0
180 203,25 527,43 527,43 729,00 358,00 198921 0
181 203,25 527,43 527,43 531,00 374,00 199549 0
182 203,25 527,43 527,43 333,00 390,00 200208 0
183 203,25 527,43 527,43 135,00 390,00 201052 0
184 203,25 527,43 527,43 1,00 390,00 201970 0
185 203,25 527,43 527,43 1,00 390,00 202680 0
186 203,25 527,43 527,43 1,00 389,00 203342 0
187 203,25 527,43 527,43 1,00 389,00 203905 0
188 203,25 0,52 0,52 187,00 389,00 204414 0
189 203,25 0,52 0,52 375,00 356,00 205267 0
190 203,25 0,52 0,52 563,00 330,00 206148 0
191 203,25 0,52 0,52 751,00 315,00 207071 0
192 203,25 0,52 0,52 939,00 294,00 207853 0
193 203,25 0,52 0,52 1.127,00 278,00 208707 0
194 203,25 0,52 0,52 1.315,00 255,00 209442 0
195 203,25 0,52 0,52 1.503,00 250,00 210092 0
196 203,25 0,52 0,52 1.691,00 236,00 210836 0
197 203,25 1.541,25 1.541,25 1.491,00 223,00 211520 0
198 203,25 1.541,25 1.541,25 1.291,00 239,00 212143 0
199 203,25 1.541,25 1.541,25 1.091,00 255,00 212798 0
200 203,25 1.541,25 1.541,25 891,00 271,00 213398 0
201 203,25 1.541,25 1.541,25 691,00 287,00 213972 0
202 203,25 1.541,25 1.541,25 491,00 303,00 214446 0
203 203,25 1.541,25 1.541,25 291,00 319,00 214886 0
204 203,25 1.541,25 1.541,25 91,00 319,00 215331 0
205 203,25 1.541,25 1.541,25 1,00 319,00 215711 0
206 203,25 1.541,25 1.541,25 1,00 319,00 216069 0
207 203,25 1.541,25 1.541,25 1,00 319,00 216426 0
208 203,25 1.541,25 1.541,25 1,00 319,00 216691 0
209 203,25 1.541,25 1.541,25 1,00 319,00 216851 0
210 203,25 1.541,25 1.541,25 1,00 319,00 217021 0
211 203,25 1.541,25 1.541,25 1,00 319,00 217235 0
212 203,25 1.541,25 1.541,25 1,00 319,00 217428 0
213 203,25 0,64 0,64 171,00 319,00 217613 0
214 203,25 0,64 0,64 341,00 298,00 217786 0
215 203,25 0,64 0,64 511,00 296,00 218014 0
216 203,25 0,64 0,64 681,00 290,00 218241 0
217 203,25 0,64 0,64 851,00 280,00 218632 0
218 203,25 0,64 0,64 1.021,00 267,00 219065 0
219 203,25 0,64 0,64 1.193,00 250,00 219510 0
220 203,25 0,64 0,64 1.365,00 236,00 219834 0
221 203,25 0,64 0,64 1.537,00 224,00 220118 0
222 203,25 0,64 0,64 1.709,00 217,00 220457 0
223 203,25 0,64 0,64 1.881,00 205,00 220780 0
224 203,25 2.012,19 2.012,19 1.681,00 190,00 221084 0
225 203,25 2.012,19 2.012,19 1.481,00 206,00 221368 0
226 203,25 2.012,19 2.012,19 1.281,00 222,00 221678 0
227 203,25 2.012,19 2.012,19 1.081,00 238,00 222006 0
228 203,25 865,02 865,02 881,00 254,00 222403 0
229 203,25 865,02 865,02 681,00 270,00 222737 0
230 203,25 865,02 865,02 481,00 286,00 223035 0
231 203,25 865,02 865,02 281,00 302,00 223321 0
232 203,25 865,02 865,02 81,00 302,00 223592 0
233 203,25 865,02 865,02 1,00 302,00 223825 0
234 203,25 865,02 865,02 1,00 302,00 224068 0
235 203,25 0,67 0,67 157,00 302,00 224238 0
236 203,25 0,67 0,67 313,00 283,00 224458 0
237 203,25 228,02 228,02 115,00 279,00 224715 0
238 203,25 228,02 228,02 1,00 279,00 224963 0
239 203,25 228,02 228,02 1,00 279,00 225171 0
240 203,25 228,02 228,02 1,00 279,00 225419 0
241 203,25 228,02 228,02 1,00 279,00 225651 0
242 203,25 228,02 228,02 1,00 279,00 225874 0
243 203,25 228,02 228,02 1,00 279,00 226049 0
244 203,25 228,02 228,02 1,00 279,00 226240 0
245 203,25 228,02 228,02 1,00 279,00 226509 0
246 203,25 0,73 0,73 153,00 279,00 226809 0
247 203,25 0,73 0,73 305,00 262,00 227215 0
248 203,25 240,28 240,28 105,00 258,00 227639 0
249 203,25 82,72 82,72 1,00 258,00 228105 0
250 203,25 82,72 82,72 1,00 258,00 228636 0
251 203,25 82,72 82,72 1,00 258,00 229213 0
252 203,25 82,72 82,72 1,00 258,00 229674 0
253 203,25 82,72 82,72 1,00 257,00 230044 0
254 203,25 82,72 82,72 1,00 256,00 230450 0
255 203,25 82,72 82,72 1,00 256,00 230803 0
256 203,25 82,72 82,72 2,00 255,00 231184 0
257 203,25 82,72 82,72 2,00 255,00 231585 0
258 203,25 82,72 82,72 1,00 253,00 232098 0
259 203,25 0,80 0,80 153,00 253,00 232617 0
260 203,25 0,80 0,80 305,00 220,00 233264 0
261 203,25 0,80 0,80 457,00 205,00 233979 0
262 203,25 478,79 478,79 257,00 194,00 234613 0
263 203,25 478,79 478,79 57,00 210,00 235212 0
264 203,25 478,79 478,79 1,00 210,00 235817 0
265 203,25 478,79 478,79 1,00 210,00 236398 0
266 203,25 478,79 478,79 1,00 210,00 236895 0
267 203,25 478,79 478,79 1,00 210,00 237510 0
268 203,25 478,79 478,79 1,00 210,00 238092 0
269 203,25 478,79 478,79 1,00 210,00 238725 0
270 203,25 478,79 478,79 1,00 210,00 239224 0
271 203,25 478,79 478,79 1,00 210,00 239797 0
272 203,25 478,79 478,79 1,00 210,00 240308 0
273 203,25 478,79 478,79 1,00 210,00 240800 0
274 203,25 0,97 0,97 129,00 210,00 241319 0
275 203,25 0,97 0,97 251,00 188,00 241758 0
276 203,25 0,97 0,97 375,00 187,00 242166 0
277 203,25 0,97 0,97 499,00 177,00 242581 0
278 203,25 0,97 0,97 623,00 171,00 242909 0
279 203,25 0,97 0,97 747,00 169,00 243219 0
280 203,25 0,97 0,97 869,00 171,00 243464 0
281 203,25 0,97 0,97 991,00 166,00 243676 0
282 203,25 0,97 0,97 1.113,00 164,00 243930 0
283 203,25 0,97 0,97 1.235,00 162,00 244170 0
284 203,25 0,97 0,97 1.359,00 160,00 244381 0
285 203,25 1.782,06 1.782,06 1.159,00 155,00 244581 0
286 203,25 1.782,06 1.782,06 959,00 171,00 244881 0
287 203,25 1.782,06 1.782,06 759,00 187,00 245197 0
288 203,25 1.782,06 1.782,06 559,00 203,00 245608 0
289 203,25 1.782,06 1.782,06 359,00 219,00 246088 0
290 203,25 1.782,06 1.782,06 159,00 235,00 246639 0
291 203,25 137,52 137,52 1,00 235,00 247156 0
292 203,25 137,52 137,52 1,00 235,00 247714 0
293 203,25 137,52 137,52 1,00 235,00 248241 0
294 203,25 137,52 137,52 1,00 235,00 248810 0
295 203,25 137,52 137,52 1,00 235,00 249419 0
296 203,25 137,52 137,52 1,00 234,00 250007 0
297 203,25 137,52 137,52 1,00 233,00 250497 0
298 203,25 137,52 137,52 1,00 232,00 250954 0
299 203,25 137,52 137,52 1,00 232,00 251457 0
300 203,25 137,52 137,52 1,00 231,00 251857 0
301 203,25 137,52 137,52 1,00 230,00 252267 0
302 203,25 137,52 137,52 1,00 230,00 252574 0
303 203,25 137,52 137,52 1,00 228,00 252830 0
304 203,25 137,52 137,52 1,00 228,00 253107 0
305 203,25 137,52 137,52 1,00 228,00 253377 0
306 203,25 137,52 137,52 1,00 228,00 253614 0
307 203,25 0,89 0,89 139,00 228,00 253802 0
308 203,25 0,89 0,89 283,00 215,00 254049 0
309 203,25 0,89 0,89 431,00 208,00 254401 0
310 203,25 0,89 0,89 581,00 197,00 254778 0
311 203,25 0,89 0,89 731,00 190,00 255271 0
312 203,25 0,89 0,89 883,00 184,00 255757 0
313 203,25 0,89 0,89 1.035,00 179,00 256168 0
314 203,25 1.237,44 1.237,44 835,00 170,00 256672 0
315 203,25 1.237,44 1.237,44 635,00 186,00 257185 0
316 203,25 1.237,44 1.237,44 435,00 202,00 257712 0
317 203,25 405,57 405,57 237,00 218,00 258122 0
318 203,25 405,57 405,57 37,00 234,00 258667 0
319 203,25 405,57 405,57 1,00 234,00 259142 0
320 203,25 405,57 405,57 1,00 234,00 259646 0
321 203,25 405,57 405,57 1,00 234,00 260162 0
322 203,25 405,57 405,57 1,00 234,00 260676 0
323 203,25 0,87 0,87 153,00 234,00 261138 0
324 203,25 0,87 0,87 305,00 205,00 261651 0
325 203,25 0,87 0,87 457,00 189,00 262097 0
326 203,25 507,57 507,57 257,00 183,00 262489 0
327 203,25 507,57 507,57 57,00 199,00 262843 0
328 203,25 507,57 507,57 1,00 199,00 263159 0
329 203,25 507,57 507,57 1,00 199,00 263421 0
330 203,25 507,57 507,57 1,00 199,00 263619 0
331 203,25 507,57 507,57 1,00 199,00 263843 0
332 203,25 507,57 507,57 1,00 199,00 264118 0
333 203,25 507,57 507,57 1,00 199,00 264399 0
334 203,25 507,57 507,57 1,00 199,00 264633 0
335 203,25 507,57 507,57 1,00 199,00 264897 0
336 203,25 507,57 507,57 1,00 199,00 265071 0
337 203,25 507,57 507,57 1,00 199,00 265325 0
338 203,25 507,57 507,57 1,00 199,00 265624 0
339 203,25 507,57 507,57 1,00 199,00 265881 0
340 203,25 507,57 507,57 1,00 199,00 266159 0
341 203,25 1,02 1,02 129,00 199,00 266407 0
342 203,25 1,02 1,02 257,00 186,00 266608 0
343 203,25 1,02 1,02 383,00 187,00 266826 0
344 203,25 1,02 1,02 507,00 183,00 267021 0
345 203,25 1,02 1,02 631,00 179,00 267267 0
346 203,25 1,02 1,02 753,00 173,00 267522 0
347 203,25 1,02 1,02 875,00 172,00 267800 0
348 203,25 1,02 1,02 995,00 174,00 267983 0
349 203,25 1,02 1,02 1.119,00 173,00 268149 0
350 203,25 1,02 1,02 1.241,00 174,00 268298 0
351 203,25 1,02 1,02 1.363,00 176,00 268420 0
352 203,25 1,02 1,02 1.485,00 178,00 268528 0
353 203,25 1,02 1,02 1.607,00 184,00 268604 0
354 203,25 1,02 1,02 1.729,00 197,00 268675 0
355 203,25 1,02 1,02 1.853,00 204,00 268771 0
356 203,25 1,02 1,02 1.975,00 214,00 268866 0
357 203,25 1,02 1,02 2.101,00 222,00 268992 0
358 203,25 1,02 1,02 2.227,00 228,00 269085 0
359 203,25 1.901,85 1.901,85 2.027,00 238,00 269183 0
360 203,25 1.901,85 1.901,85 1.827,00 254,00 269292 0
361 203,25 1.901,85 1.901,85 1.627,00 270,00 269492 0
362 203,25 1.901,85 1.901,85 1.427,00 286,00 269676 0
363 203,25 1.901,85 1.901,85 1.227,00 302,00 269862 0
364 203,25 1.901,85 1.901,85 1.027,00 318,00 270024 0
365 203,25 1.901,85 1.901,85 827,00 334,00 270194 0
366 203,25 1.901,85 1.901,85 627,00 350,00 270340 0
367 203,25 348,19 348,19 427,00 366,00 270507 0
368 203,25 348,19 348,19 227,00 382,00 270654 0
369 203,25 348,19 348,19 27,00 382,00 270777 0
370 203,25 348,19 348,19 1,00 382,00 270904 0
371 203,25 348,19 348,19 1,00 382,00 271036 0
372 203,25 348,19 348,19 1,00 382,00 271172 0
373 203,25 348,19 348,19 1,00 382,00 271283 0
374 203,25 348,19 348,19 1,00 382,00 271382 0
375 203,25 348,19 348,19 1,00 382,00 271457 0
376 203,25 348,19 348,19 1,00 382,00 271539 0
377 203,25 348,19 348,19 1,00 382,00 271646 0
378 203,25 348,19 348,19 1,00 382,00 271773 0
379 203,25 348,19 348,19 1,00 382,00 271893 0
380 203,25 0,53 0,53 166,00 382,00 272037 0
381 203,25 0,53 0,53 330,00 373,00 272202 0
382 203,25 0,53 0,53 492,00 367,00 272338 0
383 203,25 264,55 264,55 292,00 378,00 272459 0
384 203,25 264,55 264,55 92,00 378,00 272592 0
385 203,25 264,55 264,55 1,00 378,00 272715 0
386 203,25 264,55 264,55 1,00 378,00 272819 0
387 203,25 264,55 264,55 1,00 378,00 272909 0
388 203,25 264,55 264,55 1,00 378,00 272984 0
389 203,25 264,55 264,55 1,00 378,00 273060 0
390 203,25 264,55 264,55 1,00 378,00 273130 0
391 203,25 264,55 264,55 1,00 378,00 273200 0
392 203,25 264,55 264,55 1,00 378,00 273255 0
393 203,25 264,55 264,55 1,00 378,00 273325 0
394 203,25 264,55 264,55 1,00 378,00 273396 0
395 203,25 264,55 264,55 1,00 378,00 273468 0
396 203,25 264,55 264,55 1,00 378,00 273534 0
397 203,25 264,55 264,55 1,00 378,00 273607 0
398 203,25 264,55 264,55 1,00 378,00 273669 0
399 203,25 264,55 264,55 1,00 378,00 273741 0
400 203,25 264,55 264,55 1,00 378,00 273814 0
401 203,25 264,55 264,55 1,00 378,00 273888 0
402 203,25 264,55 264,55 1,00 378,00 273977 0
403 203,25 264,55 264,55 1,00 378,00 274059 0
404 203,25 0,54 0,54 160,00 378,00 274169 0
405 203,25 0,54 0,54 318,00 373,00 274272 0
406 203,25 0,54 0,54 474,00 368,00 274391 0
407 203,25 0,54 0,54 630,00 383,00 274514 0
408 203,25 0,54 0,54 784,00 395,00 274605 0
409 203,25 0,54 0,54 938,00 408,00 274690 0
410 203,25 0,54 0,54 1.092,00 423,00 274777 0
411 203,25 0,54 0,54 1.248,00 438,00 274881 0
412 203,25 0,54 0,54 1.404,00 448,00 274988 0
413 203,25 0,54 0,54 1.560,00 460,00 275096 0
414 203,25 0,54 0,54 1.714,00 472,00 275203 0
415 203,25 0,54 0,54 1.868,00 484,00 275294 0
416 203,25 0,54 0,54 2.024,00 495,00 275366 0
417 203,25 0,54 0,54 2.180,00 509,00 275439 0
418 203,25 0,54 0,54 2.338,00 521,00 275506 0
419 203,25 0,54 0,54 2.494,00 532,00 275568 0
420 203,25 0,54 0,54 2.650,00 547,00 275608 0
421 203,25 0,54 0,54 2.806,00 561,00 275655 0
422 203,25 0,54 0,54 2.964,00 576,00 275694 0
423 203,25 0,54 0,54 3.122,00 590,00 275738 0
424 203,25 0,54 0,54 3.280,00 601,00 275786 0
425 203,25 0,54 0,54 3.438,00 614,00 275834 0
426 203,25 0,54 0,54 3.596,00 626,00 275905 0
427 203,25 0,54 0,54 3.752,00 639,00 275978 0
428 203,25 0,54 0,54 3.910,00 650,00 276040 0
429 203,25 0,54 0,54 4.068,00 662,00 276089 0
430 203,25 0,54 0,54 4.224,00 673,00 276136 0
431 203,25 0,54 0,54 4.380,00 686,00 276202 0
432 203,25 0,54 0,54 4.536,00 699,00 276263 0
433 203,25 0,54 0,54 4.692,00 709,00 276339 0
434 203,25 0,54 0,54 4.838,00 721,00 276430 0
435 203,25 0,54 0,54 4.984,00 734,00 276471 0
436 203,25 0,54 0,54 5.128,00 745,00 276551 0
437 203,25 0,54 0,54 5.270,00 758,00 276623 0
438 203,25 0,54 0,54 5.412,00 771,00 276703 0
439 203,25 1.404,85 1.404,85 5.212,00 783,00 276776 0
440 203,25 1.404,85 1.404,85 5.012,00 799,00 276831 0
441 203,25 1.404,85 1.404,85 4.812,00 815,00 276912 0
442 203,25 1.404,85 1.404,85 4.612,00 831,00 276981 0
443 203,25 1.404,85 1.404,85 4.412,00 847,00 277029 0
444 203,25 1.404,85 1.404,85 4.212,00 863,00 277094 0
445 203,25 1.404,85 1.404,85 4.012,00 879,00 277155 0
446 203,25 1.404,85 1.404,85 3.812,00 895,00 277209 0
447 203,25 1.404,85 1.404,85 3.612,00 911,00 277276 0
448 203,25 1.404,85 1.404,85 3.412,00 927,00 277346 0
449 203,25 1.404,85 1.404,85 3.212,00 943,00 277419 0
450 203,25 680,75 680,75 3.012,00 959,00 277480 0
451 203,25 680,75 680,75 2.812,00 975,00 277546 0
452 203,25 680,75 680,75 2.612,00 991,00 277633 0
453 203,25 680,75 680,75 2.412,00 1.007,00 277699 0
454 203,25 680,75 680,75 2.212,00 1.023,00 277753 0
455 203,25 680,75 680,75 2.012,00 1.039,00 277794 0
456 203,25 680,75 680,75 1.812,00 1.055,00 277831 0
457 203,25 680,75 680,75 1.612,00 1.071,00 277866 0
458 203,25 680,75 680,75 1.412,00 1.087,00 277907 0
459 203,25 680,75 680,75 1.212,00 1.103,00 277956 0
460 203,25 680,75 680,75 1.012,00 1.119,00 278010 0
461 203,25 680,75 680,75 812,00 1.119,00 278052 0
462 203,25 680,75 680,75 612,00 1.119,00 278092 0
463 203,25 680,75 680,75 412,00 1.119,00 278136 0
464 203,25 680,75 680,75 212,00 1.119,00 278171 0
465 203,25 680,75 680,75 12,00 1.119,00 278215 0
466 203,25 680,75 680,75 1,00 1.119,00 278256 0
467 203,25 0,18 0,18 185,00 1.119,00 278310 0
468 203,25 0,18 0,18 369,00 1.117,00 278372 0
469 203,25 0,18 0,18 553,00 1.113,00 278422 0
470 203,25 0,18 0,18 737,00 1.109,00 278480 0
471 203,25 0,18 0,18 921,00 1.104,00 278532 0
472 203,25 0,18 0,18 1.105,00 1.099,00 278583 0
473 203,25 0,18 0,18 1.289,00 1.111,00 278628 0
474 203,25 0,18 0,18 1.473,00 1.120,00 278661 0
475 203,25 0,18 0,18 1.657,00 1.132,00 278697 0
476 203,25 0,18 0,18 1.841,00 1.141,00 278747 0
477 203,25 0,18 0,18 2.025,00 1.151,00 278809 0
478 203,25 0,18 0,18 2.209,00 1.161,00 278860 0
479 203,25 0,18 0,18 2.393,00 1.171,00 278924 0
480 203,25 0,18 0,18 2.577,00 1.181,00 278971 0
481 203,25 439,78 439,78 2.377,00 1.191,00 279018 0
482 203,25 400,27 400,27 2.177,00 1.207,00 279043 0
483 203,25 400,27 400,27 1.977,00 1.223,00 279071 0
484 203,25 400,27 400,27 1.777,00 1.239,00 279098 0
485 203,25 400,27 400,27 1.577,00 1.255,00 279123 0
486 203,25 400,27 400,27 1.377,00 1.271,00 279191 0
487 203,25 400,27 400,27 1.177,00 1.287,00 279255 0
488 203,25 400,27 400,27 977,00 1.287,00 279281 0
489 203,25 400,27 400,27 777,00 1.287,00 279305 0
490 203,25 400,27 400,27 577,00 1.287,00 279344 0
491 203,25 400,27 400,27 377,00 1.287,00 279378 0
492 203,25 400,27 400,27 177,00 1.287,00 279421 0
493 203,25 400,27 400,27 1,00 1.287,00 279458 0
494 203,25 400,27 400,27 1,00 1.287,00 279509 0
495 203,25 0,16 0,16 185,00 1.287,00 279558 0
496 203,25 0,16 0,16 369,00 1.282,00 279608 0
497 203,25 0,16 0,16 553,00 1.279,00 279665 0
498 203,25 0,16 0,16 737,00 1.276,00 279720 0
499 203,25 0,16 0,16 921,00 1.271,00 279792 0
