500
0 222,59 222,59 222,59 1,00 40,00
1 222,59 0,00 0,00 1,00 31,00
2 222,59 445,18 397,23 99,00 47,00
3 222,59 0,00 0,00 1,00 64,00
4 222,59 222,59 183,89 99,00 79,00
5 222,59 0,00 0,00 1,00 96,00
6 222,59 0,00 0,00 99,00 112,00
7 222,59 222,59 164,74 197,00 118,00
8 222,59 0,00 0,00 98,00 135,00
9 222,59 222,59 169,05 196,00 150,00
10 222,59 0,00 0,00 96,00 167,00
11 222,59 222,59 172,64 194,00 183,00
12 222,59 0,00 0,00 95,00 200,00
13 222,59 0,00 0,00 193,00 210,00
14 222,59 222,59 182,20 291,00 226,00
15 222,59 0,00 0,00 191,00 243,00
16 222,59 222,59 180,38 289,00 258,00
17 222,59 0,00 0,00 189,00 275,00
18 222,59 0,00 0,00 287,00 291,00
19 222,59 222,59 180,71 385,00 306,00
20 222,59 0,00 0,00 285,00 323,00
21 222,59 222,59 180,02 383,00 339,00
22 222,59 0,00 0,00 283,00 356,00
23 222,59 222,59 180,12 381,00 372,00
24 222,59 0,00 0,00 281,00 389,00
25 222,59 0,00 0,00 379,00 396,00
26 222,59 222,59 180,06 477,00 412,00
27 222,59 0,00 0,00 377,00 429,00
28 222,59 222,59 180,17 475,00 445,00
29 222,59 0,00 0,00 375,00 462,00
30 222,59 0,00 0,00 473,00 478,00
31 222,59 222,59 180,20 571,00 494,00
32 222,59 0,00 0,00 471,00 511,00
33 222,59 222,59 180,25 569,00 527,00
34 222,59 0,00 0,00 469,00 544,00
35 222,59 222,59 180,29 567,00 560,00
36 222,59 0,00 0,00 467,00 577,00
37 222,59 0,00 0,00 565,00 582,00
38 222,59 222,59 180,40 663,00 598,00
39 222,59 0,00 0,00 563,00 615,00
40 222,59 222,59 180,48 661,00 631,00
41 222,59 0,00 0,00 561,00 648,00
42 222,59 0,00 0,00 659,00 664,00
43 222,59 222,59 180,59 757,00 680,00
44 222,59 0,00 0,00 657,00 697,00
45 222,59 222,59 180,68 755,00 713,00
46 222,59 0,00 0,00 655,00 730,00
47 222,59 222,59 180,79 753,00 746,00
48 222,59 0,00 0,00 653,00 763,00
49 222,59 0,00 0,00 751,00 768,00
50 222,59 222,59 180,97 849,00 784,00
51 222,59 0,00 0,00 749,00 801,00
52 222,59 222,59 181,09 847,00 817,00
53 222,59 0,00 0,00 747,00 834,00
54 222,59 0,00 0,00 845,00 850,00
55 222,59 222,59 181,29 943,00 866,00
56 222,59 0,00 0,00 843,00 883,00
57 222,59 222,59 181,44 941,00 899,00
58 222,59 0,00 0,00 841,00 916,00
59 222,59 222,59 181,60 939,00 932,00
60 222,59 0,00 0,00 839,00 949,00
61 222,59 0,00 0,00 937,00 954,00
62 222,59 222,59 181,85 1.035,00 970,00
63 222,59 0,00 0,00 935,00 987,00
64 222,59 222,59 182,02 1.033,00 1.003,00
65 222,59 0,00 0,00 933,00 1.020,00
66 222,59 0,00 0,00 1.031,00 1.036,00
67 222,59 222,59 182,28 1.129,00 1.052,00
68 222,59 0,00 0,00 1.029,00 1.069,00
69 222,59 222,59 182,46 1.127,00 1.085,00
70 222,59 0,00 0,00 1.027,00 1.102,00
71 222,59 222,59 182,63 1.125,00 1.118,00
72 222,59 0,00 0,00 1.025,00 1.135,00
73 222,59 0,00 0,00 1.123,00 1.140,00
74 222,59 222,59 182,92 1.221,00 1.156,00
75 222,59 0,00 0,00 1.121,00 1.173,00
76 222,59 222,59 183,15 1.219,00 1.189,00
77 222,59 0,00 0,00 1.119,00 1.206,00
78 222,59 0,00 0,00 1.217,00 1.222,00
79 222,59 222,59 183,49 1.315,00 1.238,00
80 222,59 0,00 0,00 1.215,00 1.255,00
81 222,59 222,59 183,74 1.313,00 1.271,00
82 222,59 0,00 0,00 1.213,00 1.288,00
83 222,59 222,59 183,99 1.311,00 1.304,00
84 222,59 0,00 0,00 1.211,00 1.321,00
85 222,59 0,00 0,00 1.309,00 1.326,00
86 222,59 222,59 184,38 1.407,00 1.342,00
87 222,59 0,00 0,00 1.307,00 1.359,00
88 222,59 222,59 184,64 1.405,00 1.375,00
89 222,59 0,00 0,00 1.305,00 1.392,00
90 222,59 0,00 0,00 1.403,00 1.408,00
91 222,59 222,59 185,02 1.501,00 1.424,00
92 222,59 0,00 0,00 1.401,00 1.441,00
93 222,59 222,59 185,30 1.499,00 1.457,00
94 222,59 0,00 0,00 1.399,00 1.474,00
95 222,59 222,59 185,60 1.497,00 1.490,00
96 222,59 0,00 0,00 1.397,00 1.507,00
97 222,59 0,00 0,00 1.495,00 1.512,00
98 222,59 222,59 186,05 1.593,00 1.528,00
99 222,59 0,00 0,00 1.493,00 1.545,00
100 222,59 222,59 186,34 1.591,00 1.561,00
101 222,59 0,00 0,00 1.491,00 1.578,00
102 222,59 0,00 0,00 1.589,00 1.594,00
103 222,59 222,59 186,81 1.687,00 1.610,00
104 222,59 0,00 0,00 1.587,00 1.627,00
105 222,59 222,59 187,12 1.685,00 1.643,00
106 222,59 0,00 0,00 1.585,00 1.660,00
107 222,59 222,59 187,42 1.683,00 1.676,00
108 222,59 0,00 0,00 1.583,00 1.693,00
109 222,59 0,00 0,00 1.681,00 1.698,00
110 222,59 222,59 187,89 1.779,00 1.714,00
111 222,59 0,00 0,00 1.679,00 1.731,00
112 222,59 222,59 188,21 1.777,00 1.747,00
113 222,59 0,00 0,00 1.677,00 1.764,00
114 222,59 0,00 0,00 1.775,00 1.780,00
115 222,59 222,59 188,68 1.873,00 1.796,00
116 222,59 0,00 0,00 1.773,00 1.813,00
117 222,59 222,59 189,00 1.871,00 1.829,00
118 222,59 0,00 0,00 1.771,00 1.846,00
119 222,59 222,59 189,33 1.869,00 1.862,00
120 222,59 0,00 0,00 1.769,00 1.879,00
121 222,59 0,00 0,00 1.867,00 1.884,00
122 222,59 222,59 189,83 1.965,00 1.900,00
123 222,59 0,00 0,00 1.865,00 1.917,00
124 222,59 222,59 190,16 1.963,00 1.933,00
125 222,59 0,00 0,00 1.863,00 1.950,00
126 222,59 0,00 0,00 1.961,00 1.966,00
127 222,59 222,59 190,67 2.059,00 1.982,00
128 222,59 0,00 0,00 1.959,00 1.999,00
129 222,59 222,59 191,04 2.057,00 2.015,00
130 222,59 0,00 0,00 1.957,00 2.032,00
131 222,59 222,59 191,41 2.055,00 2.048,00
132 222,59 0,00 0,00 1.955,00 2.065,00
133 222,59 0,00 0,00 2.053,00 2.070,00
134 222,59 222,59 191,94 2.151,00 2.086,00
135 222,59 0,00 0,00 2.051,00 2.103,00
136 222,59 222,59 192,29 2.149,00 2.119,00
137 222,59 0,00 0,00 2.049,00 2.136,00
138 222,59 0,00 0,00 2.147,00 2.152,00
139 222,59 222,59 192,84 2.245,00 2.168,00
140 222,59 0,00 0,00 2.145,00 2.185,00
141 222,59 222,59 193,21 2.243,00 2.201,00
142 222,59 0,00 0,00 2.143,00 2.218,00
143 222,59 222,59 193,57 2.241,00 2.234,00
144 222,59 0,00 0,00 2.141,00 2.251,00
145 222,59 0,00 0,00 2.239,00 2.256,00
146 222,59 222,59 194,14 2.337,00 2.272,00
147 222,59 0,00 0,00 2.237,00 2.289,00
148 222,59 222,59 194,52 2.335,00 2.305,00
149 222,59 0,00 0,00 2.235,00 2.322,00
150 222,59 0,00 0,00 2.333,00 2.338,00
151 222,59 222,59 195,11 2.431,00 2.354,00
152 222,59 0,00 0,00 2.331,00 2.371,00
153 222,59 222,59 195,47 2.429,00 2.387,00
154 222,59 0,00 0,00 2.329,00 2.404,00
155 222,59 222,59 195,85 2.427,00 2.420,00
156 222,59 0,00 0,00 2.327,00 2.437,00
157 222,59 0,00 0,00 2.425,00 2.442,00
158 222,59 222,59 196,42 2.523,00 2.458,00
159 222,59 0,00 0,00 2.423,00 2.475,00
160 222,59 222,59 196,78 2.521,00 2.491,00
161 222,59 0,00 0,00 2.421,00 2.508,00
162 222,59 0,00 0,00 2.519,00 2.524,00
163 222,59 222,59 197,34 2.617,00 2.540,00
164 222,59 0,00 0,00 2.517,00 2.557,00
165 222,59 222,59 197,72 2.615,00 2.573,00
166 222,59 0,00 0,00 2.515,00 2.590,00
167 222,59 222,59 198,11 2.613,00 2.606,00
168 222,59 0,00 0,00 2.513,00 2.623,00
169 222,59 0,00 0,00 2.611,00 2.628,00
170 222,59 222,59 198,65 2.709,00 2.644,00
171 222,59 0,00 0,00 2.609,00 2.661,00
172 222,59 222,59 199,03 2.707,00 2.677,00
173 222,59 0,00 0,00 2.607,00 2.694,00
174 222,59 0,00 0,00 2.705,00 2.710,00
175 222,59 222,59 199,58 2.803,00 2.726,00
176 222,59 0,00 0,00 2.703,00 2.743,00
177 222,59 222,59 199,95 2.801,00 2.759,00
178 222,59 0,00 0,00 2.701,00 2.776,00
179 222,59 222,59 200,33 2.799,00 2.792,00
180 222,59 0,00 0,00 2.699,00 2.809,00
181 222,59 0,00 0,00 2.797,00 2.814,00
182 222,59 222,59 200,89 2.895,00 2.830,00
183 222,59 0,00 0,00 2.795,00 2.847,00
184 222,59 222,59 201,28 2.893,00 2.863,00
185 222,59 0,00 0,00 2.793,00 2.880,00
186 222,59 0,00 0,00 2.891,00 2.896,00
187 222,59 222,59 201,84 2.989,00 2.912,00
188 222,59 0,00 0,00 2.889,00 2.929,00
189 222,59 222,59 202,21 2.987,00 2.945,00
190 222,59 0,00 0,00 2.887,00 2.962,00
191 222,59 222,59 202,58 2.985,00 2.978,00
192 222,59 0,00 0,00 2.885,00 2.995,00
193 222,59 0,00 0,00 2.983,00 3.000,00
194 222,59 222,59 203,15 3.081,00 3.016,00
195 222,59 0,00 0,00 2.981,00 3.033,00
196 222,59 222,59 203,53 3.079,00 3.049,00
197 222,59 0,00 0,00 2.979,00 3.066,00
198 222,59 0,00 0,00 3.077,00 3.082,00
199 222,59 222,59 204,10 3.175,00 3.098,00
200 222,59 0,00 0,00 3.075,00 3.115,00
201 222,59 222,59 204,48 3.173,00 3.131,00
202 222,59 0,00 0,00 3.073,00 3.148,00
203 222,59 222,59 204,85 3.171,00 3.164,00
204 222,59 0,00 0,00 3.071,00 3.181,00
205 222,59 0,00 0,00 3.169,00 3.186,00
206 222,59 222,59 205,39 3.267,00 3.202,00
207 222,59 0,00 0,00 3.167,00 3.219,00
208 222,59 222,59 205,75 3.265,00 3.235,00
209 222,59 0,00 0,00 3.165,00 3.252,00
210 222,59 0,00 0,00 3.263,00 3.268,00
211 222,59 222,59 206,29 3.361,00 3.284,00
212 222,59 0,00 0,00 3.261,00 3.301,00
213 222,59 222,59 206,65 3.359,00 3.317,00
214 222,59 0,00 0,00 3.259,00 3.334,00
215 222,59 222,59 207,01 3.357,00 3.350,00
216 222,59 0,00 0,00 3.257,00 3.367,00
217 222,59 0,00 0,00 3.355,00 3.372,00
218 222,59 222,59 207,54 3.453,00 3.388,00
219 222,59 0,00 0,00 3.353,00 3.405,00
220 222,59 222,59 207,91 3.451,00 3.421,00
221 222,59 0,00 0,00 3.351,00 3.438,00
222 222,59 0,00 0,00 3.449,00 3.454,00
223 222,59 222,59 208,43 3.547,00 3.470,00
224 222,59 0,00 0,00 3.447,00 3.487,00
225 222,59 222,59 208,77 3.545,00 3.503,00
226 222,59 0,00 0,00 3.445,00 3.520,00
227 222,59 222,59 209,10 3.543,00 3.536,00
228 222,59 0,00 0,00 3.443,00 3.553,00
229 222,59 0,00 0,00 3.541,00 3.558,00
230 222,59 222,59 209,62 3.639,00 3.574,00
231 222,59 0,00 0,00 3.539,00 3.591,00
232 222,59 222,59 209,96 3.637,00 3.607,00
233 222,59 0,00 0,00 3.537,00 3.624,00
234 222,59 0,00 0,00 3.635,00 3.640,00
235 222,59 222,59 210,48 3.733,00 3.656,00
236 222,59 0,00 0,00 3.633,00 3.673,00
237 222,59 222,59 210,82 3.731,00 3.689,00
238 222,59 0,00 0,00 3.631,00 3.706,00
239 222,59 222,59 211,16 3.729,00 3.722,00
240 222,59 0,00 0,00 3.629,00 3.739,00
241 222,59 0,00 0,00 3.727,00 3.744,00
242 222,59 222,59 211,67 3.825,00 3.760,00
243 222,59 0,00 0,00 3.725,00 3.777,00
244 222,59 222,59 212,00 3.823,00 3.793,00
245 222,59 0,00 0,00 3.723,00 3.810,00
246 222,59 0,00 0,00 3.821,00 3.826,00
247 222,59 222,59 212,50 3.919,00 3.842,00
248 222,59 0,00 0,00 3.819,00 3.859,00
249 222,59 222,59 212,84 3.917,00 3.875,00
250 222,59 0,00 0,00 3.817,00 3.892,00
251 222,59 222,59 213,16 3.915,00 3.908,00
252 222,59 0,00 0,00 3.815,00 3.925,00
253 222,59 0,00 0,00 3.913,00 3.930,00
254 222,59 222,59 213,64 4.011,00 3.946,00
255 222,59 0,00 0,00 3.911,00 3.963,00
256 222,59 222,59 213,97 4.009,00 3.979,00
257 222,59 0,00 0,00 3.909,00 3.996,00
258 222,59 0,00 0,00 4.007,00 4.012,00
259 222,59 222,59 214,44 4.105,00 4.028,00
260 222,59 0,00 0,00 4.005,00 4.045,00
261 222,59 222,59 214,74 4.103,00 4.061,00
262 222,59 0,00 0,00 4.003,00 4.078,00
263 222,59 222,59 215,05 4.101,00 4.094,00
264 222,59 0,00 0,00 4.001,00 4.111,00
265 222,59 0,00 0,00 4.099,00 4.116,00
266 222,59 222,59 215,52 4.197,00 4.132,00
267 222,59 0,00 0,00 4.097,00 4.149,00
268 222,59 222,59 215,82 4.195,00 4.165,00
269 222,59 0,00 0,00 4.095,00 4.182,00
270 222,59 0,00 0,00 4.193,00 4.198,00
271 222,59 222,59 216,27 4.291,00 4.214,00
272 222,59 0,00 0,00 4.191,00 4.231,00
273 222,59 222,59 216,56 4.289,00 4.247,00
274 222,59 0,00 0,00 4.189,00 4.264,00
275 222,59 222,59 216,86 4.287,00 4.280,00
276 222,59 0,00 0,00 4.187,00 4.297,00
277 222,59 0,00 0,00 4.285,00 4.302,00
278 222,59 222,59 217,29 4.383,00 4.318,00
279 222,59 0,00 0,00 4.283,00 4.335,00
280 222,59 222,59 217,57 4.381,00 4.351,00
281 222,59 0,00 0,00 4.281,00 4.368,00
282 222,59 0,00 0,00 4.379,00 4.384,00
283 222,59 222,59 218,01 4.477,00 4.400,00
284 222,59 0,00 0,00 4.377,00 4.417,00
285 222,59 222,59 218,29 4.475,00 4.433,00
286 222,59 0,00 0,00 4.375,00 4.450,00
287 222,59 222,59 218,58 4.473,00 4.466,00
288 222,59 0,00 0,00 4.373,00 4.483,00
289 222,59 0,00 0,00 4.471,00 4.488,00
290 222,59 222,59 219,00 4.569,00 4.504,00
291 222,59 0,00 0,00 4.469,00 4.521,00
292 222,59 222,59 219,29 4.567,00 4.537,00
293 222,59 0,00 0,00 4.467,00 4.554,00
294 222,59 0,00 0,00 4.565,00 4.570,00
295 222,59 222,59 219,70 4.663,00 4.586,00
296 222,59 0,00 0,00 4.563,00 4.603,00
297 222,59 222,59 219,97 4.661,00 4.619,00
298 222,59 0,00 0,00 4.561,00 4.636,00
299 222,59 222,59 220,25 4.659,00 4.652,00
300 222,59 0,00 0,00 4.559,00 4.669,00
301 222,59 0,00 0,00 4.657,00 4.674,00
302 222,59 222,59 220,66 4.755,00 4.690,00
303 222,59 0,00 0,00 4.655,00 4.707,00
304 222,59 222,59 220,93 4.753,00 4.723,00
305 222,59 0,00 0,00 4.653,00 4.740,00
306 222,59 0,00 0,00 4.751,00 4.756,00
307 222,59 222,59 221,32 4.849,00 4.772,00
308 222,59 0,00 0,00 4.749,00 4.789,00
309 222,59 222,59 221,58 4.847,00 4.805,00
310 222,59 0,00 0,00 4.747,00 4.822,00
311 222,59 222,59 221,84 4.845,00 4.838,00
312 222,59 0,00 0,00 4.745,00 4.855,00
313 222,59 0,00 0,00 4.843,00 4.860,00
314 222,59 222,59 222,23 4.941,00 4.876,00
315 222,59 0,00 0,00 4.841,00 4.893,00
316 222,59 222,59 222,48 4.939,00 4.909,00
317 222,59 0,00 0,00 4.839,00 4.926,00
318 222,59 0,00 0,00 4.937,00 4.942,00
319 222,59 222,59 222,86 5.035,00 4.958,00
320 222,59 0,00 0,00 4.935,00 4.975,00
321 222,59 222,59 223,11 5.033,00 4.991,00
322 222,59 0,00 0,00 4.933,00 5.008,00
323 222,59 222,59 223,35 5.031,00 5.024,00
324 222,59 0,00 0,00 4.931,00 5.041,00
325 222,59 0,00 0,00 5.029,00 5.046,00
326 222,59 222,59 223,71 5.127,00 5.062,00
327 222,59 0,00 0,00 5.027,00 5.079,00
328 222,59 222,59 223,95 5.125,00 5.095,00
329 222,59 0,00 0,00 5.025,00 5.112,00
330 222,59 0,00 0,00 5.123,00 5.128,00
331 222,59 222,59 224,29 5.221,00 5.144,00
332 222,59 0,00 0,00 5.121,00 5.161,00
333 222,59 222,59 224,53 5.219,00 5.177,00
334 222,59 0,00 0,00 5.119,00 5.194,00
335 222,59 222,59 224,76 5.217,00 5.210,00
336 222,59 0,00 0,00 5.117,00 5.227,00
337 222,59 0,00 0,00 5.215,00 5.232,00
338 222,59 222,59 225,12 5.313,00 5.248,00
339 222,59 0,00 0,00 5.213,00 5.265,00
340 222,59 222,59 225,34 5.311,00 5.281,00
341 222,59 0,00 0,00 5.211,00 5.298,00
342 222,59 0,00 0,00 5.309,00 5.314,00
343 222,59 222,59 225,66 5.407,00 5.330,00
344 222,59 0,00 0,00 5.307,00 5.347,00
345 222,59 222,59 225,88 5.405,00 5.363,00
346 222,59 0,00 0,00 5.305,00 5.380,00
347 222,59 222,59 226,11 5.403,00 5.396,00
348 222,59 0,00 0,00 5.303,00 5.413,00
349 222,59 0,00 0,00 5.401,00 5.418,00
350 222,59 222,59 226,44 5.499,00 5.434,00
351 222,59 0,00 0,00 5.399,00 5.451,00
352 222,59 222,59 226,65 5.497,00 5.467,00
353 222,59 0,00 0,00 5.397,00 5.484,00
354 222,59 0,00 0,00 5.495,00 5.500,00
355 222,59 222,59 226,98 5.593,00 5.516,00
356 222,59 0,00 0,00 5.493,00 5.533,00
357 222,59 222,59 227,20 5.591,00 5.549,00
358 222,59 0,00 0,00 5.491,00 5.566,00
359 222,59 222,59 227,40 5.589,00 5.582,00
360 222,59 0,00 0,00 5.489,00 5.599,00
361 222,59 0,00 0,00 5.587,00 5.604,00
362 222,59 222,59 227,71 5.685,00 5.620,00
363 222,59 0,00 0,00 5.585,00 5.637,00
364 222,59 222,59 227,92 5.683,00 5.653,00
365 222,59 0,00 0,00 5.583,00 5.670,00
366 222,59 0,00 0,00 5.681,00 5.686,00
367 222,59 222,59 228,23 5.779,00 5.702,00
368 222,59 0,00 0,00 5.679,00 5.719,00
369 222,59 222,59 228,43 5.777,00 5.735,00
370 222,59 0,00 0,00 5.677,00 5.752,00
371 222,59 222,59 228,62 5.775,00 5.768,00
372 222,59 0,00 0,00 5.675,00 5.785,00
373 222,59 0,00 0,00 5.773,00 5.790,00
374 222,59 222,59 228,92 5.871,00 5.806,00
375 222,59 0,00 0,00 5.771,00 5.823,00
376 222,59 222,59 229,12 5.869,00 5.839,00
377 222,59 0,00 0,00 5.769,00 5.856,00
378 222,59 0,00 0,00 5.867,00 5.872,00
379 222,59 222,59 229,40 5.965,00 5.888,00
380 222,59 0,00 0,00 5.865,00 5.905,00
381 222,59 222,59 229,58 5.963,00 5.921,00
382 222,59 0,00 0,00 5.863,00 5.938,00
383 222,59 222,59 229,78 5.961,00 5.954,00
384 222,59 0,00 0,00 5.861,00 5.971,00
385 222,59 0,00 0,00 5.959,00 5.976,00
386 222,59 222,59 230,05 6.057,00 5.992,00
387 222,59 0,00 0,00 5.957,00 6.009,00
388 222,59 222,59 230,23 6.055,00 6.025,00
389 222,59 0,00 0,00 5.955,00 6.042,00
390 222,59 0,00 0,00 6.053,00 6.058,00
391 222,59 222,59 230,49 6.151,00 6.074,00
392 222,59 0,00 0,00 6.051,00 6.091,00
393 222,59 222,59 230,67 6.149,00 6.107,00
394 222,59 0,00 0,00 6.049,00 6.124,00
395 222,59 222,59 230,85 6.147,00 6.140,00
396 222,59 0,00 0,00 6.047,00 6.157,00
397 222,59 0,00 0,00 6.145,00 6.162,00
398 222,59 222,59 231,10 6.243,00 6.178,00
399 222,59 0,00 0,00 6.143,00 6.195,00
400 222,59 222,59 231,28 6.241,00 6.211,00
401 222,59 0,00 0,00 6.141,00 6.228,00
402 222,59 0,00 0,00 6.239,00 6.244,00
403 222,59 222,59 231,54 6.337,00 6.260,00
404 222,59 0,00 0,00 6.237,00 6.277,00
405 222,59 222,59 231,71 6.335,00 6.293,00
406 222,59 0,00 0,00 6.235,00 6.310,00
407 222,59 222,59 231,88 6.333,00 6.326,00
408 222,59 0,00 0,00 6.233,00 6.343,00
409 222,59 0,00 0,00 6.331,00 6.348,00
410 222,59 222,59 232,13 6.429,00 6.364,00
411 222,59 0,00 0,00 6.329,00 6.381,00
412 222,59 222,59 232,29 6.427,00 6.397,00
413 222,59 0,00 0,00 6.327,00 6.414,00
414 222,59 0,00 0,00 6.425,00 6.430,00
415 222,59 222,59 232,53 6.523,00 6.446,00
416 222,59 0,00 0,00 6.423,00 6.463,00
417 222,59 222,59 232,70 6.521,00 6.479,00
418 222,59 0,00 0,00 6.421,00 6.496,00
419 222,59 222,59 232,87 6.519,00 6.512,00
420 222,59 0,00 0,00 6.419,00 6.529,00
421 222,59 0,00 0,00 6.517,00 6.534,00
422 222,59 222,59 233,10 6.615,00 6.550,00
423 222,59 0,00 0,00 6.515,00 6.567,00
424 222,59 222,59 233,26 6.613,00 6.583,00
425 222,59 0,00 0,00 6.513,00 6.600,00
426 222,59 0,00 0,00 6.611,00 6.616,00
427 222,59 222,59 233,49 6.709,00 6.632,00
428 222,59 0,00 0,00 6.609,00 6.649,00
429 222,59 222,59 233,64 6.707,00 6.665,00
430 222,59 0,00 0,00 6.607,00 6.682,00
431 222,59 222,59 233,79 6.705,00 6.698,00
432 222,59 0,00 0,00 6.605,00 6.715,00
433 222,59 0,00 0,00 6.703,00 6.720,00
434 222,59 222,59 234,01 6.801,00 6.736,00
435 222,59 0,00 0,00 6.701,00 6.753,00
436 222,59 222,59 234,15 6.799,00 6.769,00
437 222,59 0,00 0,00 6.699,00 6.786,00
438 222,59 0,00 0,00 6.797,00 6.802,00
439 222,59 222,59 234,37 6.895,00 6.818,00
440 222,59 0,00 0,00 6.795,00 6.835,00
441 222,59 222,59 234,50 6.893,00 6.851,00
442 222,59 0,00 0,00 6.793,00 6.868,00
443 222,59 222,59 234,64 6.891,00 6.884,00
444 222,59 0,00 0,00 6.791,00 6.901,00
445 222,59 0,00 0,00 6.889,00 6.906,00
446 222,59 222,59 234,85 6.987,00 6.922,00
447 222,59 0,00 0,00 6.887,00 6.939,00
448 222,59 222,59 234,98 6.985,00 6.955,00
449 222,59 0,00 0,00 6.885,00 6.972,00
450 222,59 0,00 0,00 6.983,00 6.988,00
451 222,59 222,59 235,19 7.081,00 7.004,00
452 222,59 0,00 0,00 6.981,00 7.021,00
453 222,59 222,59 235,33 7.079,00 7.037,00
454 222,59 0,00 0,00 6.979,00 7.054,00
455 222,59 222,59 235,46 7.077,00 7.070,00
456 222,59 0,00 0,00 6.977,00 7.087,00
457 222,59 0,00 0,00 7.075,00 7.092,00
458 222,59 222,59 235,66 7.173,00 7.108,00
459 222,59 0,00 0,00 7.073,00 7.125,00
460 222,59 222,59 235,79 7.171,00 7.141,00
461 222,59 0,00 0,00 7.071,00 7.158,00
462 222,59 0,00 0,00 7.169,00 7.174,00
463 222,59 222,59 235,99 7.267,00 7.190,00
464 222,59 0,00 0,00 7.167,00 7.207,00
465 222,59 222,59 236,12 7.265,00 7.223,00
466 222,59 0,00 0,00 7.165,00 7.240,00
467 222,59 222,59 236,24 7.263,00 7.256,00
468 222,59 0,00 0,00 7.163,00 7.273,00
469 222,59 0,00 0,00 7.261,00 7.278,00
470 222,59 222,59 236,44 7.359,00 7.294,00
471 222,59 0,00 0,00 7.259,00 7.311,00
472 222,59 222,59 236,57 7.357,00 7.327,00
473 222,59 0,00 0,00 7.257,00 7.344,00
474 222,59 0,00 0,00 7.355,00 7.360,00
475 222,59 222,59 236,75 7.453,00 7.376,00
476 222,59 0,00 0,00 7.353,00 7.393,00
477 222,59 222,59 236,86 7.451,00 7.409,00
478 222,59 0,00 0,00 7.351,00 7.426,00
479 222,59 222,59 236,98 7.449,00 7.442,00
480 222,59 0,00 0,00 7.349,00 7.459,00
481 222,59 0,00 0,00 7.447,00 7.464,00
482 222,59 222,59 237,16 7.545,00 7.480,00
483 222,59 0,00 0,00 7.445,00 7.497,00
484 222,59 222,59 237,28 7.543,00 7.513,00
485 222,59 0,00 0,00 7.443,00 7.530,00
486 222,59 0,00 0,00 7.541,00 7.546,00
487 222,59 222,59 237,45 7.639,00 7.562,00
488 222,59 0,00 0,00 7.539,00 7.579,00
489 222,59 222,59 237,56 7.637,00 7.595,00
490 222,59 0,00 0,00 7.537,00 7.612,00
491 222,59 222,59 237,67 7.635,00 7.628,00
492 222,59 0,00 0,00 7.535,00 7.645,00
493 222,59 0,00 0,00 7.633,00 7.650,00
494 222,59 222,59 237,84 7.731,00 7.666,00
495 222,59 0,00 0,00 7.631,00 7.683,00
496 222,59 222,59 237,95 7.729,00 7.699,00
497 222,59 0,00 0,00 7.629,00 7.716,00
498 222,59 0,00 0,00 7.727,00 7.732,00
499 222,59 222,59 238,11 7.825,00 7.748,00
