500
0 491,92 491,92 491,92 1,00 40,00
1 491,92 0,00 0,00 1,00 42,00
2 491,92 491,92 1.011,27 99,00 51,00
3 491,92 0,00 0,00 1,00 61,00
4 491,92 491,92 890,22 99,00 70,00
5 491,92 0,00 0,00 1,00 80,00
6 491,92 491,92 966,25 99,00 89,00
7 491,92 0,00 0,00 1,00 99,00
8 491,92 0,00 0,00 99,00 108,00
9 491,92 491,92 998,71 197,00 117,00
10 491,92 0,00 0,00 97,00 127,00
11 491,92 491,92 1.016,13 195,00 136,00
12 491,92 0,00 0,00 95,00 146,00
13 491,92 491,92 1.063,64 193,00 155,00
14 491,92 0,00 0,00 93,00 165,00
15 491,92 491,92 1.045,75 191,00 174,00
16 491,92 0,00 0,00 91,00 184,00
17 491,92 0,00 0,00 189,00 193,00
18 491,92 491,92 1.046,61 287,00 202,00
19 491,92 0,00 0,00 187,00 212,00
20 491,92 491,92 1.031,23 285,00 221,00
21 491,92 0,00 0,00 185,00 231,00
22 491,92 491,92 1.011,26 283,00 240,00
23 491,92 0,00 0,00 183,00 250,00
24 491,92 491,92 996,83 281,00 259,00
25 491,92 0,00 0,00 181,00 269,00
26 491,92 491,92 982,38 279,00 278,00
27 491,92 0,00 0,00 179,00 288,00
28 491,92 0,00 0,00 277,00 287,00
29 491,92 491,92 961,85 375,00 296,00
30 491,92 0,00 0,00 275,00 306,00
31 491,92 491,92 945,87 373,00 315,00
32 491,92 0,00 0,00 273,00 325,00
33 491,92 491,92 930,35 371,00 334,00
34 491,92 0,00 0,00 271,00 344,00
35 491,92 491,92 914,52 369,00 353,00
36 491,92 0,00 0,00 269,00 363,00
37 491,92 0,00 0,00 367,00 372,00
38 491,92 491,92 890,79 465,00 381,00
39 491,92 0,00 0,00 365,00 391,00
40 491,92 491,92 875,12 463,00 400,00
41 491,92 0,00 0,00 363,00 410,00
42 491,92 491,92 859,19 461,00 419,00
43 491,92 0,00 0,00 361,00 429,00
44 491,92 491,92 843,16 459,00 438,00
45 491,92 0,00 0,00 359,00 448,00
46 491,92 491,92 827,23 457,00 457,00
47 491,92 0,00 0,00 357,00 467,00
48 491,92 0,00 0,00 455,00 465,00
49 491,92 491,92 803,05 553,00 474,00
50 491,92 0,00 0,00 453,00 484,00
51 491,92 491,92 786,98 551,00 493,00
52 491,92 0,00 0,00 451,00 503,00
53 491,92 491,92 771,40 549,00 512,00
54 491,92 0,00 0,00 449,00 522,00
55 491,92 491,92 756,13 547,00 531,00
56 491,92 0,00 0,00 447,00 541,00
57 491,92 0,00 0,00 545,00 550,00
58 491,92 491,92 733,58 643,00 559,00
59 491,92 0,00 0,00 543,00 569,00
60 491,92 491,92 718,97 641,00 578,00
61 491,92 0,00 0,00 541,00 588,00
62 491,92 491,92 704,87 639,00 597,00
63 491,92 0,00 0,00 539,00 607,00
64 491,92 491,92 690,74 637,00 616,00
65 491,92 0,00 0,00 537,00 626,00
66 491,92 491,92 677,14 635,00 635,00
67 491,92 0,00 0,00 535,00 645,00
68 491,92 0,00 0,00 633,00 643,00
69 491,92 491,92 656,93 731,00 652,00
70 491,92 0,00 0,00 631,00 662,00
71 491,92 491,92 643,75 729,00 671,00
72 491,92 0,00 0,00 629,00 681,00
73 491,92 491,92 631,06 727,00 690,00
74 491,92 0,00 0,00 627,00 700,00
75 491,92 491,92 618,76 725,00 709,00
76 491,92 0,00 0,00 625,00 719,00
77 491,92 0,00 0,00 723,00 728,00
78 491,92 491,92 600,87 821,00 737,00
79 491,92 0,00 0,00 721,00 747,00
80 491,92 491,92 589,29 819,00 756,00
81 491,92 0,00 0,00 719,00 766,00
82 491,92 491,92 578,04 817,00 775,00
83 491,92 0,00 0,00 717,00 785,00
84 491,92 491,92 566,94 815,00 794,00
85 491,92 0,00 0,00 715,00 804,00
86 491,92 491,92 556,06 813,00 813,00
87 491,92 0,00 0,00 713,00 823,00
88 491,92 0,00 0,00 811,00 821,00
89 491,92 491,92 540,50 909,00 830,00
90 491,92 0,00 0,00 809,00 840,00
91 491,92 491,92 530,43 907,00 849,00
92 491,92 0,00 0,00 807,00 859,00
93 491,92 491,92 520,66 905,00 868,00
94 491,92 0,00 0,00 805,00 878,00
95 491,92 491,92 511,26 903,00 887,00
96 491,92 0,00 0,00 803,00 897,00
97 491,92 0,00 0,00 901,00 906,00
98 491,92 491,92 497,57 999,00 915,00
99 491,92 0,00 0,00 899,00 925,00
100 491,92 491,92 488,75 997,00 934,00
101 491,92 0,00 0,00 897,00 944,00
102 491,92 491,92 480,24 995,00 953,00
103 491,92 0,00 0,00 895,00 963,00
104 491,92 491,92 471,96 993,00 972,00
105 491,92 0,00 0,00 893,00 982,00
106 491,92 491,92 463,98 991,00 991,00
107 491,92 0,00 0,00 891,00 1.001,00
108 491,92 0,00 0,00 989,00 999,00
109 491,92 491,92 452,51 1.087,00 1.008,00
110 491,92 0,00 0,00 987,00 1.018,00
111 491,92 491,92 445,20 1.085,00 1.027,00
112 491,92 0,00 0,00 985,00 1.037,00
113 491,92 491,92 438,02 1.083,00 1.046,00
114 491,92 0,00 0,00 983,00 1.056,00
115 491,92 491,92 430,91 1.081,00 1.065,00
116 491,92 0,00 0,00 981,00 1.075,00
117 491,92 0,00 0,00 1.079,00 1.084,00
118 491,92 491,92 420,91 1.177,00 1.093,00
119 491,92 0,00 0,00 1.077,00 1.103,00
120 491,92 491,92 414,40 1.175,00 1.112,00
121 491,92 0,00 0,00 1.075,00 1.122,00
122 491,92 491,92 408,08 1.173,00 1.131,00
123 491,92 0,00 0,00 1.073,00 1.141,00
124 491,92 491,92 402,09 1.171,00 1.150,00
125 491,92 0,00 0,00 1.071,00 1.160,00
126 491,92 491,92 396,34 1.169,00 1.169,00
127 491,92 0,00 0,00 1.069,00 1.179,00
128 491,92 0,00 0,00 1.167,00 1.177,00
129 491,92 491,92 387,91 1.265,00 1.186,00
130 491,92 0,00 0,00 1.165,00 1.196,00
131 491,92 491,92 382,49 1.263,00 1.205,00
132 491,92 0,00 0,00 1.163,00 1.215,00
133 491,92 491,92 377,23 1.261,00 1.224,00
134 491,92 0,00 0,00 1.161,00 1.234,00
135 491,92 491,92 372,10 1.259,00 1.243,00
136 491,92 0,00 0,00 1.159,00 1.253,00
137 491,92 0,00 0,00 1.257,00 1.262,00
138 491,92 491,92 364,63 1.355,00 1.271,00
139 491,92 0,00 0,00 1.255,00 1.281,00
140 491,92 491,92 359,76 1.353,00 1.290,00
141 491,92 0,00 0,00 1.253,00 1.300,00
142 491,92 491,92 355,15 1.351,00 1.309,00
143 491,92 0,00 0,00 1.251,00 1.319,00
144 491,92 491,92 350,62 1.349,00 1.328,00
145 491,92 0,00 0,00 1.249,00 1.338,00
146 491,92 491,92 346,27 1.347,00 1.347,00
147 491,92 0,00 0,00 1.247,00 1.357,00
148 491,92 0,00 0,00 1.345,00 1.355,00
149 491,92 491,92 340,03 1.443,00 1.364,00
150 491,92 0,00 0,00 1.343,00 1.374,00
151 491,92 491,92 335,97 1.441,00 1.383,00
152 491,92 0,00 0,00 1.341,00 1.393,00
153 491,92 491,92 332,05 1.439,00 1.402,00
154 491,92 0,00 0,00 1.339,00 1.412,00
155 491,92 491,92 328,23 1.437,00 1.421,00
156 491,92 0,00 0,00 1.337,00 1.431,00
157 491,92 0,00 0,00 1.435,00 1.440,00
158 491,92 491,92 322,69 1.533,00 1.449,00
159 491,92 0,00 0,00 1.433,00 1.459,00
160 491,92 491,92 319,17 1.531,00 1.468,00
161 491,92 0,00 0,00 1.431,00 1.478,00
162 491,92 491,92 315,68 1.529,00 1.487,00
163 491,92 0,00 0,00 1.429,00 1.497,00
164 491,92 491,92 312,36 1.527,00 1.506,00
165 491,92 0,00 0,00 1.427,00 1.516,00
166 491,92 491,92 309,04 1.525,00 1.525,00
167 491,92 0,00 0,00 1.425,00 1.535,00
168 491,92 0,00 0,00 1.523,00 1.533,00
169 491,92 491,92 304,32 1.621,00 1.542,00
170 491,92 0,00 0,00 1.521,00 1.552,00
171 491,92 491,92 301,25 1.619,00 1.561,00
172 491,92 0,00 0,00 1.519,00 1.571,00
173 491,92 491,92 298,30 1.617,00 1.580,00
174 491,92 0,00 0,00 1.517,00 1.590,00
175 491,92 491,92 295,44 1.615,00 1.599,00
176 491,92 0,00 0,00 1.515,00 1.609,00
177 491,92 0,00 0,00 1.613,00 1.618,00
178 491,92 491,92 291,25 1.711,00 1.627,00
179 491,92 0,00 0,00 1.611,00 1.637,00
180 491,92 491,92 288,57 1.709,00 1.646,00
181 491,92 0,00 0,00 1.609,00 1.656,00
182 491,92 491,92 285,99 1.707,00 1.665,00
183 491,92 0,00 0,00 1.607,00 1.675,00
184 491,92 491,92 283,50 1.705,00 1.684,00
185 491,92 0,00 0,00 1.605,00 1.694,00
186 491,92 491,92 281,04 1.703,00 1.703,00
187 491,92 0,00 0,00 1.603,00 1.713,00
188 491,92 0,00 0,00 1.701,00 1.711,00
189 491,92 491,92 277,45 1.799,00 1.720,00
190 491,92 0,00 0,00 1.699,00 1.730,00
191 491,92 491,92 275,13 1.797,00 1.739,00
192 491,92 0,00 0,00 1.697,00 1.749,00
193 491,92 491,92 272,87 1.795,00 1.758,00
194 491,92 0,00 0,00 1.695,00 1.768,00
195 491,92 491,92 270,71 1.793,00 1.777,00
196 491,92 0,00 0,00 1.693,00 1.787,00
197 491,92 0,00 0,00 1.791,00 1.796,00
198 491,92 491,92 267,50 1.889,00 1.805,00
199 491,92 0,00 0,00 1.789,00 1.815,00
200 491,92 491,92 265,45 1.887,00 1.824,00
201 491,92 0,00 0,00 1.787,00 1.834,00
202 491,92 491,92 263,42 1.885,00 1.843,00
203 491,92 0,00 0,00 1.785,00 1.853,00
204 491,92 491,92 261,44 1.883,00 1.862,00
205 491,92 0,00 0,00 1.783,00 1.872,00
206 491,92 491,92 259,53 1.881,00 1.881,00
207 491,92 0,00 0,00 1.781,00 1.891,00
208 491,92 0,00 0,00 1.879,00 1.889,00
209 491,92 491,92 256,79 1.977,00 1.898,00
210 491,92 0,00 0,00 1.877,00 1.908,00
211 491,92 491,92 254,96 1.975,00 1.917,00
212 491,92 0,00 0,00 1.875,00 1.927,00
213 491,92 491,92 253,20 1.973,00 1.936,00
214 491,92 0,00 0,00 1.873,00 1.946,00
215 491,92 491,92 251,49 1.971,00 1.955,00
216 491,92 0,00 0,00 1.871,00 1.965,00
217 491,92 0,00 0,00 1.969,00 1.974,00
218 491,92 491,92 249,01 2.067,00 1.983,00
219 491,92 0,00 0,00 1.967,00 1.993,00
220 491,92 491,92 247,42 2.065,00 2.002,00
221 491,92 0,00 0,00 1.965,00 2.012,00
222 491,92 491,92 245,87 2.063,00 2.021,00
223 491,92 0,00 0,00 1.963,00 2.031,00
224 491,92 491,92 244,35 2.061,00 2.040,00
225 491,92 0,00 0,00 1.961,00 2.050,00
226 491,92 491,92 242,87 2.059,00 2.059,00
227 491,92 0,00 0,00 1.959,00 2.069,00
228 491,92 0,00 0,00 2.057,00 2.067,00
229 491,92 491,92 240,74 2.155,00 2.076,00
230 491,92 0,00 0,00 2.055,00 2.086,00
231 491,92 491,92 239,36 2.153,00 2.095,00
232 491,92 0,00 0,00 2.053,00 2.105,00
233 491,92 491,92 237,97 2.151,00 2.114,00
234 491,92 0,00 0,00 2.051,00 2.124,00
235 491,92 491,92 236,61 2.149,00 2.133,00
236 491,92 0,00 0,00 2.049,00 2.143,00
237 491,92 0,00 0,00 2.147,00 2.152,00
238 491,92 491,92 234,66 2.245,00 2.161,00
239 491,92 0,00 0,00 2.145,00 2.171,00
240 491,92 491,92 233,40 2.243,00 2.180,00
241 491,92 0,00 0,00 2.143,00 2.190,00
242 491,92 491,92 232,17 2.241,00 2.199,00
243 491,92 0,00 0,00 2.141,00 2.209,00
244 491,92 491,92 230,97 2.239,00 2.218,00
245 491,92 0,00 0,00 2.139,00 2.228,00
246 491,92 491,92 229,80 2.237,00 2.237,00
247 491,92 0,00 0,00 2.137,00 2.247,00
248 491,92 0,00 0,00 2.235,00 2.245,00
249 491,92 491,92 228,08 2.333,00 2.254,00
250 491,92 0,00 0,00 2.233,00 2.264,00
251 491,92 491,92 226,96 2.331,00 2.273,00
252 491,92 0,00 0,00 2.231,00 2.283,00
253 491,92 491,92 225,86 2.329,00 2.292,00
254 491,92 0,00 0,00 2.229,00 2.302,00
255 491,92 491,92 224,79 2.327,00 2.311,00
256 491,92 0,00 0,00 2.227,00 2.321,00
257 491,92 0,00 0,00 2.325,00 2.330,00
258 491,92 491,92 223,22 2.423,00 2.339,00
259 491,92 0,00 0,00 2.323,00 2.349,00
260 491,92 491,92 222,20 2.421,00 2.358,00
261 491,92 0,00 0,00 2.321,00 2.368,00
262 491,92 491,92 221,20 2.419,00 2.377,00
263 491,92 0,00 0,00 2.319,00 2.387,00
264 491,92 491,92 220,23 2.417,00 2.396,00
265 491,92 0,00 0,00 2.317,00 2.406,00
266 491,92 491,92 219,28 2.415,00 2.415,00
267 491,92 0,00 0,00 2.315,00 2.425,00
268 491,92 0,00 0,00 2.413,00 2.423,00
269 491,92 491,92 217,91 2.511,00 2.432,00
270 491,92 0,00 0,00 2.411,00 2.442,00
271 491,92 491,92 217,01 2.509,00 2.451,00
272 491,92 0,00 0,00 2.409,00 2.461,00
273 491,92 491,92 216,12 2.507,00 2.470,00
274 491,92 0,00 0,00 2.407,00 2.480,00
275 491,92 491,92 215,25 2.505,00 2.489,00
276 491,92 0,00 0,00 2.405,00 2.499,00
277 491,92 0,00 0,00 2.503,00 2.508,00
278 491,92 491,92 213,99 2.601,00 2.517,00
279 491,92 0,00 0,00 2.501,00 2.527,00
280 491,92 491,92 213,23 2.599,00 2.536,00
281 491,92 0,00 0,00 2.499,00 2.546,00
282 491,92 491,92 212,42 2.597,00 2.555,00
283 491,92 0,00 0,00 2.497,00 2.565,00
284 491,92 491,92 211,65 2.595,00 2.574,00
285 491,92 0,00 0,00 2.495,00 2.584,00
286 491,92 491,92 210,89 2.593,00 2.593,00
287 491,92 0,00 0,00 2.493,00 2.603,00
288 491,92 0,00 0,00 2.591,00 2.601,00
289 491,92 491,92 209,79 2.689,00 2.610,00
290 491,92 0,00 0,00 2.589,00 2.620,00
291 491,92 491,92 209,10 2.687,00 2.629,00
292 491,92 0,00 0,00 2.587,00 2.639,00
293 491,92 491,92 208,36 2.685,00 2.648,00
294 491,92 0,00 0,00 2.585,00 2.658,00
295 491,92 491,92 207,66 2.683,00 2.667,00
296 491,92 0,00 0,00 2.583,00 2.677,00
297 491,92 0,00 0,00 2.681,00 2.686,00
298 491,92 491,92 206,64 2.779,00 2.695,00
299 491,92 0,00 0,00 2.679,00 2.705,00
300 491,92 491,92 205,97 2.777,00 2.714,00
301 491,92 0,00 0,00 2.677,00 2.724,00
302 491,92 491,92 205,32 2.775,00 2.733,00
303 491,92 0,00 0,00 2.675,00 2.743,00
304 491,92 491,92 204,68 2.773,00 2.752,00
305 491,92 0,00 0,00 2.673,00 2.762,00
306 491,92 491,92 204,06 2.771,00 2.771,00
307 491,92 0,00 0,00 2.671,00 2.781,00
308 491,92 0,00 0,00 2.769,00 2.779,00
309 491,92 491,92 203,13 2.867,00 2.788,00
310 491,92 0,00 0,00 2.767,00 2.798,00
311 491,92 491,92 202,53 2.865,00 2.807,00
312 491,92 0,00 0,00 2.765,00 2.817,00
313 491,92 491,92 201,94 2.863,00 2.826,00
314 491,92 0,00 0,00 2.763,00 2.836,00
315 491,92 491,92 201,37 2.861,00 2.845,00
316 491,92 0,00 0,00 2.761,00 2.855,00
317 491,92 0,00 0,00 2.859,00 2.864,00
318 491,92 491,92 200,53 2.957,00 2.873,00
319 491,92 0,00 0,00 2.857,00 2.883,00
320 491,92 491,92 199,98 2.955,00 2.892,00
321 491,92 0,00 0,00 2.855,00 2.902,00
322 491,92 491,92 199,44 2.953,00 2.911,00
323 491,92 0,00 0,00 2.853,00 2.921,00
324 491,92 491,92 198,92 2.951,00 2.930,00
325 491,92 0,00 0,00 2.851,00 2.940,00
326 491,92 491,92 198,41 2.949,00 2.949,00
327 491,92 0,00 0,00 2.849,00 2.959,00
328 491,92 0,00 0,00 2.947,00 2.957,00
329 491,92 491,92 197,65 3.045,00 2.966,00
330 491,92 0,00 0,00 2.945,00 2.976,00
331 491,92 491,92 197,16 3.043,00 2.985,00
332 491,92 0,00 0,00 2.943,00 2.995,00
333 491,92 491,92 196,71 3.041,00 3.004,00
334 491,92 0,00 0,00 2.941,00 3.014,00
335 491,92 491,92 196,24 3.039,00 3.023,00
336 491,92 0,00 0,00 2.939,00 3.033,00
337 491,92 0,00 0,00 3.037,00 3.042,00
338 491,92 491,92 195,54 3.135,00 3.051,00
339 491,92 0,00 0,00 3.035,00 3.061,00
340 491,92 491,92 195,09 3.133,00 3.070,00
341 491,92 0,00 0,00 3.033,00 3.080,00
342 491,92 491,92 194,65 3.131,00 3.089,00
343 491,92 0,00 0,00 3.031,00 3.099,00
344 491,92 491,92 194,21 3.129,00 3.108,00
345 491,92 0,00 0,00 3.029,00 3.118,00
346 491,92 491,92 193,77 3.127,00 3.127,00
347 491,92 0,00 0,00 3.027,00 3.137,00
348 491,92 0,00 0,00 3.125,00 3.135,00
349 491,92 491,92 193,14 3.223,00 3.144,00
350 491,92 0,00 0,00 3.123,00 3.154,00
351 491,92 491,92 192,72 3.221,00 3.163,00
352 491,92 0,00 0,00 3.121,00 3.173,00
353 491,92 491,92 192,32 3.219,00 3.182,00
354 491,92 0,00 0,00 3.119,00 3.192,00
355 491,92 491,92 191,92 3.217,00 3.201,00
356 491,92 0,00 0,00 3.117,00 3.211,00
357 491,92 0,00 0,00 3.215,00 3.220,00
358 491,92 491,92 191,34 3.313,00 3.229,00
359 491,92 0,00 0,00 3.213,00 3.239,00
360 491,92 491,92 190,96 3.311,00 3.248,00
361 491,92 0,00 0,00 3.211,00 3.258,00
362 491,92 491,92 190,58 3.309,00 3.267,00
363 491,92 0,00 0,00 3.209,00 3.277,00
364 491,92 491,92 190,21 3.307,00 3.286,00
365 491,92 0,00 0,00 3.207,00 3.296,00
366 491,92 491,92 189,85 3.305,00 3.305,00
367 491,92 0,00 0,00 3.205,00 3.315,00
368 491,92 0,00 0,00 3.303,00 3.313,00
369 491,92 491,92 189,32 3.401,00 3.322,00
370 491,92 0,00 0,00 3.301,00 3.332,00
371 491,92 491,92 188,97 3.399,00 3.341,00
372 491,92 0,00 0,00 3.299,00 3.351,00
373 491,92 491,92 188,63 3.397,00 3.360,00
374 491,92 0,00 0,00 3.297,00 3.370,00
375 491,92 491,92 188,29 3.395,00 3.379,00
376 491,92 0,00 0,00 3.295,00 3.389,00
377 491,92 0,00 0,00 3.393,00 3.398,00
378 491,92 491,92 187,80 3.491,00 3.407,00
379 491,92 0,00 0,00 3.391,00 3.417,00
380 491,92 491,92 187,48 3.489,00 3.426,00
381 491,92 0,00 0,00 3.389,00 3.436,00
382 491,92 491,92 187,16 3.487,00 3.445,00
383 491,92 0,00 0,00 3.387,00 3.455,00
384 491,92 491,92 186,85 3.485,00 3.464,00
385 491,92 0,00 0,00 3.385,00 3.474,00
386 491,92 491,92 186,54 3.483,00 3.483,00
387 491,92 0,00 0,00 3.383,00 3.493,00
388 491,92 0,00 0,00 3.481,00 3.491,00
389 491,92 491,92 186,10 3.579,00 3.500,00
390 491,92 0,00 0,00 3.479,00 3.510,00
391 491,92 491,92 185,80 3.577,00 3.519,00
392 491,92 0,00 0,00 3.477,00 3.529,00
393 491,92 491,92 185,51 3.575,00 3.538,00
394 491,92 0,00 0,00 3.475,00 3.548,00
395 491,92 491,92 185,22 3.573,00 3.557,00
396 491,92 0,00 0,00 3.473,00 3.567,00
397 491,92 0,00 0,00 3.571,00 3.576,00
398 491,92 491,92 184,80 3.669,00 3.585,00
399 491,92 0,00 0,00 3.569,00 3.595,00
400 491,92 491,92 184,53 3.667,00 3.604,00
401 491,92 0,00 0,00 3.567,00 3.614,00
402 491,92 491,92 184,26 3.665,00 3.623,00
403 491,92 0,00 0,00 3.565,00 3.633,00
404 491,92 491,92 184,00 3.663,00 3.642,00
405 491,92 0,00 0,00 3.563,00 3.652,00
406 491,92 491,92 183,74 3.661,00 3.661,00
407 491,92 0,00 0,00 3.561,00 3.671,00
408 491,92 0,00 0,00 3.659,00 3.669,00
409 491,92 491,92 183,38 3.757,00 3.678,00
410 491,92 0,00 0,00 3.657,00 3.688,00
411 491,92 491,92 183,14 3.755,00 3.697,00
412 491,92 0,00 0,00 3.655,00 3.707,00
413 491,92 491,92 182,87 3.753,00 3.716,00
414 491,92 0,00 0,00 3.653,00 3.726,00
415 491,92 491,92 182,60 3.751,00 3.735,00
416 491,92 0,00 0,00 3.651,00 3.745,00
417 491,92 0,00 0,00 3.749,00 3.754,00
418 491,92 491,92 182,26 3.847,00 3.763,00
419 491,92 0,00 0,00 3.747,00 3.773,00
420 491,92 491,92 182,02 3.845,00 3.782,00
421 491,92 0,00 0,00 3.745,00 3.792,00
422 491,92 491,92 181,79 3.843,00 3.801,00
423 491,92 0,00 0,00 3.743,00 3.811,00
424 491,92 491,92 181,57 3.841,00 3.820,00
425 491,92 0,00 0,00 3.741,00 3.830,00
426 491,92 491,92 181,35 3.839,00 3.839,00
427 491,92 0,00 0,00 3.739,00 3.849,00
428 491,92 0,00 0,00 3.837,00 3.847,00
429 491,92 491,92 181,01 3.935,00 3.856,00
430 491,92 0,00 0,00 3.835,00 3.866,00
431 491,92 491,92 180,80 3.933,00 3.875,00
432 491,92 0,00 0,00 3.833,00 3.885,00
433 491,92 491,92 180,58 3.931,00 3.894,00
434 491,92 0,00 0,00 3.831,00 3.904,00
435 491,92 491,92 180,38 3.929,00 3.913,00
436 491,92 0,00 0,00 3.829,00 3.923,00
437 491,92 0,00 0,00 3.927,00 3.932,00
438 491,92 491,92 180,07 4.025,00 3.941,00
439 491,92 0,00 0,00 3.925,00 3.951,00
440 491,92 491,92 179,86 4.023,00 3.960,00
441 491,92 0,00 0,00 3.923,00 3.970,00
442 491,92 491,92 179,66 4.021,00 3.979,00
443 491,92 0,00 0,00 3.921,00 3.989,00
444 491,92 491,92 179,46 4.019,00 3.998,00
445 491,92 0,00 0,00 3.919,00 4.008,00
446 491,92 491,92 179,26 4.017,00 4.017,00
447 491,92 0,00 0,00 3.917,00 4.027,00
448 491,92 0,00 0,00 4.015,00 4.025,00
449 491,92 491,92 178,97 4.113,00 4.034,00
450 491,92 0,00 0,00 4.013,00 4.044,00
451 491,92 491,92 178,78 4.111,00 4.053,00
452 491,92 0,00 0,00 4.011,00 4.063,00
453 491,92 491,92 178,60 4.109,00 4.072,00
454 491,92 0,00 0,00 4.009,00 4.082,00
455 491,92 491,92 178,41 4.107,00 4.091,00
456 491,92 0,00 0,00 4.007,00 4.101,00
457 491,92 0,00 0,00 4.105,00 4.110,00
458 491,92 491,92 178,15 4.203,00 4.119,00
459 491,92 0,00 0,00 4.103,00 4.129,00
460 491,92 491,92 177,97 4.201,00 4.138,00
461 491,92 0,00 0,00 4.101,00 4.148,00
462 491,92 491,92 177,80 4.199,00 4.157,00
463 491,92 0,00 0,00 4.099,00 4.167,00
464 491,92 491,92 177,62 4.197,00 4.176,00
465 491,92 0,00 0,00 4.097,00 4.186,00
466 491,92 491,92 177,45 4.195,00 4.195,00
467 491,92 0,00 0,00 4.095,00 4.205,00
468 491,92 0,00 0,00 4.193,00 4.203,00
469 491,92 491,92 177,20 4.291,00 4.212,00
470 491,92 0,00 0,00 4.191,00 4.222,00
471 491,92 491,92 177,04 4.289,00 4.231,00
472 491,92 0,00 0,00 4.189,00 4.241,00
473 491,92 491,92 176,88 4.287,00 4.250,00
474 491,92 0,00 0,00 4.187,00 4.260,00
475 491,92 491,92 176,73 4.285,00 4.269,00
476 491,92 0,00 0,00 4.185,00 4.279,00
477 491,92 0,00 0,00 4.283,00 4.288,00
478 491,92 491,92 176,51 4.381,00 4.297,00
479 491,92 0,00 0,00 4.281,00 4.307,00
480 491,92 491,92 176,34 4.379,00 4.316,00
481 491,92 0,00 0,00 4.279,00 4.326,00
482 491,92 491,92 176,18 4.377,00 4.335,00
483 491,92 0,00 0,00 4.277,00 4.345,00
484 491,92 491,92 176,03 4.375,00 4.354,00
485 491,92 0,00 0,00 4.275,00 4.364,00
486 491,92 491,92 175,89 4.373,00 4.373,00
487 491,92 0,00 0,00 4.273,00 4.383,00
488 491,92 0,00 0,00 4.371,00 4.381,00
489 491,92 491,92 175,67 4.469,00 4.390,00
490 491,92 0,00 0,00 4.369,00 4.400,00
491 491,92 491,92 175,53 4.467,00 4.409,00
492 491,92 0,00 0,00 4.367,00 4.419,00
493 491,92 491,92 175,39 4.465,00 4.428,00
494 491,92 0,00 0,00 4.365,00 4.438,00
495 491,92 491,92 175,25 4.463,00 4.447,00
496 491,92 0,00 0,00 4.363,00 4.457,00
497 491,92 0,00 0,00 4.461,00 4.466,00
498 491,92 491,92 175,05 4.559,00 4.475,00
499 491,92 0,00 0,00 4.459,00 4.485,00
