1000
0 10,33 10,33 10,33 1,00 32,00 0
1 10,33 10,33 10,33 1,00 8,00 1235
2 10,33 10,33 4,27 1,00 8,00 1774
3 10,33 3,44 1,45 1,00 10,00 1865
4 10,33 3,44 1,46 1,00 17,00 1875
5 10,33 3,44 1,46 1,00 24,00 1879
6 10,33 3,44 1,46 1,00 31,00 1881
7 10,33 3,44 1,47 1,00 38,00 1881
8 10,33 0,23 0,10 1,00 45,00 1881
9 10,33 0,23 0,10 1,00 52,00 1881
10 10,33 0,23 0,10 1,00 59,00 1881
11 10,33 0,23 0,10 1,00 66,00 1881
12 10,33 0,23 0,10 1,00 73,00 1881
13 10,33 0,23 0,10 1,00 80,00 1881
14 10,33 0,23 0,10 1,00 87,00 1881
15 10,33 0,23 0,10 1,00 94,00 1881
16 10,33 0,23 0,10 1,00 101,00 1881
17 10,33 0,23 0,10 1,00 108,00 1881
18 10,33 0,23 0,10 1,00 115,00 1881
19 10,33 0,23 0,10 1,00 122,00 1881
20 10,33 0,08 0,03 1,00 129,00 1881
21 10,33 0,08 0,03 1,00 136,00 1881
22 10,33 0,08 0,03 1,00 143,00 1881
23 10,33 0,08 0,03 1,00 150,00 1881
24 10,33 0,08 0,03 1,00 157,00 1881
25 10,33 0,08 0,03 1,00 164,00 1881
26 10,33 0,06 0,03 1,00 171,00 1881
27 10,33 0,06 0,03 1,00 178,00 1881
28 10,33 0,06 0,03 1,00 185,00 1881
29 10,33 0,06 0,03 1,00 192,00 1881
30 10,33 0,05 0,02 99,00 199,00 1881
31 10,33 5,33 2,27 99,00 199,00 2704
32 10,33 5,41 2,11 99,00 196,00 3431
33 10,33 5,33 2,10 99,00 199,00 3821
34 10,33 5,25 2,15 99,00 202,00 4072
35 10,33 5,06 2,20 99,00 202,00 4286
36 10,33 5,12 2,14 99,00 207,00 4405
37 10,33 4,97 2,09 99,00 213,00 4558
38 10,33 4,85 2,09 99,00 218,00 4625
39 10,33 4,71 1,99 99,00 224,00 4666
40 10,33 4,61 1,94 99,00 229,00 4711
41 10,33 4,51 1,92 99,00 234,00 4762
42 10,33 4,41 1,90 99,00 239,00 4795
43 10,33 4,30 1,80 99,00 245,00 4831
44 10,33 4,30 1,84 99,00 252,00 4863
45 10,33 3,97 1,70 99,00 258,00 4893
46 10,33 3,97 1,70 99,00 265,00 4918
47 10,33 3,89 1,66 99,00 270,00 4938
48 10,33 3,82 1,63 99,00 275,00 4953
49 10,33 3,73 1,60 99,00 281,00 4969
50 10,33 3,73 1,60 99,00 288,00 4978
51 10,33 3,58 1,53 99,00 293,00 4991
52 10,33 3,50 1,50 99,00 299,00 5006
53 10,33 3,50 1,49 99,00 306,00 5016
54 10,33 3,37 1,43 99,00 311,00 5027
55 10,33 3,37 1,43 99,00 318,00 5033
56 10,33 3,37 1,43 99,00 325,00 5043
57 10,33 3,37 1,43 99,00 332,00 5047
58 10,33 3,09 1,31 99,00 338,00 5055
59 10,33 3,04 1,29 99,00 344,00 5061
60 10,33 2,98 1,27 22,00 350,00 5068
61 10,33 2,98 1,26 22,00 357,00 5076
62 10,33 2,98 1,26 22,00 364,00 5097
63 10,33 2,98 1,26 22,00 371,00 5110
64 10,33 2,98 1,26 22,00 378,00 5114
65 10,33 2,98 1,26 22,00 385,00 5115
66 10,33 2,98 1,26 22,00 392,00 5118
67 10,33 2,98 1,26 22,00 399,00 5123
68 10,33 2,98 1,26 22,00 406,00 5124
69 10,33 2,98 1,26 22,00 413,00 5125
70 10,33 2,98 1,26 22,00 420,00 5125
71 10,33 0,53 0,22 22,00 427,00 5125
72 10,33 0,53 0,22 22,00 434,00 5125
73 10,33 0,53 0,22 22,00 441,00 5125
74 10,33 0,53 0,22 22,00 448,00 5126
75 10,33 0,53 0,22 22,00 455,00 5126
76 10,33 0,53 0,22 22,00 462,00 5126
77 10,33 0,48 0,20 22,00 469,00 5126
78 10,33 0,48 0,20 22,00 476,00 5127
79 10,33 0,48 0,20 22,00 483,00 5128
80 10,33 0,48 0,20 22,00 490,00 5128
81 10,33 0,48 0,20 22,00 497,00 5128
82 10,33 0,48 0,20 22,00 504,00 5128
83 10,33 0,48 0,20 22,00 511,00 5128
84 10,33 0,48 0,20 22,00 518,00 5128
85 10,33 0,48 0,20 22,00 525,00 5128
86 10,33 0,48 0,20 22,00 532,00 5128
87 10,33 0,48 0,20 22,00 539,00 5128
88 10,33 0,48 0,20 22,00 546,00 5129
89 10,33 0,48 0,20 22,00 553,00 5133
90 10,33 0,48 0,20 105,00 560,00 5133
91 10,33 1,94 0,81 105,00 565,00 5240
92 10,33 1,94 0,80 105,00 565,00 5280
93 10,33 1,94 0,80 105,00 567,00 5298
94 10,33 1,92 0,79 105,00 571,00 5308
95 10,33 1,92 0,79 105,00 578,00 5318
96 10,33 1,89 0,78 105,00 582,00 5327
97 10,33 1,87 0,77 105,00 587,00 5336
98 10,33 1,85 0,76 105,00 593,00 5340
99 10,33 1,81 0,75 105,00 598,00 5347
100 10,33 1,82 0,75 105,00 603,00 5351
101 10,33 1,80 0,74 105,00 609,00 5353
102 10,33 1,76 0,72 105,00 616,00 5354
103 10,33 1,76 0,72 105,00 622,00 5357
104 10,33 1,76 0,72 105,00 629,00 5357
105 10,33 1,71 0,70 105,00 636,00 5357
106 10,33 1,69 0,69 105,00 643,00 5357
107 10,33 1,69 0,69 105,00 650,00 5357
108 10,33 1,69 0,69 105,00 657,00 5357
109 10,33 1,69 0,69 105,00 664,00 5359
110 10,33 1,62 0,66 105,00 671,00 5359
111 10,33 1,62 0,66 105,00 678,00 5360
112 10,33 1,62 0,66 105,00 685,00 5362
113 10,33 1,59 0,64 105,00 691,00 5364
114 10,33 1,57 0,64 105,00 697,00 5366
115 10,33 1,57 0,64 105,00 704,00 5366
116 10,33 1,57 0,64 105,00 711,00 5366
117 10,33 1,57 0,64 105,00 718,00 5366
118 10,33 1,57 0,64 105,00 725,00 5367
119 10,33 1,57 0,64 105,00 732,00 5368
120 10,33 1,57 0,64 47,00 739,00 5368
121 10,33 1,57 0,64 47,00 746,00 5378
122 10,33 1,57 0,63 47,00 753,00 5387
123 10,33 1,57 0,63 47,00 760,00 5391
124 10,33 1,57 0,63 47,00 767,00 5392
125 10,33 1,57 0,63 47,00 774,00 5392
126 10,33 1,57 0,63 47,00 781,00 5392
127 10,33 1,57 0,63 47,00 788,00 5392
128 10,33 1,57 0,63 47,00 795,00 5392
129 10,33 1,57 0,63 47,00 802,00 5392
130 10,33 1,57 0,63 47,00 809,00 5392
131 10,33 1,57 0,63 47,00 816,00 5392
132 10,33 1,57 0,63 47,00 823,00 5392
133 10,33 1,57 0,63 47,00 830,00 5392
134 10,33 1,57 0,63 47,00 837,00 5392
135 10,33 1,57 0,63 47,00 844,00 5392
136 10,33 1,57 0,63 47,00 851,00 5392
137 10,33 1,57 0,63 47,00 858,00 5392
138 10,33 1,57 0,63 47,00 865,00 5392
139 10,33 1,57 0,63 47,00 872,00 5392
140 10,33 1,57 0,63 47,00 879,00 5397
141 10,33 1,57 0,62 47,00 886,00 5398
142 10,33 1,57 0,62 47,00 893,00 5398
143 10,33 1,57 0,62 47,00 900,00 5398
144 10,33 1,57 0,62 47,00 907,00 5398
145 10,33 1,57 0,62 47,00 914,00 5398
146 10,33 1,57 0,62 47,00 921,00 5398
147 10,33 1,57 0,62 47,00 928,00 5398
148 10,33 1,57 0,62 47,00 935,00 5398
149 10,33 1,57 0,62 47,00 942,00 5398
150 10,33 1,57 0,62 1,00 949,00 5398
151 10,33 1,57 0,62 1,00 956,00 5443
152 10,33 1,57 0,62 1,00 963,00 5461
153 10,33 1,57 0,62 1,00 970,00 5469
154 10,33 1,57 0,62 1,00 977,00 5476
155 10,33 1,57 0,62 1,00 984,00 5480
156 10,33 1,57 0,62 1,00 991,00 5482
157 10,33 0,01 0,00 1,00 998,00 5482
158 10,33 0,01 0,00 1,00 995,00 5492
159 10,33 0,01 0,00 1,00 993,00 5501
160 10,33 0,01 0,00 1,00 991,00 5510
161 10,33 0,01 0,00 1,00 990,00 5520
162 10,33 0,01 0,00 1,00 989,00 5532
163 10,33 0,01 0,00 1,00 987,00 5544
164 10,33 0,01 0,00 1,00 986,00 5553
165 10,33 0,01 0,00 1,00 987,00 5560
166 10,33 0,01 0,00 1,00 988,00 5566
167 10,33 0,01 0,00 1,00 991,00 5570
168 10,33 0,01 0,00 1,00 995,00 5573
169 10,33 0,01 0,00 1,00 1.000,00 5575
170 10,33 0,01 0,00 1,00 1.006,00 5576
171 10,33 0,01 0,00 1,00 1.012,00 5577
172 10,33 0,01 0,00 1,00 1.018,00 5578
173 10,33 0,01 0,00 1,00 1.024,00 5579
174 10,33 0,01 0,00 1,00 1.030,00 5580
175 10,33 0,01 0,00 1,00 1.035,00 5582
176 10,33 0,01 0,00 1,00 1.041,00 5583
177 10,33 0,01 0,00 1,00 1.047,00 5584
178 10,33 0,01 0,00 1,00 1.053,00 5587
179 10,33 0,01 0,00 1,00 1.059,00 5589
180 10,33 0,01 0,00 99,00 1.065,00 5591
181 10,33 0,96 0,37 99,00 1.071,00 5600
182 10,33 0,96 0,37 99,00 1.078,00 5601
183 10,33 0,96 0,37 99,00 1.085,00 5602
184 10,33 0,96 0,37 99,00 1.092,00 5602
185 10,33 0,93 0,36 99,00 1.099,00 5602
186 10,33 0,93 0,36 99,00 1.106,00 5602
187 10,33 0,93 0,36 99,00 1.113,00 5602
188 10,33 0,93 0,36 99,00 1.120,00 5602
189 10,33 0,91 0,35 99,00 1.127,00 5602
190 10,33 0,91 0,35 99,00 1.134,00 5602
191 10,33 0,91 0,35 99,00 1.141,00 5604
192 10,33 0,91 0,34 99,00 1.148,00 5606
193 10,33 0,91 0,34 99,00 1.155,00 5607
194 10,33 0,88 0,33 99,00 1.162,00 5611
195 10,33 0,88 0,33 99,00 1.169,00 5613
196 10,33 0,88 0,33 99,00 1.176,00 5613
197 10,33 0,88 0,33 99,00 1.183,00 5613
198 10,33 0,88 0,33 99,00 1.190,00 5613
199 10,33 0,88 0,33 99,00 1.197,00 5613
200 10,33 0,88 0,33 99,00 1.204,00 5613
201 10,33 0,88 0,33 99,00 1.211,00 5613
202 10,33 0,88 0,33 99,00 1.218,00 5613
203 10,33 0,88 0,33 99,00 1.225,00 5613
204 10,33 0,88 0,33 99,00 1.232,00 5613
205 10,33 0,88 0,33 99,00 1.239,00 5613
206 10,33 0,88 0,33 99,00 1.246,00 5613
207 10,33 0,88 0,33 99,00 1.253,00 5613
208 10,33 0,88 0,33 99,00 1.260,00 5614
209 10,33 0,88 0,33 99,00 1.267,00 5616
210 10,33 0,88 0,33 72,00 1.274,00 5616
211 10,33 0,88 0,33 72,00 1.281,00 5655
212 10,33 0,88 0,33 72,00 1.288,00 5665
213 10,33 0,88 0,33 72,00 1.295,00 5671
214 10,33 0,57 0,21 72,00 1.302,00 5671
215 10,33 0,57 0,21 72,00 1.309,00 5671
216 10,33 0,57 0,21 72,00 1.316,00 5671
217 10,33 0,57 0,21 72,00 1.323,00 5671
218 10,33 0,57 0,21 72,00 1.330,00 5671
219 10,33 0,57 0,21 72,00 1.337,00 5671
220 10,33 0,57 0,21 72,00 1.344,00 5671
221 10,33 0,57 0,21 72,00 1.351,00 5671
222 10,33 0,57 0,21 72,00 1.358,00 5671
223 10,33 0,57 0,21 72,00 1.365,00 5671
224 10,33 0,57 0,21 72,00 1.372,00 5671
225 10,33 0,57 0,21 72,00 1.379,00 5671
226 10,33 0,57 0,21 72,00 1.386,00 5671
227 10,33 0,57 0,21 72,00 1.393,00 5671
228 10,33 0,57 0,21 72,00 1.400,00 5671
229 10,33 0,57 0,21 72,00 1.407,00 5671
230 10,33 0,57 0,21 72,00 1.414,00 5671
231 10,33 0,57 0,21 72,00 1.421,00 5671
232 10,33 0,57 0,21 72,00 1.428,00 5671
233 10,33 0,57 0,21 72,00 1.435,00 5671
234 10,33 0,57 0,21 72,00 1.442,00 5671
235 10,33 0,57 0,21 72,00 1.449,00 5671
236 10,33 0,57 0,21 72,00 1.456,00 5671
237 10,33 0,57 0,21 72,00 1.463,00 5671
238 10,33 0,51 0,19 72,00 1.470,00 5671
239 10,33 0,50 0,19 72,00 1.477,00 5671
240 10,33 0,50 0,19 96,00 1.484,00 5671
241 10,33 0,67 0,25 96,00 1.490,00 5686
242 10,33 0,67 0,24 96,00 1.497,00 5686
243 10,33 0,67 0,24 96,00 1.504,00 5687
244 10,33 0,67 0,24 96,00 1.511,00 5688
245 10,33 0,65 0,24 96,00 1.518,00 5688
246 10,33 0,65 0,24 96,00 1.525,00 5688
247 10,33 0,65 0,24 96,00 1.532,00 5688
248 10,33 0,64 0,23 96,00 1.539,00 5688
249 10,33 0,64 0,23 96,00 1.546,00 5691
250 10,33 0,64 0,23 96,00 1.553,00 5693
251 10,33 0,64 0,23 96,00 1.560,00 5693
252 10,33 0,64 0,23 96,00 1.567,00 5693
253 10,33 0,64 0,23 96,00 1.574,00 5694
254 10,33 0,64 0,23 96,00 1.581,00 5694
255 10,33 0,64 0,23 96,00 1.588,00 5694
256 10,33 0,64 0,23 96,00 1.595,00 5694
257 10,33 0,64 0,23 96,00 1.602,00 5694
258 10,33 0,64 0,23 96,00 1.609,00 5694
259 10,33 0,64 0,23 96,00 1.616,00 5694
260 10,33 0,64 0,23 96,00 1.623,00 5694
261 10,33 0,64 0,23 96,00 1.630,00 5694
262 10,33 0,64 0,23 96,00 1.637,00 5694
263 10,33 0,64 0,23 96,00 1.644,00 5694
264 10,33 0,64 0,23 96,00 1.651,00 5694
265 10,33 0,64 0,23 96,00 1.658,00 5694
266 10,33 0,64 0,23 96,00 1.665,00 5694
267 10,33 0,59 0,21 96,00 1.672,00 5694
268 10,33 0,59 0,21 96,00 1.679,00 5694
269 10,33 0,59 0,21 96,00 1.686,00 5694
270 10,33 0,59 0,21 104,00 1.693,00 5694
271 10,33 0,59 0,21 104,00 1.700,00 5724
272 10,33 0,59 0,21 104,00 1.707,00 5736
273 10,33 0,63 0,22 104,00 1.713,00 5742
274 10,33 0,63 0,22 104,00 1.720,00 5742
275 10,33 0,62 0,22 104,00 1.727,00 5742
276 10,33 0,62 0,22 104,00 1.734,00 5742
277 10,33 0,62 0,22 104,00 1.741,00 5742
278 10,33 0,61 0,22 104,00 1.748,00 5742
279 10,33 0,61 0,22 104,00 1.755,00 5742
280 10,33 0,61 0,22 104,00 1.762,00 5742
281 10,33 0,61 0,22 104,00 1.769,00 5742
282 10,33 0,61 0,22 104,00 1.776,00 5742
283 10,33 0,61 0,22 104,00 1.783,00 5742
284 10,33 0,61 0,22 104,00 1.790,00 5742
285 10,33 0,61 0,22 104,00 1.797,00 5742
286 10,33 0,61 0,22 104,00 1.804,00 5742
287 10,33 0,61 0,22 104,00 1.811,00 5742
288 10,33 0,59 0,21 104,00 1.818,00 5742
289 10,33 0,59 0,21 104,00 1.825,00 5742
290 10,33 0,59 0,21 104,00 1.832,00 5742
291 10,33 0,59 0,21 104,00 1.839,00 5742
292 10,33 0,59 0,21 104,00 1.846,00 5742
293 10,33 0,58 0,20 104,00 1.853,00 5742
294 10,33 0,58 0,20 104,00 1.860,00 5742
295 10,33 0,58 0,20 104,00 1.867,00 5742
296 10,33 0,58 0,20 104,00 1.874,00 5742
297 10,33 0,58 0,20 104,00 1.881,00 5742
298 10,33 0,57 0,20 104,00 1.888,00 5742
299 10,33 0,57 0,20 104,00 1.895,00 5742
300 10,33 0,57 0,20 101,00 1.902,00 5742
301 10,33 0,57 0,20 101,00 1.909,00 5752
302 10,33 0,57 0,20 101,00 1.916,00 5752
303 10,33 0,57 0,20 101,00 1.923,00 5752
304 10,33 0,57 0,20 101,00 1.930,00 5752
305 10,33 0,57 0,20 101,00 1.937,00 5752
306 10,33 0,57 0,20 101,00 1.944,00 5762
307 10,33 0,54 0,18 101,00 1.949,00 5773
308 10,33 0,54 0,18 101,00 1.955,00 5778
309 10,33 0,53 0,18 101,00 1.961,00 5780
310 10,33 0,53 0,18 101,00 1.968,00 5780
311 10,33 0,53 0,18 101,00 1.975,00 5780
312 10,33 0,53 0,18 101,00 1.982,00 5780
313 10,33 0,53 0,18 101,00 1.989,00 5782
314 10,33 0,52 0,18 101,00 1.996,00 5783
315 10,33 0,52 0,18 101,00 2.003,00 5783
316 10,33 0,52 0,18 101,00 2.010,00 5783
317 10,33 0,52 0,18 101,00 2.017,00 5783
318 10,33 0,52 0,18 101,00 2.024,00 5783
319 10,33 0,52 0,18 101,00 2.031,00 5783
320 10,33 0,52 0,18 101,00 2.038,00 5783
321 10,33 0,52 0,18 101,00 2.045,00 5783
322 10,33 0,52 0,18 101,00 2.052,00 5783
323 10,33 0,52 0,18 101,00 2.059,00 5783
324 10,33 0,52 0,18 101,00 2.066,00 5783
325 10,33 0,52 0,18 101,00 2.073,00 5783
326 10,33 0,52 0,18 101,00 2.080,00 5783
327 10,33 0,52 0,18 101,00 2.087,00 5783
328 10,33 0,52 0,18 101,00 2.094,00 5783
329 10,33 0,52 0,18 101,00 2.101,00 5783
330 10,33 0,52 0,18 102,00 2.108,00 5783
331 10,33 0,52 0,18 102,00 2.115,00 5809
332 10,33 0,52 0,17 102,00 2.122,00 5815
333 10,33 0,50 0,17 102,00 2.128,00 5818
334 10,33 0,50 0,17 102,00 2.135,00 5819
335 10,33 0,50 0,16 102,00 2.142,00 5820
336 10,33 0,50 0,16 102,00 2.149,00 5820
337 10,33 0,50 0,16 102,00 2.156,00 5820
338 10,33 0,49 0,16 102,00 2.163,00 5820
339 10,33 0,49 0,16 102,00 2.170,00 5820
340 10,33 0,49 0,16 102,00 2.177,00 5820
341 10,33 0,49 0,16 102,00 2.184,00 5820
342 10,33 0,48 0,16 102,00 2.191,00 5820
343 10,33 0,48 0,16 102,00 2.198,00 5820
344 10,33 0,48 0,16 102,00 2.205,00 5820
345 10,33 0,48 0,16 102,00 2.212,00 5820
346 10,33 0,48 0,16 102,00 2.219,00 5820
347 10,33 0,48 0,16 102,00 2.226,00 5820
348 10,33 0,48 0,16 102,00 2.233,00 5820
349 10,33 0,48 0,16 102,00 2.240,00 5820
350 10,33 0,48 0,16 102,00 2.247,00 5820
351 10,33 0,48 0,16 102,00 2.254,00 5820
352 10,33 0,48 0,16 102,00 2.261,00 5820
353 10,33 0,48 0,16 102,00 2.268,00 5820
354 10,33 0,48 0,16 102,00 2.275,00 5820
355 10,33 0,48 0,16 102,00 2.282,00 5820
356 10,33 0,48 0,16 102,00 2.289,00 5820
357 10,33 0,48 0,16 102,00 2.296,00 5820
358 10,33 0,48 0,16 102,00 2.303,00 5820
359 10,33 0,48 0,16 102,00 2.310,00 5820
360 10,33 0,48 0,16 104,00 2.317,00 5820
361 10,33 0,48 0,16 104,00 2.324,00 5827
362 10,33 0,48 0,16 104,00 2.331,00 5827
363 10,33 0,48 0,16 104,00 2.338,00 5827
364 10,33 0,48 0,16 104,00 2.345,00 5827
365 10,33 0,48 0,16 104,00 2.352,00 5827
366 10,33 0,48 0,16 104,00 2.359,00 5827
367 10,33 0,48 0,16 104,00 2.366,00 5827
368 10,33 0,48 0,16 104,00 2.373,00 5827
369 10,33 0,48 0,16 104,00 2.380,00 5827
370 10,33 0,48 0,16 104,00 2.387,00 5827
371 10,33 0,48 0,16 104,00 2.394,00 5827
372 10,33 0,48 0,16 104,00 2.401,00 5827
373 10,33 0,48 0,16 104,00 2.408,00 5827
374 10,33 0,48 0,16 104,00 2.415,00 5827
375 10,33 0,48 0,16 104,00 2.422,00 5827
376 10,33 0,44 0,15 104,00 2.429,00 5827
377 10,33 0,44 0,15 104,00 2.436,00 5827
378 10,33 0,44 0,15 104,00 2.443,00 5827
379 10,33 0,44 0,15 104,00 2.450,00 5827
380 10,33 0,44 0,15 104,00 2.457,00 5827
381 10,33 0,44 0,15 104,00 2.464,00 5827
382 10,33 0,44 0,15 104,00 2.471,00 5827
383 10,33 0,43 0,14 104,00 2.477,00 5833
384 10,33 0,43 0,14 104,00 2.484,00 5833
385 10,33 0,43 0,14 104,00 2.491,00 5833
386 10,33 0,43 0,14 104,00 2.498,00 5833
387 10,33 0,43 0,14 104,00 2.505,00 5833
388 10,33 0,43 0,14 104,00 2.512,00 5833
389 10,33 0,43 0,14 104,00 2.519,00 5833
390 10,33 0,43 0,14 115,00 2.526,00 5833
391 10,33 0,43 0,14 115,00 2.533,00 5854
392 10,33 0,43 0,13 115,00 2.540,00 5858
393 10,33 0,43 0,13 115,00 2.547,00 5861
394 10,33 0,43 0,13 115,00 2.554,00 5861
395 10,33 0,43 0,13 115,00 2.561,00 5861
396 10,33 0,43 0,13 115,00 2.568,00 5861
397 10,33 0,43 0,13 115,00 2.575,00 5861
398 10,33 0,43 0,13 115,00 2.582,00 5861
399 10,33 0,43 0,13 115,00 2.589,00 5861
400 10,33 0,43 0,13 115,00 2.596,00 5861
401 10,33 0,43 0,13 115,00 2.603,00 5865
402 10,33 0,43 0,13 115,00 2.610,00 5866
403 10,33 0,43 0,13 115,00 2.617,00 5866
404 10,33 0,43 0,13 115,00 2.624,00 5866
405 10,33 0,43 0,13 115,00 2.631,00 5866
406 10,33 0,43 0,13 115,00 2.638,00 5866
407 10,33 0,43 0,13 115,00 2.645,00 5866
408 10,33 0,43 0,13 115,00 2.652,00 5866
409 10,33 0,43 0,13 115,00 2.659,00 5866
410 10,33 0,43 0,13 115,00 2.666,00 5866
411 10,33 0,43 0,13 115,00 2.673,00 5866
412 10,33 0,43 0,13 115,00 2.680,00 5866
413 10,33 0,44 0,14 115,00 2.687,00 5866
414 10,33 0,44 0,14 115,00 2.694,00 5866
415 10,33 0,44 0,14 115,00 2.701,00 5866
416 10,33 0,44 0,14 115,00 2.708,00 5866
417 10,33 0,44 0,14 115,00 2.715,00 5866
418 10,33 0,44 0,14 115,00 2.722,00 5866
419 10,33 0,44 0,14 115,00 2.729,00 5866
420 10,33 0,44 0,14 110,00 2.736,00 5866
421 10,33 0,44 0,14 110,00 2.743,00 5875
422 10,33 0,44 0,14 110,00 2.750,00 5878
423 10,33 0,44 0,14 110,00 2.757,00 5879
424 10,33 0,44 0,14 110,00 2.764,00 5879
425 10,33 0,44 0,14 110,00 2.771,00 5879
426 10,33 0,44 0,14 110,00 2.778,00 5879
427 10,33 0,44 0,14 110,00 2.785,00 5879
428 10,33 0,44 0,14 110,00 2.792,00 5880
429 10,33 0,44 0,14 110,00 2.799,00 5880
430 10,33 0,44 0,14 110,00 2.806,00 5880
431 10,33 0,44 0,14 110,00 2.813,00 5880
432 10,33 0,44 0,14 110,00 2.820,00 5880
433 10,33 0,44 0,14 110,00 2.827,00 5880
434 10,33 0,44 0,14 110,00 2.834,00 5880
435 10,33 0,44 0,14 110,00 2.841,00 5880
436 10,33 0,44 0,14 110,00 2.848,00 5880
437 10,33 0,44 0,14 110,00 2.855,00 5880
438 10,33 0,44 0,14 110,00 2.862,00 5880
439 10,33 0,44 0,14 110,00 2.869,00 5880
440 10,33 0,40 0,12 110,00 2.876,00 5880
441 10,33 0,39 0,12 110,00 2.883,00 5880
442 10,33 0,39 0,12 110,00 2.890,00 5880
443 10,33 0,39 0,12 110,00 2.897,00 5880
444 10,33 0,39 0,12 110,00 2.904,00 5880
445 10,33 0,39 0,12 110,00 2.911,00 5880
446 10,33 0,39 0,12 110,00 2.918,00 5880
447 10,33 0,39 0,12 110,00 2.925,00 5880
448 10,33 0,39 0,12 110,00 2.932,00 5880
449 10,33 0,39 0,12 110,00 2.939,00 5880
450 10,33 0,39 0,12 121,00 2.946,00 5880
451 10,33 0,39 0,12 121,00 2.953,00 5901
452 10,33 0,39 0,12 121,00 2.960,00 5908
453 10,33 0,39 0,12 121,00 2.967,00 5908
454 10,33 0,39 0,12 121,00 2.974,00 5908
455 10,33 0,39 0,12 121,00 2.981,00 5908
456 10,33 0,39 0,12 121,00 2.988,00 5909
457 10,33 0,39 0,12 121,00 2.995,00 5909
458 10,33 0,39 0,12 121,00 3.002,00 5909
459 10,33 0,39 0,12 121,00 3.009,00 5909
460 10,33 0,39 0,12 121,00 3.016,00 5909
461 10,33 0,39 0,12 121,00 3.023,00 5909
462 10,33 0,39 0,12 121,00 3.030,00 5909
463 10,33 0,39 0,12 121,00 3.037,00 5909
464 10,33 0,39 0,12 121,00 3.044,00 5909
465 10,33 0,39 0,12 121,00 3.051,00 5909
466 10,33 0,41 0,12 121,00 3.058,00 5909
467 10,33 0,41 0,12 121,00 3.065,00 5909
468 10,33 0,41 0,12 121,00 3.072,00 5909
469 10,33 0,41 0,12 121,00 3.079,00 5909
470 10,33 0,41 0,12 121,00 3.086,00 5909
471 10,33 0,41 0,12 121,00 3.093,00 5909
472 10,33 0,41 0,12 121,00 3.100,00 5909
473 10,33 0,41 0,12 121,00 3.107,00 5909
474 10,33 0,41 0,12 121,00 3.114,00 5909
475 10,33 0,41 0,12 121,00 3.121,00 5909
476 10,33 0,41 0,12 121,00 3.128,00 5909
477 10,33 0,41 0,12 121,00 3.135,00 5909
478 10,33 0,41 0,12 121,00 3.142,00 5909
479 10,33 0,41 0,12 121,00 3.149,00 5909
480 10,33 0,40 0,12 129,00 3.156,00 5909
481 10,33 0,40 0,12 129,00 3.163,00 5915
482 10,33 0,40 0,12 129,00 3.170,00 5916
483 10,33 0,40 0,12 129,00 3.177,00 5916
484 10,33 0,40 0,12 129,00 3.184,00 5916
485 10,33 0,40 0,12 129,00 3.191,00 5916
486 10,33 0,40 0,12 129,00 3.198,00 5916
487 10,33 0,40 0,12 129,00 3.205,00 5916
488 10,33 0,40 0,12 129,00 3.212,00 5916
489 10,33 0,40 0,12 129,00 3.219,00 5916
490 10,33 0,40 0,12 129,00 3.226,00 5916
491 10,33 0,40 0,12 129,00 3.233,00 5916
492 10,33 0,40 0,12 129,00 3.240,00 5916
493 10,33 0,40 0,12 129,00 3.247,00 5916
494 10,33 0,40 0,12 129,00 3.254,00 5916
495 10,33 0,40 0,12 129,00 3.261,00 5916
496 10,33 0,41 0,12 129,00 3.268,00 5916
497 10,33 0,41 0,12 129,00 3.275,00 5916
498 10,33 0,41 0,12 129,00 3.282,00 5916
499 10,33 0,41 0,12 129,00 3.289,00 5916
500 10,33 0,41 0,12 129,00 3.296,00 5916
501 10,33 0,41 0,12 129,00 3.303,00 5916
502 10,33 0,41 0,12 129,00 3.310,00 5916
503 10,33 0,41 0,12 129,00 3.317,00 5916
504 10,33 0,41 0,12 129,00 3.324,00 5916
505 10,33 0,41 0,12 129,00 3.331,00 5919
506 10,33 0,41 0,12 129,00 3.338,00 5919
507 10,33 0,41 0,12 129,00 3.345,00 5919
508 10,33 0,41 0,12 129,00 3.352,00 5919
509 10,33 0,41 0,12 129,00 3.359,00 5919
510 10,33 0,41 0,12 137,00 3.366,00 5919
511 10,33 0,41 0,12 137,00 3.373,00 5935
512 10,33 0,41 0,12 137,00 3.380,00 5937
513 10,33 0,41 0,12 137,00 3.387,00 5938
514 10,33 0,41 0,12 137,00 3.394,00 5938
515 10,33 0,41 0,12 137,00 3.401,00 5938
516 10,33 0,41 0,12 137,00 3.408,00 5938
517 10,33 0,41 0,12 137,00 3.415,00 5938
518 10,33 0,41 0,12 137,00 3.422,00 5938
519 10,33 0,41 0,12 137,00 3.429,00 5938
520 10,33 0,41 0,12 137,00 3.436,00 5938
521 10,33 0,41 0,12 137,00 3.443,00 5938
522 10,33 0,41 0,12 137,00 3.450,00 5938
523 10,33 0,41 0,12 137,00 3.457,00 5938
524 10,33 0,41 0,12 137,00 3.464,00 5938
525 10,33 0,41 0,12 137,00 3.471,00 5938
526 10,33 0,41 0,12 137,00 3.478,00 5938
527 10,33 0,41 0,12 137,00 3.485,00 5938
528 10,33 0,41 0,12 137,00 3.492,00 5938
529 10,33 0,41 0,12 137,00 3.499,00 5938
530 10,33 0,41 0,12 137,00 3.506,00 5938
531 10,33 0,41 0,12 137,00 3.513,00 5938
532 10,33 0,41 0,12 137,00 3.520,00 5938
533 10,33 0,41 0,12 137,00 3.527,00 5938
534 10,33 0,41 0,12 137,00 3.534,00 5938
535 10,33 0,41 0,12 137,00 3.541,00 5938
536 10,33 0,41 0,12 137,00 3.548,00 5938
537 10,33 0,41 0,12 137,00 3.555,00 5938
538 10,33 0,41 0,12 137,00 3.562,00 5938
539 10,33 0,41 0,12 137,00 3.569,00 5938
540 10,33 0,41 0,12 143,00 3.576,00 5938
541 10,33 0,41 0,12 143,00 3.583,00 5942
542 10,33 0,41 0,12 143,00 3.590,00 5944
543 10,33 0,41 0,12 143,00 3.597,00 5946
544 10,33 0,41 0,11 143,00 3.604,00 5947
545 10,33 0,41 0,11 143,00 3.611,00 5958
546 10,33 0,41 0,11 143,00 3.618,00 5965
547 10,33 0,41 0,11 143,00 3.625,00 5965
548 10,33 0,41 0,11 143,00 3.632,00 5965
549 10,33 0,41 0,11 143,00 3.639,00 5965
550 10,33 0,41 0,11 143,00 3.646,00 5965
551 10,33 0,41 0,11 143,00 3.653,00 5965
552 10,33 0,41 0,11 143,00 3.660,00 5965
553 10,33 0,41 0,11 143,00 3.667,00 5965
554 10,33 0,41 0,11 143,00 3.674,00 5965
555 10,33 0,41 0,11 143,00 3.681,00 5965
556 10,33 0,41 0,11 143,00 3.688,00 5965
557 10,33 0,41 0,11 143,00 3.695,00 5965
558 10,33 0,40 0,11 143,00 3.702,00 5965
559 10,33 0,40 0,11 143,00 3.709,00 5969
560 10,33 0,40 0,11 143,00 3.716,00 5969
561 10,33 0,40 0,11 143,00 3.723,00 5969
562 10,33 0,40 0,11 143,00 3.730,00 5969
563 10,33 0,40 0,11 143,00 3.737,00 5969
564 10,33 0,39 0,11 143,00 3.744,00 5969
565 10,33 0,39 0,11 143,00 3.751,00 5969
566 10,33 0,39 0,11 143,00 3.758,00 5969
567 10,33 0,39 0,11 143,00 3.765,00 5969
568 10,33 0,39 0,11 143,00 3.772,00 5969
569 10,33 0,39 0,11 143,00 3.779,00 5969
570 10,33 0,39 0,11 141,00 3.786,00 5969
571 10,33 0,38 0,11 141,00 3.793,00 5988
572 10,33 0,38 0,11 141,00 3.800,00 5994
573 10,33 0,38 0,11 141,00 3.806,00 5999
574 10,33 0,38 0,11 141,00 3.813,00 6004
575 10,33 0,38 0,11 141,00 3.820,00 6007
576 10,33 0,38 0,11 141,00 3.827,00 6009
577 10,33 0,38 0,11 141,00 3.834,00 6010
578 10,33 0,38 0,11 141,00 3.841,00 6010
579 10,33 0,38 0,11 141,00 3.848,00 6010
580 10,33 0,38 0,10 141,00 3.855,00 6010
581 10,33 0,38 0,10 141,00 3.862,00 6010
582 10,33 0,38 0,10 141,00 3.869,00 6010
583 10,33 0,38 0,10 141,00 3.876,00 6010
584 10,33 0,38 0,10 141,00 3.883,00 6010
585 10,33 0,38 0,10 141,00 3.890,00 6010
586 10,33 0,38 0,10 141,00 3.897,00 6010
587 10,33 0,38 0,10 141,00 3.904,00 6010
588 10,33 0,37 0,10 141,00 3.911,00 6010
589 10,33 0,37 0,10 141,00 3.918,00 6010
590 10,33 0,37 0,10 141,00 3.925,00 6010
591 10,33 0,37 0,10 141,00 3.932,00 6010
592 10,33 0,37 0,10 141,00 3.939,00 6010
593 10,33 0,37 0,10 141,00 3.946,00 6010
594 10,33 0,37 0,10 141,00 3.953,00 6010
595 10,33 0,37 0,10 141,00 3.960,00 6010
596 10,33 0,37 0,10 141,00 3.967,00 6010
597 10,33 0,37 0,10 141,00 3.974,00 6010
598 10,33 0,37 0,10 141,00 3.981,00 6010
599 10,33 0,37 0,10 141,00 3.988,00 6010
600 10,33 0,37 0,10 135,00 3.995,00 6010
601 10,33 0,37 0,10 135,00 4.002,00 6019
602 10,33 0,37 0,10 135,00 4.009,00 6021
603 10,33 0,37 0,10 135,00 4.016,00 6022
604 10,33 0,37 0,10 135,00 4.023,00 6022
605 10,33 0,37 0,10 135,00 4.030,00 6022
606 10,33 0,37 0,10 135,00 4.037,00 6022
607 10,33 0,37 0,10 135,00 4.044,00 6022
608 10,33 0,37 0,10 135,00 4.051,00 6023
609 10,33 0,37 0,10 135,00 4.058,00 6023
610 10,33 0,37 0,10 135,00 4.065,00 6023
611 10,33 0,37 0,10 135,00 4.072,00 6023
612 10,33 0,37 0,10 135,00 4.079,00 6023
613 10,33 0,37 0,10 135,00 4.086,00 6023
614 10,33 0,37 0,10 135,00 4.093,00 6023
615 10,33 0,37 0,10 135,00 4.100,00 6023
616 10,33 0,37 0,10 135,00 4.107,00 6023
617 10,33 0,37 0,10 135,00 4.114,00 6023
618 10,33 0,37 0,10 135,00 4.121,00 6023
619 10,33 0,37 0,10 135,00 4.128,00 6023
620 10,33 0,37 0,10 135,00 4.135,00 6023
621 10,33 0,37 0,10 135,00 4.142,00 6023
622 10,33 0,37 0,10 135,00 4.149,00 6023
623 10,33 0,34 0,09 135,00 4.156,00 6023
624 10,33 0,34 0,09 135,00 4.163,00 6023
625 10,33 0,34 0,09 135,00 4.170,00 6023
626 10,33 0,34 0,09 135,00 4.177,00 6023
627 10,33 0,34 0,09 135,00 4.184,00 6023
628 10,33 0,34 0,09 135,00 4.191,00 6023
629 10,33 0,34 0,09 135,00 4.198,00 6023
630 10,33 0,34 0,09 144,00 4.205,00 6023
631 10,33 0,35 0,09 144,00 4.212,00 6039
632 10,33 0,35 0,09 144,00 4.219,00 6043
633 10,33 0,35 0,09 144,00 4.226,00 6043
634 10,33 0,35 0,09 144,00 4.233,00 6043
635 10,33 0,35 0,09 144,00 4.240,00 6043
636 10,33 0,35 0,09 144,00 4.247,00 6043
637 10,33 0,35 0,09 144,00 4.254,00 6043
638 10,33 0,35 0,09 144,00 4.261,00 6043
639 10,33 0,35 0,09 144,00 4.268,00 6043
640 10,33 0,35 0,09 144,00 4.275,00 6043
641 10,33 0,35 0,09 144,00 4.282,00 6043
642 10,33 0,35 0,09 144,00 4.289,00 6043
643 10,33 0,35 0,09 144,00 4.296,00 6043
644 10,33 0,35 0,09 144,00 4.303,00 6043
645 10,33 0,35 0,09 144,00 4.310,00 6043
646 10,33 0,35 0,09 144,00 4.317,00 6043
647 10,33 0,35 0,09 144,00 4.324,00 6043
648 10,33 0,35 0,09 144,00 4.331,00 6043
649 10,33 0,35 0,09 144,00 4.338,00 6043
650 10,33 0,34 0,09 144,00 4.345,00 6043
651 10,33 0,34 0,09 144,00 4.352,00 6043
652 10,33 0,34 0,09 144,00 4.359,00 6043
653 10,33 0,34 0,09 144,00 4.366,00 6043
654 10,33 0,34 0,09 144,00 4.373,00 6043
655 10,33 0,34 0,09 144,00 4.380,00 6043
656 10,33 0,34 0,09 144,00 4.387,00 6043
657 10,33 0,34 0,09 144,00 4.394,00 6043
658 10,33 0,34 0,09 144,00 4.401,00 6043
659 10,33 0,34 0,09 144,00 4.408,00 6043
660 10,33 0,34 0,09 150,00 4.415,00 6043
661 10,33 0,34 0,09 150,00 4.422,00 6047
662 10,33 0,34 0,09 150,00 4.429,00 6047
663 10,33 0,34 0,09 150,00 4.436,00 6047
664 10,33 0,34 0,09 150,00 4.443,00 6047
665 10,33 0,34 0,09 150,00 4.450,00 6047
666 10,33 0,34 0,09 150,00 4.457,00 6047
667 10,33 0,34 0,09 150,00 4.464,00 6047
668 10,33 0,34 0,09 150,00 4.471,00 6048
669 10,33 0,34 0,09 150,00 4.478,00 6048
670 10,33 0,34 0,09 150,00 4.485,00 6048
671 10,33 0,34 0,09 150,00 4.492,00 6048
672 10,33 0,34 0,09 150,00 4.499,00 6048
673 10,33 0,34 0,09 150,00 4.506,00 6048
674 10,33 0,34 0,09 150,00 4.513,00 6048
675 10,33 0,34 0,09 150,00 4.520,00 6048
676 10,33 0,34 0,09 150,00 4.527,00 6048
677 10,33 0,34 0,09 150,00 4.534,00 6048
678 10,33 0,34 0,09 150,00 4.541,00 6048
679 10,33 0,34 0,09 150,00 4.548,00 6048
680 10,33 0,34 0,09 150,00 4.555,00 6048
681 10,33 0,34 0,09 150,00 4.562,00 6048
682 10,33 0,34 0,09 150,00 4.569,00 6048
683 10,33 0,34 0,09 150,00 4.576,00 6048
684 10,33 0,34 0,09 150,00 4.583,00 6048
685 10,33 0,34 0,09 150,00 4.590,00 6048
686 10,33 0,34 0,09 150,00 4.597,00 6048
687 10,33 0,34 0,09 150,00 4.604,00 6048
688 10,33 0,34 0,09 150,00 4.611,00 6048
689 10,33 0,34 0,09 150,00 4.618,00 6048
690 10,33 0,34 0,09 160,00 4.625,00 6048
691 10,33 0,34 0,09 160,00 4.632,00 6060
692 10,33 0,34 0,09 160,00 4.639,00 6063
693 10,33 0,34 0,09 160,00 4.646,00 6066
694 10,33 0,34 0,09 160,00 4.653,00 6067
695 10,33 0,34 0,09 160,00 4.660,00 6068
696 10,33 0,34 0,09 160,00 4.667,00 6070
697 10,33 0,34 0,09 160,00 4.674,00 6070
698 10,33 0,34 0,09 160,00 4.681,00 6070
699 10,33 0,34 0,09 160,00 4.688,00 6070
700 10,33 0,34 0,09 160,00 4.695,00 6070
701 10,33 0,34 0,09 160,00 4.702,00 6070
702 10,33 0,35 0,09 160,00 4.709,00 6070
703 10,33 0,35 0,09 160,00 4.716,00 6070
704 10,33 0,35 0,09 160,00 4.723,00 6070
705 10,33 0,35 0,09 160,00 4.730,00 6070
706 10,33 0,35 0,09 160,00 4.737,00 6070
707 10,33 0,35 0,09 160,00 4.744,00 6070
708 10,33 0,35 0,09 160,00 4.751,00 6070
709 10,33 0,35 0,09 160,00 4.758,00 6070
710 10,33 0,35 0,09 160,00 4.765,00 6070
711 10,33 0,35 0,09 160,00 4.772,00 6070
712 10,33 0,35 0,09 160,00 4.779,00 6070
713 10,33 0,35 0,09 160,00 4.786,00 6070
714 10,33 0,35 0,09 160,00 4.793,00 6070
715 10,33 0,35 0,09 160,00 4.800,00 6070
716 10,33 0,35 0,09 160,00 4.807,00 6070
717 10,33 0,35 0,09 160,00 4.814,00 6070
718 10,33 0,35 0,09 160,00 4.821,00 6070
719 10,33 0,35 0,09 160,00 4.828,00 6070
720 10,33 0,35 0,09 153,00 4.835,00 6070
721 10,33 0,35 0,09 153,00 4.842,00 6073
722 10,33 0,35 0,09 153,00 4.849,00 6073
723 10,33 0,33 0,08 153,00 4.856,00 6073
724 10,33 0,33 0,08 153,00 4.863,00 6073
725 10,33 0,33 0,08 153,00 4.870,00 6073
726 10,33 0,33 0,08 153,00 4.877,00 6073
727 10,33 0,33 0,08 153,00 4.884,00 6073
728 10,33 0,33 0,08 153,00 4.891,00 6073
729 10,33 0,33 0,08 153,00 4.898,00 6073
730 10,33 0,33 0,08 153,00 4.905,00 6073
731 10,33 0,33 0,08 153,00 4.912,00 6073
732 10,33 0,33 0,08 153,00 4.919,00 6073
733 10,33 0,33 0,08 153,00 4.926,00 6073
734 10,33 0,33 0,08 153,00 4.933,00 6073
735 10,33 0,33 0,08 153,00 4.940,00 6073
736 10,33 0,33 0,08 153,00 4.947,00 6073
737 10,33 0,33 0,08 153,00 4.954,00 6073
738 10,33 0,33 0,08 153,00 4.961,00 6073
739 10,33 0,33 0,08 153,00 4.968,00 6073
740 10,33 0,33 0,08 153,00 4.975,00 6073
741 10,33 0,33 0,08 153,00 4.982,00 6073
742 10,33 0,32 0,08 153,00 4.989,00 6073
743 10,33 0,32 0,08 153,00 4.996,00 6073
744 10,33 0,32 0,08 153,00 5.003,00 6073
745 10,33 0,32 0,08 153,00 5.010,00 6073
746 10,33 0,32 0,08 153,00 5.017,00 6073
747 10,33 0,32 0,08 153,00 5.024,00 6073
748 10,33 0,31 0,08 153,00 5.031,00 6073
749 10,33 0,31 0,08 153,00 5.038,00 6073
750 10,33 0,31 0,08 161,00 5.045,00 6073
751 10,33 0,33 0,08 161,00 5.052,00 6081
752 10,33 0,33 0,08 161,00 5.059,00 6085
753 10,33 0,33 0,08 161,00 5.066,00 6085
754 10,33 0,33 0,08 161,00 5.073,00 6085
755 10,33 0,33 0,08 161,00 5.080,00 6085
756 10,33 0,33 0,08 161,00 5.087,00 6085
757 10,33 0,33 0,08 161,00 5.094,00 6085
758 10,33 0,33 0,08 161,00 5.101,00 6091
759 10,33 0,33 0,08 161,00 5.107,00 6094
760 10,33 0,33 0,08 161,00 5.114,00 6096
761 10,33 0,33 0,08 161,00 5.121,00 6097
762 10,33 0,33 0,08 161,00 5.128,00 6098
763 10,33 0,33 0,08 161,00 5.135,00 6098
764 10,33 0,33 0,08 161,00 5.142,00 6098
765 10,33 0,33 0,08 161,00 5.149,00 6098
766 10,33 0,32 0,08 161,00 5.156,00 6098
767 10,33 0,32 0,08 161,00 5.163,00 6098
768 10,33 0,32 0,08 161,00 5.170,00 6098
769 10,33 0,32 0,08 161,00 5.177,00 6098
770 10,33 0,32 0,08 161,00 5.184,00 6098
771 10,33 0,32 0,08 161,00 5.191,00 6098
772 10,33 0,32 0,08 161,00 5.198,00 6098
773 10,33 0,32 0,08 161,00 5.205,00 6098
774 10,33 0,32 0,08 161,00 5.212,00 6098
775 10,33 0,32 0,08 161,00 5.219,00 6098
776 10,33 0,32 0,08 161,00 5.226,00 6098
777 10,33 0,32 0,08 161,00 5.233,00 6098
778 10,33 0,32 0,08 161,00 5.240,00 6098
779 10,33 0,32 0,08 161,00 5.247,00 6098
780 10,33 0,32 0,08 162,00 5.254,00 6098
781 10,33 0,32 0,08 162,00 5.261,00 6102
782 10,33 0,32 0,08 162,00 5.268,00 6107
783 10,33 0,32 0,08 162,00 5.275,00 6110
784 10,33 0,32 0,08 162,00 5.282,00 6111
785 10,33 0,32 0,08 162,00 5.289,00 6111
786 10,33 0,32 0,08 162,00 5.296,00 6111
787 10,33 0,32 0,08 162,00 5.303,00 6111
788 10,33 0,32 0,08 162,00 5.310,00 6111
789 10,33 0,32 0,08 162,00 5.317,00 6111
790 10,33 0,32 0,08 162,00 5.324,00 6111
791 10,33 0,31 0,07 162,00 5.331,00 6111
792 10,33 0,31 0,07 162,00 5.338,00 6111
793 10,33 0,31 0,07 162,00 5.345,00 6111
794 10,33 0,31 0,07 162,00 5.352,00 6111
795 10,33 0,31 0,07 162,00 5.359,00 6111
796 10,33 0,31 0,07 162,00 5.366,00 6111
797 10,33 0,31 0,07 162,00 5.373,00 6111
798 10,33 0,31 0,07 162,00 5.380,00 6111
799 10,33 0,31 0,07 162,00 5.387,00 6111
800 10,33 0,31 0,07 162,00 5.394,00 6111
801 10,33 0,31 0,07 162,00 5.401,00 6111
802 10,33 0,31 0,07 162,00 5.408,00 6111
803 10,33 0,31 0,07 162,00 5.415,00 6111
804 10,33 0,31 0,07 162,00 5.422,00 6111
805 10,33 0,31 0,07 162,00 5.429,00 6111
806 10,33 0,31 0,07 162,00 5.436,00 6111
807 10,33 0,31 0,07 162,00 5.443,00 6111
808 10,33 0,31 0,07 162,00 5.450,00 6111
809 10,33 0,31 0,07 162,00 5.457,00 6111
810 10,33 0,31 0,07 170,00 5.464,00 6111
811 10,33 0,31 0,07 170,00 5.471,00 6120
812 10,33 0,31 0,07 170,00 5.478,00 6122
813 10,33 0,31 0,07 170,00 5.485,00 6123
814 10,33 0,32 0,08 170,00 5.492,00 6123
815 10,33 0,32 0,08 170,00 5.499,00 6123
816 10,33 0,32 0,08 170,00 5.506,00 6123
817 10,33 0,32 0,08 170,00 5.513,00 6123
818 10,33 0,32 0,08 170,00 5.520,00 6123
819 10,33 0,32 0,08 170,00 5.527,00 6123
820 10,33 0,32 0,08 170,00 5.534,00 6123
821 10,33 0,32 0,07 170,00 5.541,00 6123
822 10,33 0,32 0,07 170,00 5.548,00 6123
823 10,33 0,32 0,07 170,00 5.555,00 6123
824 10,33 0,32 0,07 170,00 5.562,00 6123
825 10,33 0,32 0,07 170,00 5.569,00 6123
826 10,33 0,32 0,07 170,00 5.576,00 6123
827 10,33 0,32 0,07 170,00 5.583,00 6123
828 10,33 0,32 0,07 170,00 5.590,00 6123
829 10,33 0,32 0,07 170,00 5.597,00 6123
830 10,33 0,32 0,07 170,00 5.604,00 6123
831 10,33 0,32 0,07 170,00 5.611,00 6123
832 10,33 0,32 0,07 170,00 5.618,00 6123
833 10,33 0,32 0,07 170,00 5.625,00 6123
834 10,33 0,32 0,07 170,00 5.632,00 6123
835 10,33 0,32 0,07 170,00 5.639,00 6123
836 10,33 0,32 0,07 170,00 5.646,00 6123
837 10,33 0,31 0,07 170,00 5.653,00 6123
838 10,33 0,31 0,07 170,00 5.660,00 6123
839 10,33 0,31 0,07 170,00 5.667,00 6123
840 10,33 0,31 0,07 171,00 5.674,00 6123
841 10,33 0,31 0,07 171,00 5.681,00 6130
842 10,33 0,31 0,07 171,00 5.688,00 6130
843 10,33 0,31 0,07 171,00 5.695,00 6130
844 10,33 0,31 0,07 171,00 5.702,00 6130
845 10,33 0,31 0,07 171,00 5.709,00 6130
846 10,33 0,31 0,07 171,00 5.716,00 6130
847 10,33 0,31 0,07 171,00 5.723,00 6130
848 10,33 0,31 0,07 171,00 5.730,00 6130
849 10,33 0,31 0,07 171,00 5.737,00 6130
850 10,33 0,31 0,07 171,00 5.744,00 6130
851 10,33 0,31 0,07 171,00 5.751,00 6130
852 10,33 0,31 0,07 171,00 5.758,00 6130
853 10,33 0,31 0,07 171,00 5.765,00 6130
854 10,33 0,31 0,07 171,00 5.772,00 6130
855 10,33 0,31 0,07 171,00 5.779,00 6130
856 10,33 0,31 0,07 171,00 5.786,00 6130
857 10,33 0,31 0,07 171,00 5.793,00 6130
858 10,33 0,30 0,07 171,00 5.800,00 6130
859 10,33 0,30 0,07 171,00 5.807,00 6130
860 10,33 0,30 0,07 171,00 5.814,00 6130
861 10,33 0,30 0,07 171,00 5.821,00 6130
862 10,33 0,30 0,07 171,00 5.828,00 6130
863 10,33 0,30 0,07 171,00 5.835,00 6130
864 10,33 0,30 0,07 171,00 5.842,00 6130
865 10,33 0,30 0,07 171,00 5.849,00 6130
866 10,33 0,30 0,07 171,00 5.856,00 6130
867 10,33 0,30 0,07 171,00 5.863,00 6130
868 10,33 0,30 0,07 171,00 5.870,00 6130
869 10,33 0,30 0,07 171,00 5.877,00 6130
870 10,33 0,30 0,07 185,00 5.884,00 6130
871 10,33 0,30 0,07 185,00 5.891,00 6139
872 10,33 0,32 0,07 185,00 5.898,00 6142
873 10,33 0,32 0,07 185,00 5.905,00 6144
874 10,33 0,32 0,07 185,00 5.912,00 6144
875 10,33 0,32 0,07 185,00 5.919,00 6152
876 10,33 0,32 0,07 185,00 5.926,00 6155
877 10,33 0,32 0,07 185,00 5.933,00 6156
878 10,33 0,32 0,07 185,00 5.940,00 6156
879 10,33 0,32 0,07 185,00 5.947,00 6156
880 10,33 0,32 0,07 185,00 5.954,00 6156
881 10,33 0,32 0,07 185,00 5.961,00 6156
882 10,33 0,32 0,07 185,00 5.968,00 6156
883 10,33 0,32 0,07 185,00 5.975,00 6156
884 10,33 0,32 0,07 185,00 5.982,00 6156
885 10,33 0,32 0,07 185,00 5.989,00 6156
886 10,33 0,32 0,07 185,00 5.996,00 6156
887 10,33 0,32 0,07 185,00 6.003,00 6156
888 10,33 0,32 0,07 185,00 6.010,00 6156
889 10,33 0,32 0,07 185,00 6.017,00 6156
890 10,33 0,32 0,07 185,00 6.024,00 6156
891 10,33 0,32 0,07 185,00 6.031,00 6156
892 10,33 0,32 0,07 185,00 6.038,00 6156
893 10,33 0,32 0,07 185,00 6.045,00 6156
894 10,33 0,32 0,07 185,00 6.052,00 6156
895 10,33 0,32 0,07 185,00 6.059,00 6156
896 10,33 0,32 0,07 185,00 6.066,00 6156
897 10,33 0,32 0,07 185,00 6.073,00 6156
898 10,33 0,31 0,07 185,00 6.080,00 6156
899 10,33 0,31 0,07 185,00 6.087,00 6156
900 10,33 0,31 0,07 158,00 6.094,00 6156
901 10,33 0,31 0,07 158,00 6.101,00 6161
902 10,33 0,31 0,07 158,00 6.108,00 6162
903 10,33 0,31 0,07 158,00 6.115,00 6163
904 10,33 0,31 0,07 158,00 6.122,00 6163
905 10,33 0,31 0,07 158,00 6.129,00 6164
906 10,33 0,27 0,06 158,00 6.136,00 6165
907 10,33 0,27 0,06 158,00 6.143,00 6165
908 10,33 0,27 0,06 158,00 6.150,00 6165
909 10,33 0,27 0,06 158,00 6.157,00 6165
910 10,33 0,27 0,06 158,00 6.164,00 6165
911 10,33 0,27 0,06 158,00 6.171,00 6165
912 10,33 0,27 0,06 158,00 6.178,00 6165
913 10,33 0,27 0,06 158,00 6.185,00 6165
914 10,33 0,27 0,06 158,00 6.192,00 6165
915 10,33 0,27 0,06 158,00 6.199,00 6165
916 10,33 0,27 0,06 158,00 6.206,00 6165
917 10,33 0,27 0,06 158,00 6.213,00 6165
918 10,33 0,27 0,06 158,00 6.220,00 6165
919 10,33 0,27 0,06 158,00 6.227,00 6165
920 10,33 0,27 0,06 158,00 6.234,00 6165
921 10,33 0,27 0,06 158,00 6.241,00 6165
922 10,33 0,27 0,06 158,00 6.248,00 6165
923 10,33 0,26 0,06 158,00 6.255,00 6165
924 10,33 0,26 0,06 158,00 6.262,00 6165
925 10,33 0,26 0,06 158,00 6.269,00 6165
926 10,33 0,26 0,06 158,00 6.276,00 6165
927 10,33 0,26 0,06 158,00 6.283,00 6165
928 10,33 0,26 0,06 158,00 6.290,00 6165
929 10,33 0,26 0,06 158,00 6.297,00 6165
930 10,33 0,26 0,06 170,00 6.304,00 6165
931 10,33 0,26 0,06 170,00 6.311,00 6173
932 10,33 0,26 0,06 170,00 6.318,00 6176
933 10,33 0,26 0,06 170,00 6.325,00 6176
934 10,33 0,26 0,06 170,00 6.332,00 6176
935 10,33 0,26 0,06 170,00 6.339,00 6176
936 10,33 0,26 0,06 170,00 6.346,00 6177
937 10,33 0,26 0,06 170,00 6.353,00 6177
938 10,33 0,26 0,06 170,00 6.360,00 6177
939 10,33 0,26 0,06 170,00 6.367,00 6177
940 10,33 0,26 0,06 170,00 6.374,00 6177
941 10,33 0,28 0,06 170,00 6.381,00 6177
942 10,33 0,28 0,06 170,00 6.388,00 6177
943 10,33 0,28 0,06 170,00 6.395,00 6177
944 10,33 0,28 0,06 170,00 6.402,00 6177
945 10,33 0,28 0,06 170,00 6.409,00 6177
946 10,33 0,28 0,06 170,00 6.416,00 6177
947 10,33 0,28 0,06 170,00 6.423,00 6177
948 10,33 0,28 0,06 170,00 6.430,00 6177
949 10,33 0,28 0,06 170,00 6.437,00 6177
950 10,33 0,28 0,06 170,00 6.444,00 6177
951 10,33 0,28 0,06 170,00 6.451,00 6177
952 10,33 0,28 0,06 170,00 6.458,00 6177
953 10,33 0,28 0,06 170,00 6.465,00 6177
954 10,33 0,28 0,06 170,00 6.472,00 6177
955 10,33 0,28 0,06 170,00 6.479,00 6177
956 10,33 0,27 0,06 170,00 6.486,00 6177
957 10,33 0,27 0,06 170,00 6.493,00 6177
958 10,33 0,27 0,06 170,00 6.500,00 6177
959 10,33 0,27 0,06 170,00 6.507,00 6177
960 10,33 0,27 0,06 181,00 6.514,00 6177
961 10,33 0,27 0,06 181,00 6.521,00 6179
962 10,33 0,27 0,06 181,00 6.528,00 6180
963 10,33 0,27 0,06 181,00 6.535,00 6180
964 10,33 0,27 0,06 181,00 6.542,00 6180
965 10,33 0,27 0,06 181,00 6.549,00 6181
966 10,33 0,27 0,06 181,00 6.556,00 6181
967 10,33 0,27 0,06 181,00 6.563,00 6181
968 10,33 0,27 0,06 181,00 6.570,00 6181
969 10,33 0,28 0,06 181,00 6.577,00 6181
970 10,33 0,28 0,06 181,00 6.584,00 6181
971 10,33 0,28 0,06 181,00 6.591,00 6181
972 10,33 0,28 0,06 181,00 6.598,00 6181
973 10,33 0,28 0,06 181,00 6.605,00 6181
974 10,33 0,28 0,06 181,00 6.612,00 6181
975 10,33 0,28 0,06 181,00 6.619,00 6181
976 10,33 0,28 0,06 181,00 6.626,00 6181
977 10,33 0,28 0,06 181,00 6.633,00 6181
978 10,33 0,28 0,06 181,00 6.640,00 6181
979 10,33 0,28 0,06 181,00 6.647,00 6181
980 10,33 0,28 0,06 181,00 6.654,00 6181
981 10,33 0,28 0,06 181,00 6.661,00 6181
982 10,33 0,28 0,06 181,00 6.668,00 6181
983 10,33 0,28 0,06 181,00 6.675,00 6181
984 10,33 0,28 0,06 181,00 6.682,00 6181
985 10,33 0,28 0,06 181,00 6.689,00 6181
986 10,33 0,28 0,06 181,00 6.696,00 6181
987 10,33 0,28 0,06 181,00 6.703,00 6181
988 10,33 0,28 0,06 181,00 6.710,00 6181
989 10,33 0,28 0,06 181,00 6.717,00 6181
990 10,33 0,28 0,06 186,00 6.724,00 6181
991 10,33 0,28 0,06 186,00 6.731,00 6187
992 10,33 0,28 0,06 186,00 6.738,00 6189
993 10,33 0,28 0,06 186,00 6.745,00 6189
994 10,33 0,28 0,06 186,00 6.752,00 6189
995 10,33 0,28 0,06 186,00 6.759,00 6189
996 10,33 0,28 0,06 186,00 6.766,00 6189
997 10,33 0,28 0,06 186,00 6.773,00 6189
998 10,33 0,28 0,06 186,00 6.780,00 6189
999 10,33 0,28 0,06 186,00 6.787,00 6189
