500
0 334,98 334,98 334,98 1,00 64,00 0 1
1 334,98 334,98 334,98 1,00 64,00 2034 1
2 334,98 334,98 24,18 1,00 63,00 5373 1
3 334,98 334,98 21,24 3,00 59,00 8224 1
4 334,98 334,98 25,52 1,00 58,00 10634 1
5 334,98 334,98 21,50 1,00 58,00 12916 1
6 334,98 334,98 31,89 2,00 58,00 15418 1
7 334,98 334,98 27,82 1,00 57,00 17536 1
8 334,98 334,98 30,37 1,00 57,00 19639 1
9 334,98 334,98 63,25 1,00 57,00 21808 1
10 334,98 334,98 44,44 1,00 57,00 23907 1
11 334,98 334,98 114,94 1,00 57,00 25930 1
12 334,98 334,98 62,72 1,00 56,00 27892 1
13 334,98 334,98 72,25 1,00 55,00 29850 1
14 334,98 334,98 132,85 1,00 55,00 31599 1
15 334,98 334,98 62,17 1,00 55,00 33497 1
16 334,98 334,98 137,01 1,00 53,00 35789 1
17 334,98 334,98 109,90 1,00 53,00 37955 1
18 334,98 334,98 175,66 1,00 53,00 39952 1
19 334,98 6,57 2,98 141,00 51,00 41766 1
20 334,98 6,57 3,55 287,00 21,00 43660 1
21 334,98 6,57 3,08 435,00 19,00 45373 1
22 334,98 6,57 2,97 581,00 19,00 47124 1
23 334,98 6,57 3,15 731,00 19,00 48807 1
24 334,98 6,57 2,77 873,00 19,00 50463 1
25 334,98 6,57 2,90 1.009,00 19,00 52047 1
26 334,98 6,57 2,91 1.137,00 19,00 53795 1
27 334,98 6,57 2,43 1.269,00 19,00 55520 1
28 334,98 6,57 2,22 1.395,00 19,00 57190 1
29 334,98 6,57 3,28 1.513,00 19,00 58778 1
30 334,98 6,57 3,62 1.633,00 19,00 60394 1
31 334,98 28.791,04 14.206,39 1.433,00 19,00 62105 1
32 334,98 12.973,86 5.544,28 1.233,00 37,00 63934 1
33 334,98 12.973,86 5.685,81 1.033,00 55,00 65556 1
34 334,98 12.973,86 6.602,30 833,00 73,00 67081 1
35 334,98 12.973,86 7.015,72 633,00 91,00 68549 1
36 334,98 12.973,86 7.057,05 433,00 109,00 69881 1
37 334,98 12.973,86 6.681,44 233,00 127,00 71145 1
38 334,98 12.973,86 6.510,56 33,00 145,00 72579 1
39 334,98 12.973,86 5.885,36 1,00 145,00 74208 1
40 334,98 12.973,86 5.521,37 1,00 145,00 75718 1
41 334,98 12.973,86 4.431,56 1,00 145,00 77166 1
42 334,98 12.973,86 5.723,17 1,00 145,00 78878 1
43 334,98 12.973,86 6.059,89 1,00 145,00 80555 1
44 334,98 12.973,86 6.005,01 1,00 145,00 81773 1
45 334,98 12.973,86 5.726,26 1,00 145,00 83109 1
46 334,98 12.973,86 5.733,04 1,00 145,00 84434 1
47 334,98 12.973,86 5.554,09 1,00 145,00 85600 1
48 334,98 12.973,86 5.424,60 1,00 145,00 87143 1
49 334,98 12.973,86 5.516,14 1,00 145,00 88485 1
50 334,98 12.973,86 5.370,08 1,00 145,00 89667 1
51 334,98 12.973,86 7.014,08 1,00 145,00 91101 1
52 334,98 12.973,86 7.136,63 1,00 145,00 92490 1
53 334,98 12.973,86 6.676,21 1,00 145,00 93718 1
54 334,98 12.973,86 6.710,55 1,00 145,00 94913 1
55 334,98 12.973,86 6.711,78 1,00 145,00 96246 1
56 334,98 12.973,86 6.887,11 1,00 145,00 97603 1
57 334,98 12.973,86 6.828,63 1,00 145,00 98885 1
58 334,98 12.973,86 6.951,31 1,00 145,00 100402 1
59 334,98 12.973,86 6.923,56 1,00 145,00 101741 1
60 334,98 12.973,86 6.988,79 1,00 145,00 103074 1
61 334,98 2,31 1,23 123,00 145,00 104418 1
62 334,98 2,31 1,24 247,00 134,00 105536 1
63 334,98 2,31 1,23 373,00 111,00 106810 1
64 334,98 2,31 1,23 497,00 103,00 108412 1
65 334,98 2,31 1,20 621,00 83,00 110148 1
66 334,98 2,31 1,18 747,00 54,00 111691 1
67 334,98 2,31 1,16 863,00 37,00 113010 1
68 334,98 2,31 1,12 979,00 19,00 114244 1
69 334,98 2,31 1,18 1.097,00 19,00 115821 1
70 334,98 2,31 1,14 1.209,00 19,00 117266 1
71 334,98 2,31 1,17 1.321,00 19,00 118561 1
72 334,98 2,31 1,15 1.429,00 19,00 120013 1
73 334,98 2,31 1,15 1.531,00 19,00 121298 1
74 334,98 2,31 1,14 1.641,00 19,00 122549 1
75 334,98 2,31 1,13 1.753,00 19,00 123751 1
76 334,98 2,31 1,13 1.865,00 19,00 124905 1
77 334,98 2,31 1,12 1.979,00 19,00 125986 1
78 334,98 2,31 1,11 2.091,00 19,00 127318 1
79 334,98 2,31 1,09 2.209,00 19,00 128543 1
80 334,98 2,31 1,14 2.329,00 19,00 130074 1
81 334,98 2,31 1,11 2.451,00 19,00 131439 1
82 334,98 2,31 1,42 2.577,00 19,00 132580 1
83 334,98 2,31 1,30 2.707,00 19,00 133739 1
84 334,98 2,31 1,34 2.837,00 19,00 134818 1
85 334,98 2,31 1,32 2.965,00 19,00 135948 1
86 334,98 2,31 1,35 3.093,00 19,00 136970 1
87 334,98 2,31 1,39 3.221,00 19,00 138018 1
88 334,98 2,31 1,38 3.349,00 19,00 139066 1
89 334,98 2,31 1,38 3.475,00 19,00 139999 1
90 334,98 2,31 1,35 3.601,00 19,00 141020 1
91 334,98 2,31 1,38 3.723,00 19,00 142167 1
92 334,98 2,31 1,34 3.845,00 19,00 143191 1
93 334,98 2,31 1,34 3.969,00 19,00 144073 1
94 334,98 2,31 1,38 4.095,00 19,00 145023 1
95 334,98 2,31 1,44 4.219,00 19,00 146050 1
96 334,98 2,31 1,41 4.337,00 19,00 147033 1
97 334,98 2,31 1,42 4.455,00 19,00 148185 1
98 334,98 2,31 1,42 4.573,00 19,00 149496 1
99 334,98 2,31 1,36 4.689,00 19,00 150789 1
100 334,98 2,31 1,37 4.805,00 19,00 151913 1
101 334,98 2,31 1,40 4.921,00 19,00 152923 1
102 334,98 2,31 1,37 5.037,00 19,00 154100 1
103 334,98 2,31 1,43 5.153,00 19,00 155304 1
104 334,98 2,31 1,54 5.265,00 19,00 156501 1
105 334,98 2,31 1,50 5.379,00 19,00 157770 1
106 334,98 2,31 1,53 5.493,00 19,00 159019 1
107 334,98 2,31 1,49 5.607,00 19,00 160099 1
108 334,98 98.855,71 62.353,38 5.407,00 19,00 161070 1
109 334,98 98.855,71 62.480,69 5.207,00 37,00 161897 1
110 334,98 98.855,71 61.714,33 5.007,00 55,00 162626 1
111 334,98 98.855,71 61.091,18 4.807,00 73,00 163252 1
112 334,98 98.855,71 60.543,79 4.607,00 91,00 163915 1
113 334,98 98.855,71 59.815,58 4.407,00 109,00 164484 1
114 334,98 98.855,71 59.723,46 4.207,00 127,00 165028 1
115 334,98 98.855,71 59.760,62 4.007,00 145,00 165663 1
116 334,98 98.855,71 59.897,69 3.807,00 163,00 166330 1
117 334,98 7.045,78 4.283,82 3.607,00 181,00 166906 1
118 334,98 7.045,78 4.278,19 3.407,00 199,00 167421 1
119 334,98 7.045,78 4.282,69 3.207,00 217,00 168035 1
120 334,98 4.571,47 2.765,75 3.007,00 235,00 168861 1
121 334,98 3.981,42 2.424,27 2.807,00 253,00 169578 1
122 334,98 3.981,42 2.427,90 2.607,00 271,00 170224 1
123 334,98 3.981,42 2.447,77 2.407,00 289,00 170893 1
124 334,98 3.981,42 2.434,47 2.207,00 307,00 171582 1
125 334,98 3.981,42 2.444,87 2.007,00 325,00 172216 1
126 334,98 3.981,42 2.480,83 1.807,00 343,00 172756 1
127 334,98 3.981,42 2.486,54 1.607,00 361,00 173305 1
128 334,98 1.420,37 882,69 1.407,00 379,00 173840 1
129 334,98 1.420,37 875,43 1.207,00 397,00 174427 1
130 334,98 1.420,37 882,84 1.007,00 415,00 175026 1
131 334,98 1.420,37 883,52 807,00 433,00 175704 1
132 334,98 1.420,37 873,49 607,00 451,00 176270 1
133 334,98 433,55 269,12 407,00 469,00 176881 1
134 334,98 433,55 266,64 211,00 469,00 177431 1
135 334,98 433,55 268,97 11,00 469,00 178005 1
136 334,98 433,55 269,03 1,00 469,00 178566 1
137 334,98 433,55 261,95 1,00 469,00 179265 1
138 334,98 433,55 263,34 1,00 469,00 179894 1
139 334,98 433,55 267,50 1,00 468,00 180482 1
140 334,98 433,55 271,62 1,00 468,00 181063 1
141 334,98 433,55 263,21 1,00 468,00 181637 1
142 334,98 433,55 257,81 1,00 468,00 182152 1
143 334,98 0,72 0,42 183,00 468,00 182626 1
144 334,98 0,72 0,42 365,00 449,00 183097 1
145 334,98 0,72 0,42 547,00 436,00 183576 1
146 334,98 420,27 245,67 347,00 436,00 184032 1
147 334,98 266,60 155,84 151,00 436,00 184511 1
148 334,98 266,60 155,67 1,00 435,00 184974 1
149 334,98 266,60 157,22 1,00 434,00 185531 1
150 334,98 266,60 157,71 1,00 434,00 186058 1
151 334,98 266,60 156,73 1,00 434,00 186631 1
152 334,98 266,60 158,07 1,00 434,00 187173 1
153 334,98 0,77 0,47 185,00 433,00 187653 1
154 334,98 0,77 0,48 369,00 410,00 188087 1
155 334,98 0,77 0,48 553,00 389,00 188478 1
156 334,98 0,77 0,48 737,00 389,00 188781 1
157 334,98 0,77 0,48 919,00 389,00 189113 1
158 334,98 0,77 0,48 1.099,00 389,00 189431 1
159 334,98 0,77 0,48 1.277,00 390,00 189747 1
160 334,98 0,77 0,48 1.453,00 396,00 190001 1
161 334,98 0,77 0,49 1.625,00 401,00 190235 1
162 334,98 0,77 0,48 1.795,00 404,00 190426 1
163 334,98 1.470,16 907,22 1.595,00 409,00 190604 1
164 334,98 1.470,16 910,91 1.395,00 427,00 190779 1
165 334,98 1.470,16 914,66 1.195,00 445,00 191045 1
166 334,98 1.470,16 916,87 995,00 463,00 191280 1
167 334,98 1.470,16 916,77 795,00 481,00 191593 1
168 334,98 1.470,16 920,45 595,00 499,00 192025 1
169 334,98 1.470,16 921,63 395,00 517,00 192568 1
170 334,98 1.470,16 918,40 195,00 517,00 193073 1
171 334,98 1.470,16 915,89 1,00 517,00 193588 1
172 334,98 1.470,16 916,32 1,00 517,00 194218 1
173 334,98 1.470,16 918,76 1,00 517,00 194884 1
174 334,98 1.470,16 925,25 1,00 517,00 195676 1
175 334,98 1.470,16 922,25 1,00 517,00 196337 1
176 334,98 1.470,16 916,61 1,00 517,00 196899 1
177 334,98 1.470,16 913,52 1,00 517,00 197325 1
178 334,98 1.470,16 922,56 1,00 517,00 197802 1
179 334,98 1.470,16 913,30 1,00 517,00 198275 1
180 334,98 1.470,16 912,09 1,00 517,00 198921 1
181 334,98 1.470,16 919,26 1,00 517,00 199549 1
182 334,98 1.470,16 918,91 1,00 517,00 200208 1
183 334,98 1.470,16 912,79 1,00 517,00 201052 1
184 334,98 1.470,16 924,40 1,00 517,00 201970 1
185 334,98 1.470,16 923,87 1,00 517,00 202680 1
186 334,98 1.470,16 920,78 1,00 517,00 203342 1
187 334,98 1.470,16 894,07 1,00 517,00 203905 1
188 334,98 1.470,16 912,60 1,00 517,00 204414 1
189 334,98 1.470,16 908,04 1,00 517,00 205267 1
190 334,98 1.470,16 914,72 1,00 517,00 206148 1
191 334,98 1.470,16 914,00 1,00 517,00 207071 1
192 334,98 1.470,16 930,80 1,00 517,00 207853 1
193 334,98 1.470,16 936,68 1,00 517,00 208707 1
194 334,98 1.470,16 925,19 1,00 517,00 209442 1
195 334,98 1.470,16 916,48 1,00 517,00 210092 1
196 334,98 1.470,16 922,00 1,00 517,00 210836 1
197 334,98 0,65 0,41 189,00 517,00 211520 1
198 334,98 0,65 0,40 377,00 495,00 212143 1
199 334,98 264,76 167,22 183,00 477,00 212798 1
200 334,98 264,76 165,40 1,00 475,00 213398 1
201 334,98 264,76 166,18 1,00 475,00 213972 1
202 334,98 264,76 166,52 1,00 472,00 214446 1
203 334,98 264,76 170,68 1,00 471,00 214886 1
204 334,98 264,76 162,41 1,00 469,00 215331 1
205 334,98 0,72 0,46 179,00 468,00 215711 1
206 334,98 0,72 0,45 355,00 454,00 216069 1
207 334,98 0,72 0,45 531,00 438,00 216426 1
208 334,98 0,72 0,45 705,00 442,00 216691 1
209 334,98 0,72 0,44 879,00 451,00 216851 1
210 334,98 0,72 0,45 1.055,00 461,00 217021 1
211 334,98 0,72 0,45 1.231,00 467,00 217235 1
212 334,98 0,72 0,46 1.407,00 470,00 217428 1
213 334,98 0,72 0,45 1.583,00 478,00 217613 1
214 334,98 0,72 0,45 1.759,00 485,00 217786 1
215 334,98 0,72 0,45 1.935,00 494,00 218014 1
216 334,98 0,72 0,45 2.111,00 500,00 218241 1
217 334,98 0,72 0,45 2.287,00 500,00 218632 1
218 334,98 0,72 0,45 2.463,00 496,00 219065 1
219 334,98 0,72 0,45 2.641,00 496,00 219510 1
220 334,98 0,72 0,45 2.819,00 493,00 219834 1
221 334,98 0,72 0,45 2.997,00 492,00 220118 1
222 334,98 2.032,28 1.273,78 2.797,00 494,00 220457 1
223 334,98 1.829,98 1.145,04 2.597,00 512,00 220780 1
224 334,98 1.829,98 1.142,61 2.397,00 530,00 221084 1
225 334,98 1.465,25 914,63 2.197,00 548,00 221368 1
226 334,98 1.465,25 911,86 1.997,00 566,00 221678 1
227 334,98 1.465,25 914,90 1.797,00 584,00 222006 1
228 334,98 1.465,25 915,63 1.597,00 602,00 222403 1
229 334,98 1.465,25 914,53 1.397,00 620,00 222737 1
230 334,98 1.465,25 915,44 1.197,00 638,00 223035 1
231 334,98 1.465,25 915,84 997,00 656,00 223321 1
232 334,98 1.465,25 922,22 797,00 674,00 223592 1
233 334,98 1.465,25 922,39 597,00 692,00 223825 1
234 334,98 1.465,25 918,26 397,00 692,00 224068 1
235 334,98 1.465,25 918,31 197,00 692,00 224238 1
236 334,98 1.465,25 918,06 1,00 692,00 224458 1
237 334,98 1.465,25 917,49 1,00 692,00 224715 1
238 334,98 0,48 0,30 187,00 692,00 224963 1
239 334,98 0,48 0,30 373,00 676,00 225171 1
240 334,98 0,48 0,30 559,00 658,00 225419 1
241 334,98 0,48 0,30 745,00 650,00 225651 1
242 334,98 0,48 0,30 929,00 656,00 225874 1
243 334,98 0,48 0,30 1.113,00 660,00 226049 1
244 334,98 0,48 0,30 1.299,00 670,00 226240 1
245 334,98 0,48 0,30 1.483,00 677,00 226509 1
246 334,98 0,48 0,30 1.667,00 680,00 226809 1
247 334,98 816,40 512,08 1.467,00 684,00 227215 1
248 334,98 700,03 437,39 1.267,00 702,00 227639 1
249 334,98 700,03 436,99 1.067,00 720,00 228105 1
250 334,98 700,03 438,42 867,00 738,00 228636 1
251 334,98 700,03 436,20 667,00 756,00 229213 1
252 334,98 700,03 437,86 467,00 756,00 229674 1
253 334,98 700,03 437,54 267,00 756,00 230044 1
254 334,98 700,03 434,53 67,00 756,00 230450 1
255 334,98 700,03 437,45 1,00 756,00 230803 1
256 334,98 0,44 0,28 189,00 756,00 231184 1
257 334,98 0,44 0,28 377,00 739,00 231585 1
258 334,98 0,44 0,28 565,00 715,00 232098 1
259 334,98 0,44 0,28 753,00 686,00 232617 1
260 334,98 0,44 0,27 941,00 674,00 233264 1
261 334,98 0,44 0,27 1.129,00 661,00 233979 1
262 334,98 0,44 0,28 1.317,00 652,00 234613 1
263 334,98 0,44 0,28 1.503,00 646,00 235212 1
264 334,98 0,44 0,28 1.691,00 637,00 235817 1
265 334,98 0,44 0,28 1.879,00 622,00 236398 1
266 334,98 0,44 0,28 2.067,00 612,00 236895 1
267 334,98 0,44 0,28 2.255,00 604,00 237510 1
268 334,98 0,44 0,28 2.443,00 592,00 238092 1
269 334,98 0,44 0,28 2.631,00 590,00 238725 1
270 334,98 1.504,00 934,29 2.431,00 586,00 239224 1
271 334,98 1.504,00 932,83 2.231,00 604,00 239797 1
272 334,98 1.504,00 932,48 2.031,00 622,00 240308 1
273 334,98 1.504,00 928,15 1.831,00 640,00 240800 1
274 334,98 1.504,00 919,87 1.631,00 658,00 241319 1
275 334,98 1.504,00 913,22 1.431,00 676,00 241758 1
276 334,98 1.504,00 907,40 1.231,00 694,00 242166 1
277 334,98 1.504,00 909,45 1.031,00 712,00 242581 1
278 334,98 1.504,00 902,74 831,00 730,00 242909 1
279 334,98 1.504,00 899,32 631,00 748,00 243219 1
280 334,98 1.504,00 892,33 431,00 748,00 243464 1
281 334,98 1.504,00 892,04 231,00 748,00 243676 1
282 334,98 1.504,00 895,27 31,00 748,00 243930 1
283 334,98 1.504,00 894,97 1,00 748,00 244170 1
284 334,98 1.504,00 894,56 1,00 748,00 244381 1
285 334,98 1.504,00 894,01 1,00 748,00 244581 1
286 334,98 1.504,00 895,52 1,00 748,00 244881 1
287 334,98 1.504,00 905,69 1,00 748,00 245197 1
288 334,98 1.504,00 909,71 1,00 748,00 245608 1
289 334,98 1.504,00 917,84 1,00 748,00 246088 1
290 334,98 1.504,00 924,20 1,00 748,00 246639 1
291 334,98 1.504,00 923,90 1,00 748,00 247156 1
292 334,98 1.504,00 926,57 1,00 748,00 247714 1
293 334,98 1.504,00 928,29 1,00 748,00 248241 1
294 334,98 1.504,00 929,99 1,00 748,00 248810 1
295 334,98 0,45 0,28 189,00 748,00 249419 1
296 334,98 0,45 0,28 377,00 722,00 250007 1
297 334,98 0,45 0,28 565,00 697,00 250497 1
298 334,98 0,45 0,28 753,00 673,00 250954 1
299 334,98 0,45 0,28 941,00 660,00 251457 1
300 334,98 0,45 0,28 1.127,00 646,00 251857 1
301 334,98 0,45 0,28 1.313,00 643,00 252267 1
302 334,98 0,45 0,28 1.499,00 641,00 252574 1
303 334,98 0,45 0,28 1.685,00 641,00 252830 1
304 334,98 0,45 0,28 1.871,00 649,00 253107 1
305 334,98 0,45 0,28 2.057,00 650,00 253377 1
306 334,98 1.050,40 653,93 1.857,00 656,00 253614 1
307 334,98 1.050,40 654,00 1.657,00 674,00 253802 1
308 334,98 1.050,40 658,61 1.457,00 692,00 254049 1
309 334,98 687,43 429,89 1.257,00 710,00 254401 1
310 334,98 687,43 431,21 1.057,00 728,00 254778 1
311 334,98 687,43 433,01 857,00 746,00 255271 1
312 334,98 687,43 430,41 657,00 764,00 255757 1
313 334,98 687,43 429,80 457,00 764,00 256168 1
314 334,98 687,43 429,78 257,00 764,00 256672 1
315 334,98 112,68 70,18 83,00 764,00 257185 1
316 334,98 112,68 70,65 1,00 764,00 257712 1
317 334,98 112,68 70,26 1,00 759,00 258122 1
318 334,98 112,68 71,23 1,00 759,00 258667 1
319 334,98 112,68 70,24 1,00 759,00 259142 1
320 334,98 112,68 70,15 1,00 759,00 259646 1
321 334,98 112,68 70,45 1,00 757,00 260162 1
322 334,98 112,68 70,66 1,00 757,00 260676 1
323 334,98 0,44 0,28 189,00 756,00 261138 1
324 334,98 0,44 0,28 377,00 733,00 261651 1
325 334,98 176,63 110,26 185,00 715,00 262097 1
326 334,98 176,63 109,99 1,00 715,00 262489 1
327 334,98 176,63 110,25 1,00 715,00 262843 1
328 334,98 176,63 110,55 1,00 715,00 263159 1
329 334,98 176,63 110,66 1,00 715,00 263421 1
330 334,98 176,63 110,87 1,00 715,00 263619 1
331 334,98 176,63 110,92 1,00 715,00 263843 1
332 334,98 176,63 111,01 1,00 715,00 264118 1
333 334,98 176,63 111,07 1,00 715,00 264399 1
334 334,98 176,63 111,07 1,00 715,00 264633 1
335 334,98 176,63 111,04 1,00 715,00 264897 1
336 334,98 176,63 111,01 1,00 715,00 265071 1
337 334,98 176,63 111,01 1,00 715,00 265325 1
338 334,98 176,63 110,97 1,00 715,00 265624 1
339 334,98 176,63 111,05 1,00 715,00 265881 1
340 334,98 176,63 111,03 1,00 715,00 266159 1
341 334,98 176,63 110,98 1,00 715,00 266407 1
342 334,98 176,63 111,03 1,00 715,00 266608 1
343 334,98 176,63 111,00 1,00 715,00 266826 1
344 334,98 176,63 110,98 1,00 715,00 267021 1
345 334,98 176,63 110,98 1,00 715,00 267267 1
346 334,98 176,63 110,93 1,00 715,00 267522 1
347 334,98 176,63 110,86 1,00 715,00 267800 1
348 334,98 176,63 110,88 1,00 715,00 267983 1
349 334,98 176,63 110,92 1,00 715,00 268149 1
350 334,98 176,63 110,81 1,00 715,00 268298 1
351 334,98 176,63 110,87 1,00 715,00 268420 1
352 334,98 0,47 0,29 187,00 715,00 268528 1
353 334,98 0,47 0,29 373,00 709,00 268604 1
354 334,98 177,99 111,64 173,00 702,00 268675 1
355 334,98 177,99 111,63 1,00 702,00 268771 1
356 334,98 177,99 111,58 1,00 702,00 268866 1
357 334,98 177,99 111,63 1,00 702,00 268992 1
358 334,98 177,99 111,64 1,00 702,00 269085 1
359 334,98 177,99 111,60 1,00 702,00 269183 1
360 334,98 177,99 111,63 1,00 702,00 269292 1
361 334,98 177,99 111,68 1,00 702,00 269492 1
362 334,98 177,99 111,59 1,00 702,00 269676 1
363 334,98 177,99 111,64 1,00 702,00 269862 1
364 334,98 177,99 111,65 1,00 702,00 270024 1
365 334,98 177,99 111,61 1,00 702,00 270194 1
366 334,98 177,99 111,67 1,00 702,00 270340 1
367 334,98 177,99 111,59 1,00 702,00 270507 1
368 334,98 177,99 111,69 1,00 702,00 270654 1
369 334,98 177,99 111,64 1,00 702,00 270777 1
370 334,98 177,99 111,68 1,00 702,00 270904 1
371 334,98 177,99 111,66 1,00 702,00 271036 1
372 334,98 177,99 111,64 1,00 702,00 271172 1
373 334,98 177,99 111,68 1,00 702,00 271283 1
374 334,98 177,99 111,69 1,00 702,00 271382 1
375 334,98 177,99 111,69 1,00 702,00 271457 1
376 334,98 177,99 111,70 1,00 702,00 271539 1
377 334,98 0,48 0,30 180,00 702,00 271646 1
378 334,98 0,48 0,30 358,00 697,00 271773 1
379 334,98 0,48 0,30 536,00 687,00 271893 1
380 334,98 0,48 0,30 714,00 678,00 272037 1
381 334,98 0,48 0,30 892,00 688,00 272202 1
382 334,98 0,48 0,30 1.068,00 694,00 272338 1
383 334,98 0,48 0,30 1.244,00 704,00 272459 1
384 334,98 0,48 0,30 1.420,00 714,00 272592 1
385 334,98 657,92 412,71 1.220,00 723,00 272715 1
386 334,98 657,92 412,78 1.020,00 741,00 272819 1
387 334,98 657,92 412,81 820,00 759,00 272909 1
388 334,98 657,92 412,81 620,00 777,00 272984 1
389 334,98 657,92 412,84 420,00 777,00 273060 1
390 334,98 657,92 412,81 220,00 777,00 273130 1
391 334,98 657,92 412,82 20,00 777,00 273200 1
392 334,98 657,92 412,82 1,00 777,00 273255 1
393 334,98 657,92 412,80 1,00 777,00 273325 1
394 334,98 657,92 412,81 1,00 777,00 273396 1
395 334,98 657,92 412,82 1,00 777,00 273468 1
396 334,98 657,92 412,84 1,00 777,00 273534 1
397 334,98 657,92 412,84 1,00 777,00 273607 1
398 334,98 657,92 412,83 1,00 777,00 273669 1
399 334,98 657,92 412,82 1,00 777,00 273741 1
400 334,98 0,43 0,27 178,00 777,00 273814 1
401 334,98 0,43 0,27 354,00 770,00 273888 1
402 334,98 0,43 0,27 530,00 765,00 273977 1
403 334,98 0,43 0,27 706,00 760,00 274059 1
404 334,98 0,43 0,27 882,00 753,00 274169 1
405 334,98 0,43 0,27 1.058,00 761,00 274272 1
406 334,98 0,43 0,27 1.232,00 773,00 274391 1
407 334,98 0,43 0,27 1.406,00 786,00 274514 1
408 334,98 0,43 0,27 1.580,00 800,00 274605 1
409 334,98 0,43 0,27 1.754,00 811,00 274690 1
410 334,98 0,43 0,27 1.928,00 824,00 274777 1
411 334,98 0,43 0,27 2.102,00 838,00 274881 1
412 334,98 0,43 0,27 2.276,00 850,00 274988 1
413 334,98 0,43 0,27 2.450,00 864,00 275096 1
414 334,98 939,03 589,17 2.250,00 874,00 275203 1
415 334,98 939,03 589,16 2.050,00 892,00 275294 1
416 334,98 939,03 589,15 1.850,00 910,00 275366 1
417 334,98 939,03 589,07 1.650,00 928,00 275439 1
418 334,98 939,03 589,07 1.450,00 946,00 275506 1
419 334,98 939,03 589,09 1.250,00 964,00 275568 1
420 334,98 939,03 589,06 1.050,00 982,00 275608 1
421 334,98 939,03 589,05 850,00 1.000,00 275655 1
422 334,98 939,03 589,04 650,00 1.000,00 275694 1
423 334,98 939,03 589,08 450,00 1.000,00 275738 1
424 334,98 939,03 589,12 250,00 1.000,00 275786 1
425 334,98 939,03 589,22 50,00 1.000,00 275834 1
426 334,98 939,03 589,27 1,00 1.000,00 275905 1
427 334,98 939,03 589,16 1,00 1.000,00 275978 1
428 334,98 939,03 589,20 1,00 1.000,00 276040 1
429 334,98 939,03 589,21 1,00 1.000,00 276089 1
430 334,98 939,03 589,21 1,00 1.000,00 276136 1
431 334,98 939,03 589,21 1,00 1.000,00 276202 1
432 334,98 939,03 589,23 1,00 1.000,00 276263 1
433 334,98 939,03 589,22 1,00 1.000,00 276339 1
434 334,98 939,03 589,17 1,00 1.000,00 276430 1
435 334,98 939,03 589,14 1,00 1.000,00 276471 1
436 334,98 939,03 589,19 1,00 1.000,00 276551 1
437 334,98 939,03 589,15 1,00 1.000,00 276623 1
438 334,98 939,03 589,19 1,00 1.000,00 276703 1
439 334,98 939,03 589,17 1,00 1.000,00 276776 1
440 334,98 0,33 0,21 178,00 1.000,00 276831 1
441 334,98 0,33 0,21 354,00 996,00 276912 1
442 334,98 0,33 0,21 530,00 991,00 276981 1
443 334,98 0,33 0,21 706,00 987,00 277029 1
444 334,98 0,33 0,21 882,00 983,00 277094 1
445 334,98 0,33 0,21 1.058,00 980,00 277155 1
446 334,98 0,33 0,21 1.234,00 993,00 277209 1
447 334,98 0,33 0,21 1.410,00 1.005,00 277276 1
448 334,98 0,33 0,21 1.586,00 1.018,00 277346 1
449 334,98 0,33 0,21 1.762,00 1.032,00 277419 1
450 334,98 564,83 354,42 1.562,00 1.045,00 277480 1
451 334,98 564,83 354,42 1.362,00 1.063,00 277546 1
452 334,98 564,83 354,40 1.162,00 1.081,00 277633 1
453 334,98 564,83 354,41 962,00 1.099,00 277699 1
454 334,98 564,83 354,40 762,00 1.099,00 277753 1
455 334,98 232,26 145,73 562,00 1.099,00 277794 1
456 334,98 232,26 145,73 362,00 1.099,00 277831 1
457 334,98 232,26 145,74 162,00 1.099,00 277866 1
458 334,98 232,26 145,74 1,00 1.099,00 277907 1
459 334,98 232,26 145,74 1,00 1.099,00 277956 1
460 334,98 232,26 145,74 1,00 1.099,00 278010 1
461 334,98 232,26 145,74 1,00 1.099,00 278052 1
462 334,98 232,26 145,74 1,00 1.099,00 278092 1
463 334,98 232,26 145,74 1,00 1.099,00 278136 1
464 334,98 232,26 145,74 1,00 1.099,00 278171 1
465 334,98 232,26 145,74 1,00 1.099,00 278215 1
466 334,98 232,26 145,74 1,00 1.099,00 278256 1
467 334,98 232,26 145,74 1,00 1.099,00 278310 1
468 334,98 232,26 145,74 1,00 1.099,00 278372 1
469 334,98 232,26 145,74 1,00 1.099,00 278422 1
470 334,98 232,26 145,74 1,00 1.099,00 278480 1
471 334,98 232,26 145,74 1,00 1.099,00 278532 1
472 334,98 232,26 145,74 1,00 1.099,00 278583 1
473 334,98 0,30 0,19 182,00 1.099,00 278628 1
474 334,98 0,30 0,19 362,00 1.093,00 278661 1
475 334,98 0,30 0,19 542,00 1.088,00 278697 1
476 334,98 0,30 0,19 722,00 1.086,00 278747 1
477 334,98 0,30 0,19 902,00 1.083,00 278809 1
478 334,98 0,30 0,19 1.082,00 1.080,00 278860 1
479 334,98 0,30 0,19 1.262,00 1.091,00 278924 1
480 334,98 0,30 0,19 1.442,00 1.103,00 278971 1
481 334,98 0,30 0,19 1.622,00 1.118,00 279018 1
482 334,98 0,30 0,19 1.802,00 1.132,00 279043 1
483 334,98 0,30 0,19 1.982,00 1.143,00 279071 1
484 334,98 0,30 0,19 2.162,00 1.155,00 279098 1
485 334,98 0,30 0,19 2.342,00 1.171,00 279123 1
486 334,98 0,30 0,19 2.518,00 1.188,00 279191 1
487 334,98 703,50 441,43 2.318,00 1.199,00 279255 1
488 334,98 638,04 400,36 2.118,00 1.217,00 279281 1
489 334,98 638,04 400,35 1.918,00 1.235,00 279305 1
490 334,98 638,04 400,35 1.718,00 1.253,00 279344 1
491 334,98 638,04 400,35 1.518,00 1.271,00 279378 1
492 334,98 638,04 400,36 1.318,00 1.289,00 279421 1
493 334,98 638,04 400,36 1.118,00 1.307,00 279458 1
494 334,98 638,04 400,36 918,00 1.307,00 279509 1
495 334,98 638,04 400,36 718,00 1.307,00 279558 1
496 334,98 638,04 400,35 518,00 1.307,00 279608 1
497 334,98 638,04 400,34 318,00 1.307,00 279665 1
498 334,98 638,04 400,34 118,00 1.307,00 279720 1
499 334,98 638,04 400,34 1,00 1.307,00 279792 1
