500
0 430,34 430,34 430,34 1,00 92,00
1 430,34 0,00 0,00 1,00 91,00
2 430,34 430,34 460,37 99,00 92,00
3 430,34 0,00 0,00 1,00 94,00
4 430,34 430,34 386,14 99,00 95,00
5 430,34 0,00 0,00 1,00 97,00
6 430,34 430,34 409,94 99,00 98,00
7 430,34 0,00 0,00 1,00 100,00
8 430,34 0,00 0,00 99,00 101,00
9 430,34 430,34 365,41 197,00 102,00
10 430,34 0,00 0,00 97,00 104,00
11 430,34 430,34 370,09 195,00 105,00
12 430,34 0,00 0,00 95,00 107,00
13 430,34 430,34 388,69 193,00 108,00
14 430,34 0,00 0,00 93,00 110,00
15 430,34 430,34 390,30 191,00 111,00
16 430,34 0,00 0,00 91,00 113,00
17 430,34 430,34 389,09 189,00 114,00
18 430,34 0,00 0,00 89,00 116,00
19 430,34 430,34 387,29 187,00 117,00
20 430,34 0,00 0,00 87,00 119,00
21 430,34 430,34 386,21 185,00 120,00
22 430,34 0,00 0,00 85,00 122,00
23 430,34 430,34 385,53 183,00 123,00
24 430,34 0,00 0,00 83,00 125,00
25 430,34 430,34 384,83 181,00 126,00
26 430,34 0,00 0,00 81,00 128,00
27 430,34 430,34 384,00 179,00 129,00
28 430,34 0,00 0,00 79,00 131,00
29 430,34 430,34 383,31 177,00 132,00
30 430,34 0,00 0,00 77,00 134,00
31 430,34 430,34 382,44 175,00 135,00
32 430,34 0,00 0,00 75,00 137,00
33 430,34 430,34 381,80 173,00 138,00
34 430,34 0,00 0,00 73,00 140,00
35 430,34 430,34 381,01 171,00 141,00
36 430,34 0,00 0,00 71,00 143,00
37 430,34 430,34 380,31 169,00 144,00
38 430,34 0,00 0,00 69,00 146,00
39 430,34 430,34 379,50 167,00 147,00
40 430,34 0,00 0,00 67,00 149,00
41 430,34 430,34 378,70 165,00 150,00
42 430,34 0,00 0,00 65,00 152,00
43 430,34 430,34 377,93 163,00 153,00
44 430,34 0,00 0,00 63,00 155,00
45 430,34 430,34 377,12 161,00 156,00
46 430,34 0,00 0,00 61,00 158,00
47 430,34 430,34 376,26 159,00 159,00
48 430,34 0,00 0,00 59,00 161,00
49 430,34 0,00 0,00 157,00 159,00
50 430,34 430,34 375,04 255,00 160,00
51 430,34 0,00 0,00 155,00 162,00
52 430,34 430,34 374,23 253,00 163,00
53 430,34 0,00 0,00 153,00 165,00
54 430,34 430,34 373,42 251,00 166,00
55 430,34 0,00 0,00 151,00 168,00
56 430,34 430,34 372,59 249,00 169,00
57 430,34 0,00 0,00 149,00 171,00
58 430,34 430,34 371,80 247,00 172,00
59 430,34 0,00 0,00 147,00 174,00
60 430,34 430,34 371,04 245,00 175,00
61 430,34 0,00 0,00 145,00 177,00
62 430,34 430,34 370,22 243,00 178,00
63 430,34 0,00 0,00 143,00 180,00
64 430,34 430,34 369,37 241,00 181,00
65 430,34 0,00 0,00 141,00 183,00
66 430,34 430,34 368,55 239,00 184,00
67 430,34 0,00 0,00 139,00 186,00
68 430,34 430,34 367,79 237,00 187,00
69 430,34 0,00 0,00 137,00 189,00
70 430,34 430,34 366,99 235,00 190,00
71 430,34 0,00 0,00 135,00 192,00
72 430,34 430,34 366,19 233,00 193,00
73 430,34 0,00 0,00 133,00 195,00
74 430,34 430,34 365,38 231,00 196,00
75 430,34 0,00 0,00 131,00 198,00
76 430,34 430,34 364,60 229,00 199,00
77 430,34 0,00 0,00 129,00 201,00
78 430,34 430,34 363,83 227,00 202,00
79 430,34 0,00 0,00 127,00 204,00
80 430,34 430,34 363,10 225,00 205,00
81 430,34 0,00 0,00 125,00 207,00
82 430,34 430,34 362,39 223,00 208,00
83 430,34 0,00 0,00 123,00 210,00
84 430,34 430,34 361,65 221,00 211,00
85 430,34 0,00 0,00 121,00 213,00
86 430,34 430,34 360,94 219,00 214,00
87 430,34 0,00 0,00 119,00 216,00
88 430,34 430,34 360,22 217,00 217,00
89 430,34 0,00 0,00 117,00 219,00
90 430,34 0,00 0,00 215,00 217,00
91 430,34 430,34 359,09 313,00 218,00
92 430,34 0,00 0,00 213,00 220,00
93 430,34 430,34 358,40 311,00 221,00
94 430,34 0,00 0,00 211,00 223,00
95 430,34 430,34 357,73 309,00 224,00
96 430,34 0,00 0,00 209,00 226,00
97 430,34 430,34 357,03 307,00 227,00
98 430,34 0,00 0,00 207,00 229,00
99 430,34 430,34 356,33 305,00 230,00
100 430,34 0,00 0,00 205,00 232,00
101 430,34 430,34 355,63 303,00 233,00
102 430,34 0,00 0,00 203,00 235,00
103 430,34 430,34 354,98 301,00 236,00
104 430,34 0,00 0,00 201,00 238,00
105 430,34 430,34 354,32 299,00 239,00
106 430,34 0,00 0,00 199,00 241,00
107 430,34 430,34 353,71 297,00 242,00
108 430,34 0,00 0,00 197,00 244,00
109 430,34 430,34 353,00 295,00 245,00
110 430,34 0,00 0,00 195,00 247,00
111 430,34 430,34 352,36 293,00 248,00
112 430,34 0,00 0,00 193,00 250,00
113 430,34 430,34 351,72 291,00 251,00
114 430,34 0,00 0,00 191,00 253,00
115 430,34 430,34 351,07 289,00 254,00
116 430,34 0,00 0,00 189,00 256,00
117 430,34 430,34 350,42 287,00 257,00
118 430,34 0,00 0,00 187,00 259,00
119 430,34 430,34 349,78 285,00 260,00
120 430,34 0,00 0,00 185,00 262,00
121 430,34 430,34 349,14 283,00 263,00
122 430,34 0,00 0,00 183,00 265,00
123 430,34 430,34 348,52 281,00 266,00
124 430,34 0,00 0,00 181,00 268,00
125 430,34 430,34 347,91 279,00 269,00
126 430,34 0,00 0,00 179,00 271,00
127 430,34 430,34 347,34 277,00 272,00
128 430,34 0,00 0,00 177,00 274,00
129 430,34 430,34 346,79 275,00 275,00
130 430,34 0,00 0,00 175,00 277,00
131 430,34 0,00 0,00 273,00 275,00
132 430,34 430,34 345,99 371,00 276,00
133 430,34 0,00 0,00 271,00 278,00
134 430,34 430,34 345,46 369,00 279,00
135 430,34 0,00 0,00 269,00 281,00
136 430,34 430,34 344,94 367,00 282,00
137 430,34 0,00 0,00 267,00 284,00
138 430,34 430,34 344,43 365,00 285,00
139 430,34 0,00 0,00 265,00 287,00
140 430,34 430,34 343,92 363,00 288,00
141 430,34 0,00 0,00 263,00 290,00
142 430,34 430,34 343,44 361,00 291,00
143 430,34 0,00 0,00 261,00 293,00
144 430,34 430,34 342,96 359,00 294,00
145 430,34 0,00 0,00 259,00 296,00
146 430,34 430,34 342,48 357,00 297,00
147 430,34 0,00 0,00 257,00 299,00
148 430,34 430,34 342,03 355,00 300,00
149 430,34 0,00 0,00 255,00 302,00
150 430,34 430,34 341,58 353,00 303,00
151 430,34 0,00 0,00 253,00 305,00
152 430,34 430,34 341,14 351,00 306,00
153 430,34 0,00 0,00 251,00 308,00
154 430,34 430,34 340,69 349,00 309,00
155 430,34 0,00 0,00 249,00 311,00
156 430,34 430,34 340,25 347,00 312,00
157 430,34 0,00 0,00 247,00 314,00
158 430,34 430,34 339,80 345,00 315,00
159 430,34 0,00 0,00 245,00 317,00
160 430,34 430,34 339,36 343,00 318,00
161 430,34 0,00 0,00 243,00 320,00
162 430,34 430,34 338,95 341,00 321,00
163 430,34 0,00 0,00 241,00 323,00
164 430,34 430,34 338,54 339,00 324,00
165 430,34 0,00 0,00 239,00 326,00
166 430,34 430,34 338,14 337,00 327,00
167 430,34 0,00 0,00 237,00 329,00
168 430,34 430,34 337,73 335,00 330,00
169 430,34 0,00 0,00 235,00 332,00
170 430,34 430,34 337,33 333,00 333,00
171 430,34 0,00 0,00 233,00 335,00
172 430,34 0,00 0,00 331,00 333,00
173 430,34 430,34 336,75 429,00 334,00
174 430,34 0,00 0,00 329,00 336,00
175 430,34 430,34 336,37 427,00 337,00
176 430,34 0,00 0,00 327,00 339,00
177 430,34 430,34 336,01 425,00 340,00
178 430,34 0,00 0,00 325,00 342,00
179 430,34 430,34 335,68 423,00 343,00
180 430,34 0,00 0,00 323,00 345,00
181 430,34 430,34 335,35 421,00 346,00
182 430,34 0,00 0,00 321,00 348,00
183 430,34 430,34 335,02 419,00 349,00
184 430,34 0,00 0,00 319,00 351,00
185 430,34 430,34 334,70 417,00 352,00
186 430,34 0,00 0,00 317,00 354,00
187 430,34 430,34 334,41 415,00 355,00
188 430,34 0,00 0,00 315,00 357,00
189 430,34 430,34 334,10 413,00 358,00
190 430,34 0,00 0,00 313,00 360,00
191 430,34 430,34 333,81 411,00 361,00
192 430,34 0,00 0,00 311,00 363,00
193 430,34 430,34 333,51 409,00 364,00
194 430,34 0,00 0,00 309,00 366,00
195 430,34 430,34 333,22 407,00 367,00
196 430,34 0,00 0,00 307,00 369,00
197 430,34 430,34 332,96 405,00 370,00
198 430,34 0,00 0,00 305,00 372,00
199 430,34 430,34 332,69 403,00 373,00
200 430,34 0,00 0,00 303,00 375,00
201 430,34 430,34 332,43 401,00 376,00
202 430,34 0,00 0,00 301,00 378,00
203 430,34 430,34 332,19 399,00 379,00
204 430,34 0,00 0,00 299,00 381,00
205 430,34 430,34 331,92 397,00 382,00
206 430,34 0,00 0,00 297,00 384,00
207 430,34 430,34 331,65 395,00 385,00
208 430,34 0,00 0,00 295,00 387,00
209 430,34 430,34 331,39 393,00 388,00
210 430,34 0,00 0,00 293,00 390,00
211 430,34 430,34 331,15 391,00 391,00
212 430,34 0,00 0,00 291,00 393,00
213 430,34 0,00 0,00 389,00 391,00
214 430,34 430,34 330,82 487,00 392,00
215 430,34 0,00 0,00 387,00 394,00
216 430,34 430,34 330,58 485,00 395,00
217 430,34 0,00 0,00 385,00 397,00
218 430,34 430,34 330,35 483,00 398,00
219 430,34 0,00 0,00 383,00 400,00
220 430,34 430,34 330,13 481,00 401,00
221 430,34 0,00 0,00 381,00 403,00
222 430,34 430,34 329,92 479,00 404,00
223 430,34 0,00 0,00 379,00 406,00
224 430,34 430,34 329,71 477,00 407,00
225 430,34 0,00 0,00 377,00 409,00
226 430,34 430,34 329,50 475,00 410,00
227 430,34 0,00 0,00 375,00 412,00
228 430,34 430,34 329,29 473,00 413,00
229 430,34 0,00 0,00 373,00 415,00
230 430,34 430,34 329,11 471,00 416,00
231 430,34 0,00 0,00 371,00 418,00
232 430,34 430,34 328,93 469,00 419,00
233 430,34 0,00 0,00 369,00 421,00
234 430,34 430,34 328,75 467,00 422,00
235 430,34 0,00 0,00 367,00 424,00
236 430,34 430,34 328,58 465,00 425,00
237 430,34 0,00 0,00 365,00 427,00
238 430,34 430,34 328,41 463,00 428,00
239 430,34 0,00 0,00 363,00 430,00
240 430,34 430,34 328,25 461,00 431,00
241 430,34 0,00 0,00 361,00 433,00
242 430,34 430,34 328,09 459,00 434,00
243 430,34 0,00 0,00 359,00 436,00
244 430,34 430,34 327,92 457,00 437,00
245 430,34 0,00 0,00 357,00 439,00
246 430,34 430,34 327,78 455,00 440,00
247 430,34 0,00 0,00 355,00 442,00
248 430,34 430,34 327,64 453,00 443,00
249 430,34 0,00 0,00 353,00 445,00
250 430,34 430,34 327,51 451,00 446,00
251 430,34 0,00 0,00 351,00 448,00
252 430,34 430,34 327,37 449,00 449,00
253 430,34 0,00 0,00 349,00 451,00
254 430,34 0,00 0,00 447,00 449,00
255 430,34 430,34 327,17 545,00 450,00
256 430,34 0,00 0,00 445,00 452,00
257 430,34 430,34 327,05 543,00 453,00
258 430,34 0,00 0,00 443,00 455,00
259 430,34 430,34 326,90 541,00 456,00
260 430,34 0,00 0,00 441,00 458,00
261 430,34 430,34 326,76 539,00 459,00
262 430,34 0,00 0,00 439,00 461,00
263 430,34 430,34 326,63 537,00 462,00
264 430,34 0,00 0,00 437,00 464,00
265 430,34 430,34 326,51 535,00 465,00
266 430,34 0,00 0,00 435,00 467,00
267 430,34 430,34 326,40 533,00 468,00
268 430,34 0,00 0,00 433,00 470,00
269 430,34 430,34 326,29 531,00 471,00
270 430,34 0,00 0,00 431,00 473,00
271 430,34 430,34 326,17 529,00 474,00
272 430,34 0,00 0,00 429,00 476,00
273 430,34 430,34 326,05 527,00 477,00
274 430,34 0,00 0,00 427,00 479,00
275 430,34 430,34 325,93 525,00 480,00
276 430,34 0,00 0,00 425,00 482,00
277 430,34 430,34 325,82 523,00 483,00
278 430,34 0,00 0,00 423,00 485,00
279 430,34 430,34 325,70 521,00 486,00
280 430,34 0,00 0,00 421,00 488,00
281 430,34 430,34 325,60 519,00 489,00
282 430,34 0,00 0,00 419,00 491,00
283 430,34 430,34 325,50 517,00 492,00
284 430,34 0,00 0,00 417,00 494,00
285 430,34 430,34 325,41 515,00 495,00
286 430,34 0,00 0,00 415,00 497,00
287 430,34 430,34 325,32 513,00 498,00
288 430,34 0,00 0,00 413,00 500,00
289 430,34 430,34 325,23 511,00 501,00
290 430,34 0,00 0,00 411,00 503,00
291 430,34 430,34 325,16 509,00 504,00
292 430,34 0,00 0,00 409,00 506,00
293 430,34 430,34 325,08 507,00 507,00
294 430,34 0,00 0,00 407,00 509,00
295 430,34 0,00 0,00 505,00 507,00
296 430,34 430,34 324,96 603,00 508,00
297 430,34 0,00 0,00 503,00 510,00
298 430,34 430,34 324,89 601,00 511,00
299 430,34 0,00 0,00 501,00 513,00
300 430,34 430,34 324,83 599,00 514,00
301 430,34 0,00 0,00 499,00 516,00
302 430,34 430,34 324,77 597,00 517,00
303 430,34 0,00 0,00 497,00 519,00
304 430,34 430,34 324,72 595,00 520,00
305 430,34 0,00 0,00 495,00 522,00
306 430,34 430,34 324,66 593,00 523,00
307 430,34 0,00 0,00 493,00 525,00
308 430,34 430,34 324,59 591,00 526,00
309 430,34 0,00 0,00 491,00 528,00
310 430,34 430,34 324,53 589,00 529,00
311 430,34 0,00 0,00 489,00 531,00
312 430,34 430,34 324,47 587,00 532,00
313 430,34 0,00 0,00 487,00 534,00
314 430,34 430,34 324,41 585,00 535,00
315 430,34 0,00 0,00 485,00 537,00
316 430,34 430,34 324,35 583,00 538,00
317 430,34 0,00 0,00 483,00 540,00
318 430,34 430,34 324,30 581,00 541,00
319 430,34 0,00 0,00 481,00 543,00
320 430,34 430,34 324,26 579,00 544,00
321 430,34 0,00 0,00 479,00 546,00
322 430,34 430,34 324,21 577,00 547,00
323 430,34 0,00 0,00 477,00 549,00
324 430,34 430,34 324,16 575,00 550,00
325 430,34 0,00 0,00 475,00 552,00
326 430,34 430,34 324,10 573,00 553,00
327 430,34 0,00 0,00 473,00 555,00
328 430,34 430,34 324,04 571,00 556,00
329 430,34 0,00 0,00 471,00 558,00
330 430,34 430,34 323,98 569,00 559,00
331 430,34 0,00 0,00 469,00 561,00
332 430,34 430,34 323,94 567,00 562,00
333 430,34 0,00 0,00 467,00 564,00
334 430,34 430,34 323,90 565,00 565,00
335 430,34 0,00 0,00 465,00 567,00
336 430,34 0,00 0,00 563,00 565,00
337 430,34 430,34 323,84 661,00 566,00
338 430,34 0,00 0,00 561,00 568,00
339 430,34 430,34 323,81 659,00 569,00
340 430,34 0,00 0,00 559,00 571,00
341 430,34 430,34 323,77 657,00 572,00
342 430,34 0,00 0,00 557,00 574,00
343 430,34 430,34 323,73 655,00 575,00
344 430,34 0,00 0,00 555,00 577,00
345 430,34 430,34 323,70 653,00 578,00
346 430,34 0,00 0,00 553,00 580,00
347 430,34 430,34 323,68 651,00 581,00
348 430,34 0,00 0,00 551,00 583,00
349 430,34 430,34 323,66 649,00 584,00
350 430,34 0,00 0,00 549,00 586,00
351 430,34 430,34 323,63 647,00 587,00
352 430,34 0,00 0,00 547,00 589,00
353 430,34 430,34 323,60 645,00 590,00
354 430,34 0,00 0,00 545,00 592,00
355 430,34 430,34 323,59 643,00 593,00
356 430,34 0,00 0,00 543,00 595,00
357 430,34 430,34 323,57 641,00 596,00
358 430,34 0,00 0,00 541,00 598,00
359 430,34 430,34 323,54 639,00 599,00
360 430,34 0,00 0,00 539,00 601,00
361 430,34 430,34 323,51 637,00 602,00
362 430,34 0,00 0,00 537,00 604,00
363 430,34 430,34 323,48 635,00 605,00
364 430,34 0,00 0,00 535,00 607,00
365 430,34 430,34 323,45 633,00 608,00
366 430,34 0,00 0,00 533,00 610,00
367 430,34 430,34 323,43 631,00 611,00
368 430,34 0,00 0,00 531,00 613,00
369 430,34 430,34 323,42 629,00 614,00
370 430,34 0,00 0,00 529,00 616,00
371 430,34 430,34 323,40 627,00 617,00
372 430,34 0,00 0,00 527,00 619,00
373 430,34 430,34 323,38 625,00 620,00
374 430,34 0,00 0,00 525,00 622,00
375 430,34 430,34 323,37 623,00 623,00
376 430,34 0,00 0,00 523,00 625,00
377 430,34 0,00 0,00 621,00 623,00
378 430,34 430,34 323,33 719,00 624,00
379 430,34 0,00 0,00 619,00 626,00
380 430,34 430,34 323,31 717,00 627,00
381 430,34 0,00 0,00 617,00 629,00
382 430,34 430,34 323,30 715,00 630,00
383 430,34 0,00 0,00 615,00 632,00
384 430,34 430,34 323,29 713,00 633,00
385 430,34 0,00 0,00 613,00 635,00
386 430,34 430,34 323,27 711,00 636,00
387 430,34 0,00 0,00 611,00 638,00
388 430,34 430,34 323,26 709,00 639,00
389 430,34 0,00 0,00 609,00 641,00
390 430,34 430,34 323,25 707,00 642,00
391 430,34 0,00 0,00 607,00 644,00
392 430,34 430,34 323,24 705,00 645,00
393 430,34 0,00 0,00 605,00 647,00
394 430,34 430,34 323,23 703,00 648,00
395 430,34 0,00 0,00 603,00 650,00
396 430,34 430,34 323,22 701,00 651,00
397 430,34 0,00 0,00 601,00 653,00
398 430,34 430,34 323,21 699,00 654,00
399 430,34 0,00 0,00 599,00 656,00
400 430,34 430,34 323,21 697,00 657,00
401 430,34 0,00 0,00 597,00 659,00
402 430,34 430,34 323,22 695,00 660,00
403 430,34 0,00 0,00 595,00 662,00
404 430,34 430,34 323,22 693,00 663,00
405 430,34 0,00 0,00 593,00 665,00
406 430,34 430,34 323,22 691,00 666,00
407 430,34 0,00 0,00 591,00 668,00
408 430,34 430,34 323,22 689,00 669,00
409 430,34 0,00 0,00 589,00 671,00
410 430,34 430,34 323,22 687,00 672,00
411 430,34 0,00 0,00 587,00 674,00
412 430,34 430,34 323,21 685,00 675,00
413 430,34 0,00 0,00 585,00 677,00
414 430,34 430,34 323,21 683,00 678,00
415 430,34 0,00 0,00 583,00 680,00
416 430,34 430,34 323,21 681,00 681,00
417 430,34 0,00 0,00 581,00 683,00
418 430,34 0,00 0,00 679,00 681,00
419 430,34 430,34 323,23 777,00 682,00
420 430,34 0,00 0,00 677,00 684,00
421 430,34 430,34 323,23 775,00 685,00
422 430,34 0,00 0,00 675,00 687,00
423 430,34 430,34 323,23 773,00 688,00
424 430,34 0,00 0,00 673,00 690,00
425 430,34 430,34 323,24 771,00 691,00
426 430,34 0,00 0,00 671,00 693,00
427 430,34 430,34 323,24 769,00 694,00
428 430,34 0,00 0,00 669,00 696,00
429 430,34 430,34 323,24 767,00 697,00
430 430,34 0,00 0,00 667,00 699,00
431 430,34 430,34 323,24 765,00 700,00
432 430,34 0,00 0,00 665,00 702,00
433 430,34 430,34 323,23 763,00 703,00
434 430,34 0,00 0,00 663,00 705,00
435 430,34 430,34 323,24 761,00 706,00
436 430,34 0,00 0,00 661,00 708,00
437 430,34 430,34 323,24 759,00 709,00
438 430,34 0,00 0,00 659,00 711,00
439 430,34 430,34 323,25 757,00 712,00
440 430,34 0,00 0,00 657,00 714,00
441 430,34 430,34 323,25 755,00 715,00
442 430,34 0,00 0,00 655,00 717,00
443 430,34 430,34 323,25 753,00 718,00
444 430,34 0,00 0,00 653,00 720,00
445 430,34 430,34 323,25 751,00 721,00
446 430,34 0,00 0,00 651,00 723,00
447 430,34 430,34 323,26 749,00 724,00
448 430,34 0,00 0,00 649,00 726,00
449 430,34 430,34 323,26 747,00 727,00
450 430,34 0,00 0,00 647,00 729,00
451 430,34 430,34 323,27 745,00 730,00
452 430,34 0,00 0,00 645,00 732,00
453 430,34 430,34 323,28 743,00 733,00
454 430,34 0,00 0,00 643,00 735,00
455 430,34 430,34 323,29 741,00 736,00
456 430,34 0,00 0,00 641,00 738,00
457 430,34 430,34 323,30 739,00 739,00
458 430,34 0,00 0,00 639,00 741,00
459 430,34 0,00 0,00 737,00 739,00
460 430,34 430,34 323,31 835,00 740,00
461 430,34 0,00 0,00 735,00 742,00
462 430,34 430,34 323,32 833,00 743,00
463 430,34 0,00 0,00 733,00 745,00
464 430,34 430,34 323,33 831,00 746,00
465 430,34 0,00 0,00 731,00 748,00
466 430,34 430,34 323,34 829,00 749,00
467 430,34 0,00 0,00 729,00 751,00
468 430,34 430,34 323,35 827,00 752,00
469 430,34 0,00 0,00 727,00 754,00
470 430,34 430,34 323,36 825,00 755,00
471 430,34 0,00 0,00 725,00 757,00
472 430,34 430,34 323,37 823,00 758,00
473 430,34 0,00 0,00 723,00 760,00
474 430,34 430,34 323,39 821,00 761,00
475 430,34 0,00 0,00 721,00 763,00
476 430,34 430,34 323,39 819,00 764,00
477 430,34 0,00 0,00 719,00 766,00
478 430,34 430,34 323,40 817,00 767,00
479 430,34 0,00 0,00 717,00 769,00
480 430,34 430,34 323,41 815,00 770,00
481 430,34 0,00 0,00 715,00 772,00
482 430,34 430,34 323,41 813,00 773,00
483 430,34 0,00 0,00 713,00 775,00
484 430,34 430,34 323,42 811,00 776,00
485 430,34 0,00 0,00 711,00 778,00
486 430,34 430,34 323,43 809,00 779,00
487 430,34 0,00 0,00 709,00 781,00
488 430,34 430,34 323,44 807,00 782,00
489 430,34 0,00 0,00 707,00 784,00
490 430,34 430,34 323,46 805,00 785,00
491 430,34 0,00 0,00 705,00 787,00
492 430,34 430,34 323,47 803,00 788,00
493 430,34 0,00 0,00 703,00 790,00
494 430,34 430,34 323,49 801,00 791,00
495 430,34 0,00 0,00 701,00 793,00
496 430,34 430,34 323,49 799,00 794,00
497 430,34 0,00 0,00 699,00 796,00
498 430,34 430,34 323,51 797,00 797,00
499 430,34 0,00 0,00 697,00 799,00
