1000
0 34,98 34,98 34,98 1,00 82,00 0
1 34,98 0,56 0,56 1,00 64,00 1235
2 34,98 0,59 0,44 1,00 61,00 1774
3 34,98 0,59 0,46 1,00 63,00 1865
4 34,98 0,59 0,46 1,00 65,00 1875
5 34,98 0,59 0,47 1,00 67,00 1879
6 34,98 0,59 0,47 1,00 69,00 1881
7 34,98 0,59 0,47 1,00 71,00 1881
8 34,98 0,59 0,47 1,00 73,00 1881
9 34,98 0,59 0,47 1,00 75,00 1881
10 34,98 0,59 0,47 1,00 77,00 1881
11 34,98 0,59 0,47 1,00 79,00 1881
12 34,98 0,59 0,47 1,00 81,00 1881
13 34,98 0,59 0,47 1,00 83,00 1881
14 34,98 0,41 0,33 1,00 85,00 1881
15 34,98 0,41 0,33 1,00 87,00 1881
16 34,98 0,39 0,31 1,00 89,00 1881
17 34,98 0,39 0,31 1,00 91,00 1881
18 34,98 0,38 0,30 1,00 93,00 1881
19 34,98 0,38 0,30 1,00 95,00 1881
20 34,98 0,38 0,30 1,00 97,00 1881
21 34,98 0,38 0,30 1,00 99,00 1881
22 34,98 0,38 0,30 1,00 101,00 1881
23 34,98 0,38 0,30 1,00 103,00 1881
24 34,98 0,38 0,30 1,00 105,00 1881
25 34,98 0,33 0,26 1,00 107,00 1881
26 34,98 0,33 0,26 1,00 109,00 1881
27 34,98 0,33 0,26 1,00 111,00 1881
28 34,98 0,33 0,26 1,00 113,00 1881
29 34,98 0,30 0,24 1,00 115,00 1881
30 34,98 0,30 0,24 99,00 117,00 1881
31 34,98 29,86 23,78 99,00 118,00 2704
32 34,98 29,60 26,17 99,00 119,00 3431
33 34,98 29,60 27,10 99,00 121,00 3821
34 34,98 29,60 29,90 99,00 123,00 4072
35 34,98 29,60 31,80 99,00 125,00 4286
36 34,98 29,60 30,91 99,00 127,00 4405
37 34,98 29,60 30,73 99,00 129,00 4558
38 34,98 26,44 28,31 99,00 131,00 4625
39 34,98 26,44 28,00 99,00 133,00 4666
40 34,98 26,44 27,92 99,00 135,00 4711
41 34,98 25,28 27,04 99,00 137,00 4762
42 34,98 25,28 27,40 99,00 139,00 4795
43 34,98 25,28 26,74 99,00 141,00 4831
44 34,98 25,28 27,37 99,00 143,00 4863
45 34,98 25,28 27,38 99,00 145,00 4893
46 34,98 23,56 25,52 99,00 147,00 4918
47 34,98 23,56 25,52 99,00 149,00 4938
48 34,98 23,56 25,52 99,00 151,00 4953
49 34,98 23,56 25,52 99,00 153,00 4969
50 34,98 23,56 25,52 99,00 155,00 4978
51 34,98 23,56 25,52 99,00 157,00 4991
52 34,98 23,56 25,52 99,00 159,00 5006
53 34,98 23,56 25,52 99,00 161,00 5016
54 34,98 21,25 23,01 99,00 163,00 5027
55 34,98 21,25 23,01 99,00 165,00 5033
56 34,98 21,25 23,01 99,00 167,00 5043
57 34,98 21,25 23,01 99,00 169,00 5047
58 34,98 21,25 23,01 99,00 171,00 5055
59 34,98 21,25 23,01 99,00 173,00 5061
60 34,98 21,25 23,01 1,00 175,00 5068
61 34,98 21,25 23,01 1,00 177,00 5076
62 34,98 21,25 23,01 1,00 179,00 5097
63 34,98 21,25 23,01 1,00 181,00 5110
64 34,98 21,25 23,01 1,00 183,00 5114
65 34,98 21,25 23,01 1,00 185,00 5115
66 34,98 21,25 23,01 1,00 187,00 5118
67 34,98 21,25 23,01 1,00 189,00 5123
68 34,98 21,25 23,01 1,00 191,00 5124
69 34,98 21,25 23,01 1,00 193,00 5125
70 34,98 0,18 0,19 1,00 195,00 5125
71 34,98 0,18 0,19 1,00 197,00 5125
72 34,98 0,18 0,19 1,00 199,00 5125
73 34,98 0,18 0,19 1,00 201,00 5125
74 34,98 0,18 0,19 1,00 203,00 5126
75 34,98 0,18 0,19 1,00 205,00 5126
76 34,98 0,18 0,19 1,00 207,00 5126
77 34,98 0,18 0,19 1,00 209,00 5126
78 34,98 0,18 0,19 1,00 211,00 5127
79 34,98 0,18 0,19 1,00 213,00 5128
80 34,98 0,18 0,19 1,00 215,00 5128
81 34,98 0,18 0,19 1,00 217,00 5128
82 34,98 0,18 0,19 1,00 219,00 5128
83 34,98 0,18 0,19 1,00 221,00 5128
84 34,98 0,18 0,19 1,00 223,00 5128
85 34,98 0,18 0,19 1,00 225,00 5128
86 34,98 0,18 0,19 1,00 227,00 5128
87 34,98 0,15 0,17 1,00 229,00 5128
88 34,98 0,15 0,17 1,00 231,00 5129
89 34,98 0,15 0,17 1,00 233,00 5133
90 34,98 0,15 0,17 99,00 235,00 5133
91 34,98 14,68 15,89 99,00 236,00 5240
92 34,98 14,68 15,89 99,00 238,00 5280
93 34,98 14,68 15,89 99,00 240,00 5298
94 34,98 14,68 15,89 99,00 242,00 5308
95 34,98 14,68 15,89 99,00 244,00 5318
96 34,98 14,68 15,89 99,00 246,00 5327
97 34,98 14,68 15,89 99,00 248,00 5336
98 34,98 14,68 15,89 99,00 250,00 5340
99 34,98 14,68 15,89 99,00 252,00 5347
100 34,98 14,68 15,89 99,00 254,00 5351
101 34,98 14,68 15,89 99,00 256,00 5353
102 34,98 14,68 15,89 99,00 258,00 5354
103 34,98 14,68 15,89 99,00 260,00 5357
104 34,98 14,68 15,89 99,00 262,00 5357
105 34,98 14,68 15,89 99,00 264,00 5357
106 34,98 14,68 15,89 99,00 266,00 5357
107 34,98 14,68 15,89 99,00 268,00 5357
108 34,98 14,68 15,89 99,00 270,00 5357
109 34,98 14,68 15,89 99,00 272,00 5359
110 34,98 14,68 15,89 99,00 274,00 5359
111 34,98 14,68 15,89 99,00 276,00 5360
112 34,98 14,68 15,89 99,00 278,00 5362
113 34,98 14,68 15,89 99,00 280,00 5364
114 34,98 14,68 15,89 99,00 282,00 5366
115 34,98 14,68 15,89 99,00 284,00 5366
116 34,98 14,68 15,89 99,00 286,00 5366
117 34,98 14,68 15,89 99,00 288,00 5366
118 34,98 14,68 15,89 99,00 290,00 5367
119 34,98 14,68 15,89 99,00 292,00 5368
120 34,98 14,68 15,89 1,00 294,00 5368
121 34,98 14,68 15,89 1,00 296,00 5378
122 34,98 0,12 0,13 1,00 298,00 5387
123 34,98 0,12 0,13 1,00 300,00 5391
124 34,98 0,12 0,13 1,00 302,00 5392
125 34,98 0,12 0,13 1,00 304,00 5392
126 34,98 0,12 0,13 1,00 306,00 5392
127 34,98 0,12 0,13 1,00 308,00 5392
128 34,98 0,12 0,13 1,00 310,00 5392
129 34,98 0,12 0,13 1,00 312,00 5392
130 34,98 0,12 0,13 1,00 314,00 5392
131 34,98 0,12 0,13 1,00 316,00 5392
132 34,98 0,12 0,13 1,00 318,00 5392
133 34,98 0,12 0,13 1,00 320,00 5392
134 34,98 0,12 0,13 1,00 322,00 5392
135 34,98 0,12 0,13 1,00 324,00 5392
136 34,98 0,12 0,13 1,00 326,00 5392
137 34,98 0,12 0,13 1,00 328,00 5392
138 34,98 0,12 0,13 1,00 330,00 5392
139 34,98 0,12 0,13 1,00 332,00 5392
140 34,98 0,12 0,13 1,00 334,00 5397
141 34,98 0,12 0,13 1,00 336,00 5398
142 34,98 0,12 0,13 1,00 338,00 5398
143 34,98 0,12 0,13 1,00 340,00 5398
144 34,98 0,12 0,13 1,00 342,00 5398
145 34,98 0,12 0,13 1,00 344,00 5398
146 34,98 0,12 0,13 1,00 346,00 5398
147 34,98 0,12 0,13 1,00 348,00 5398
148 34,98 0,10 0,11 1,00 350,00 5398
149 34,98 0,10 0,11 1,00 352,00 5398
150 34,98 0,10 0,11 99,00 354,00 5398
151 34,98 9,81 10,63 99,00 355,00 5443
152 34,98 9,81 10,63 99,00 357,00 5461
153 34,98 9,81 10,63 99,00 359,00 5469
154 34,98 9,81 10,63 99,00 361,00 5476
155 34,98 9,81 10,63 99,00 363,00 5480
156 34,98 9,81 10,63 99,00 365,00 5482
157 34,98 9,81 10,63 99,00 367,00 5482
158 34,98 9,81 10,63 99,00 369,00 5492
159 34,98 9,34 10,11 99,00 371,00 5501
160 34,98 9,34 10,11 99,00 373,00 5510
161 34,98 9,34 10,11 99,00 375,00 5520
162 34,98 9,34 10,11 99,00 377,00 5532
163 34,98 9,34 10,11 99,00 379,00 5544
164 34,98 9,34 10,11 99,00 381,00 5553
165 34,98 9,34 10,11 99,00 383,00 5560
166 34,98 9,34 10,11 99,00 385,00 5566
167 34,98 9,34 10,11 99,00 387,00 5570
168 34,98 9,34 10,11 99,00 389,00 5573
169 34,98 9,34 10,11 99,00 391,00 5575
170 34,98 9,34 10,11 99,00 393,00 5576
171 34,98 9,34 10,11 99,00 395,00 5577
172 34,98 9,34 10,11 99,00 397,00 5578
173 34,98 9,34 10,11 99,00 399,00 5579
174 34,98 9,34 10,11 99,00 401,00 5580
175 34,98 9,34 10,11 99,00 403,00 5582
176 34,98 9,34 10,11 99,00 405,00 5583
177 34,98 9,34 10,11 99,00 407,00 5584
178 34,98 8,47 9,17 99,00 409,00 5587
179 34,98 8,47 9,17 99,00 411,00 5589
180 34,98 8,47 9,17 1,00 413,00 5591
181 34,98 8,47 9,17 1,00 415,00 5600
182 34,98 8,47 9,17 1,00 417,00 5601
183 34,98 8,47 9,17 1,00 419,00 5602
184 34,98 8,47 9,17 1,00 421,00 5602
185 34,98 8,47 9,17 1,00 423,00 5602
186 34,98 8,47 9,17 1,00 425,00 5602
187 34,98 8,47 9,17 1,00 427,00 5602
188 34,98 0,08 0,09 1,00 429,00 5602
189 34,98 0,08 0,09 1,00 431,00 5602
190 34,98 0,08 0,09 1,00 433,00 5602
191 34,98 0,08 0,09 1,00 435,00 5604
192 34,98 0,08 0,09 1,00 437,00 5606
193 34,98 0,08 0,09 1,00 439,00 5607
194 34,98 0,08 0,09 1,00 441,00 5611
195 34,98 0,08 0,09 1,00 443,00 5613
196 34,98 0,08 0,09 1,00 445,00 5613
197 34,98 0,08 0,09 1,00 447,00 5613
198 34,98 0,08 0,09 1,00 449,00 5613
199 34,98 0,08 0,09 1,00 451,00 5613
200 34,98 0,08 0,08 1,00 453,00 5613
201 34,98 0,08 0,08 1,00 455,00 5613
202 34,98 0,08 0,08 1,00 457,00 5613
203 34,98 0,08 0,08 1,00 459,00 5613
204 34,98 0,08 0,08 1,00 461,00 5613
205 34,98 0,08 0,08 1,00 463,00 5613
206 34,98 0,08 0,08 1,00 465,00 5613
207 34,98 0,08 0,08 1,00 467,00 5613
208 34,98 0,08 0,08 1,00 469,00 5614
209 34,98 0,08 0,08 1,00 471,00 5616
210 34,98 0,08 0,08 97,00 473,00 5616
211 34,98 7,19 7,79 97,00 474,00 5655
212 34,98 7,19 7,79 97,00 476,00 5665
213 34,98 7,19 7,79 97,00 478,00 5671
214 34,98 7,07 7,66 97,00 480,00 5671
215 34,98 7,07 7,66 97,00 482,00 5671
216 34,98 7,07 7,66 97,00 484,00 5671
217 34,98 7,07 7,66 97,00 486,00 5671
218 34,98 7,07 7,66 97,00 488,00 5671
219 34,98 7,07 7,66 97,00 490,00 5671
220 34,98 7,07 7,66 97,00 492,00 5671
221 34,98 7,07 7,66 97,00 494,00 5671
222 34,98 7,07 7,66 97,00 496,00 5671
223 34,98 7,07 7,66 97,00 498,00 5671
224 34,98 7,07 7,66 97,00 500,00 5671
225 34,98 7,07 7,66 97,00 502,00 5671
226 34,98 7,07 7,66 97,00 504,00 5671
227 34,98 6,71 7,26 97,00 506,00 5671
228 34,98 6,71 7,26 97,00 508,00 5671
229 34,98 6,71 7,26 97,00 510,00 5671
230 34,98 6,63 7,18 97,00 512,00 5671
231 34,98 6,63 7,18 97,00 514,00 5671
232 34,98 6,63 7,18 97,00 516,00 5671
233 34,98 6,63 7,18 97,00 518,00 5671
234 34,98 6,63 7,18 97,00 520,00 5671
235 34,98 6,50 7,04 97,00 522,00 5671
236 34,98 6,50 7,04 97,00 524,00 5671
237 34,98 6,50 7,04 97,00 526,00 5671
238 34,98 6,50 7,04 97,00 528,00 5671
239 34,98 6,40 6,93 97,00 530,00 5671
240 34,98 6,40 6,93 1,00 532,00 5671
241 34,98 6,40 6,93 1,00 534,00 5686
242 34,98 6,40 6,93 1,00 536,00 5686
243 34,98 6,40 6,93 1,00 538,00 5687
244 34,98 6,40 6,93 1,00 540,00 5688
245 34,98 6,40 6,93 1,00 542,00 5688
246 34,98 6,40 6,93 1,00 544,00 5688
247 34,98 6,40 6,93 1,00 546,00 5688
248 34,98 6,40 6,93 1,00 548,00 5688
249 34,98 0,06 0,07 1,00 550,00 5691
250 34,98 0,06 0,07 1,00 552,00 5693
251 34,98 0,06 0,07 1,00 554,00 5693
252 34,98 0,06 0,07 1,00 556,00 5693
253 34,98 0,06 0,07 1,00 558,00 5694
254 34,98 0,06 0,07 1,00 560,00 5694
255 34,98 0,06 0,07 1,00 562,00 5694
256 34,98 0,06 0,07 1,00 564,00 5694
257 34,98 0,06 0,07 1,00 566,00 5694
258 34,98 0,06 0,07 1,00 568,00 5694
259 34,98 0,06 0,07 1,00 570,00 5694
260 34,98 0,06 0,07 1,00 572,00 5694
261 34,98 0,06 0,07 1,00 574,00 5694
262 34,98 0,06 0,07 1,00 576,00 5694
263 34,98 0,06 0,07 1,00 578,00 5694
264 34,98 0,06 0,07 1,00 580,00 5694
265 34,98 0,06 0,07 1,00 582,00 5694
266 34,98 0,06 0,07 1,00 584,00 5694
267 34,98 0,06 0,07 1,00 586,00 5694
268 34,98 0,06 0,07 1,00 588,00 5694
269 34,98 0,06 0,07 1,00 590,00 5694
270 34,98 0,06 0,07 99,00 592,00 5694
271 34,98 5,86 6,35 99,00 593,00 5724
272 34,98 5,86 6,35 99,00 595,00 5736
273 34,98 5,86 6,35 99,00 597,00 5742
274 34,98 5,86 6,35 99,00 599,00 5742
275 34,98 5,86 6,35 99,00 601,00 5742
276 34,98 5,86 6,35 99,00 603,00 5742
277 34,98 5,86 6,35 99,00 605,00 5742
278 34,98 5,86 6,35 99,00 607,00 5742
279 34,98 5,86 6,35 99,00 609,00 5742
280 34,98 5,86 6,35 99,00 611,00 5742
281 34,98 5,86 6,35 99,00 613,00 5742
282 34,98 5,63 6,10 99,00 615,00 5742
283 34,98 5,63 6,10 99,00 617,00 5742
284 34,98 5,63 6,10 99,00 619,00 5742
285 34,98 5,63 6,10 99,00 621,00 5742
286 34,98 5,63 6,10 99,00 623,00 5742
287 34,98 5,54 6,00 99,00 625,00 5742
288 34,98 5,52 5,98 99,00 627,00 5742
289 34,98 5,52 5,98 99,00 629,00 5742
290 34,98 5,52 5,98 99,00 631,00 5742
291 34,98 5,52 5,98 99,00 633,00 5742
292 34,98 5,52 5,98 99,00 635,00 5742
293 34,98 5,52 5,98 99,00 637,00 5742
294 34,98 5,52 5,98 99,00 639,00 5742
295 34,98 5,52 5,98 99,00 641,00 5742
296 34,98 5,39 5,83 99,00 643,00 5742
297 34,98 5,39 5,83 99,00 645,00 5742
298 34,98 5,39 5,83 99,00 647,00 5742
299 34,98 5,39 5,83 99,00 649,00 5742
300 34,98 5,39 5,83 1,00 651,00 5742
301 34,98 5,39 5,83 1,00 653,00 5752
302 34,98 5,39 5,83 1,00 655,00 5752
303 34,98 5,39 5,83 1,00 657,00 5752
304 34,98 5,39 5,83 1,00 659,00 5752
305 34,98 5,39 5,83 1,00 661,00 5752
306 34,98 0,05 0,06 1,00 663,00 5762
307 34,98 0,05 0,06 1,00 665,00 5773
308 34,98 0,05 0,06 1,00 667,00 5778
309 34,98 0,05 0,06 1,00 669,00 5780
310 34,98 0,05 0,06 1,00 671,00 5780
311 34,98 0,05 0,06 1,00 673,00 5780
312 34,98 0,05 0,06 1,00 675,00 5780
313 34,98 0,05 0,06 1,00 677,00 5782
314 34,98 0,05 0,06 1,00 679,00 5783
315 34,98 0,05 0,06 1,00 681,00 5783
316 34,98 0,05 0,06 1,00 683,00 5783
317 34,98 0,05 0,06 1,00 685,00 5783
318 34,98 0,05 0,06 1,00 687,00 5783
319 34,98 0,05 0,06 1,00 689,00 5783
320 34,98 0,05 0,06 1,00 691,00 5783
321 34,98 0,05 0,06 1,00 693,00 5783
322 34,98 0,05 0,06 1,00 695,00 5783
323 34,98 0,05 0,06 1,00 697,00 5783
324 34,98 0,05 0,06 1,00 699,00 5783
325 34,98 0,05 0,06 1,00 701,00 5783
326 34,98 0,05 0,06 1,00 703,00 5783
327 34,98 0,05 0,06 1,00 705,00 5783
328 34,98 0,05 0,06 1,00 707,00 5783
329 34,98 0,05 0,06 1,00 709,00 5783
330 34,98 0,05 0,06 99,00 711,00 5783
331 34,98 4,88 5,28 99,00 712,00 5809
332 34,98 4,88 5,28 99,00 714,00 5815
333 34,98 4,88 5,28 99,00 716,00 5818
334 34,98 4,88 5,28 99,00 718,00 5819
335 34,98 4,88 5,28 99,00 720,00 5820
336 34,98 4,88 5,28 99,00 722,00 5820
337 34,98 4,88 5,28 99,00 724,00 5820
338 34,98 4,88 5,28 99,00 726,00 5820
339 34,98 4,88 5,28 99,00 728,00 5820
340 34,98 4,88 5,28 99,00 730,00 5820
341 34,98 4,88 5,28 99,00 732,00 5820
342 34,98 4,88 5,28 99,00 734,00 5820
343 34,98 4,88 5,28 99,00 736,00 5820
344 34,98 4,88 5,28 99,00 738,00 5820
345 34,98 4,88 5,28 99,00 740,00 5820
346 34,98 4,67 5,06 99,00 742,00 5820
347 34,98 4,67 5,06 99,00 744,00 5820
348 34,98 4,64 5,03 99,00 746,00 5820
349 34,98 4,64 5,03 99,00 748,00 5820
350 34,98 4,64 5,03 99,00 750,00 5820
351 34,98 4,64 5,03 99,00 752,00 5820
352 34,98 4,59 4,98 99,00 754,00 5820
353 34,98 4,59 4,98 99,00 756,00 5820
354 34,98 4,59 4,98 99,00 758,00 5820
355 34,98 4,59 4,98 99,00 760,00 5820
356 34,98 4,59 4,98 99,00 762,00 5820
357 34,98 4,59 4,98 99,00 764,00 5820
358 34,98 4,59 4,98 99,00 766,00 5820
359 34,98 4,59 4,98 99,00 768,00 5820
360 34,98 4,59 4,98 1,00 770,00 5820
361 34,98 4,59 4,98 1,00 772,00 5827
362 34,98 0,05 0,05 1,00 774,00 5827
363 34,98 0,05 0,05 1,00 776,00 5827
364 34,98 0,05 0,05 1,00 778,00 5827
365 34,98 0,05 0,05 1,00 780,00 5827
366 34,98 0,04 0,05 1,00 782,00 5827
367 34,98 0,04 0,05 1,00 784,00 5827
368 34,98 0,04 0,05 1,00 786,00 5827
369 34,98 0,04 0,05 1,00 788,00 5827
370 34,98 0,04 0,05 1,00 790,00 5827
371 34,98 0,04 0,05 1,00 792,00 5827
372 34,98 0,04 0,05 1,00 794,00 5827
373 34,98 0,04 0,05 1,00 796,00 5827
374 34,98 0,04 0,05 1,00 798,00 5827
375 34,98 0,04 0,05 1,00 800,00 5827
376 34,98 0,04 0,05 1,00 802,00 5827
377 34,98 0,04 0,05 1,00 804,00 5827
378 34,98 0,04 0,05 1,00 806,00 5827
379 34,98 0,04 0,05 1,00 808,00 5827
380 34,98 0,04 0,05 1,00 810,00 5827
381 34,98 0,04 0,05 1,00 812,00 5827
382 34,98 0,04 0,05 1,00 814,00 5827
383 34,98 0,04 0,05 1,00 816,00 5833
384 34,98 0,04 0,05 1,00 818,00 5833
385 34,98 0,04 0,05 1,00 820,00 5833
386 34,98 0,04 0,05 1,00 822,00 5833
387 34,98 0,04 0,05 1,00 824,00 5833
388 34,98 0,04 0,05 1,00 826,00 5833
389 34,98 0,04 0,05 1,00 828,00 5833
390 34,98 0,04 0,05 99,00 830,00 5833
391 34,98 4,17 4,51 99,00 831,00 5854
392 34,98 4,16 4,50 99,00 833,00 5858
393 34,98 4,16 4,50 99,00 835,00 5861
394 34,98 4,16 4,50 99,00 837,00 5861
395 34,98 4,16 4,50 99,00 839,00 5861
396 34,98 4,16 4,50 99,00 841,00 5861
397 34,98 4,16 4,50 99,00 843,00 5861
398 34,98 4,16 4,50 99,00 845,00 5861
399 34,98 4,16 4,50 99,00 847,00 5861
400 34,98 4,16 4,50 99,00 849,00 5861
401 34,98 4,16 4,50 99,00 851,00 5865
402 34,98 4,16 4,50 99,00 853,00 5866
403 34,98 4,05 4,39 99,00 855,00 5866
404 34,98 4,05 4,39 99,00 857,00 5866
405 34,98 4,05 4,39 99,00 859,00 5866
406 34,98 4,05 4,39 99,00 861,00 5866
407 34,98 4,05 4,39 99,00 863,00 5866
408 34,98 4,05 4,39 99,00 865,00 5866
409 34,98 4,05 4,39 99,00 867,00 5866
410 34,98 4,05 4,39 99,00 869,00 5866
411 34,98 4,05 4,39 99,00 871,00 5866
412 34,98 4,05 4,39 99,00 873,00 5866
413 34,98 3,96 4,29 99,00 875,00 5866
414 34,98 3,96 4,29 99,00 877,00 5866
415 34,98 3,96 4,29 99,00 879,00 5866
416 34,98 3,96 4,29 99,00 881,00 5866
417 34,98 3,96 4,29 99,00 883,00 5866
418 34,98 3,96 4,29 99,00 885,00 5866
419 34,98 3,96 4,29 99,00 887,00 5866
420 34,98 3,96 4,29 1,00 889,00 5866
421 34,98 3,96 4,29 1,00 891,00 5875
422 34,98 3,96 4,29 1,00 893,00 5878
423 34,98 3,96 4,29 1,00 895,00 5879
424 34,98 3,96 4,29 1,00 897,00 5879
425 34,98 3,96 4,29 1,00 899,00 5879
426 34,98 3,96 4,29 1,00 901,00 5879
427 34,98 3,96 4,29 1,00 903,00 5879
428 34,98 3,96 4,29 1,00 905,00 5880
429 34,98 3,96 4,29 1,00 907,00 5880
430 34,98 3,96 4,29 1,00 909,00 5880
431 34,98 3,96 4,29 1,00 911,00 5880
432 34,98 3,96 4,29 1,00 913,00 5880
433 34,98 3,96 4,29 1,00 915,00 5880
434 34,98 3,96 4,29 1,00 917,00 5880
435 34,98 3,96 4,29 1,00 919,00 5880
436 34,98 3,96 4,29 1,00 921,00 5880
437 34,98 3,96 4,29 1,00 923,00 5880
438 34,98 3,96 4,29 1,00 925,00 5880
439 34,98 3,96 4,29 1,00 927,00 5880
440 34,98 3,96 4,29 1,00 929,00 5880
441 34,98 3,96 4,29 1,00 931,00 5880
442 34,98 3,96 4,29 1,00 933,00 5880
443 34,98 3,96 4,29 1,00 935,00 5880
444 34,98 3,96 4,29 1,00 937,00 5880
445 34,98 3,96 4,29 1,00 939,00 5880
446 34,98 3,96 4,29 1,00 941,00 5880
447 34,98 3,96 4,29 1,00 943,00 5880
448 34,98 0,04 0,04 1,00 945,00 5880
449 34,98 0,04 0,04 1,00 947,00 5880
450 34,98 0,04 0,04 99,00 949,00 5880
451 34,98 3,65 3,96 99,00 950,00 5901
452 34,98 3,65 3,96 99,00 952,00 5908
453 34,98 3,65 3,96 99,00 954,00 5908
454 34,98 3,65 3,96 99,00 956,00 5908
455 34,98 3,65 3,96 99,00 958,00 5908
456 34,98 3,65 3,96 99,00 960,00 5909
457 34,98 3,65 3,96 99,00 962,00 5909
458 34,98 3,65 3,96 99,00 964,00 5909
459 34,98 3,65 3,96 99,00 966,00 5909
460 34,98 3,65 3,96 99,00 968,00 5909
461 34,98 3,65 3,96 99,00 970,00 5909
462 34,98 3,65 3,96 99,00 972,00 5909
463 34,98 3,65 3,96 99,00 974,00 5909
464 34,98 3,65 3,96 99,00 976,00 5909
465 34,98 3,65 3,96 99,00 978,00 5909
466 34,98 3,65 3,96 99,00 980,00 5909
467 34,98 3,65 3,96 99,00 982,00 5909
468 34,98 3,65 3,96 99,00 984,00 5909
469 34,98 3,65 3,96 99,00 986,00 5909
470 34,98 3,65 3,96 99,00 988,00 5909
471 34,98 3,50 3,79 99,00 990,00 5909
472 34,98 3,50 3,79 99,00 992,00 5909
473 34,98 3,50 3,79 99,00 994,00 5909
474 34,98 3,50 3,79 99,00 996,00 5909
475 34,98 3,50 3,79 99,00 998,00 5909
476 34,98 3,50 3,79 99,00 1.000,00 5909
477 34,98 3,50 3,79 99,00 1.002,00 5909
478 34,98 3,50 3,79 99,00 1.004,00 5909
479 34,98 3,50 3,79 99,00 1.006,00 5909
480 34,98 3,50 3,79 1,00 1.008,00 5909
481 34,98 3,50 3,79 1,00 1.010,00 5915
482 34,98 3,50 3,79 1,00 1.012,00 5916
483 34,98 3,50 3,79 1,00 1.014,00 5916
484 34,98 3,50 3,79 1,00 1.016,00 5916
485 34,98 3,50 3,79 1,00 1.018,00 5916
486 34,98 0,03 0,04 1,00 1.020,00 5916
487 34,98 0,03 0,04 1,00 1.022,00 5916
488 34,98 0,03 0,04 1,00 1.024,00 5916
489 34,98 0,03 0,04 1,00 1.026,00 5916
490 34,98 0,03 0,04 1,00 1.028,00 5916
491 34,98 0,03 0,04 1,00 1.030,00 5916
492 34,98 0,03 0,04 1,00 1.032,00 5916
493 34,98 0,03 0,04 1,00 1.034,00 5916
494 34,98 0,03 0,04 1,00 1.036,00 5916
495 34,98 0,03 0,04 1,00 1.038,00 5916
496 34,98 0,03 0,04 1,00 1.040,00 5916
497 34,98 0,03 0,04 1,00 1.042,00 5916
498 34,98 0,03 0,04 1,00 1.044,00 5916
499 34,98 0,03 0,04 1,00 1.046,00 5916
500 34,98 0,03 0,04 1,00 1.048,00 5916
501 34,98 0,03 0,04 1,00 1.050,00 5916
502 34,98 0,03 0,04 1,00 1.052,00 5916
503 34,98 0,03 0,04 1,00 1.054,00 5916
504 34,98 0,03 0,04 1,00 1.056,00 5916
505 34,98 0,03 0,04 1,00 1.058,00 5919
506 34,98 0,03 0,04 1,00 1.060,00 5919
507 34,98 0,03 0,04 1,00 1.062,00 5919
508 34,98 0,03 0,04 1,00 1.064,00 5919
509 34,98 0,03 0,04 1,00 1.066,00 5919
510 34,98 0,03 0,04 99,00 1.068,00 5919
511 34,98 3,25 3,52 99,00 1.069,00 5935
512 34,98 3,25 3,52 99,00 1.071,00 5937
513 34,98 3,25 3,52 99,00 1.073,00 5938
514 34,98 3,22 3,49 99,00 1.075,00 5938
515 34,98 3,22 3,49 99,00 1.077,00 5938
516 34,98 3,22 3,49 99,00 1.079,00 5938
517 34,98 3,22 3,49 99,00 1.081,00 5938
518 34,98 3,22 3,49 99,00 1.083,00 5938
519 34,98 3,22 3,49 99,00 1.085,00 5938
520 34,98 3,19 3,45 99,00 1.087,00 5938
521 34,98 3,18 3,44 99,00 1.089,00 5938
522 34,98 3,18 3,44 99,00 1.091,00 5938
523 34,98 3,18 3,44 99,00 1.093,00 5938
524 34,98 3,18 3,44 99,00 1.095,00 5938
525 34,98 3,18 3,44 99,00 1.097,00 5938
526 34,98 3,18 3,44 99,00 1.099,00 5938
527 34,98 3,18 3,44 99,00 1.101,00 5938
528 34,98 3,18 3,44 99,00 1.103,00 5938
529 34,98 3,18 3,44 99,00 1.105,00 5938
530 34,98 3,18 3,44 99,00 1.107,00 5938
531 34,98 3,18 3,44 99,00 1.109,00 5938
532 34,98 3,12 3,38 99,00 1.111,00 5938
533 34,98 3,12 3,38 99,00 1.113,00 5938
534 34,98 3,12 3,38 99,00 1.115,00 5938
535 34,98 3,12 3,38 99,00 1.117,00 5938
536 34,98 3,10 3,35 99,00 1.119,00 5938
537 34,98 3,10 3,35 99,00 1.121,00 5938
538 34,98 3,10 3,35 99,00 1.123,00 5938
539 34,98 3,10 3,35 99,00 1.125,00 5938
540 34,98 3,10 3,35 1,00 1.127,00 5938
541 34,98 3,10 3,35 1,00 1.129,00 5942
542 34,98 3,10 3,35 1,00 1.131,00 5944
543 34,98 3,10 3,35 1,00 1.133,00 5946
544 34,98 3,10 3,35 1,00 1.135,00 5947
545 34,98 3,10 3,35 1,00 1.137,00 5958
546 34,98 3,10 3,35 1,00 1.139,00 5965
547 34,98 3,10 3,35 1,00 1.141,00 5965
548 34,98 3,10 3,35 1,00 1.143,00 5965
549 34,98 3,10 3,35 1,00 1.145,00 5965
550 34,98 3,10 3,35 1,00 1.147,00 5965
551 34,98 3,10 3,35 1,00 1.149,00 5965
552 34,98 3,10 3,35 1,00 1.151,00 5965
553 34,98 3,10 3,35 1,00 1.153,00 5965
554 34,98 3,10 3,35 1,00 1.155,00 5965
555 34,98 3,10 3,35 1,00 1.157,00 5965
556 34,98 3,10 3,35 1,00 1.159,00 5965
557 34,98 3,10 3,35 1,00 1.161,00 5965
558 34,98 3,10 3,35 1,00 1.163,00 5965
559 34,98 3,10 3,35 1,00 1.165,00 5969
560 34,98 3,10 3,35 1,00 1.167,00 5969
561 34,98 3,10 3,35 1,00 1.169,00 5969
562 34,98 3,10 3,35 1,00 1.171,00 5969
563 34,98 0,03 0,03 1,00 1.173,00 5969
564 34,98 0,03 0,03 1,00 1.175,00 5969
565 34,98 0,03 0,03 1,00 1.177,00 5969
566 34,98 0,03 0,03 1,00 1.179,00 5969
567 34,98 0,03 0,03 1,00 1.181,00 5969
568 34,98 0,03 0,03 1,00 1.183,00 5969
569 34,98 0,03 0,03 1,00 1.185,00 5969
570 34,98 0,03 0,03 99,00 1.187,00 5969
571 34,98 0,03 0,03 99,00 1.189,00 5988
572 34,98 2,92 3,16 99,00 1.190,00 5994
573 34,98 2,92 3,16 99,00 1.192,00 5999
574 34,98 2,92 3,16 99,00 1.194,00 6004
575 34,98 2,92 3,16 99,00 1.196,00 6007
576 34,98 2,92 3,16 99,00 1.198,00 6009
577 34,98 2,89 3,13 99,00 1.200,00 6010
578 34,98 2,89 3,13 99,00 1.202,00 6010
579 34,98 2,89 3,13 99,00 1.204,00 6010
580 34,98 2,89 3,13 99,00 1.206,00 6010
581 34,98 2,89 3,13 99,00 1.208,00 6010
582 34,98 2,89 3,13 99,00 1.210,00 6010
583 34,98 2,89 3,13 99,00 1.212,00 6010
584 34,98 2,89 3,13 99,00 1.214,00 6010
585 34,98 2,89 3,13 99,00 1.216,00 6010
586 34,98 2,89 3,13 99,00 1.218,00 6010
587 34,98 2,89 3,13 99,00 1.220,00 6010
588 34,98 2,89 3,13 99,00 1.222,00 6010
589 34,98 2,89 3,13 99,00 1.224,00 6010
590 34,98 2,89 3,13 99,00 1.226,00 6010
591 34,98 2,89 3,13 99,00 1.228,00 6010
592 34,98 2,89 3,13 99,00 1.230,00 6010
593 34,98 2,89 3,13 99,00 1.232,00 6010
594 34,98 2,89 3,13 99,00 1.234,00 6010
595 34,98 2,89 3,13 99,00 1.236,00 6010
596 34,98 2,89 3,13 99,00 1.238,00 6010
597 34,98 2,89 3,13 99,00 1.240,00 6010
598 34,98 2,79 3,02 99,00 1.242,00 6010
599 34,98 2,79 3,02 99,00 1.244,00 6010
600 34,98 2,79 3,02 1,00 1.246,00 6010
601 34,98 2,79 3,02 1,00 1.248,00 6019
602 34,98 2,79 3,02 1,00 1.250,00 6021
603 34,98 2,79 3,02 1,00 1.252,00 6022
604 34,98 2,79 3,02 1,00 1.254,00 6022
605 34,98 2,79 3,02 1,00 1.256,00 6022
606 34,98 2,79 3,02 1,00 1.258,00 6022
607 34,98 2,79 3,02 1,00 1.260,00 6022
608 34,98 2,79 3,02 1,00 1.262,00 6023
609 34,98 2,79 3,02 1,00 1.264,00 6023
610 34,98 2,79 3,02 1,00 1.266,00 6023
611 34,98 2,79 3,02 1,00 1.268,00 6023
612 34,98 2,79 3,02 1,00 1.270,00 6023
613 34,98 2,79 3,02 1,00 1.272,00 6023
614 34,98 2,79 3,02 1,00 1.274,00 6023
615 34,98 2,79 3,02 1,00 1.276,00 6023
616 34,98 2,79 3,02 1,00 1.278,00 6023
617 34,98 2,79 3,02 1,00 1.280,00 6023
618 34,98 2,79 3,02 1,00 1.282,00 6023
619 34,98 2,79 3,02 1,00 1.284,00 6023
620 34,98 2,79 3,02 1,00 1.286,00 6023
621 34,98 2,79 3,02 1,00 1.288,00 6023
622 34,98 0,03 0,03 1,00 1.290,00 6023
623 34,98 0,03 0,03 1,00 1.292,00 6023
624 34,98 0,03 0,03 1,00 1.294,00 6023
625 34,98 0,03 0,03 1,00 1.296,00 6023
626 34,98 0,03 0,03 1,00 1.298,00 6023
627 34,98 0,03 0,03 1,00 1.300,00 6023
628 34,98 0,03 0,03 1,00 1.302,00 6023
629 34,98 0,03 0,03 1,00 1.304,00 6023
630 34,98 0,03 0,03 99,00 1.306,00 6023
631 34,98 0,03 0,03 99,00 1.308,00 6039
632 34,98 2,65 2,87 99,00 1.309,00 6043
633 34,98 2,65 2,87 99,00 1.311,00 6043
634 34,98 2,65 2,87 99,00 1.313,00 6043
635 34,98 2,65 2,87 99,00 1.315,00 6043
636 34,98 2,65 2,87 99,00 1.317,00 6043
637 34,98 2,65 2,87 99,00 1.319,00 6043
638 34,98 2,65 2,87 99,00 1.321,00 6043
639 34,98 2,65 2,87 99,00 1.323,00 6043
640 34,98 2,65 2,87 99,00 1.325,00 6043
641 34,98 2,65 2,87 99,00 1.327,00 6043
642 34,98 2,65 2,87 99,00 1.329,00 6043
643 34,98 2,65 2,87 99,00 1.331,00 6043
644 34,98 2,65 2,87 99,00 1.333,00 6043
645 34,98 2,65 2,87 99,00 1.335,00 6043
646 34,98 2,65 2,87 99,00 1.337,00 6043
647 34,98 2,65 2,87 99,00 1.339,00 6043
648 34,98 2,65 2,87 99,00 1.341,00 6043
649 34,98 2,65 2,87 99,00 1.343,00 6043
650 34,98 2,65 2,87 99,00 1.345,00 6043
651 34,98 2,65 2,87 99,00 1.347,00 6043
652 34,98 2,65 2,87 99,00 1.349,00 6043
653 34,98 2,65 2,87 99,00 1.351,00 6043
654 34,98 2,65 2,87 99,00 1.353,00 6043
655 34,98 2,65 2,87 99,00 1.355,00 6043
656 34,98 2,65 2,87 99,00 1.357,00 6043
657 34,98 2,65 2,87 99,00 1.359,00 6043
658 34,98 2,65 2,87 99,00 1.361,00 6043
659 34,98 2,65 2,87 99,00 1.363,00 6043
660 34,98 2,65 2,87 1,00 1.365,00 6043
661 34,98 2,65 2,87 1,00 1.367,00 6047
662 34,98 2,65 2,87 1,00 1.369,00 6047
663 34,98 2,65 2,87 1,00 1.371,00 6047
664 34,98 2,65 2,87 1,00 1.373,00 6047
665 34,98 2,65 2,87 1,00 1.375,00 6047
666 34,98 2,65 2,87 1,00 1.377,00 6047
667 34,98 2,65 2,87 1,00 1.379,00 6047
668 34,98 2,65 2,87 1,00 1.381,00 6048
669 34,98 2,65 2,87 1,00 1.383,00 6048
670 34,98 0,03 0,03 1,00 1.385,00 6048
671 34,98 0,03 0,03 1,00 1.387,00 6048
672 34,98 0,03 0,03 1,00 1.389,00 6048
673 34,98 0,03 0,03 1,00 1.391,00 6048
674 34,98 0,03 0,03 1,00 1.393,00 6048
675 34,98 0,03 0,03 1,00 1.395,00 6048
676 34,98 0,03 0,03 1,00 1.397,00 6048
677 34,98 0,03 0,03 1,00 1.399,00 6048
678 34,98 0,03 0,03 1,00 1.401,00 6048
679 34,98 0,03 0,03 1,00 1.403,00 6048
680 34,98 0,03 0,03 1,00 1.405,00 6048
681 34,98 0,03 0,03 1,00 1.407,00 6048
682 34,98 0,03 0,03 1,00 1.409,00 6048
683 34,98 0,03 0,03 1,00 1.411,00 6048
684 34,98 0,03 0,03 1,00 1.413,00 6048
685 34,98 0,03 0,03 1,00 1.415,00 6048
686 34,98 0,03 0,03 1,00 1.417,00 6048
687 34,98 0,03 0,03 1,00 1.419,00 6048
688 34,98 0,03 0,03 1,00 1.421,00 6048
689 34,98 0,03 0,03 1,00 1.423,00 6048
690 34,98 0,03 0,03 99,00 1.425,00 6048
691 34,98 0,03 0,03 99,00 1.427,00 6060
692 34,98 0,03 0,03 99,00 1.429,00 6063
693 34,98 2,43 2,63 99,00 1.430,00 6066
694 34,98 2,43 2,63 99,00 1.432,00 6067
695 34,98 2,42 2,62 99,00 1.434,00 6068
696 34,98 2,41 2,61 99,00 1.436,00 6070
697 34,98 2,41 2,61 99,00 1.438,00 6070
698 34,98 2,41 2,61 99,00 1.440,00 6070
699 34,98 2,41 2,61 99,00 1.442,00 6070
700 34,98 2,41 2,61 99,00 1.444,00 6070
701 34,98 2,41 2,61 99,00 1.446,00 6070
702 34,98 2,41 2,61 99,00 1.448,00 6070
703 34,98 2,41 2,61 99,00 1.450,00 6070
704 34,98 2,41 2,61 99,00 1.452,00 6070
705 34,98 2,41 2,61 99,00 1.454,00 6070
706 34,98 2,41 2,61 99,00 1.456,00 6070
707 34,98 2,41 2,61 99,00 1.458,00 6070
708 34,98 2,37 2,57 99,00 1.460,00 6070
709 34,98 2,37 2,57 99,00 1.462,00 6070
710 34,98 2,37 2,57 99,00 1.464,00 6070
711 34,98 2,36 2,56 99,00 1.466,00 6070
712 34,98 2,36 2,56 99,00 1.468,00 6070
713 34,98 2,36 2,56 99,00 1.470,00 6070
714 34,98 2,36 2,56 99,00 1.472,00 6070
715 34,98 2,36 2,56 99,00 1.474,00 6070
716 34,98 2,36 2,56 99,00 1.476,00 6070
717 34,98 2,36 2,56 99,00 1.478,00 6070
718 34,98 2,36 2,56 99,00 1.480,00 6070
719 34,98 2,34 2,53 99,00 1.482,00 6070
720 34,98 2,34 2,53 1,00 1.484,00 6070
721 34,98 2,34 2,53 1,00 1.486,00 6073
722 34,98 2,34 2,53 1,00 1.488,00 6073
723 34,98 2,34 2,53 1,00 1.490,00 6073
724 34,98 0,02 0,03 1,00 1.492,00 6073
725 34,98 0,02 0,03 1,00 1.494,00 6073
726 34,98 0,02 0,03 1,00 1.496,00 6073
727 34,98 0,02 0,03 1,00 1.498,00 6073
728 34,98 0,02 0,03 1,00 1.500,00 6073
729 34,98 0,02 0,03 1,00 1.502,00 6073
730 34,98 0,02 0,03 1,00 1.504,00 6073
731 34,98 0,02 0,03 1,00 1.506,00 6073
732 34,98 0,02 0,03 1,00 1.508,00 6073
733 34,98 0,02 0,03 1,00 1.510,00 6073
734 34,98 0,02 0,03 1,00 1.512,00 6073
735 34,98 0,02 0,03 1,00 1.514,00 6073
736 34,98 0,02 0,03 1,00 1.516,00 6073
737 34,98 0,02 0,02 1,00 1.518,00 6073
738 34,98 0,02 0,02 1,00 1.520,00 6073
739 34,98 0,02 0,02 1,00 1.522,00 6073
740 34,98 0,02 0,02 1,00 1.524,00 6073
741 34,98 0,02 0,02 1,00 1.526,00 6073
742 34,98 0,02 0,02 1,00 1.528,00 6073
743 34,98 0,02 0,02 1,00 1.530,00 6073
744 34,98 0,02 0,02 1,00 1.532,00 6073
745 34,98 0,02 0,02 1,00 1.534,00 6073
746 34,98 0,02 0,02 1,00 1.536,00 6073
747 34,98 0,02 0,02 1,00 1.538,00 6073
748 34,98 0,02 0,02 1,00 1.540,00 6073
749 34,98 0,02 0,02 1,00 1.542,00 6073
750 34,98 0,02 0,02 99,00 1.544,00 6073
751 34,98 0,02 0,02 99,00 1.546,00 6081
752 34,98 2,24 2,43 99,00 1.547,00 6085
753 34,98 2,24 2,43 99,00 1.549,00 6085
754 34,98 2,24 2,43 99,00 1.551,00 6085
755 34,98 2,24 2,43 99,00 1.553,00 6085
756 34,98 2,23 2,41 99,00 1.555,00 6085
757 34,98 2,23 2,41 99,00 1.557,00 6085
758 34,98 2,23 2,41 99,00 1.559,00 6091
759 34,98 2,23 2,41 99,00 1.561,00 6094
760 34,98 2,23 2,41 99,00 1.563,00 6096
761 34,98 2,23 2,41 99,00 1.565,00 6097
762 34,98 2,23 2,41 99,00 1.567,00 6098
763 34,98 2,23 2,41 99,00 1.569,00 6098
764 34,98 2,23 2,41 99,00 1.571,00 6098
765 34,98 2,23 2,41 99,00 1.573,00 6098
766 34,98 2,23 2,41 99,00 1.575,00 6098
767 34,98 2,20 2,38 99,00 1.577,00 6098
768 34,98 2,20 2,38 99,00 1.579,00 6098
769 34,98 2,19 2,37 99,00 1.581,00 6098
770 34,98 2,19 2,37 99,00 1.583,00 6098
771 34,98 2,19 2,37 99,00 1.585,00 6098
772 34,98 2,19 2,37 99,00 1.587,00 6098
773 34,98 2,19 2,37 99,00 1.589,00 6098
774 34,98 2,19 2,37 99,00 1.591,00 6098
775 34,98 2,19 2,37 99,00 1.593,00 6098
776 34,98 2,17 2,35 99,00 1.595,00 6098
777 34,98 2,17 2,35 99,00 1.597,00 6098
778 34,98 2,17 2,35 99,00 1.599,00 6098
779 34,98 2,17 2,35 99,00 1.601,00 6098
780 34,98 2,17 2,35 1,00 1.603,00 6098
781 34,98 2,17 2,35 1,00 1.605,00 6102
782 34,98 0,02 0,02 1,00 1.607,00 6107
783 34,98 0,02 0,02 1,00 1.609,00 6110
784 34,98 0,02 0,02 1,00 1.611,00 6111
785 34,98 0,02 0,02 1,00 1.613,00 6111
786 34,98 0,02 0,02 1,00 1.615,00 6111
787 34,98 0,02 0,02 1,00 1.617,00 6111
788 34,98 0,02 0,02 1,00 1.619,00 6111
789 34,98 0,02 0,02 1,00 1.621,00 6111
790 34,98 0,02 0,02 1,00 1.623,00 6111
791 34,98 0,02 0,02 1,00 1.625,00 6111
792 34,98 0,02 0,02 1,00 1.627,00 6111
793 34,98 0,02 0,02 1,00 1.629,00 6111
794 34,98 0,02 0,02 1,00 1.631,00 6111
795 34,98 0,02 0,02 1,00 1.633,00 6111
796 34,98 0,02 0,02 1,00 1.635,00 6111
797 34,98 0,02 0,02 1,00 1.637,00 6111
798 34,98 0,02 0,02 1,00 1.639,00 6111
799 34,98 0,02 0,02 1,00 1.641,00 6111
800 34,98 0,02 0,02 1,00 1.643,00 6111
801 34,98 0,02 0,02 1,00 1.645,00 6111
802 34,98 0,02 0,02 1,00 1.647,00 6111
803 34,98 0,02 0,02 1,00 1.649,00 6111
804 34,98 0,02 0,02 1,00 1.651,00 6111
805 34,98 0,02 0,02 1,00 1.653,00 6111
806 34,98 0,02 0,02 1,00 1.655,00 6111
807 34,98 0,02 0,02 1,00 1.657,00 6111
808 34,98 0,02 0,02 1,00 1.659,00 6111
809 34,98 0,02 0,02 1,00 1.661,00 6111
810 34,98 0,02 0,02 99,00 1.663,00 6111
811 34,98 0,02 0,02 99,00 1.665,00 6120
812 34,98 0,02 0,02 99,00 1.667,00 6122
813 34,98 2,08 2,25 99,00 1.668,00 6123
814 34,98 2,08 2,25 99,00 1.670,00 6123
815 34,98 2,08 2,25 99,00 1.672,00 6123
816 34,98 2,08 2,25 99,00 1.674,00 6123
817 34,98 2,08 2,25 99,00 1.676,00 6123
818 34,98 2,08 2,25 99,00 1.678,00 6123
819 34,98 2,08 2,25 99,00 1.680,00 6123
820 34,98 2,08 2,25 99,00 1.682,00 6123
821 34,98 2,08 2,25 99,00 1.684,00 6123
822 34,98 2,08 2,25 99,00 1.686,00 6123
823 34,98 2,08 2,25 99,00 1.688,00 6123
824 34,98 2,08 2,25 99,00 1.690,00 6123
825 34,98 2,08 2,25 99,00 1.692,00 6123
826 34,98 2,08 2,25 99,00 1.694,00 6123
827 34,98 2,08 2,25 99,00 1.696,00 6123
828 34,98 2,08 2,25 99,00 1.698,00 6123
829 34,98 2,08 2,25 99,00 1.700,00 6123
830 34,98 2,08 2,25 99,00 1.702,00 6123
831 34,98 2,08 2,25 99,00 1.704,00 6123
832 34,98 2,03 2,20 99,00 1.706,00 6123
833 34,98 2,03 2,20 99,00 1.708,00 6123
834 34,98 2,03 2,20 99,00 1.710,00 6123
835 34,98 2,03 2,20 99,00 1.712,00 6123
836 34,98 2,03 2,20 99,00 1.714,00 6123
837 34,98 2,03 2,20 99,00 1.716,00 6123
838 34,98 2,03 2,20 99,00 1.718,00 6123
839 34,98 2,03 2,20 99,00 1.720,00 6123
840 34,98 2,03 2,20 1,00 1.722,00 6123
841 34,98 2,03 2,20 1,00 1.724,00 6130
842 34,98 2,03 2,20 1,00 1.726,00 6130
843 34,98 0,02 0,02 1,00 1.728,00 6130
844 34,98 0,02 0,02 1,00 1.730,00 6130
845 34,98 0,02 0,02 1,00 1.732,00 6130
846 34,98 0,02 0,02 1,00 1.734,00 6130
847 34,98 0,02 0,02 1,00 1.736,00 6130
848 34,98 0,02 0,02 1,00 1.738,00 6130
849 34,98 0,02 0,02 1,00 1.740,00 6130
850 34,98 0,02 0,02 1,00 1.742,00 6130
851 34,98 0,02 0,02 1,00 1.744,00 6130
852 34,98 0,02 0,02 1,00 1.746,00 6130
853 34,98 0,02 0,02 1,00 1.748,00 6130
854 34,98 0,02 0,02 1,00 1.750,00 6130
855 34,98 0,02 0,02 1,00 1.752,00 6130
856 34,98 0,02 0,02 1,00 1.754,00 6130
857 34,98 0,02 0,02 1,00 1.756,00 6130
858 34,98 0,02 0,02 1,00 1.758,00 6130
859 34,98 0,02 0,02 1,00 1.760,00 6130
860 34,98 0,02 0,02 1,00 1.762,00 6130
861 34,98 0,02 0,02 1,00 1.764,00 6130
862 34,98 0,02 0,02 1,00 1.766,00 6130
863 34,98 0,02 0,02 1,00 1.768,00 6130
864 34,98 0,02 0,02 1,00 1.770,00 6130
865 34,98 0,02 0,02 1,00 1.772,00 6130
866 34,98 0,02 0,02 1,00 1.774,00 6130
867 34,98 0,02 0,02 1,00 1.776,00 6130
868 34,98 0,02 0,02 1,00 1.778,00 6130
869 34,98 0,02 0,02 1,00 1.780,00 6130
870 34,98 0,02 0,02 99,00 1.782,00 6130
871 34,98 0,02 0,02 99,00 1.784,00 6139
872 34,98 1,94 2,10 99,00 1.785,00 6142
873 34,98 1,94 2,10 99,00 1.787,00 6144
874 34,98 1,94 2,10 99,00 1.789,00 6144
875 34,98 1,94 2,10 99,00 1.791,00 6152
876 34,98 1,93 2,09 99,00 1.793,00 6155
877 34,98 1,93 2,09 99,00 1.795,00 6156
878 34,98 1,93 2,09 99,00 1.797,00 6156
879 34,98 1,93 2,09 99,00 1.799,00 6156
880 34,98 1,93 2,09 99,00 1.801,00 6156
881 34,98 1,93 2,09 99,00 1.803,00 6156
882 34,98 1,93 2,09 99,00 1.805,00 6156
883 34,98 1,92 2,08 99,00 1.807,00 6156
884 34,98 1,92 2,08 99,00 1.809,00 6156
885 34,98 1,91 2,07 99,00 1.811,00 6156
886 34,98 1,91 2,07 99,00 1.813,00 6156
887 34,98 1,91 2,07 99,00 1.815,00 6156
888 34,98 1,91 2,06 99,00 1.817,00 6156
889 34,98 1,91 2,06 99,00 1.819,00 6156
890 34,98 1,90 2,06 99,00 1.821,00 6156
891 34,98 1,90 2,06 99,00 1.823,00 6156
892 34,98 1,90 2,06 99,00 1.825,00 6156
893 34,98 1,90 2,06 99,00 1.827,00 6156
894 34,98 1,90 2,06 99,00 1.829,00 6156
895 34,98 1,90 2,06 99,00 1.831,00 6156
896 34,98 1,90 2,06 99,00 1.833,00 6156
897 34,98 1,90 2,06 99,00 1.835,00 6156
898 34,98 1,90 2,06 99,00 1.837,00 6156
899 34,98 1,90 2,06 99,00 1.839,00 6156
900 34,98 1,90 2,06 3,00 1.841,00 6156
901 34,98 1,90 2,06 3,00 1.843,00 6161
902 34,98 1,90 2,06 3,00 1.845,00 6162
903 34,98 1,90 2,06 3,00 1.847,00 6163
904 34,98 1,90 2,06 3,00 1.849,00 6163
905 34,98 0,06 0,06 3,00 1.851,00 6164
906 34,98 0,06 0,06 3,00 1.853,00 6165
907 34,98 0,06 0,06 3,00 1.855,00 6165
908 34,98 0,06 0,06 3,00 1.857,00 6165
909 34,98 0,06 0,06 3,00 1.859,00 6165
910 34,98 0,06 0,06 3,00 1.861,00 6165
911 34,98 0,06 0,06 3,00 1.863,00 6165
912 34,98 0,06 0,06 3,00 1.865,00 6165
913 34,98 0,06 0,06 3,00 1.867,00 6165
914 34,98 0,06 0,06 3,00 1.869,00 6165
915 34,98 0,06 0,06 3,00 1.871,00 6165
916 34,98 0,06 0,06 3,00 1.873,00 6165
917 34,98 0,06 0,06 3,00 1.875,00 6165
918 34,98 0,06 0,06 3,00 1.877,00 6165
919 34,98 0,06 0,06 3,00 1.879,00 6165
920 34,98 0,06 0,06 3,00 1.881,00 6165
921 34,98 0,06 0,06 3,00 1.883,00 6165
922 34,98 0,06 0,06 3,00 1.885,00 6165
923 34,98 0,06 0,06 3,00 1.887,00 6165
924 34,98 0,06 0,06 3,00 1.889,00 6165
925 34,98 0,06 0,06 3,00 1.891,00 6165
926 34,98 0,06 0,06 3,00 1.893,00 6165
927 34,98 0,06 0,06 3,00 1.895,00 6165
928 34,98 0,06 0,06 3,00 1.897,00 6165
929 34,98 0,06 0,06 3,00 1.899,00 6165
930 34,98 0,06 0,06 101,00 1.901,00 6165
931 34,98 0,06 0,06 101,00 1.903,00 6173
932 34,98 0,06 0,06 101,00 1.905,00 6176
933 34,98 0,06 0,06 101,00 1.907,00 6176
934 34,98 0,06 0,06 101,00 1.909,00 6176
935 34,98 0,06 0,06 101,00 1.911,00 6176
936 34,98 0,06 0,06 101,00 1.913,00 6177
937 34,98 0,06 0,06 101,00 1.915,00 6177
938 34,98 0,06 0,06 101,00 1.917,00 6177
939 34,98 0,06 0,06 101,00 1.919,00 6177
940 34,98 0,06 0,06 101,00 1.921,00 6177
941 34,98 0,06 0,06 101,00 1.923,00 6177
942 34,98 0,06 0,06 101,00 1.925,00 6177
943 34,98 0,06 0,06 101,00 1.927,00 6177
944 34,98 0,06 0,06 101,00 1.929,00 6177
945 34,98 1,83 1,98 101,00 1.931,00 6177
946 34,98 1,83 1,98 101,00 1.933,00 6177
947 34,98 1,83 1,98 101,00 1.935,00 6177
948 34,98 1,83 1,98 101,00 1.937,00 6177
949 34,98 1,83 1,98 101,00 1.939,00 6177
950 34,98 1,83 1,98 101,00 1.941,00 6177
951 34,98 1,83 1,98 101,00 1.943,00 6177
952 34,98 1,82 1,97 101,00 1.945,00 6177
953 34,98 1,81 1,97 101,00 1.947,00 6177
954 34,98 1,81 1,97 101,00 1.949,00 6177
955 34,98 1,81 1,97 101,00 1.951,00 6177
956 34,98 1,81 1,97 101,00 1.953,00 6177
957 34,98 1,81 1,97 101,00 1.955,00 6177
958 34,98 1,81 1,97 101,00 1.957,00 6177
959 34,98 1,81 1,97 101,00 1.959,00 6177
960 34,98 1,81 1,97 5,00 1.961,00 6177
961 34,98 1,81 1,97 5,00 1.963,00 6179
962 34,98 0,09 0,10 5,00 1.965,00 6180
963 34,98 0,09 0,10 5,00 1.967,00 6180
964 34,98 0,09 0,10 5,00 1.969,00 6180
965 34,98 0,09 0,10 5,00 1.971,00 6181
966 34,98 0,09 0,10 5,00 1.973,00 6181
967 34,98 0,09 0,10 5,00 1.975,00 6181
968 34,98 0,09 0,10 5,00 1.977,00 6181
969 34,98 0,09 0,10 5,00 1.979,00 6181
970 34,98 0,09 0,10 5,00 1.981,00 6181
971 34,98 0,09 0,10 5,00 1.983,00 6181
972 34,98 0,09 0,10 5,00 1.985,00 6181
973 34,98 0,09 0,10 5,00 1.987,00 6181
974 34,98 0,09 0,10 5,00 1.989,00 6181
975 34,98 0,09 0,10 5,00 1.991,00 6181
976 34,98 0,09 0,10 5,00 1.993,00 6181
977 34,98 0,09 0,10 5,00 1.995,00 6181
978 34,98 0,09 0,10 5,00 1.997,00 6181
979 34,98 0,09 0,10 5,00 1.999,00 6181
980 34,98 0,09 0,10 5,00 2.001,00 6181
981 34,98 0,09 0,10 5,00 2.003,00 6181
982 34,98 0,09 0,10 5,00 2.005,00 6181
983 34,98 0,09 0,10 5,00 2.007,00 6181
984 34,98 0,09 0,10 5,00 2.009,00 6181
985 34,98 0,09 0,10 5,00 2.011,00 6181
986 34,98 0,09 0,10 5,00 2.013,00 6181
987 34,98 0,09 0,10 5,00 2.015,00 6181
988 34,98 0,09 0,10 5,00 2.017,00 6181
989 34,98 0,09 0,10 5,00 2.019,00 6181
990 34,98 0,09 0,10 99,00 2.021,00 6181
991 34,98 1,71 1,85 99,00 2.023,00 6187
992 34,98 1,71 1,85 99,00 2.025,00 6189
993 34,98 1,71 1,85 99,00 2.027,00 6189
994 34,98 1,71 1,85 99,00 2.029,00 6189
995 34,98 1,71 1,85 99,00 2.031,00 6189
996 34,98 1,71 1,85 99,00 2.033,00 6189
997 34,98 1,71 1,85 99,00 2.035,00 6189
998 34,98 1,71 1,85 99,00 2.037,00 6189
999 34,98 1,71 1,85 99,00 2.039,00 6189
