500
0 82,50 82,50 82,50 1,00 93,00
1 82,50 0,00 0,00 1,00 62,00
2 82,50 82,50 169,59 99,00 62,00
3 82,50 0,00 0,00 1,00 63,00
4 82,50 82,50 149,29 99,00 63,00
5 82,50 0,00 0,00 1,00 64,00
6 82,50 82,50 162,04 99,00 64,00
7 82,50 0,00 0,00 1,00 65,00
8 82,50 82,50 192,54 99,00 65,00
9 82,50 0,00 0,00 1,00 66,00
10 82,50 82,50 191,51 99,00 66,00
11 82,50 0,00 0,00 1,00 67,00
12 82,50 82,50 183,51 99,00 67,00
13 82,50 0,00 0,00 1,00 68,00
14 82,50 82,50 181,93 99,00 68,00
15 82,50 0,00 0,00 1,00 69,00
16 82,50 82,50 177,45 99,00 69,00
17 82,50 0,00 0,00 1,00 70,00
18 82,50 82,50 175,52 99,00 70,00
19 82,50 0,00 0,00 1,00 71,00
20 82,50 82,50 172,94 99,00 71,00
21 82,50 0,00 0,00 1,00 72,00
22 82,50 82,50 169,59 99,00 72,00
23 82,50 0,00 0,00 1,00 73,00
24 82,50 82,50 167,17 99,00 73,00
25 82,50 0,00 0,00 1,00 74,00
26 82,50 82,50 164,75 99,00 74,00
27 82,50 0,00 0,00 1,00 75,00
28 82,50 82,50 162,49 99,00 75,00
29 82,50 0,00 0,00 1,00 76,00
30 82,50 82,50 160,07 99,00 76,00
31 82,50 0,00 0,00 1,00 77,00
32 82,50 82,50 157,32 99,00 77,00
33 82,50 0,00 0,00 1,00 78,00
34 82,50 82,50 154,72 99,00 78,00
35 82,50 0,00 0,00 1,00 79,00
36 82,50 82,50 152,04 99,00 79,00
37 82,50 0,00 0,00 1,00 80,00
38 82,50 82,50 149,39 99,00 80,00
39 82,50 0,00 0,00 1,00 81,00
40 82,50 82,50 146,76 99,00 81,00
41 82,50 0,00 0,00 1,00 82,00
42 82,50 82,50 144,09 99,00 82,00
43 82,50 0,00 0,00 1,00 83,00
44 82,50 82,50 141,40 99,00 83,00
45 82,50 0,00 0,00 1,00 84,00
46 82,50 82,50 138,73 99,00 84,00
47 82,50 0,00 0,00 1,00 85,00
48 82,50 82,50 136,00 99,00 85,00
49 82,50 0,00 0,00 1,00 86,00
50 82,50 82,50 133,30 99,00 86,00
51 82,50 0,00 0,00 1,00 87,00
52 82,50 82,50 130,66 99,00 87,00
53 82,50 0,00 0,00 1,00 88,00
54 82,50 82,50 128,08 99,00 88,00
55 82,50 0,00 0,00 1,00 89,00
56 82,50 82,50 125,54 99,00 89,00
57 82,50 0,00 0,00 1,00 90,00
58 82,50 82,50 123,02 99,00 90,00
59 82,50 0,00 0,00 1,00 91,00
60 82,50 82,50 120,57 99,00 91,00
61 82,50 0,00 0,00 1,00 92,00
62 82,50 82,50 118,21 99,00 92,00
63 82,50 0,00 0,00 1,00 93,00
64 82,50 82,50 115,84 99,00 93,00
65 82,50 0,00 0,00 1,00 94,00
66 82,50 82,50 113,56 99,00 94,00
67 82,50 0,00 0,00 1,00 95,00
68 82,50 82,50 111,28 99,00 95,00
69 82,50 0,00 0,00 1,00 96,00
70 82,50 82,50 109,05 99,00 96,00
71 82,50 0,00 0,00 1,00 97,00
72 82,50 82,50 106,89 99,00 97,00
73 82,50 0,00 0,00 1,00 98,00
74 82,50 82,50 104,79 99,00 98,00
75 82,50 0,00 0,00 1,00 99,00
76 82,50 82,50 102,75 99,00 99,00
77 82,50 0,00 0,00 1,00 100,00
78 82,50 0,00 0,00 99,00 100,00
79 82,50 82,50 99,79 197,00 100,00
80 82,50 0,00 0,00 97,00 101,00
81 82,50 82,50 97,89 195,00 101,00
82 82,50 0,00 0,00 95,00 102,00
83 82,50 82,50 96,01 193,00 102,00
84 82,50 0,00 0,00 93,00 103,00
85 82,50 82,50 94,16 191,00 103,00
86 82,50 0,00 0,00 91,00 104,00
87 82,50 82,50 92,37 189,00 104,00
88 82,50 0,00 0,00 89,00 105,00
89 82,50 82,50 90,64 187,00 105,00
90 82,50 0,00 0,00 87,00 106,00
91 82,50 82,50 88,95 185,00 106,00
92 82,50 0,00 0,00 85,00 107,00
93 82,50 82,50 87,32 183,00 107,00
94 82,50 0,00 0,00 83,00 108,00
95 82,50 82,50 85,74 181,00 108,00
96 82,50 0,00 0,00 81,00 109,00
97 82,50 82,50 84,19 179,00 109,00
98 82,50 0,00 0,00 79,00 110,00
99 82,50 82,50 82,71 177,00 110,00
100 82,50 0,00 0,00 77,00 111,00
101 82,50 82,50 81,25 175,00 111,00
102 82,50 0,00 0,00 75,00 112,00
103 82,50 82,50 79,85 173,00 112,00
104 82,50 0,00 0,00 73,00 113,00
105 82,50 82,50 78,47 171,00 113,00
106 82,50 0,00 0,00 71,00 114,00
107 82,50 82,50 77,16 169,00 114,00
108 82,50 0,00 0,00 69,00 115,00
109 82,50 82,50 75,89 167,00 115,00
110 82,50 0,00 0,00 67,00 116,00
111 82,50 82,50 74,66 165,00 116,00
112 82,50 0,00 0,00 65,00 117,00
113 82,50 82,50 73,46 163,00 117,00
114 82,50 0,00 0,00 63,00 118,00
115 82,50 82,50 72,26 161,00 118,00
116 82,50 0,00 0,00 61,00 119,00
117 82,50 82,50 71,12 159,00 119,00
118 82,50 0,00 0,00 59,00 120,00
119 82,50 82,50 70,02 157,00 120,00
120 82,50 0,00 0,00 57,00 121,00
121 82,50 82,50 68,95 155,00 121,00
122 82,50 0,00 0,00 55,00 122,00
123 82,50 82,50 67,93 153,00 122,00
124 82,50 0,00 0,00 53,00 123,00
125 82,50 82,50 66,94 151,00 123,00
126 82,50 0,00 0,00 51,00 124,00
127 82,50 82,50 65,97 149,00 124,00
128 82,50 0,00 0,00 49,00 125,00
129 82,50 82,50 65,05 147,00 125,00
130 82,50 0,00 0,00 47,00 126,00
131 82,50 82,50 64,14 145,00 126,00
132 82,50 0,00 0,00 45,00 127,00
133 82,50 82,50 63,26 143,00 127,00
134 82,50 0,00 0,00 43,00 128,00
135 82,50 82,50 62,40 141,00 128,00
136 82,50 0,00 0,00 41,00 129,00
137 82,50 82,50 61,55 139,00 129,00
138 82,50 0,00 0,00 39,00 130,00
139 82,50 82,50 60,74 137,00 130,00
140 82,50 0,00 0,00 37,00 131,00
141 82,50 82,50 59,94 135,00 131,00
142 82,50 0,00 0,00 35,00 132,00
143 82,50 82,50 59,18 133,00 132,00
144 82,50 0,00 0,00 33,00 133,00
145 82,50 0,00 0,00 131,00 132,00
146 82,50 82,50 58,07 229,00 132,00
147 82,50 0,00 0,00 129,00 133,00
148 82,50 82,50 57,37 227,00 133,00
149 82,50 0,00 0,00 127,00 134,00
150 82,50 82,50 56,68 225,00 134,00
151 82,50 0,00 0,00 125,00 135,00
152 82,50 82,50 56,01 223,00 135,00
153 82,50 0,00 0,00 123,00 136,00
154 82,50 82,50 55,36 221,00 136,00
155 82,50 0,00 0,00 121,00 137,00
156 82,50 82,50 54,73 219,00 137,00
157 82,50 0,00 0,00 119,00 138,00
158 82,50 82,50 54,11 217,00 138,00
159 82,50 0,00 0,00 117,00 139,00
160 82,50 82,50 53,52 215,00 139,00
161 82,50 0,00 0,00 115,00 140,00
162 82,50 82,50 52,94 213,00 140,00
163 82,50 0,00 0,00 113,00 141,00
164 82,50 82,50 52,38 211,00 141,00
165 82,50 0,00 0,00 111,00 142,00
166 82,50 82,50 51,83 209,00 142,00
167 82,50 0,00 0,00 109,00 143,00
168 82,50 82,50 51,29 207,00 143,00
169 82,50 0,00 0,00 107,00 144,00
170 82,50 82,50 50,78 205,00 144,00
171 82,50 0,00 0,00 105,00 145,00
172 82,50 82,50 50,27 203,00 145,00
173 82,50 0,00 0,00 103,00 146,00
174 82,50 82,50 49,79 201,00 146,00
175 82,50 0,00 0,00 101,00 147,00
176 82,50 82,50 49,31 199,00 147,00
177 82,50 0,00 0,00 99,00 148,00
178 82,50 82,50 48,84 197,00 148,00
179 82,50 0,00 0,00 97,00 149,00
180 82,50 82,50 48,39 195,00 149,00
181 82,50 0,00 0,00 95,00 150,00
182 82,50 82,50 47,96 193,00 150,00
183 82,50 0,00 0,00 93,00 151,00
184 82,50 82,50 47,54 191,00 151,00
185 82,50 0,00 0,00 91,00 152,00
186 82,50 82,50 47,13 189,00 152,00
187 82,50 0,00 0,00 89,00 153,00
188 82,50 82,50 46,73 187,00 153,00
189 82,50 0,00 0,00 87,00 154,00
190 82,50 82,50 46,33 185,00 154,00
191 82,50 0,00 0,00 85,00 155,00
192 82,50 82,50 45,95 183,00 155,00
193 82,50 0,00 0,00 83,00 156,00
194 82,50 82,50 45,58 181,00 156,00
195 82,50 0,00 0,00 81,00 157,00
196 82,50 82,50 45,21 179,00 157,00
197 82,50 0,00 0,00 79,00 158,00
198 82,50 82,50 44,86 177,00 158,00
199 82,50 0,00 0,00 77,00 159,00
200 82,50 82,50 44,52 175,00 159,00
201 82,50 0,00 0,00 75,00 160,00
202 82,50 82,50 44,18 173,00 160,00
203 82,50 0,00 0,00 73,00 161,00
204 82,50 82,50 43,84 171,00 161,00
205 82,50 0,00 0,00 71,00 162,00
206 82,50 82,50 43,52 169,00 162,00
207 82,50 0,00 0,00 69,00 163,00
208 82,50 82,50 43,21 167,00 163,00
209 82,50 0,00 0,00 67,00 164,00
210 82,50 82,50 42,91 165,00 164,00
211 82,50 0,00 0,00 65,00 165,00
212 82,50 0,00 0,00 163,00 164,00
213 82,50 82,50 42,46 261,00 164,00
214 82,50 0,00 0,00 161,00 165,00
215 82,50 82,50 42,18 259,00 165,00
216 82,50 0,00 0,00 159,00 166,00
217 82,50 82,50 41,89 257,00 166,00
218 82,50 0,00 0,00 157,00 167,00
219 82,50 82,50 41,62 255,00 167,00
220 82,50 0,00 0,00 155,00 168,00
221 82,50 82,50 41,36 253,00 168,00
222 82,50 0,00 0,00 153,00 169,00
223 82,50 82,50 41,10 251,00 169,00
224 82,50 0,00 0,00 151,00 170,00
225 82,50 82,50 40,85 249,00 170,00
226 82,50 0,00 0,00 149,00 171,00
227 82,50 82,50 40,61 247,00 171,00
228 82,50 0,00 0,00 147,00 172,00
229 82,50 82,50 40,37 245,00 172,00
230 82,50 0,00 0,00 145,00 173,00
231 82,50 82,50 40,14 243,00 173,00
232 82,50 0,00 0,00 143,00 174,00
233 82,50 82,50 39,91 241,00 174,00
234 82,50 0,00 0,00 141,00 175,00
235 82,50 82,50 39,68 239,00 175,00
236 82,50 0,00 0,00 139,00 176,00
237 82,50 82,50 39,46 237,00 176,00
238 82,50 0,00 0,00 137,00 177,00
239 82,50 82,50 39,25 235,00 177,00
240 82,50 0,00 0,00 135,00 178,00
241 82,50 82,50 39,04 233,00 178,00
242 82,50 0,00 0,00 133,00 179,00
243 82,50 82,50 38,83 231,00 179,00
244 82,50 0,00 0,00 131,00 180,00
245 82,50 82,50 38,64 229,00 180,00
246 82,50 0,00 0,00 129,00 181,00
247 82,50 82,50 38,44 227,00 181,00
248 82,50 0,00 0,00 127,00 182,00
249 82,50 82,50 38,25 225,00 182,00
250 82,50 0,00 0,00 125,00 183,00
251 82,50 82,50 38,06 223,00 183,00
252 82,50 0,00 0,00 123,00 184,00
253 82,50 82,50 37,88 221,00 184,00
254 82,50 0,00 0,00 121,00 185,00
255 82,50 82,50 37,70 219,00 185,00
256 82,50 0,00 0,00 119,00 186,00
257 82,50 82,50 37,52 217,00 186,00
258 82,50 0,00 0,00 117,00 187,00
259 82,50 82,50 37,35 215,00 187,00
260 82,50 0,00 0,00 115,00 188,00
261 82,50 82,50 37,18 213,00 188,00
262 82,50 0,00 0,00 113,00 189,00
263 82,50 82,50 37,01 211,00 189,00
264 82,50 0,00 0,00 111,00 190,00
265 82,50 82,50 36,85 209,00 190,00
266 82,50 0,00 0,00 109,00 191,00
267 82,50 82,50 36,70 207,00 191,00
268 82,50 0,00 0,00 107,00 192,00
269 82,50 82,50 36,54 205,00 192,00
270 82,50 0,00 0,00 105,00 193,00
271 82,50 82,50 36,39 203,00 193,00
272 82,50 0,00 0,00 103,00 194,00
273 82,50 82,50 36,24 201,00 194,00
274 82,50 0,00 0,00 101,00 195,00
275 82,50 82,50 36,10 199,00 195,00
276 82,50 0,00 0,00 99,00 196,00
277 82,50 82,50 35,96 197,00 196,00
278 82,50 0,00 0,00 97,00 197,00
279 82,50 0,00 0,00 195,00 196,00
280 82,50 82,50 35,76 293,00 196,00
281 82,50 0,00 0,00 193,00 197,00
282 82,50 82,50 35,62 291,00 197,00
283 82,50 0,00 0,00 191,00 198,00
284 82,50 82,50 35,49 289,00 198,00
285 82,50 0,00 0,00 189,00 199,00
286 82,50 82,50 35,37 287,00 199,00
287 82,50 0,00 0,00 187,00 200,00
288 82,50 82,50 35,24 285,00 200,00
289 82,50 0,00 0,00 185,00 201,00
290 82,50 82,50 35,13 283,00 201,00
291 82,50 0,00 0,00 183,00 202,00
292 82,50 82,50 35,01 281,00 202,00
293 82,50 0,00 0,00 181,00 203,00
294 82,50 82,50 34,88 279,00 203,00
295 82,50 0,00 0,00 179,00 204,00
296 82,50 82,50 34,77 277,00 204,00
297 82,50 0,00 0,00 177,00 205,00
298 82,50 82,50 34,65 275,00 205,00
299 82,50 0,00 0,00 175,00 206,00
300 82,50 82,50 34,54 273,00 206,00
301 82,50 0,00 0,00 173,00 207,00
302 82,50 82,50 34,43 271,00 207,00
303 82,50 0,00 0,00 171,00 208,00
304 82,50 82,50 34,33 269,00 208,00
305 82,50 0,00 0,00 169,00 209,00
306 82,50 82,50 34,22 267,00 209,00
307 82,50 0,00 0,00 167,00 210,00
308 82,50 82,50 34,12 265,00 210,00
309 82,50 0,00 0,00 165,00 211,00
310 82,50 82,50 34,01 263,00 211,00
311 82,50 0,00 0,00 163,00 212,00
312 82,50 82,50 33,91 261,00 212,00
313 82,50 0,00 0,00 161,00 213,00
314 82,50 82,50 33,82 259,00 213,00
315 82,50 0,00 0,00 159,00 214,00
316 82,50 82,50 33,72 257,00 214,00
317 82,50 0,00 0,00 157,00 215,00
318 82,50 82,50 33,63 255,00 215,00
319 82,50 0,00 0,00 155,00 216,00
320 82,50 82,50 33,54 253,00 216,00
321 82,50 0,00 0,00 153,00 217,00
322 82,50 82,50 33,45 251,00 217,00
323 82,50 0,00 0,00 151,00 218,00
324 82,50 82,50 33,36 249,00 218,00
325 82,50 0,00 0,00 149,00 219,00
326 82,50 82,50 33,27 247,00 219,00
327 82,50 0,00 0,00 147,00 220,00
328 82,50 82,50 33,19 245,00 220,00
329 82,50 0,00 0,00 145,00 221,00
330 82,50 82,50 33,10 243,00 221,00
331 82,50 0,00 0,00 143,00 222,00
332 82,50 82,50 33,03 241,00 222,00
333 82,50 0,00 0,00 141,00 223,00
334 82,50 82,50 32,95 239,00 223,00
335 82,50 0,00 0,00 139,00 224,00
336 82,50 82,50 32,87 237,00 224,00
337 82,50 0,00 0,00 137,00 225,00
338 82,50 82,50 32,79 235,00 225,00
339 82,50 0,00 0,00 135,00 226,00
340 82,50 82,50 32,72 233,00 226,00
341 82,50 0,00 0,00 133,00 227,00
342 82,50 82,50 32,64 231,00 227,00
343 82,50 0,00 0,00 131,00 228,00
344 82,50 82,50 32,57 229,00 228,00
345 82,50 0,00 0,00 129,00 229,00
346 82,50 0,00 0,00 227,00 228,00
347 82,50 82,50 32,46 325,00 228,00
348 82,50 0,00 0,00 225,00 229,00
349 82,50 82,50 32,39 323,00 229,00
350 82,50 0,00 0,00 223,00 230,00
351 82,50 82,50 32,32 321,00 230,00
352 82,50 0,00 0,00 221,00 231,00
353 82,50 82,50 32,25 319,00 231,00
354 82,50 0,00 0,00 219,00 232,00
355 82,50 82,50 32,19 317,00 232,00
356 82,50 0,00 0,00 217,00 233,00
357 82,50 82,50 32,12 315,00 233,00
358 82,50 0,00 0,00 215,00 234,00
359 82,50 82,50 32,06 313,00 234,00
360 82,50 0,00 0,00 213,00 235,00
361 82,50 82,50 31,99 311,00 235,00
362 82,50 0,00 0,00 211,00 236,00
363 82,50 82,50 31,93 309,00 236,00
364 82,50 0,00 0,00 209,00 237,00
365 82,50 82,50 31,87 307,00 237,00
366 82,50 0,00 0,00 207,00 238,00
367 82,50 82,50 31,81 305,00 238,00
368 82,50 0,00 0,00 205,00 239,00
369 82,50 82,50 31,75 303,00 239,00
370 82,50 0,00 0,00 203,00 240,00
371 82,50 82,50 31,69 301,00 240,00
372 82,50 0,00 0,00 201,00 241,00
373 82,50 82,50 31,63 299,00 241,00
374 82,50 0,00 0,00 199,00 242,00
375 82,50 82,50 31,58 297,00 242,00
376 82,50 0,00 0,00 197,00 243,00
377 82,50 82,50 31,52 295,00 243,00
378 82,50 0,00 0,00 195,00 244,00
379 82,50 82,50 31,47 293,00 244,00
380 82,50 0,00 0,00 193,00 245,00
381 82,50 82,50 31,41 291,00 245,00
382 82,50 0,00 0,00 191,00 246,00
383 82,50 82,50 31,36 289,00 246,00
384 82,50 0,00 0,00 189,00 247,00
385 82,50 82,50 31,31 287,00 247,00
386 82,50 0,00 0,00 187,00 248,00
387 82,50 82,50 31,26 285,00 248,00
388 82,50 0,00 0,00 185,00 249,00
389 82,50 82,50 31,21 283,00 249,00
390 82,50 0,00 0,00 183,00 250,00
391 82,50 82,50 31,16 281,00 250,00
392 82,50 0,00 0,00 181,00 251,00
393 82,50 82,50 31,11 279,00 251,00
394 82,50 0,00 0,00 179,00 252,00
395 82,50 82,50 31,06 277,00 252,00
396 82,50 0,00 0,00 177,00 253,00
397 82,50 82,50 31,01 275,00 253,00
398 82,50 0,00 0,00 175,00 254,00
399 82,50 82,50 30,97 273,00 254,00
400 82,50 0,00 0,00 173,00 255,00
401 82,50 82,50 30,92 271,00 255,00
402 82,50 0,00 0,00 171,00 256,00
403 82,50 82,50 30,88 269,00 256,00
404 82,50 0,00 0,00 169,00 257,00
405 82,50 82,50 30,84 267,00 257,00
406 82,50 0,00 0,00 167,00 258,00
407 82,50 82,50 30,79 265,00 258,00
408 82,50 0,00 0,00 165,00 259,00
409 82,50 82,50 30,75 263,00 259,00
410 82,50 0,00 0,00 163,00 260,00
411 82,50 82,50 30,71 261,00 260,00
412 82,50 0,00 0,00 161,00 261,00
413 82,50 0,00 0,00 259,00 260,00
414 82,50 82,50 30,64 357,00 260,00
415 82,50 0,00 0,00 257,00 261,00
416 82,50 82,50 30,60 355,00 261,00
417 82,50 0,00 0,00 255,00 262,00
418 82,50 82,50 30,57 353,00 262,00
419 82,50 0,00 0,00 253,00 263,00
420 82,50 82,50 30,53 351,00 263,00
421 82,50 0,00 0,00 251,00 264,00
422 82,50 82,50 30,49 349,00 264,00
423 82,50 0,00 0,00 249,00 265,00
424 82,50 82,50 30,45 347,00 265,00
425 82,50 0,00 0,00 247,00 266,00
426 82,50 82,50 30,41 345,00 266,00
427 82,50 0,00 0,00 245,00 267,00
428 82,50 82,50 30,37 343,00 267,00
429 82,50 0,00 0,00 243,00 268,00
430 82,50 82,50 30,34 341,00 268,00
431 82,50 0,00 0,00 241,00 269,00
432 82,50 82,50 30,30 339,00 269,00
433 82,50 0,00 0,00 239,00 270,00
434 82,50 82,50 30,27 337,00 270,00
435 82,50 0,00 0,00 237,00 271,00
436 82,50 82,50 30,23 335,00 271,00
437 82,50 0,00 0,00 235,00 272,00
438 82,50 82,50 30,20 333,00 272,00
439 82,50 0,00 0,00 233,00 273,00
440 82,50 82,50 30,16 331,00 273,00
441 82,50 0,00 0,00 231,00 274,00
442 82,50 82,50 30,13 329,00 274,00
443 82,50 0,00 0,00 229,00 275,00
444 82,50 82,50 30,10 327,00 275,00
445 82,50 0,00 0,00 227,00 276,00
446 82,50 82,50 30,06 325,00 276,00
447 82,50 0,00 0,00 225,00 277,00
448 82,50 82,50 30,03 323,00 277,00
449 82,50 0,00 0,00 223,00 278,00
450 82,50 82,50 30,00 321,00 278,00
451 82,50 0,00 0,00 221,00 279,00
452 82,50 82,50 29,97 319,00 279,00
453 82,50 0,00 0,00 219,00 280,00
454 82,50 82,50 29,94 317,00 280,00
455 82,50 0,00 0,00 217,00 281,00
456 82,50 82,50 29,91 315,00 281,00
457 82,50 0,00 0,00 215,00 282,00
458 82,50 82,50 29,88 313,00 282,00
459 82,50 0,00 0,00 213,00 283,00
460 82,50 82,50 29,85 311,00 283,00
461 82,50 0,00 0,00 211,00 284,00
462 82,50 82,50 29,82 309,00 284,00
463 82,50 0,00 0,00 209,00 285,00
464 82,50 82,50 29,79 307,00 285,00
465 82,50 0,00 0,00 207,00 286,00
466 82,50 82,50 29,76 305,00 286,00
467 82,50 0,00 0,00 205,00 287,00
468 82,50 82,50 29,73 303,00 287,00
469 82,50 0,00 0,00 203,00 288,00
470 82,50 82,50 29,70 301,00 288,00
471 82,50 0,00 0,00 201,00 289,00
472 82,50 82,50 29,68 299,00 289,00
473 82,50 0,00 0,00 199,00 290,00
474 82,50 82,50 29,65 297,00 290,00
475 82,50 0,00 0,00 197,00 291,00
476 82,50 82,50 29,62 295,00 291,00
477 82,50 0,00 0,00 195,00 292,00
478 82,50 82,50 29,60 293,00 292,00
479 82,50 0,00 0,00 193,00 293,00
480 82,50 0,00 0,00 291,00 292,00
481 82,50 82,50 29,56 389,00 292,00
482 82,50 0,00 0,00 289,00 293,00
483 82,50 82,50 29,53 387,00 293,00
484 82,50 0,00 0,00 287,00 294,00
485 82,50 82,50 29,51 385,00 294,00
486 82,50 0,00 0,00 285,00 295,00
487 82,50 82,50 29,48 383,00 295,00
488 82,50 0,00 0,00 283,00 296,00
489 82,50 82,50 29,46 381,00 296,00
490 82,50 0,00 0,00 281,00 297,00
491 82,50 82,50 29,44 379,00 297,00
492 82,50 0,00 0,00 279,00 298,00
493 82,50 82,50 29,41 377,00 298,00
494 82,50 0,00 0,00 277,00 299,00
495 82,50 82,50 29,39 375,00 299,00
496 82,50 0,00 0,00 275,00 300,00
497 82,50 82,50 29,37 373,00 300,00
498 82,50 0,00 0,00 273,00 301,00
499 82,50 82,50 29,34 371,00 301,00
