500
0 490,43 490,43 490,43 1,00 60,00 0 0
1 490,43 490,43 490,43 3,00 56,00 2034 0
2 490,43 490,43 71,54 1,00 54,00 5373 0
3 490,43 490,43 78,11 3,00 54,00 8224 0
4 490,43 490,43 74,10 1,00 52,00 10634 0
5 490,43 490,43 84,31 1,00 51,00 12916 0
6 490,43 9,81 1,79 169,00 50,00 15418 0
7 490,43 9,81 1,85 331,00 3,00 17536 0
8 490,43 54.110,49 12.979,03 131,00 3,00 19639 0
9 490,43 54.110,49 16.702,25 1,00 5,00 21808 0
10 490,43 54.110,49 15.079,78 1,00 5,00 23907 0
11 490,43 54.110,49 18.425,62 1,00 5,00 25930 0
12 490,43 54.110,49 20.765,81 1,00 5,00 27892 0
13 490,43 54.110,49 23.415,42 1,00 5,00 29850 0
14 490,43 54.110,49 32.579,40 1,00 5,00 31599 0
15 490,43 54.110,49 17.180,26 1,00 5,00 33497 0
16 490,43 54.110,49 38.571,52 1,00 5,00 35789 0
17 490,43 54.110,49 41.013,91 1,00 5,00 37955 0
18 490,43 54.110,49 37.092,84 1,00 5,00 39952 0
19 490,43 54.110,49 36.250,17 1,00 5,00 41766 0
20 490,43 54.110,49 38.437,84 1,00 5,00 43660 0
21 490,43 54.110,49 39.367,65 1,00 5,00 45373 0
22 490,43 54.110,49 37.867,15 1,00 5,00 47124 0
23 490,43 54.110,49 42.320,15 1,00 5,00 48807 0
24 490,43 54.110,49 46.430,75 1,00 5,00 50463 0
25 490,43 54.110,49 47.501,86 1,00 5,00 52047 0
26 490,43 54.110,49 50.904,07 1,00 5,00 53795 0
27 490,43 98,09 84,30 1,00 5,00 55520 0
28 490,43 98,09 76,04 2,00 1,00 57190 0
29 490,43 98,09 97,44 2,00 3,00 58778 0
30 490,43 98,09 108,27 1,00 3,00 60394 0
31 490,43 98,09 105,54 2,00 1,00 62105 0
32 490,43 98,09 90,90 2,00 3,00 63934 0
33 490,43 98,09 90,15 1,00 3,00 65556 0
34 490,43 98,09 95,92 2,00 1,00 67081 0
35 490,43 98,09 98,29 2,00 3,00 68549 0
36 490,43 98,09 96,10 1,00 3,00 69881 0
37 490,43 98,09 98,09 1,00 1,00 71145 0
38 490,43 98,09 96,53 1,00 1,00 72579 0
39 490,43 98,09 96,82 2,00 1,00 74208 0
40 490,43 98,09 92,22 1,00 3,00 75718 0
41 490,43 98,09 70,76 1,00 1,00 77166 0
42 490,43 98,09 92,44 2,00 1,00 78878 0
43 490,43 98,09 88,08 2,00 3,00 80555 0
44 490,43 98,09 88,07 1,00 3,00 81773 0
45 490,43 98,09 88,70 2,00 1,00 83109 0
46 490,43 98,09 90,71 1,00 3,00 84434 0
47 490,43 98,09 89,22 1,00 1,00 85600 0
48 490,43 490,43 450,31 1,00 1,00 87143 0
49 490,43 490,43 447,98 1,00 1,00 88485 0
50 490,43 490,43 441,63 1,00 1,00 89667 0
51 490,43 490,43 529,77 1,00 1,00 91101 0
52 490,43 490,43 540,43 1,00 1,00 92490 0
53 490,43 490,43 533,11 1,00 1,00 93718 0
54 490,43 490,43 530,58 1,00 1,00 94913 0
55 490,43 490,43 542,44 1,00 1,00 96246 0
56 490,43 490,43 546,57 1,00 1,00 97603 0
57 490,43 490,43 536,20 1,00 1,00 98885 0
58 490,43 490,43 554,75 1,00 1,00 100402 0
59 490,43 490,43 540,07 1,00 1,00 101741 0
60 490,43 490,43 552,30 1,00 1,00 103074 0
61 490,43 490,43 554,31 1,00 1,00 104418 0
62 490,43 490,43 549,41 1,00 1,00 105536 0
63 490,43 490,43 545,37 1,00 1,00 106810 0
64 490,43 490,43 540,64 1,00 1,00 108412 0
65 490,43 490,43 533,17 1,00 1,00 110148 0
66 490,43 490,43 538,96 1,00 1,00 111691 0
67 490,43 490,43 531,88 1,00 1,00 113010 0
68 490,43 490,43 517,71 1,00 1,00 114244 0
69 490,43 490,43 527,80 1,00 1,00 115821 0
70 490,43 490,43 519,94 1,00 1,00 117266 0
71 490,43 490,43 526,79 1,00 1,00 118561 0
72 490,43 490,43 524,56 1,00 1,00 120013 0
73 490,43 490,43 526,25 1,00 1,00 121298 0
74 490,43 490,43 525,15 1,00 1,00 122549 0
75 490,43 490,43 521,97 1,00 1,00 123751 0
76 490,43 490,43 515,71 1,00 1,00 124905 0
77 490,43 490,43 510,91 1,00 1,00 125986 0
78 490,43 490,43 510,93 1,00 1,00 127318 0
79 490,43 490,43 504,05 1,00 1,00 128543 0
80 490,43 490,43 410,63 1,00 1,00 130074 0
81 490,43 490,43 407,33 1,00 1,00 131439 0
82 490,43 490,43 521,17 1,00 1,00 132580 0
83 490,43 490,43 500,51 1,00 1,00 133739 0
84 490,43 490,43 504,42 1,00 1,00 134818 0
85 490,43 490,43 495,76 1,00 1,00 135948 0
86 490,43 490,43 526,36 1,00 1,00 136970 0
87 490,43 490,43 522,83 1,00 1,00 138018 0
88 490,43 490,43 534,45 1,00 1,00 139066 0
89 490,43 490,43 537,23 1,00 1,00 139999 0
90 490,43 490,43 531,03 1,00 1,00 141020 0
91 490,43 490,43 533,97 1,00 1,00 142167 0
92 490,43 490,43 517,22 1,00 1,00 143191 0
93 490,43 490,43 523,86 1,00 1,00 144073 0
94 490,43 490,43 530,19 1,00 1,00 145023 0
95 490,43 490,43 539,17 1,00 1,00 146050 0
96 490,43 490,43 531,47 1,00 1,00 147033 0
97 490,43 490,43 524,37 1,00 1,00 148185 0
98 490,43 490,43 525,50 1,00 1,00 149496 0
99 490,43 490,43 492,85 1,00 1,00 150789 0
100 490,43 490,43 509,51 1,00 1,00 151913 0
101 490,43 490,43 506,04 1,00 1,00 152923 0
102 490,43 490,43 508,20 1,00 1,00 154100 0
103 490,43 490,43 500,88 1,00 1,00 155304 0
104 490,43 490,43 521,98 1,00 1,00 156501 0
105 490,43 490,43 553,24 1,00 1,00 157770 0
106 490,43 490,43 560,07 1,00 1,00 159019 0
107 490,43 490,43 548,58 1,00 1,00 160099 0
108 490,43 490,43 544,62 1,00 1,00 161070 0
109 490,43 490,43 545,67 1,00 1,00 161897 0
110 490,43 490,43 539,39 1,00 1,00 162626 0
111 490,43 490,43 539,06 1,00 1,00 163252 0
112 490,43 490,43 540,53 1,00 1,00 163915 0
113 490,43 490,43 537,29 1,00 1,00 164484 0
114 490,43 490,43 537,89 1,00 1,00 165028 0
115 490,43 490,43 537,95 1,00 1,00 165663 0
116 490,43 490,43 538,69 1,00 1,00 166330 0
117 490,43 490,43 539,41 1,00 1,00 166906 0
118 490,43 490,43 537,85 1,00 1,00 167421 0
119 490,43 490,43 535,54 1,00 1,00 168035 0
120 490,43 490,43 529,78 1,00 1,00 168861 0
121 490,43 490,43 532,40 1,00 1,00 169578 0
122 490,43 490,43 531,20 1,00 1,00 170224 0
123 490,43 490,43 533,01 1,00 1,00 170893 0
124 490,43 490,43 530,04 1,00 1,00 171582 0
125 490,43 490,43 530,81 1,00 1,00 172216 0
126 490,43 490,43 535,54 1,00 1,00 172756 0
127 490,43 490,43 538,22 1,00 1,00 173305 0
128 490,43 490,43 533,06 1,00 1,00 173840 0
129 490,43 490,43 527,10 1,00 1,00 174427 0
130 490,43 490,43 527,11 1,00 1,00 175026 0
131 490,43 490,43 529,60 1,00 1,00 175704 0
132 490,43 490,43 530,46 1,00 1,00 176270 0
133 490,43 490,43 528,22 1,00 1,00 176881 0
134 490,43 490,43 526,95 1,00 1,00 177431 0
135 490,43 490,43 527,13 1,00 1,00 178005 0
136 490,43 490,43 527,54 1,00 1,00 178566 0
137 490,43 490,43 514,22 1,00 1,00 179265 0
138 490,43 490,43 517,16 1,00 1,00 179894 0
139 490,43 490,43 518,92 1,00 1,00 180482 0
140 490,43 490,43 524,08 1,00 1,00 181063 0
141 490,43 490,43 513,63 1,00 1,00 181637 0
142 490,43 490,43 508,17 1,00 1,00 182152 0
143 490,43 490,43 504,70 1,00 1,00 182626 0
144 490,43 490,43 503,83 1,00 1,00 183097 0
145 490,43 490,43 498,51 1,00 1,00 183576 0
146 490,43 490,43 495,76 1,00 1,00 184032 0
147 490,43 490,43 494,55 1,00 1,00 184511 0
148 490,43 490,43 495,44 1,00 1,00 184974 0
149 490,43 490,43 498,22 1,00 1,00 185531 0
150 490,43 490,43 495,63 1,00 1,00 186058 0
151 490,43 490,43 497,07 1,00 1,00 186631 0
152 490,43 490,43 502,68 1,00 1,00 187173 0
153 490,43 490,43 511,83 1,00 1,00 187653 0
154 490,43 490,43 517,10 1,00 1,00 188087 0
155 490,43 490,43 522,37 1,00 1,00 188478 0
156 490,43 490,43 525,69 1,00 1,00 188781 0
157 490,43 490,43 525,57 1,00 1,00 189113 0
158 490,43 490,43 527,76 1,00 1,00 189431 0
159 490,43 490,43 528,62 1,00 1,00 189747 0
160 490,43 490,43 528,02 1,00 1,00 190001 0
161 490,43 490,43 525,28 1,00 1,00 190235 0
162 490,43 490,43 520,47 1,00 1,00 190426 0
163 490,43 490,43 524,37 1,00 1,00 190604 0
164 490,43 490,43 527,09 1,00 1,00 190779 0
165 490,43 490,43 530,75 1,00 1,00 191045 0
166 490,43 490,43 532,07 1,00 1,00 191280 0
167 490,43 490,43 531,97 1,00 1,00 191593 0
168 490,43 490,43 534,55 1,00 1,00 192025 0
169 490,43 490,43 533,89 1,00 1,00 192568 0
170 490,43 490,43 531,84 1,00 1,00 193073 0
171 490,43 490,43 531,83 1,00 1,00 193588 0
172 490,43 490,43 531,80 1,00 1,00 194218 0
173 490,43 490,43 532,03 1,00 1,00 194884 0
174 490,43 490,43 532,65 1,00 1,00 195676 0
175 490,43 490,43 528,82 1,00 1,00 196337 0
176 490,43 490,43 526,20 1,00 1,00 196899 0
177 490,43 490,43 527,22 1,00 1,00 197325 0
178 490,43 490,43 527,72 1,00 1,00 197802 0
179 490,43 490,43 524,02 1,00 1,00 198275 0
180 490,43 490,43 525,30 1,00 1,00 198921 0
181 490,43 490,43 527,53 1,00 1,00 199549 0
182 490,43 490,43 534,16 1,00 1,00 200208 0
183 490,43 490,43 527,51 1,00 1,00 201052 0
184 490,43 490,43 528,80 1,00 1,00 201970 0
185 490,43 490,43 535,07 1,00 1,00 202680 0
186 490,43 490,43 528,61 1,00 1,00 203342 0
187 490,43 490,43 516,27 1,00 1,00 203905 0
188 490,43 490,43 520,35 1,00 1,00 204414 0
189 490,43 490,43 523,47 1,00 1,00 205267 0
190 490,43 490,43 528,81 1,00 1,00 206148 0
191 490,43 490,43 527,77 1,00 1,00 207071 0
192 490,43 490,43 535,38 1,00 1,00 207853 0
193 490,43 490,43 532,68 1,00 1,00 208707 0
194 490,43 490,43 535,74 1,00 1,00 209442 0
195 490,43 490,43 540,86 1,00 1,00 210092 0
196 490,43 490,43 529,85 1,00 1,00 210836 0
197 490,43 490,43 528,17 1,00 1,00 211520 0
198 490,43 490,43 528,26 1,00 1,00 212143 0
199 490,43 490,43 530,27 1,00 1,00 212798 0
200 490,43 490,43 531,26 1,00 1,00 213398 0
201 490,43 490,43 529,04 1,00 1,00 213972 0
202 490,43 490,43 529,06 1,00 1,00 214446 0
203 490,43 490,43 529,52 1,00 1,00 214886 0
204 490,43 490,43 520,78 1,00 1,00 215331 0
205 490,43 490,43 529,76 1,00 1,00 215711 0
206 490,43 490,43 532,77 1,00 1,00 216069 0
207 490,43 490,43 533,29 1,00 1,00 216426 0
208 490,43 490,43 533,64 1,00 1,00 216691 0
209 490,43 490,43 525,24 1,00 1,00 216851 0
210 490,43 490,43 535,57 1,00 1,00 217021 0
211 490,43 490,43 537,01 1,00 1,00 217235 0
212 490,43 490,43 534,39 1,00 1,00 217428 0
213 490,43 490,43 535,71 1,00 1,00 217613 0
214 490,43 490,43 539,06 1,00 1,00 217786 0
215 490,43 490,43 537,48 1,00 1,00 218014 0
216 490,43 490,43 535,38 1,00 1,00 218241 0
217 490,43 490,43 535,95 1,00 1,00 218632 0
218 490,43 490,43 531,24 1,00 1,00 219065 0
219 490,43 490,43 528,35 1,00 1,00 219510 0
220 490,43 490,43 532,84 1,00 1,00 219834 0
221 490,43 490,43 535,26 1,00 1,00 220118 0
222 490,43 490,43 535,76 1,00 1,00 220457 0
223 490,43 490,43 533,16 1,00 1,00 220780 0
224 490,43 490,43 531,74 1,00 1,00 221084 0
225 490,43 490,43 532,16 1,00 1,00 221368 0
226 490,43 490,43 530,09 1,00 1,00 221678 0
227 490,43 490,43 532,08 1,00 1,00 222006 0
228 490,43 490,43 533,00 1,00 1,00 222403 0
229 490,43 490,43 532,73 1,00 1,00 222737 0
230 490,43 490,43 534,46 1,00 1,00 223035 0
231 490,43 490,43 535,85 1,00 1,00 223321 0
232 490,43 490,43 534,38 1,00 1,00 223592 0
233 490,43 490,43 534,35 1,00 1,00 223825 0
234 490,43 490,43 535,26 1,00 1,00 224068 0
235 490,43 490,43 535,25 1,00 1,00 224238 0
236 490,43 490,43 534,66 1,00 1,00 224458 0
237 490,43 490,43 533,64 1,00 1,00 224715 0
238 490,43 490,43 534,25 1,00 1,00 224963 0
239 490,43 490,43 534,61 1,00 1,00 225171 0
240 490,43 490,43 534,90 1,00 1,00 225419 0
241 490,43 490,43 534,98 1,00 1,00 225651 0
242 490,43 490,43 534,20 1,00 1,00 225874 0
243 490,43 490,43 535,80 1,00 1,00 226049 0
244 490,43 490,43 535,67 1,00 1,00 226240 0
245 490,43 490,43 533,72 1,00 1,00 226509 0
246 490,43 490,43 536,21 1,00 1,00 226809 0
247 490,43 490,43 535,45 1,00 1,00 227215 0
248 490,43 490,43 534,24 1,00 1,00 227639 0
249 490,43 490,43 534,18 1,00 1,00 228105 0
250 490,43 490,43 536,14 1,00 1,00 228636 0
251 490,43 490,43 533,67 1,00 1,00 229213 0
252 490,43 490,43 532,05 1,00 1,00 229674 0
253 490,43 490,43 535,21 1,00 1,00 230044 0
254 490,43 490,43 532,95 1,00 1,00 230450 0
255 490,43 490,43 536,20 1,00 1,00 230803 0
256 490,43 490,43 535,25 1,00 1,00 231184 0
257 490,43 490,43 533,30 1,00 1,00 231585 0
258 490,43 490,43 535,09 1,00 1,00 232098 0
259 490,43 490,43 531,55 1,00 1,00 232617 0
260 490,43 490,43 528,56 1,00 1,00 233264 0
261 490,43 490,43 526,89 1,00 1,00 233979 0
262 490,43 490,43 532,04 1,00 1,00 234613 0
263 490,43 490,43 531,30 1,00 1,00 235212 0
264 490,43 490,43 534,31 1,00 1,00 235817 0
265 490,43 490,43 529,98 1,00 1,00 236398 0
266 490,43 490,43 531,64 1,00 1,00 236895 0
267 490,43 490,43 532,08 1,00 1,00 237510 0
268 490,43 490,43 531,26 1,00 1,00 238092 0
269 490,43 490,43 530,98 1,00 1,00 238725 0
270 490,43 490,43 530,77 1,00 1,00 239224 0
271 490,43 490,43 526,39 1,00 1,00 239797 0
272 490,43 490,43 526,23 1,00 1,00 240308 0
273 490,43 490,43 523,67 1,00 1,00 240800 0
274 490,43 490,43 518,67 1,00 1,00 241319 0
275 490,43 490,43 515,02 1,00 1,00 241758 0
276 490,43 490,43 511,61 1,00 1,00 242166 0
277 490,43 490,43 512,80 1,00 1,00 242581 0
278 490,43 490,43 508,91 1,00 1,00 242909 0
279 490,43 490,43 507,15 1,00 1,00 243219 0
280 490,43 490,43 503,28 1,00 1,00 243464 0
281 490,43 490,43 503,12 1,00 1,00 243676 0
282 490,43 490,43 505,01 1,00 1,00 243930 0
283 490,43 490,43 504,83 1,00 1,00 244170 0
284 490,43 490,43 504,61 1,00 1,00 244381 0
285 490,43 490,43 504,41 1,00 1,00 244581 0
286 490,43 490,43 505,35 1,00 1,00 244881 0
287 490,43 490,43 511,42 1,00 1,00 245197 0
288 490,43 490,43 513,18 1,00 1,00 245608 0
289 490,43 490,43 518,68 1,00 1,00 246088 0
290 490,43 490,43 521,74 1,00 1,00 246639 0
291 490,43 490,43 523,42 1,00 1,00 247156 0
292 490,43 490,43 523,95 1,00 1,00 247714 0
293 490,43 490,43 524,52 1,00 1,00 248241 0
294 490,43 490,43 527,43 1,00 1,00 248810 0
295 490,43 490,43 526,73 1,00 1,00 249419 0
296 490,43 490,43 526,56 1,00 1,00 250007 0
297 490,43 490,43 525,89 1,00 1,00 250497 0
298 490,43 490,43 532,26 1,00 1,00 250954 0
299 490,43 490,43 525,27 1,00 1,00 251457 0
300 490,43 490,43 532,32 1,00 1,00 251857 0
301 490,43 490,43 529,70 1,00 1,00 252267 0
302 490,43 490,43 528,53 1,00 1,00 252574 0
303 490,43 490,43 528,80 1,00 1,00 252830 0
304 490,43 490,43 522,66 1,00 1,00 253107 0
305 490,43 490,43 525,53 1,00 1,00 253377 0
306 490,43 490,43 526,28 1,00 1,00 253614 0
307 490,43 490,43 526,61 1,00 1,00 253802 0
308 490,43 490,43 531,33 1,00 1,00 254049 0
309 490,43 490,43 527,97 1,00 1,00 254401 0
310 490,43 490,43 529,78 1,00 1,00 254778 0
311 490,43 490,43 530,88 1,00 1,00 255271 0
312 490,43 490,43 529,41 1,00 1,00 255757 0
313 490,43 490,43 529,48 1,00 1,00 256168 0
314 490,43 490,43 529,54 1,00 1,00 256672 0
315 490,43 490,43 526,71 1,00 1,00 257185 0
316 490,43 490,43 530,12 1,00 1,00 257712 0
317 490,43 490,43 527,96 1,00 1,00 258122 0
318 490,43 490,43 527,53 1,00 1,00 258667 0
319 490,43 490,43 527,90 1,00 1,00 259142 0
320 490,43 490,43 526,54 1,00 1,00 259646 0
321 490,43 490,43 529,43 1,00 1,00 260162 0
322 490,43 490,43 527,54 1,00 1,00 260676 0
323 490,43 490,43 529,31 1,00 1,00 261138 0
324 490,43 490,43 529,80 1,00 1,00 261651 0
325 490,43 490,43 528,38 1,00 1,00 262097 0
326 490,43 490,43 526,78 1,00 1,00 262489 0
327 490,43 490,43 527,68 1,00 1,00 262843 0
328 490,43 490,43 528,75 1,00 1,00 263159 0
329 490,43 490,43 528,93 1,00 1,00 263421 0
330 490,43 490,43 529,50 1,00 1,00 263619 0
331 490,43 490,43 529,50 1,00 1,00 263843 0
332 490,43 490,43 529,98 1,00 1,00 264118 0
333 490,43 490,43 529,86 1,00 1,00 264399 0
334 490,43 490,43 530,26 1,00 1,00 264633 0
335 490,43 490,43 530,25 1,00 1,00 264897 0
336 490,43 490,43 530,06 1,00 1,00 265071 0
337 490,43 490,43 529,81 1,00 1,00 265325 0
338 490,43 490,43 530,24 1,00 1,00 265624 0
339 490,43 490,43 530,29 1,00 1,00 265881 0
340 490,43 490,43 529,87 1,00 1,00 266159 0
341 490,43 490,43 529,90 1,00 1,00 266407 0
342 490,43 490,43 530,13 1,00 1,00 266608 0
343 490,43 490,43 529,89 1,00 1,00 266826 0
344 490,43 490,43 529,80 1,00 1,00 267021 0
345 490,43 490,43 529,75 1,00 1,00 267267 0
346 490,43 490,43 529,82 1,00 1,00 267522 0
347 490,43 490,43 529,75 1,00 1,00 267800 0
348 490,43 490,43 529,76 1,00 1,00 267983 0
349 490,43 490,43 529,92 1,00 1,00 268149 0
350 490,43 490,43 529,53 1,00 1,00 268298 0
351 490,43 490,43 529,97 1,00 1,00 268420 0
352 490,43 490,43 529,74 1,00 1,00 268528 0
353 490,43 490,43 529,71 1,00 1,00 268604 0
354 490,43 490,43 529,50 1,00 1,00 268675 0
355 490,43 490,43 529,45 1,00 1,00 268771 0
356 490,43 490,43 529,21 1,00 1,00 268866 0
357 490,43 490,43 529,04 1,00 1,00 268992 0
358 490,43 490,43 529,32 1,00 1,00 269085 0
359 490,43 490,43 529,20 1,00 1,00 269183 0
360 490,43 490,43 529,16 1,00 1,00 269292 0
361 490,43 490,43 529,45 1,00 1,00 269492 0
362 490,43 490,43 529,23 1,00 1,00 269676 0
363 490,43 490,43 529,36 1,00 1,00 269862 0
364 490,43 490,43 529,42 1,00 1,00 270024 0
365 490,43 490,43 528,97 1,00 1,00 270194 0
366 490,43 490,43 529,34 1,00 1,00 270340 0
367 490,43 490,43 529,07 1,00 1,00 270507 0
368 490,43 490,43 529,33 1,00 1,00 270654 0
369 490,43 490,43 529,41 1,00 1,00 270777 0
370 490,43 490,43 529,38 1,00 1,00 270904 0
371 490,43 490,43 529,33 1,00 1,00 271036 0
372 490,43 490,43 529,20 1,00 1,00 271172 0
373 490,43 490,43 529,39 1,00 1,00 271283 0
374 490,43 490,43 529,41 1,00 1,00 271382 0
375 490,43 490,43 529,40 1,00 1,00 271457 0
376 490,43 490,43 529,36 1,00 1,00 271539 0
377 490,43 490,43 529,30 1,00 1,00 271646 0
378 490,43 490,43 529,41 1,00 1,00 271773 0
379 490,43 490,43 529,46 1,00 1,00 271893 0
380 490,43 490,43 529,32 1,00 1,00 272037 0
381 490,43 490,43 529,34 1,00 1,00 272202 0
382 490,43 490,43 529,27 1,00 1,00 272338 0
383 490,43 490,43 529,27 1,00 1,00 272459 0
384 490,43 490,43 529,24 1,00 1,00 272592 0
385 490,43 490,43 529,27 1,00 1,00 272715 0
386 490,43 490,43 529,34 1,00 1,00 272819 0
387 490,43 490,43 529,42 1,00 1,00 272909 0
388 490,43 490,43 529,41 1,00 1,00 272984 0
389 490,43 490,43 529,39 1,00 1,00 273060 0
390 490,43 490,43 529,39 1,00 1,00 273130 0
391 490,43 490,43 529,39 1,00 1,00 273200 0
392 490,43 490,43 529,40 1,00 1,00 273255 0
393 490,43 490,43 529,37 1,00 1,00 273325 0
394 490,43 490,43 529,41 1,00 1,00 273396 0
395 490,43 490,43 529,42 1,00 1,00 273468 0
396 490,43 490,43 529,40 1,00 1,00 273534 0
397 490,43 490,43 529,40 1,00 1,00 273607 0
398 490,43 490,43 529,41 1,00 1,00 273669 0
399 490,43 490,43 529,40 1,00 1,00 273741 0
400 490,43 490,43 529,40 1,00 1,00 273814 0
401 490,43 490,43 529,40 1,00 1,00 273888 0
402 490,43 490,43 529,39 1,00 1,00 273977 0
403 490,43 490,43 529,39 1,00 1,00 274059 0
404 490,43 490,43 529,39 1,00 1,00 274169 0
405 490,43 490,43 529,39 1,00 1,00 274272 0
406 490,43 490,43 529,34 1,00 1,00 274391 0
407 490,43 490,43 529,33 1,00 1,00 274514 0
408 490,43 490,43 529,40 1,00 1,00 274605 0
409 490,43 490,43 529,36 1,00 1,00 274690 0
410 490,43 490,43 529,35 1,00 1,00 274777 0
411 490,43 490,43 529,36 1,00 1,00 274881 0
412 490,43 490,43 529,41 1,00 1,00 274988 0
413 490,43 490,43 529,36 1,00 1,00 275096 0
414 490,43 490,43 529,35 1,00 1,00 275203 0
415 490,43 490,43 529,32 1,00 1,00 275294 0
416 490,43 490,43 529,32 1,00 1,00 275366 0
417 490,43 490,43 529,28 1,00 1,00 275439 0
418 490,43 490,43 529,29 1,00 1,00 275506 0
419 490,43 490,43 529,29 1,00 1,00 275568 0
420 490,43 490,43 529,26 1,00 1,00 275608 0
421 490,43 490,43 529,25 1,00 1,00 275655 0
422 490,43 490,43 529,25 1,00 1,00 275694 0
423 490,43 490,43 529,29 1,00 1,00 275738 0
424 490,43 490,43 529,33 1,00 1,00 275786 0
425 490,43 490,43 529,35 1,00 1,00 275834 0
426 490,43 490,43 529,38 1,00 1,00 275905 0
427 490,43 490,43 529,34 1,00 1,00 275978 0
428 490,43 490,43 529,36 1,00 1,00 276040 0
429 490,43 490,43 529,36 1,00 1,00 276089 0
430 490,43 490,43 529,37 1,00 1,00 276136 0
431 490,43 490,43 529,36 1,00 1,00 276202 0
432 490,43 490,43 529,36 1,00 1,00 276263 0
433 490,43 490,43 529,36 1,00 1,00 276339 0
434 490,43 490,43 529,34 1,00 1,00 276430 0
435 490,43 490,43 529,33 1,00 1,00 276471 0
436 490,43 490,43 529,38 1,00 1,00 276551 0
437 490,43 490,43 529,35 1,00 1,00 276623 0
438 490,43 490,43 529,38 1,00 1,00 276703 0
439 490,43 490,43 529,37 1,00 1,00 276776 0
440 490,43 490,43 529,37 1,00 1,00 276831 0
441 490,43 490,43 529,39 1,00 1,00 276912 0
442 490,43 490,43 529,40 1,00 1,00 276981 0
443 490,43 490,43 529,38 1,00 1,00 277029 0
444 490,43 490,43 529,40 1,00 1,00 277094 0
445 490,43 490,43 529,40 1,00 1,00 277155 0
446 490,43 490,43 529,40 1,00 1,00 277209 0
447 490,43 490,43 529,39 1,00 1,00 277276 0
448 490,43 490,43 529,39 1,00 1,00 277346 0
449 490,43 490,43 529,39 1,00 1,00 277419 0
450 490,43 490,43 529,38 1,00 1,00 277480 0
451 490,43 490,43 529,39 1,00 1,00 277546 0
452 490,43 490,43 529,39 1,00 1,00 277633 0
453 490,43 490,43 529,38 1,00 1,00 277699 0
454 490,43 490,43 529,39 1,00 1,00 277753 0
455 490,43 490,43 529,38 1,00 1,00 277794 0
456 490,43 490,43 529,39 1,00 1,00 277831 0
457 490,43 490,43 529,39 1,00 1,00 277866 0
458 490,43 490,43 529,39 1,00 1,00 277907 0
459 490,43 490,43 529,39 1,00 1,00 277956 0
460 490,43 490,43 529,40 1,00 1,00 278010 0
461 490,43 490,43 529,40 1,00 1,00 278052 0
462 490,43 490,43 529,40 1,00 1,00 278092 0
463 490,43 490,43 529,40 1,00 1,00 278136 0
464 490,43 490,43 529,40 1,00 1,00 278171 0
465 490,43 490,43 529,40 1,00 1,00 278215 0
466 490,43 490,43 529,40 1,00 1,00 278256 0
467 490,43 490,43 529,39 1,00 1,00 278310 0
468 490,43 490,43 529,40 1,00 1,00 278372 0
469 490,43 490,43 529,39 1,00 1,00 278422 0
470 490,43 490,43 529,38 1,00 1,00 278480 0
471 490,43 490,43 529,38 1,00 1,00 278532 0
472 490,43 490,43 529,38 1,00 1,00 278583 0
473 490,43 490,43 529,38 1,00 1,00 278628 0
474 490,43 490,43 529,39 1,00 1,00 278661 0
475 490,43 490,43 529,38 1,00 1,00 278697 0
476 490,43 490,43 529,38 1,00 1,00 278747 0
477 490,43 490,43 529,39 1,00 1,00 278809 0
478 490,43 490,43 529,39 1,00 1,00 278860 0
479 490,43 490,43 529,38 1,00 1,00 278924 0
480 490,43 490,43 529,38 1,00 1,00 278971 0
481 490,43 490,43 529,38 1,00 1,00 279018 0
482 490,43 490,43 529,38 1,00 1,00 279043 0
483 490,43 490,43 529,39 1,00 1,00 279071 0
484 490,43 490,43 529,39 1,00 1,00 279098 0
485 490,43 490,43 529,40 1,00 1,00 279123 0
486 490,43 490,43 529,40 1,00 1,00 279191 0
487 490,43 490,43 529,40 1,00 1,00 279255 0
488 490,43 490,43 529,41 1,00 1,00 279281 0
489 490,43 490,43 529,41 1,00 1,00 279305 0
490 490,43 490,43 529,41 1,00 1,00 279344 0
491 490,43 490,43 529,40 1,00 1,00 279378 0
492 490,43 490,43 529,40 1,00 1,00 279421 0
493 490,43 490,43 529,40 1,00 1,00 279458 0
494 490,43 490,43 529,41 1,00 1,00 279509 0
495 490,43 490,43 529,41 1,00 1,00 279558 0
496 490,43 490,43 529,41 1,00 1,00 279608 0
497 490,43 490,43 529,39 1,00 1,00 279665 0
498 490,43 490,43 529,39 1,00 1,00 279720 0
499 490,43 490,43 529,39 1,00 1,00 279792 0
