1000
0 262,57 262,57 262,57 1,00 46,00 0
1 262,57 6,73 6,73 1,00 58,00 1235
2 262,57 3,60 1,93 1,00 73,00 1774
3 262,57 2,89 1,61 1,00 91,00 1865
4 262,57 2,89 1,61 1,00 110,00 1875
5 262,57 2,89 1,61 1,00 129,00 1879
6 262,57 2,89 1,62 1,00 148,00 1881
7 262,57 1,57 0,88 1,00 167,00 1881
8 262,57 1,57 0,88 1,00 186,00 1881
9 262,57 1,57 0,88 1,00 205,00 1881
10 262,57 1,57 0,88 1,00 224,00 1881
11 262,57 1,57 0,88 1,00 243,00 1881
12 262,57 1,57 0,88 1,00 262,00 1881
13 262,57 1,57 0,88 1,00 281,00 1881
14 262,57 1,57 0,88 1,00 300,00 1881
15 262,57 1,57 0,88 1,00 319,00 1881
16 262,57 1,57 0,88 1,00 338,00 1881
17 262,57 1,57 0,88 1,00 357,00 1881
18 262,57 1,57 0,88 1,00 376,00 1881
19 262,57 1,57 0,88 1,00 395,00 1881
20 262,57 1,57 0,88 1,00 414,00 1881
21 262,57 1,57 0,88 1,00 433,00 1881
22 262,57 1,57 0,88 1,00 452,00 1881
23 262,57 1,57 0,88 1,00 471,00 1881
24 262,57 1,57 0,88 1,00 490,00 1881
25 262,57 1,57 0,88 1,00 509,00 1881
26 262,57 1,57 0,88 1,00 528,00 1881
27 262,57 1,57 0,88 1,00 547,00 1881
28 262,57 1,57 0,88 1,00 566,00 1881
29 262,57 1,57 0,88 1,00 585,00 1881
30 262,57 1,57 0,88 99,00 604,00 1881
31 262,57 44,21 24,78 99,00 607,00 2704
32 262,57 43,40 35,76 99,00 618,00 3431
33 262,57 42,68 29,08 99,00 628,00 3821
34 262,57 41,93 30,57 99,00 639,00 4072
35 262,57 40,94 32,23 99,00 654,00 4286
36 262,57 39,87 29,17 99,00 671,00 4405
37 262,57 38,97 29,74 99,00 686,00 4558
38 262,57 38,97 29,23 99,00 705,00 4625
39 262,57 38,97 28,81 99,00 724,00 4666
40 262,57 35,95 26,18 99,00 742,00 4711
41 262,57 35,08 25,89 99,00 760,00 4762
42 262,57 35,08 25,81 99,00 779,00 4795
43 262,57 33,41 23,95 99,00 797,00 4831
44 262,57 33,41 24,51 99,00 816,00 4863
45 262,57 31,13 22,84 99,00 835,00 4893
46 262,57 31,21 22,90 99,00 852,00 4918
47 262,57 31,21 22,93 99,00 871,00 4938
48 262,57 29,88 21,94 99,00 889,00 4953
49 262,57 29,88 21,95 99,00 908,00 4969
50 262,57 29,88 21,95 99,00 927,00 4978
51 262,57 29,88 21,95 99,00 946,00 4991
52 262,57 26,94 19,79 99,00 965,00 5006
53 262,57 26,42 19,41 99,00 984,00 5016
54 262,57 26,42 19,41 99,00 1.003,00 5027
55 262,57 26,42 19,41 99,00 1.022,00 5033
56 262,57 26,42 19,41 99,00 1.041,00 5043
57 262,57 26,42 19,41 99,00 1.060,00 5047
58 262,57 26,42 19,41 99,00 1.079,00 5055
59 262,57 26,42 19,41 99,00 1.098,00 5061
60 262,57 26,42 19,41 3,00 1.117,00 5068
61 262,57 0,69 0,51 3,00 1.136,00 5076
62 262,57 0,70 0,51 3,00 1.152,00 5097
63 262,57 0,68 0,50 3,00 1.170,00 5110
64 262,57 0,67 0,50 3,00 1.188,00 5114
65 262,57 0,67 0,50 3,00 1.207,00 5115
66 262,57 0,65 0,48 3,00 1.225,00 5118
67 262,57 0,64 0,47 3,00 1.243,00 5123
68 262,57 0,64 0,47 3,00 1.262,00 5124
69 262,57 0,64 0,47 3,00 1.281,00 5125
70 262,57 0,64 0,47 3,00 1.300,00 5125
71 262,57 0,64 0,47 3,00 1.319,00 5125
72 262,57 0,64 0,47 3,00 1.338,00 5125
73 262,57 0,64 0,47 3,00 1.357,00 5125
74 262,57 0,57 0,42 3,00 1.376,00 5126
75 262,57 0,56 0,41 3,00 1.395,00 5126
76 262,57 0,56 0,41 3,00 1.414,00 5126
77 262,57 0,55 0,40 3,00 1.433,00 5126
78 262,57 0,55 0,40 3,00 1.452,00 5127
79 262,57 0,55 0,40 3,00 1.471,00 5128
80 262,57 0,53 0,39 3,00 1.490,00 5128
81 262,57 0,53 0,39 3,00 1.509,00 5128
82 262,57 0,53 0,39 3,00 1.528,00 5128
83 262,57 0,53 0,39 3,00 1.547,00 5128
84 262,57 0,53 0,39 3,00 1.566,00 5128
85 262,57 0,53 0,39 3,00 1.585,00 5128
86 262,57 0,53 0,39 3,00 1.604,00 5128
87 262,57 0,53 0,39 3,00 1.623,00 5128
88 262,57 0,53 0,39 3,00 1.642,00 5129
89 262,57 0,47 0,35 3,00 1.661,00 5133
90 262,57 0,47 0,35 101,00 1.680,00 5133
91 262,57 15,79 11,61 101,00 1.698,00 5240
92 262,57 15,79 11,60 101,00 1.717,00 5280
93 262,57 15,79 11,60 101,00 1.736,00 5298
94 262,57 15,79 11,60 101,00 1.755,00 5308
95 262,57 15,79 11,60 101,00 1.774,00 5318
96 262,57 15,79 11,60 101,00 1.793,00 5327
97 262,57 15,79 11,60 101,00 1.812,00 5336
98 262,57 15,79 11,60 101,00 1.831,00 5340
99 262,57 15,79 11,60 101,00 1.850,00 5347
100 262,57 15,79 11,60 101,00 1.869,00 5351
101 262,57 15,79 11,60 101,00 1.888,00 5353
102 262,57 15,79 11,60 101,00 1.907,00 5354
103 262,57 15,79 11,60 101,00 1.926,00 5357
104 262,57 15,79 11,60 101,00 1.945,00 5357
105 262,57 15,79 11,60 101,00 1.964,00 5357
106 262,57 15,79 11,60 101,00 1.983,00 5357
107 262,57 15,79 11,60 101,00 2.002,00 5357
108 262,57 15,79 11,60 101,00 2.021,00 5357
109 262,57 15,79 11,60 101,00 2.040,00 5359
110 262,57 15,79 11,60 101,00 2.059,00 5359
111 262,57 15,79 11,60 101,00 2.078,00 5360
112 262,57 15,79 11,60 101,00 2.097,00 5362
113 262,57 15,79 11,60 101,00 2.116,00 5364
114 262,57 15,79 11,60 101,00 2.135,00 5366
115 262,57 15,79 11,60 101,00 2.154,00 5366
116 262,57 15,79 11,60 101,00 2.173,00 5366
117 262,57 15,79 11,60 101,00 2.192,00 5366
118 262,57 15,79 11,60 101,00 2.211,00 5367
119 262,57 15,79 11,60 101,00 2.230,00 5368
120 262,57 15,79 11,60 11,00 2.249,00 5368
121 262,57 15,79 11,60 11,00 2.268,00 5378
122 262,57 15,79 11,60 11,00 2.287,00 5387
123 262,57 15,79 11,60 11,00 2.306,00 5391
124 262,57 15,79 11,60 11,00 2.325,00 5392
125 262,57 15,79 11,60 11,00 2.344,00 5392
126 262,57 15,79 11,60 11,00 2.363,00 5392
127 262,57 15,79 11,60 11,00 2.382,00 5392
128 262,57 15,79 11,60 11,00 2.401,00 5392
129 262,57 15,79 11,60 11,00 2.420,00 5392
130 262,57 15,79 11,60 11,00 2.439,00 5392
131 262,57 15,79 11,60 11,00 2.458,00 5392
132 262,57 15,79 11,60 11,00 2.477,00 5392
133 262,57 15,79 11,60 11,00 2.496,00 5392
134 262,57 15,79 11,60 11,00 2.515,00 5392
135 262,57 15,79 11,60 11,00 2.534,00 5392
136 262,57 15,79 11,60 11,00 2.553,00 5392
137 262,57 15,79 11,60 11,00 2.572,00 5392
138 262,57 15,79 11,60 11,00 2.591,00 5392
139 262,57 15,79 11,60 11,00 2.610,00 5392
140 262,57 15,79 11,60 11,00 2.629,00 5397
141 262,57 15,79 11,60 11,00 2.648,00 5398
142 262,57 1,08 0,80 11,00 2.667,00 5398
143 262,57 1,08 0,80 11,00 2.686,00 5398
144 262,57 1,08 0,80 11,00 2.705,00 5398
145 262,57 1,08 0,80 11,00 2.724,00 5398
146 262,57 1,08 0,80 11,00 2.743,00 5398
147 262,57 1,08 0,80 11,00 2.762,00 5398
148 262,57 1,08 0,80 11,00 2.781,00 5398
149 262,57 1,08 0,80 11,00 2.800,00 5398
150 262,57 1,08 0,80 97,00 2.819,00 5398
151 262,57 1,08 0,80 97,00 2.838,00 5443
152 262,57 1,08 0,80 97,00 2.857,00 5461
153 262,57 1,08 0,80 97,00 2.876,00 5469
154 262,57 1,08 0,80 97,00 2.895,00 5476
155 262,57 1,08 0,80 97,00 2.914,00 5480
156 262,57 1,08 0,80 97,00 2.933,00 5482
157 262,57 1,08 0,80 97,00 2.952,00 5482
158 262,57 1,08 0,80 97,00 2.971,00 5492
159 262,57 1,08 0,80 97,00 2.990,00 5501
160 262,57 1,08 0,80 97,00 3.009,00 5510
161 262,57 1,08 0,80 97,00 3.028,00 5520
162 262,57 1,08 0,80 97,00 3.047,00 5532
163 262,57 1,08 0,80 97,00 3.066,00 5544
164 262,57 1,08 0,80 97,00 3.085,00 5553
165 262,57 1,08 0,80 97,00 3.104,00 5560
166 262,57 1,08 0,80 97,00 3.123,00 5566
167 262,57 1,08 0,80 97,00 3.142,00 5570
168 262,57 1,08 0,80 97,00 3.161,00 5573
169 262,57 1,08 0,80 97,00 3.180,00 5575
170 262,57 1,08 0,80 97,00 3.199,00 5576
171 262,57 1,08 0,80 97,00 3.218,00 5577
172 262,57 1,08 0,80 97,00 3.237,00 5578
173 262,57 1,08 0,80 97,00 3.256,00 5579
174 262,57 1,08 0,80 97,00 3.275,00 5580
175 262,57 1,08 0,80 97,00 3.294,00 5582
176 262,57 7,69 5,65 97,00 3.313,00 5583
177 262,57 7,69 5,65 97,00 3.332,00 5584
178 262,57 7,69 5,65 97,00 3.351,00 5587
179 262,57 7,69 5,65 97,00 3.370,00 5589
180 262,57 7,69 5,65 28,00 3.389,00 5591
181 262,57 7,69 5,65 28,00 3.408,00 5600
182 262,57 2,15 1,58 28,00 3.427,00 5601
183 262,57 2,15 1,58 28,00 3.446,00 5602
184 262,57 2,15 1,58 28,00 3.465,00 5602
185 262,57 2,15 1,58 28,00 3.484,00 5602
186 262,57 2,15 1,58 28,00 3.503,00 5602
187 262,57 2,09 1,53 28,00 3.522,00 5602
188 262,57 2,09 1,53 28,00 3.541,00 5602
189 262,57 2,09 1,53 28,00 3.560,00 5602
190 262,57 2,09 1,53 28,00 3.579,00 5602
191 262,57 2,09 1,53 28,00 3.598,00 5604
192 262,57 2,09 1,53 28,00 3.617,00 5606
193 262,57 2,09 1,53 28,00 3.636,00 5607
194 262,57 2,09 1,53 28,00 3.655,00 5611
195 262,57 2,00 1,47 28,00 3.674,00 5613
196 262,57 2,00 1,47 28,00 3.693,00 5613
197 262,57 2,00 1,47 28,00 3.712,00 5613
198 262,57 2,00 1,47 28,00 3.731,00 5613
199 262,57 2,00 1,47 28,00 3.750,00 5613
200 262,57 2,00 1,47 28,00 3.769,00 5613
201 262,57 2,00 1,47 28,00 3.788,00 5613
202 262,57 2,00 1,47 28,00 3.807,00 5613
203 262,57 2,00 1,47 28,00 3.826,00 5613
204 262,57 2,00 1,47 28,00 3.845,00 5613
205 262,57 2,00 1,47 28,00 3.864,00 5613
206 262,57 2,00 1,47 28,00 3.883,00 5613
207 262,57 2,00 1,47 28,00 3.902,00 5613
208 262,57 2,00 1,47 28,00 3.921,00 5614
209 262,57 2,00 1,47 28,00 3.940,00 5616
210 262,57 2,00 1,47 72,00 3.959,00 5616
211 262,57 2,00 1,47 72,00 3.978,00 5655
212 262,57 2,00 1,47 72,00 3.997,00 5665
213 262,57 2,00 1,47 72,00 4.016,00 5671
214 262,57 2,00 1,47 72,00 4.035,00 5671
215 262,57 2,00 1,47 72,00 4.054,00 5671
216 262,57 2,00 1,47 72,00 4.073,00 5671
217 262,57 4,62 3,39 72,00 4.092,00 5671
218 262,57 4,62 3,39 72,00 4.111,00 5671
219 262,57 4,62 3,39 72,00 4.130,00 5671
220 262,57 4,62 3,39 72,00 4.149,00 5671
221 262,57 4,62 3,39 72,00 4.168,00 5671
222 262,57 4,62 3,39 72,00 4.187,00 5671
223 262,57 4,62 3,39 72,00 4.206,00 5671
224 262,57 4,62 3,39 72,00 4.225,00 5671
225 262,57 4,62 3,39 72,00 4.244,00 5671
226 262,57 4,62 3,39 72,00 4.263,00 5671
227 262,57 4,62 3,39 72,00 4.282,00 5671
228 262,57 4,62 3,39 72,00 4.301,00 5671
229 262,57 4,62 3,39 72,00 4.320,00 5671
230 262,57 4,62 3,39 72,00 4.339,00 5671
231 262,57 4,34 3,19 72,00 4.358,00 5671
232 262,57 4,32 3,17 72,00 4.377,00 5671
233 262,57 4,32 3,17 72,00 4.396,00 5671
234 262,57 4,32 3,17 72,00 4.415,00 5671
235 262,57 4,32 3,17 72,00 4.434,00 5671
236 262,57 4,32 3,17 72,00 4.453,00 5671
237 262,57 4,32 3,17 72,00 4.472,00 5671
238 262,57 4,32 3,17 72,00 4.491,00 5671
239 262,57 4,32 3,17 72,00 4.510,00 5671
240 262,57 4,32 3,17 46,00 4.529,00 5671
241 262,57 4,32 3,17 46,00 4.548,00 5686
242 262,57 4,32 3,17 46,00 4.567,00 5686
243 262,57 4,32 3,17 46,00 4.586,00 5687
244 262,57 4,32 3,17 46,00 4.605,00 5688
245 262,57 4,32 3,17 46,00 4.624,00 5688
246 262,57 4,32 3,17 46,00 4.643,00 5688
247 262,57 4,32 3,17 46,00 4.662,00 5688
248 262,57 2,58 1,90 46,00 4.681,00 5688
249 262,57 2,58 1,90 46,00 4.700,00 5691
250 262,57 2,58 1,90 46,00 4.719,00 5693
251 262,57 2,58 1,90 46,00 4.738,00 5693
252 262,57 2,58 1,90 46,00 4.757,00 5693
253 262,57 2,58 1,90 46,00 4.776,00 5694
254 262,57 2,58 1,90 46,00 4.795,00 5694
255 262,57 2,58 1,90 46,00 4.814,00 5694
256 262,57 2,50 1,84 46,00 4.833,00 5694
257 262,57 2,49 1,83 46,00 4.852,00 5694
258 262,57 2,49 1,83 46,00 4.871,00 5694
259 262,57 2,47 1,81 46,00 4.890,00 5694
260 262,57 2,47 1,81 46,00 4.909,00 5694
261 262,57 2,47 1,81 46,00 4.928,00 5694
262 262,57 2,47 1,81 46,00 4.947,00 5694
263 262,57 2,43 1,79 46,00 4.966,00 5694
264 262,57 2,43 1,79 46,00 4.985,00 5694
265 262,57 2,43 1,79 46,00 5.004,00 5694
266 262,57 2,43 1,79 46,00 5.023,00 5694
267 262,57 2,43 1,79 46,00 5.042,00 5694
268 262,57 2,43 1,79 46,00 5.061,00 5694
269 262,57 2,43 1,79 46,00 5.080,00 5694
270 262,57 2,43 1,79 68,00 5.099,00 5694
271 262,57 2,43 1,79 68,00 5.118,00 5724
272 262,57 2,43 1,79 68,00 5.137,00 5736
273 262,57 2,43 1,79 68,00 5.156,00 5742
274 262,57 2,43 1,79 68,00 5.175,00 5742
275 262,57 2,43 1,79 68,00 5.194,00 5742
276 262,57 2,43 1,79 68,00 5.213,00 5742
277 262,57 2,43 1,79 68,00 5.232,00 5742
278 262,57 2,43 1,79 68,00 5.251,00 5742
279 262,57 2,43 1,79 68,00 5.270,00 5742
280 262,57 2,43 1,79 68,00 5.289,00 5742
281 262,57 3,36 2,47 68,00 5.308,00 5742
282 262,57 3,36 2,47 68,00 5.327,00 5742
283 262,57 3,36 2,47 68,00 5.346,00 5742
284 262,57 3,36 2,47 68,00 5.365,00 5742
285 262,57 3,36 2,47 68,00 5.384,00 5742
286 262,57 3,36 2,47 68,00 5.403,00 5742
287 262,57 3,36 2,47 68,00 5.422,00 5742
288 262,57 3,36 2,47 68,00 5.441,00 5742
289 262,57 3,36 2,47 68,00 5.460,00 5742
290 262,57 3,36 2,47 68,00 5.479,00 5742
291 262,57 3,36 2,47 68,00 5.498,00 5742
292 262,57 3,36 2,47 68,00 5.517,00 5742
293 262,57 3,36 2,47 68,00 5.536,00 5742
294 262,57 3,36 2,47 68,00 5.555,00 5742
295 262,57 3,36 2,47 68,00 5.574,00 5742
296 262,57 3,36 2,47 68,00 5.593,00 5742
297 262,57 3,36 2,47 68,00 5.612,00 5742
298 262,57 3,36 2,47 68,00 5.631,00 5742
299 262,57 3,36 2,47 68,00 5.650,00 5742
300 262,57 3,36 2,47 53,00 5.669,00 5742
301 262,57 3,36 2,47 53,00 5.688,00 5752
302 262,57 3,36 2,47 53,00 5.707,00 5752
303 262,57 3,36 2,47 53,00 5.726,00 5752
304 262,57 3,36 2,47 53,00 5.745,00 5752
305 262,57 3,36 2,47 53,00 5.764,00 5752
306 262,57 3,36 2,47 53,00 5.783,00 5762
307 262,57 3,36 2,47 53,00 5.802,00 5773
308 262,57 2,39 1,76 53,00 5.821,00 5778
309 262,57 2,38 1,75 53,00 5.840,00 5780
310 262,57 2,38 1,75 53,00 5.859,00 5780
311 262,57 2,38 1,75 53,00 5.878,00 5780
312 262,57 2,38 1,75 53,00 5.897,00 5780
313 262,57 2,38 1,75 53,00 5.916,00 5782
314 262,57 2,38 1,75 53,00 5.935,00 5783
315 262,57 2,38 1,75 53,00 5.954,00 5783
316 262,57 2,38 1,75 53,00 5.973,00 5783
317 262,57 2,32 1,71 53,00 5.992,00 5783
318 262,57 2,32 1,70 53,00 6.011,00 5783
319 262,57 2,32 1,70 53,00 6.030,00 5783
320 262,57 2,32 1,70 53,00 6.049,00 5783
321 262,57 2,32 1,70 53,00 6.068,00 5783
322 262,57 2,32 1,70 53,00 6.087,00 5783
323 262,57 2,32 1,70 53,00 6.106,00 5783
324 262,57 2,32 1,70 53,00 6.125,00 5783
325 262,57 2,26 1,66 53,00 6.144,00 5783
326 262,57 2,26 1,66 53,00 6.163,00 5783
327 262,57 2,26 1,66 53,00 6.182,00 5783
328 262,57 2,26 1,66 53,00 6.201,00 5783
329 262,57 2,26 1,66 53,00 6.220,00 5783
330 262,57 2,26 1,66 65,00 6.239,00 5783
331 262,57 2,26 1,66 65,00 6.258,00 5809
332 262,57 2,26 1,66 65,00 6.277,00 5815
333 262,57 2,26 1,66 65,00 6.296,00 5818
334 262,57 2,26 1,66 65,00 6.315,00 5819
335 262,57 2,26 1,66 65,00 6.334,00 5820
336 262,57 2,26 1,66 65,00 6.353,00 5820
337 262,57 2,26 1,66 65,00 6.372,00 5820
338 262,57 2,26 1,66 65,00 6.391,00 5820
339 262,57 2,26 1,66 65,00 6.410,00 5820
340 262,57 2,26 1,66 65,00 6.429,00 5820
341 262,57 2,26 1,66 65,00 6.448,00 5820
342 262,57 2,26 1,66 65,00 6.467,00 5820
343 262,57 2,26 1,66 65,00 6.486,00 5820
344 262,57 2,62 1,93 65,00 6.505,00 5820
345 262,57 2,62 1,93 65,00 6.524,00 5820
346 262,57 2,62 1,93 65,00 6.543,00 5820
347 262,57 2,62 1,93 65,00 6.562,00 5820
348 262,57 2,62 1,93 65,00 6.581,00 5820
349 262,57 2,59 1,90 65,00 6.600,00 5820
350 262,57 2,59 1,90 65,00 6.619,00 5820
351 262,57 2,59 1,90 65,00 6.638,00 5820
352 262,57 2,59 1,90 65,00 6.657,00 5820
353 262,57 2,59 1,90 65,00 6.676,00 5820
354 262,57 2,59 1,90 65,00 6.695,00 5820
355 262,57 2,59 1,90 65,00 6.714,00 5820
356 262,57 2,59 1,90 65,00 6.733,00 5820
357 262,57 2,59 1,90 65,00 6.752,00 5820
358 262,57 2,59 1,90 65,00 6.771,00 5820
359 262,57 2,51 1,85 65,00 6.790,00 5820
360 262,57 2,51 1,85 68,00 6.809,00 5820
361 262,57 2,51 1,85 68,00 6.828,00 5827
362 262,57 2,51 1,85 68,00 6.847,00 5827
363 262,57 2,60 1,91 68,00 6.866,00 5827
364 262,57 2,60 1,91 68,00 6.885,00 5827
365 262,57 2,60 1,91 68,00 6.904,00 5827
366 262,57 2,60 1,91 68,00 6.923,00 5827
367 262,57 2,60 1,91 68,00 6.942,00 5827
368 262,57 2,60 1,91 68,00 6.961,00 5827
369 262,57 2,60 1,91 68,00 6.980,00 5827
370 262,57 2,60 1,91 68,00 6.999,00 5827
371 262,57 2,60 1,91 68,00 7.018,00 5827
372 262,57 2,60 1,91 68,00 7.037,00 5827
373 262,57 2,60 1,91 68,00 7.056,00 5827
374 262,57 2,60 1,91 68,00 7.075,00 5827
375 262,57 2,60 1,91 68,00 7.094,00 5827
376 262,57 2,60 1,91 68,00 7.113,00 5827
377 262,57 2,60 1,91 68,00 7.132,00 5827
378 262,57 2,60 1,91 68,00 7.151,00 5827
379 262,57 2,60 1,91 68,00 7.170,00 5827
380 262,57 2,60 1,91 68,00 7.189,00 5827
381 262,57 2,60 1,91 68,00 7.208,00 5827
382 262,57 2,60 1,91 68,00 7.227,00 5827
383 262,57 2,60 1,91 68,00 7.246,00 5833
384 262,57 2,60 1,91 68,00 7.265,00 5833
385 262,57 2,60 1,91 68,00 7.284,00 5833
386 262,57 2,60 1,91 68,00 7.303,00 5833
387 262,57 2,60 1,91 68,00 7.322,00 5833
388 262,57 2,43 1,79 68,00 7.341,00 5833
389 262,57 2,43 1,79 68,00 7.360,00 5833
390 262,57 2,43 1,79 72,00 7.379,00 5833
391 262,57 2,43 1,79 72,00 7.398,00 5854
392 262,57 2,43 1,79 72,00 7.417,00 5858
393 262,57 2,43 1,79 72,00 7.436,00 5861
394 262,57 2,43 1,79 72,00 7.455,00 5861
395 262,57 2,43 1,79 72,00 7.474,00 5861
396 262,57 2,43 1,79 72,00 7.493,00 5861
397 262,57 2,43 1,79 72,00 7.512,00 5861
398 262,57 2,43 1,79 72,00 7.531,00 5861
399 262,57 2,43 1,79 72,00 7.550,00 5861
400 262,57 2,43 1,79 72,00 7.569,00 5861
401 262,57 2,43 1,79 72,00 7.588,00 5865
402 262,57 2,43 1,79 72,00 7.607,00 5866
403 262,57 2,43 1,79 72,00 7.626,00 5866
404 262,57 2,43 1,79 72,00 7.645,00 5866
405 262,57 2,43 1,79 72,00 7.664,00 5866
406 262,57 2,43 1,79 72,00 7.683,00 5866
407 262,57 2,43 1,79 72,00 7.702,00 5866
408 262,57 2,43 1,79 72,00 7.721,00 5866
409 262,57 2,43 1,79 72,00 7.740,00 5866
410 262,57 2,43 1,79 72,00 7.759,00 5866
411 262,57 2,43 1,79 72,00 7.778,00 5866
412 262,57 2,43 1,79 72,00 7.797,00 5866
413 262,57 2,43 1,79 72,00 7.816,00 5866
414 262,57 2,43 1,79 72,00 7.835,00 5866
415 262,57 2,43 1,79 72,00 7.854,00 5866
416 262,57 2,43 1,79 72,00 7.873,00 5866
417 262,57 2,43 1,79 72,00 7.892,00 5866
418 262,57 2,43 1,79 72,00 7.911,00 5866
419 262,57 2,38 1,75 72,00 7.930,00 5866
420 262,57 2,38 1,75 66,00 7.949,00 5866
421 262,57 2,38 1,75 66,00 7.968,00 5875
422 262,57 2,38 1,75 66,00 7.987,00 5878
423 262,57 2,38 1,75 66,00 8.006,00 5879
424 262,57 2,38 1,75 66,00 8.025,00 5879
425 262,57 2,38 1,75 66,00 8.044,00 5879
426 262,57 2,38 1,75 66,00 8.063,00 5879
427 262,57 2,38 1,75 66,00 8.082,00 5879
428 262,57 2,38 1,75 66,00 8.101,00 5880
429 262,57 2,38 1,75 66,00 8.120,00 5880
430 262,57 2,38 1,75 66,00 8.139,00 5880
431 262,57 2,38 1,75 66,00 8.158,00 5880
432 262,57 2,38 1,75 66,00 8.177,00 5880
433 262,57 2,11 1,55 66,00 8.196,00 5880
434 262,57 2,11 1,55 66,00 8.215,00 5880
435 262,57 2,11 1,55 66,00 8.234,00 5880
436 262,57 2,11 1,55 66,00 8.253,00 5880
437 262,57 2,09 1,54 66,00 8.272,00 5880
438 262,57 2,09 1,54 66,00 8.291,00 5880
439 262,57 2,09 1,54 66,00 8.310,00 5880
440 262,57 2,09 1,54 66,00 8.329,00 5880
441 262,57 2,08 1,53 66,00 8.348,00 5880
442 262,57 2,08 1,53 66,00 8.367,00 5880
443 262,57 2,08 1,53 66,00 8.386,00 5880
444 262,57 2,08 1,53 66,00 8.405,00 5880
445 262,57 2,08 1,53 66,00 8.424,00 5880
446 262,57 2,08 1,53 66,00 8.443,00 5880
447 262,57 2,08 1,53 66,00 8.462,00 5880
448 262,57 2,08 1,53 66,00 8.481,00 5880
449 262,57 2,08 1,53 66,00 8.500,00 5880
450 262,57 2,08 1,53 75,00 8.519,00 5880
451 262,57 2,08 1,53 75,00 8.538,00 5901
452 262,57 2,08 1,53 75,00 8.557,00 5908
453 262,57 2,08 1,53 75,00 8.576,00 5908
454 262,57 2,29 1,68 75,00 8.595,00 5908
455 262,57 2,29 1,68 75,00 8.614,00 5908
456 262,57 2,29 1,68 75,00 8.633,00 5909
457 262,57 2,29 1,68 75,00 8.652,00 5909
458 262,57 2,29 1,68 75,00 8.671,00 5909
459 262,57 2,29 1,68 75,00 8.690,00 5909
460 262,57 2,29 1,68 75,00 8.709,00 5909
461 262,57 2,29 1,68 75,00 8.728,00 5909
462 262,57 2,29 1,68 75,00 8.747,00 5909
463 262,57 2,29 1,68 75,00 8.766,00 5909
464 262,57 2,29 1,68 75,00 8.785,00 5909
465 262,57 2,29 1,68 75,00 8.804,00 5909
466 262,57 2,29 1,68 75,00 8.823,00 5909
467 262,57 2,29 1,68 75,00 8.842,00 5909
468 262,57 2,29 1,68 75,00 8.861,00 5909
469 262,57 2,29 1,68 75,00 8.880,00 5909
470 262,57 2,29 1,68 75,00 8.899,00 5909
471 262,57 2,29 1,68 75,00 8.918,00 5909
472 262,57 2,29 1,68 75,00 8.937,00 5909
473 262,57 2,29 1,68 75,00 8.956,00 5909
474 262,57 2,29 1,68 75,00 8.975,00 5909
475 262,57 2,29 1,68 75,00 8.994,00 5909
476 262,57 2,29 1,68 75,00 9.013,00 5909
477 262,57 2,18 1,60 75,00 9.032,00 5909
478 262,57 2,18 1,60 75,00 9.051,00 5909
479 262,57 2,18 1,60 75,00 9.070,00 5909
480 262,57 2,18 1,60 73,00 9.089,00 5909
481 262,57 2,18 1,60 73,00 9.108,00 5915
482 262,57 2,18 1,60 73,00 9.127,00 5916
483 262,57 2,18 1,60 73,00 9.146,00 5916
484 262,57 2,18 1,60 73,00 9.165,00 5916
485 262,57 2,18 1,60 73,00 9.184,00 5916
486 262,57 2,18 1,60 73,00 9.203,00 5916
487 262,57 2,18 1,60 73,00 9.222,00 5916
488 262,57 2,18 1,60 73,00 9.241,00 5916
489 262,57 2,18 1,60 73,00 9.260,00 5916
490 262,57 2,18 1,60 73,00 9.279,00 5916
491 262,57 2,18 1,60 73,00 9.298,00 5916
492 262,57 2,18 1,60 73,00 9.317,00 5916
493 262,57 2,18 1,60 73,00 9.336,00 5916
494 262,57 2,18 1,60 73,00 9.355,00 5916
495 262,57 2,18 1,60 73,00 9.374,00 5916
496 262,57 2,18 1,60 73,00 9.393,00 5916
497 262,57 2,18 1,60 73,00 9.412,00 5916
498 262,57 2,18 1,60 73,00 9.431,00 5916
499 262,57 2,18 1,60 73,00 9.450,00 5916
500 262,57 2,02 1,49 73,00 9.469,00 5916
501 262,57 2,02 1,49 73,00 9.488,00 5916
502 262,57 2,02 1,49 73,00 9.507,00 5916
503 262,57 2,02 1,49 73,00 9.526,00 5916
504 262,57 2,02 1,49 73,00 9.545,00 5916
505 262,57 2,02 1,49 73,00 9.564,00 5919
506 262,57 2,00 1,47 73,00 9.583,00 5919
507 262,57 2,00 1,47 73,00 9.602,00 5919
508 262,57 2,00 1,47 73,00 9.621,00 5919
509 262,57 2,00 1,47 73,00 9.640,00 5919
510 262,57 2,00 1,47 93,00 9.659,00 5919
511 262,57 2,00 1,47 93,00 9.678,00 5935
512 262,57 2,00 1,47 93,00 9.697,00 5937
513 262,57 2,00 1,47 93,00 9.716,00 5938
514 262,57 2,51 1,84 93,00 9.735,00 5938
515 262,57 2,51 1,84 93,00 9.754,00 5938
516 262,57 2,51 1,84 93,00 9.773,00 5938
517 262,57 2,51 1,84 93,00 9.792,00 5938
518 262,57 2,51 1,84 93,00 9.811,00 5938
519 262,57 2,51 1,84 93,00 9.830,00 5938
520 262,57 2,51 1,84 93,00 9.849,00 5938
521 262,57 2,51 1,84 93,00 9.868,00 5938
522 262,57 2,51 1,84 93,00 9.887,00 5938
523 262,57 2,51 1,84 93,00 9.906,00 5938
524 262,57 2,51 1,84 93,00 9.925,00 5938
525 262,57 2,51 1,84 93,00 9.944,00 5938
526 262,57 2,51 1,84 93,00 9.963,00 5938
527 262,57 2,51 1,84 93,00 9.982,00 5938
528 262,57 2,51 1,84 93,00 10.001,00 5938
529 262,57 2,51 1,84 93,00 10.020,00 5938
530 262,57 2,51 1,84 93,00 10.039,00 5938
531 262,57 2,51 1,84 93,00 10.058,00 5938
532 262,57 2,42 1,78 93,00 10.077,00 5938
533 262,57 2,42 1,78 93,00 10.096,00 5938
534 262,57 2,42 1,78 93,00 10.115,00 5938
535 262,57 2,42 1,78 93,00 10.134,00 5938
536 262,57 2,42 1,78 93,00 10.153,00 5938
537 262,57 2,42 1,78 93,00 10.172,00 5938
538 262,57 2,42 1,78 93,00 10.191,00 5938
539 262,57 2,42 1,78 93,00 10.210,00 5938
540 262,57 2,42 1,78 83,00 10.229,00 5938
541 262,57 2,13 1,56 83,00 10.248,00 5942
542 262,57 2,13 1,56 83,00 10.267,00 5944
543 262,57 2,13 1,56 83,00 10.286,00 5946
544 262,57 2,13 1,56 83,00 10.305,00 5947
545 262,57 2,13 1,56 83,00 10.324,00 5958
546 262,57 2,13 1,56 83,00 10.343,00 5965
547 262,57 2,13 1,56 83,00 10.362,00 5965
548 262,57 2,13 1,56 83,00 10.381,00 5965
549 262,57 2,13 1,56 83,00 10.400,00 5965
550 262,57 2,13 1,56 83,00 10.419,00 5965
551 262,57 2,13 1,56 83,00 10.438,00 5965
552 262,57 2,13 1,56 83,00 10.457,00 5965
553 262,57 2,13 1,56 83,00 10.476,00 5965
554 262,57 2,13 1,56 83,00 10.495,00 5965
555 262,57 2,13 1,56 83,00 10.514,00 5965
556 262,57 2,13 1,56 83,00 10.533,00 5965
557 262,57 2,13 1,56 83,00 10.552,00 5965
558 262,57 2,13 1,56 83,00 10.571,00 5965
559 262,57 2,13 1,56 83,00 10.590,00 5969
560 262,57 2,13 1,56 83,00 10.609,00 5969
561 262,57 2,13 1,56 83,00 10.628,00 5969
562 262,57 2,13 1,56 83,00 10.647,00 5969
563 262,57 2,04 1,50 83,00 10.666,00 5969
564 262,57 2,04 1,50 83,00 10.685,00 5969
565 262,57 2,04 1,50 83,00 10.704,00 5969
566 262,57 2,04 1,50 83,00 10.723,00 5969
567 262,57 2,04 1,50 83,00 10.742,00 5969
568 262,57 2,04 1,50 83,00 10.761,00 5969
569 262,57 2,04 1,50 83,00 10.780,00 5969
570 262,57 2,04 1,50 82,00 10.799,00 5969
571 262,57 2,04 1,50 82,00 10.818,00 5988
572 262,57 2,04 1,50 82,00 10.837,00 5994
573 262,57 2,04 1,50 82,00 10.856,00 5999
574 262,57 2,04 1,50 82,00 10.875,00 6004
575 262,57 2,04 1,50 82,00 10.894,00 6007
576 262,57 2,04 1,50 82,00 10.913,00 6009
577 262,57 2,04 1,50 82,00 10.932,00 6010
578 262,57 2,04 1,50 82,00 10.951,00 6010
579 262,57 2,04 1,50 82,00 10.970,00 6010
580 262,57 2,04 1,50 82,00 10.989,00 6010
581 262,57 2,04 1,50 82,00 11.008,00 6010
582 262,57 2,04 1,50 82,00 11.027,00 6010
583 262,57 2,04 1,50 82,00 11.046,00 6010
584 262,57 2,04 1,50 82,00 11.065,00 6010
585 262,57 2,04 1,50 82,00 11.084,00 6010
586 262,57 2,04 1,50 82,00 11.103,00 6010
587 262,57 2,04 1,50 82,00 11.122,00 6010
588 262,57 2,04 1,50 82,00 11.141,00 6010
589 262,57 2,04 1,50 82,00 11.160,00 6010
590 262,57 2,04 1,50 82,00 11.179,00 6010
591 262,57 2,04 1,50 82,00 11.198,00 6010
592 262,57 2,04 1,50 82,00 11.217,00 6010
593 262,57 2,04 1,50 82,00 11.236,00 6010
594 262,57 1,91 1,41 82,00 11.255,00 6010
595 262,57 1,91 1,40 82,00 11.274,00 6010
596 262,57 1,91 1,40 82,00 11.293,00 6010
597 262,57 1,91 1,40 82,00 11.312,00 6010
598 262,57 1,91 1,40 82,00 11.331,00 6010
599 262,57 1,91 1,40 82,00 11.350,00 6010
600 262,57 1,91 1,40 76,00 11.369,00 6010
601 262,57 1,91 1,40 76,00 11.388,00 6019
602 262,57 1,91 1,40 76,00 11.407,00 6021
603 262,57 1,91 1,40 76,00 11.426,00 6022
604 262,57 1,91 1,40 76,00 11.445,00 6022
605 262,57 1,91 1,40 76,00 11.464,00 6022
606 262,57 1,91 1,40 76,00 11.483,00 6022
607 262,57 1,73 1,27 76,00 11.502,00 6022
608 262,57 1,73 1,27 76,00 11.521,00 6023
609 262,57 1,73 1,27 76,00 11.540,00 6023
610 262,57 1,73 1,27 76,00 11.559,00 6023
611 262,57 1,73 1,27 76,00 11.578,00 6023
612 262,57 1,73 1,27 76,00 11.597,00 6023
613 262,57 1,73 1,27 76,00 11.616,00 6023
614 262,57 1,73 1,27 76,00 11.635,00 6023
615 262,57 1,71 1,26 76,00 11.654,00 6023
616 262,57 1,71 1,26 76,00 11.673,00 6023
617 262,57 1,71 1,26 76,00 11.692,00 6023
618 262,57 1,71 1,26 76,00 11.711,00 6023
619 262,57 1,71 1,26 76,00 11.730,00 6023
620 262,57 1,71 1,26 76,00 11.749,00 6023
621 262,57 1,70 1,25 76,00 11.768,00 6023
622 262,57 1,69 1,24 76,00 11.787,00 6023
623 262,57 1,69 1,24 76,00 11.806,00 6023
624 262,57 1,69 1,24 76,00 11.825,00 6023
625 262,57 1,69 1,24 76,00 11.844,00 6023
626 262,57 1,69 1,24 76,00 11.863,00 6023
627 262,57 1,69 1,24 76,00 11.882,00 6023
628 262,57 1,69 1,24 76,00 11.901,00 6023
629 262,57 1,67 1,23 76,00 11.920,00 6023
630 262,57 1,67 1,23 88,00 11.939,00 6023
631 262,57 1,67 1,23 88,00 11.958,00 6039
632 262,57 1,67 1,23 88,00 11.977,00 6043
633 262,57 1,67 1,23 88,00 11.996,00 6043
634 262,57 1,67 1,23 88,00 12.015,00 6043
635 262,57 1,67 1,23 88,00 12.034,00 6043
636 262,57 1,67 1,23 88,00 12.053,00 6043
637 262,57 1,67 1,23 88,00 12.072,00 6043
638 262,57 1,91 1,40 88,00 12.091,00 6043
639 262,57 1,91 1,40 88,00 12.110,00 6043
640 262,57 1,91 1,40 88,00 12.129,00 6043
641 262,57 1,91 1,40 88,00 12.148,00 6043
642 262,57 1,91 1,40 88,00 12.167,00 6043
643 262,57 1,91 1,40 88,00 12.186,00 6043
644 262,57 1,91 1,40 88,00 12.205,00 6043
645 262,57 1,89 1,39 88,00 12.224,00 6043
646 262,57 1,89 1,39 88,00 12.243,00 6043
647 262,57 1,89 1,39 88,00 12.262,00 6043
648 262,57 1,89 1,39 88,00 12.281,00 6043
649 262,57 1,88 1,38 88,00 12.300,00 6043
650 262,57 1,88 1,38 88,00 12.319,00 6043
651 262,57 1,88 1,38 88,00 12.338,00 6043
652 262,57 1,87 1,37 88,00 12.357,00 6043
653 262,57 1,87 1,37 88,00 12.376,00 6043
654 262,57 1,87 1,37 88,00 12.395,00 6043
655 262,57 1,87 1,37 88,00 12.414,00 6043
656 262,57 1,87 1,37 88,00 12.433,00 6043
657 262,57 1,87 1,37 88,00 12.452,00 6043
658 262,57 1,87 1,37 88,00 12.471,00 6043
659 262,57 1,87 1,37 88,00 12.490,00 6043
660 262,57 1,87 1,37 84,00 12.509,00 6043
661 262,57 1,76 1,29 84,00 12.528,00 6047
662 262,57 1,76 1,29 84,00 12.547,00 6047
663 262,57 1,76 1,29 84,00 12.566,00 6047
664 262,57 1,76 1,29 84,00 12.585,00 6047
665 262,57 1,76 1,29 84,00 12.604,00 6047
666 262,57 1,76 1,29 84,00 12.623,00 6047
667 262,57 1,76 1,29 84,00 12.642,00 6047
668 262,57 1,74 1,28 84,00 12.661,00 6048
669 262,57 1,74 1,28 84,00 12.680,00 6048
670 262,57 1,74 1,28 84,00 12.699,00 6048
671 262,57 1,73 1,27 84,00 12.718,00 6048
672 262,57 1,73 1,27 84,00 12.737,00 6048
673 262,57 1,73 1,27 84,00 12.756,00 6048
674 262,57 1,73 1,27 84,00 12.775,00 6048
675 262,57 1,73 1,27 84,00 12.794,00 6048
676 262,57 1,73 1,27 84,00 12.813,00 6048
677 262,57 1,73 1,27 84,00 12.832,00 6048
678 262,57 1,73 1,27 84,00 12.851,00 6048
679 262,57 1,71 1,26 84,00 12.870,00 6048
680 262,57 1,71 1,26 84,00 12.889,00 6048
681 262,57 1,71 1,26 84,00 12.908,00 6048
682 262,57 1,71 1,26 84,00 12.927,00 6048
683 262,57 1,71 1,26 84,00 12.946,00 6048
684 262,57 1,71 1,26 84,00 12.965,00 6048
685 262,57 1,71 1,26 84,00 12.984,00 6048
686 262,57 1,71 1,26 84,00 13.003,00 6048
687 262,57 1,71 1,26 84,00 13.022,00 6048
688 262,57 1,71 1,26 84,00 13.041,00 6048
689 262,57 1,69 1,24 84,00 13.060,00 6048
690 262,57 1,69 1,24 99,00 13.079,00 6048
691 262,57 1,69 1,24 99,00 13.098,00 6060
692 262,57 1,69 1,24 99,00 13.117,00 6063
693 262,57 1,69 1,24 99,00 13.136,00 6066
694 262,57 1,69 1,24 99,00 13.155,00 6067
695 262,57 1,97 1,45 99,00 13.174,00 6068
696 262,57 1,97 1,45 99,00 13.193,00 6070
697 262,57 1,97 1,45 99,00 13.212,00 6070
698 262,57 1,97 1,45 99,00 13.231,00 6070
699 262,57 1,97 1,45 99,00 13.250,00 6070
700 262,57 1,97 1,45 99,00 13.269,00 6070
701 262,57 1,97 1,45 99,00 13.288,00 6070
702 262,57 1,97 1,45 99,00 13.307,00 6070
703 262,57 1,97 1,45 99,00 13.326,00 6070
704 262,57 1,95 1,43 99,00 13.345,00 6070
705 262,57 1,95 1,43 99,00 13.364,00 6070
706 262,57 1,95 1,43 99,00 13.383,00 6070
707 262,57 1,95 1,43 99,00 13.402,00 6070
708 262,57 1,95 1,43 99,00 13.421,00 6070
709 262,57 1,95 1,43 99,00 13.440,00 6070
710 262,57 1,95 1,43 99,00 13.459,00 6070
711 262,57 1,95 1,43 99,00 13.478,00 6070
712 262,57 1,95 1,43 99,00 13.497,00 6070
713 262,57 1,95 1,43 99,00 13.516,00 6070
714 262,57 1,95 1,43 99,00 13.535,00 6070
715 262,57 1,95 1,43 99,00 13.554,00 6070
716 262,57 1,95 1,43 99,00 13.573,00 6070
717 262,57 1,95 1,43 99,00 13.592,00 6070
718 262,57 1,91 1,40 99,00 13.611,00 6070
719 262,57 1,91 1,40 99,00 13.630,00 6070
720 262,57 1,91 1,40 87,00 13.649,00 6070
721 262,57 1,91 1,40 87,00 13.668,00 6073
722 262,57 1,91 1,40 87,00 13.687,00 6073
723 262,57 1,91 1,40 87,00 13.706,00 6073
724 262,57 1,91 1,40 87,00 13.725,00 6073
725 262,57 1,91 1,40 87,00 13.744,00 6073
726 262,57 1,91 1,40 87,00 13.763,00 6073
727 262,57 1,91 1,40 87,00 13.782,00 6073
728 262,57 1,91 1,40 87,00 13.801,00 6073
729 262,57 1,91 1,40 87,00 13.820,00 6073
730 262,57 1,91 1,40 87,00 13.839,00 6073
731 262,57 1,65 1,21 87,00 13.858,00 6073
732 262,57 1,65 1,21 87,00 13.877,00 6073
733 262,57 1,65 1,21 87,00 13.896,00 6073
734 262,57 1,65 1,21 87,00 13.915,00 6073
735 262,57 1,65 1,21 87,00 13.934,00 6073
736 262,57 1,64 1,20 87,00 13.953,00 6073
737 262,57 1,64 1,20 87,00 13.972,00 6073
738 262,57 1,64 1,20 87,00 13.991,00 6073
739 262,57 1,63 1,20 87,00 14.010,00 6073
740 262,57 1,63 1,20 87,00 14.029,00 6073
741 262,57 1,63 1,20 87,00 14.048,00 6073
742 262,57 1,63 1,20 87,00 14.067,00 6073
743 262,57 1,63 1,20 87,00 14.086,00 6073
744 262,57 1,63 1,20 87,00 14.105,00 6073
745 262,57 1,63 1,20 87,00 14.124,00 6073
746 262,57 1,63 1,20 87,00 14.143,00 6073
747 262,57 1,63 1,20 87,00 14.162,00 6073
748 262,57 1,63 1,20 87,00 14.181,00 6073
749 262,57 1,63 1,20 87,00 14.200,00 6073
750 262,57 1,63 1,20 95,00 14.219,00 6073
751 262,57 1,63 1,20 95,00 14.238,00 6081
752 262,57 1,63 1,20 95,00 14.257,00 6085
753 262,57 1,63 1,20 95,00 14.276,00 6085
754 262,57 1,63 1,20 95,00 14.295,00 6085
755 262,57 1,63 1,20 95,00 14.314,00 6085
756 262,57 1,63 1,20 95,00 14.333,00 6085
757 262,57 1,63 1,20 95,00 14.352,00 6085
758 262,57 1,74 1,28 95,00 14.371,00 6091
759 262,57 1,74 1,28 95,00 14.390,00 6094
760 262,57 1,73 1,27 95,00 14.409,00 6096
761 262,57 1,73 1,27 95,00 14.428,00 6097
762 262,57 1,73 1,27 95,00 14.447,00 6098
763 262,57 1,73 1,27 95,00 14.466,00 6098
764 262,57 1,73 1,27 95,00 14.485,00 6098
765 262,57 1,73 1,27 95,00 14.504,00 6098
766 262,57 1,73 1,27 95,00 14.523,00 6098
767 262,57 1,72 1,26 95,00 14.542,00 6098
768 262,57 1,72 1,26 95,00 14.561,00 6098
769 262,57 1,72 1,26 95,00 14.580,00 6098
770 262,57 1,72 1,26 95,00 14.599,00 6098
771 262,57 1,72 1,26 95,00 14.618,00 6098
772 262,57 1,72 1,26 95,00 14.637,00 6098
773 262,57 1,72 1,26 95,00 14.656,00 6098
774 262,57 1,72 1,26 95,00 14.675,00 6098
775 262,57 1,72 1,26 95,00 14.694,00 6098
776 262,57 1,72 1,26 95,00 14.713,00 6098
777 262,57 1,69 1,24 95,00 14.732,00 6098
778 262,57 1,69 1,24 95,00 14.751,00 6098
779 262,57 1,69 1,24 95,00 14.770,00 6098
780 262,57 1,69 1,24 89,00 14.789,00 6098
781 262,57 1,69 1,24 89,00 14.808,00 6102
782 262,57 1,69 1,24 89,00 14.827,00 6107
783 262,57 1,69 1,24 89,00 14.846,00 6110
784 262,57 1,69 1,24 89,00 14.865,00 6111
785 262,57 1,69 1,24 89,00 14.884,00 6111
786 262,57 1,69 1,24 89,00 14.903,00 6111
787 262,57 1,69 1,24 89,00 14.922,00 6111
788 262,57 1,69 1,24 89,00 14.941,00 6111
789 262,57 1,69 1,24 89,00 14.960,00 6111
790 262,57 1,69 1,24 89,00 14.979,00 6111
791 262,57 1,69 1,24 89,00 14.998,00 6111
792 262,57 1,69 1,24 89,00 15.017,00 6111
793 262,57 1,69 1,24 89,00 15.036,00 6111
794 262,57 1,69 1,24 89,00 15.055,00 6111
795 262,57 1,69 1,24 89,00 15.074,00 6111
796 262,57 1,69 1,24 89,00 15.093,00 6111
797 262,57 1,69 1,24 89,00 15.112,00 6111
798 262,57 1,69 1,24 89,00 15.131,00 6111
799 262,57 1,69 1,24 89,00 15.150,00 6111
800 262,57 1,69 1,24 89,00 15.169,00 6111
801 262,57 1,69 1,24 89,00 15.188,00 6111
802 262,57 1,69 1,24 89,00 15.207,00 6111
803 262,57 1,69 1,24 89,00 15.226,00 6111
804 262,57 1,69 1,24 89,00 15.245,00 6111
805 262,57 1,53 1,12 89,00 15.264,00 6111
806 262,57 1,53 1,12 89,00 15.283,00 6111
807 262,57 1,53 1,12 89,00 15.302,00 6111
808 262,57 1,53 1,12 89,00 15.321,00 6111
809 262,57 1,53 1,12 89,00 15.340,00 6111
810 262,57 1,52 1,12 115,00 15.359,00 6111
811 262,57 1,52 1,12 115,00 15.378,00 6120
812 262,57 1,52 1,12 115,00 15.397,00 6122
813 262,57 1,96 1,44 115,00 15.416,00 6123
814 262,57 1,96 1,44 115,00 15.435,00 6123
815 262,57 1,96 1,44 115,00 15.454,00 6123
816 262,57 1,96 1,44 115,00 15.473,00 6123
817 262,57 1,96 1,44 115,00 15.492,00 6123
818 262,57 1,96 1,44 115,00 15.511,00 6123
819 262,57 1,96 1,44 115,00 15.530,00 6123
820 262,57 1,96 1,44 115,00 15.549,00 6123
821 262,57 1,96 1,44 115,00 15.568,00 6123
822 262,57 1,94 1,42 115,00 15.587,00 6123
823 262,57 1,94 1,42 115,00 15.606,00 6123
824 262,57 1,93 1,42 115,00 15.625,00 6123
825 262,57 1,93 1,42 115,00 15.644,00 6123
826 262,57 1,93 1,42 115,00 15.663,00 6123
827 262,57 1,93 1,42 115,00 15.682,00 6123
828 262,57 1,93 1,42 115,00 15.701,00 6123
829 262,57 1,92 1,41 115,00 15.720,00 6123
830 262,57 1,92 1,41 115,00 15.739,00 6123
831 262,57 1,92 1,41 115,00 15.758,00 6123
832 262,57 1,92 1,41 115,00 15.777,00 6123
833 262,57 1,92 1,41 115,00 15.796,00 6123
834 262,57 1,92 1,41 115,00 15.815,00 6123
835 262,57 1,92 1,41 115,00 15.834,00 6123
836 262,57 1,92 1,41 115,00 15.853,00 6123
837 262,57 1,92 1,41 115,00 15.872,00 6123
838 262,57 1,92 1,41 115,00 15.891,00 6123
839 262,57 1,92 1,41 115,00 15.910,00 6123
840 262,57 1,92 1,41 88,00 15.929,00 6123
841 262,57 1,92 1,41 88,00 15.948,00 6130
842 262,57 1,92 1,41 88,00 15.967,00 6130
843 262,57 1,92 1,41 88,00 15.986,00 6130
844 262,57 1,92 1,41 88,00 16.005,00 6130
845 262,57 1,92 1,41 88,00 16.024,00 6130
846 262,57 1,92 1,41 88,00 16.043,00 6130
847 262,57 1,92 1,41 88,00 16.062,00 6130
848 262,57 1,92 1,41 88,00 16.081,00 6130
849 262,57 1,92 1,41 88,00 16.100,00 6130
850 262,57 1,92 1,41 88,00 16.119,00 6130
851 262,57 1,92 1,41 88,00 16.138,00 6130
852 262,57 1,92 1,41 88,00 16.157,00 6130
853 262,57 1,92 1,41 88,00 16.176,00 6130
854 262,57 1,92 1,41 88,00 16.195,00 6130
855 262,57 1,92 1,41 88,00 16.214,00 6130
856 262,57 1,92 1,41 88,00 16.233,00 6130
857 262,57 1,92 1,41 88,00 16.252,00 6130
858 262,57 1,92 1,41 88,00 16.271,00 6130
859 262,57 1,92 1,41 88,00 16.290,00 6130
860 262,57 1,92 1,41 88,00 16.309,00 6130
861 262,57 1,92 1,41 88,00 16.328,00 6130
862 262,57 1,92 1,41 88,00 16.347,00 6130
863 262,57 1,92 1,41 88,00 16.366,00 6130
864 262,57 1,92 1,41 88,00 16.385,00 6130
865 262,57 1,92 1,41 88,00 16.404,00 6130
866 262,57 1,92 1,41 88,00 16.423,00 6130
867 262,57 1,92 1,41 88,00 16.442,00 6130
868 262,57 1,92 1,41 88,00 16.461,00 6130
869 262,57 1,92 1,41 88,00 16.480,00 6130
870 262,57 1,92 1,41 62,00 16.499,00 6130
871 262,57 0,99 0,72 62,00 16.518,00 6139
872 262,57 0,99 0,72 62,00 16.537,00 6142
873 262,57 0,99 0,72 62,00 16.556,00 6144
874 262,57 0,99 0,72 62,00 16.575,00 6144
875 262,57 0,99 0,72 62,00 16.594,00 6152
876 262,57 0,99 0,72 62,00 16.613,00 6155
877 262,57 0,99 0,72 62,00 16.632,00 6156
878 262,57 0,99 0,72 62,00 16.651,00 6156
879 262,57 0,99 0,72 62,00 16.670,00 6156
880 262,57 0,99 0,72 62,00 16.689,00 6156
881 262,57 0,99 0,72 62,00 16.708,00 6156
882 262,57 0,97 0,72 62,00 16.727,00 6156
883 262,57 0,97 0,72 62,00 16.746,00 6156
884 262,57 0,97 0,72 62,00 16.765,00 6156
885 262,57 0,97 0,72 62,00 16.784,00 6156
886 262,57 0,97 0,72 62,00 16.803,00 6156
887 262,57 0,97 0,72 62,00 16.822,00 6156
888 262,57 0,97 0,72 62,00 16.841,00 6156
889 262,57 0,97 0,72 62,00 16.860,00 6156
890 262,57 0,97 0,72 62,00 16.879,00 6156
891 262,57 0,97 0,72 62,00 16.898,00 6156
892 262,57 0,97 0,72 62,00 16.917,00 6156
893 262,57 0,97 0,72 62,00 16.936,00 6156
894 262,57 0,97 0,72 62,00 16.955,00 6156
895 262,57 0,97 0,72 62,00 16.974,00 6156
896 262,57 0,97 0,72 62,00 16.993,00 6156
897 262,57 0,97 0,72 62,00 17.012,00 6156
898 262,57 0,97 0,72 62,00 17.031,00 6156
899 262,57 0,97 0,72 62,00 17.050,00 6156
900 262,57 0,97 0,72 102,00 17.069,00 6156
901 262,57 0,97 0,72 102,00 17.088,00 6161
902 262,57 0,97 0,72 102,00 17.107,00 6162
903 262,57 1,56 1,15 102,00 17.126,00 6163
904 262,57 1,56 1,15 102,00 17.145,00 6163
905 262,57 1,56 1,15 102,00 17.164,00 6164
906 262,57 1,56 1,15 102,00 17.183,00 6165
907 262,57 1,56 1,15 102,00 17.202,00 6165
908 262,57 1,56 1,14 102,00 17.221,00 6165
909 262,57 1,56 1,14 102,00 17.240,00 6165
910 262,57 1,56 1,14 102,00 17.259,00 6165
911 262,57 1,55 1,14 102,00 17.278,00 6165
912 262,57 1,55 1,14 102,00 17.297,00 6165
913 262,57 1,55 1,14 102,00 17.316,00 6165
914 262,57 1,55 1,14 102,00 17.335,00 6165
915 262,57 1,55 1,14 102,00 17.354,00 6165
916 262,57 1,55 1,14 102,00 17.373,00 6165
917 262,57 1,55 1,14 102,00 17.392,00 6165
918 262,57 1,55 1,14 102,00 17.411,00 6165
919 262,57 1,55 1,14 102,00 17.430,00 6165
920 262,57 1,55 1,14 102,00 17.449,00 6165
921 262,57 1,55 1,14 102,00 17.468,00 6165
922 262,57 1,55 1,14 102,00 17.487,00 6165
923 262,57 1,55 1,14 102,00 17.506,00 6165
924 262,57 1,55 1,14 102,00 17.525,00 6165
925 262,57 1,55 1,14 102,00 17.544,00 6165
926 262,57 1,55 1,14 102,00 17.563,00 6165
927 262,57 1,55 1,14 102,00 17.582,00 6165
928 262,57 1,55 1,14 102,00 17.601,00 6165
929 262,57 1,55 1,14 102,00 17.620,00 6165
930 262,57 1,55 1,14 103,00 17.639,00 6165
931 262,57 1,55 1,14 103,00 17.658,00 6173
932 262,57 1,55 1,14 103,00 17.677,00 6176
933 262,57 1,55 1,14 103,00 17.696,00 6176
934 262,57 1,55 1,14 103,00 17.715,00 6176
935 262,57 1,55 1,14 103,00 17.734,00 6176
936 262,57 1,55 1,14 103,00 17.753,00 6177
937 262,57 1,55 1,14 103,00 17.772,00 6177
938 262,57 1,55 1,14 103,00 17.791,00 6177
939 262,57 1,55 1,14 103,00 17.810,00 6177
940 262,57 1,55 1,14 103,00 17.829,00 6177
941 262,57 1,55 1,14 103,00 17.848,00 6177
942 262,57 1,55 1,14 103,00 17.867,00 6177
943 262,57 1,55 1,14 103,00 17.886,00 6177
944 262,57 1,55 1,14 103,00 17.905,00 6177
945 262,57 1,55 1,14 103,00 17.924,00 6177
946 262,57 1,55 1,14 103,00 17.943,00 6177
947 262,57 1,55 1,14 103,00 17.962,00 6177
948 262,57 1,55 1,14 103,00 17.981,00 6177
949 262,57 1,55 1,14 103,00 18.000,00 6177
950 262,57 1,55 1,14 103,00 18.019,00 6177
951 262,57 1,55 1,14 103,00 18.038,00 6177
952 262,57 1,55 1,14 103,00 18.057,00 6177
953 262,57 1,55 1,14 103,00 18.076,00 6177
954 262,57 1,55 1,14 103,00 18.095,00 6177
955 262,57 1,55 1,14 103,00 18.114,00 6177
956 262,57 1,55 1,14 103,00 18.133,00 6177
957 262,57 1,55 1,14 103,00 18.152,00 6177
958 262,57 1,55 1,14 103,00 18.171,00 6177
959 262,57 1,55 1,14 103,00 18.190,00 6177
960 262,57 1,55 1,14 106,00 18.209,00 6177
961 262,57 1,55 1,14 106,00 18.228,00 6179
962 262,57 1,53 1,12 106,00 18.247,00 6180
963 262,57 1,53 1,12 106,00 18.266,00 6180
964 262,57 1,53 1,12 106,00 18.285,00 6180
965 262,57 1,53 1,12 106,00 18.304,00 6181
966 262,57 1,53 1,12 106,00 18.323,00 6181
967 262,57 1,53 1,12 106,00 18.342,00 6181
968 262,57 1,53 1,12 106,00 18.361,00 6181
969 262,57 1,53 1,12 106,00 18.380,00 6181
970 262,57 1,53 1,12 106,00 18.399,00 6181
971 262,57 1,53 1,12 106,00 18.418,00 6181
972 262,57 1,53 1,12 106,00 18.437,00 6181
973 262,57 1,53 1,12 106,00 18.456,00 6181
974 262,57 1,53 1,12 106,00 18.475,00 6181
975 262,57 1,53 1,12 106,00 18.494,00 6181
976 262,57 1,53 1,12 106,00 18.513,00 6181
977 262,57 1,53 1,12 106,00 18.532,00 6181
978 262,57 1,53 1,12 106,00 18.551,00 6181
979 262,57 1,53 1,12 106,00 18.570,00 6181
980 262,57 1,53 1,12 106,00 18.589,00 6181
981 262,57 1,53 1,12 106,00 18.608,00 6181
982 262,57 1,53 1,12 106,00 18.627,00 6181
983 262,57 1,53 1,12 106,00 18.646,00 6181
984 262,57 1,53 1,12 106,00 18.665,00 6181
985 262,57 1,53 1,12 106,00 18.684,00 6181
986 262,57 1,53 1,12 106,00 18.703,00 6181
987 262,57 1,53 1,12 106,00 18.722,00 6181
988 262,57 1,53 1,12 106,00 18.741,00 6181
989 262,57 1,53 1,12 106,00 18.760,00 6181
990 262,57 1,48 1,09 112,00 18.779,00 6181
991 262,57 1,48 1,09 112,00 18.798,00 6187
992 262,57 1,48 1,09 112,00 18.817,00 6189
993 262,57 1,56 1,15 112,00 18.836,00 6189
994 262,57 1,56 1,15 112,00 18.855,00 6189
995 262,57 1,56 1,15 112,00 18.874,00 6189
996 262,57 1,56 1,15 112,00 18.893,00 6189
997 262,57 1,56 1,15 112,00 18.912,00 6189
998 262,57 1,56 1,15 112,00 18.931,00 6189
999 262,57 1,55 1,14 112,00 18.950,00 6189
