1000
0 366,57 366,57 366,57 1,00 19,00 0
1 366,57 366,57 366,57 1,00 30,00 1235
2 366,57 366,57 203,90 1,00 41,00 1774
3 366,57 366,57 217,61 1,00 52,00 1865
4 366,57 366,57 219,89 1,00 63,00 1875
5 366,57 366,57 219,82 1,00 74,00 1879
6 366,57 366,57 219,76 1,00 85,00 1881
7 366,57 366,57 219,46 1,00 96,00 1881
8 366,57 366,57 219,46 1,00 107,00 1881
9 366,57 3,11 1,86 1,00 118,00 1881
10 366,57 3,11 1,86 1,00 129,00 1881
11 366,57 3,11 1,86 1,00 140,00 1881
12 366,57 3,11 1,86 1,00 151,00 1881
13 366,57 3,11 1,86 1,00 162,00 1881
14 366,57 3,11 1,86 1,00 173,00 1881
15 366,57 3,11 1,86 1,00 184,00 1881
16 366,57 3,11 1,86 1,00 195,00 1881
17 366,57 3,11 1,86 1,00 206,00 1881
18 366,57 3,11 1,86 1,00 217,00 1881
19 366,57 3,11 1,86 1,00 228,00 1881
20 366,57 3,11 1,86 1,00 239,00 1881
21 366,57 3,11 1,86 1,00 250,00 1881
22 366,57 3,11 1,86 1,00 261,00 1881
23 366,57 3,11 1,86 1,00 272,00 1881
24 366,57 3,11 1,86 1,00 283,00 1881
25 366,57 3,11 1,86 1,00 294,00 1881
26 366,57 3,11 1,86 1,00 305,00 1881
27 366,57 3,11 1,86 1,00 316,00 1881
28 366,57 3,11 1,86 1,00 327,00 1881
29 366,57 3,11 1,86 1,00 338,00 1881
30 366,57 3,11 1,86 93,00 349,00 1881
31 366,57 97,96 58,65 93,00 359,00 2704
32 366,57 95,23 55,70 93,00 369,00 3431
33 366,57 95,23 54,71 93,00 380,00 3821
34 366,57 87,19 52,89 93,00 391,00 4072
35 366,57 87,19 53,49 93,00 402,00 4286
36 366,57 87,19 51,55 93,00 413,00 4405
37 366,57 87,19 51,52 93,00 424,00 4558
38 366,57 87,19 52,94 93,00 435,00 4625
39 366,57 76,44 44,89 93,00 446,00 4666
40 366,57 76,44 44,75 93,00 457,00 4711
41 366,57 76,44 45,20 93,00 468,00 4762
42 366,57 76,44 46,00 93,00 479,00 4795
43 366,57 76,44 44,42 93,00 490,00 4831
44 366,57 76,44 45,65 93,00 501,00 4863
45 366,57 76,44 45,57 93,00 512,00 4893
46 366,57 76,44 45,69 93,00 523,00 4918
47 366,57 63,84 37,95 93,00 534,00 4938
48 366,57 63,84 37,93 93,00 545,00 4953
49 366,57 63,84 37,95 93,00 556,00 4969
50 366,57 63,84 37,89 93,00 567,00 4978
51 366,57 63,84 37,90 93,00 578,00 4991
52 366,57 63,84 37,84 93,00 589,00 5006
53 366,57 63,84 37,82 93,00 600,00 5016
54 366,57 63,84 37,83 93,00 611,00 5027
55 366,57 63,84 37,79 93,00 622,00 5033
56 366,57 63,84 37,79 93,00 633,00 5043
57 366,57 63,84 37,74 93,00 644,00 5047
58 366,57 63,84 37,74 93,00 655,00 5055
59 366,57 63,84 37,74 93,00 666,00 5061
60 366,57 63,84 37,74 1,00 677,00 5068
61 366,57 63,84 37,74 1,00 688,00 5076
62 366,57 63,84 37,63 1,00 699,00 5097
63 366,57 63,84 37,61 1,00 710,00 5110
64 366,57 63,84 37,58 1,00 721,00 5114
65 366,57 63,84 37,56 1,00 732,00 5115
66 366,57 63,84 37,55 1,00 743,00 5118
67 366,57 63,84 37,56 1,00 754,00 5123
68 366,57 63,84 37,56 1,00 765,00 5124
69 366,57 63,84 37,56 1,00 776,00 5125
70 366,57 63,84 37,56 1,00 787,00 5125
71 366,57 63,84 37,56 1,00 798,00 5125
72 366,57 63,84 37,56 1,00 809,00 5125
73 366,57 63,84 37,56 1,00 820,00 5125
74 366,57 63,84 37,56 1,00 831,00 5126
75 366,57 63,84 37,56 1,00 842,00 5126
76 366,57 63,84 37,56 1,00 853,00 5126
77 366,57 63,84 37,56 1,00 864,00 5126
78 366,57 63,84 37,56 1,00 875,00 5127
79 366,57 63,84 37,56 1,00 886,00 5128
80 366,57 63,84 37,56 1,00 897,00 5128
81 366,57 63,84 37,56 1,00 908,00 5128
82 366,57 63,84 37,56 1,00 919,00 5128
83 366,57 63,84 37,56 1,00 930,00 5128
84 366,57 63,84 37,56 1,00 941,00 5128
85 366,57 63,84 37,56 1,00 952,00 5128
86 366,57 63,84 37,56 1,00 963,00 5128
87 366,57 63,84 37,56 1,00 974,00 5128
88 366,57 63,84 37,56 1,00 985,00 5129
89 366,57 63,84 37,56 1,00 996,00 5133
90 366,57 63,84 37,56 1,00 1.007,00 5133
91 366,57 63,84 37,56 1,00 1.018,00 5240
92 366,57 63,84 36,98 1,00 1.029,00 5280
93 366,57 63,84 36,95 1,00 1.040,00 5298
94 366,57 63,84 36,95 1,00 1.051,00 5308
95 366,57 63,84 36,91 1,00 1.062,00 5318
96 366,57 63,84 36,90 1,00 1.073,00 5327
97 366,57 63,84 36,88 1,00 1.084,00 5336
98 366,57 63,84 36,88 1,00 1.095,00 5340
99 366,57 63,84 36,88 1,00 1.106,00 5347
100 366,57 63,84 36,88 1,00 1.117,00 5351
101 366,57 63,84 36,88 1,00 1.128,00 5353
102 366,57 0,32 0,19 1,00 1.139,00 5354
103 366,57 0,32 0,19 1,00 1.150,00 5357
104 366,57 0,32 0,19 1,00 1.161,00 5357
105 366,57 0,32 0,19 1,00 1.172,00 5357
106 366,57 0,32 0,19 1,00 1.183,00 5357
107 366,57 0,32 0,19 1,00 1.194,00 5357
108 366,57 0,32 0,19 1,00 1.205,00 5357
109 366,57 0,30 0,17 1,00 1.216,00 5359
110 366,57 0,30 0,17 1,00 1.227,00 5359
111 366,57 0,30 0,17 1,00 1.238,00 5360
112 366,57 0,30 0,17 1,00 1.249,00 5362
113 366,57 0,30 0,17 1,00 1.260,00 5364
114 366,57 0,30 0,17 1,00 1.271,00 5366
115 366,57 0,30 0,17 1,00 1.282,00 5366
116 366,57 0,30 0,17 1,00 1.293,00 5366
117 366,57 0,30 0,17 1,00 1.304,00 5366
118 366,57 0,30 0,17 1,00 1.315,00 5367
119 366,57 0,30 0,17 1,00 1.326,00 5368
120 366,57 0,30 0,17 99,00 1.337,00 5368
121 366,57 27,16 15,69 99,00 1.347,00 5378
122 366,57 27,16 15,47 99,00 1.358,00 5387
123 366,57 27,16 15,47 99,00 1.369,00 5391
124 366,57 27,16 15,47 99,00 1.380,00 5392
125 366,57 27,16 15,47 99,00 1.391,00 5392
126 366,57 27,16 15,47 99,00 1.402,00 5392
127 366,57 27,16 15,47 99,00 1.413,00 5392
128 366,57 27,16 15,47 99,00 1.424,00 5392
129 366,57 27,16 15,47 99,00 1.435,00 5392
130 366,57 27,16 15,47 99,00 1.446,00 5392
131 366,57 27,16 15,47 99,00 1.457,00 5392
132 366,57 27,16 15,47 99,00 1.468,00 5392
133 366,57 27,16 15,47 99,00 1.479,00 5392
134 366,57 27,16 15,47 99,00 1.490,00 5392
135 366,57 27,16 15,47 99,00 1.501,00 5392
136 366,57 27,16 15,47 99,00 1.512,00 5392
137 366,57 27,16 15,47 99,00 1.523,00 5392
138 366,57 27,16 15,47 99,00 1.534,00 5392
139 366,57 27,16 15,47 99,00 1.545,00 5392
140 366,57 27,16 15,47 99,00 1.556,00 5397
141 366,57 27,16 15,30 99,00 1.567,00 5398
142 366,57 27,16 15,30 99,00 1.578,00 5398
143 366,57 27,16 15,30 99,00 1.589,00 5398
144 366,57 27,16 15,30 99,00 1.600,00 5398
145 366,57 22,53 12,69 99,00 1.611,00 5398
146 366,57 22,53 12,69 99,00 1.622,00 5398
147 366,57 22,53 12,69 99,00 1.633,00 5398
148 366,57 22,53 12,69 99,00 1.644,00 5398
149 366,57 22,53 12,69 99,00 1.655,00 5398
150 366,57 22,53 12,69 3,00 1.666,00 5398
151 366,57 22,53 12,69 3,00 1.677,00 5443
152 366,57 0,65 0,36 3,00 1.688,00 5461
153 366,57 0,65 0,36 3,00 1.699,00 5469
154 366,57 0,65 0,36 3,00 1.710,00 5476
155 366,57 0,65 0,36 3,00 1.721,00 5480
156 366,57 0,65 0,36 3,00 1.732,00 5482
157 366,57 0,65 0,36 3,00 1.743,00 5482
158 366,57 0,65 0,36 3,00 1.754,00 5492
159 366,57 0,65 0,36 3,00 1.765,00 5501
160 366,57 0,65 0,36 3,00 1.776,00 5510
161 366,57 0,65 0,36 3,00 1.787,00 5520
162 366,57 0,65 0,36 3,00 1.798,00 5532
163 366,57 0,61 0,34 3,00 1.809,00 5544
164 366,57 0,61 0,34 3,00 1.820,00 5553
165 366,57 0,61 0,34 3,00 1.831,00 5560
166 366,57 0,61 0,34 3,00 1.842,00 5566
167 366,57 0,61 0,34 3,00 1.853,00 5570
168 366,57 0,61 0,34 3,00 1.864,00 5573
169 366,57 0,59 0,33 3,00 1.875,00 5575
170 366,57 0,59 0,33 3,00 1.886,00 5576
171 366,57 0,59 0,33 3,00 1.897,00 5577
172 366,57 0,58 0,32 3,00 1.908,00 5578
173 366,57 0,58 0,32 3,00 1.919,00 5579
174 366,57 0,58 0,32 3,00 1.930,00 5580
175 366,57 0,58 0,32 3,00 1.941,00 5582
176 366,57 0,58 0,32 3,00 1.952,00 5583
177 366,57 0,58 0,32 3,00 1.963,00 5584
178 366,57 0,58 0,32 3,00 1.974,00 5587
179 366,57 0,58 0,32 3,00 1.985,00 5589
180 366,57 0,58 0,32 95,00 1.996,00 5591
181 366,57 0,58 0,32 95,00 2.007,00 5600
182 366,57 0,58 0,32 95,00 2.018,00 5601
183 366,57 0,58 0,32 95,00 2.029,00 5602
184 366,57 0,58 0,32 95,00 2.040,00 5602
185 366,57 0,58 0,32 95,00 2.051,00 5602
186 366,57 0,58 0,32 95,00 2.062,00 5602
187 366,57 0,58 0,32 95,00 2.073,00 5602
188 366,57 16,71 9,24 95,00 2.084,00 5602
189 366,57 16,71 9,24 95,00 2.095,00 5602
190 366,57 16,71 9,24 95,00 2.106,00 5602
191 366,57 16,71 9,24 95,00 2.117,00 5604
192 366,57 16,71 9,24 95,00 2.128,00 5606
193 366,57 16,71 9,24 95,00 2.139,00 5607
194 366,57 16,71 9,24 95,00 2.150,00 5611
195 366,57 16,71 9,19 95,00 2.161,00 5613
196 366,57 16,71 9,19 95,00 2.172,00 5613
197 366,57 16,71 9,19 95,00 2.183,00 5613
198 366,57 16,71 9,19 95,00 2.194,00 5613
199 366,57 16,71 9,19 95,00 2.205,00 5613
200 366,57 16,71 9,19 95,00 2.216,00 5613
201 366,57 16,71 9,19 95,00 2.227,00 5613
202 366,57 16,71 9,19 95,00 2.238,00 5613
203 366,57 16,71 9,19 95,00 2.249,00 5613
204 366,57 16,71 9,19 95,00 2.260,00 5613
205 366,57 16,71 9,19 95,00 2.271,00 5613
206 366,57 16,71 9,19 95,00 2.282,00 5613
207 366,57 16,71 9,19 95,00 2.293,00 5613
208 366,57 16,71 9,19 95,00 2.304,00 5614
209 366,57 16,71 9,19 95,00 2.315,00 5616
210 366,57 16,71 9,19 1,00 2.326,00 5616
211 366,57 16,71 9,19 1,00 2.337,00 5655
212 366,57 0,16 0,09 1,00 2.348,00 5665
213 366,57 0,16 0,09 1,00 2.359,00 5671
214 366,57 0,16 0,09 1,00 2.370,00 5671
215 366,57 0,16 0,09 1,00 2.381,00 5671
216 366,57 0,16 0,09 1,00 2.392,00 5671
217 366,57 0,16 0,09 1,00 2.403,00 5671
218 366,57 0,16 0,09 1,00 2.414,00 5671
219 366,57 0,16 0,09 1,00 2.425,00 5671
220 366,57 0,16 0,09 1,00 2.436,00 5671
221 366,57 0,16 0,09 1,00 2.447,00 5671
222 366,57 0,16 0,09 1,00 2.458,00 5671
223 366,57 0,15 0,08 1,00 2.469,00 5671
224 366,57 0,15 0,08 1,00 2.480,00 5671
225 366,57 0,15 0,08 1,00 2.491,00 5671
226 366,57 0,15 0,08 1,00 2.502,00 5671
227 366,57 0,15 0,08 1,00 2.513,00 5671
228 366,57 0,15 0,08 1,00 2.524,00 5671
229 366,57 0,14 0,08 1,00 2.535,00 5671
230 366,57 0,14 0,08 1,00 2.546,00 5671
231 366,57 0,14 0,08 1,00 2.557,00 5671
232 366,57 0,14 0,08 1,00 2.568,00 5671
233 366,57 0,14 0,08 1,00 2.579,00 5671
234 366,57 0,14 0,08 1,00 2.590,00 5671
235 366,57 0,14 0,08 1,00 2.601,00 5671
236 366,57 0,14 0,08 1,00 2.612,00 5671
237 366,57 0,14 0,08 1,00 2.623,00 5671
238 366,57 0,14 0,08 1,00 2.634,00 5671
239 366,57 0,14 0,08 1,00 2.645,00 5671
240 366,57 0,14 0,08 99,00 2.656,00 5671
241 366,57 13,67 7,46 99,00 2.666,00 5686
242 366,57 13,67 7,38 99,00 2.677,00 5686
243 366,57 13,50 7,29 99,00 2.688,00 5687
244 366,57 13,50 7,28 99,00 2.699,00 5688
245 366,57 13,50 7,28 99,00 2.710,00 5688
246 366,57 13,50 7,28 99,00 2.721,00 5688
247 366,57 13,28 7,16 99,00 2.732,00 5688
248 366,57 13,28 7,16 99,00 2.743,00 5688
249 366,57 13,28 7,16 99,00 2.754,00 5691
250 366,57 13,28 7,16 99,00 2.765,00 5693
251 366,57 13,28 7,16 99,00 2.776,00 5693
252 366,57 13,28 7,16 99,00 2.787,00 5693
253 366,57 13,28 7,16 99,00 2.798,00 5694
254 366,57 13,28 7,16 99,00 2.809,00 5694
255 366,57 13,28 7,16 99,00 2.820,00 5694
256 366,57 12,82 6,91 99,00 2.831,00 5694
257 366,57 12,82 6,91 99,00 2.842,00 5694
258 366,57 12,82 6,91 99,00 2.853,00 5694
259 366,57 12,82 6,91 99,00 2.864,00 5694
260 366,57 12,82 6,91 99,00 2.875,00 5694
261 366,57 12,82 6,91 99,00 2.886,00 5694
262 366,57 12,82 6,91 99,00 2.897,00 5694
263 366,57 12,82 6,91 99,00 2.908,00 5694
264 366,57 12,82 6,91 99,00 2.919,00 5694
265 366,57 12,82 6,91 99,00 2.930,00 5694
266 366,57 12,82 6,91 99,00 2.941,00 5694
267 366,57 12,82 6,91 99,00 2.952,00 5694
268 366,57 12,82 6,91 99,00 2.963,00 5694
269 366,57 12,82 6,91 99,00 2.974,00 5694
270 366,57 12,82 6,91 3,00 2.985,00 5694
271 366,57 12,82 6,91 3,00 2.996,00 5724
272 366,57 12,82 6,84 3,00 3.007,00 5736
273 366,57 12,82 6,84 3,00 3.018,00 5742
274 366,57 12,82 6,84 3,00 3.029,00 5742
275 366,57 12,82 6,84 3,00 3.040,00 5742
276 366,57 12,82 6,84 3,00 3.051,00 5742
277 366,57 12,82 6,84 3,00 3.062,00 5742
278 366,57 12,82 6,84 3,00 3.073,00 5742
279 366,57 12,82 6,84 3,00 3.084,00 5742
280 366,57 12,82 6,84 3,00 3.095,00 5742
281 366,57 0,35 0,19 3,00 3.106,00 5742
282 366,57 0,35 0,19 3,00 3.117,00 5742
283 366,57 0,35 0,19 3,00 3.128,00 5742
284 366,57 0,35 0,19 3,00 3.139,00 5742
285 366,57 0,35 0,19 3,00 3.150,00 5742
286 366,57 0,35 0,19 3,00 3.161,00 5742
287 366,57 0,35 0,19 3,00 3.172,00 5742
288 366,57 0,35 0,19 3,00 3.183,00 5742
289 366,57 0,35 0,19 3,00 3.194,00 5742
290 366,57 0,35 0,19 3,00 3.205,00 5742
291 366,57 0,35 0,19 3,00 3.216,00 5742
292 366,57 0,34 0,18 3,00 3.227,00 5742
293 366,57 0,34 0,18 3,00 3.238,00 5742
294 366,57 0,34 0,18 3,00 3.249,00 5742
295 366,57 0,34 0,18 3,00 3.260,00 5742
296 366,57 0,34 0,18 3,00 3.271,00 5742
297 366,57 0,34 0,18 3,00 3.282,00 5742
298 366,57 0,34 0,18 3,00 3.293,00 5742
299 366,57 0,34 0,18 3,00 3.304,00 5742
300 366,57 0,34 0,18 99,00 3.315,00 5742
301 366,57 0,34 0,18 99,00 3.326,00 5752
302 366,57 0,34 0,18 99,00 3.337,00 5752
303 366,57 0,34 0,18 99,00 3.348,00 5752
304 366,57 0,34 0,18 99,00 3.359,00 5752
305 366,57 0,34 0,18 99,00 3.370,00 5752
306 366,57 0,34 0,18 99,00 3.381,00 5762
307 366,57 10,74 5,65 99,00 3.391,00 5773
308 366,57 10,74 5,65 99,00 3.402,00 5778
309 366,57 10,63 5,60 99,00 3.413,00 5780
310 366,57 10,63 5,60 99,00 3.424,00 5780
311 366,57 10,63 5,60 99,00 3.435,00 5780
312 366,57 10,63 5,60 99,00 3.446,00 5780
313 366,57 10,50 5,53 99,00 3.457,00 5782
314 366,57 10,50 5,51 99,00 3.468,00 5783
315 366,57 10,50 5,51 99,00 3.479,00 5783
316 366,57 10,50 5,51 99,00 3.490,00 5783
317 366,57 10,37 5,44 99,00 3.501,00 5783
318 366,57 10,37 5,44 99,00 3.512,00 5783
319 366,57 10,37 5,44 99,00 3.523,00 5783
320 366,57 10,37 5,44 99,00 3.534,00 5783
321 366,57 10,37 5,44 99,00 3.545,00 5783
322 366,57 10,37 5,44 99,00 3.556,00 5783
323 366,57 10,37 5,44 99,00 3.567,00 5783
324 366,57 10,37 5,44 99,00 3.578,00 5783
325 366,57 10,37 5,44 99,00 3.589,00 5783
326 366,57 10,37 5,44 99,00 3.600,00 5783
327 366,57 10,37 5,44 99,00 3.611,00 5783
328 366,57 10,37 5,44 99,00 3.622,00 5783
329 366,57 10,37 5,44 99,00 3.633,00 5783
330 366,57 10,37 5,44 7,00 3.644,00 5783
331 366,57 10,37 5,44 7,00 3.655,00 5809
332 366,57 10,37 5,41 7,00 3.666,00 5815
333 366,57 10,37 5,40 7,00 3.677,00 5818
334 366,57 10,37 5,40 7,00 3.688,00 5819
335 366,57 10,37 5,40 7,00 3.699,00 5820
336 366,57 10,37 5,40 7,00 3.710,00 5820
337 366,57 0,69 0,36 7,00 3.721,00 5820
338 366,57 0,69 0,36 7,00 3.732,00 5820
339 366,57 0,69 0,36 7,00 3.743,00 5820
340 366,57 0,69 0,36 7,00 3.754,00 5820
341 366,57 0,69 0,36 7,00 3.765,00 5820
342 366,57 0,69 0,36 7,00 3.776,00 5820
343 366,57 0,69 0,36 7,00 3.787,00 5820
344 366,57 0,69 0,36 7,00 3.798,00 5820
345 366,57 0,69 0,36 7,00 3.809,00 5820
346 366,57 0,69 0,36 7,00 3.820,00 5820
347 366,57 0,69 0,36 7,00 3.831,00 5820
348 366,57 0,69 0,36 7,00 3.842,00 5820
349 366,57 0,69 0,36 7,00 3.853,00 5820
350 366,57 0,69 0,36 7,00 3.864,00 5820
351 366,57 0,69 0,36 7,00 3.875,00 5820
352 366,57 0,69 0,36 7,00 3.886,00 5820
353 366,57 0,69 0,36 7,00 3.897,00 5820
354 366,57 0,69 0,36 7,00 3.908,00 5820
355 366,57 0,69 0,36 7,00 3.919,00 5820
356 366,57 0,69 0,36 7,00 3.930,00 5820
357 366,57 0,69 0,36 7,00 3.941,00 5820
358 366,57 0,69 0,36 7,00 3.952,00 5820
359 366,57 0,69 0,36 7,00 3.963,00 5820
360 366,57 0,69 0,36 99,00 3.974,00 5820
361 366,57 0,69 0,36 99,00 3.985,00 5827
362 366,57 0,69 0,36 99,00 3.996,00 5827
363 366,57 0,69 0,36 99,00 4.007,00 5827
364 366,57 0,69 0,36 99,00 4.018,00 5827
365 366,57 0,69 0,36 99,00 4.029,00 5827
366 366,57 0,69 0,36 99,00 4.040,00 5827
367 366,57 0,69 0,36 99,00 4.051,00 5827
368 366,57 0,69 0,36 99,00 4.062,00 5827
369 366,57 0,69 0,36 99,00 4.073,00 5827
370 366,57 0,69 0,36 99,00 4.084,00 5827
371 366,57 0,69 0,36 99,00 4.095,00 5827
372 366,57 0,69 0,36 99,00 4.106,00 5827
373 366,57 0,69 0,36 99,00 4.117,00 5827
374 366,57 0,69 0,36 99,00 4.128,00 5827
375 366,57 0,69 0,36 99,00 4.139,00 5827
376 366,57 0,69 0,36 99,00 4.150,00 5827
377 366,57 8,72 4,50 99,00 4.161,00 5827
378 366,57 8,72 4,50 99,00 4.172,00 5827
379 366,57 8,72 4,50 99,00 4.183,00 5827
380 366,57 8,72 4,50 99,00 4.194,00 5827
381 366,57 8,72 4,50 99,00 4.205,00 5827
382 366,57 8,61 4,44 99,00 4.216,00 5827
383 366,57 8,61 4,44 99,00 4.227,00 5833
384 366,57 8,56 4,38 99,00 4.238,00 5833
385 366,57 8,56 4,38 99,00 4.249,00 5833
386 366,57 8,52 4,36 99,00 4.260,00 5833
387 366,57 8,52 4,36 99,00 4.271,00 5833
388 366,57 8,52 4,36 99,00 4.282,00 5833
389 366,57 8,52 4,36 99,00 4.293,00 5833
390 366,57 8,43 4,31 13,00 4.304,00 5833
391 366,57 8,43 4,31 13,00 4.315,00 5854
392 366,57 8,43 4,30 13,00 4.326,00 5858
393 366,57 8,43 4,30 13,00 4.337,00 5861
394 366,57 8,43 4,30 13,00 4.348,00 5861
395 366,57 8,43 4,30 13,00 4.359,00 5861
396 366,57 8,43 4,30 13,00 4.370,00 5861
397 366,57 8,43 4,30 13,00 4.381,00 5861
398 366,57 8,43 4,30 13,00 4.392,00 5861
399 366,57 1,08 0,55 13,00 4.403,00 5861
400 366,57 1,08 0,55 13,00 4.414,00 5861
401 366,57 1,08 0,55 13,00 4.425,00 5865
402 366,57 1,08 0,55 13,00 4.436,00 5866
403 366,57 1,08 0,55 13,00 4.447,00 5866
404 366,57 1,08 0,55 13,00 4.458,00 5866
405 366,57 1,08 0,55 13,00 4.469,00 5866
406 366,57 1,08 0,55 13,00 4.480,00 5866
407 366,57 1,08 0,55 13,00 4.491,00 5866
408 366,57 1,08 0,55 13,00 4.502,00 5866
409 366,57 1,08 0,55 13,00 4.513,00 5866
410 366,57 1,08 0,55 13,00 4.524,00 5866
411 366,57 1,08 0,55 13,00 4.535,00 5866
412 366,57 1,08 0,55 13,00 4.546,00 5866
413 366,57 1,08 0,55 13,00 4.557,00 5866
414 366,57 1,08 0,55 13,00 4.568,00 5866
415 366,57 1,08 0,55 13,00 4.579,00 5866
416 366,57 1,08 0,55 13,00 4.590,00 5866
417 366,57 1,08 0,55 13,00 4.601,00 5866
418 366,57 1,08 0,55 13,00 4.612,00 5866
419 366,57 1,08 0,55 13,00 4.623,00 5866
420 366,57 1,08 0,55 89,00 4.634,00 5866
421 366,57 1,08 0,55 89,00 4.645,00 5875
422 366,57 1,08 0,54 89,00 4.656,00 5878
423 366,57 1,08 0,54 89,00 4.667,00 5879
424 366,57 1,08 0,54 89,00 4.678,00 5879
425 366,57 1,08 0,54 89,00 4.689,00 5879
426 366,57 1,08 0,54 89,00 4.700,00 5879
427 366,57 1,08 0,54 89,00 4.711,00 5879
428 366,57 1,08 0,54 89,00 4.722,00 5880
429 366,57 1,08 0,54 89,00 4.733,00 5880
430 366,57 1,08 0,54 89,00 4.744,00 5880
431 366,57 1,08 0,54 89,00 4.755,00 5880
432 366,57 1,08 0,54 89,00 4.766,00 5880
433 366,57 1,08 0,54 89,00 4.777,00 5880
434 366,57 1,08 0,54 89,00 4.788,00 5880
435 366,57 1,08 0,54 89,00 4.799,00 5880
436 366,57 1,08 0,54 89,00 4.810,00 5880
437 366,57 1,08 0,54 89,00 4.821,00 5880
438 366,57 6,75 3,40 89,00 4.832,00 5880
439 366,57 6,75 3,40 89,00 4.843,00 5880
440 366,57 6,75 3,40 89,00 4.854,00 5880
441 366,57 6,75 3,40 89,00 4.865,00 5880
442 366,57 6,75 3,40 89,00 4.876,00 5880
443 366,57 6,75 3,40 89,00 4.887,00 5880
444 366,57 6,75 3,40 89,00 4.898,00 5880
445 366,57 6,75 3,40 89,00 4.909,00 5880
446 366,57 6,75 3,40 89,00 4.920,00 5880
447 366,57 6,62 3,33 89,00 4.931,00 5880
448 366,57 6,62 3,33 89,00 4.942,00 5880
449 366,57 6,62 3,33 89,00 4.953,00 5880
450 366,57 6,62 3,33 9,00 4.964,00 5880
451 366,57 6,62 3,33 9,00 4.975,00 5901
452 366,57 6,62 3,30 9,00 4.986,00 5908
453 366,57 6,62 3,30 9,00 4.997,00 5908
454 366,57 6,62 3,30 9,00 5.008,00 5908
455 366,57 6,62 3,30 9,00 5.019,00 5908
456 366,57 0,66 0,33 9,00 5.030,00 5909
457 366,57 0,66 0,33 9,00 5.041,00 5909
458 366,57 0,66 0,33 9,00 5.052,00 5909
459 366,57 0,66 0,33 9,00 5.063,00 5909
460 366,57 0,66 0,33 9,00 5.074,00 5909
461 366,57 0,66 0,33 9,00 5.085,00 5909
462 366,57 0,66 0,33 9,00 5.096,00 5909
463 366,57 0,66 0,33 9,00 5.107,00 5909
464 366,57 0,66 0,33 9,00 5.118,00 5909
465 366,57 0,66 0,33 9,00 5.129,00 5909
466 366,57 0,66 0,33 9,00 5.140,00 5909
467 366,57 0,66 0,33 9,00 5.151,00 5909
468 366,57 0,66 0,33 9,00 5.162,00 5909
469 366,57 0,64 0,32 9,00 5.173,00 5909
470 366,57 0,64 0,32 9,00 5.184,00 5909
471 366,57 0,64 0,32 9,00 5.195,00 5909
472 366,57 0,64 0,32 9,00 5.206,00 5909
473 366,57 0,64 0,32 9,00 5.217,00 5909
474 366,57 0,64 0,32 9,00 5.228,00 5909
475 366,57 0,64 0,32 9,00 5.239,00 5909
476 366,57 0,64 0,32 9,00 5.250,00 5909
477 366,57 0,64 0,32 9,00 5.261,00 5909
478 366,57 0,63 0,31 9,00 5.272,00 5909
479 366,57 0,63 0,31 9,00 5.283,00 5909
480 366,57 0,63 0,31 91,00 5.294,00 5909
481 366,57 0,63 0,31 91,00 5.305,00 5915
482 366,57 0,63 0,31 91,00 5.316,00 5916
483 366,57 0,63 0,31 91,00 5.327,00 5916
484 366,57 0,63 0,31 91,00 5.338,00 5916
485 366,57 0,63 0,31 91,00 5.349,00 5916
486 366,57 0,63 0,31 91,00 5.360,00 5916
487 366,57 0,63 0,31 91,00 5.371,00 5916
488 366,57 0,63 0,31 91,00 5.382,00 5916
489 366,57 0,63 0,31 91,00 5.393,00 5916
490 366,57 0,63 0,31 91,00 5.404,00 5916
491 366,57 0,63 0,31 91,00 5.415,00 5916
492 366,57 0,63 0,31 91,00 5.426,00 5916
493 366,57 0,63 0,31 91,00 5.437,00 5916
494 366,57 0,63 0,31 91,00 5.448,00 5916
495 366,57 0,63 0,31 91,00 5.459,00 5916
496 366,57 0,63 0,31 91,00 5.470,00 5916
497 366,57 0,63 0,31 91,00 5.481,00 5916
498 366,57 0,63 0,31 91,00 5.492,00 5916
499 366,57 0,63 0,31 91,00 5.503,00 5916
500 366,57 6,05 2,99 91,00 5.514,00 5916
501 366,57 6,05 2,99 91,00 5.525,00 5916
502 366,57 6,05 2,99 91,00 5.536,00 5916
503 366,57 6,01 2,97 91,00 5.547,00 5916
504 366,57 6,01 2,97 91,00 5.558,00 5916
505 366,57 6,01 2,97 91,00 5.569,00 5919
506 366,57 6,01 2,94 91,00 5.580,00 5919
507 366,57 6,01 2,94 91,00 5.591,00 5919
508 366,57 6,01 2,94 91,00 5.602,00 5919
509 366,57 6,01 2,94 91,00 5.613,00 5919
510 366,57 6,01 2,94 1,00 5.624,00 5919
511 366,57 6,01 2,94 1,00 5.635,00 5935
512 366,57 0,06 0,03 1,00 5.646,00 5937
513 366,57 0,06 0,03 1,00 5.656,00 5938
514 366,57 0,06 0,03 1,00 5.667,00 5938
515 366,57 0,06 0,03 1,00 5.678,00 5938
516 366,57 0,06 0,03 1,00 5.689,00 5938
517 366,57 0,06 0,03 1,00 5.700,00 5938
518 366,57 0,06 0,03 1,00 5.711,00 5938
519 366,57 0,06 0,03 1,00 5.722,00 5938
520 366,57 0,06 0,03 1,00 5.733,00 5938
521 366,57 0,06 0,03 1,00 5.744,00 5938
522 366,57 0,06 0,03 1,00 5.755,00 5938
523 366,57 0,06 0,03 1,00 5.766,00 5938
524 366,57 0,06 0,03 1,00 5.777,00 5938
525 366,57 0,06 0,03 1,00 5.788,00 5938
526 366,57 0,06 0,03 1,00 5.799,00 5938
527 366,57 0,06 0,03 1,00 5.810,00 5938
528 366,57 0,06 0,03 1,00 5.821,00 5938
529 366,57 0,06 0,03 1,00 5.832,00 5938
530 366,57 0,06 0,03 1,00 5.843,00 5938
531 366,57 0,06 0,03 1,00 5.854,00 5938
532 366,57 0,06 0,03 1,00 5.865,00 5938
533 366,57 0,06 0,03 1,00 5.876,00 5938
534 366,57 0,06 0,03 1,00 5.887,00 5938
535 366,57 0,06 0,03 1,00 5.898,00 5938
536 366,57 0,06 0,03 1,00 5.909,00 5938
537 366,57 0,06 0,03 1,00 5.920,00 5938
538 366,57 0,06 0,03 1,00 5.931,00 5938
539 366,57 0,06 0,03 1,00 5.942,00 5938
540 366,57 0,06 0,03 99,00 5.953,00 5938
541 366,57 6,10 2,98 99,00 5.963,00 5942
542 366,57 6,10 2,95 99,00 5.974,00 5944
543 366,57 6,10 2,95 99,00 5.985,00 5946
544 366,57 6,10 2,95 99,00 5.996,00 5947
545 366,57 6,04 2,92 99,00 6.007,00 5958
546 366,57 6,04 2,92 99,00 6.018,00 5965
547 366,57 6,04 2,92 99,00 6.029,00 5965
548 366,57 6,04 2,92 99,00 6.040,00 5965
549 366,57 6,04 2,92 99,00 6.051,00 5965
550 366,57 6,04 2,92 99,00 6.062,00 5965
551 366,57 5,98 2,88 99,00 6.073,00 5965
552 366,57 5,98 2,88 99,00 6.084,00 5965
553 366,57 5,98 2,88 99,00 6.095,00 5965
554 366,57 5,98 2,88 99,00 6.106,00 5965
555 366,57 5,98 2,88 99,00 6.117,00 5965
556 366,57 5,98 2,88 99,00 6.128,00 5965
557 366,57 5,98 2,88 99,00 6.139,00 5965
558 366,57 5,98 2,88 99,00 6.150,00 5965
559 366,57 5,98 2,88 99,00 6.161,00 5969
560 366,57 5,88 2,82 99,00 6.172,00 5969
561 366,57 5,87 2,82 99,00 6.183,00 5969
562 366,57 5,86 2,81 99,00 6.194,00 5969
563 366,57 5,86 2,81 99,00 6.205,00 5969
564 366,57 5,86 2,81 99,00 6.216,00 5969
565 366,57 5,86 2,81 99,00 6.227,00 5969
566 366,57 5,86 2,81 99,00 6.238,00 5969
567 366,57 5,86 2,81 99,00 6.249,00 5969
568 366,57 5,86 2,81 99,00 6.260,00 5969
569 366,57 5,86 2,81 99,00 6.271,00 5969
570 366,57 5,86 2,81 11,00 6.282,00 5969
571 366,57 5,86 2,81 11,00 6.293,00 5988
572 366,57 5,86 2,80 11,00 6.304,00 5994
573 366,57 5,86 2,80 11,00 6.315,00 5999
574 366,57 5,86 2,80 11,00 6.326,00 6004
575 366,57 0,64 0,30 11,00 6.337,00 6007
576 366,57 0,64 0,30 11,00 6.348,00 6009
577 366,57 0,64 0,30 11,00 6.359,00 6010
578 366,57 0,64 0,30 11,00 6.370,00 6010
579 366,57 0,64 0,30 11,00 6.381,00 6010
580 366,57 0,64 0,30 11,00 6.392,00 6010
581 366,57 0,64 0,30 11,00 6.403,00 6010
582 366,57 0,64 0,30 11,00 6.414,00 6010
583 366,57 0,63 0,30 11,00 6.425,00 6010
584 366,57 0,63 0,30 11,00 6.436,00 6010
585 366,57 0,63 0,30 11,00 6.447,00 6010
586 366,57 0,63 0,30 11,00 6.458,00 6010
587 366,57 0,63 0,30 11,00 6.469,00 6010
588 366,57 0,63 0,30 11,00 6.480,00 6010
589 366,57 0,63 0,30 11,00 6.491,00 6010
590 366,57 0,63 0,30 11,00 6.502,00 6010
591 366,57 0,62 0,30 11,00 6.513,00 6010
592 366,57 0,62 0,30 11,00 6.524,00 6010
593 366,57 0,62 0,30 11,00 6.535,00 6010
594 366,57 0,62 0,30 11,00 6.546,00 6010
595 366,57 0,62 0,30 11,00 6.557,00 6010
596 366,57 0,62 0,30 11,00 6.568,00 6010
597 366,57 0,62 0,30 11,00 6.579,00 6010
598 366,57 0,61 0,29 11,00 6.590,00 6010
599 366,57 0,61 0,29 11,00 6.601,00 6010
600 366,57 0,61 0,29 93,00 6.612,00 6010
601 366,57 0,61 0,29 93,00 6.623,00 6019
602 366,57 0,61 0,29 93,00 6.634,00 6021
603 366,57 0,61 0,29 93,00 6.645,00 6022
604 366,57 0,61 0,29 93,00 6.656,00 6022
605 366,57 0,61 0,29 93,00 6.667,00 6022
606 366,57 0,61 0,29 93,00 6.678,00 6022
607 366,57 0,61 0,29 93,00 6.689,00 6022
608 366,57 0,61 0,29 93,00 6.700,00 6023
609 366,57 0,61 0,29 93,00 6.711,00 6023
610 366,57 0,61 0,29 93,00 6.722,00 6023
611 366,57 0,61 0,29 93,00 6.733,00 6023
612 366,57 0,61 0,29 93,00 6.744,00 6023
613 366,57 0,61 0,29 93,00 6.755,00 6023
614 366,57 0,61 0,29 93,00 6.766,00 6023
615 366,57 0,61 0,29 93,00 6.777,00 6023
616 366,57 0,61 0,29 93,00 6.788,00 6023
617 366,57 0,61 0,29 93,00 6.799,00 6023
618 366,57 0,61 0,29 93,00 6.810,00 6023
619 366,57 0,61 0,29 93,00 6.821,00 6023
620 366,57 0,61 0,29 93,00 6.832,00 6023
621 366,57 0,61 0,29 93,00 6.843,00 6023
622 366,57 0,61 0,29 93,00 6.854,00 6023
623 366,57 0,61 0,29 93,00 6.865,00 6023
624 366,57 0,61 0,29 93,00 6.876,00 6023
625 366,57 0,61 0,29 93,00 6.887,00 6023
626 366,57 0,61 0,29 93,00 6.898,00 6023
627 366,57 0,61 0,29 93,00 6.909,00 6023
628 366,57 0,61 0,29 93,00 6.920,00 6023
629 366,57 4,92 2,35 93,00 6.931,00 6023
630 366,57 4,92 2,35 7,00 6.942,00 6023
631 366,57 4,92 2,35 7,00 6.953,00 6039
632 366,57 4,92 2,30 7,00 6.964,00 6043
633 366,57 4,92 2,30 7,00 6.975,00 6043
634 366,57 4,92 2,30 7,00 6.986,00 6043
635 366,57 4,92 2,30 7,00 6.997,00 6043
636 366,57 4,92 2,30 7,00 7.008,00 6043
637 366,57 4,92 2,30 7,00 7.019,00 6043
638 366,57 4,92 2,30 7,00 7.030,00 6043
639 366,57 4,92 2,30 7,00 7.041,00 6043
640 366,57 4,92 2,30 7,00 7.052,00 6043
641 366,57 4,92 2,30 7,00 7.063,00 6043
642 366,57 4,92 2,30 7,00 7.074,00 6043
643 366,57 4,92 2,30 7,00 7.085,00 6043
644 366,57 4,92 2,30 7,00 7.096,00 6043
645 366,57 4,92 2,30 7,00 7.107,00 6043
646 366,57 4,92 2,30 7,00 7.118,00 6043
647 366,57 4,92 2,30 7,00 7.129,00 6043
648 366,57 4,92 2,30 7,00 7.140,00 6043
649 366,57 4,92 2,30 7,00 7.151,00 6043
650 366,57 4,92 2,30 7,00 7.162,00 6043
651 366,57 4,92 2,30 7,00 7.173,00 6043
652 366,57 4,92 2,30 7,00 7.184,00 6043
653 366,57 4,92 2,30 7,00 7.195,00 6043
654 366,57 4,92 2,30 7,00 7.206,00 6043
655 366,57 4,92 2,30 7,00 7.217,00 6043
656 366,57 4,92 2,30 7,00 7.228,00 6043
657 366,57 4,92 2,30 7,00 7.239,00 6043
658 366,57 4,92 2,30 7,00 7.250,00 6043
659 366,57 4,92 2,30 7,00 7.261,00 6043
660 366,57 0,35 0,17 101,00 7.272,00 6043
661 366,57 0,35 0,17 101,00 7.283,00 6047
662 366,57 5,08 2,38 101,00 7.294,00 6047
663 366,57 5,08 2,38 101,00 7.305,00 6047
664 366,57 5,08 2,38 101,00 7.316,00 6047
665 366,57 5,08 2,38 101,00 7.327,00 6047
666 366,57 5,08 2,38 101,00 7.338,00 6047
667 366,57 5,08 2,38 101,00 7.349,00 6047
668 366,57 5,08 2,38 101,00 7.360,00 6048
669 366,57 5,08 2,35 101,00 7.371,00 6048
670 366,57 5,08 2,35 101,00 7.382,00 6048
671 366,57 5,08 2,35 101,00 7.393,00 6048
672 366,57 5,08 2,35 101,00 7.404,00 6048
673 366,57 5,08 2,35 101,00 7.415,00 6048
674 366,57 5,08 2,35 101,00 7.426,00 6048
675 366,57 5,08 2,35 101,00 7.437,00 6048
676 366,57 5,08 2,35 101,00 7.448,00 6048
677 366,57 5,08 2,35 101,00 7.459,00 6048
678 366,57 4,96 2,29 101,00 7.470,00 6048
679 366,57 4,96 2,29 101,00 7.481,00 6048
680 366,57 4,96 2,29 101,00 7.492,00 6048
681 366,57 4,96 2,29 101,00 7.503,00 6048
682 366,57 4,96 2,29 101,00 7.514,00 6048
683 366,57 4,96 2,29 101,00 7.525,00 6048
684 366,57 4,96 2,29 101,00 7.536,00 6048
685 366,57 4,91 2,27 101,00 7.547,00 6048
686 366,57 4,91 2,27 101,00 7.558,00 6048
687 366,57 4,91 2,27 101,00 7.569,00 6048
688 366,57 4,91 2,27 101,00 7.580,00 6048
689 366,57 4,91 2,27 101,00 7.591,00 6048
690 366,57 4,91 2,27 8,00 7.602,00 6048
691 366,57 4,91 2,27 8,00 7.613,00 6060
692 366,57 4,91 2,25 8,00 7.624,00 6063
693 366,57 4,91 2,25 8,00 7.635,00 6066
694 366,57 0,38 0,18 8,00 7.646,00 6067
695 366,57 0,38 0,18 8,00 7.657,00 6068
696 366,57 0,38 0,18 8,00 7.668,00 6070
697 366,57 0,38 0,18 8,00 7.679,00 6070
698 366,57 0,38 0,18 8,00 7.690,00 6070
699 366,57 0,38 0,17 8,00 7.701,00 6070
700 366,57 0,38 0,17 8,00 7.712,00 6070
701 366,57 0,38 0,17 8,00 7.723,00 6070
702 366,57 0,38 0,17 8,00 7.734,00 6070
703 366,57 0,38 0,17 8,00 7.745,00 6070
704 366,57 0,38 0,17 8,00 7.756,00 6070
705 366,57 0,38 0,17 8,00 7.767,00 6070
706 366,57 0,38 0,17 8,00 7.778,00 6070
707 366,57 0,38 0,17 8,00 7.789,00 6070
708 366,57 0,38 0,17 8,00 7.800,00 6070
709 366,57 0,38 0,17 8,00 7.811,00 6070
710 366,57 0,38 0,17 8,00 7.822,00 6070
711 366,57 0,38 0,17 8,00 7.833,00 6070
712 366,57 0,38 0,17 8,00 7.844,00 6070
713 366,57 0,38 0,17 8,00 7.855,00 6070
714 366,57 0,38 0,17 8,00 7.866,00 6070
715 366,57 0,38 0,17 8,00 7.877,00 6070
716 366,57 0,37 0,17 8,00 7.888,00 6070
717 366,57 0,37 0,17 8,00 7.899,00 6070
718 366,57 0,37 0,17 8,00 7.910,00 6070
719 366,57 0,37 0,17 8,00 7.921,00 6070
720 366,57 0,37 0,17 100,00 7.932,00 6070
721 366,57 0,37 0,17 100,00 7.943,00 6073
722 366,57 0,37 0,17 100,00 7.954,00 6073
723 366,57 0,37 0,17 100,00 7.965,00 6073
724 366,57 0,37 0,17 100,00 7.976,00 6073
725 366,57 0,37 0,17 100,00 7.987,00 6073
726 366,57 0,37 0,17 100,00 7.998,00 6073
727 366,57 0,37 0,17 100,00 8.009,00 6073
728 366,57 0,37 0,17 100,00 8.020,00 6073
729 366,57 0,37 0,17 100,00 8.031,00 6073
730 366,57 0,37 0,17 100,00 8.042,00 6073
731 366,57 0,37 0,17 100,00 8.053,00 6073
732 366,57 0,37 0,17 100,00 8.064,00 6073
733 366,57 0,37 0,17 100,00 8.075,00 6073
734 366,57 0,37 0,17 100,00 8.086,00 6073
735 366,57 0,37 0,17 100,00 8.097,00 6073
736 366,57 0,37 0,17 100,00 8.108,00 6073
737 366,57 0,37 0,17 100,00 8.119,00 6073
738 366,57 0,37 0,17 100,00 8.130,00 6073
739 366,57 0,37 0,17 100,00 8.141,00 6073
740 366,57 0,37 0,17 100,00 8.152,00 6073
741 366,57 0,37 0,17 100,00 8.163,00 6073
742 366,57 0,37 0,17 100,00 8.174,00 6073
743 366,57 0,37 0,17 100,00 8.185,00 6073
744 366,57 0,37 0,17 100,00 8.196,00 6073
745 366,57 0,37 0,17 100,00 8.207,00 6073
746 366,57 0,37 0,17 100,00 8.218,00 6073
747 366,57 0,37 0,17 100,00 8.229,00 6073
748 366,57 0,37 0,17 100,00 8.240,00 6073
749 366,57 0,37 0,17 100,00 8.251,00 6073
750 366,57 0,37 0,17 190,00 8.262,00 6073
751 366,57 0,37 0,17 190,00 8.273,00 6081
752 366,57 0,37 0,17 190,00 8.284,00 6085
753 366,57 0,37 0,17 190,00 8.295,00 6085
754 366,57 0,37 0,17 190,00 8.306,00 6085
755 366,57 0,37 0,17 190,00 8.317,00 6085
756 366,57 0,37 0,17 190,00 8.328,00 6085
757 366,57 0,37 0,17 190,00 8.339,00 6085
758 366,57 0,37 0,17 190,00 8.350,00 6091
759 366,57 0,37 0,17 190,00 8.361,00 6094
760 366,57 0,37 0,17 190,00 8.372,00 6096
761 366,57 0,37 0,17 190,00 8.383,00 6097
762 366,57 0,37 0,17 190,00 8.394,00 6098
763 366,57 0,37 0,17 190,00 8.405,00 6098
764 366,57 0,37 0,17 190,00 8.416,00 6098
765 366,57 0,37 0,17 190,00 8.427,00 6098
766 366,57 0,37 0,17 190,00 8.438,00 6098
767 366,57 0,37 0,17 190,00 8.449,00 6098
768 366,57 0,37 0,17 190,00 8.460,00 6098
769 366,57 0,37 0,17 190,00 8.471,00 6098
770 366,57 0,37 0,17 190,00 8.482,00 6098
771 366,57 0,37 0,17 190,00 8.493,00 6098
772 366,57 0,37 0,17 190,00 8.504,00 6098
773 366,57 0,37 0,17 190,00 8.515,00 6098
774 366,57 0,37 0,17 190,00 8.526,00 6098
775 366,57 0,37 0,17 190,00 8.537,00 6098
776 366,57 0,37 0,17 190,00 8.548,00 6098
777 366,57 0,37 0,17 190,00 8.559,00 6098
778 366,57 0,37 0,17 190,00 8.570,00 6098
779 366,57 0,37 0,17 190,00 8.581,00 6098
780 366,57 0,37 0,17 282,00 8.592,00 6098
781 366,57 0,37 0,17 282,00 8.603,00 6102
782 366,57 0,37 0,17 282,00 8.614,00 6107
783 366,57 0,37 0,17 282,00 8.625,00 6110
784 366,57 0,37 0,17 282,00 8.636,00 6111
785 366,57 0,37 0,17 282,00 8.647,00 6111
786 366,57 0,37 0,17 282,00 8.658,00 6111
787 366,57 0,37 0,17 282,00 8.669,00 6111
788 366,57 0,37 0,17 282,00 8.680,00 6111
789 366,57 0,37 0,17 282,00 8.691,00 6111
790 366,57 0,37 0,17 282,00 8.702,00 6111
791 366,57 0,37 0,17 282,00 8.713,00 6111
792 366,57 0,37 0,17 282,00 8.724,00 6111
793 366,57 11,83 5,28 282,00 8.735,00 6111
794 366,57 11,83 5,28 282,00 8.746,00 6111
795 366,57 11,83 5,28 282,00 8.757,00 6111
796 366,57 11,83 5,28 282,00 8.768,00 6111
797 366,57 11,83 5,28 282,00 8.779,00 6111
798 366,57 11,83 5,28 282,00 8.790,00 6111
799 366,57 11,83 5,28 282,00 8.801,00 6111
800 366,57 11,83 5,28 282,00 8.812,00 6111
801 366,57 11,83 5,28 282,00 8.823,00 6111
802 366,57 11,70 5,22 282,00 8.834,00 6111
803 366,57 11,70 5,22 282,00 8.845,00 6111
804 366,57 11,70 5,22 282,00 8.856,00 6111
805 366,57 11,70 5,22 282,00 8.867,00 6111
806 366,57 11,70 5,22 282,00 8.878,00 6111
807 366,57 11,70 5,22 282,00 8.889,00 6111
808 366,57 11,70 5,22 282,00 8.900,00 6111
809 366,57 11,70 5,22 282,00 8.911,00 6111
810 366,57 11,70 5,22 182,00 8.922,00 6111
811 366,57 7,47 3,33 182,00 8.933,00 6120
812 366,57 7,47 3,30 182,00 8.944,00 6122
813 366,57 7,47 3,30 182,00 8.955,00 6123
814 366,57 7,47 3,30 182,00 8.966,00 6123
815 366,57 7,47 3,30 182,00 8.977,00 6123
816 366,57 7,47 3,30 182,00 8.988,00 6123
817 366,57 7,47 3,30 182,00 8.999,00 6123
818 366,57 7,47 3,30 182,00 9.010,00 6123
819 366,57 7,47 3,30 182,00 9.021,00 6123
820 366,57 7,47 3,30 182,00 9.032,00 6123
821 366,57 7,47 3,30 182,00 9.043,00 6123
822 366,57 7,47 3,30 182,00 9.054,00 6123
823 366,57 7,47 3,30 182,00 9.065,00 6123
824 366,57 7,47 3,30 182,00 9.076,00 6123
825 366,57 7,47 3,30 182,00 9.087,00 6123
826 366,57 7,47 3,30 182,00 9.098,00 6123
827 366,57 7,47 3,30 182,00 9.109,00 6123
828 366,57 7,47 3,30 182,00 9.120,00 6123
829 366,57 7,47 3,30 182,00 9.131,00 6123
830 366,57 7,47 3,30 182,00 9.142,00 6123
831 366,57 7,47 3,30 182,00 9.153,00 6123
832 366,57 7,47 3,30 182,00 9.164,00 6123
833 366,57 7,47 3,30 182,00 9.175,00 6123
834 366,57 7,47 3,30 182,00 9.186,00 6123
835 366,57 7,47 3,30 182,00 9.197,00 6123
836 366,57 7,47 3,30 182,00 9.208,00 6123
837 366,57 7,47 3,30 182,00 9.219,00 6123
838 366,57 7,47 3,30 182,00 9.230,00 6123
839 366,57 7,47 3,30 182,00 9.241,00 6123
840 366,57 7,47 3,30 82,00 9.252,00 6123
841 366,57 7,47 3,30 82,00 9.263,00 6130
842 366,57 7,47 3,27 82,00 9.274,00 6130
843 366,57 7,47 3,27 82,00 9.285,00 6130
844 366,57 7,47 3,27 82,00 9.296,00 6130
845 366,57 7,47 3,27 82,00 9.307,00 6130
846 366,57 3,23 1,41 82,00 9.318,00 6130
847 366,57 3,23 1,41 82,00 9.329,00 6130
848 366,57 3,23 1,41 82,00 9.340,00 6130
849 366,57 3,23 1,41 82,00 9.351,00 6130
850 366,57 3,23 1,41 82,00 9.362,00 6130
851 366,57 3,23 1,41 82,00 9.373,00 6130
852 366,57 3,23 1,41 82,00 9.384,00 6130
853 366,57 3,23 1,41 82,00 9.395,00 6130
854 366,57 3,23 1,41 82,00 9.406,00 6130
855 366,57 3,23 1,41 82,00 9.417,00 6130
856 366,57 3,23 1,41 82,00 9.428,00 6130
857 366,57 3,23 1,41 82,00 9.439,00 6130
858 366,57 3,23 1,41 82,00 9.450,00 6130
859 366,57 3,23 1,41 82,00 9.461,00 6130
860 366,57 3,23 1,41 82,00 9.472,00 6130
861 366,57 3,23 1,41 82,00 9.483,00 6130
862 366,57 3,23 1,41 82,00 9.494,00 6130
863 366,57 3,23 1,41 82,00 9.505,00 6130
864 366,57 3,23 1,41 82,00 9.516,00 6130
865 366,57 3,23 1,41 82,00 9.527,00 6130
866 366,57 3,23 1,41 82,00 9.538,00 6130
867 366,57 3,15 1,38 82,00 9.549,00 6130
868 366,57 3,15 1,38 82,00 9.560,00 6130
869 366,57 3,15 1,38 82,00 9.571,00 6130
870 366,57 3,15 1,38 12,00 9.582,00 6130
871 366,57 3,15 1,38 12,00 9.593,00 6139
872 366,57 3,15 1,36 12,00 9.604,00 6142
873 366,57 3,15 1,36 12,00 9.615,00 6144
874 366,57 3,15 1,36 12,00 9.626,00 6144
875 366,57 3,15 1,36 12,00 9.637,00 6152
876 366,57 3,15 1,36 12,00 9.648,00 6155
877 366,57 3,15 1,36 12,00 9.659,00 6156
878 366,57 3,15 1,36 12,00 9.670,00 6156
879 366,57 3,15 1,36 12,00 9.681,00 6156
880 366,57 3,15 1,36 12,00 9.692,00 6156
881 366,57 3,15 1,36 12,00 9.703,00 6156
882 366,57 3,15 1,36 12,00 9.714,00 6156
883 366,57 3,15 1,36 12,00 9.725,00 6156
884 366,57 3,15 1,36 12,00 9.736,00 6156
885 366,57 3,15 1,36 12,00 9.747,00 6156
886 366,57 3,15 1,36 12,00 9.758,00 6156
887 366,57 3,15 1,36 12,00 9.769,00 6156
888 366,57 3,15 1,36 12,00 9.780,00 6156
889 366,57 3,15 1,36 12,00 9.791,00 6156
890 366,57 3,15 1,36 12,00 9.802,00 6156
891 366,57 3,15 1,36 12,00 9.813,00 6156
892 366,57 3,15 1,36 12,00 9.824,00 6156
893 366,57 3,15 1,36 12,00 9.835,00 6156
894 366,57 3,15 1,36 12,00 9.846,00 6156
895 366,57 3,15 1,36 12,00 9.857,00 6156
896 366,57 3,15 1,36 12,00 9.868,00 6156
897 366,57 3,15 1,36 12,00 9.879,00 6156
898 366,57 3,15 1,36 12,00 9.890,00 6156
899 366,57 3,15 1,36 12,00 9.901,00 6156
900 366,57 3,15 1,36 1,00 9.912,00 6156
901 366,57 3,15 1,36 1,00 9.923,00 6161
902 366,57 3,15 1,35 1,00 9.934,00 6162
903 366,57 3,15 1,35 1,00 9.945,00 6163
904 366,57 3,15 1,35 1,00 9.956,00 6163
905 366,57 0,04 0,02 1,00 9.967,00 6164
906 366,57 0,04 0,02 1,00 9.977,00 6165
907 366,57 0,04 0,02 1,00 9.988,00 6165
908 366,57 0,04 0,02 1,00 9.999,00 6165
909 366,57 0,04 0,02 1,00 10.010,00 6165
910 366,57 0,04 0,02 1,00 10.021,00 6165
911 366,57 0,04 0,02 1,00 10.032,00 6165
912 366,57 0,04 0,02 1,00 10.043,00 6165
913 366,57 0,04 0,02 1,00 10.054,00 6165
914 366,57 0,04 0,02 1,00 10.065,00 6165
915 366,57 0,04 0,02 1,00 10.076,00 6165
916 366,57 0,04 0,02 1,00 10.087,00 6165
917 366,57 0,04 0,02 1,00 10.098,00 6165
918 366,57 0,04 0,02 1,00 10.109,00 6165
919 366,57 0,04 0,02 1,00 10.120,00 6165
920 366,57 0,04 0,02 1,00 10.131,00 6165
921 366,57 0,04 0,02 1,00 10.142,00 6165
922 366,57 0,04 0,02 1,00 10.153,00 6165
923 366,57 0,04 0,02 1,00 10.164,00 6165
924 366,57 0,04 0,02 1,00 10.175,00 6165
925 366,57 0,04 0,02 1,00 10.186,00 6165
926 366,57 0,04 0,02 1,00 10.197,00 6165
927 366,57 0,04 0,02 1,00 10.208,00 6165
928 366,57 0,04 0,02 1,00 10.219,00 6165
929 366,57 0,04 0,02 1,00 10.230,00 6165
930 366,57 0,04 0,02 99,00 10.241,00 6165
931 366,57 3,54 1,52 99,00 10.251,00 6173
932 366,57 3,54 1,51 99,00 10.262,00 6176
933 366,57 3,54 1,51 99,00 10.273,00 6176
934 366,57 3,54 1,51 99,00 10.284,00 6176
935 366,57 3,53 1,50 99,00 10.295,00 6176
936 366,57 3,53 1,50 99,00 10.306,00 6177
937 366,57 3,53 1,50 99,00 10.317,00 6177
938 366,57 3,53 1,50 99,00 10.328,00 6177
939 366,57 3,53 1,50 99,00 10.339,00 6177
940 366,57 3,53 1,50 99,00 10.350,00 6177
941 366,57 3,53 1,50 99,00 10.361,00 6177
942 366,57 3,53 1,50 99,00 10.372,00 6177
943 366,57 3,53 1,50 99,00 10.383,00 6177
944 366,57 3,53 1,50 99,00 10.394,00 6177
945 366,57 3,53 1,50 99,00 10.405,00 6177
946 366,57 3,53 1,50 99,00 10.416,00 6177
947 366,57 3,53 1,50 99,00 10.427,00 6177
948 366,57 3,53 1,50 99,00 10.438,00 6177
949 366,57 3,53 1,50 99,00 10.449,00 6177
950 366,57 3,53 1,50 99,00 10.460,00 6177
951 366,57 3,53 1,50 99,00 10.471,00 6177
952 366,57 3,53 1,50 99,00 10.482,00 6177
953 366,57 3,53 1,50 99,00 10.493,00 6177
954 366,57 3,53 1,50 99,00 10.504,00 6177
955 366,57 3,53 1,50 99,00 10.515,00 6177
956 366,57 3,53 1,50 99,00 10.526,00 6177
957 366,57 3,53 1,50 99,00 10.537,00 6177
958 366,57 3,53 1,50 99,00 10.548,00 6177
959 366,57 3,53 1,50 99,00 10.559,00 6177
960 366,57 3,53 1,50 13,00 10.570,00 6177
961 366,57 0,45 0,19 13,00 10.581,00 6179
962 366,57 0,45 0,19 13,00 10.592,00 6180
963 366,57 0,45 0,19 13,00 10.603,00 6180
964 366,57 0,45 0,19 13,00 10.614,00 6180
965 366,57 0,45 0,19 13,00 10.625,00 6181
966 366,57 0,45 0,19 13,00 10.636,00 6181
967 366,57 0,45 0,19 13,00 10.647,00 6181
968 366,57 0,45 0,19 13,00 10.658,00 6181
969 366,57 0,45 0,19 13,00 10.669,00 6181
970 366,57 0,45 0,19 13,00 10.680,00 6181
971 366,57 0,45 0,19 13,00 10.691,00 6181
972 366,57 0,45 0,19 13,00 10.702,00 6181
973 366,57 0,44 0,19 13,00 10.713,00 6181
974 366,57 0,44 0,19 13,00 10.724,00 6181
975 366,57 0,44 0,19 13,00 10.735,00 6181
976 366,57 0,44 0,19 13,00 10.746,00 6181
977 366,57 0,44 0,19 13,00 10.757,00 6181
978 366,57 0,44 0,19 13,00 10.768,00 6181
979 366,57 0,44 0,19 13,00 10.779,00 6181
980 366,57 0,44 0,19 13,00 10.790,00 6181
981 366,57 0,44 0,19 13,00 10.801,00 6181
982 366,57 0,44 0,19 13,00 10.812,00 6181
983 366,57 0,44 0,19 13,00 10.823,00 6181
984 366,57 0,44 0,19 13,00 10.834,00 6181
985 366,57 0,44 0,19 13,00 10.845,00 6181
986 366,57 0,44 0,19 13,00 10.856,00 6181
987 366,57 0,44 0,19 13,00 10.867,00 6181
988 366,57 0,44 0,19 13,00 10.878,00 6181
989 366,57 0,44 0,19 13,00 10.889,00 6181
990 366,57 0,44 0,19 101,00 10.900,00 6181
991 366,57 0,44 0,19 101,00 10.911,00 6187
992 366,57 0,44 0,19 101,00 10.922,00 6189
993 366,57 0,44 0,19 101,00 10.933,00 6189
994 366,57 0,44 0,19 101,00 10.944,00 6189
995 366,57 0,44 0,19 101,00 10.955,00 6189
996 366,57 0,44 0,19 101,00 10.966,00 6189
997 366,57 0,44 0,19 101,00 10.977,00 6189
998 366,57 0,44 0,19 101,00 10.988,00 6189
999 366,57 0,44 0,19 101,00 10.999,00 6189
