500
0 483,15 483,15 483,15 1,00 53,00 0 1
1 483,15 9,12 9,12 197,00 53,00 2034 1
2 483,15 9,12 5,28 381,00 8,00 5373 1
3 483,15 9,12 7,40 553,00 8,00 8224 1
4 483,15 9,12 10,00 717,00 8,00 10634 1
5 483,15 9,12 11,18 887,00 8,00 12916 1
6 483,15 9,12 14,62 1.055,00 8,00 15418 1
7 483,15 9,12 17,62 1.217,00 8,00 17536 1
8 483,15 73.499,08 167.256,58 1.017,00 8,00 19639 1
9 483,15 73.499,08 201.767,45 817,00 15,00 21808 1
10 483,15 73.499,08 195.719,15 617,00 22,00 23907 1
11 483,15 73.499,08 209.213,22 417,00 29,00 25930 1
12 483,15 73.499,08 199.072,37 217,00 36,00 27892 1
13 483,15 73.499,08 211.505,85 17,00 43,00 29850 1
14 483,15 73.499,08 264.362,66 1,00 43,00 31599 1
15 483,15 73.499,08 125.268,32 1,00 43,00 33497 1
16 483,15 73.499,08 229.809,00 1,00 43,00 35789 1
17 483,15 73.499,08 199.125,89 1,00 43,00 37955 1
18 483,15 73.499,08 173.654,26 1,00 43,00 39952 1
19 483,15 73.499,08 145.685,72 1,00 43,00 41766 1
20 483,15 73.499,08 148.519,17 1,00 43,00 43660 1
21 483,15 11,24 19,51 99,00 43,00 45373 1
22 483,15 11,24 15,49 197,00 10,00 47124 1
23 483,15 11,24 16,94 297,00 8,00 48807 1
24 483,15 17.936,92 25.436,15 97,00 8,00 50463 1
25 483,15 17.936,92 22.678,65 1,00 15,00 52047 1
26 483,15 32,21 34,74 12,00 15,00 53795 1
27 483,15 32,21 29,18 30,00 8,00 55520 1
28 483,15 32,21 26,28 22,00 8,00 57190 1
29 483,15 32,21 33,52 24,00 8,00 58778 1
30 483,15 32,21 39,38 36,00 8,00 60394 1
31 483,15 32,21 36,44 62,00 8,00 62105 1
32 483,15 32,21 31,20 56,00 8,00 63934 1
33 483,15 32,21 31,37 56,00 8,00 65556 1
34 483,15 32,21 33,03 60,00 8,00 67081 1
35 483,15 32,21 34,68 64,00 8,00 68549 1
36 483,15 32,21 34,74 72,00 8,00 69881 1
37 483,15 32,21 34,26 74,00 8,00 71145 1
38 483,15 32,21 34,64 70,00 8,00 72579 1
39 483,15 32,21 33,88 50,00 8,00 74208 1
40 483,15 32,21 32,67 32,00 8,00 75718 1
41 483,15 32,21 25,23 36,00 8,00 77166 1
42 483,15 32,21 32,66 6,00 8,00 78878 1
43 483,15 32,21 31,59 2,00 8,00 80555 1
44 483,15 32,21 31,15 1,00 8,00 81773 1
45 483,15 32,21 30,56 2,00 1,00 83109 1
46 483,15 32,21 30,27 1,00 8,00 84434 1
47 483,15 32,21 29,61 1,00 1,00 85600 1
48 483,15 32,21 29,24 2,00 1,00 87143 1
49 483,15 32,21 28,88 1,00 8,00 88485 1
50 483,15 32,21 28,28 1,00 1,00 89667 1
51 483,15 32,21 33,29 1,00 1,00 91101 1
52 483,15 32,21 34,11 1,00 1,00 92490 1
53 483,15 32,21 33,33 1,00 1,00 93718 1
54 483,15 32,21 32,58 1,00 1,00 94913 1
55 483,15 32,21 32,31 2,00 1,00 96246 1
56 483,15 32,21 32,28 1,00 8,00 97603 1
57 483,15 32,21 31,21 1,00 1,00 98885 1
58 483,15 32,21 31,56 1,00 1,00 100402 1
59 483,15 32,21 30,64 1,00 1,00 101741 1
60 483,15 32,21 30,45 1,00 1,00 103074 1
61 483,15 32,21 30,08 1,00 1,00 104418 1
62 483,15 32,21 29,48 1,00 1,00 105536 1
63 483,15 483,15 435,43 1,00 1,00 106810 1
64 483,15 483,15 424,58 1,00 1,00 108412 1
65 483,15 483,15 414,70 1,00 1,00 110148 1
66 483,15 483,15 418,41 1,00 1,00 111691 1
67 483,15 483,15 413,46 1,00 1,00 113010 1
68 483,15 483,15 393,98 1,00 1,00 114244 1
69 483,15 483,15 406,91 1,00 1,00 115821 1
70 483,15 483,15 391,75 1,00 1,00 117266 1
71 483,15 483,15 382,60 1,00 1,00 118561 1
72 483,15 483,15 384,40 1,00 1,00 120013 1
73 483,15 483,15 381,78 1,00 1,00 121298 1
74 483,15 483,15 375,98 1,00 1,00 122549 1
75 483,15 483,15 370,58 1,00 1,00 123751 1
76 483,15 483,15 363,64 1,00 1,00 124905 1
77 483,15 483,15 356,77 1,00 1,00 125986 1
78 483,15 483,15 355,26 1,00 1,00 127318 1
79 483,15 483,15 346,82 1,00 1,00 128543 1
80 483,15 483,15 348,76 1,00 1,00 130074 1
81 483,15 483,15 349,26 1,00 1,00 131439 1
82 483,15 483,15 450,00 1,00 1,00 132580 1
83 483,15 483,15 432,15 1,00 1,00 133739 1
84 483,15 483,15 431,19 1,00 1,00 134818 1
85 483,15 483,15 422,81 1,00 1,00 135948 1
86 483,15 483,15 441,12 1,00 1,00 136970 1
87 483,15 483,15 436,07 1,00 1,00 138018 1
88 483,15 483,15 443,95 1,00 1,00 139066 1
89 483,15 483,15 452,23 1,00 1,00 139999 1
90 483,15 483,15 446,05 1,00 1,00 141020 1
91 483,15 483,15 446,52 1,00 1,00 142167 1
92 483,15 483,15 430,30 1,00 1,00 143191 1
93 483,15 483,15 418,95 1,00 1,00 144073 1
94 483,15 483,15 434,43 1,00 1,00 145023 1
95 483,15 483,15 430,66 1,00 1,00 146050 1
96 483,15 483,15 431,61 1,00 1,00 147033 1
97 483,15 483,15 420,22 1,00 1,00 148185 1
98 483,15 483,15 421,55 1,00 1,00 149496 1
99 483,15 483,15 400,52 1,00 1,00 150789 1
100 483,15 483,15 408,73 1,00 1,00 151913 1
101 483,15 483,15 386,72 1,00 1,00 152923 1
102 483,15 483,15 377,72 1,00 1,00 154100 1
103 483,15 483,15 374,37 1,00 1,00 155304 1
104 483,15 483,15 369,34 1,00 1,00 156501 1
105 483,15 483,15 375,53 1,00 1,00 157770 1
106 483,15 483,15 389,41 1,00 1,00 159019 1
107 483,15 483,15 379,39 1,00 1,00 160099 1
108 483,15 483,15 369,23 1,00 1,00 161070 1
109 483,15 483,15 369,90 1,00 1,00 161897 1
110 483,15 483,15 366,07 1,00 1,00 162626 1
111 483,15 483,15 363,76 1,00 1,00 163252 1
112 483,15 483,15 363,54 1,00 1,00 163915 1
113 483,15 483,15 360,30 1,00 1,00 164484 1
114 483,15 483,15 360,60 1,00 1,00 165028 1
115 483,15 483,15 361,28 1,00 1,00 165663 1
116 483,15 483,15 362,29 1,00 1,00 166330 1
117 483,15 483,15 364,20 1,00 1,00 166906 1
118 483,15 483,15 363,58 1,00 1,00 167421 1
119 483,15 483,15 363,91 1,00 1,00 168035 1
120 483,15 483,15 360,89 1,00 1,00 168861 1
121 483,15 483,15 363,33 1,00 1,00 169578 1
122 483,15 483,15 363,92 1,00 1,00 170224 1
123 483,15 483,15 366,19 1,00 1,00 170893 1
124 483,15 483,15 364,73 1,00 1,00 171582 1
125 483,15 483,15 366,16 1,00 1,00 172216 1
126 483,15 483,15 371,39 1,00 1,00 172756 1
127 483,15 483,15 372,53 1,00 1,00 173305 1
128 483,15 483,15 370,68 1,00 1,00 173840 1
129 483,15 483,15 367,25 1,00 1,00 174427 1
130 483,15 483,15 367,71 1,00 1,00 175026 1
131 483,15 483,15 368,01 1,00 1,00 175704 1
132 483,15 483,15 365,22 1,00 1,00 176270 1
133 483,15 483,15 367,08 1,00 1,00 176881 1
134 483,15 483,15 364,33 1,00 1,00 177431 1
135 483,15 483,15 364,74 1,00 1,00 178005 1
136 483,15 483,15 364,77 1,00 1,00 178566 1
137 483,15 483,15 357,85 1,00 1,00 179265 1
138 483,15 483,15 360,98 1,00 1,00 179894 1
139 483,15 483,15 361,05 1,00 1,00 180482 1
140 483,15 483,15 365,06 1,00 1,00 181063 1
141 483,15 483,15 358,09 1,00 1,00 181637 1
142 483,15 483,15 352,65 1,00 1,00 182152 1
143 483,15 483,15 351,08 1,00 1,00 182626 1
144 483,15 483,15 350,77 1,00 1,00 183097 1
145 483,15 483,15 347,12 1,00 1,00 183576 1
146 483,15 483,15 347,59 1,00 1,00 184032 1
147 483,15 483,15 346,37 1,00 1,00 184511 1
148 483,15 483,15 346,55 1,00 1,00 184974 1
149 483,15 483,15 347,78 1,00 1,00 185531 1
150 483,15 483,15 348,49 1,00 1,00 186058 1
151 483,15 483,15 348,35 1,00 1,00 186631 1
152 483,15 483,15 352,28 1,00 1,00 187173 1
153 483,15 483,15 357,37 1,00 1,00 187653 1
154 483,15 483,15 362,76 1,00 1,00 188087 1
155 483,15 483,15 367,29 1,00 1,00 188478 1
156 483,15 483,15 366,24 1,00 1,00 188781 1
157 483,15 483,15 365,79 1,00 1,00 189113 1
158 483,15 483,15 367,77 1,00 1,00 189431 1
159 483,15 483,15 367,28 1,00 1,00 189747 1
160 483,15 483,15 367,32 1,00 1,00 190001 1
161 483,15 483,15 367,64 1,00 1,00 190235 1
162 483,15 483,15 363,59 1,00 1,00 190426 1
163 483,15 483,15 364,82 1,00 1,00 190604 1
164 483,15 483,15 366,12 1,00 1,00 190779 1
165 483,15 483,15 368,19 1,00 1,00 191045 1
166 483,15 483,15 369,44 1,00 1,00 191280 1
167 483,15 483,15 369,57 1,00 1,00 191593 1
168 483,15 483,15 370,79 1,00 1,00 192025 1
169 483,15 483,15 369,17 1,00 1,00 192568 1
170 483,15 483,15 367,85 1,00 1,00 193073 1
171 483,15 483,15 368,31 1,00 1,00 193588 1
172 483,15 483,15 369,52 1,00 1,00 194218 1
173 483,15 483,15 369,20 1,00 1,00 194884 1
174 483,15 483,15 369,50 1,00 1,00 195676 1
175 483,15 483,15 369,85 1,00 1,00 196337 1
176 483,15 483,15 368,39 1,00 1,00 196899 1
177 483,15 483,15 368,24 1,00 1,00 197325 1
178 483,15 483,15 367,18 1,00 1,00 197802 1
179 483,15 483,15 366,59 1,00 1,00 198275 1
180 483,15 483,15 366,37 1,00 1,00 198921 1
181 483,15 483,15 367,49 1,00 1,00 199549 1
182 483,15 483,15 368,91 1,00 1,00 200208 1
183 483,15 483,15 364,23 1,00 1,00 201052 1
184 483,15 483,15 365,83 1,00 1,00 201970 1
185 483,15 483,15 368,32 1,00 1,00 202680 1
186 483,15 483,15 368,22 1,00 1,00 203342 1
187 483,15 483,15 357,83 1,00 1,00 203905 1
188 483,15 483,15 362,24 1,00 1,00 204414 1
189 483,15 483,15 366,82 1,00 1,00 205267 1
190 483,15 483,15 367,81 1,00 1,00 206148 1
191 483,15 483,15 367,85 1,00 1,00 207071 1
192 483,15 483,15 368,49 1,00 1,00 207853 1
193 483,15 483,15 368,99 1,00 1,00 208707 1
194 483,15 483,15 371,60 1,00 1,00 209442 1
195 483,15 483,15 372,15 1,00 1,00 210092 1
196 483,15 483,15 370,34 1,00 1,00 210836 1
197 483,15 483,15 368,93 1,00 1,00 211520 1
198 483,15 483,15 369,79 1,00 1,00 212143 1
199 483,15 483,15 373,20 1,00 1,00 212798 1
200 483,15 483,15 372,08 1,00 1,00 213398 1
201 483,15 483,15 371,26 1,00 1,00 213972 1
202 483,15 483,15 373,85 1,00 1,00 214446 1
203 483,15 483,15 373,76 1,00 1,00 214886 1
204 483,15 483,15 369,86 1,00 1,00 215331 1
205 483,15 483,15 378,31 1,00 1,00 215711 1
206 483,15 483,15 380,20 1,00 1,00 216069 1
207 483,15 483,15 381,89 1,00 1,00 216426 1
208 483,15 483,15 383,07 1,00 1,00 216691 1
209 483,15 483,15 377,29 1,00 1,00 216851 1
210 483,15 483,15 383,93 1,00 1,00 217021 1
211 483,15 483,15 382,84 1,00 1,00 217235 1
212 483,15 483,15 385,58 1,00 1,00 217428 1
213 483,15 483,15 386,82 1,00 1,00 217613 1
214 483,15 483,15 387,48 1,00 1,00 217786 1
215 483,15 483,15 389,68 1,00 1,00 218014 1
216 483,15 483,15 392,69 1,00 1,00 218241 1
217 483,15 483,15 392,14 1,00 1,00 218632 1
218 483,15 483,15 389,04 1,00 1,00 219065 1
219 483,15 483,15 386,48 1,00 1,00 219510 1
220 483,15 483,15 390,08 1,00 1,00 219834 1
221 483,15 483,15 391,72 1,00 1,00 220118 1
222 483,15 483,15 393,36 1,00 1,00 220457 1
223 483,15 483,15 393,14 1,00 1,00 220780 1
224 483,15 483,15 392,89 1,00 1,00 221084 1
225 483,15 483,15 393,70 1,00 1,00 221368 1
226 483,15 483,15 392,65 1,00 1,00 221678 1
227 483,15 483,15 394,69 1,00 1,00 222006 1
228 483,15 483,15 393,61 1,00 1,00 222403 1
229 483,15 483,15 393,87 1,00 1,00 222737 1
230 483,15 483,15 394,38 1,00 1,00 223035 1
231 483,15 483,15 394,57 1,00 1,00 223321 1
232 483,15 483,15 395,04 1,00 1,00 223592 1
233 483,15 483,15 395,66 1,00 1,00 223825 1
234 483,15 483,15 395,25 1,00 1,00 224068 1
235 483,15 483,15 395,23 1,00 1,00 224238 1
236 483,15 483,15 394,82 1,00 1,00 224458 1
237 483,15 483,15 395,36 1,00 1,00 224715 1
238 483,15 483,15 393,54 1,00 1,00 224963 1
239 483,15 483,15 393,10 1,00 1,00 225171 1
240 483,15 483,15 391,95 1,00 1,00 225419 1
241 483,15 483,15 391,50 1,00 1,00 225651 1
242 483,15 483,15 391,88 1,00 1,00 225874 1
243 483,15 483,15 391,17 1,00 1,00 226049 1
244 483,15 483,15 390,24 1,00 1,00 226240 1
245 483,15 483,15 389,82 1,00 1,00 226509 1
246 483,15 483,15 389,47 1,00 1,00 226809 1
247 483,15 483,15 389,38 1,00 1,00 227215 1
248 483,15 483,15 388,88 1,00 1,00 227639 1
249 483,15 483,15 387,49 1,00 1,00 228105 1
250 483,15 483,15 387,64 1,00 1,00 228636 1
251 483,15 483,15 385,08 1,00 1,00 229213 1
252 483,15 483,15 384,48 1,00 1,00 229674 1
253 483,15 483,15 385,72 1,00 1,00 230044 1
254 483,15 483,15 382,91 1,00 1,00 230450 1
255 483,15 483,15 385,63 1,00 1,00 230803 1
256 483,15 483,15 384,77 1,00 1,00 231184 1
257 483,15 483,15 383,31 1,00 1,00 231585 1
258 483,15 483,15 382,71 1,00 1,00 232098 1
259 483,15 483,15 379,95 1,00 1,00 232617 1
260 483,15 483,15 376,53 1,00 1,00 233264 1
261 483,15 483,15 374,60 1,00 1,00 233979 1
262 483,15 483,15 378,71 1,00 1,00 234613 1
263 483,15 483,15 377,23 1,00 1,00 235212 1
264 483,15 483,15 378,90 1,00 1,00 235817 1
265 483,15 483,15 375,82 1,00 1,00 236398 1
266 483,15 483,15 376,23 1,00 1,00 236895 1
267 483,15 483,15 375,46 1,00 1,00 237510 1
268 483,15 483,15 374,11 1,00 1,00 238092 1
269 483,15 483,15 372,23 1,00 1,00 238725 1
270 483,15 483,15 370,56 1,00 1,00 239224 1
271 483,15 483,15 368,37 1,00 1,00 239797 1
272 483,15 483,15 367,23 1,00 1,00 240308 1
273 483,15 483,15 364,83 1,00 1,00 240800 1
274 483,15 483,15 361,52 1,00 1,00 241319 1
275 483,15 483,15 358,42 1,00 1,00 241758 1
276 483,15 483,15 355,92 1,00 1,00 242166 1
277 483,15 483,15 356,30 1,00 1,00 242581 1
278 483,15 483,15 352,49 1,00 1,00 242909 1
279 483,15 483,15 351,15 1,00 1,00 243219 1
280 483,15 483,15 348,33 1,00 1,00 243464 1
281 483,15 483,15 348,11 1,00 1,00 243676 1
282 483,15 483,15 349,32 1,00 1,00 243930 1
283 483,15 483,15 348,51 1,00 1,00 244170 1
284 483,15 483,15 347,91 1,00 1,00 244381 1
285 483,15 483,15 347,72 1,00 1,00 244581 1
286 483,15 483,15 348,42 1,00 1,00 244881 1
287 483,15 483,15 351,17 1,00 1,00 245197 1
288 483,15 483,15 353,60 1,00 1,00 245608 1
289 483,15 483,15 356,28 1,00 1,00 246088 1
290 483,15 483,15 358,71 1,00 1,00 246639 1
291 483,15 483,15 358,92 1,00 1,00 247156 1
292 483,15 483,15 359,99 1,00 1,00 247714 1
293 483,15 483,15 360,40 1,00 1,00 248241 1
294 483,15 483,15 361,58 1,00 1,00 248810 1
295 483,15 483,15 361,18 1,00 1,00 249419 1
296 483,15 483,15 361,56 1,00 1,00 250007 1
297 483,15 483,15 361,12 1,00 1,00 250497 1
298 483,15 483,15 364,05 1,00 1,00 250954 1
299 483,15 483,15 360,51 1,00 1,00 251457 1
300 483,15 483,15 364,80 1,00 1,00 251857 1
301 483,15 483,15 362,84 1,00 1,00 252267 1
302 483,15 483,15 363,07 1,00 1,00 252574 1
303 483,15 483,15 363,73 1,00 1,00 252830 1
304 483,15 483,15 359,75 1,00 1,00 253107 1
305 483,15 483,15 361,97 1,00 1,00 253377 1
306 483,15 483,15 362,49 1,00 1,00 253614 1
307 483,15 483,15 362,88 1,00 1,00 253802 1
308 483,15 483,15 365,73 1,00 1,00 254049 1
309 483,15 483,15 363,75 1,00 1,00 254401 1
310 483,15 483,15 365,77 1,00 1,00 254778 1
311 483,15 483,15 365,88 1,00 1,00 255271 1
312 483,15 483,15 364,77 1,00 1,00 255757 1
313 483,15 483,15 364,19 1,00 1,00 256168 1
314 483,15 483,15 364,67 1,00 1,00 256672 1
315 483,15 483,15 362,96 1,00 1,00 257185 1
316 483,15 483,15 364,83 1,00 1,00 257712 1
317 483,15 483,15 363,84 1,00 1,00 258122 1
318 483,15 483,15 363,79 1,00 1,00 258667 1
319 483,15 483,15 363,71 1,00 1,00 259142 1
320 483,15 483,15 362,98 1,00 1,00 259646 1
321 483,15 483,15 364,77 1,00 1,00 260162 1
322 483,15 483,15 363,34 1,00 1,00 260676 1
323 483,15 483,15 364,29 1,00 1,00 261138 1
324 483,15 483,15 365,25 1,00 1,00 261651 1
325 483,15 483,15 364,25 1,00 1,00 262097 1
326 483,15 483,15 363,47 1,00 1,00 262489 1
327 483,15 483,15 364,23 1,00 1,00 262843 1
328 483,15 483,15 364,90 1,00 1,00 263159 1
329 483,15 483,15 364,93 1,00 1,00 263421 1
330 483,15 483,15 365,28 1,00 1,00 263619 1
331 483,15 483,15 365,35 1,00 1,00 263843 1
332 483,15 483,15 365,46 1,00 1,00 264118 1
333 483,15 483,15 365,36 1,00 1,00 264399 1
334 483,15 483,15 365,54 1,00 1,00 264633 1
335 483,15 483,15 365,79 1,00 1,00 264897 1
336 483,15 483,15 365,82 1,00 1,00 265071 1
337 483,15 483,15 365,97 1,00 1,00 265325 1
338 483,15 483,15 365,76 1,00 1,00 265624 1
339 483,15 483,15 365,77 1,00 1,00 265881 1
340 483,15 483,15 365,72 1,00 1,00 266159 1
341 483,15 483,15 365,70 1,00 1,00 266407 1
342 483,15 483,15 365,71 1,00 1,00 266608 1
343 483,15 483,15 365,75 1,00 1,00 266826 1
344 483,15 483,15 365,66 1,00 1,00 267021 1
345 483,15 483,15 365,61 1,00 1,00 267267 1
346 483,15 483,15 365,64 1,00 1,00 267522 1
347 483,15 483,15 365,71 1,00 1,00 267800 1
348 483,15 483,15 365,54 1,00 1,00 267983 1
349 483,15 483,15 365,72 1,00 1,00 268149 1
350 483,15 483,15 365,29 1,00 1,00 268298 1
351 483,15 483,15 365,47 1,00 1,00 268420 1
352 483,15 483,15 365,33 1,00 1,00 268528 1
353 483,15 483,15 365,28 1,00 1,00 268604 1
354 483,15 483,15 365,16 1,00 1,00 268675 1
355 483,15 483,15 365,12 1,00 1,00 268771 1
356 483,15 483,15 364,97 1,00 1,00 268866 1
357 483,15 483,15 364,91 1,00 1,00 268992 1
358 483,15 483,15 365,08 1,00 1,00 269085 1
359 483,15 483,15 364,98 1,00 1,00 269183 1
360 483,15 483,15 365,09 1,00 1,00 269292 1
361 483,15 483,15 365,21 1,00 1,00 269492 1
362 483,15 483,15 365,04 1,00 1,00 269676 1
363 483,15 483,15 365,20 1,00 1,00 269862 1
364 483,15 483,15 365,24 1,00 1,00 270024 1
365 483,15 483,15 364,95 1,00 1,00 270194 1
366 483,15 483,15 365,19 1,00 1,00 270340 1
367 483,15 483,15 364,99 1,00 1,00 270507 1
368 483,15 483,15 365,22 1,00 1,00 270654 1
369 483,15 483,15 365,21 1,00 1,00 270777 1
370 483,15 483,15 365,21 1,00 1,00 270904 1
371 483,15 483,15 365,21 1,00 1,00 271036 1
372 483,15 483,15 365,11 1,00 1,00 271172 1
373 483,15 483,15 365,22 1,00 1,00 271283 1
374 483,15 483,15 365,19 1,00 1,00 271382 1
375 483,15 483,15 365,23 1,00 1,00 271457 1
376 483,15 483,15 365,21 1,00 1,00 271539 1
377 483,15 483,15 365,16 1,00 1,00 271646 1
378 483,15 483,15 365,21 1,00 1,00 271773 1
379 483,15 483,15 365,23 1,00 1,00 271893 1
380 483,15 483,15 365,16 1,00 1,00 272037 1
381 483,15 483,15 365,20 1,00 1,00 272202 1
382 483,15 483,15 365,17 1,00 1,00 272338 1
383 483,15 483,15 365,18 1,00 1,00 272459 1
384 483,15 483,15 365,14 1,00 1,00 272592 1
385 483,15 483,15 365,14 1,00 1,00 272715 1
386 483,15 483,15 365,18 1,00 1,00 272819 1
387 483,15 483,15 365,23 1,00 1,00 272909 1
388 483,15 483,15 365,21 1,00 1,00 272984 1
389 483,15 483,15 365,22 1,00 1,00 273060 1
390 483,15 483,15 365,22 1,00 1,00 273130 1
391 483,15 483,15 365,22 1,00 1,00 273200 1
392 483,15 483,15 365,23 1,00 1,00 273255 1
393 483,15 483,15 365,21 1,00 1,00 273325 1
394 483,15 483,15 365,22 1,00 1,00 273396 1
395 483,15 483,15 365,23 1,00 1,00 273468 1
396 483,15 483,15 365,24 1,00 1,00 273534 1
397 483,15 483,15 365,23 1,00 1,00 273607 1
398 483,15 483,15 365,22 1,00 1,00 273669 1
399 483,15 483,15 365,21 1,00 1,00 273741 1
400 483,15 483,15 365,22 1,00 1,00 273814 1
401 483,15 483,15 365,22 1,00 1,00 273888 1
402 483,15 483,15 365,21 1,00 1,00 273977 1
403 483,15 483,15 365,22 1,00 1,00 274059 1
404 483,15 483,15 365,22 1,00 1,00 274169 1
405 483,15 483,15 365,23 1,00 1,00 274272 1
406 483,15 483,15 365,18 1,00 1,00 274391 1
407 483,15 483,15 365,18 1,00 1,00 274514 1
408 483,15 483,15 365,22 1,00 1,00 274605 1
409 483,15 483,15 365,20 1,00 1,00 274690 1
410 483,15 483,15 365,18 1,00 1,00 274777 1
411 483,15 483,15 365,19 1,00 1,00 274881 1
412 483,15 483,15 365,22 1,00 1,00 274988 1
413 483,15 483,15 365,19 1,00 1,00 275096 1
414 483,15 483,15 365,18 1,00 1,00 275203 1
415 483,15 483,15 365,17 1,00 1,00 275294 1
416 483,15 483,15 365,15 1,00 1,00 275366 1
417 483,15 483,15 365,12 1,00 1,00 275439 1
418 483,15 483,15 365,12 1,00 1,00 275506 1
419 483,15 483,15 365,14 1,00 1,00 275568 1
420 483,15 483,15 365,12 1,00 1,00 275608 1
421 483,15 483,15 365,12 1,00 1,00 275655 1
422 483,15 483,15 365,11 1,00 1,00 275694 1
423 483,15 483,15 365,14 1,00 1,00 275738 1
424 483,15 483,15 365,16 1,00 1,00 275786 1
425 483,15 483,15 365,18 1,00 1,00 275834 1
426 483,15 483,15 365,20 1,00 1,00 275905 1
427 483,15 483,15 365,17 1,00 1,00 275978 1
428 483,15 483,15 365,18 1,00 1,00 276040 1
429 483,15 483,15 365,18 1,00 1,00 276089 1
430 483,15 483,15 365,19 1,00 1,00 276136 1
431 483,15 483,15 365,18 1,00 1,00 276202 1
432 483,15 483,15 365,20 1,00 1,00 276263 1
433 483,15 483,15 365,19 1,00 1,00 276339 1
434 483,15 483,15 365,18 1,00 1,00 276430 1
435 483,15 483,15 365,16 1,00 1,00 276471 1
436 483,15 483,15 365,20 1,00 1,00 276551 1
437 483,15 483,15 365,18 1,00 1,00 276623 1
438 483,15 483,15 365,21 1,00 1,00 276703 1
439 483,15 483,15 365,21 1,00 1,00 276776 1
440 483,15 483,15 365,21 1,00 1,00 276831 1
441 483,15 483,15 365,23 1,00 1,00 276912 1
442 483,15 483,15 365,23 1,00 1,00 276981 1
443 483,15 483,15 365,21 1,00 1,00 277029 1
444 483,15 483,15 365,22 1,00 1,00 277094 1
445 483,15 483,15 365,22 1,00 1,00 277155 1
446 483,15 483,15 365,22 1,00 1,00 277209 1
447 483,15 483,15 365,22 1,00 1,00 277276 1
448 483,15 483,15 365,21 1,00 1,00 277346 1
449 483,15 483,15 365,22 1,00 1,00 277419 1
450 483,15 483,15 365,21 1,00 1,00 277480 1
451 483,15 483,15 365,22 1,00 1,00 277546 1
452 483,15 483,15 365,21 1,00 1,00 277633 1
453 483,15 483,15 365,21 1,00 1,00 277699 1
454 483,15 483,15 365,21 1,00 1,00 277753 1
455 483,15 483,15 365,21 1,00 1,00 277794 1
456 483,15 483,15 365,21 1,00 1,00 277831 1
457 483,15 483,15 365,22 1,00 1,00 277866 1
458 483,15 483,15 365,22 1,00 1,00 277907 1
459 483,15 483,15 365,21 1,00 1,00 277956 1
460 483,15 483,15 365,22 1,00 1,00 278010 1
461 483,15 483,15 365,22 1,00 1,00 278052 1
462 483,15 483,15 365,22 1,00 1,00 278092 1
463 483,15 483,15 365,22 1,00 1,00 278136 1
464 483,15 483,15 365,22 1,00 1,00 278171 1
465 483,15 483,15 365,22 1,00 1,00 278215 1
466 483,15 483,15 365,22 1,00 1,00 278256 1
467 483,15 483,15 365,22 1,00 1,00 278310 1
468 483,15 483,15 365,22 1,00 1,00 278372 1
469 483,15 483,15 365,22 1,00 1,00 278422 1
470 483,15 483,15 365,22 1,00 1,00 278480 1
471 483,15 483,15 365,21 1,00 1,00 278532 1
472 483,15 483,15 365,21 1,00 1,00 278583 1
473 483,15 483,15 365,21 1,00 1,00 278628 1
474 483,15 483,15 365,23 1,00 1,00 278661 1
475 483,15 483,15 365,21 1,00 1,00 278697 1
476 483,15 483,15 365,21 1,00 1,00 278747 1
477 483,15 483,15 365,22 1,00 1,00 278809 1
478 483,15 483,15 365,21 1,00 1,00 278860 1
479 483,15 483,15 365,21 1,00 1,00 278924 1
480 483,15 483,15 365,21 1,00 1,00 278971 1
481 483,15 483,15 365,21 1,00 1,00 279018 1
482 483,15 483,15 365,21 1,00 1,00 279043 1
483 483,15 483,15 365,22 1,00 1,00 279071 1
484 483,15 483,15 365,22 1,00 1,00 279098 1
485 483,15 483,15 365,22 1,00 1,00 279123 1
486 483,15 483,15 365,22 1,00 1,00 279191 1
487 483,15 483,15 365,22 1,00 1,00 279255 1
488 483,15 483,15 365,22 1,00 1,00 279281 1
489 483,15 483,15 365,22 1,00 1,00 279305 1
490 483,15 483,15 365,22 1,00 1,00 279344 1
491 483,15 483,15 365,22 1,00 1,00 279378 1
492 483,15 483,15 365,22 1,00 1,00 279421 1
493 483,15 483,15 365,22 1,00 1,00 279458 1
494 483,15 483,15 365,22 1,00 1,00 279509 1
495 483,15 483,15 365,23 1,00 1,00 279558 1
496 483,15 483,15 365,23 1,00 1,00 279608 1
497 483,15 483,15 365,21 1,00 1,00 279665 1
498 483,15 483,15 365,22 1,00 1,00 279720 1
499 483,15 483,15 365,21 1,00 1,00 279792 1
