500
0 296,44 296,44 296,44 1,00 3,00 0 0
1 296,44 296,44 296,44 1,00 1,00 2034 0
2 296,44 296,44 85,50 1,00 1,00 5373 0
3 296,44 296,44 111,96 2,00 1,00 8224 0
4 296,44 296,44 130,64 1,00 4,00 10634 0
5 296,44 296,44 144,66 1,00 4,00 12916 0
6 296,44 296,44 169,81 3,00 4,00 15418 0
7 296,44 296,44 177,91 1,00 4,00 17536 0
8 296,44 296,44 180,00 1,00 4,00 19639 0
9 296,44 296,44 199,03 1,00 4,00 21808 0
10 296,44 296,44 174,97 1,00 4,00 23907 0
11 296,44 296,44 154,43 1,00 3,00 25930 0
12 296,44 296,44 148,74 1,00 3,00 27892 0
13 296,44 296,44 157,50 1,00 1,00 29850 0
14 296,44 296,44 205,02 1,00 1,00 31599 0
15 296,44 296,44 105,71 1,00 1,00 33497 0
16 296,44 296,44 209,03 1,00 1,00 35789 0
17 296,44 296,44 170,57 1,00 1,00 37955 0
18 296,44 296,44 165,76 1,00 1,00 39952 0
19 296,44 296,44 261,94 1,00 1,00 41766 0
20 296,44 296,44 281,03 1,00 1,00 43660 0
21 296,44 296,44 262,21 1,00 1,00 45373 0
22 296,44 296,44 244,52 1,00 1,00 47124 0
23 296,44 296,44 345,86 1,00 1,00 48807 0
24 296,44 296,44 290,80 1,00 1,00 50463 0
25 296,44 296,44 320,85 1,00 1,00 52047 0
26 296,44 296,44 336,06 1,00 1,00 53795 0
27 296,44 296,44 286,35 1,00 1,00 55520 0
28 296,44 296,44 250,80 1,00 1,00 57190 0
29 296,44 296,44 347,74 1,00 1,00 58778 0
30 296,44 296,44 315,89 1,00 1,00 60394 0
31 296,44 296,44 272,28 1,00 1,00 62105 0
32 296,44 296,44 247,05 1,00 1,00 63934 0
33 296,44 296,44 237,58 1,00 1,00 65556 0
34 296,44 296,44 242,23 1,00 1,00 67081 0
35 296,44 296,44 257,46 1,00 1,00 68549 0
36 296,44 296,44 246,14 1,00 1,00 69881 0
37 296,44 296,44 236,51 1,00 1,00 71145 0
38 296,44 296,44 224,46 1,00 1,00 72579 0
39 296,44 296,44 212,50 1,00 1,00 74208 0
40 296,44 296,44 204,61 1,00 1,00 75718 0
41 296,44 296,44 161,33 1,00 1,00 77166 0
42 296,44 296,44 238,62 1,00 1,00 78878 0
43 296,44 296,44 223,00 1,00 1,00 80555 0
44 296,44 296,44 229,79 1,00 1,00 81773 0
45 296,44 296,44 228,49 1,00 1,00 83109 0
46 296,44 296,44 230,12 1,00 1,00 84434 0
47 296,44 296,44 233,00 1,00 1,00 85600 0
48 296,44 296,44 229,67 1,00 1,00 87143 0
49 296,44 296,44 229,78 1,00 1,00 88485 0
50 296,44 296,44 227,39 1,00 1,00 89667 0
51 296,44 296,44 269,89 1,00 1,00 91101 0
52 296,44 296,44 291,97 1,00 1,00 92490 0
53 296,44 296,44 288,44 1,00 1,00 93718 0
54 296,44 296,44 291,57 1,00 1,00 94913 0
55 296,44 296,44 294,81 1,00 1,00 96246 0
56 296,44 296,44 312,70 1,00 1,00 97603 0
57 296,44 296,44 309,35 1,00 1,00 98885 0
58 296,44 296,44 315,29 1,00 1,00 100402 0
59 296,44 296,44 311,47 1,00 1,00 101741 0
60 296,44 296,44 323,05 1,00 1,00 103074 0
61 296,44 296,44 313,18 1,00 1,00 104418 0
62 296,44 296,44 309,35 1,00 1,00 105536 0
63 296,44 296,44 310,31 1,00 1,00 106810 0
64 296,44 296,44 316,19 1,00 1,00 108412 0
65 296,44 296,44 298,73 1,00 1,00 110148 0
66 296,44 296,44 299,16 1,00 1,00 111691 0
67 296,44 296,44 294,57 1,00 1,00 113010 0
68 296,44 296,44 279,87 1,00 1,00 114244 0
69 296,44 296,44 288,96 1,00 1,00 115821 0
70 296,44 296,44 278,54 1,00 1,00 117266 0
71 296,44 296,44 287,44 1,00 1,00 118561 0
72 296,44 296,44 278,73 1,00 1,00 120013 0
73 296,44 296,44 278,08 1,00 1,00 121298 0
74 296,44 296,44 282,30 1,00 1,00 122549 0
75 296,44 296,44 283,03 1,00 1,00 123751 0
76 296,44 296,44 278,00 1,00 1,00 124905 0
77 296,44 296,44 277,39 1,00 1,00 125986 0
78 296,44 296,44 270,73 1,00 1,00 127318 0
79 296,44 296,44 264,89 1,00 1,00 128543 0
80 296,44 296,44 282,19 1,00 1,00 130074 0
81 296,44 296,44 262,97 1,00 1,00 131439 0
82 296,44 296,44 337,02 1,00 1,00 132580 0
83 296,44 296,44 326,11 1,00 1,00 133739 0
84 296,44 296,44 313,59 1,00 1,00 134818 0
85 296,44 296,44 294,03 1,00 1,00 135948 0
86 296,44 296,44 308,20 1,00 1,00 136970 0
87 296,44 296,44 301,71 1,00 1,00 138018 0
88 296,44 296,44 303,42 1,00 1,00 139066 0
89 296,44 296,44 304,24 1,00 1,00 139999 0
90 296,44 296,44 300,07 1,00 1,00 141020 0
91 296,44 296,44 302,00 1,00 1,00 142167 0
92 296,44 296,44 298,38 1,00 1,00 143191 0
93 296,44 296,44 294,40 1,00 1,00 144073 0
94 296,44 296,44 312,66 1,00 1,00 145023 0
95 296,44 296,44 316,81 1,00 1,00 146050 0
96 296,44 296,44 322,77 1,00 1,00 147033 0
97 296,44 296,44 318,25 1,00 1,00 148185 0
98 296,44 296,44 308,83 1,00 1,00 149496 0
99 296,44 296,44 292,14 1,00 1,00 150789 0
100 296,44 296,44 293,73 1,00 1,00 151913 0
101 296,44 296,44 292,70 1,00 1,00 152923 0
102 296,44 296,44 295,40 1,00 1,00 154100 0
103 296,44 296,44 278,90 1,00 1,00 155304 0
104 296,44 296,44 279,71 1,00 1,00 156501 0
105 296,44 296,44 286,86 1,00 1,00 157770 0
106 296,44 296,44 293,72 1,00 1,00 159019 0
107 296,44 296,44 291,66 1,00 1,00 160099 0
108 296,44 296,44 285,64 1,00 1,00 161070 0
109 296,44 296,44 285,75 1,00 1,00 161897 0
110 296,44 296,44 287,80 1,00 1,00 162626 0
111 296,44 296,44 285,66 1,00 1,00 163252 0
112 296,44 296,44 286,98 1,00 1,00 163915 0
113 296,44 296,44 285,67 1,00 1,00 164484 0
114 296,44 296,44 288,11 1,00 1,00 165028 0
115 296,44 296,44 290,90 1,00 1,00 165663 0
116 296,44 296,44 296,09 1,00 1,00 166330 0
117 296,44 296,44 300,85 1,00 1,00 166906 0
118 296,44 296,44 301,14 1,00 1,00 167421 0
119 296,44 296,44 303,67 1,00 1,00 168035 0
120 296,44 296,44 302,48 1,00 1,00 168861 0
121 296,44 296,44 305,85 1,00 1,00 169578 0
122 296,44 296,44 305,94 1,00 1,00 170224 0
123 296,44 296,44 307,38 1,00 1,00 170893 0
124 296,44 296,44 304,39 1,00 1,00 171582 0
125 296,44 296,44 304,69 1,00 1,00 172216 0
126 296,44 296,44 310,74 1,00 1,00 172756 0
127 296,44 296,44 313,63 1,00 1,00 173305 0
128 296,44 296,44 313,19 1,00 1,00 173840 0
129 296,44 296,44 310,44 1,00 1,00 174427 0
130 296,44 296,44 310,74 1,00 1,00 175026 0
131 296,44 296,44 313,64 1,00 1,00 175704 0
132 296,44 296,44 313,09 1,00 1,00 176270 0
133 296,44 296,44 318,72 1,00 1,00 176881 0
134 296,44 296,44 315,99 1,00 1,00 177431 0
135 296,44 296,44 315,43 1,00 1,00 178005 0
136 296,44 296,44 317,27 1,00 1,00 178566 0
137 296,44 296,44 312,40 1,00 1,00 179265 0
138 296,44 296,44 317,48 1,00 1,00 179894 0
139 296,44 296,44 320,46 1,00 1,00 180482 0
140 296,44 296,44 325,27 1,00 1,00 181063 0
141 296,44 296,44 318,22 1,00 1,00 181637 0
142 296,44 296,44 312,84 1,00 1,00 182152 0
143 296,44 296,44 312,24 1,00 1,00 182626 0
144 296,44 296,44 311,95 1,00 1,00 183097 0
145 296,44 296,44 307,45 1,00 1,00 183576 0
146 296,44 296,44 308,18 1,00 1,00 184032 0
147 296,44 296,44 307,06 1,00 1,00 184511 0
148 296,44 296,44 307,60 1,00 1,00 184974 0
149 296,44 296,44 305,89 1,00 1,00 185531 0
150 296,44 296,44 302,99 1,00 1,00 186058 0
151 296,44 296,44 304,01 1,00 1,00 186631 0
152 296,44 296,44 308,04 1,00 1,00 187173 0
153 296,44 296,44 311,80 1,00 1,00 187653 0
154 296,44 296,44 315,67 1,00 1,00 188087 0
155 296,44 296,44 319,88 1,00 1,00 188478 0
156 296,44 296,44 320,09 1,00 1,00 188781 0
157 296,44 296,44 318,29 1,00 1,00 189113 0
158 296,44 296,44 320,38 1,00 1,00 189431 0
159 296,44 296,44 318,40 1,00 1,00 189747 0
160 296,44 296,44 318,74 1,00 1,00 190001 0
161 296,44 296,44 318,65 1,00 1,00 190235 0
162 296,44 296,44 315,87 1,00 1,00 190426 0
163 296,44 296,44 316,32 1,00 1,00 190604 0
164 296,44 296,44 316,73 1,00 1,00 190779 0
165 296,44 296,44 317,35 1,00 1,00 191045 0
166 296,44 296,44 317,68 1,00 1,00 191280 0
167 296,44 296,44 317,80 1,00 1,00 191593 0
168 296,44 296,44 318,83 1,00 1,00 192025 0
169 296,44 296,44 316,13 1,00 1,00 192568 0
170 296,44 296,44 315,08 1,00 1,00 193073 0
171 296,44 296,44 315,15 1,00 1,00 193588 0
172 296,44 296,44 314,68 1,00 1,00 194218 0
173 296,44 296,44 314,07 1,00 1,00 194884 0
174 296,44 296,44 309,88 1,00 1,00 195676 0
175 296,44 296,44 309,09 1,00 1,00 196337 0
176 296,44 296,44 308,13 1,00 1,00 196899 0
177 296,44 296,44 308,87 1,00 1,00 197325 0
178 296,44 296,44 307,62 1,00 1,00 197802 0
179 296,44 296,44 308,26 1,00 1,00 198275 0
180 296,44 296,44 304,76 1,00 1,00 198921 0
181 296,44 296,44 303,33 1,00 1,00 199549 0
182 296,44 296,44 300,21 1,00 1,00 200208 0
183 296,44 296,44 297,65 1,00 1,00 201052 0
184 296,44 296,44 300,66 1,00 1,00 201970 0
185 296,44 296,44 303,59 1,00 1,00 202680 0
186 296,44 296,44 308,92 1,00 1,00 203342 0
187 296,44 296,44 300,43 1,00 1,00 203905 0
188 296,44 296,44 304,14 1,00 1,00 204414 0
189 296,44 296,44 305,14 1,00 1,00 205267 0
190 296,44 296,44 308,04 1,00 1,00 206148 0
191 296,44 296,44 305,51 1,00 1,00 207071 0
192 296,44 296,44 303,15 1,00 1,00 207853 0
193 296,44 296,44 305,49 1,00 1,00 208707 0
194 296,44 296,44 309,83 1,00 1,00 209442 0
195 296,44 296,44 305,80 1,00 1,00 210092 0
196 296,44 296,44 305,70 1,00 1,00 210836 0
197 296,44 296,44 309,93 1,00 1,00 211520 0
198 296,44 296,44 304,11 1,00 1,00 212143 0
199 296,44 296,44 308,75 1,00 1,00 212798 0
200 296,44 296,44 307,89 1,00 1,00 213398 0
201 296,44 296,44 305,99 1,00 1,00 213972 0
202 296,44 296,44 306,78 1,00 1,00 214446 0
203 296,44 296,44 306,56 1,00 1,00 214886 0
204 296,44 296,44 301,60 1,00 1,00 215331 0
205 296,44 296,44 305,42 1,00 1,00 215711 0
206 296,44 296,44 306,13 1,00 1,00 216069 0
207 296,44 296,44 305,99 1,00 1,00 216426 0
208 296,44 296,44 305,84 1,00 1,00 216691 0
209 296,44 296,44 300,07 1,00 1,00 216851 0
210 296,44 296,44 303,76 1,00 1,00 217021 0
211 296,44 296,44 301,80 1,00 1,00 217235 0
212 296,44 296,44 299,91 1,00 1,00 217428 0
213 296,44 296,44 302,51 1,00 1,00 217613 0
214 296,44 296,44 300,46 1,00 1,00 217786 0
215 296,44 296,44 300,45 1,00 1,00 218014 0
216 296,44 296,44 298,42 1,00 1,00 218241 0
217 296,44 296,44 298,32 1,00 1,00 218632 0
218 296,44 296,44 295,71 1,00 1,00 219065 0
219 296,44 296,44 293,84 1,00 1,00 219510 0
220 296,44 296,44 295,96 1,00 1,00 219834 0
221 296,44 296,44 295,65 1,00 1,00 220118 0
222 296,44 296,44 296,61 1,00 1,00 220457 0
223 296,44 296,44 294,78 1,00 1,00 220780 0
224 296,44 296,44 295,15 1,00 1,00 221084 0
225 296,44 296,44 294,38 1,00 1,00 221368 0
226 296,44 296,44 292,42 1,00 1,00 221678 0
227 296,44 296,44 292,53 1,00 1,00 222006 0
228 296,44 296,44 292,50 1,00 1,00 222403 0
229 296,44 296,44 291,64 1,00 1,00 222737 0
230 296,44 296,44 292,01 1,00 1,00 223035 0
231 296,44 296,44 292,22 1,00 1,00 223321 0
232 296,44 296,44 292,67 1,00 1,00 223592 0
233 296,44 296,44 292,74 1,00 1,00 223825 0
234 296,44 296,44 292,79 1,00 1,00 224068 0
235 296,44 296,44 292,80 1,00 1,00 224238 0
236 296,44 296,44 292,76 1,00 1,00 224458 0
237 296,44 296,44 292,56 1,00 1,00 224715 0
238 296,44 296,44 292,38 1,00 1,00 224963 0
239 296,44 296,44 292,43 1,00 1,00 225171 0
240 296,44 296,44 292,45 1,00 1,00 225419 0
241 296,44 296,44 292,55 1,00 1,00 225651 0
242 296,44 296,44 292,56 1,00 1,00 225874 0
243 296,44 296,44 292,57 1,00 1,00 226049 0
244 296,44 296,44 292,67 1,00 1,00 226240 0
245 296,44 296,44 292,64 1,00 1,00 226509 0
246 296,44 296,44 292,52 1,00 1,00 226809 0
247 296,44 296,44 292,44 1,00 1,00 227215 0
248 296,44 296,44 293,51 1,00 1,00 227639 0
249 296,44 296,44 294,17 1,00 1,00 228105 0
250 296,44 296,44 293,56 1,00 1,00 228636 0
251 296,44 296,44 293,24 1,00 1,00 229213 0
252 296,44 296,44 293,25 1,00 1,00 229674 0
253 296,44 296,44 293,82 1,00 1,00 230044 0
254 296,44 296,44 291,70 1,00 1,00 230450 0
255 296,44 296,44 293,74 1,00 1,00 230803 0
256 296,44 296,44 294,04 1,00 1,00 231184 0
257 296,44 296,44 293,90 1,00 1,00 231585 0
258 296,44 296,44 293,92 1,00 1,00 232098 0
259 296,44 296,44 294,03 1,00 1,00 232617 0
260 296,44 296,44 292,28 1,00 1,00 233264 0
261 296,44 296,44 291,89 1,00 1,00 233979 0
262 296,44 296,44 294,64 1,00 1,00 234613 0
263 296,44 296,44 294,40 1,00 1,00 235212 0
264 296,44 296,44 296,07 1,00 1,00 235817 0
265 296,44 296,44 295,25 1,00 1,00 236398 0
266 296,44 296,44 296,08 1,00 1,00 236895 0
267 296,44 296,44 296,33 1,00 1,00 237510 0
268 296,44 296,44 295,40 1,00 1,00 238092 0
269 296,44 296,44 296,82 1,00 1,00 238725 0
270 296,44 296,44 295,65 1,00 1,00 239224 0
271 296,44 296,44 295,86 1,00 1,00 239797 0
272 296,44 296,44 296,44 1,00 1,00 240308 0
273 296,44 296,44 294,04 1,00 1,00 240800 0
274 296,44 296,44 291,95 1,00 1,00 241319 0
275 296,44 296,44 289,53 1,00 1,00 241758 0
276 296,44 296,44 289,78 1,00 1,00 242166 0
277 296,44 296,44 289,19 1,00 1,00 242581 0
278 296,44 296,44 285,56 1,00 1,00 242909 0
279 296,44 296,44 283,98 1,00 1,00 243219 0
280 296,44 296,44 281,64 1,00 1,00 243464 0
281 296,44 296,44 281,69 1,00 1,00 243676 0
282 296,44 296,44 282,88 1,00 1,00 243930 0
283 296,44 296,44 282,70 1,00 1,00 244170 0
284 296,44 296,44 281,85 1,00 1,00 244381 0
285 296,44 296,44 281,65 1,00 1,00 244581 0
286 296,44 296,44 281,64 1,00 1,00 244881 0
287 296,44 296,44 284,87 1,00 1,00 245197 0
288 296,44 296,44 287,34 1,00 1,00 245608 0
289 296,44 296,44 289,10 1,00 1,00 246088 0
290 296,44 296,44 292,53 1,00 1,00 246639 0
291 296,44 296,44 292,40 1,00 1,00 247156 0
292 296,44 296,44 292,93 1,00 1,00 247714 0
293 296,44 296,44 294,06 1,00 1,00 248241 0
294 296,44 296,44 295,54 1,00 1,00 248810 0
295 296,44 296,44 295,16 1,00 1,00 249419 0
296 296,44 296,44 294,09 1,00 1,00 250007 0
297 296,44 296,44 291,94 1,00 1,00 250497 0
298 296,44 296,44 294,80 1,00 1,00 250954 0
299 296,44 296,44 292,85 1,00 1,00 251457 0
300 296,44 296,44 295,45 1,00 1,00 251857 0
301 296,44 296,44 294,36 1,00 1,00 252267 0
302 296,44 296,44 295,60 1,00 1,00 252574 0
303 296,44 296,44 297,06 1,00 1,00 252830 0
304 296,44 296,44 293,87 1,00 1,00 253107 0
305 296,44 296,44 296,10 1,00 1,00 253377 0
306 296,44 296,44 296,83 1,00 1,00 253614 0
307 296,44 296,44 297,47 1,00 1,00 253802 0
308 296,44 296,44 299,83 1,00 1,00 254049 0
309 296,44 296,44 297,65 1,00 1,00 254401 0
310 296,44 296,44 297,79 1,00 1,00 254778 0
311 296,44 296,44 297,90 1,00 1,00 255271 0
312 296,44 296,44 295,36 1,00 1,00 255757 0
313 296,44 296,44 295,88 1,00 1,00 256168 0
314 296,44 296,44 294,95 1,00 1,00 256672 0
315 296,44 296,44 293,20 1,00 1,00 257185 0
316 296,44 296,44 295,17 1,00 1,00 257712 0
317 296,44 296,44 293,68 1,00 1,00 258122 0
318 296,44 296,44 294,10 1,00 1,00 258667 0
319 296,44 296,44 293,93 1,00 1,00 259142 0
320 296,44 296,44 293,73 1,00 1,00 259646 0
321 296,44 296,44 294,66 1,00 1,00 260162 0
322 296,44 296,44 294,06 1,00 1,00 260676 0
323 296,44 296,44 294,54 1,00 1,00 261138 0
324 296,44 296,44 295,25 1,00 1,00 261651 0
325 296,44 296,44 294,43 1,00 1,00 262097 0
326 296,44 296,44 293,92 1,00 1,00 262489 0
327 296,44 296,44 294,58 1,00 1,00 262843 0
328 296,44 296,44 295,30 1,00 1,00 263159 0
329 296,44 296,44 295,55 1,00 1,00 263421 0
330 296,44 296,44 295,97 1,00 1,00 263619 0
331 296,44 296,44 296,05 1,00 1,00 263843 0
332 296,44 296,44 296,19 1,00 1,00 264118 0
333 296,44 296,44 296,23 1,00 1,00 264399 0
334 296,44 296,44 296,55 1,00 1,00 264633 0
335 296,44 296,44 296,36 1,00 1,00 264897 0
336 296,44 296,44 297,03 1,00 1,00 265071 0
337 296,44 296,44 296,22 1,00 1,00 265325 0
338 296,44 296,44 296,47 1,00 1,00 265624 0
339 296,44 296,44 296,57 1,00 1,00 265881 0
340 296,44 296,44 296,44 1,00 1,00 266159 0
341 296,44 296,44 296,29 1,00 1,00 266407 0
342 296,44 296,44 296,50 1,00 1,00 266608 0
343 296,44 296,44 296,24 1,00 1,00 266826 0
344 296,44 296,44 296,32 1,00 1,00 267021 0
345 296,44 296,44 296,12 1,00 1,00 267267 0
346 296,44 296,44 296,15 1,00 1,00 267522 0
347 296,44 296,44 296,10 1,00 1,00 267800 0
348 296,44 296,44 296,07 1,00 1,00 267983 0
349 296,44 296,44 296,13 1,00 1,00 268149 0
350 296,44 296,44 295,92 1,00 1,00 268298 0
351 296,44 296,44 296,09 1,00 1,00 268420 0
352 296,44 296,44 296,06 1,00 1,00 268528 0
353 296,44 296,44 296,06 1,00 1,00 268604 0
354 296,44 296,44 295,96 1,00 1,00 268675 0
355 296,44 296,44 295,92 1,00 1,00 268771 0
356 296,44 296,44 295,77 1,00 1,00 268866 0
357 296,44 296,44 295,67 1,00 1,00 268992 0
358 296,44 296,44 295,79 1,00 1,00 269085 0
359 296,44 296,44 295,74 1,00 1,00 269183 0
360 296,44 296,44 295,80 1,00 1,00 269292 0
361 296,44 296,44 295,89 1,00 1,00 269492 0
362 296,44 296,44 295,74 1,00 1,00 269676 0
363 296,44 296,44 295,90 1,00 1,00 269862 0
364 296,44 296,44 295,89 1,00 1,00 270024 0
365 296,44 296,44 295,68 1,00 1,00 270194 0
366 296,44 296,44 295,94 1,00 1,00 270340 0
367 296,44 296,44 295,79 1,00 1,00 270507 0
368 296,44 296,44 295,90 1,00 1,00 270654 0
369 296,44 296,44 295,89 1,00 1,00 270777 0
370 296,44 296,44 295,93 1,00 1,00 270904 0
371 296,44 296,44 295,97 1,00 1,00 271036 0
372 296,44 296,44 295,86 1,00 1,00 271172 0
373 296,44 296,44 295,93 1,00 1,00 271283 0
374 296,44 296,44 295,89 1,00 1,00 271382 0
375 296,44 296,44 295,94 1,00 1,00 271457 0
376 296,44 296,44 295,93 1,00 1,00 271539 0
377 296,44 296,44 295,94 1,00 1,00 271646 0
378 296,44 296,44 296,00 1,00 1,00 271773 0
379 296,44 296,44 295,97 1,00 1,00 271893 0
380 296,44 296,44 295,87 1,00 1,00 272037 0
381 296,44 296,44 295,91 1,00 1,00 272202 0
382 296,44 296,44 295,86 1,00 1,00 272338 0
383 296,44 296,44 295,86 1,00 1,00 272459 0
384 296,44 296,44 295,82 1,00 1,00 272592 0
385 296,44 296,44 295,83 1,00 1,00 272715 0
386 296,44 296,44 295,88 1,00 1,00 272819 0
387 296,44 296,44 295,93 1,00 1,00 272909 0
388 296,44 296,44 295,93 1,00 1,00 272984 0
389 296,44 296,44 295,91 1,00 1,00 273060 0
390 296,44 296,44 295,91 1,00 1,00 273130 0
391 296,44 296,44 295,92 1,00 1,00 273200 0
392 296,44 296,44 295,94 1,00 1,00 273255 0
393 296,44 296,44 295,88 1,00 1,00 273325 0
394 296,44 296,44 295,89 1,00 1,00 273396 0
395 296,44 296,44 295,90 1,00 1,00 273468 0
396 296,44 296,44 295,90 1,00 1,00 273534 0
397 296,44 296,44 295,89 1,00 1,00 273607 0
398 296,44 296,44 295,90 1,00 1,00 273669 0
399 296,44 296,44 295,91 1,00 1,00 273741 0
400 296,44 296,44 295,92 1,00 1,00 273814 0
401 296,44 296,44 295,90 1,00 1,00 273888 0
402 296,44 296,44 295,89 1,00 1,00 273977 0
403 296,44 296,44 295,90 1,00 1,00 274059 0
404 296,44 296,44 295,91 1,00 1,00 274169 0
405 296,44 296,44 295,91 1,00 1,00 274272 0
406 296,44 296,44 295,87 1,00 1,00 274391 0
407 296,44 296,44 295,86 1,00 1,00 274514 0
408 296,44 296,44 295,90 1,00 1,00 274605 0
409 296,44 296,44 295,90 1,00 1,00 274690 0
410 296,44 296,44 295,88 1,00 1,00 274777 0
411 296,44 296,44 295,87 1,00 1,00 274881 0
412 296,44 296,44 295,89 1,00 1,00 274988 0
413 296,44 296,44 295,86 1,00 1,00 275096 0
414 296,44 296,44 295,86 1,00 1,00 275203 0
415 296,44 296,44 295,84 1,00 1,00 275294 0
416 296,44 296,44 295,84 1,00 1,00 275366 0
417 296,44 296,44 295,81 1,00 1,00 275439 0
418 296,44 296,44 295,81 1,00 1,00 275506 0
419 296,44 296,44 295,82 1,00 1,00 275568 0
420 296,44 296,44 295,81 1,00 1,00 275608 0
421 296,44 296,44 295,80 1,00 1,00 275655 0
422 296,44 296,44 295,79 1,00 1,00 275694 0
423 296,44 296,44 295,82 1,00 1,00 275738 0
424 296,44 296,44 295,84 1,00 1,00 275786 0
425 296,44 296,44 295,86 1,00 1,00 275834 0
426 296,44 296,44 295,88 1,00 1,00 275905 0
427 296,44 296,44 295,85 1,00 1,00 275978 0
428 296,44 296,44 295,86 1,00 1,00 276040 0
429 296,44 296,44 295,86 1,00 1,00 276089 0
430 296,44 296,44 295,87 1,00 1,00 276136 0
431 296,44 296,44 295,86 1,00 1,00 276202 0
432 296,44 296,44 295,86 1,00 1,00 276263 0
433 296,44 296,44 295,86 1,00 1,00 276339 0
434 296,44 296,44 295,85 1,00 1,00 276430 0
435 296,44 296,44 295,83 1,00 1,00 276471 0
436 296,44 296,44 295,87 1,00 1,00 276551 0
437 296,44 296,44 295,85 1,00 1,00 276623 0
438 296,44 296,44 295,88 1,00 1,00 276703 0
439 296,44 296,44 295,87 1,00 1,00 276776 0
440 296,44 296,44 295,88 1,00 1,00 276831 0
441 296,44 296,44 295,89 1,00 1,00 276912 0
442 296,44 296,44 295,89 1,00 1,00 276981 0
443 296,44 296,44 295,88 1,00 1,00 277029 0
444 296,44 296,44 295,90 1,00 1,00 277094 0
445 296,44 296,44 295,89 1,00 1,00 277155 0
446 296,44 296,44 295,88 1,00 1,00 277209 0
447 296,44 296,44 295,87 1,00 1,00 277276 0
448 296,44 296,44 295,87 1,00 1,00 277346 0
449 296,44 296,44 295,87 1,00 1,00 277419 0
450 296,44 296,44 295,87 1,00 1,00 277480 0
451 296,44 296,44 295,88 1,00 1,00 277546 0
452 296,44 296,44 295,87 1,00 1,00 277633 0
453 296,44 296,44 295,87 1,00 1,00 277699 0
454 296,44 296,44 295,87 1,00 1,00 277753 0
455 296,44 296,44 295,87 1,00 1,00 277794 0
456 296,44 296,44 295,88 1,00 1,00 277831 0
457 296,44 296,44 295,89 1,00 1,00 277866 0
458 296,44 296,44 295,89 1,00 1,00 277907 0
459 296,44 296,44 295,88 1,00 1,00 277956 0
460 296,44 296,44 295,89 1,00 1,00 278010 0
461 296,44 296,44 295,88 1,00 1,00 278052 0
462 296,44 296,44 295,88 1,00 1,00 278092 0
463 296,44 296,44 295,88 1,00 1,00 278136 0
464 296,44 296,44 295,88 1,00 1,00 278171 0
465 296,44 296,44 295,88 1,00 1,00 278215 0
466 296,44 296,44 295,89 1,00 1,00 278256 0
467 296,44 296,44 295,88 1,00 1,00 278310 0
468 296,44 296,44 295,88 1,00 1,00 278372 0
469 296,44 296,44 295,88 1,00 1,00 278422 0
470 296,44 296,44 295,88 1,00 1,00 278480 0
471 296,44 296,44 295,87 1,00 1,00 278532 0
472 296,44 296,44 295,88 1,00 1,00 278583 0
473 296,44 296,44 295,87 1,00 1,00 278628 0
474 296,44 296,44 295,88 1,00 1,00 278661 0
475 296,44 296,44 295,87 1,00 1,00 278697 0
476 296,44 296,44 295,87 1,00 1,00 278747 0
477 296,44 296,44 295,88 1,00 1,00 278809 0
478 296,44 296,44 295,88 1,00 1,00 278860 0
479 296,44 296,44 295,88 1,00 1,00 278924 0
480 296,44 296,44 295,87 1,00 1,00 278971 0
481 296,44 296,44 295,88 1,00 1,00 279018 0
482 296,44 296,44 295,88 1,00 1,00 279043 0
483 296,44 296,44 295,89 1,00 1,00 279071 0
484 296,44 296,44 295,89 1,00 1,00 279098 0
485 296,44 296,44 295,88 1,00 1,00 279123 0
486 296,44 296,44 295,89 1,00 1,00 279191 0
487 296,44 296,44 295,88 1,00 1,00 279255 0
488 296,44 296,44 295,88 1,00 1,00 279281 0
489 296,44 296,44 295,88 1,00 1,00 279305 0
490 296,44 296,44 295,88 1,00 1,00 279344 0
491 296,44 296,44 295,88 1,00 1,00 279378 0
492 296,44 296,44 295,88 1,00 1,00 279421 0
493 296,44 296,44 295,89 1,00 1,00 279458 0
494 296,44 296,44 295,88 1,00 1,00 279509 0
495 296,44 296,44 295,88 1,00 1,00 279558 0
496 296,44 296,44 295,89 1,00 1,00 279608 0
497 296,44 296,44 295,88 1,00 1,00 279665 0
498 296,44 296,44 295,87 1,00 1,00 279720 0
499 296,44 296,44 295,87 1,00 1,00 279792 0
