500
0 75,65 75,65 75,65 1,00 85,00
1 75,65 0,00 0,00 1,00 50,00
2 75,65 75,65 84,26 99,00 55,00
3 75,65 0,00 0,00 3,00 61,00
4 75,65 75,65 129,34 101,00 66,00
5 75,65 0,00 0,00 3,00 72,00
6 75,65 75,65 106,93 101,00 77,00
7 75,65 0,00 0,00 3,00 83,00
8 75,65 75,65 98,79 101,00 88,00
9 75,65 0,00 0,00 6,00 94,00
10 75,65 75,65 97,41 104,00 99,00
11 75,65 0,00 0,00 5,00 105,00
12 75,65 0,00 0,00 103,00 109,00
13 75,65 75,65 110,13 201,00 114,00
14 75,65 0,00 0,00 103,00 120,00
15 75,65 75,65 107,05 201,00 125,00
16 75,65 0,00 0,00 101,00 131,00
17 75,65 75,65 105,18 199,00 136,00
18 75,65 0,00 0,00 99,00 142,00
19 75,65 75,65 104,27 197,00 147,00
20 75,65 0,00 0,00 97,00 153,00
21 75,65 75,65 103,98 195,00 158,00
22 75,65 0,00 0,00 95,00 164,00
23 75,65 75,65 103,86 193,00 169,00
24 75,65 0,00 0,00 93,00 175,00
25 75,65 75,65 103,70 191,00 180,00
26 75,65 0,00 0,00 91,00 186,00
27 75,65 0,00 0,00 189,00 191,00
28 75,65 75,65 103,30 287,00 196,00
29 75,65 0,00 0,00 187,00 202,00
30 75,65 75,65 103,06 285,00 207,00
31 75,65 0,00 0,00 185,00 213,00
32 75,65 75,65 102,80 283,00 218,00
33 75,65 0,00 0,00 183,00 224,00
34 75,65 75,65 102,54 281,00 229,00
35 75,65 0,00 0,00 181,00 235,00
36 75,65 75,65 102,23 279,00 240,00
37 75,65 0,00 0,00 179,00 246,00
38 75,65 75,65 101,93 277,00 251,00
39 75,65 0,00 0,00 177,00 257,00
40 75,65 75,65 101,63 275,00 262,00
41 75,65 0,00 0,00 175,00 268,00
42 75,65 75,65 101,31 273,00 273,00
43 75,65 0,00 0,00 173,00 279,00
44 75,65 0,00 0,00 271,00 277,00
45 75,65 75,65 100,87 369,00 282,00
46 75,65 0,00 0,00 269,00 288,00
47 75,65 75,65 100,57 367,00 293,00
48 75,65 0,00 0,00 267,00 299,00
49 75,65 75,65 100,26 365,00 304,00
50 75,65 0,00 0,00 265,00 310,00
51 75,65 75,65 99,95 363,00 315,00
52 75,65 0,00 0,00 263,00 321,00
53 75,65 75,65 99,62 361,00 326,00
54 75,65 0,00 0,00 261,00 332,00
55 75,65 75,65 99,27 359,00 337,00
56 75,65 0,00 0,00 259,00 343,00
57 75,65 75,65 98,90 357,00 348,00
58 75,65 0,00 0,00 257,00 354,00
59 75,65 0,00 0,00 355,00 359,00
60 75,65 75,65 98,36 453,00 364,00
61 75,65 0,00 0,00 353,00 370,00
62 75,65 75,65 97,99 451,00 375,00
63 75,65 0,00 0,00 351,00 381,00
64 75,65 75,65 97,61 449,00 386,00
65 75,65 0,00 0,00 349,00 392,00
66 75,65 75,65 97,25 447,00 397,00
67 75,65 0,00 0,00 347,00 403,00
68 75,65 75,65 96,88 445,00 408,00
69 75,65 0,00 0,00 345,00 414,00
70 75,65 75,65 96,50 443,00 419,00
71 75,65 0,00 0,00 343,00 425,00
72 75,65 75,65 96,15 441,00 430,00
73 75,65 0,00 0,00 341,00 436,00
74 75,65 0,00 0,00 439,00 441,00
75 75,65 75,65 95,62 537,00 446,00
76 75,65 0,00 0,00 437,00 452,00
77 75,65 75,65 95,24 535,00 457,00
78 75,65 0,00 0,00 435,00 463,00
79 75,65 75,65 94,88 533,00 468,00
80 75,65 0,00 0,00 433,00 474,00
81 75,65 75,65 94,54 531,00 479,00
82 75,65 0,00 0,00 431,00 485,00
83 75,65 75,65 94,18 529,00 490,00
84 75,65 0,00 0,00 429,00 496,00
85 75,65 75,65 93,82 527,00 501,00
86 75,65 0,00 0,00 427,00 507,00
87 75,65 75,65 93,46 525,00 512,00
88 75,65 0,00 0,00 425,00 518,00
89 75,65 75,65 93,11 523,00 523,00
90 75,65 0,00 0,00 423,00 529,00
91 75,65 0,00 0,00 521,00 527,00
92 75,65 75,65 92,60 619,00 532,00
93 75,65 0,00 0,00 519,00 538,00
94 75,65 75,65 92,28 617,00 543,00
95 75,65 0,00 0,00 517,00 549,00
96 75,65 75,65 91,95 615,00 554,00
97 75,65 0,00 0,00 515,00 560,00
98 75,65 75,65 91,61 613,00 565,00
99 75,65 0,00 0,00 513,00 571,00
100 75,65 75,65 91,28 611,00 576,00
101 75,65 0,00 0,00 511,00 582,00
102 75,65 75,65 90,96 609,00 587,00
103 75,65 0,00 0,00 509,00 593,00
104 75,65 75,65 90,62 607,00 598,00
105 75,65 0,00 0,00 507,00 604,00
106 75,65 0,00 0,00 605,00 609,00
107 75,65 75,65 90,11 703,00 614,00
108 75,65 0,00 0,00 603,00 620,00
109 75,65 75,65 89,78 701,00 625,00
110 75,65 0,00 0,00 601,00 631,00
111 75,65 75,65 89,46 699,00 636,00
112 75,65 0,00 0,00 599,00 642,00
113 75,65 75,65 89,12 697,00 647,00
114 75,65 0,00 0,00 597,00 653,00
115 75,65 75,65 88,80 695,00 658,00
116 75,65 0,00 0,00 595,00 664,00
117 75,65 75,65 88,50 693,00 669,00
118 75,65 0,00 0,00 593,00 675,00
119 75,65 75,65 88,19 691,00 680,00
120 75,65 0,00 0,00 591,00 686,00
121 75,65 0,00 0,00 689,00 691,00
122 75,65 75,65 87,72 787,00 696,00
123 75,65 0,00 0,00 687,00 702,00
124 75,65 75,65 87,41 785,00 707,00
125 75,65 0,00 0,00 685,00 713,00
126 75,65 75,65 87,10 783,00 718,00
127 75,65 0,00 0,00 683,00 724,00
128 75,65 75,65 86,81 781,00 729,00
129 75,65 0,00 0,00 681,00 735,00
130 75,65 75,65 86,54 779,00 740,00
131 75,65 0,00 0,00 679,00 746,00
132 75,65 75,65 86,25 777,00 751,00
133 75,65 0,00 0,00 677,00 757,00
134 75,65 75,65 85,97 775,00 762,00
135 75,65 0,00 0,00 675,00 768,00
136 75,65 75,65 85,69 773,00 773,00
137 75,65 0,00 0,00 673,00 779,00
138 75,65 0,00 0,00 771,00 777,00
139 75,65 75,65 85,29 869,00 782,00
140 75,65 0,00 0,00 769,00 788,00
141 75,65 75,65 85,03 867,00 793,00
142 75,65 0,00 0,00 767,00 799,00
143 75,65 75,65 84,77 865,00 804,00
144 75,65 0,00 0,00 765,00 810,00
145 75,65 75,65 84,51 863,00 815,00
146 75,65 0,00 0,00 763,00 821,00
147 75,65 75,65 84,26 861,00 826,00
148 75,65 0,00 0,00 761,00 832,00
149 75,65 75,65 84,01 859,00 837,00
150 75,65 0,00 0,00 759,00 843,00
151 75,65 75,65 83,78 857,00 848,00
152 75,65 0,00 0,00 757,00 854,00
153 75,65 0,00 0,00 855,00 859,00
154 75,65 75,65 83,41 953,00 864,00
155 75,65 0,00 0,00 853,00 870,00
156 75,65 75,65 83,16 951,00 875,00
157 75,65 0,00 0,00 851,00 881,00
158 75,65 75,65 82,92 949,00 886,00
159 75,65 0,00 0,00 849,00 892,00
160 75,65 75,65 82,69 947,00 897,00
161 75,65 0,00 0,00 847,00 903,00
162 75,65 75,65 82,47 945,00 908,00
163 75,65 0,00 0,00 845,00 914,00
164 75,65 75,65 82,25 943,00 919,00
165 75,65 0,00 0,00 843,00 925,00
166 75,65 75,65 82,04 941,00 930,00
167 75,65 0,00 0,00 841,00 936,00
168 75,65 0,00 0,00 939,00 941,00
169 75,65 75,65 81,71 1.037,00 946,00
170 75,65 0,00 0,00 937,00 952,00
171 75,65 75,65 81,50 1.035,00 957,00
172 75,65 0,00 0,00 935,00 963,00
173 75,65 75,65 81,28 1.033,00 968,00
174 75,65 0,00 0,00 933,00 974,00
175 75,65 75,65 81,06 1.031,00 979,00
176 75,65 0,00 0,00 931,00 985,00
177 75,65 75,65 80,85 1.029,00 990,00
178 75,65 0,00 0,00 929,00 996,00
179 75,65 75,65 80,65 1.027,00 1.001,00
180 75,65 0,00 0,00 927,00 1.007,00
181 75,65 75,65 80,46 1.025,00 1.012,00
182 75,65 0,00 0,00 925,00 1.018,00
183 75,65 75,65 80,27 1.023,00 1.023,00
184 75,65 0,00 0,00 923,00 1.029,00
185 75,65 0,00 0,00 1.021,00 1.027,00
186 75,65 75,65 80,00 1.119,00 1.032,00
187 75,65 0,00 0,00 1.019,00 1.038,00
188 75,65 75,65 79,82 1.117,00 1.043,00
189 75,65 0,00 0,00 1.017,00 1.049,00
190 75,65 75,65 79,64 1.115,00 1.054,00
191 75,65 0,00 0,00 1.015,00 1.060,00
192 75,65 75,65 79,47 1.113,00 1.065,00
193 75,65 0,00 0,00 1.013,00 1.071,00
194 75,65 75,65 79,29 1.111,00 1.076,00
195 75,65 0,00 0,00 1.011,00 1.082,00
196 75,65 75,65 79,12 1.109,00 1.087,00
197 75,65 0,00 0,00 1.009,00 1.093,00
198 75,65 75,65 78,96 1.107,00 1.098,00
199 75,65 0,00 0,00 1.007,00 1.104,00
200 75,65 0,00 0,00 1.105,00 1.109,00
201 75,65 75,65 78,72 1.203,00 1.114,00
202 75,65 0,00 0,00 1.103,00 1.120,00
203 75,65 75,65 78,56 1.201,00 1.125,00
204 75,65 0,00 0,00 1.101,00 1.131,00
205 75,65 75,65 78,41 1.199,00 1.136,00
206 75,65 0,00 0,00 1.099,00 1.142,00
207 75,65 75,65 78,26 1.197,00 1.147,00
208 75,65 0,00 0,00 1.097,00 1.153,00
209 75,65 75,65 78,11 1.195,00 1.158,00
210 75,65 0,00 0,00 1.095,00 1.164,00
211 75,65 75,65 77,97 1.193,00 1.169,00
212 75,65 0,00 0,00 1.093,00 1.175,00
213 75,65 75,65 77,83 1.191,00 1.180,00
214 75,65 0,00 0,00 1.091,00 1.186,00
215 75,65 0,00 0,00 1.189,00 1.191,00
216 75,65 75,65 77,62 1.287,00 1.196,00
217 75,65 0,00 0,00 1.187,00 1.202,00
218 75,65 75,65 77,47 1.285,00 1.207,00
219 75,65 0,00 0,00 1.185,00 1.213,00
220 75,65 75,65 77,33 1.283,00 1.218,00
221 75,65 0,00 0,00 1.183,00 1.224,00
222 75,65 75,65 77,19 1.281,00 1.229,00
223 75,65 0,00 0,00 1.181,00 1.235,00
224 75,65 75,65 77,05 1.279,00 1.240,00
225 75,65 0,00 0,00 1.179,00 1.246,00
226 75,65 75,65 76,91 1.277,00 1.251,00
227 75,65 0,00 0,00 1.177,00 1.257,00
228 75,65 75,65 76,78 1.275,00 1.262,00
229 75,65 0,00 0,00 1.175,00 1.268,00
230 75,65 75,65 76,65 1.273,00 1.273,00
231 75,65 0,00 0,00 1.173,00 1.279,00
232 75,65 0,00 0,00 1.271,00 1.277,00
233 75,65 75,65 76,48 1.369,00 1.282,00
234 75,65 0,00 0,00 1.269,00 1.288,00
235 75,65 75,65 76,37 1.367,00 1.293,00
236 75,65 0,00 0,00 1.267,00 1.299,00
237 75,65 75,65 76,25 1.365,00 1.304,00
238 75,65 0,00 0,00 1.265,00 1.310,00
239 75,65 75,65 76,14 1.363,00 1.315,00
240 75,65 0,00 0,00 1.263,00 1.321,00
241 75,65 75,65 76,02 1.361,00 1.326,00
242 75,65 0,00 0,00 1.261,00 1.332,00
243 75,65 75,65 75,91 1.359,00 1.337,00
244 75,65 0,00 0,00 1.259,00 1.343,00
245 75,65 75,65 75,80 1.357,00 1.348,00
246 75,65 0,00 0,00 1.257,00 1.354,00
247 75,65 0,00 0,00 1.355,00 1.359,00
248 75,65 75,65 75,65 1.453,00 1.364,00
249 75,65 0,00 0,00 1.353,00 1.370,00
250 75,65 75,65 75,55 1.451,00 1.375,00
251 75,65 0,00 0,00 1.351,00 1.381,00
252 75,65 75,65 75,45 1.449,00 1.386,00
253 75,65 0,00 0,00 1.349,00 1.392,00
254 75,65 75,65 75,35 1.447,00 1.397,00
255 75,65 0,00 0,00 1.347,00 1.403,00
256 75,65 75,65 75,26 1.445,00 1.408,00
257 75,65 0,00 0,00 1.345,00 1.414,00
258 75,65 75,65 75,16 1.443,00 1.419,00
259 75,65 0,00 0,00 1.343,00 1.425,00
260 75,65 75,65 75,07 1.441,00 1.430,00
261 75,65 0,00 0,00 1.341,00 1.436,00
262 75,65 0,00 0,00 1.439,00 1.441,00
263 75,65 75,65 74,93 1.537,00 1.446,00
264 75,65 0,00 0,00 1.437,00 1.452,00
265 75,65 75,65 74,85 1.535,00 1.457,00
266 75,65 0,00 0,00 1.435,00 1.463,00
267 75,65 75,65 74,76 1.533,00 1.468,00
268 75,65 0,00 0,00 1.433,00 1.474,00
269 75,65 75,65 74,67 1.531,00 1.479,00
270 75,65 0,00 0,00 1.431,00 1.485,00
271 75,65 75,65 74,58 1.529,00 1.490,00
272 75,65 0,00 0,00 1.429,00 1.496,00
273 75,65 75,65 74,49 1.527,00 1.501,00
274 75,65 0,00 0,00 1.427,00 1.507,00
275 75,65 75,65 74,41 1.525,00 1.512,00
276 75,65 0,00 0,00 1.425,00 1.518,00
277 75,65 75,65 74,33 1.523,00 1.523,00
278 75,65 0,00 0,00 1.423,00 1.529,00
279 75,65 0,00 0,00 1.521,00 1.527,00
280 75,65 75,65 74,21 1.619,00 1.532,00
281 75,65 0,00 0,00 1.519,00 1.538,00
282 75,65 75,65 74,14 1.617,00 1.543,00
283 75,65 0,00 0,00 1.517,00 1.549,00
284 75,65 75,65 74,06 1.615,00 1.554,00
285 75,65 0,00 0,00 1.515,00 1.560,00
286 75,65 75,65 73,99 1.613,00 1.565,00
287 75,65 0,00 0,00 1.513,00 1.571,00
288 75,65 75,65 73,92 1.611,00 1.576,00
289 75,65 0,00 0,00 1.511,00 1.582,00
290 75,65 75,65 73,84 1.609,00 1.587,00
291 75,65 0,00 0,00 1.509,00 1.593,00
292 75,65 75,65 73,78 1.607,00 1.598,00
293 75,65 0,00 0,00 1.507,00 1.604,00
294 75,65 0,00 0,00 1.605,00 1.609,00
295 75,65 75,65 73,67 1.703,00 1.614,00
296 75,65 0,00 0,00 1.603,00 1.620,00
297 75,65 75,65 73,61 1.701,00 1.625,00
298 75,65 0,00 0,00 1.601,00 1.631,00
299 75,65 75,65 73,54 1.699,00 1.636,00
300 75,65 0,00 0,00 1.599,00 1.642,00
301 75,65 75,65 73,48 1.697,00 1.647,00
302 75,65 0,00 0,00 1.597,00 1.653,00
303 75,65 75,65 73,43 1.695,00 1.658,00
304 75,65 0,00 0,00 1.595,00 1.664,00
305 75,65 75,65 73,37 1.693,00 1.669,00
306 75,65 0,00 0,00 1.593,00 1.675,00
307 75,65 75,65 73,31 1.691,00 1.680,00
308 75,65 0,00 0,00 1.591,00 1.686,00
309 75,65 0,00 0,00 1.689,00 1.691,00
310 75,65 75,65 73,22 1.787,00 1.696,00
311 75,65 0,00 0,00 1.687,00 1.702,00
312 75,65 75,65 73,16 1.785,00 1.707,00
313 75,65 0,00 0,00 1.685,00 1.713,00
314 75,65 75,65 73,11 1.783,00 1.718,00
315 75,65 0,00 0,00 1.683,00 1.724,00
316 75,65 75,65 73,05 1.781,00 1.729,00
317 75,65 0,00 0,00 1.681,00 1.735,00
318 75,65 75,65 73,00 1.779,00 1.740,00
319 75,65 0,00 0,00 1.679,00 1.746,00
320 75,65 75,65 72,95 1.777,00 1.751,00
321 75,65 0,00 0,00 1.677,00 1.757,00
322 75,65 75,65 72,90 1.775,00 1.762,00
323 75,65 0,00 0,00 1.675,00 1.768,00
324 75,65 75,65 72,85 1.773,00 1.773,00
325 75,65 0,00 0,00 1.673,00 1.779,00
326 75,65 0,00 0,00 1.771,00 1.777,00
327 75,65 75,65 72,78 1.869,00 1.782,00
328 75,65 0,00 0,00 1.769,00 1.788,00
329 75,65 75,65 72,72 1.867,00 1.793,00
330 75,65 0,00 0,00 1.767,00 1.799,00
331 75,65 75,65 72,67 1.865,00 1.804,00
332 75,65 0,00 0,00 1.765,00 1.810,00
333 75,65 75,65 72,63 1.863,00 1.815,00
334 75,65 0,00 0,00 1.763,00 1.821,00
335 75,65 75,65 72,58 1.861,00 1.826,00
336 75,65 0,00 0,00 1.761,00 1.832,00
337 75,65 75,65 72,53 1.859,00 1.837,00
338 75,65 0,00 0,00 1.759,00 1.843,00
339 75,65 75,65 72,49 1.857,00 1.848,00
340 75,65 0,00 0,00 1.757,00 1.854,00
341 75,65 0,00 0,00 1.855,00 1.859,00
342 75,65 75,65 72,42 1.953,00 1.864,00
343 75,65 0,00 0,00 1.853,00 1.870,00
344 75,65 75,65 72,38 1.951,00 1.875,00
345 75,65 0,00 0,00 1.851,00 1.881,00
346 75,65 75,65 72,34 1.949,00 1.886,00
347 75,65 0,00 0,00 1.849,00 1.892,00
348 75,65 75,65 72,30 1.947,00 1.897,00
349 75,65 0,00 0,00 1.847,00 1.903,00
350 75,65 75,65 72,26 1.945,00 1.908,00
351 75,65 0,00 0,00 1.845,00 1.914,00
352 75,65 75,65 72,23 1.943,00 1.919,00
353 75,65 0,00 0,00 1.843,00 1.925,00
354 75,65 75,65 72,19 1.941,00 1.930,00
355 75,65 0,00 0,00 1.841,00 1.936,00
356 75,65 0,00 0,00 1.939,00 1.941,00
357 75,65 75,65 72,14 2.037,00 1.946,00
358 75,65 0,00 0,00 1.937,00 1.952,00
359 75,65 75,65 72,10 2.035,00 1.957,00
360 75,65 0,00 0,00 1.935,00 1.963,00
361 75,65 75,65 72,06 2.033,00 1.968,00
362 75,65 0,00 0,00 1.933,00 1.974,00
363 75,65 75,65 72,03 2.031,00 1.979,00
364 75,65 0,00 0,00 1.931,00 1.985,00
365 75,65 75,65 71,99 2.029,00 1.990,00
366 75,65 0,00 0,00 1.929,00 1.996,00
367 75,65 75,65 71,96 2.027,00 2.001,00
368 75,65 0,00 0,00 1.927,00 2.007,00
369 75,65 75,65 71,94 2.025,00 2.012,00
370 75,65 0,00 0,00 1.925,00 2.018,00
371 75,65 75,65 71,91 2.023,00 2.023,00
372 75,65 0,00 0,00 1.923,00 2.029,00
373 75,65 0,00 0,00 2.021,00 2.027,00
374 75,65 75,65 71,86 2.119,00 2.032,00
375 75,65 0,00 0,00 2.019,00 2.038,00
376 75,65 75,65 71,83 2.117,00 2.043,00
377 75,65 0,00 0,00 2.017,00 2.049,00
378 75,65 75,65 71,80 2.115,00 2.054,00
379 75,65 0,00 0,00 2.015,00 2.060,00
380 75,65 75,65 71,76 2.113,00 2.065,00
381 75,65 0,00 0,00 2.013,00 2.071,00
382 75,65 75,65 71,74 2.111,00 2.076,00
383 75,65 0,00 0,00 2.011,00 2.082,00
384 75,65 75,65 71,70 2.109,00 2.087,00
385 75,65 0,00 0,00 2.009,00 2.093,00
386 75,65 75,65 71,67 2.107,00 2.098,00
387 75,65 0,00 0,00 2.007,00 2.104,00
388 75,65 0,00 0,00 2.105,00 2.109,00
389 75,65 75,65 71,63 2.203,00 2.114,00
390 75,65 0,00 0,00 2.103,00 2.120,00
391 75,65 75,65 71,60 2.201,00 2.125,00
392 75,65 0,00 0,00 2.101,00 2.131,00
393 75,65 75,65 71,58 2.199,00 2.136,00
394 75,65 0,00 0,00 2.099,00 2.142,00
395 75,65 75,65 71,55 2.197,00 2.147,00
396 75,65 0,00 0,00 2.097,00 2.153,00
397 75,65 75,65 71,52 2.195,00 2.158,00
398 75,65 0,00 0,00 2.095,00 2.164,00
399 75,65 75,65 71,49 2.193,00 2.169,00
400 75,65 0,00 0,00 2.093,00 2.175,00
401 75,65 75,65 71,46 2.191,00 2.180,00
402 75,65 0,00 0,00 2.091,00 2.186,00
403 75,65 0,00 0,00 2.189,00 2.191,00
404 75,65 75,65 71,43 2.287,00 2.196,00
405 75,65 0,00 0,00 2.187,00 2.202,00
406 75,65 75,65 71,40 2.285,00 2.207,00
407 75,65 0,00 0,00 2.185,00 2.213,00
408 75,65 75,65 71,38 2.283,00 2.218,00
409 75,65 0,00 0,00 2.183,00 2.224,00
410 75,65 75,65 71,36 2.281,00 2.229,00
411 75,65 0,00 0,00 2.181,00 2.235,00
412 75,65 75,65 71,33 2.279,00 2.240,00
413 75,65 0,00 0,00 2.179,00 2.246,00
414 75,65 75,65 71,31 2.277,00 2.251,00
415 75,65 0,00 0,00 2.177,00 2.257,00
416 75,65 75,65 71,29 2.275,00 2.262,00
417 75,65 0,00 0,00 2.175,00 2.268,00
418 75,65 75,65 71,28 2.273,00 2.273,00
419 75,65 0,00 0,00 2.173,00 2.279,00
420 75,65 0,00 0,00 2.271,00 2.277,00
421 75,65 75,65 71,25 2.369,00 2.282,00
422 75,65 0,00 0,00 2.269,00 2.288,00
423 75,65 75,65 71,23 2.367,00 2.293,00
424 75,65 0,00 0,00 2.267,00 2.299,00
425 75,65 75,65 71,21 2.365,00 2.304,00
426 75,65 0,00 0,00 2.265,00 2.310,00
427 75,65 75,65 71,18 2.363,00 2.315,00
428 75,65 0,00 0,00 2.263,00 2.321,00
429 75,65 75,65 71,16 2.361,00 2.326,00
430 75,65 0,00 0,00 2.261,00 2.332,00
431 75,65 75,65 71,14 2.359,00 2.337,00
432 75,65 0,00 0,00 2.259,00 2.343,00
433 75,65 75,65 71,12 2.357,00 2.348,00
434 75,65 0,00 0,00 2.257,00 2.354,00
435 75,65 0,00 0,00 2.355,00 2.359,00
436 75,65 75,65 71,09 2.453,00 2.364,00
437 75,65 0,00 0,00 2.353,00 2.370,00
438 75,65 75,65 71,07 2.451,00 2.375,00
439 75,65 0,00 0,00 2.351,00 2.381,00
440 75,65 75,65 71,05 2.449,00 2.386,00
441 75,65 0,00 0,00 2.349,00 2.392,00
442 75,65 75,65 71,03 2.447,00 2.397,00
443 75,65 0,00 0,00 2.347,00 2.403,00
444 75,65 75,65 71,01 2.445,00 2.408,00
445 75,65 0,00 0,00 2.345,00 2.414,00
446 75,65 75,65 70,99 2.443,00 2.419,00
447 75,65 0,00 0,00 2.343,00 2.425,00
448 75,65 75,65 70,98 2.441,00 2.430,00
449 75,65 0,00 0,00 2.341,00 2.436,00
450 75,65 0,00 0,00 2.439,00 2.441,00
451 75,65 75,65 70,95 2.537,00 2.446,00
452 75,65 0,00 0,00 2.437,00 2.452,00
453 75,65 75,65 70,93 2.535,00 2.457,00
454 75,65 0,00 0,00 2.435,00 2.463,00
455 75,65 75,65 70,92 2.533,00 2.468,00
456 75,65 0,00 0,00 2.433,00 2.474,00
457 75,65 75,65 70,90 2.531,00 2.479,00
458 75,65 0,00 0,00 2.431,00 2.485,00
459 75,65 75,65 70,89 2.529,00 2.490,00
460 75,65 0,00 0,00 2.429,00 2.496,00
461 75,65 75,65 70,87 2.527,00 2.501,00
462 75,65 0,00 0,00 2.427,00 2.507,00
463 75,65 75,65 70,86 2.525,00 2.512,00
464 75,65 0,00 0,00 2.425,00 2.518,00
465 75,65 75,65 70,84 2.523,00 2.523,00
466 75,65 0,00 0,00 2.423,00 2.529,00
467 75,65 0,00 0,00 2.521,00 2.527,00
468 75,65 75,65 70,82 2.619,00 2.532,00
469 75,65 0,00 0,00 2.519,00 2.538,00
470 75,65 75,65 70,81 2.617,00 2.543,00
471 75,65 0,00 0,00 2.517,00 2.549,00
472 75,65 75,65 70,80 2.615,00 2.554,00
473 75,65 0,00 0,00 2.515,00 2.560,00
474 75,65 75,65 70,78 2.613,00 2.565,00
475 75,65 0,00 0,00 2.513,00 2.571,00
476 75,65 75,65 70,77 2.611,00 2.576,00
477 75,65 0,00 0,00 2.511,00 2.582,00
478 75,65 75,65 70,75 2.609,00 2.587,00
479 75,65 0,00 0,00 2.509,00 2.593,00
480 75,65 75,65 70,74 2.607,00 2.598,00
481 75,65 0,00 0,00 2.507,00 2.604,00
482 75,65 0,00 0,00 2.605,00 2.609,00
483 75,65 75,65 70,72 2.703,00 2.614,00
484 75,65 0,00 0,00 2.603,00 2.620,00
485 75,65 75,65 70,71 2.701,00 2.625,00
486 75,65 0,00 0,00 2.601,00 2.631,00
487 75,65 75,65 70,70 2.699,00 2.636,00
488 75,65 0,00 0,00 2.599,00 2.642,00
489 75,65 75,65 70,68 2.697,00 2.647,00
490 75,65 0,00 0,00 2.597,00 2.653,00
491 75,65 75,65 70,67 2.695,00 2.658,00
492 75,65 0,00 0,00 2.595,00 2.664,00
493 75,65 75,65 70,66 2.693,00 2.669,00
494 75,65 0,00 0,00 2.593,00 2.675,00
495 75,65 75,65 70,65 2.691,00 2.680,00
496 75,65 0,00 0,00 2.591,00 2.686,00
497 75,65 0,00 0,00 2.689,00 2.691,00
498 75,65 75,65 70,63 2.787,00 2.696,00
499 75,65 0,00 0,00 2.687,00 2.702,00
