500
0 364,59 364,59 364,59 1,00 6,00 0 1
1 364,59 364,59 364,59 1,00 5,00 2034 1
2 364,59 364,59 27,15 1,00 1,00 5373 1
3 364,59 364,59 29,45 3,00 1,00 8224 1
4 364,59 364,59 29,95 1,00 18,00 10634 1
5 364,59 22,79 1,80 111,00 16,00 12916 1
6 364,59 2.248,33 233,46 1,00 18,00 15418 1
7 364,59 2.248,33 233,42 1,00 18,00 17536 1
8 364,59 2.248,33 262,97 1,00 18,00 19639 1
9 364,59 2.248,33 450,18 1,00 18,00 21808 1
10 364,59 2.248,33 395,26 1,00 18,00 23907 1
11 364,59 2.248,33 470,74 1,00 18,00 25930 1
12 364,59 2.248,33 475,74 1,00 18,00 27892 1
13 364,59 2.248,33 594,39 1,00 18,00 29850 1
14 364,59 2.248,33 846,73 1,00 18,00 31599 1
15 364,59 20,26 4,21 40,00 18,00 33497 1
16 364,59 20,26 8,24 92,00 18,00 35789 1
17 364,59 20,26 8,77 142,00 18,00 37955 1
18 364,59 20,26 8,61 182,00 18,00 39952 1
19 364,59 20,26 7,77 216,00 18,00 41766 1
20 364,59 20,26 10,29 268,00 18,00 43660 1
21 364,59 20,26 10,73 300,00 18,00 45373 1
22 364,59 20,26 8,92 340,00 18,00 47124 1
23 364,59 20,26 10,34 374,00 18,00 48807 1
24 364,59 20,26 12,34 384,00 18,00 50463 1
25 364,59 20,26 13,34 396,00 18,00 52047 1
26 364,59 20,26 12,25 402,00 18,00 53795 1
27 364,59 20,26 10,93 426,00 18,00 55520 1
28 364,59 20,26 10,64 434,00 18,00 57190 1
29 364,59 20,26 12,07 442,00 18,00 58778 1
30 364,59 20,26 13,39 460,00 18,00 60394 1
31 364,59 20,26 14,86 502,00 18,00 62105 1
32 364,59 20,26 13,34 506,00 18,00 63934 1
33 364,59 20,26 12,04 524,00 18,00 65556 1
34 364,59 20,26 13,01 544,00 18,00 67081 1
35 364,59 20,26 13,19 562,00 18,00 68549 1
36 364,59 11.383,46 7.244,27 362,00 18,00 69881 1
37 364,59 11.383,46 8.008,70 162,00 35,00 71145 1
38 364,59 11.383,46 7.760,10 1,00 52,00 72579 1
39 364,59 11.383,46 7.492,45 1,00 52,00 74208 1
40 364,59 11.383,46 7.164,90 1,00 52,00 75718 1
41 364,59 11.383,46 5.554,72 1,00 52,00 77166 1
42 364,59 11.383,46 7.383,93 1,00 52,00 78878 1
43 364,59 11.383,46 7.088,55 1,00 52,00 80555 1
44 364,59 11.383,46 7.078,45 1,00 52,00 81773 1
45 364,59 11.383,46 7.083,44 1,00 52,00 83109 1
46 364,59 7,01 4,47 86,00 52,00 84434 1
47 364,59 7,01 4,40 170,00 33,00 85600 1
48 364,59 7,01 4,40 234,00 18,00 87143 1
49 364,59 7,01 4,37 266,00 18,00 88485 1
50 364,59 5.387,90 3.416,53 66,00 18,00 89667 1
51 364,59 5.387,90 4.057,92 1,00 35,00 91101 1
52 364,59 5.387,90 4.281,75 1,00 35,00 92490 1
53 364,59 5.387,90 4.335,29 1,00 35,00 93718 1
54 364,59 5.387,90 4.213,93 1,00 35,00 94913 1
55 364,59 5.387,90 4.220,31 1,00 35,00 96246 1
56 364,59 5.387,90 4.314,21 1,00 35,00 97603 1
57 364,59 5.387,90 4.200,36 1,00 35,00 98885 1
58 364,59 5.387,90 4.336,63 1,00 35,00 100402 1
59 364,59 5.387,90 4.266,79 1,00 35,00 101741 1
60 364,59 5.387,90 4.271,06 1,00 35,00 103074 1
61 364,59 10,42 8,13 7,00 35,00 104418 1
62 364,59 10,42 8,01 1,00 21,00 105536 1
63 364,59 10,42 8,14 3,00 1,00 106810 1
64 364,59 10,42 7,97 11,00 18,00 108412 1
65 364,59 10,42 7,77 9,00 18,00 110148 1
66 364,59 10,42 7,84 6,00 18,00 111691 1
67 364,59 10,42 7,88 8,00 18,00 113010 1
68 364,59 162,04 118,42 1,00 18,00 114244 1
69 364,59 162,04 124,10 1,00 11,00 115821 1
70 364,59 162,04 129,59 1,00 4,00 117266 1
71 364,59 162,04 126,20 1,00 1,00 118561 1
72 364,59 162,04 125,11 1,00 1,00 120013 1
73 364,59 364,59 278,38 1,00 1,00 121298 1
74 364,59 364,59 271,18 1,00 1,00 122549 1
75 364,59 364,59 272,00 1,00 1,00 123751 1
76 364,59 364,59 270,86 1,00 1,00 124905 1
77 364,59 364,59 263,00 1,00 1,00 125986 1
78 364,59 364,59 267,93 1,00 1,00 127318 1
79 364,59 364,59 259,28 1,00 1,00 128543 1
80 364,59 364,59 262,75 1,00 1,00 130074 1
81 364,59 364,59 260,29 1,00 1,00 131439 1
82 364,59 364,59 327,77 1,00 1,00 132580 1
83 364,59 364,59 312,04 1,00 1,00 133739 1
84 364,59 364,59 310,78 1,00 1,00 134818 1
85 364,59 364,59 309,61 1,00 1,00 135948 1
86 364,59 364,59 319,18 1,00 1,00 136970 1
87 364,59 364,59 319,68 1,00 1,00 138018 1
88 364,59 364,59 324,96 1,00 1,00 139066 1
89 364,59 364,59 328,98 1,00 1,00 139999 1
90 364,59 364,59 321,46 1,00 1,00 141020 1
91 364,59 364,59 323,31 1,00 1,00 142167 1
92 364,59 364,59 315,91 1,00 1,00 143191 1
93 364,59 364,59 312,16 1,00 1,00 144073 1
94 364,59 364,59 328,06 1,00 1,00 145023 1
95 364,59 364,59 332,83 1,00 1,00 146050 1
96 364,59 364,59 333,74 1,00 1,00 147033 1
97 364,59 364,59 326,37 1,00 1,00 148185 1
98 364,59 364,59 329,95 1,00 1,00 149496 1
99 364,59 364,59 315,98 1,00 1,00 150789 1
100 364,59 364,59 316,88 1,00 1,00 151913 1
101 364,59 364,59 307,26 1,00 1,00 152923 1
102 364,59 364,59 304,57 1,00 1,00 154100 1
103 364,59 364,59 303,94 1,00 1,00 155304 1
104 364,59 364,59 304,67 1,00 1,00 156501 1
105 364,59 364,59 318,68 1,00 1,00 157770 1
106 364,59 364,59 331,19 1,00 1,00 159019 1
107 364,59 364,59 332,58 1,00 1,00 160099 1
108 364,59 364,59 323,18 1,00 1,00 161070 1
109 364,59 364,59 321,93 1,00 1,00 161897 1
110 364,59 364,59 323,83 1,00 1,00 162626 1
111 364,59 364,59 317,87 1,00 1,00 163252 1
112 364,59 364,59 315,58 1,00 1,00 163915 1
113 364,59 364,59 311,95 1,00 1,00 164484 1
114 364,59 364,59 310,98 1,00 1,00 165028 1
115 364,59 364,59 311,66 1,00 1,00 165663 1
116 364,59 364,59 310,84 1,00 1,00 166330 1
117 364,59 364,59 309,54 1,00 1,00 166906 1
118 364,59 364,59 308,90 1,00 1,00 167421 1
119 364,59 364,59 309,40 1,00 1,00 168035 1
120 364,59 364,59 307,56 1,00 1,00 168861 1
121 364,59 364,59 311,40 1,00 1,00 169578 1
122 364,59 364,59 313,78 1,00 1,00 170224 1
123 364,59 364,59 321,48 1,00 1,00 170893 1
124 364,59 364,59 320,03 1,00 1,00 171582 1
125 364,59 364,59 319,93 1,00 1,00 172216 1
126 364,59 364,59 324,54 1,00 1,00 172756 1
127 364,59 364,59 323,55 1,00 1,00 173305 1
128 364,59 364,59 322,16 1,00 1,00 173840 1
129 364,59 364,59 320,55 1,00 1,00 174427 1
130 364,59 364,59 323,52 1,00 1,00 175026 1
131 364,59 364,59 321,87 1,00 1,00 175704 1
132 364,59 364,59 316,57 1,00 1,00 176270 1
133 364,59 364,59 316,23 1,00 1,00 176881 1
134 364,59 364,59 316,14 1,00 1,00 177431 1
135 364,59 364,59 316,49 1,00 1,00 178005 1
136 364,59 364,59 314,43 1,00 1,00 178566 1
137 364,59 364,59 307,55 1,00 1,00 179265 1
138 364,59 364,59 313,43 1,00 1,00 179894 1
139 364,59 364,59 311,78 1,00 1,00 180482 1
140 364,59 364,59 314,43 1,00 1,00 181063 1
141 364,59 364,59 308,46 1,00 1,00 181637 1
142 364,59 364,59 303,41 1,00 1,00 182152 1
143 364,59 364,59 302,27 1,00 1,00 182626 1
144 364,59 364,59 302,04 1,00 1,00 183097 1
145 364,59 364,59 298,43 1,00 1,00 183576 1
146 364,59 364,59 298,49 1,00 1,00 184032 1
147 364,59 364,59 297,15 1,00 1,00 184511 1
148 364,59 364,59 298,65 1,00 1,00 184974 1
149 364,59 364,59 299,25 1,00 1,00 185531 1
150 364,59 364,59 300,29 1,00 1,00 186058 1
151 364,59 364,59 301,81 1,00 1,00 186631 1
152 364,59 364,59 302,58 1,00 1,00 187173 1
153 364,59 364,59 306,71 1,00 1,00 187653 1
154 364,59 364,59 312,03 1,00 1,00 188087 1
155 364,59 364,59 314,66 1,00 1,00 188478 1
156 364,59 364,59 315,19 1,00 1,00 188781 1
157 364,59 364,59 314,22 1,00 1,00 189113 1
158 364,59 364,59 316,19 1,00 1,00 189431 1
159 364,59 364,59 315,77 1,00 1,00 189747 1
160 364,59 364,59 315,78 1,00 1,00 190001 1
161 364,59 364,59 316,09 1,00 1,00 190235 1
162 364,59 364,59 312,61 1,00 1,00 190426 1
163 364,59 364,59 313,65 1,00 1,00 190604 1
164 364,59 364,59 314,76 1,00 1,00 190779 1
165 364,59 364,59 316,10 1,00 1,00 191045 1
166 364,59 364,59 316,94 1,00 1,00 191280 1
167 364,59 364,59 316,93 1,00 1,00 191593 1
168 364,59 364,59 318,37 1,00 1,00 192025 1
169 364,59 364,59 317,63 1,00 1,00 192568 1
170 364,59 364,59 317,00 1,00 1,00 193073 1
171 364,59 364,59 316,86 1,00 1,00 193588 1
172 364,59 364,59 316,78 1,00 1,00 194218 1
173 364,59 364,59 318,59 1,00 1,00 194884 1
174 364,59 364,59 319,56 1,00 1,00 195676 1
175 364,59 364,59 321,78 1,00 1,00 196337 1
176 364,59 364,59 316,86 1,00 1,00 196899 1
177 364,59 364,59 316,01 1,00 1,00 197325 1
178 364,59 364,59 316,00 1,00 1,00 197802 1
179 364,59 364,59 315,07 1,00 1,00 198275 1
180 364,59 364,59 317,11 1,00 1,00 198921 1
181 364,59 364,59 320,38 1,00 1,00 199549 1
182 364,59 364,59 321,25 1,00 1,00 200208 1
183 364,59 364,59 319,90 1,00 1,00 201052 1
184 364,59 364,59 317,92 1,00 1,00 201970 1
185 364,59 364,59 318,83 1,00 1,00 202680 1
186 364,59 364,59 318,62 1,00 1,00 203342 1
187 364,59 364,59 308,79 1,00 1,00 203905 1
188 364,59 364,59 310,34 1,00 1,00 204414 1
189 364,59 364,59 311,20 1,00 1,00 205267 1
190 364,59 364,59 316,93 1,00 1,00 206148 1
191 364,59 364,59 319,44 1,00 1,00 207071 1
192 364,59 364,59 314,99 1,00 1,00 207853 1
193 364,59 364,59 314,90 1,00 1,00 208707 1
194 364,59 364,59 316,63 1,00 1,00 209442 1
195 364,59 364,59 315,74 1,00 1,00 210092 1
196 364,59 364,59 314,75 1,00 1,00 210836 1
197 364,59 364,59 314,06 1,00 1,00 211520 1
198 364,59 364,59 313,13 1,00 1,00 212143 1
199 364,59 364,59 316,40 1,00 1,00 212798 1
200 364,59 364,59 314,13 1,00 1,00 213398 1
201 364,59 364,59 314,10 1,00 1,00 213972 1
202 364,59 364,59 314,82 1,00 1,00 214446 1
203 364,59 364,59 316,93 1,00 1,00 214886 1
204 364,59 364,59 311,69 1,00 1,00 215331 1
205 364,59 364,59 317,76 1,00 1,00 215711 1
206 364,59 364,59 319,25 1,00 1,00 216069 1
207 364,59 364,59 319,20 1,00 1,00 216426 1
208 364,59 364,59 318,81 1,00 1,00 216691 1
209 364,59 364,59 313,69 1,00 1,00 216851 1
210 364,59 364,59 320,74 1,00 1,00 217021 1
211 364,59 364,59 322,46 1,00 1,00 217235 1
212 364,59 364,59 320,33 1,00 1,00 217428 1
213 364,59 364,59 319,68 1,00 1,00 217613 1
214 364,59 364,59 319,48 1,00 1,00 217786 1
215 364,59 364,59 318,68 1,00 1,00 218014 1
216 364,59 364,59 318,36 1,00 1,00 218241 1
217 364,59 364,59 318,21 1,00 1,00 218632 1
218 364,59 364,59 319,38 1,00 1,00 219065 1
219 364,59 364,59 316,37 1,00 1,00 219510 1
220 364,59 364,59 318,74 1,00 1,00 219834 1
221 364,59 364,59 318,28 1,00 1,00 220118 1
222 364,59 364,59 319,22 1,00 1,00 220457 1
223 364,59 364,59 319,14 1,00 1,00 220780 1
224 364,59 364,59 317,58 1,00 1,00 221084 1
225 364,59 364,59 316,95 1,00 1,00 221368 1
226 364,59 364,59 316,31 1,00 1,00 221678 1
227 364,59 364,59 317,01 1,00 1,00 222006 1
228 364,59 364,59 317,90 1,00 1,00 222403 1
229 364,59 364,59 317,39 1,00 1,00 222737 1
230 364,59 364,59 317,19 1,00 1,00 223035 1
231 364,59 364,59 317,84 1,00 1,00 223321 1
232 364,59 364,59 318,10 1,00 1,00 223592 1
233 364,59 364,59 317,64 1,00 1,00 223825 1
234 364,59 364,59 318,66 1,00 1,00 224068 1
235 364,59 364,59 318,48 1,00 1,00 224238 1
236 364,59 364,59 318,88 1,00 1,00 224458 1
237 364,59 364,59 319,18 1,00 1,00 224715 1
238 364,59 364,59 319,42 1,00 1,00 224963 1
239 364,59 364,59 319,54 1,00 1,00 225171 1
240 364,59 364,59 320,46 1,00 1,00 225419 1
241 364,59 364,59 319,83 1,00 1,00 225651 1
242 364,59 364,59 319,36 1,00 1,00 225874 1
243 364,59 364,59 318,78 1,00 1,00 226049 1
244 364,59 364,59 318,19 1,00 1,00 226240 1
245 364,59 364,59 318,86 1,00 1,00 226509 1
246 364,59 364,59 318,48 1,00 1,00 226809 1
247 364,59 364,59 317,35 1,00 1,00 227215 1
248 364,59 364,59 317,60 1,00 1,00 227639 1
249 364,59 364,59 318,96 1,00 1,00 228105 1
250 364,59 364,59 318,99 1,00 1,00 228636 1
251 364,59 364,59 317,54 1,00 1,00 229213 1
252 364,59 364,59 318,16 1,00 1,00 229674 1
253 364,59 364,59 320,16 1,00 1,00 230044 1
254 364,59 364,59 315,23 1,00 1,00 230450 1
255 364,59 364,59 318,91 1,00 1,00 230803 1
256 364,59 364,59 317,43 1,00 1,00 231184 1
257 364,59 364,59 315,59 1,00 1,00 231585 1
258 364,59 364,59 315,64 1,00 1,00 232098 1
259 364,59 364,59 317,31 1,00 1,00 232617 1
260 364,59 364,59 314,40 1,00 1,00 233264 1
261 364,59 364,59 314,14 1,00 1,00 233979 1
262 364,59 364,59 319,35 1,00 1,00 234613 1
263 364,59 364,59 321,19 1,00 1,00 235212 1
264 364,59 364,59 321,89 1,00 1,00 235817 1
265 364,59 364,59 320,15 1,00 1,00 236398 1
266 364,59 364,59 321,04 1,00 1,00 236895 1
267 364,59 364,59 319,03 1,00 1,00 237510 1
268 364,59 364,59 320,16 1,00 1,00 238092 1
269 364,59 364,59 318,79 1,00 1,00 238725 1
270 364,59 364,59 315,41 1,00 1,00 239224 1
271 364,59 364,59 313,52 1,00 1,00 239797 1
272 364,59 364,59 312,81 1,00 1,00 240308 1
273 364,59 364,59 311,18 1,00 1,00 240800 1
274 364,59 364,59 308,29 1,00 1,00 241319 1
275 364,59 364,59 305,96 1,00 1,00 241758 1
276 364,59 364,59 304,25 1,00 1,00 242166 1
277 364,59 364,59 306,34 1,00 1,00 242581 1
278 364,59 364,59 305,21 1,00 1,00 242909 1
279 364,59 364,59 302,29 1,00 1,00 243219 1
280 364,59 364,59 299,45 1,00 1,00 243464 1
281 364,59 364,59 300,17 1,00 1,00 243676 1
282 364,59 364,59 301,15 1,00 1,00 243930 1
283 364,59 364,59 301,36 1,00 1,00 244170 1
284 364,59 364,59 301,02 1,00 1,00 244381 1
285 364,59 364,59 300,96 1,00 1,00 244581 1
286 364,59 364,59 302,09 1,00 1,00 244881 1
287 364,59 364,59 303,76 1,00 1,00 245197 1
288 364,59 364,59 307,82 1,00 1,00 245608 1
289 364,59 364,59 311,22 1,00 1,00 246088 1
290 364,59 364,59 311,93 1,00 1,00 246639 1
291 364,59 364,59 311,10 1,00 1,00 247156 1
292 364,59 364,59 314,27 1,00 1,00 247714 1
293 364,59 364,59 311,42 1,00 1,00 248241 1
294 364,59 364,59 312,25 1,00 1,00 248810 1
295 364,59 364,59 312,04 1,00 1,00 249419 1
296 364,59 364,59 312,22 1,00 1,00 250007 1
297 364,59 364,59 311,29 1,00 1,00 250497 1
298 364,59 364,59 313,57 1,00 1,00 250954 1
299 364,59 364,59 310,89 1,00 1,00 251457 1
300 364,59 364,59 315,64 1,00 1,00 251857 1
301 364,59 364,59 312,26 1,00 1,00 252267 1
302 364,59 364,59 312,06 1,00 1,00 252574 1
303 364,59 364,59 312,64 1,00 1,00 252830 1
304 364,59 364,59 309,27 1,00 1,00 253107 1
305 364,59 364,59 311,14 1,00 1,00 253377 1
306 364,59 364,59 311,56 1,00 1,00 253614 1
307 364,59 364,59 311,75 1,00 1,00 253802 1
308 364,59 364,59 314,11 1,00 1,00 254049 1
309 364,59 364,59 313,50 1,00 1,00 254401 1
310 364,59 364,59 314,86 1,00 1,00 254778 1
311 364,59 364,59 314,99 1,00 1,00 255271 1
312 364,59 364,59 314,96 1,00 1,00 255757 1
313 364,59 364,59 314,58 1,00 1,00 256168 1
314 364,59 364,59 314,39 1,00 1,00 256672 1
315 364,59 364,59 313,54 1,00 1,00 257185 1
316 364,59 364,59 314,50 1,00 1,00 257712 1
317 364,59 364,59 314,65 1,00 1,00 258122 1
318 364,59 364,59 313,23 1,00 1,00 258667 1
319 364,59 364,59 314,07 1,00 1,00 259142 1
320 364,59 364,59 313,23 1,00 1,00 259646 1
321 364,59 364,59 314,34 1,00 1,00 260162 1
322 364,59 364,59 313,00 1,00 1,00 260676 1
323 364,59 364,59 314,11 1,00 1,00 261138 1
324 364,59 364,59 313,63 1,00 1,00 261651 1
325 364,59 364,59 313,43 1,00 1,00 262097 1
326 364,59 364,59 312,11 1,00 1,00 262489 1
327 364,59 364,59 312,59 1,00 1,00 262843 1
328 364,59 364,59 313,23 1,00 1,00 263159 1
329 364,59 364,59 313,34 1,00 1,00 263421 1
330 364,59 364,59 313,67 1,00 1,00 263619 1
331 364,59 364,59 313,68 1,00 1,00 263843 1
332 364,59 364,59 314,02 1,00 1,00 264118 1
333 364,59 364,59 314,05 1,00 1,00 264399 1
334 364,59 364,59 314,25 1,00 1,00 264633 1
335 364,59 364,59 314,24 1,00 1,00 264897 1
336 364,59 364,59 313,94 1,00 1,00 265071 1
337 364,59 364,59 313,90 1,00 1,00 265325 1
338 364,59 364,59 314,29 1,00 1,00 265624 1
339 364,59 364,59 314,31 1,00 1,00 265881 1
340 364,59 364,59 313,87 1,00 1,00 266159 1
341 364,59 364,59 314,15 1,00 1,00 266407 1
342 364,59 364,59 313,91 1,00 1,00 266608 1
343 364,59 364,59 314,01 1,00 1,00 266826 1
344 364,59 364,59 313,86 1,00 1,00 267021 1
345 364,59 364,59 314,15 1,00 1,00 267267 1
346 364,59 364,59 313,92 1,00 1,00 267522 1
347 364,59 364,59 313,82 1,00 1,00 267800 1
348 364,59 364,59 313,73 1,00 1,00 267983 1
349 364,59 364,59 314,04 1,00 1,00 268149 1
350 364,59 364,59 313,65 1,00 1,00 268298 1
351 364,59 364,59 314,05 1,00 1,00 268420 1
352 364,59 364,59 313,95 1,00 1,00 268528 1
353 364,59 364,59 313,81 1,00 1,00 268604 1
354 364,59 364,59 313,67 1,00 1,00 268675 1
355 364,59 364,59 313,64 1,00 1,00 268771 1
356 364,59 364,59 313,49 1,00 1,00 268866 1
357 364,59 364,59 313,42 1,00 1,00 268992 1
358 364,59 364,59 313,57 1,00 1,00 269085 1
359 364,59 364,59 313,45 1,00 1,00 269183 1
360 364,59 364,59 313,50 1,00 1,00 269292 1
361 364,59 364,59 313,62 1,00 1,00 269492 1
362 364,59 364,59 313,49 1,00 1,00 269676 1
363 364,59 364,59 313,60 1,00 1,00 269862 1
364 364,59 364,59 313,62 1,00 1,00 270024 1
365 364,59 364,59 313,39 1,00 1,00 270194 1
366 364,59 364,59 313,62 1,00 1,00 270340 1
367 364,59 364,59 313,45 1,00 1,00 270507 1
368 364,59 364,59 313,62 1,00 1,00 270654 1
369 364,59 364,59 313,61 1,00 1,00 270777 1
370 364,59 364,59 313,62 1,00 1,00 270904 1
371 364,59 364,59 313,62 1,00 1,00 271036 1
372 364,59 364,59 313,54 1,00 1,00 271172 1
373 364,59 364,59 313,64 1,00 1,00 271283 1
374 364,59 364,59 313,61 1,00 1,00 271382 1
375 364,59 364,59 313,64 1,00 1,00 271457 1
376 364,59 364,59 313,64 1,00 1,00 271539 1
377 364,59 364,59 313,60 1,00 1,00 271646 1
378 364,59 364,59 313,64 1,00 1,00 271773 1
379 364,59 364,59 313,63 1,00 1,00 271893 1
380 364,59 364,59 313,58 1,00 1,00 272037 1
381 364,59 364,59 313,61 1,00 1,00 272202 1
382 364,59 364,59 313,57 1,00 1,00 272338 1
383 364,59 364,59 313,57 1,00 1,00 272459 1
384 364,59 364,59 313,54 1,00 1,00 272592 1
385 364,59 364,59 313,55 1,00 1,00 272715 1
386 364,59 364,59 313,59 1,00 1,00 272819 1
387 364,59 364,59 313,64 1,00 1,00 272909 1
388 364,59 364,59 313,63 1,00 1,00 272984 1
389 364,59 364,59 313,63 1,00 1,00 273060 1
390 364,59 364,59 313,63 1,00 1,00 273130 1
391 364,59 364,59 313,63 1,00 1,00 273200 1
392 364,59 364,59 313,63 1,00 1,00 273255 1
393 364,59 364,59 313,62 1,00 1,00 273325 1
394 364,59 364,59 313,62 1,00 1,00 273396 1
395 364,59 364,59 313,63 1,00 1,00 273468 1
396 364,59 364,59 313,63 1,00 1,00 273534 1
397 364,59 364,59 313,63 1,00 1,00 273607 1
398 364,59 364,59 313,63 1,00 1,00 273669 1
399 364,59 364,59 313,63 1,00 1,00 273741 1
400 364,59 364,59 313,64 1,00 1,00 273814 1
401 364,59 364,59 313,63 1,00 1,00 273888 1
402 364,59 364,59 313,63 1,00 1,00 273977 1
403 364,59 364,59 313,63 1,00 1,00 274059 1
404 364,59 364,59 313,63 1,00 1,00 274169 1
405 364,59 364,59 313,63 1,00 1,00 274272 1
406 364,59 364,59 313,60 1,00 1,00 274391 1
407 364,59 364,59 313,60 1,00 1,00 274514 1
408 364,59 364,59 313,63 1,00 1,00 274605 1
409 364,59 364,59 313,62 1,00 1,00 274690 1
410 364,59 364,59 313,61 1,00 1,00 274777 1
411 364,59 364,59 313,61 1,00 1,00 274881 1
412 364,59 364,59 313,64 1,00 1,00 274988 1
413 364,59 364,59 313,61 1,00 1,00 275096 1
414 364,59 364,59 313,61 1,00 1,00 275203 1
415 364,59 364,59 313,59 1,00 1,00 275294 1
416 364,59 364,59 313,59 1,00 1,00 275366 1
417 364,59 364,59 313,56 1,00 1,00 275439 1
418 364,59 364,59 313,56 1,00 1,00 275506 1
419 364,59 364,59 313,58 1,00 1,00 275568 1
420 364,59 364,59 313,56 1,00 1,00 275608 1
421 364,59 364,59 313,57 1,00 1,00 275655 1
422 364,59 364,59 313,56 1,00 1,00 275694 1
423 364,59 364,59 313,58 1,00 1,00 275738 1
424 364,59 364,59 313,60 1,00 1,00 275786 1
425 364,59 364,59 313,61 1,00 1,00 275834 1
426 364,59 364,59 313,63 1,00 1,00 275905 1
427 364,59 364,59 313,61 1,00 1,00 275978 1
428 364,59 364,59 313,63 1,00 1,00 276040 1
429 364,59 364,59 313,62 1,00 1,00 276089 1
430 364,59 364,59 313,63 1,00 1,00 276136 1
431 364,59 364,59 313,63 1,00 1,00 276202 1
432 364,59 364,59 313,64 1,00 1,00 276263 1
433 364,59 364,59 313,64 1,00 1,00 276339 1
434 364,59 364,59 313,61 1,00 1,00 276430 1
435 364,59 364,59 313,59 1,00 1,00 276471 1
436 364,59 364,59 313,63 1,00 1,00 276551 1
437 364,59 364,59 313,61 1,00 1,00 276623 1
438 364,59 364,59 313,63 1,00 1,00 276703 1
439 364,59 364,59 313,63 1,00 1,00 276776 1
440 364,59 364,59 313,63 1,00 1,00 276831 1
441 364,59 364,59 313,65 1,00 1,00 276912 1
442 364,59 364,59 313,65 1,00 1,00 276981 1
443 364,59 364,59 313,64 1,00 1,00 277029 1
444 364,59 364,59 313,65 1,00 1,00 277094 1
445 364,59 364,59 313,65 1,00 1,00 277155 1
446 364,59 364,59 313,65 1,00 1,00 277209 1
447 364,59 364,59 313,65 1,00 1,00 277276 1
448 364,59 364,59 313,64 1,00 1,00 277346 1
449 364,59 364,59 313,65 1,00 1,00 277419 1
450 364,59 364,59 313,65 1,00 1,00 277480 1
451 364,59 364,59 313,65 1,00 1,00 277546 1
452 364,59 364,59 313,64 1,00 1,00 277633 1
453 364,59 364,59 313,65 1,00 1,00 277699 1
454 364,59 364,59 313,64 1,00 1,00 277753 1
455 364,59 364,59 313,64 1,00 1,00 277794 1
456 364,59 364,59 313,64 1,00 1,00 277831 1
457 364,59 364,59 313,65 1,00 1,00 277866 1
458 364,59 364,59 313,65 1,00 1,00 277907 1
459 364,59 364,59 313,65 1,00 1,00 277956 1
460 364,59 364,59 313,65 1,00 1,00 278010 1
461 364,59 364,59 313,66 1,00 1,00 278052 1
462 364,59 364,59 313,66 1,00 1,00 278092 1
463 364,59 364,59 313,66 1,00 1,00 278136 1
464 364,59 364,59 313,66 1,00 1,00 278171 1
465 364,59 364,59 313,66 1,00 1,00 278215 1
466 364,59 364,59 313,66 1,00 1,00 278256 1
467 364,59 364,59 313,66 1,00 1,00 278310 1
468 364,59 364,59 313,66 1,00 1,00 278372 1
469 364,59 364,59 313,65 1,00 1,00 278422 1
470 364,59 364,59 313,66 1,00 1,00 278480 1
471 364,59 364,59 313,66 1,00 1,00 278532 1
472 364,59 364,59 313,66 1,00 1,00 278583 1
473 364,59 364,59 313,65 1,00 1,00 278628 1
474 364,59 364,59 313,66 1,00 1,00 278661 1
475 364,59 364,59 313,65 1,00 1,00 278697 1
476 364,59 364,59 313,65 1,00 1,00 278747 1
477 364,59 364,59 313,65 1,00 1,00 278809 1
478 364,59 364,59 313,65 1,00 1,00 278860 1
479 364,59 364,59 313,65 1,00 1,00 278924 1
480 364,59 364,59 313,65 1,00 1,00 278971 1
481 364,59 364,59 313,65 1,00 1,00 279018 1
482 364,59 364,59 313,65 1,00 1,00 279043 1
483 364,59 364,59 313,66 1,00 1,00 279071 1
484 364,59 364,59 313,66 1,00 1,00 279098 1
485 364,59 364,59 313,66 1,00 1,00 279123 1
486 364,59 364,59 313,66 1,00 1,00 279191 1
487 364,59 364,59 313,67 1,00 1,00 279255 1
488 364,59 364,59 313,66 1,00 1,00 279281 1
489 364,59 364,59 313,66 1,00 1,00 279305 1
490 364,59 364,59 313,67 1,00 1,00 279344 1
491 364,59 364,59 313,67 1,00 1,00 279378 1
492 364,59 364,59 313,67 1,00 1,00 279421 1
493 364,59 364,59 313,66 1,00 1,00 279458 1
494 364,59 364,59 313,66 1,00 1,00 279509 1
495 364,59 364,59 313,66 1,00 1,00 279558 1
496 364,59 364,59 313,66 1,00 1,00 279608 1
497 364,59 364,59 313,65 1,00 1,00 279665 1
498 364,59 364,59 313,65 1,00 1,00 279720 1
499 364,59 364,59 313,65 1,00 1,00 279792 1
