500
0 382,58 382,58 382,58 1,00 9,00
1 382,58 0,00 0,00 1,00 27,00
2 382,58 765,16 805,10 99,00 45,00
3 382,58 0,00 0,00 1,00 64,00
4 382,58 382,58 304,48 99,00 82,00
5 382,58 0,00 0,00 1,00 101,00
6 382,58 0,00 0,00 99,00 118,00
7 382,58 382,58 287,99 197,00 136,00
8 382,58 0,00 0,00 97,00 155,00
9 382,58 382,58 300,14 195,00 173,00
10 382,58 0,00 0,00 96,00 192,00
11 382,58 0,00 0,00 194,00 210,00
12 382,58 382,58 320,21 292,00 228,00
13 382,58 0,00 0,00 192,00 247,00
14 382,58 382,58 323,00 290,00 265,00
15 382,58 0,00 0,00 190,00 284,00
16 382,58 0,00 0,00 288,00 302,00
17 382,58 382,58 315,34 386,00 320,00
18 382,58 0,00 0,00 286,00 339,00
19 382,58 382,58 313,80 384,00 357,00
20 382,58 0,00 0,00 284,00 376,00
21 382,58 0,00 0,00 382,00 394,00
22 382,58 382,58 312,61 480,00 412,00
23 382,58 0,00 0,00 380,00 431,00
24 382,58 382,58 312,59 478,00 449,00
25 382,58 0,00 0,00 378,00 468,00
26 382,58 0,00 0,00 476,00 486,00
27 382,58 382,58 313,45 574,00 504,00
28 382,58 0,00 0,00 474,00 523,00
29 382,58 382,58 313,43 572,00 541,00
30 382,58 0,00 0,00 472,00 560,00
31 382,58 0,00 0,00 570,00 578,00
32 382,58 382,58 313,75 668,00 596,00
33 382,58 0,00 0,00 568,00 615,00
34 382,58 382,58 314,41 666,00 633,00
35 382,58 0,00 0,00 566,00 652,00
36 382,58 0,00 0,00 664,00 670,00
37 382,58 382,58 315,04 762,00 688,00
38 382,58 0,00 0,00 662,00 707,00
39 382,58 382,58 315,57 760,00 725,00
40 382,58 0,00 0,00 660,00 744,00
41 382,58 0,00 0,00 758,00 762,00
42 382,58 382,58 316,80 856,00 780,00
43 382,58 0,00 0,00 756,00 799,00
44 382,58 382,58 317,33 854,00 817,00
45 382,58 0,00 0,00 754,00 836,00
46 382,58 0,00 0,00 852,00 854,00
47 382,58 382,58 318,31 950,00 872,00
48 382,58 0,00 0,00 850,00 891,00
49 382,58 382,58 319,17 948,00 909,00
50 382,58 0,00 0,00 848,00 928,00
51 382,58 382,58 320,03 946,00 946,00
52 382,58 0,00 0,00 846,00 965,00
53 382,58 0,00 0,00 944,00 963,00
54 382,58 382,58 321,33 1.042,00 981,00
55 382,58 0,00 0,00 942,00 1.000,00
56 382,58 382,58 322,29 1.040,00 1.018,00
57 382,58 0,00 0,00 940,00 1.037,00
58 382,58 0,00 0,00 1.038,00 1.055,00
59 382,58 382,58 323,88 1.136,00 1.073,00
60 382,58 0,00 0,00 1.036,00 1.092,00
61 382,58 382,58 325,02 1.134,00 1.110,00
62 382,58 0,00 0,00 1.034,00 1.129,00
63 382,58 0,00 0,00 1.132,00 1.147,00
64 382,58 382,58 326,81 1.230,00 1.165,00
65 382,58 0,00 0,00 1.130,00 1.184,00
66 382,58 382,58 328,07 1.228,00 1.202,00
67 382,58 0,00 0,00 1.128,00 1.221,00
68 382,58 0,00 0,00 1.226,00 1.239,00
69 382,58 382,58 330,07 1.324,00 1.257,00
70 382,58 0,00 0,00 1.224,00 1.276,00
71 382,58 382,58 331,46 1.322,00 1.294,00
72 382,58 0,00 0,00 1.222,00 1.313,00
73 382,58 0,00 0,00 1.320,00 1.331,00
74 382,58 382,58 333,69 1.418,00 1.349,00
75 382,58 0,00 0,00 1.318,00 1.368,00
76 382,58 382,58 335,26 1.416,00 1.386,00
77 382,58 0,00 0,00 1.316,00 1.405,00
78 382,58 0,00 0,00 1.414,00 1.423,00
79 382,58 382,58 337,70 1.512,00 1.441,00
80 382,58 0,00 0,00 1.412,00 1.460,00
81 382,58 382,58 339,44 1.510,00 1.478,00
82 382,58 0,00 0,00 1.410,00 1.497,00
83 382,58 0,00 0,00 1.508,00 1.515,00
84 382,58 382,58 342,10 1.606,00 1.533,00
85 382,58 0,00 0,00 1.506,00 1.552,00
86 382,58 382,58 343,95 1.604,00 1.570,00
87 382,58 0,00 0,00 1.504,00 1.589,00
88 382,58 0,00 0,00 1.602,00 1.607,00
89 382,58 382,58 346,75 1.700,00 1.625,00
90 382,58 0,00 0,00 1.600,00 1.644,00
91 382,58 382,58 348,72 1.698,00 1.662,00
92 382,58 0,00 0,00 1.598,00 1.681,00
93 382,58 0,00 0,00 1.696,00 1.699,00
94 382,58 382,58 351,86 1.794,00 1.717,00
95 382,58 0,00 0,00 1.694,00 1.736,00
96 382,58 382,58 354,02 1.792,00 1.754,00
97 382,58 0,00 0,00 1.692,00 1.773,00
98 382,58 0,00 0,00 1.790,00 1.791,00
99 382,58 382,58 357,30 1.888,00 1.809,00
100 382,58 0,00 0,00 1.788,00 1.828,00
101 382,58 382,58 359,56 1.886,00 1.846,00
102 382,58 0,00 0,00 1.786,00 1.865,00
103 382,58 382,58 361,90 1.884,00 1.883,00
104 382,58 0,00 0,00 1.784,00 1.902,00
105 382,58 0,00 0,00 1.882,00 1.901,00
106 382,58 382,58 365,48 1.980,00 1.919,00
107 382,58 0,00 0,00 1.880,00 1.938,00
108 382,58 382,58 367,96 1.978,00 1.956,00
109 382,58 0,00 0,00 1.878,00 1.975,00
110 382,58 0,00 0,00 1.976,00 1.993,00
111 382,58 382,58 371,75 2.074,00 2.011,00
112 382,58 0,00 0,00 1.974,00 2.030,00
113 382,58 382,58 374,35 2.072,00 2.048,00
114 382,58 0,00 0,00 1.972,00 2.067,00
115 382,58 0,00 0,00 2.070,00 2.085,00
116 382,58 382,58 378,37 2.168,00 2.103,00
117 382,58 0,00 0,00 2.068,00 2.122,00
118 382,58 382,58 381,11 2.166,00 2.140,00
119 382,58 0,00 0,00 2.066,00 2.159,00
120 382,58 0,00 0,00 2.164,00 2.177,00
121 382,58 382,58 385,30 2.262,00 2.195,00
122 382,58 0,00 0,00 2.162,00 2.214,00
123 382,58 382,58 388,19 2.260,00 2.232,00
124 382,58 0,00 0,00 2.160,00 2.251,00
125 382,58 0,00 0,00 2.258,00 2.269,00
126 382,58 382,58 392,61 2.356,00 2.287,00
127 382,58 0,00 0,00 2.256,00 2.306,00
128 382,58 382,58 395,67 2.354,00 2.324,00
129 382,58 0,00 0,00 2.254,00 2.343,00
130 382,58 0,00 0,00 2.352,00 2.361,00
131 382,58 382,58 400,37 2.450,00 2.379,00
132 382,58 0,00 0,00 2.350,00 2.398,00
133 382,58 382,58 403,54 2.448,00 2.416,00
134 382,58 0,00 0,00 2.348,00 2.435,00
135 382,58 0,00 0,00 2.446,00 2.453,00
136 382,58 382,58 408,42 2.544,00 2.471,00
137 382,58 0,00 0,00 2.444,00 2.490,00
138 382,58 382,58 411,69 2.542,00 2.508,00
139 382,58 0,00 0,00 2.442,00 2.527,00
140 382,58 0,00 0,00 2.540,00 2.545,00
141 382,58 382,58 416,78 2.638,00 2.563,00
142 382,58 0,00 0,00 2.538,00 2.582,00
143 382,58 382,58 420,19 2.636,00 2.600,00
144 382,58 0,00 0,00 2.536,00 2.619,00
145 382,58 0,00 0,00 2.634,00 2.637,00
146 382,58 382,58 425,50 2.732,00 2.655,00
147 382,58 0,00 0,00 2.632,00 2.674,00
148 382,58 382,58 429,11 2.730,00 2.692,00
149 382,58 0,00 0,00 2.630,00 2.711,00
150 382,58 0,00 0,00 2.728,00 2.729,00
151 382,58 382,58 434,66 2.826,00 2.747,00
152 382,58 0,00 0,00 2.726,00 2.766,00
153 382,58 382,58 438,39 2.824,00 2.784,00
154 382,58 0,00 0,00 2.724,00 2.803,00
155 382,58 382,58 442,19 2.822,00 2.821,00
156 382,58 0,00 0,00 2.722,00 2.840,00
157 382,58 0,00 0,00 2.820,00 2.839,00
158 382,58 382,58 447,98 2.918,00 2.857,00
159 382,58 0,00 0,00 2.818,00 2.876,00
160 382,58 382,58 451,91 2.916,00 2.894,00
161 382,58 0,00 0,00 2.816,00 2.913,00
162 382,58 0,00 0,00 2.914,00 2.931,00
163 382,58 382,58 457,94 3.012,00 2.949,00
164 382,58 0,00 0,00 2.912,00 2.968,00
165 382,58 382,58 462,04 3.010,00 2.986,00
166 382,58 0,00 0,00 2.910,00 3.005,00
167 382,58 0,00 0,00 3.008,00 3.023,00
168 382,58 382,58 468,26 3.106,00 3.041,00
169 382,58 0,00 0,00 3.006,00 3.060,00
170 382,58 382,58 472,43 3.104,00 3.078,00
171 382,58 0,00 0,00 3.004,00 3.097,00
172 382,58 0,00 0,00 3.102,00 3.115,00
173 382,58 382,58 478,85 3.200,00 3.133,00
174 382,58 0,00 0,00 3.100,00 3.152,00
175 382,58 382,58 483,20 3.198,00 3.170,00
176 382,58 0,00 0,00 3.098,00 3.189,00
177 382,58 0,00 0,00 3.196,00 3.207,00
178 382,58 382,58 489,86 3.294,00 3.225,00
179 382,58 0,00 0,00 3.194,00 3.244,00
180 382,58 382,58 494,38 3.292,00 3.262,00
181 382,58 0,00 0,00 3.192,00 3.281,00
182 382,58 0,00 0,00 3.290,00 3.299,00
183 382,58 382,58 501,28 3.388,00 3.317,00
184 382,58 0,00 0,00 3.288,00 3.336,00
185 382,58 382,58 505,96 3.386,00 3.354,00
186 382,58 0,00 0,00 3.286,00 3.373,00
187 382,58 0,00 0,00 3.384,00 3.391,00
188 382,58 382,58 513,07 3.482,00 3.409,00
189 382,58 0,00 0,00 3.382,00 3.428,00
190 382,58 382,58 517,87 3.480,00 3.446,00
191 382,58 0,00 0,00 3.380,00 3.465,00
192 382,58 0,00 0,00 3.478,00 3.483,00
193 382,58 382,58 525,18 3.576,00 3.501,00
194 382,58 0,00 0,00 3.476,00 3.520,00
195 382,58 382,58 530,14 3.574,00 3.538,00
196 382,58 0,00 0,00 3.474,00 3.557,00
197 382,58 0,00 0,00 3.572,00 3.575,00
198 382,58 382,58 537,70 3.670,00 3.593,00
199 382,58 0,00 0,00 3.570,00 3.612,00
200 382,58 382,58 542,80 3.668,00 3.630,00
201 382,58 0,00 0,00 3.568,00 3.649,00
202 382,58 0,00 0,00 3.666,00 3.667,00
203 382,58 382,58 550,53 3.764,00 3.685,00
204 382,58 0,00 0,00 3.664,00 3.704,00
205 382,58 382,58 555,75 3.762,00 3.722,00
206 382,58 0,00 0,00 3.662,00 3.741,00
207 382,58 382,58 561,04 3.760,00 3.759,00
208 382,58 0,00 0,00 3.660,00 3.778,00
209 382,58 0,00 0,00 3.758,00 3.777,00
210 382,58 382,58 569,03 3.856,00 3.795,00
211 382,58 0,00 0,00 3.756,00 3.814,00
212 382,58 382,58 574,46 3.854,00 3.832,00
213 382,58 0,00 0,00 3.754,00 3.851,00
214 382,58 0,00 0,00 3.852,00 3.869,00
215 382,58 382,58 582,73 3.950,00 3.887,00
216 382,58 0,00 0,00 3.850,00 3.906,00
217 382,58 382,58 588,29 3.948,00 3.924,00
218 382,58 0,00 0,00 3.848,00 3.943,00
219 382,58 0,00 0,00 3.946,00 3.961,00
220 382,58 382,58 596,80 4.044,00 3.979,00
221 382,58 0,00 0,00 3.944,00 3.998,00
222 382,58 382,58 602,52 4.042,00 4.016,00
223 382,58 0,00 0,00 3.942,00 4.035,00
224 382,58 0,00 0,00 4.040,00 4.053,00
225 382,58 382,58 611,18 4.138,00 4.071,00
226 382,58 0,00 0,00 4.038,00 4.090,00
227 382,58 382,58 617,03 4.136,00 4.108,00
228 382,58 0,00 0,00 4.036,00 4.127,00
229 382,58 0,00 0,00 4.134,00 4.145,00
230 382,58 382,58 625,88 4.232,00 4.163,00
231 382,58 0,00 0,00 4.132,00 4.182,00
232 382,58 382,58 631,90 4.230,00 4.200,00
233 382,58 0,00 0,00 4.130,00 4.219,00
234 382,58 0,00 0,00 4.228,00 4.237,00
235 382,58 382,58 641,05 4.326,00 4.255,00
236 382,58 0,00 0,00 4.226,00 4.274,00
237 382,58 382,58 647,21 4.324,00 4.292,00
238 382,58 0,00 0,00 4.224,00 4.311,00
239 382,58 0,00 0,00 4.322,00 4.329,00
240 382,58 382,58 656,55 4.420,00 4.347,00
241 382,58 0,00 0,00 4.320,00 4.366,00
242 382,58 382,58 662,87 4.418,00 4.384,00
243 382,58 0,00 0,00 4.318,00 4.403,00
244 382,58 0,00 0,00 4.416,00 4.421,00
245 382,58 382,58 672,41 4.514,00 4.439,00
246 382,58 0,00 0,00 4.414,00 4.458,00
247 382,58 382,58 678,87 4.512,00 4.476,00
248 382,58 0,00 0,00 4.412,00 4.495,00
249 382,58 0,00 0,00 4.510,00 4.513,00
250 382,58 382,58 688,66 4.608,00 4.531,00
251 382,58 0,00 0,00 4.508,00 4.550,00
252 382,58 382,58 695,22 4.606,00 4.568,00
253 382,58 0,00 0,00 4.506,00 4.587,00
254 382,58 0,00 0,00 4.604,00 4.605,00
255 382,58 382,58 705,21 4.702,00 4.623,00
256 382,58 0,00 0,00 4.602,00 4.642,00
257 382,58 382,58 711,95 4.700,00 4.660,00
258 382,58 0,00 0,00 4.600,00 4.679,00
259 382,58 382,58 718,72 4.698,00 4.697,00
260 382,58 0,00 0,00 4.598,00 4.716,00
261 382,58 0,00 0,00 4.696,00 4.715,00
262 382,58 382,58 728,97 4.794,00 4.733,00
263 382,58 0,00 0,00 4.694,00 4.752,00
264 382,58 382,58 735,90 4.792,00 4.770,00
265 382,58 0,00 0,00 4.692,00 4.789,00
266 382,58 0,00 0,00 4.790,00 4.807,00
267 382,58 382,58 746,39 4.888,00 4.825,00
268 382,58 0,00 0,00 4.788,00 4.844,00
269 382,58 382,58 753,47 4.886,00 4.862,00
270 382,58 0,00 0,00 4.786,00 4.881,00
271 382,58 0,00 0,00 4.884,00 4.899,00
272 382,58 382,58 764,17 4.982,00 4.917,00
273 382,58 0,00 0,00 4.882,00 4.936,00
274 382,58 382,58 771,36 4.980,00 4.954,00
275 382,58 0,00 0,00 4.880,00 4.973,00
276 382,58 0,00 0,00 4.978,00 4.991,00
277 382,58 382,58 782,26 5.076,00 5.009,00
278 382,58 0,00 0,00 4.976,00 5.028,00
279 382,58 382,58 789,57 5.074,00 5.046,00
280 382,58 0,00 0,00 4.974,00 5.065,00
281 382,58 0,00 0,00 5.072,00 5.083,00
282 382,58 382,58 800,73 5.170,00 5.101,00
283 382,58 0,00 0,00 5.070,00 5.120,00
284 382,58 382,58 808,25 5.168,00 5.138,00
285 382,58 0,00 0,00 5.068,00 5.157,00
286 382,58 0,00 0,00 5.166,00 5.175,00
287 382,58 382,58 819,61 5.264,00 5.193,00
288 382,58 0,00 0,00 5.164,00 5.212,00
289 382,58 382,58 827,25 5.262,00 5.230,00
290 382,58 0,00 0,00 5.162,00 5.249,00
291 382,58 0,00 0,00 5.260,00 5.267,00
292 382,58 382,58 838,88 5.358,00 5.285,00
293 382,58 0,00 0,00 5.258,00 5.304,00
294 382,58 382,58 846,66 5.356,00 5.322,00
295 382,58 0,00 0,00 5.256,00 5.341,00
296 382,58 0,00 0,00 5.354,00 5.359,00
297 382,58 382,58 858,45 5.452,00 5.377,00
298 382,58 0,00 0,00 5.352,00 5.396,00
299 382,58 382,58 866,39 5.450,00 5.414,00
300 382,58 0,00 0,00 5.350,00 5.433,00
301 382,58 0,00 0,00 5.448,00 5.451,00
302 382,58 382,58 878,42 5.546,00 5.469,00
303 382,58 0,00 0,00 5.446,00 5.488,00
304 382,58 382,58 886,52 5.544,00 5.506,00
305 382,58 0,00 0,00 5.444,00 5.525,00
306 382,58 0,00 0,00 5.542,00 5.543,00
307 382,58 382,58 898,75 5.640,00 5.561,00
308 382,58 0,00 0,00 5.540,00 5.580,00
309 382,58 382,58 906,95 5.638,00 5.598,00
310 382,58 0,00 0,00 5.538,00 5.617,00
311 382,58 382,58 915,23 5.636,00 5.635,00
312 382,58 0,00 0,00 5.536,00 5.654,00
313 382,58 0,00 0,00 5.634,00 5.653,00
314 382,58 382,58 927,75 5.732,00 5.671,00
315 382,58 0,00 0,00 5.632,00 5.690,00
316 382,58 382,58 936,19 5.730,00 5.708,00
317 382,58 0,00 0,00 5.630,00 5.727,00
318 382,58 0,00 0,00 5.728,00 5.745,00
319 382,58 382,58 948,95 5.826,00 5.763,00
320 382,58 0,00 0,00 5.726,00 5.782,00
321 382,58 382,58 957,51 5.824,00 5.800,00
322 382,58 0,00 0,00 5.724,00 5.819,00
323 382,58 0,00 0,00 5.822,00 5.837,00
324 382,58 382,58 970,47 5.920,00 5.855,00
325 382,58 0,00 0,00 5.820,00 5.874,00
326 382,58 382,58 979,19 5.918,00 5.892,00
327 382,58 0,00 0,00 5.818,00 5.911,00
328 382,58 0,00 0,00 5.916,00 5.929,00
329 382,58 382,58 992,34 6.014,00 5.947,00
330 382,58 0,00 0,00 5.914,00 5.966,00
331 382,58 382,58 1.001,18 6.012,00 5.984,00
332 382,58 0,00 0,00 5.912,00 6.003,00
333 382,58 0,00 0,00 6.010,00 6.021,00
334 382,58 382,58 1.014,59 6.108,00 6.039,00
335 382,58 0,00 0,00 6.008,00 6.058,00
336 382,58 382,58 1.023,58 6.106,00 6.076,00
337 382,58 0,00 0,00 6.006,00 6.095,00
338 382,58 0,00 0,00 6.104,00 6.113,00
339 382,58 382,58 1.037,19 6.202,00 6.131,00
340 382,58 0,00 0,00 6.102,00 6.150,00
341 382,58 382,58 1.046,33 6.200,00 6.168,00
342 382,58 0,00 0,00 6.100,00 6.187,00
343 382,58 0,00 0,00 6.198,00 6.205,00
344 382,58 382,58 1.060,12 6.296,00 6.223,00
345 382,58 0,00 0,00 6.196,00 6.242,00
346 382,58 382,58 1.069,41 6.294,00 6.260,00
347 382,58 0,00 0,00 6.194,00 6.279,00
348 382,58 0,00 0,00 6.292,00 6.297,00
349 382,58 382,58 1.083,46 6.390,00 6.315,00
350 382,58 0,00 0,00 6.290,00 6.334,00
351 382,58 382,58 1.092,89 6.388,00 6.352,00
352 382,58 0,00 0,00 6.288,00 6.371,00
353 382,58 0,00 0,00 6.386,00 6.389,00
354 382,58 382,58 1.107,15 6.484,00 6.407,00
355 382,58 0,00 0,00 6.384,00 6.426,00
356 382,58 382,58 1.116,74 6.482,00 6.444,00
357 382,58 0,00 0,00 6.382,00 6.463,00
358 382,58 0,00 0,00 6.480,00 6.481,00
359 382,58 382,58 1.131,19 6.578,00 6.499,00
360 382,58 0,00 0,00 6.478,00 6.518,00
361 382,58 382,58 1.140,89 6.576,00 6.536,00
362 382,58 0,00 0,00 6.476,00 6.555,00
363 382,58 382,58 1.150,66 6.574,00 6.573,00
364 382,58 0,00 0,00 6.474,00 6.592,00
365 382,58 0,00 0,00 6.572,00 6.591,00
366 382,58 382,58 1.165,42 6.670,00 6.609,00
367 382,58 0,00 0,00 6.570,00 6.628,00
368 382,58 382,58 1.175,34 6.668,00 6.646,00
369 382,58 0,00 0,00 6.568,00 6.665,00
370 382,58 0,00 0,00 6.666,00 6.683,00
371 382,58 382,58 1.190,33 6.764,00 6.701,00
372 382,58 0,00 0,00 6.664,00 6.720,00
373 382,58 382,58 1.200,38 6.762,00 6.738,00
374 382,58 0,00 0,00 6.662,00 6.757,00
375 382,58 0,00 0,00 6.760,00 6.775,00
376 382,58 382,58 1.215,58 6.858,00 6.793,00
377 382,58 0,00 0,00 6.758,00 6.812,00
378 382,58 382,58 1.225,76 6.856,00 6.830,00
379 382,58 0,00 0,00 6.756,00 6.849,00
380 382,58 0,00 0,00 6.854,00 6.867,00
381 382,58 382,58 1.241,18 6.952,00 6.885,00
382 382,58 0,00 0,00 6.852,00 6.904,00
383 382,58 382,58 1.251,53 6.950,00 6.922,00
384 382,58 0,00 0,00 6.850,00 6.941,00
385 382,58 0,00 0,00 6.948,00 6.959,00
386 382,58 382,58 1.267,13 7.046,00 6.977,00
387 382,58 0,00 0,00 6.946,00 6.996,00
388 382,58 382,58 1.277,61 7.044,00 7.014,00
389 382,58 0,00 0,00 6.944,00 7.033,00
390 382,58 0,00 0,00 7.042,00 7.051,00
391 382,58 382,58 1.293,43 7.140,00 7.069,00
392 382,58 0,00 0,00 7.040,00 7.088,00
393 382,58 382,58 1.304,06 7.138,00 7.106,00
394 382,58 0,00 0,00 7.038,00 7.125,00
395 382,58 0,00 0,00 7.136,00 7.143,00
396 382,58 382,58 1.320,09 7.234,00 7.161,00
397 382,58 0,00 0,00 7.134,00 7.180,00
398 382,58 382,58 1.330,84 7.232,00 7.198,00
399 382,58 0,00 0,00 7.132,00 7.217,00
400 382,58 0,00 0,00 7.230,00 7.235,00
401 382,58 382,58 1.347,13 7.328,00 7.253,00
402 382,58 0,00 0,00 7.228,00 7.272,00
403 382,58 382,58 1.358,08 7.326,00 7.290,00
404 382,58 0,00 0,00 7.226,00 7.309,00
405 382,58 0,00 0,00 7.324,00 7.327,00
406 382,58 382,58 1.374,55 7.422,00 7.345,00
407 382,58 0,00 0,00 7.322,00 7.364,00
408 382,58 382,58 1.385,57 7.420,00 7.382,00
409 382,58 0,00 0,00 7.320,00 7.401,00
410 382,58 0,00 0,00 7.418,00 7.419,00
411 382,58 382,58 1.402,27 7.516,00 7.437,00
412 382,58 0,00 0,00 7.416,00 7.456,00
413 382,58 382,58 1.413,46 7.514,00 7.474,00
414 382,58 0,00 0,00 7.414,00 7.493,00
415 382,58 382,58 1.424,71 7.512,00 7.511,00
416 382,58 0,00 0,00 7.412,00 7.530,00
417 382,58 0,00 0,00 7.510,00 7.529,00
418 382,58 382,58 1.441,74 7.608,00 7.547,00
419 382,58 0,00 0,00 7.508,00 7.566,00
420 382,58 382,58 1.453,13 7.606,00 7.584,00
421 382,58 0,00 0,00 7.506,00 7.603,00
422 382,58 0,00 0,00 7.604,00 7.621,00
423 382,58 382,58 1.470,34 7.702,00 7.639,00
424 382,58 0,00 0,00 7.602,00 7.658,00
425 382,58 382,58 1.481,90 7.700,00 7.676,00
426 382,58 0,00 0,00 7.600,00 7.695,00
427 382,58 0,00 0,00 7.698,00 7.713,00
428 382,58 382,58 1.499,31 7.796,00 7.731,00
429 382,58 0,00 0,00 7.696,00 7.750,00
430 382,58 382,58 1.510,99 7.794,00 7.768,00
431 382,58 0,00 0,00 7.694,00 7.787,00
432 382,58 0,00 0,00 7.792,00 7.805,00
433 382,58 382,58 1.528,59 7.890,00 7.823,00
434 382,58 0,00 0,00 7.790,00 7.842,00
435 382,58 382,58 1.540,42 7.888,00 7.860,00
436 382,58 0,00 0,00 7.788,00 7.879,00
437 382,58 0,00 0,00 7.886,00 7.897,00
438 382,58 382,58 1.558,27 7.984,00 7.915,00
439 382,58 0,00 0,00 7.884,00 7.934,00
440 382,58 382,58 1.570,22 7.982,00 7.952,00
441 382,58 0,00 0,00 7.882,00 7.971,00
442 382,58 0,00 0,00 7.980,00 7.989,00
443 382,58 382,58 1.588,24 8.078,00 8.007,00
444 382,58 0,00 0,00 7.978,00 8.026,00
445 382,58 382,58 1.600,34 8.076,00 8.044,00
446 382,58 0,00 0,00 7.976,00 8.063,00
447 382,58 0,00 0,00 8.074,00 8.081,00
448 382,58 382,58 1.618,60 8.172,00 8.099,00
449 382,58 0,00 0,00 8.072,00 8.118,00
450 382,58 382,58 1.630,85 8.170,00 8.136,00
451 382,58 0,00 0,00 8.070,00 8.155,00
452 382,58 0,00 0,00 8.168,00 8.173,00
453 382,58 382,58 1.649,35 8.266,00 8.191,00
454 382,58 0,00 0,00 8.166,00 8.210,00
455 382,58 382,58 1.661,73 8.264,00 8.228,00
456 382,58 0,00 0,00 8.164,00 8.247,00
457 382,58 0,00 0,00 8.262,00 8.265,00
458 382,58 382,58 1.680,44 8.360,00 8.283,00
459 382,58 0,00 0,00 8.260,00 8.302,00
460 382,58 382,58 1.692,98 8.358,00 8.320,00
461 382,58 0,00 0,00 8.258,00 8.339,00
462 382,58 0,00 0,00 8.356,00 8.357,00
463 382,58 382,58 1.711,89 8.454,00 8.375,00
464 382,58 0,00 0,00 8.354,00 8.394,00
465 382,58 382,58 1.724,56 8.452,00 8.412,00
466 382,58 0,00 0,00 8.352,00 8.431,00
467 382,58 382,58 1.737,29 8.450,00 8.449,00
468 382,58 0,00 0,00 8.350,00 8.468,00
469 382,58 0,00 0,00 8.448,00 8.467,00
470 382,58 382,58 1.756,50 8.546,00 8.485,00
471 382,58 0,00 0,00 8.446,00 8.504,00
472 382,58 382,58 1.769,40 8.544,00 8.522,00
473 382,58 0,00 0,00 8.444,00 8.541,00
474 382,58 0,00 0,00 8.542,00 8.559,00
475 382,58 382,58 1.788,82 8.640,00 8.577,00
476 382,58 0,00 0,00 8.540,00 8.596,00
477 382,58 382,58 1.801,81 8.638,00 8.614,00
478 382,58 0,00 0,00 8.538,00 8.633,00
479 382,58 0,00 0,00 8.636,00 8.651,00
480 382,58 382,58 1.821,44 8.734,00 8.669,00
481 382,58 0,00 0,00 8.634,00 8.688,00
482 382,58 382,58 1.834,57 8.732,00 8.706,00
483 382,58 0,00 0,00 8.632,00 8.725,00
484 382,58 0,00 0,00 8.730,00 8.743,00
485 382,58 382,58 1.854,41 8.828,00 8.761,00
486 382,58 0,00 0,00 8.728,00 8.780,00
487 382,58 382,58 1.867,73 8.826,00 8.798,00
488 382,58 0,00 0,00 8.726,00 8.817,00
489 382,58 0,00 0,00 8.824,00 8.835,00
490 382,58 382,58 1.887,79 8.922,00 8.853,00
491 382,58 0,00 0,00 8.822,00 8.872,00
492 382,58 382,58 1.901,22 8.920,00 8.890,00
493 382,58 0,00 0,00 8.820,00 8.909,00
494 382,58 0,00 0,00 8.918,00 8.927,00
495 382,58 382,58 1.921,51 9.016,00 8.945,00
496 382,58 0,00 0,00 8.916,00 8.964,00
497 382,58 382,58 1.935,08 9.014,00 8.982,00
498 382,58 0,00 0,00 8.914,00 9.001,00
499 382,58 0,00 0,00 9.012,00 9.019,00
