1000
0 17.095,12 0,00 17.095,12 0,00 0
1 17.245,25 1.638,02 17.245,25 1.638,02 0
2 17.259,20 2.053,27 9.600,49 1.142,14 0
3 17.278,25 2.229,80 10.256,85 1.323,67 0
4 17.278,45 2.230,54 10.364,52 1.338,00 0
5 17.284,48 2.166,04 10.365,15 1.298,93 0
6 17.298,97 2.108,48 10.370,69 1.264,03 0
7 17.298,97 2.108,48 10.356,81 1.262,34 0
8 17.298,97 2.108,48 10.356,81 1.262,34 0
9 17.298,97 2.108,48 10.356,81 1.262,34 0
10 17.298,97 2.108,48 10.356,81 1.262,34 0
11 17.298,97 2.108,48 10.356,81 1.262,34 0
12 17.298,97 2.108,48 10.356,81 1.262,34 0
13 17.298,97 2.108,48 10.356,81 1.262,34 0
14 17.298,97 2.108,48 10.356,81 1.262,34 0
15 17.298,97 2.108,48 10.356,81 1.262,34 0
16 17.298,97 2.108,48 10.356,81 1.262,34 0
17 17.298,97 2.108,48 10.356,81 1.262,34 0
18 17.298,97 2.108,48 10.356,81 1.262,34 0
19 17.298,97 2.108,48 10.356,81 1.262,34 0
20 17.298,97 2.108,48 10.356,81 1.262,34 0
21 17.298,97 2.108,48 10.356,81 1.262,34 0
22 17.298,97 2.108,48 10.356,81 1.262,34 0
23 17.298,97 2.108,48 10.356,81 1.262,34 0
24 17.298,97 2.108,48 10.356,81 1.262,34 0
25 17.298,97 2.108,48 10.356,81 1.262,34 0
26 17.298,97 2.108,48 10.356,81 1.262,34 0
27 17.298,97 2.108,48 10.356,81 1.262,34 0
28 17.298,97 2.108,48 10.356,81 1.262,34 0
29 17.298,97 2.108,48 10.356,81 1.262,34 0
30 17.298,97 2.108,48 10.356,81 1.262,34 -94,7109948305967
31 17.682,36 2.071,04 10.586,35 1.239,92 -94,7109948305967
32 18.021,33 1.828,20 10.540,21 1.069,27 -94,7109948305967
33 18.255,92 2.177,56 10.489,37 1.251,17 -94,7109948305967
34 18.420,91 1.181,20 11.174,14 716,52 -94,7109948305967
35 18.535,94 1.287,69 11.370,67 789,92 -94,7109948305967
36 18.609,98 1.094,97 11.002,91 647,39 -94,7109948305967
37 18.681,45 1.331,94 11.039,79 787,11 -94,7109948305967
38 18.728,97 1.069,31 11.372,03 649,27 -94,7109948305967
39 18.731,39 1.099,52 11.000,62 645,73 -94,7109948305967
40 18.739,28 1.105,79 10.971,35 647,41 -94,7109948305967
41 18.748,62 1.285,77 11.086,61 760,31 -94,7109948305967
42 18.766,21 1.130,79 11.293,12 680,48 -94,7109948305967
43 18.766,73 1.242,17 10.906,13 721,87 -94,7109948305967
44 18.789,17 1.242,67 11.221,08 742,13 -94,7109948305967
45 18.806,47 1.317,00 11.212,28 785,19 -94,7109948305967
46 18.825,27 1.229,16 11.252,86 734,73 -94,7109948305967
47 18.833,22 1.236,86 11.194,10 735,17 -94,7109948305967
48 18.832,77 1.259,28 11.190,46 748,27 -94,7109948305967
49 18.835,54 1.240,88 11.196,11 737,60 -94,7109948305967
50 18.835,14 1.260,89 11.179,46 748,39 -94,7109948305967
51 18.838,49 1.241,81 11.184,25 737,25 -94,7109948305967
52 18.841,38 1.242,37 11.169,24 736,48 -94,7109948305967
53 18.844,02 1.263,84 11.163,90 748,74 -94,7109948305967
54 18.847,32 1.249,68 11.169,39 740,59 -94,7109948305967
55 18.846,96 1.267,46 11.154,95 750,17 -94,7109948305967
56 18.850,63 1.251,75 11.158,82 740,99 -94,7109948305967
57 18.850,63 1.251,75 11.143,84 739,99 -94,7109948305967
58 18.850,63 1.251,75 11.143,84 739,99 -94,7109948305967
59 18.850,63 1.251,75 11.143,84 739,99 -94,7109948305967
60 18.850,63 1.251,75 11.143,84 739,99 -13,700888161589
61 18.850,71 1.251,43 11.143,89 739,80 -13,700888161589
62 18.850,87 1.249,90 11.111,92 736,77 -13,700888161589
63 18.851,18 1.247,67 11.104,90 734,98 -13,700888161589
64 18.851,26 1.247,34 11.097,34 734,28 -13,700888161589
65 18.851,26 1.247,34 11.090,68 733,84 -13,700888161589
66 18.851,26 1.247,34 11.088,41 733,69 -13,700888161589
67 18.851,26 1.247,34 11.089,64 733,77 -13,700888161589
68 18.851,26 1.247,34 11.090,75 733,85 -13,700888161589
69 18.851,26 1.247,34 11.090,75 733,85 -13,700888161589
70 18.851,26 1.247,34 11.090,75 733,85 -13,700888161589
71 18.851,26 1.247,34 11.090,75 733,85 -13,700888161589
72 18.851,26 1.247,34 11.090,75 733,85 -13,700888161589
73 18.851,26 1.247,34 11.090,75 733,85 -13,700888161589
74 18.851,26 1.247,34 11.090,75 733,85 -13,700888161589
75 18.851,26 1.247,34 11.090,75 733,85 -13,700888161589
76 18.851,26 1.247,34 11.090,75 733,85 -13,700888161589
77 18.851,26 1.247,34 11.090,75 733,85 -13,700888161589
78 18.851,26 1.247,34 11.090,75 733,85 -13,700888161589
79 18.851,26 1.247,34 11.090,75 733,85 -13,700888161589
80 18.851,26 1.247,34 11.090,75 733,85 -13,700888161589
81 18.851,26 1.247,34 11.090,75 733,85 -13,700888161589
82 18.851,26 1.247,34 11.090,75 733,85 -13,700888161589
83 18.851,26 1.247,34 11.090,75 733,85 -13,700888161589
84 18.851,26 1.247,34 11.090,75 733,85 -13,700888161589
85 18.851,26 1.247,34 11.090,75 733,85 -13,700888161589
86 18.851,26 1.247,34 11.090,75 733,85 -13,700888161589
87 18.851,26 1.247,34 11.090,75 733,85 -13,700888161589
88 18.851,26 1.247,34 11.090,75 733,85 -13,700888161589
89 18.851,26 1.247,34 11.090,75 733,85 -13,700888161589
90 18.851,26 1.247,34 11.090,75 733,85 -56,9987065892878
91 18.851,56 1.249,40 11.090,93 735,06 -56,9987065892878
92 18.851,84 1.247,93 10.918,81 722,79 -56,9987065892878
93 18.851,68 1.255,55 10.911,25 726,70 -56,9987065892878
94 18.852,58 1.249,02 10.910,66 722,85 -56,9987065892878
95 18.853,47 1.249,95 10.901,30 722,73 -56,9987065892878
96 18.854,37 1.250,91 10.896,51 722,94 -56,9987065892878
97 18.854,37 1.250,91 10.890,72 722,56 -56,9987065892878
98 18.854,37 1.250,91 10.890,72 722,56 -56,9987065892878
99 18.854,37 1.250,91 10.890,72 722,56 -56,9987065892878
100 18.854,37 1.250,91 10.890,72 722,56 -56,9987065892878
101 18.854,37 1.250,91 10.890,72 722,56 -56,9987065892878
102 18.854,37 1.250,91 10.890,72 722,56 -56,9987065892878
103 18.854,37 1.250,91 10.890,72 722,56 -56,9987065892878
104 18.854,37 1.250,91 10.890,72 722,56 -56,9987065892878
105 18.854,37 1.250,91 10.890,72 722,56 -56,9987065892878
106 18.854,37 1.250,91 10.890,72 722,56 -56,9987065892878
107 18.854,37 1.250,91 10.890,72 722,56 -56,9987065892878
108 18.854,37 1.250,91 10.890,72 722,56 -56,9987065892878
109 18.854,37 1.250,91 10.890,72 722,56 -56,9987065892878
110 18.854,37 1.250,91 10.890,72 722,56 -56,9987065892878
111 18.854,37 1.250,91 10.890,72 722,56 -56,9987065892878
112 18.854,37 1.250,91 10.890,72 722,56 -56,9987065892878
113 18.854,37 1.250,91 10.890,72 722,56 -56,9987065892878
114 18.854,37 1.250,91 10.890,72 722,56 -56,9987065892878
115 18.854,37 1.250,91 10.890,72 722,56 -56,9987065892878
116 18.854,37 1.250,91 10.890,72 722,56 -56,9987065892878
117 18.854,37 1.250,91 10.890,72 722,56 -56,9987065892878
118 18.854,37 1.250,91 10.890,72 722,56 -56,9987065892878
119 18.854,37 1.250,91 10.890,72 722,56 -56,9987065892878
120 18.854,37 1.250,91 10.890,72 722,56 -6,0775370309672
121 18.854,43 1.251,43 10.890,76 722,86 -6,0775370309672
122 18.854,43 1.251,43 10.737,08 712,66 -6,0775370309672
123 18.854,43 1.251,43 10.737,08 712,66 -6,0775370309672
124 18.854,43 1.251,43 10.737,08 712,66 -6,0775370309672
125 18.854,43 1.251,43 10.737,08 712,66 -6,0775370309672
126 18.854,43 1.251,43 10.737,08 712,66 -6,0775370309672
127 18.854,43 1.251,43 10.737,08 712,66 -6,0775370309672
128 18.854,43 1.251,43 10.737,08 712,66 -6,0775370309672
129 18.854,43 1.251,43 10.737,08 712,66 -6,0775370309672
130 18.854,43 1.251,43 10.737,08 712,66 -6,0775370309672
131 18.854,43 1.251,43 10.737,08 712,66 -6,0775370309672
132 18.854,43 1.251,43 10.737,08 712,66 -6,0775370309672
133 18.854,43 1.251,43 10.737,08 712,66 -6,0775370309672
134 18.854,43 1.251,43 10.737,08 712,66 -6,0775370309672
135 18.854,43 1.251,43 10.737,08 712,66 -6,0775370309672
136 18.854,43 1.251,43 10.737,08 712,66 -6,0775370309672
137 18.854,43 1.251,43 10.737,08 712,66 -6,0775370309672
138 18.854,43 1.251,43 10.737,08 712,66 -6,0775370309672
139 18.854,43 1.251,43 10.737,08 712,66 -6,0775370309672
140 18.854,51 1.251,09 10.737,13 712,46 -6,0775370309672
141 18.854,51 1.251,09 10.622,69 704,87 -6,0775370309672
142 18.854,51 1.251,09 10.622,69 704,87 -6,0775370309672
143 18.854,51 1.251,09 10.622,69 704,87 -6,0775370309672
144 18.854,51 1.251,09 10.622,69 704,87 -6,0775370309672
145 18.854,51 1.251,09 10.622,69 704,87 -6,0775370309672
146 18.854,51 1.251,09 10.622,69 704,87 -6,0775370309672
147 18.854,51 1.251,09 10.622,69 704,87 -6,0775370309672
148 18.854,51 1.251,09 10.622,69 704,87 -6,0775370309672
149 18.854,51 1.251,09 10.622,69 704,87 -6,0775370309672
150 18.854,51 1.251,09 10.622,69 704,87 -65,2878868932784
151 18.854,68 1.250,44 10.622,78 704,50 -65,2878868932784
152 18.854,71 1.251,40 10.563,00 701,07 -65,2878868932784
153 18.854,77 1.250,71 10.558,24 700,37 -65,2878868932784
154 18.854,75 1.251,27 10.552,27 700,29 -65,2878868932784
155 18.854,85 1.250,74 10.547,68 699,68 -65,2878868932784
156 18.854,85 1.250,74 10.541,84 699,30 -65,2878868932784
157 18.854,85 1.250,74 10.541,84 699,30 -65,2878868932784
158 18.854,85 1.250,73 10.541,84 699,29 -65,2878868932784
159 18.854,85 1.250,71 10.525,88 698,22 -65,2878868932784
160 18.854,86 1.250,70 10.520,56 697,86 -65,2878868932784
161 18.854,86 1.250,69 10.515,25 697,50 -65,2878868932784
162 18.854,86 1.250,67 10.510,13 697,15 -65,2878868932784
163 18.854,86 1.250,66 10.505,36 696,83 -65,2878868932784
164 18.854,87 1.250,64 10.500,59 696,50 -65,2878868932784
165 18.854,87 1.250,63 10.495,83 696,18 -65,2878868932784
166 18.854,87 1.250,61 10.491,08 695,86 -65,2878868932784
167 18.854,87 1.250,60 10.486,33 695,53 -65,2878868932784
168 18.854,87 1.250,58 10.482,10 695,24 -65,2878868932784
169 18.854,88 1.250,57 10.477,89 694,96 -65,2878868932784
170 18.854,88 1.250,57 10.473,67 694,68 -65,2878868932784
171 18.854,88 1.250,57 10.473,67 694,68 -65,2878868932784
172 18.854,88 1.250,57 10.473,67 694,68 -65,2878868932784
173 18.854,88 1.250,57 10.473,67 694,68 -65,2878868932784
174 18.854,88 1.250,57 10.473,67 694,68 -65,2878868932784
175 18.854,88 1.250,57 10.473,67 694,68 -65,2878868932784
176 18.854,88 1.250,57 10.473,67 694,68 -65,2878868932784
177 18.854,88 1.250,57 10.473,67 694,68 -65,2878868932784
178 18.854,88 1.250,57 10.473,67 694,68 -65,2878868932784
179 18.854,88 1.250,57 10.473,67 694,68 -65,2878868932784
180 18.854,88 1.250,57 10.473,67 694,68 -5,92931054565721
181 18.854,92 1.250,66 10.473,70 694,73 -5,92931054565721
182 18.854,92 1.250,66 10.423,50 691,40 -5,92931054565721
183 18.854,92 1.250,66 10.423,50 691,40 -5,92931054565721
184 18.854,92 1.250,66 10.423,50 691,40 -5,92931054565721
185 18.854,92 1.250,66 10.423,50 691,40 -5,92931054565721
186 18.854,92 1.250,66 10.423,50 691,40 -5,92931054565721
187 18.854,92 1.250,66 10.423,50 691,40 -5,92931054565721
188 18.854,92 1.250,66 10.423,50 691,40 -5,92931054565721
189 18.854,92 1.250,66 10.423,50 691,40 -5,92931054565721
190 18.854,92 1.250,66 10.423,50 691,40 -5,92931054565721
191 18.854,92 1.250,66 10.423,50 691,40 -5,92931054565721
192 18.854,92 1.250,66 10.423,50 691,40 -5,92931054565721
193 18.854,92 1.250,66 10.423,50 691,40 -5,92931054565721
194 18.854,92 1.250,82 10.423,49 691,49 -5,92931054565721
195 18.854,92 1.250,82 10.369,72 687,92 -5,92931054565721
196 18.854,92 1.250,82 10.369,72 687,92 -5,92931054565721
197 18.854,92 1.250,82 10.369,72 687,92 -5,92931054565721
198 18.854,92 1.250,82 10.369,72 687,92 -5,92931054565721
199 18.854,92 1.250,82 10.369,72 687,92 -5,92931054565721
200 18.854,92 1.250,82 10.369,72 687,92 -5,92931054565721
201 18.854,92 1.250,82 10.369,72 687,92 -5,92931054565721
202 18.854,92 1.250,82 10.369,72 687,92 -5,92931054565721
203 18.854,92 1.250,82 10.369,72 687,92 -5,92931054565721
204 18.854,92 1.250,82 10.369,72 687,92 -5,92931054565721
205 18.854,92 1.250,82 10.369,72 687,92 -5,92931054565721
206 18.854,92 1.250,82 10.369,72 687,92 -5,92931054565721
207 18.854,92 1.250,82 10.369,72 687,92 -5,92931054565721
208 18.854,92 1.250,82 10.369,72 687,92 -5,92931054565721
209 18.854,92 1.250,82 10.369,72 687,92 -5,92931054565721
210 18.854,92 1.250,82 10.369,72 687,92 38,3952146783232
211 18.854,97 1.250,63 10.369,74 687,81 38,3952146783232
212 18.855,00 1.250,63 10.300,01 683,19 38,3952146783232
213 18.854,97 1.251,61 10.295,41 683,42 38,3952146783232
214 18.854,97 1.251,61 10.292,04 683,19 38,3952146783232
215 18.854,97 1.251,61 10.292,04 683,19 38,3952146783232
216 18.854,97 1.251,61 10.292,04 683,19 38,3952146783232
217 18.854,97 1.251,61 10.292,04 683,19 38,3952146783232
218 18.854,97 1.251,61 10.292,04 683,19 38,3952146783232
219 18.854,97 1.251,61 10.292,04 683,19 38,3952146783232
220 18.854,97 1.251,61 10.292,04 683,19 38,3952146783232
221 18.854,97 1.251,61 10.292,04 683,19 38,3952146783232
222 18.854,97 1.251,61 10.292,04 683,19 38,3952146783232
223 18.854,97 1.251,61 10.292,04 683,19 38,3952146783232
224 18.854,97 1.251,61 10.292,04 683,19 38,3952146783232
225 18.854,97 1.251,61 10.292,04 683,19 38,3952146783232
226 18.854,97 1.251,61 10.292,04 683,19 38,3952146783232
227 18.854,97 1.251,61 10.292,04 683,19 38,3952146783232
228 18.854,97 1.251,61 10.292,04 683,19 38,3952146783232
229 18.854,97 1.251,61 10.292,04 683,19 38,3952146783232
230 18.854,97 1.251,61 10.292,04 683,19 38,3952146783232
231 18.854,97 1.251,61 10.292,04 683,19 38,3952146783232
232 18.854,97 1.251,61 10.292,04 683,19 38,3952146783232
233 18.854,97 1.251,61 10.292,04 683,19 38,3952146783232
234 18.854,97 1.251,61 10.292,04 683,19 38,3952146783232
235 18.854,97 1.251,61 10.292,04 683,19 38,3952146783232
236 18.854,97 1.251,61 10.292,04 683,19 38,3952146783232
237 18.854,97 1.251,61 10.292,04 683,19 38,3952146783232
238 18.854,97 1.251,61 10.292,04 683,19 38,3952146783232
239 18.854,97 1.251,61 10.292,04 683,19 38,3952146783232
240 18.854,97 1.251,61 10.292,04 683,19 -1,00665988893898
241 18.855,08 1.251,23 10.292,10 682,99 -1,00665988893898
242 18.855,08 1.251,23 10.179,55 675,52 -1,00665988893898
243 18.855,10 1.251,31 10.179,57 675,56 -1,00665988893898
244 18.855,14 1.251,14 10.171,65 674,94 -1,00665988893898
245 18.855,14 1.251,14 10.167,52 674,67 -1,00665988893898
246 18.855,14 1.251,14 10.167,52 674,67 -1,00665988893898
247 18.855,14 1.251,14 10.167,52 674,67 -1,00665988893898
248 18.855,14 1.251,14 10.167,52 674,67 -1,00665988893898
249 18.855,14 1.251,14 10.167,52 674,67 -1,00665988893898
250 18.855,14 1.251,14 10.167,52 674,67 -1,00665988893898
251 18.855,14 1.251,14 10.167,52 674,67 -1,00665988893898
252 18.855,14 1.251,14 10.167,52 674,67 -1,00665988893898
253 18.855,14 1.251,14 10.167,52 674,67 -1,00665988893898
254 18.855,14 1.251,14 10.167,52 674,67 -1,00665988893898
255 18.855,14 1.251,14 10.167,52 674,67 -1,00665988893898
256 18.855,14 1.251,14 10.167,52 674,67 -1,00665988893898
257 18.855,14 1.251,14 10.167,52 674,67 -1,00665988893898
258 18.855,14 1.251,14 10.167,52 674,67 -1,00665988893898
259 18.855,14 1.251,14 10.167,52 674,67 -1,00665988893898
260 18.855,14 1.251,14 10.167,52 674,67 -1,00665988893898
261 18.855,14 1.251,14 10.167,52 674,67 -1,00665988893898
262 18.855,14 1.251,14 10.167,52 674,67 -1,00665988893898
263 18.855,14 1.251,14 10.167,52 674,67 -1,00665988893898
264 18.855,14 1.251,14 10.167,52 674,67 -1,00665988893898
265 18.855,14 1.251,14 10.167,52 674,67 -1,00665988893898
266 18.855,14 1.251,14 10.167,52 674,67 -1,00665988893898
267 18.855,14 1.251,14 10.167,52 674,67 -1,00665988893898
268 18.855,14 1.251,14 10.167,52 674,67 -1,00665988893898
269 18.855,14 1.251,14 10.167,52 674,67 -1,00665988893898
270 18.855,14 1.251,14 10.167,52 674,67 -50,2873390917097
271 18.855,19 1.251,11 10.167,55 674,65 -50,2873390917097
272 18.855,18 1.251,56 10.061,60 667,87 -50,2873390917097
273 18.855,24 1.251,28 10.057,90 667,47 -50,2873390917097
274 18.855,24 1.251,28 10.053,75 667,19 -50,2873390917097
275 18.855,24 1.251,28 10.053,75 667,19 -50,2873390917097
276 18.855,24 1.251,28 10.053,75 667,19 -50,2873390917097
277 18.855,24 1.251,28 10.053,75 667,19 -50,2873390917097
278 18.855,24 1.251,28 10.053,75 667,19 -50,2873390917097
279 18.855,24 1.251,28 10.053,75 667,19 -50,2873390917097
280 18.855,24 1.251,28 10.053,75 667,19 -50,2873390917097
281 18.855,24 1.251,28 10.053,75 667,19 -50,2873390917097
282 18.855,24 1.251,28 10.053,75 667,19 -50,2873390917097
283 18.855,24 1.251,28 10.053,75 667,19 -50,2873390917097
284 18.855,24 1.251,28 10.053,75 667,19 -50,2873390917097
285 18.855,24 1.251,28 10.053,75 667,19 -50,2873390917097
286 18.855,24 1.251,28 10.053,75 667,19 -50,2873390917097
287 18.855,24 1.251,28 10.053,75 667,19 -50,2873390917097
288 18.855,24 1.251,28 10.053,75 667,19 -50,2873390917097
289 18.855,24 1.251,28 10.053,75 667,19 -50,2873390917097
290 18.855,24 1.251,28 10.053,75 667,19 -50,2873390917097
291 18.855,24 1.251,28 10.053,75 667,19 -50,2873390917097
292 18.855,24 1.251,28 10.053,75 667,19 -50,2873390917097
293 18.855,24 1.251,28 10.053,75 667,19 -50,2873390917097
294 18.855,24 1.251,28 10.053,75 667,19 -50,2873390917097
295 18.855,24 1.251,28 10.053,75 667,19 -50,2873390917097
296 18.855,24 1.251,28 10.053,75 667,19 -50,2873390917097
297 18.855,24 1.251,28 10.053,75 667,19 -50,2873390917097
298 18.855,24 1.251,28 10.053,75 667,19 -50,2873390917097
299 18.855,24 1.251,28 10.053,75 667,19 -50,2873390917097
300 18.855,24 1.251,28 10.053,75 667,19 -1,52829502523562
301 18.855,27 1.251,31 10.053,76 667,21 -1,52829502523562
302 18.855,27 1.251,31 9.946,61 660,10 -1,52829502523562
303 18.855,27 1.251,31 9.946,61 660,10 -1,52829502523562
304 18.855,27 1.251,31 9.946,61 660,10 -1,52829502523562
305 18.855,27 1.251,31 9.946,61 660,10 -1,52829502523562
306 18.855,28 1.251,27 9.946,62 660,08 -1,52829502523562
307 18.855,32 1.251,22 9.927,72 658,79 -1,52829502523562
308 18.855,32 1.251,22 9.923,92 658,54 -1,52829502523562
309 18.855,32 1.251,22 9.923,92 658,54 -1,52829502523562
310 18.855,32 1.251,22 9.923,92 658,54 -1,52829502523562
311 18.855,32 1.251,22 9.923,92 658,54 -1,52829502523562
312 18.855,32 1.251,22 9.923,92 658,54 -1,52829502523562
313 18.855,34 1.251,33 9.923,93 658,60 -1,52829502523562
314 18.855,35 1.251,29 9.901,38 657,08 -1,52829502523562
315 18.855,35 1.251,29 9.897,60 656,83 -1,52829502523562
316 18.855,35 1.251,29 9.897,60 656,83 -1,52829502523562
317 18.855,35 1.251,29 9.897,60 656,83 -1,52829502523562
318 18.855,35 1.251,29 9.897,60 656,83 -1,52829502523562
319 18.855,35 1.251,29 9.897,60 656,83 -1,52829502523562
320 18.855,35 1.251,29 9.897,60 656,83 -1,52829502523562
321 18.855,35 1.251,29 9.897,60 656,83 -1,52829502523562
322 18.855,35 1.251,29 9.897,60 656,83 -1,52829502523562
323 18.855,35 1.251,29 9.897,60 656,83 -1,52829502523562
324 18.855,35 1.251,29 9.897,60 656,83 -1,52829502523562
325 18.855,35 1.251,29 9.897,60 656,83 -1,52829502523562
326 18.855,35 1.251,29 9.897,60 656,83 -1,52829502523562
327 18.855,35 1.251,29 9.897,60 656,83 -1,52829502523562
328 18.855,35 1.251,29 9.897,60 656,83 -1,52829502523562
329 18.855,35 1.251,29 9.897,60 656,83 -1,52829502523562
330 18.855,35 1.251,29 9.897,60 656,83 -52,2185398310158
331 18.855,42 1.251,36 9.897,63 656,87 -52,2185398310158
332 18.855,44 1.251,38 9.834,10 652,66 -52,2185398310158
333 18.855,44 1.251,38 9.830,28 652,40 -52,2185398310158
334 18.855,44 1.251,38 9.830,44 652,41 -52,2185398310158
335 18.855,43 1.251,64 9.830,43 652,55 -52,2185398310158
336 18.855,43 1.251,64 9.819,44 651,82 -52,2185398310158
337 18.855,43 1.251,64 9.819,44 651,82 -52,2185398310158
338 18.855,43 1.251,64 9.819,44 651,82 -52,2185398310158
339 18.855,43 1.251,64 9.819,44 651,82 -52,2185398310158
340 18.855,43 1.251,64 9.819,44 651,82 -52,2185398310158
341 18.855,43 1.251,64 9.819,44 651,82 -52,2185398310158
342 18.855,43 1.251,64 9.819,44 651,82 -52,2185398310158
343 18.855,43 1.251,64 9.819,44 651,82 -52,2185398310158
344 18.855,43 1.251,64 9.819,44 651,82 -52,2185398310158
345 18.855,43 1.251,64 9.819,44 651,82 -52,2185398310158
346 18.855,43 1.251,64 9.819,44 651,82 -52,2185398310158
347 18.855,43 1.251,64 9.819,44 651,82 -52,2185398310158
348 18.855,43 1.251,64 9.819,44 651,82 -52,2185398310158
349 18.855,43 1.251,64 9.819,44 651,82 -52,2185398310158
350 18.855,43 1.251,64 9.819,44 651,82 -52,2185398310158
351 18.855,43 1.251,64 9.819,44 651,82 -52,2185398310158
352 18.855,43 1.251,64 9.819,44 651,82 -52,2185398310158
353 18.855,43 1.251,64 9.819,44 651,82 -52,2185398310158
354 18.855,43 1.251,64 9.819,44 651,82 -52,2185398310158
355 18.855,43 1.251,64 9.819,44 651,82 -52,2185398310158
356 18.855,43 1.251,64 9.819,44 651,82 -52,2185398310158
357 18.855,43 1.251,64 9.819,44 651,82 -52,2185398310158
358 18.855,43 1.251,64 9.819,44 651,82 -52,2185398310158
359 18.855,43 1.251,64 9.819,44 651,82 -52,2185398310158
360 18.855,43 1.251,64 9.819,44 651,82 1,3244847396965
361 18.855,46 1.251,57 9.819,46 651,79 1,3244847396965
362 18.855,46 1.251,57 9.724,22 645,47 1,3244847396965
363 18.855,46 1.251,57 9.724,22 645,47 1,3244847396965
364 18.855,46 1.251,57 9.724,22 645,47 1,3244847396965
365 18.855,46 1.251,57 9.724,22 645,47 1,3244847396965
366 18.855,46 1.251,57 9.724,22 645,47 1,3244847396965
367 18.855,46 1.251,57 9.724,22 645,47 1,3244847396965
368 18.855,46 1.251,57 9.724,22 645,47 1,3244847396965
369 18.855,46 1.251,57 9.724,22 645,47 1,3244847396965
370 18.855,46 1.251,57 9.724,22 645,47 1,3244847396965
371 18.855,46 1.251,57 9.724,22 645,47 1,3244847396965
372 18.855,46 1.251,57 9.724,22 645,47 1,3244847396965
373 18.855,46 1.251,57 9.724,22 645,47 1,3244847396965
374 18.855,46 1.251,57 9.724,22 645,47 1,3244847396965
375 18.855,46 1.251,57 9.724,22 645,47 1,3244847396965
376 18.855,46 1.251,57 9.724,22 645,47 1,3244847396965
377 18.855,46 1.251,57 9.724,22 645,47 1,3244847396965
378 18.855,46 1.251,57 9.724,22 645,47 1,3244847396965
379 18.855,46 1.251,57 9.724,22 645,47 1,3244847396965
380 18.855,46 1.251,57 9.724,22 645,47 1,3244847396965
381 18.855,46 1.251,57 9.724,22 645,47 1,3244847396965
382 18.855,46 1.251,57 9.724,22 645,47 1,3244847396965
383 18.855,46 1.251,48 9.724,22 645,42 1,3244847396965
384 18.855,46 1.251,48 9.645,05 640,17 1,3244847396965
385 18.855,46 1.251,48 9.645,05 640,17 1,3244847396965
386 18.855,46 1.251,48 9.645,05 640,17 1,3244847396965
387 18.855,46 1.251,48 9.645,05 640,17 1,3244847396965
388 18.855,46 1.251,48 9.645,05 640,17 1,3244847396965
389 18.855,46 1.251,48 9.645,05 640,17 1,3244847396965
390 18.855,46 1.251,48 9.645,05 640,17 -4,50213569433197
391 18.855,48 1.251,57 9.645,06 640,21 -4,50213569433197
392 18.855,48 1.251,57 9.616,54 638,32 -4,50213569433197
393 18.855,47 1.251,79 9.616,61 638,44 -4,50213569433197
394 18.855,47 1.251,79 9.609,61 637,97 -4,50213569433197
395 18.855,47 1.251,79 9.609,61 637,97 -4,50213569433197
396 18.855,47 1.251,79 9.609,61 637,97 -4,50213569433197
397 18.855,47 1.251,79 9.609,61 637,97 -4,50213569433197
398 18.855,47 1.251,79 9.609,61 637,97 -4,50213569433197
399 18.855,47 1.251,79 9.609,61 637,97 -4,50213569433197
400 18.855,47 1.251,79 9.609,61 637,97 -4,50213569433197
401 18.855,49 1.251,71 9.609,61 637,93 -4,50213569433197
402 18.855,49 1.251,71 9.581,33 636,05 -4,50213569433197
403 18.855,49 1.251,71 9.581,33 636,05 -4,50213569433197
404 18.855,49 1.251,71 9.581,33 636,05 -4,50213569433197
405 18.855,49 1.251,71 9.581,33 636,05 -4,50213569433197
406 18.855,49 1.251,71 9.581,33 636,05 -4,50213569433197
407 18.855,49 1.251,71 9.581,33 636,05 -4,50213569433197
408 18.855,49 1.251,71 9.581,33 636,05 -4,50213569433197
409 18.855,49 1.251,71 9.581,33 636,05 -4,50213569433197
410 18.855,49 1.251,71 9.581,33 636,05 -4,50213569433197
411 18.855,49 1.251,71 9.581,33 636,05 -4,50213569433197
412 18.855,49 1.251,71 9.581,33 636,05 -4,50213569433197
413 18.855,49 1.251,71 9.581,33 636,05 -4,50213569433197
414 18.855,49 1.251,71 9.581,33 636,05 -4,50213569433197
415 18.855,49 1.251,71 9.581,33 636,05 -4,50213569433197
416 18.855,49 1.251,71 9.581,33 636,05 -4,50213569433197
417 18.855,49 1.251,71 9.581,33 636,05 -4,50213569433197
418 18.855,49 1.251,71 9.581,33 636,05 -4,50213569433197
419 18.855,49 1.251,71 9.581,33 636,05 -4,50213569433197
420 18.855,49 1.251,71 9.581,33 636,05 -0,377535582396136
421 18.855,50 1.251,67 9.581,34 636,03 -0,377535582396136
422 18.855,50 1.251,67 9.511,45 631,39 -0,377535582396136
423 18.855,50 1.251,67 9.511,45 631,39 -0,377535582396136
424 18.855,50 1.251,67 9.511,39 631,39 -0,377535582396136
425 18.855,50 1.251,67 9.511,39 631,39 -0,377535582396136
426 18.855,50 1.251,67 9.511,39 631,39 -0,377535582396136
427 18.855,50 1.251,67 9.511,39 631,39 -0,377535582396136
428 18.855,51 1.251,61 9.511,39 631,36 -0,377535582396136
429 18.855,51 1.251,61 9.487,14 629,75 -0,377535582396136
430 18.855,51 1.251,61 9.487,14 629,75 -0,377535582396136
431 18.855,51 1.251,61 9.487,14 629,75 -0,377535582396136
432 18.855,51 1.251,61 9.487,14 629,75 -0,377535582396136
433 18.855,51 1.251,61 9.487,14 629,75 -0,377535582396136
434 18.855,51 1.251,61 9.487,14 629,75 -0,377535582396136
435 18.855,51 1.251,61 9.487,14 629,75 -0,377535582396136
436 18.855,51 1.251,61 9.487,14 629,75 -0,377535582396136
437 18.855,51 1.251,61 9.487,14 629,75 -0,377535582396136
438 18.855,51 1.251,61 9.487,14 629,75 -0,377535582396136
439 18.855,51 1.251,61 9.487,14 629,75 -0,377535582396136
440 18.855,51 1.251,61 9.487,14 629,75 -0,377535582396136
441 18.855,51 1.251,61 9.487,14 629,75 -0,377535582396136
442 18.855,51 1.251,61 9.487,14 629,75 -0,377535582396136
443 18.855,51 1.251,61 9.487,14 629,75 -0,377535582396136
444 18.855,51 1.251,61 9.487,14 629,75 -0,377535582396136
445 18.855,51 1.251,61 9.487,14 629,75 -0,377535582396136
446 18.855,51 1.251,61 9.487,14 629,75 -0,377535582396136
447 18.855,51 1.251,61 9.487,14 629,75 -0,377535582396136
448 18.855,51 1.251,61 9.487,14 629,75 -0,377535582396136
449 18.855,51 1.251,61 9.487,14 629,75 -0,377535582396136
450 18.855,51 1.251,61 9.487,14 629,75 -2,33103436688454
451 18.855,57 1.251,30 9.487,17 629,59 -2,33103436688454
452 18.855,57 1.251,40 9.408,32 624,41 -2,33103436688454
453 18.855,57 1.251,40 9.404,92 624,18 -2,33103436688454
454 18.855,57 1.251,40 9.404,92 624,18 -2,33103436688454
455 18.855,57 1.251,40 9.404,92 624,18 -2,33103436688454
456 18.855,58 1.251,33 9.404,93 624,15 -2,33103436688454
457 18.855,58 1.251,33 9.391,35 623,25 -2,33103436688454
458 18.855,58 1.251,33 9.391,35 623,25 -2,33103436688454
459 18.855,58 1.251,33 9.391,35 623,25 -2,33103436688454
460 18.855,58 1.251,33 9.391,35 623,25 -2,33103436688454
461 18.855,58 1.251,33 9.391,35 623,25 -2,33103436688454
462 18.855,58 1.251,33 9.391,35 623,25 -2,33103436688454
463 18.855,58 1.251,33 9.391,35 623,25 -2,33103436688454
464 18.855,58 1.251,33 9.391,35 623,25 -2,33103436688454
465 18.855,58 1.251,33 9.391,35 623,25 -2,33103436688454
466 18.855,58 1.251,33 9.391,35 623,25 -2,33103436688454
467 18.855,58 1.251,33 9.391,35 623,25 -2,33103436688454
468 18.855,58 1.251,33 9.391,35 623,25 -2,33103436688454
469 18.855,58 1.251,33 9.391,35 623,25 -2,33103436688454
470 18.855,58 1.251,33 9.391,35 623,25 -2,33103436688454
471 18.855,58 1.251,33 9.391,35 623,25 -2,33103436688454
472 18.855,58 1.251,33 9.391,35 623,25 -2,33103436688454
473 18.855,58 1.251,33 9.391,35 623,25 -2,33103436688454
474 18.855,58 1.251,33 9.391,35 623,25 -2,33103436688454
475 18.855,58 1.251,33 9.391,35 623,25 -2,33103436688454
476 18.855,58 1.251,33 9.391,35 623,25 -2,33103436688454
477 18.855,58 1.251,33 9.391,35 623,25 -2,33103436688454
478 18.855,58 1.251,33 9.391,35 623,25 -2,33103436688454
479 18.855,58 1.251,33 9.391,35 623,25 -2,33103436688454
480 18.855,58 1.251,33 9.391,35 623,25 -1,50954592844691
481 18.855,58 1.251,40 9.391,35 623,28 -1,50954592844691
482 18.855,58 1.251,40 9.307,59 617,72 -1,50954592844691
483 18.855,58 1.251,40 9.307,59 617,72 -1,50954592844691
484 18.855,58 1.251,40 9.307,59 617,72 -1,50954592844691
485 18.855,58 1.251,40 9.307,59 617,72 -1,50954592844691
486 18.855,58 1.251,40 9.307,59 617,72 -1,50954592844691
487 18.855,58 1.251,40 9.307,59 617,72 -1,50954592844691
488 18.855,58 1.251,40 9.307,59 617,72 -1,50954592844691
489 18.855,58 1.251,40 9.307,59 617,72 -1,50954592844691
490 18.855,58 1.251,40 9.307,59 617,72 -1,50954592844691
491 18.855,58 1.251,40 9.307,59 617,72 -1,50954592844691
492 18.855,58 1.251,40 9.307,59 617,72 -1,50954592844691
493 18.855,58 1.251,40 9.307,59 617,72 -1,50954592844691
494 18.855,58 1.251,40 9.307,59 617,72 -1,50954592844691
495 18.855,58 1.251,40 9.307,59 617,72 -1,50954592844691
496 18.855,58 1.251,40 9.307,59 617,72 -1,50954592844691
497 18.855,58 1.251,40 9.307,59 617,72 -1,50954592844691
498 18.855,58 1.251,40 9.307,59 617,72 -1,50954592844691
499 18.855,58 1.251,40 9.307,59 617,72 -1,50954592844691
500 18.855,58 1.251,40 9.307,59 617,72 -1,50954592844691
501 18.855,58 1.251,40 9.307,59 617,72 -1,50954592844691
502 18.855,58 1.251,40 9.307,59 617,72 -1,50954592844691
503 18.855,58 1.251,40 9.307,59 617,72 -1,50954592844691
504 18.855,58 1.251,40 9.307,59 617,72 -1,50954592844691
505 18.855,59 1.251,55 9.307,60 617,80 -1,50954592844691
506 18.855,59 1.251,55 9.228,60 612,55 -1,50954592844691
507 18.855,59 1.251,55 9.228,60 612,55 -1,50954592844691
508 18.855,59 1.251,55 9.228,60 612,55 -1,50954592844691
509 18.855,59 1.251,55 9.228,60 612,55 -1,50954592844691
510 18.855,59 1.251,55 9.228,60 612,55 -1,91221641932564
511 18.855,62 1.251,48 9.228,62 612,52 -1,91221641932564
512 18.855,62 1.251,48 9.209,09 611,22 -1,91221641932564
513 18.855,61 1.251,54 9.209,05 611,25 -1,91221641932564
514 18.855,61 1.251,54 9.202,57 610,82 -1,91221641932564
515 18.855,61 1.251,54 9.202,57 610,82 -1,91221641932564
516 18.855,61 1.251,54 9.202,57 610,82 -1,91221641932564
517 18.855,61 1.251,54 9.202,57 610,82 -1,91221641932564
518 18.855,61 1.251,54 9.202,57 610,82 -1,91221641932564
519 18.855,61 1.251,54 9.202,57 610,82 -1,91221641932564
520 18.855,61 1.251,54 9.202,57 610,82 -1,91221641932564
521 18.855,61 1.251,54 9.202,57 610,82 -1,91221641932564
522 18.855,61 1.251,54 9.202,57 610,82 -1,91221641932564
523 18.855,61 1.251,54 9.202,57 610,82 -1,91221641932564
524 18.855,61 1.251,54 9.202,57 610,82 -1,91221641932564
525 18.855,61 1.251,54 9.202,57 610,82 -1,91221641932564
526 18.855,61 1.251,54 9.202,57 610,82 -1,91221641932564
527 18.855,61 1.251,54 9.202,57 610,82 -1,91221641932564
528 18.855,61 1.251,54 9.202,57 610,82 -1,91221641932564
529 18.855,61 1.251,54 9.202,57 610,82 -1,91221641932564
530 18.855,61 1.251,54 9.202,57 610,82 -1,91221641932564
531 18.855,61 1.251,54 9.202,57 610,82 -1,91221641932564
532 18.855,61 1.251,54 9.202,57 610,82 -1,91221641932564
533 18.855,61 1.251,54 9.202,57 610,82 -1,91221641932564
534 18.855,61 1.251,54 9.202,57 610,82 -1,91221641932564
535 18.855,61 1.251,54 9.202,57 610,82 -1,91221641932564
536 18.855,61 1.251,54 9.202,57 610,82 -1,91221641932564
537 18.855,61 1.251,54 9.202,57 610,82 -1,91221641932564
538 18.855,61 1.251,54 9.202,57 610,82 -1,91221641932564
539 18.855,61 1.251,54 9.202,57 610,82 -1,91221641932564
540 18.855,61 1.251,54 9.202,57 610,82 -1,44521305457393
541 18.855,61 1.251,50 9.202,57 610,80 -1,44521305457393
542 18.855,61 1.251,50 9.112,53 604,82 -1,44521305457393
543 18.855,61 1.251,50 9.112,53 604,82 -1,44521305457393
544 18.855,61 1.251,50 9.112,53 604,82 -1,44521305457393
545 18.855,62 1.251,46 9.112,53 604,80 -1,44521305457393
546 18.855,62 1.251,46 9.099,81 603,96 -1,44521305457393
547 18.855,62 1.251,46 9.099,81 603,96 -1,44521305457393
548 18.855,62 1.251,46 9.099,81 603,96 -1,44521305457393
549 18.855,62 1.251,46 9.099,81 603,96 -1,44521305457393
550 18.855,62 1.251,46 9.099,81 603,96 -1,44521305457393
551 18.855,62 1.251,46 9.099,81 603,96 -1,44521305457393
552 18.855,62 1.251,46 9.099,81 603,96 -1,44521305457393
553 18.855,62 1.251,46 9.099,81 603,96 -1,44521305457393
554 18.855,62 1.251,46 9.099,81 603,96 -1,44521305457393
555 18.855,62 1.251,46 9.099,81 603,96 -1,44521305457393
556 18.855,62 1.251,46 9.099,81 603,96 -1,44521305457393
557 18.855,62 1.251,46 9.099,81 603,96 -1,44521305457393
558 18.855,62 1.251,46 9.099,81 603,96 -1,44521305457393
559 18.855,62 1.251,44 9.099,81 603,95 -1,44521305457393
560 18.855,62 1.251,44 9.055,56 601,01 -1,44521305457393
561 18.855,62 1.251,44 9.055,56 601,01 -1,44521305457393
562 18.855,62 1.251,44 9.055,56 601,01 -1,44521305457393
563 18.855,62 1.251,44 9.055,56 601,01 -1,44521305457393
564 18.855,62 1.251,44 9.055,56 601,01 -1,44521305457393
565 18.855,62 1.251,44 9.055,56 601,01 -1,44521305457393
566 18.855,62 1.251,44 9.055,56 601,01 -1,44521305457393
567 18.855,62 1.251,44 9.055,56 601,01 -1,44521305457393
568 18.855,62 1.251,44 9.055,56 601,01 -1,44521305457393
569 18.855,62 1.251,44 9.055,56 601,01 -1,44521305457393
570 18.855,62 1.251,44 9.055,56 601,01 -0,749715534627023
571 18.855,66 1.251,58 9.055,58 601,08 -0,749715534627023
572 18.855,68 1.251,42 9.018,07 598,51 -0,749715534627023
573 18.855,67 1.251,57 9.014,79 598,37 -0,749715534627023
574 18.855,68 1.251,41 9.011,84 598,09 -0,749715534627023
575 18.855,68 1.251,41 9.008,66 597,88 -0,749715534627023
576 18.855,68 1.251,41 9.008,66 597,88 -0,749715534627023
577 18.855,68 1.251,41 9.008,66 597,88 -0,749715534627023
578 18.855,68 1.251,41 9.008,66 597,88 -0,749715534627023
579 18.855,68 1.251,41 9.008,66 597,88 -0,749715534627023
580 18.855,68 1.251,41 9.008,66 597,88 -0,749715534627023
581 18.855,68 1.251,41 9.008,66 597,88 -0,749715534627023
582 18.855,68 1.251,41 9.008,66 597,88 -0,749715534627023
583 18.855,68 1.251,41 9.008,66 597,88 -0,749715534627023
584 18.855,68 1.251,41 9.008,66 597,88 -0,749715534627023
585 18.855,68 1.251,41 9.008,66 597,88 -0,749715534627023
586 18.855,68 1.251,41 9.008,66 597,88 -0,749715534627023
587 18.855,68 1.251,41 9.008,66 597,88 -0,749715534627023
588 18.855,68 1.251,41 9.008,66 597,88 -0,749715534627023
589 18.855,68 1.251,41 9.008,66 597,88 -0,749715534627023
590 18.855,68 1.251,41 9.008,66 597,88 -0,749715534627023
591 18.855,68 1.251,41 9.008,66 597,88 -0,749715534627023
592 18.855,68 1.251,41 9.008,66 597,88 -0,749715534627023
593 18.855,68 1.251,41 9.008,66 597,88 -0,749715534627023
594 18.855,68 1.251,41 9.008,66 597,88 -0,749715534627023
595 18.855,68 1.251,41 9.008,66 597,88 -0,749715534627023
596 18.855,68 1.251,41 9.008,66 597,88 -0,749715534627023
597 18.855,68 1.251,41 9.008,66 597,88 -0,749715534627023
598 18.855,68 1.251,41 9.008,66 597,88 -0,749715534627023
599 18.855,68 1.251,41 9.008,66 597,88 -0,749715534627023
600 18.855,68 1.251,41 9.008,66 597,88 10,3378700883911
601 18.855,68 1.251,41 9.008,66 597,88 10,3378700883911
602 18.855,68 1.251,41 9.008,67 597,88 10,3378700883911
603 18.855,68 1.251,41 9.008,67 597,88 10,3378700883911
604 18.855,68 1.251,41 9.008,67 597,88 10,3378700883911
605 18.855,68 1.251,41 9.008,67 597,88 10,3378700883911
606 18.855,68 1.251,41 9.008,67 597,88 10,3378700883911
607 18.855,68 1.251,41 9.008,67 597,88 10,3378700883911
608 18.855,68 1.251,41 9.008,67 597,88 10,3378700883911
609 18.855,68 1.251,41 9.008,67 597,88 10,3378700883911
610 18.855,68 1.251,41 9.008,67 597,88 10,3378700883911
611 18.855,68 1.251,41 9.008,67 597,88 10,3378700883911
612 18.855,68 1.251,41 9.008,67 597,88 10,3378700883911
613 18.855,68 1.251,41 9.008,67 597,88 10,3378700883911
614 18.855,68 1.251,41 9.008,67 597,88 10,3378700883911
615 18.855,68 1.251,41 9.008,67 597,88 10,3378700883911
616 18.855,68 1.251,41 9.008,67 597,88 10,3378700883911
617 18.855,68 1.251,41 9.008,67 597,88 10,3378700883911
618 18.855,68 1.251,41 9.008,67 597,88 10,3378700883911
619 18.855,68 1.251,41 9.008,67 597,88 10,3378700883911
620 18.855,68 1.251,41 9.008,67 597,88 10,3378700883911
621 18.855,68 1.251,41 9.008,67 597,88 10,3378700883911
622 18.855,68 1.251,41 9.008,67 597,88 10,3378700883911
623 18.855,68 1.251,41 9.008,67 597,88 10,3378700883911
624 18.855,68 1.251,41 9.008,67 597,88 10,3378700883911
625 18.855,68 1.251,41 9.008,67 597,88 10,3378700883911
626 18.855,68 1.251,41 9.008,67 597,88 10,3378700883911
627 18.855,68 1.251,41 9.008,67 597,88 10,3378700883911
628 18.855,68 1.251,41 9.008,67 597,88 10,3378700883911
629 18.855,68 1.251,41 9.008,67 597,88 10,3378700883911
630 18.855,68 1.251,41 9.008,67 597,88 -23,0483856661884
631 18.855,69 1.251,47 9.008,67 597,91 -23,0483856661884
632 18.855,69 1.251,47 8.834,71 586,37 -23,0483856661884
633 18.855,69 1.251,47 8.834,71 586,37 -23,0483856661884
634 18.855,69 1.251,47 8.834,71 586,37 -23,0483856661884
635 18.855,69 1.251,47 8.834,71 586,37 -23,0483856661884
636 18.855,69 1.251,47 8.834,71 586,37 -23,0483856661884
637 18.855,69 1.251,47 8.834,71 586,37 -23,0483856661884
638 18.855,69 1.251,47 8.834,71 586,37 -23,0483856661884
639 18.855,69 1.251,47 8.834,71 586,37 -23,0483856661884
640 18.855,69 1.251,47 8.834,71 586,37 -23,0483856661884
641 18.855,69 1.251,47 8.834,71 586,37 -23,0483856661884
642 18.855,69 1.251,47 8.834,71 586,37 -23,0483856661884
643 18.855,69 1.251,47 8.834,71 586,37 -23,0483856661884
644 18.855,69 1.251,47 8.834,71 586,37 -23,0483856661884
645 18.855,69 1.251,47 8.834,71 586,37 -23,0483856661884
646 18.855,69 1.251,47 8.834,71 586,37 -23,0483856661884
647 18.855,69 1.251,47 8.834,71 586,37 -23,0483856661884
648 18.855,69 1.251,47 8.834,71 586,37 -23,0483856661884
649 18.855,69 1.251,47 8.834,71 586,37 -23,0483856661884
650 18.855,69 1.251,47 8.834,71 586,37 -23,0483856661884
651 18.855,69 1.251,47 8.834,71 586,37 -23,0483856661884
652 18.855,69 1.251,47 8.834,71 586,37 -23,0483856661884
653 18.855,69 1.251,47 8.834,71 586,37 -23,0483856661884
654 18.855,69 1.251,47 8.834,71 586,37 -23,0483856661884
655 18.855,69 1.251,47 8.834,71 586,37 -23,0483856661884
656 18.855,69 1.251,47 8.834,71 586,37 -23,0483856661884
657 18.855,69 1.251,47 8.834,71 586,37 -23,0483856661884
658 18.855,69 1.251,47 8.834,71 586,37 -23,0483856661884
659 18.855,69 1.251,47 8.834,71 586,37 -23,0483856661884
660 18.855,69 1.251,47 8.834,71 586,37 33,0249664153311
661 18.855,69 1.251,47 8.834,71 586,37 33,0249664153311
662 18.855,69 1.251,47 8.834,71 586,37 33,0249664153311
663 18.855,69 1.251,47 8.834,71 586,37 33,0249664153311
664 18.855,69 1.251,47 8.834,71 586,37 33,0249664153311
665 18.855,69 1.251,47 8.834,71 586,37 33,0249664153311
666 18.855,69 1.251,47 8.834,71 586,37 33,0249664153311
667 18.855,69 1.251,47 8.834,71 586,37 33,0249664153311
668 18.855,69 1.251,50 8.834,71 586,38 33,0249664153311
669 18.855,69 1.251,50 8.725,34 579,12 33,0249664153311
670 18.855,69 1.251,50 8.725,34 579,12 33,0249664153311
671 18.855,69 1.251,50 8.725,34 579,12 33,0249664153311
672 18.855,69 1.251,50 8.725,34 579,12 33,0249664153311
673 18.855,69 1.251,50 8.725,34 579,12 33,0249664153311
674 18.855,69 1.251,50 8.725,34 579,12 33,0249664153311
675 18.855,69 1.251,50 8.725,34 579,12 33,0249664153311
676 18.855,69 1.251,50 8.725,34 579,12 33,0249664153311
677 18.855,69 1.251,50 8.725,34 579,12 33,0249664153311
678 18.855,69 1.251,50 8.725,34 579,12 33,0249664153311
679 18.855,69 1.251,50 8.725,34 579,12 33,0249664153311
680 18.855,69 1.251,50 8.725,34 579,12 33,0249664153311
681 18.855,69 1.251,50 8.725,34 579,12 33,0249664153311
682 18.855,69 1.251,50 8.725,34 579,12 33,0249664153311
683 18.855,69 1.251,50 8.725,34 579,12 33,0249664153311
684 18.855,69 1.251,50 8.725,34 579,12 33,0249664153311
685 18.855,69 1.251,50 8.725,34 579,12 33,0249664153311
686 18.855,69 1.251,50 8.725,34 579,12 33,0249664153311
687 18.855,69 1.251,50 8.725,34 579,12 33,0249664153311
688 18.855,69 1.251,50 8.725,34 579,12 33,0249664153311
689 18.855,69 1.251,50 8.725,34 579,12 33,0249664153311
690 18.855,69 1.251,50 8.725,34 579,12 -15,1608753699468
691 18.855,69 1.251,47 8.725,34 579,11 -15,1608753699468
692 18.855,70 1.251,52 8.658,69 574,71 -15,1608753699468
693 18.855,70 1.251,44 8.655,84 574,48 -15,1608753699468
694 18.855,70 1.251,44 8.652,94 574,29 -15,1608753699468
695 18.855,70 1.251,44 8.652,94 574,29 -15,1608753699468
696 18.855,70 1.251,50 8.652,93 574,32 -15,1608753699468
697 18.855,70 1.251,50 8.644,35 573,75 -15,1608753699468
698 18.855,70 1.251,50 8.644,35 573,75 -15,1608753699468
699 18.855,70 1.251,50 8.644,35 573,75 -15,1608753699468
700 18.855,70 1.251,50 8.644,35 573,75 -15,1608753699468
701 18.855,70 1.251,50 8.644,35 573,75 -15,1608753699468
702 18.855,70 1.251,50 8.644,35 573,75 -15,1608753699468
703 18.855,70 1.251,50 8.644,35 573,75 -15,1608753699468
704 18.855,70 1.251,50 8.644,35 573,75 -15,1608753699468
705 18.855,70 1.251,50 8.644,35 573,75 -15,1608753699468
706 18.855,70 1.251,50 8.644,35 573,75 -15,1608753699468
707 18.855,70 1.251,50 8.644,35 573,75 -15,1608753699468
708 18.855,70 1.251,50 8.644,35 573,75 -15,1608753699468
709 18.855,70 1.251,50 8.644,35 573,75 -15,1608753699468
710 18.855,70 1.251,50 8.644,35 573,75 -15,1608753699468
711 18.855,70 1.251,50 8.644,35 573,75 -15,1608753699468
712 18.855,70 1.251,50 8.644,35 573,75 -15,1608753699468
713 18.855,70 1.251,50 8.644,35 573,75 -15,1608753699468
714 18.855,70 1.251,50 8.644,35 573,75 -15,1608753699468
715 18.855,70 1.251,50 8.644,35 573,75 -15,1608753699468
716 18.855,70 1.251,50 8.644,35 573,75 -15,1608753699468
717 18.855,70 1.251,50 8.644,35 573,75 -15,1608753699468
718 18.855,70 1.251,50 8.644,35 573,75 -15,1608753699468
719 18.855,70 1.251,50 8.644,35 573,75 -15,1608753699468
720 18.855,70 1.251,50 8.644,35 573,75 -9,35683800422058
721 18.855,70 1.251,50 8.644,35 573,75 -9,35683800422058
722 18.855,70 1.251,50 8.644,35 573,75 -9,35683800422058
723 18.855,70 1.251,50 8.644,35 573,75 -9,35683800422058
724 18.855,70 1.251,50 8.644,35 573,75 -9,35683800422058
725 18.855,70 1.251,50 8.644,35 573,75 -9,35683800422058
726 18.855,70 1.251,50 8.644,35 573,75 -9,35683800422058
727 18.855,70 1.251,50 8.644,35 573,75 -9,35683800422058
728 18.855,70 1.251,50 8.644,35 573,75 -9,35683800422058
729 18.855,70 1.251,50 8.644,35 573,75 -9,35683800422058
730 18.855,70 1.251,50 8.644,35 573,75 -9,35683800422058
731 18.855,70 1.251,50 8.644,35 573,75 -9,35683800422058
732 18.855,70 1.251,50 8.644,35 573,75 -9,35683800422058
733 18.855,70 1.251,50 8.644,35 573,75 -9,35683800422058
734 18.855,70 1.251,50 8.644,35 573,75 -9,35683800422058
735 18.855,70 1.251,50 8.644,35 573,75 -9,35683800422058
736 18.855,70 1.251,50 8.644,35 573,75 -9,35683800422058
737 18.855,70 1.251,50 8.644,35 573,75 -9,35683800422058
738 18.855,70 1.251,50 8.644,35 573,75 -9,35683800422058
739 18.855,70 1.251,50 8.644,35 573,75 -9,35683800422058
740 18.855,70 1.251,50 8.644,35 573,75 -9,35683800422058
741 18.855,70 1.251,50 8.644,35 573,75 -9,35683800422058
742 18.855,70 1.251,50 8.644,35 573,75 -9,35683800422058
743 18.855,70 1.251,50 8.644,35 573,75 -9,35683800422058
744 18.855,70 1.251,50 8.644,35 573,75 -9,35683800422058
745 18.855,70 1.251,50 8.644,35 573,75 -9,35683800422058
746 18.855,70 1.251,50 8.644,35 573,75 -9,35683800422058
747 18.855,70 1.251,50 8.644,35 573,75 -9,35683800422058
748 18.855,70 1.251,50 8.644,35 573,75 -9,35683800422058
749 18.855,70 1.251,50 8.644,35 573,75 -9,35683800422058
750 18.855,70 1.251,50 8.644,35 573,75 -40,9932614980882
751 18.855,71 1.251,50 8.644,36 573,75 -40,9932614980882
752 18.855,71 1.251,50 8.489,56 563,47 -40,9932614980882
753 18.855,71 1.251,50 8.489,56 563,47 -40,9932614980882
754 18.855,71 1.251,50 8.489,56 563,47 -40,9932614980882
755 18.855,71 1.251,50 8.489,56 563,47 -40,9932614980882
756 18.855,71 1.251,50 8.489,56 563,47 -40,9932614980882
757 18.855,71 1.251,50 8.489,56 563,47 -40,9932614980882
758 18.855,71 1.251,50 8.489,56 563,47 -40,9932614980882
759 18.855,71 1.251,50 8.489,56 563,47 -40,9932614980882
760 18.855,71 1.251,50 8.489,56 563,47 -40,9932614980882
761 18.855,71 1.251,50 8.489,56 563,47 -40,9932614980882
762 18.855,71 1.251,50 8.489,56 563,47 -40,9932614980882
763 18.855,71 1.251,50 8.489,56 563,47 -40,9932614980882
764 18.855,71 1.251,50 8.489,56 563,47 -40,9932614980882
765 18.855,71 1.251,50 8.489,56 563,47 -40,9932614980882
766 18.855,71 1.251,50 8.489,56 563,47 -40,9932614980882
767 18.855,71 1.251,50 8.489,56 563,47 -40,9932614980882
768 18.855,71 1.251,50 8.489,56 563,47 -40,9932614980882
769 18.855,71 1.251,50 8.489,56 563,47 -40,9932614980882
770 18.855,71 1.251,50 8.489,56 563,47 -40,9932614980882
771 18.855,71 1.251,50 8.489,56 563,47 -40,9932614980882
772 18.855,71 1.251,50 8.489,56 563,47 -40,9932614980882
773 18.855,71 1.251,50 8.489,56 563,47 -40,9932614980882
774 18.855,71 1.251,50 8.489,56 563,47 -40,9932614980882
775 18.855,71 1.251,50 8.489,56 563,47 -40,9932614980882
776 18.855,71 1.251,50 8.489,56 563,47 -40,9932614980882
777 18.855,71 1.251,50 8.489,56 563,47 -40,9932614980882
778 18.855,71 1.251,50 8.489,56 563,47 -40,9932614980882
779 18.855,71 1.251,50 8.489,56 563,47 -40,9932614980882
780 18.855,71 1.251,50 8.489,56 563,47 -0,893996153060774
781 18.855,72 1.251,45 8.489,56 563,45 -0,893996153060774
782 18.855,72 1.251,45 8.407,43 558,00 -0,893996153060774
783 18.855,72 1.251,45 8.407,43 558,00 -0,893996153060774
784 18.855,72 1.251,45 8.407,43 558,00 -0,893996153060774
785 18.855,72 1.251,45 8.407,43 558,00 -0,893996153060774
786 18.855,72 1.251,45 8.407,43 558,00 -0,893996153060774
787 18.855,72 1.251,45 8.407,43 558,00 -0,893996153060774
788 18.855,72 1.251,45 8.407,43 558,00 -0,893996153060774
789 18.855,72 1.251,45 8.407,43 558,00 -0,893996153060774
790 18.855,72 1.251,45 8.407,43 558,00 -0,893996153060774
791 18.855,72 1.251,45 8.407,43 558,00 -0,893996153060774
792 18.855,72 1.251,45 8.407,43 558,00 -0,893996153060774
793 18.855,72 1.251,45 8.407,43 558,00 -0,893996153060774
794 18.855,72 1.251,45 8.407,43 558,00 -0,893996153060774
795 18.855,72 1.251,45 8.407,43 558,00 -0,893996153060774
796 18.855,72 1.251,45 8.407,43 558,00 -0,893996153060774
797 18.855,72 1.251,45 8.407,43 558,00 -0,893996153060774
798 18.855,72 1.251,45 8.407,43 558,00 -0,893996153060774
799 18.855,72 1.251,45 8.407,43 558,00 -0,893996153060774
800 18.855,72 1.251,45 8.407,43 558,00 -0,893996153060774
801 18.855,72 1.251,45 8.407,43 558,00 -0,893996153060774
802 18.855,72 1.251,45 8.407,43 558,00 -0,893996153060774
803 18.855,72 1.251,45 8.407,43 558,00 -0,893996153060774
804 18.855,72 1.251,45 8.407,43 558,00 -0,893996153060774
805 18.855,72 1.251,45 8.407,43 558,00 -0,893996153060774
806 18.855,72 1.251,45 8.407,43 558,00 -0,893996153060774
807 18.855,72 1.251,45 8.407,43 558,00 -0,893996153060774
808 18.855,72 1.251,45 8.407,43 558,00 -0,893996153060774
809 18.855,72 1.251,45 8.407,43 558,00 -0,893996153060774
810 18.855,72 1.251,45 8.407,43 558,00 2,10956941482938
811 18.855,72 1.251,50 8.407,43 558,02 2,10956941482938
812 18.855,73 1.251,45 8.326,90 552,66 2,10956941482938
813 18.855,73 1.251,45 8.324,22 552,48 2,10956941482938
814 18.855,73 1.251,45 8.324,22 552,48 2,10956941482938
815 18.855,73 1.251,45 8.324,22 552,48 2,10956941482938
816 18.855,73 1.251,45 8.324,22 552,48 2,10956941482938
817 18.855,73 1.251,45 8.324,22 552,48 2,10956941482938
818 18.855,73 1.251,45 8.324,22 552,48 2,10956941482938
819 18.855,73 1.251,45 8.324,22 552,48 2,10956941482938
820 18.855,73 1.251,45 8.324,22 552,48 2,10956941482938
821 18.855,73 1.251,45 8.324,22 552,48 2,10956941482938
822 18.855,73 1.251,45 8.324,22 552,48 2,10956941482938
823 18.855,73 1.251,45 8.324,22 552,48 2,10956941482938
824 18.855,73 1.251,45 8.324,22 552,48 2,10956941482938
825 18.855,73 1.251,45 8.324,22 552,48 2,10956941482938
826 18.855,73 1.251,45 8.324,22 552,48 2,10956941482938
827 18.855,73 1.251,45 8.324,22 552,48 2,10956941482938
828 18.855,73 1.251,45 8.324,22 552,48 2,10956941482938
829 18.855,73 1.251,45 8.324,22 552,48 2,10956941482938
830 18.855,73 1.251,45 8.324,22 552,48 2,10956941482938
831 18.855,73 1.251,45 8.324,22 552,48 2,10956941482938
832 18.855,73 1.251,45 8.324,22 552,48 2,10956941482938
833 18.855,73 1.251,45 8.324,22 552,48 2,10956941482938
834 18.855,73 1.251,45 8.324,22 552,48 2,10956941482938
835 18.855,73 1.251,45 8.324,22 552,48 2,10956941482938
836 18.855,73 1.251,45 8.324,22 552,48 2,10956941482938
837 18.855,73 1.251,45 8.324,22 552,48 2,10956941482938
838 18.855,73 1.251,45 8.324,22 552,48 2,10956941482938
839 18.855,73 1.251,45 8.324,22 552,48 2,10956941482938
840 18.855,73 1.251,45 8.324,22 552,48 -9,09110953786995
841 18.855,73 1.251,44 8.324,23 552,47 -9,09110953786995
842 18.855,73 1.251,44 8.247,87 547,41 -9,09110953786995
843 18.855,73 1.251,44 8.247,87 547,41 -9,09110953786995
844 18.855,73 1.251,44 8.247,87 547,41 -9,09110953786995
845 18.855,73 1.251,44 8.247,87 547,41 -9,09110953786995
846 18.855,73 1.251,44 8.247,87 547,41 -9,09110953786995
847 18.855,73 1.251,44 8.247,87 547,41 -9,09110953786995
848 18.855,73 1.251,44 8.247,87 547,41 -9,09110953786995
849 18.855,73 1.251,44 8.247,87 547,41 -9,09110953786995
850 18.855,73 1.251,44 8.247,87 547,41 -9,09110953786995
851 18.855,73 1.251,44 8.247,87 547,41 -9,09110953786995
852 18.855,73 1.251,44 8.247,87 547,41 -9,09110953786995
853 18.855,73 1.251,44 8.247,87 547,41 -9,09110953786995
854 18.855,73 1.251,44 8.247,87 547,41 -9,09110953786995
855 18.855,73 1.251,44 8.247,87 547,41 -9,09110953786995
856 18.855,73 1.251,44 8.247,87 547,41 -9,09110953786995
857 18.855,73 1.251,44 8.247,87 547,41 -9,09110953786995
858 18.855,73 1.251,44 8.247,87 547,41 -9,09110953786995
859 18.855,73 1.251,44 8.247,87 547,41 -9,09110953786995
860 18.855,73 1.251,44 8.247,87 547,41 -9,09110953786995
861 18.855,73 1.251,44 8.247,87 547,41 -9,09110953786995
862 18.855,73 1.251,44 8.247,87 547,41 -9,09110953786995
863 18.855,73 1.251,44 8.247,87 547,41 -9,09110953786995
864 18.855,73 1.251,44 8.247,87 547,41 -9,09110953786995
865 18.855,73 1.251,44 8.247,87 547,41 -9,09110953786995
866 18.855,73 1.251,44 8.247,87 547,41 -9,09110953786995
867 18.855,73 1.251,44 8.247,87 547,41 -9,09110953786995
868 18.855,73 1.251,44 8.247,87 547,41 -9,09110953786995
869 18.855,73 1.251,44 8.247,87 547,41 -9,09110953786995
870 18.855,73 1.251,44 8.247,87 547,41 -0,759394941240313
871 18.855,73 1.251,49 8.247,88 547,43 -0,759394941240313
872 18.855,73 1.251,56 8.170,37 542,31 -0,759394941240313
873 18.855,74 1.251,49 8.167,83 542,11 -0,759394941240313
874 18.855,74 1.251,49 8.165,25 541,94 -0,759394941240313
875 18.855,74 1.251,49 8.165,25 541,94 -0,759394941240313
876 18.855,74 1.251,56 8.165,26 541,97 -0,759394941240313
877 18.855,74 1.251,56 8.157,62 541,47 -0,759394941240313
878 18.855,74 1.251,56 8.157,62 541,47 -0,759394941240313
879 18.855,74 1.251,56 8.157,62 541,47 -0,759394941240313
880 18.855,74 1.251,56 8.157,62 541,47 -0,759394941240313
881 18.855,74 1.251,56 8.157,62 541,47 -0,759394941240313
882 18.855,74 1.251,56 8.157,62 541,47 -0,759394941240313
883 18.855,74 1.251,56 8.157,62 541,47 -0,759394941240313
884 18.855,74 1.251,56 8.157,62 541,47 -0,759394941240313
885 18.855,74 1.251,56 8.157,62 541,47 -0,759394941240313
886 18.855,74 1.251,56 8.157,62 541,47 -0,759394941240313
887 18.855,74 1.251,56 8.157,62 541,47 -0,759394941240313
888 18.855,74 1.251,56 8.157,62 541,47 -0,759394941240313
889 18.855,74 1.251,56 8.157,62 541,47 -0,759394941240313
890 18.855,74 1.251,56 8.157,62 541,47 -0,759394941240313
891 18.855,74 1.251,56 8.157,62 541,47 -0,759394941240313
892 18.855,74 1.251,56 8.157,62 541,47 -0,759394941240313
893 18.855,74 1.251,56 8.157,62 541,47 -0,759394941240313
894 18.855,74 1.251,56 8.157,62 541,47 -0,759394941240313
895 18.855,74 1.251,56 8.157,62 541,47 -0,759394941240313
896 18.855,74 1.251,56 8.157,62 541,47 -0,759394941240313
897 18.855,74 1.251,56 8.157,62 541,47 -0,759394941240313
898 18.855,74 1.251,56 8.157,62 541,47 -0,759394941240313
899 18.855,74 1.251,56 8.157,62 541,47 -0,759394941240313
900 18.855,74 1.251,56 8.157,62 541,47 -34,2552667388527
901 18.855,74 1.251,61 8.157,62 541,49 -34,2552667388527
902 18.855,74 1.251,61 8.094,33 537,29 -34,2552667388527
903 18.855,74 1.251,61 8.094,33 537,29 -34,2552667388527
904 18.855,74 1.251,61 8.094,33 537,29 -34,2552667388527
905 18.855,75 1.251,56 8.094,34 537,27 -34,2552667388527
906 18.855,75 1.251,60 8.084,28 536,61 -34,2552667388527
907 18.855,75 1.251,60 8.081,78 536,45 -34,2552667388527
908 18.855,75 1.251,60 8.081,78 536,45 -34,2552667388527
909 18.855,75 1.251,60 8.081,78 536,45 -34,2552667388527
910 18.855,75 1.251,60 8.081,78 536,45 -34,2552667388527
911 18.855,75 1.251,60 8.081,78 536,45 -34,2552667388527
912 18.855,75 1.251,60 8.081,78 536,45 -34,2552667388527
913 18.855,75 1.251,60 8.081,78 536,45 -34,2552667388527
914 18.855,75 1.251,60 8.081,78 536,45 -34,2552667388527
915 18.855,75 1.251,60 8.081,78 536,45 -34,2552667388527
916 18.855,75 1.251,60 8.081,78 536,45 -34,2552667388527
917 18.855,75 1.251,60 8.081,78 536,45 -34,2552667388527
918 18.855,75 1.251,60 8.081,78 536,45 -34,2552667388527
919 18.855,75 1.251,60 8.081,78 536,45 -34,2552667388527
920 18.855,75 1.251,60 8.081,78 536,45 -34,2552667388527
921 18.855,75 1.251,60 8.081,78 536,45 -34,2552667388527
922 18.855,75 1.251,60 8.081,78 536,45 -34,2552667388527
923 18.855,75 1.251,60 8.081,78 536,45 -34,2552667388527
924 18.855,75 1.251,60 8.081,78 536,45 -34,2552667388527
925 18.855,75 1.251,60 8.081,78 536,45 -34,2552667388527
926 18.855,75 1.251,60 8.081,78 536,45 -34,2552667388527
927 18.855,75 1.251,60 8.081,78 536,45 -34,2552667388527
928 18.855,75 1.251,60 8.081,78 536,45 -34,2552667388527
929 18.855,75 1.251,60 8.081,78 536,45 -34,2552667388527
930 18.855,75 1.251,60 8.081,78 536,45 -8,27688167047022
931 18.855,76 1.251,51 8.081,78 536,41 -8,27688167047022
932 18.855,76 1.251,51 8.019,60 532,28 -8,27688167047022
933 18.855,76 1.251,51 8.019,60 532,28 -8,27688167047022
934 18.855,76 1.251,51 8.019,60 532,28 -8,27688167047022
935 18.855,76 1.251,51 8.019,60 532,28 -8,27688167047022
936 18.855,76 1.251,51 8.019,60 532,28 -8,27688167047022
937 18.855,76 1.251,51 8.019,60 532,28 -8,27688167047022
938 18.855,76 1.251,51 8.019,60 532,28 -8,27688167047022
939 18.855,76 1.251,51 8.019,60 532,28 -8,27688167047022
940 18.855,76 1.251,51 8.019,60 532,28 -8,27688167047022
941 18.855,76 1.251,51 8.019,60 532,28 -8,27688167047022
942 18.855,76 1.251,51 8.019,60 532,28 -8,27688167047022
943 18.855,76 1.251,51 8.019,60 532,28 -8,27688167047022
944 18.855,76 1.251,51 8.019,60 532,28 -8,27688167047022
945 18.855,76 1.251,51 8.019,60 532,28 -8,27688167047022
946 18.855,76 1.251,51 8.019,60 532,28 -8,27688167047022
947 18.855,76 1.251,51 8.019,60 532,28 -8,27688167047022
948 18.855,76 1.251,51 8.019,60 532,28 -8,27688167047022
949 18.855,76 1.251,51 8.019,60 532,28 -8,27688167047022
950 18.855,76 1.251,51 8.019,60 532,28 -8,27688167047022
951 18.855,76 1.251,51 8.019,60 532,28 -8,27688167047022
952 18.855,76 1.251,51 8.019,60 532,28 -8,27688167047022
953 18.855,76 1.251,51 8.019,60 532,28 -8,27688167047022
954 18.855,76 1.251,51 8.019,60 532,28 -8,27688167047022
955 18.855,76 1.251,51 8.019,60 532,28 -8,27688167047022
956 18.855,76 1.251,51 8.019,60 532,28 -8,27688167047022
957 18.855,76 1.251,51 8.019,60 532,28 -8,27688167047022
958 18.855,76 1.251,51 8.019,60 532,28 -8,27688167047022
959 18.855,76 1.251,51 8.019,60 532,28 -8,27688167047022
960 18.855,76 1.251,51 8.019,60 532,28 3,02176755299864
961 18.855,76 1.251,51 8.019,60 532,28 3,02176755299864
962 18.855,76 1.251,51 8.019,60 532,28 3,02176755299864
963 18.855,76 1.251,51 8.019,60 532,28 3,02176755299864
964 18.855,76 1.251,51 8.019,60 532,28 3,02176755299864
965 18.855,76 1.251,51 8.019,60 532,28 3,02176755299864
966 18.855,76 1.251,51 8.019,60 532,28 3,02176755299864
967 18.855,76 1.251,51 8.019,60 532,28 3,02176755299864
968 18.855,76 1.251,51 8.019,60 532,28 3,02176755299864
969 18.855,76 1.251,51 8.019,60 532,28 3,02176755299864
970 18.855,76 1.251,51 8.019,60 532,28 3,02176755299864
971 18.855,76 1.251,51 8.019,60 532,28 3,02176755299864
972 18.855,76 1.251,51 8.019,60 532,28 3,02176755299864
973 18.855,76 1.251,51 8.019,60 532,28 3,02176755299864
974 18.855,76 1.251,51 8.019,60 532,28 3,02176755299864
975 18.855,76 1.251,51 8.019,60 532,28 3,02176755299864
976 18.855,76 1.251,51 8.019,60 532,28 3,02176755299864
977 18.855,76 1.251,51 8.019,60 532,28 3,02176755299864
978 18.855,76 1.251,51 8.019,60 532,28 3,02176755299864
979 18.855,76 1.251,51 8.019,60 532,28 3,02176755299864
980 18.855,76 1.251,51 8.019,60 532,28 3,02176755299864
981 18.855,76 1.251,51 8.019,60 532,28 3,02176755299864
982 18.855,76 1.251,51 8.019,60 532,28 3,02176755299864
983 18.855,76 1.251,51 8.019,60 532,28 3,02176755299864
984 18.855,76 1.251,51 8.019,60 532,28 3,02176755299864
985 18.855,76 1.251,51 8.019,60 532,28 3,02176755299864
986 18.855,76 1.251,51 8.019,60 532,28 3,02176755299864
987 18.855,76 1.251,51 8.019,60 532,28 3,02176755299864
988 18.855,76 1.251,51 8.019,60 532,28 3,02176755299864
989 18.855,76 1.251,51 8.019,60 532,28 3,02176755299864
990 18.855,76 1.251,51 8.019,60 532,28 -0,92807949283222
991 18.855,76 1.251,51 8.019,60 532,28 -0,92807949283222
992 18.855,76 1.251,51 8.019,61 532,28 -0,92807949283222
993 18.855,76 1.251,51 8.019,61 532,28 -0,92807949283222
994 18.855,76 1.251,51 8.019,61 532,28 -0,92807949283222
995 18.855,76 1.251,51 8.019,61 532,28 -0,92807949283222
996 18.855,76 1.251,51 8.019,61 532,28 -0,92807949283222
997 18.855,76 1.251,51 8.019,61 532,28 -0,92807949283222
998 18.855,76 1.251,51 8.019,61 532,28 -0,92807949283222
999 18.855,76 1.251,51 8.019,61 532,28 -0,92807949283222
