1000
0 419,72 0,00 419,72 0,00 0
1 803,86 -209,32 803,86 -209,32 0
2 827,67 -330,56 898,71 -358,94 0
3 833,26 -358,45 936,11 -402,70 0
4 836,25 -378,33 941,63 -426,00 0
5 840,71 -393,54 945,06 -442,39 0
6 840,71 -393,54 946,37 -443,01 0
7 840,71 -393,54 947,65 -443,60 0
8 840,71 -393,54 947,65 -443,60 0
9 840,71 -393,54 947,65 -443,60 0
10 840,71 -393,54 947,65 -443,60 0
11 840,71 -393,54 947,65 -443,60 0
12 840,71 -393,54 947,65 -443,60 0
13 840,71 -393,54 947,65 -443,60 0
14 840,71 -393,54 947,65 -443,60 0
15 840,71 -393,54 947,65 -443,60 0
16 840,71 -393,54 947,65 -443,60 0
17 840,71 -393,54 947,65 -443,60 0
18 840,71 -393,54 947,65 -443,60 0
19 840,71 -393,54 947,65 -443,60 0
20 840,71 -393,54 947,65 -443,60 0
21 840,71 -393,54 947,65 -443,60 0
22 840,71 -393,54 947,65 -443,60 0
23 840,71 -393,54 947,65 -443,60 0
24 840,71 -393,54 947,65 -443,60 0
25 840,71 -393,54 947,65 -443,60 0
26 840,71 -393,54 947,65 -443,60 0
27 840,71 -393,54 947,65 -443,60 0
28 840,71 -393,54 947,65 -443,60 0
29 840,71 -393,54 947,65 -443,60 0
30 840,71 -393,54 947,65 -443,60 -94,1428818560244
31 1.552,04 -893,61 1.749,46 -1.007,28 -94,1428818560244
32 2.508,13 3.343,89 2.617,55 3.489,76 -94,1428818560244
33 3.554,70 4.145,28 4.805,46 5.603,85 -94,1428818560244
34 3.988,06 4.978,35 5.346,38 6.673,95 -94,1428818560244
35 4.316,22 4.762,16 6.266,96 6.914,44 -94,1428818560244
36 4.447,17 4.589,94 6.116,28 6.312,65 -94,1428818560244
37 4.589,99 4.996,05 6.288,86 6.845,21 -94,1428818560244
38 4.728,92 4.871,80 6.811,69 7.017,50 -94,1428818560244
39 4.773,12 5.135,14 6.689,23 7.196,57 -94,1428818560244
40 4.870,73 5.013,73 6.929,24 7.132,67 -94,1428818560244
41 4.906,75 5.229,39 6.992,89 7.452,70 -94,1428818560244
42 4.919,58 5.063,16 7.199,41 7.409,52 -94,1428818560244
43 4.944,61 5.088,37 6.966,89 7.169,44 -94,1428818560244
44 4.944,65 5.087,42 7.141,75 7.347,96 -94,1428818560244
45 4.944,73 5.085,53 7.141,39 7.344,74 -94,1428818560244
46 4.944,73 5.085,53 7.140,44 7.343,76 -94,1428818560244
47 4.944,73 5.085,53 7.140,44 7.343,76 -94,1428818560244
48 4.944,73 5.085,53 7.140,44 7.343,76 -94,1428818560244
49 4.944,73 5.085,53 7.140,44 7.343,76 -94,1428818560244
50 4.944,73 5.085,53 7.140,44 7.343,76 -94,1428818560244
51 4.944,73 5.085,53 7.140,44 7.343,76 -94,1428818560244
52 4.944,73 5.085,53 7.140,44 7.343,76 -94,1428818560244
53 4.944,73 5.085,53 7.140,44 7.343,76 -94,1428818560244
54 4.944,73 5.085,53 7.140,44 7.343,76 -94,1428818560244
55 4.944,73 5.085,53 7.140,44 7.343,76 -94,1428818560244
56 4.944,73 5.085,53 7.140,44 7.343,76 -94,1428818560244
57 4.944,73 5.085,53 7.140,44 7.343,76 -94,1428818560244
58 4.944,73 5.085,53 7.140,44 7.343,76 -94,1428818560244
59 4.944,73 5.085,53 7.140,44 7.343,76 -94,1428818560244
60 4.944,73 5.085,53 7.140,44 7.343,76 -13,4605869539285
61 4.944,73 5.085,53 7.140,44 7.343,76 -13,4605869539285
62 4.944,75 5.085,26 7.140,94 7.343,86 -13,4605869539285
63 4.944,65 5.087,04 7.140,69 7.346,33 -13,4605869539285
64 4.944,61 5.087,68 7.141,54 7.348,18 -13,4605869539285
65 4.944,61 5.087,68 7.141,87 7.348,51 -13,4605869539285
66 4.944,61 5.087,68 7.140,40 7.347,01 -13,4605869539285
67 4.944,61 5.087,68 7.141,20 7.347,82 -13,4605869539285
68 4.944,61 5.087,68 7.141,91 7.348,56 -13,4605869539285
69 4.944,61 5.087,68 7.141,91 7.348,56 -13,4605869539285
70 4.944,61 5.087,68 7.141,91 7.348,56 -13,4605869539285
71 4.944,61 5.087,68 7.141,91 7.348,56 -13,4605869539285
72 4.944,61 5.087,68 7.141,91 7.348,56 -13,4605869539285
73 4.944,61 5.087,68 7.141,91 7.348,56 -13,4605869539285
74 4.944,61 5.087,68 7.141,91 7.348,56 -13,4605869539285
75 4.944,61 5.087,68 7.141,91 7.348,56 -13,4605869539285
76 4.944,61 5.087,68 7.141,91 7.348,56 -13,4605869539285
77 4.944,61 5.087,68 7.141,91 7.348,56 -13,4605869539285
78 4.944,61 5.087,68 7.141,91 7.348,56 -13,4605869539285
79 4.944,61 5.087,68 7.141,91 7.348,56 -13,4605869539285
80 4.944,61 5.087,68 7.141,91 7.348,56 -13,4605869539285
81 4.944,61 5.087,68 7.141,91 7.348,56 -13,4605869539285
82 4.944,61 5.087,68 7.141,91 7.348,56 -13,4605869539285
83 4.944,61 5.087,68 7.141,91 7.348,56 -13,4605869539285
84 4.944,61 5.087,68 7.141,91 7.348,56 -13,4605869539285
85 4.944,61 5.087,68 7.141,91 7.348,56 -13,4605869539285
86 4.944,61 5.087,68 7.141,91 7.348,56 -13,4605869539285
87 4.944,61 5.087,68 7.141,91 7.348,56 -13,4605869539285
88 4.944,61 5.087,68 7.141,91 7.348,56 -13,4605869539285
89 4.944,61 5.087,68 7.141,91 7.348,56 -13,4605869539285
90 4.944,61 5.087,68 7.141,91 7.348,56 -62,220221077346
91 4.945,20 5.085,10 7.142,77 7.344,83 -62,220221077346
92 4.945,47 5.084,09 7.141,44 7.341,61 -62,220221077346
93 4.945,80 5.083,91 7.141,10 7.340,52 -62,220221077346
94 4.945,80 5.083,91 7.141,97 7.341,41 -62,220221077346
95 4.945,80 5.083,91 7.141,69 7.341,12 -62,220221077346
96 4.945,81 5.084,11 7.142,04 7.341,75 -62,220221077346
97 4.945,90 5.084,38 7.142,28 7.342,25 -62,220221077346
98 4.945,90 5.084,38 7.142,41 7.342,39 -62,220221077346
99 4.945,87 5.085,00 7.142,37 7.343,28 -62,220221077346
100 4.945,88 5.084,48 7.142,69 7.342,86 -62,220221077346
101 4.945,88 5.084,48 7.142,43 7.342,59 -62,220221077346
102 4.945,88 5.084,48 7.142,43 7.342,59 -62,220221077346
103 4.945,88 5.084,48 7.142,43 7.342,59 -62,220221077346
104 4.945,88 5.084,48 7.142,43 7.342,59 -62,220221077346
105 4.945,88 5.084,48 7.142,43 7.342,59 -62,220221077346
106 4.945,88 5.084,48 7.142,43 7.342,59 -62,220221077346
107 4.945,88 5.084,48 7.142,43 7.342,59 -62,220221077346
108 4.945,88 5.084,48 7.142,43 7.342,59 -62,220221077346
109 4.945,89 5.084,11 7.142,45 7.342,05 -62,220221077346
110 4.945,89 5.084,11 7.142,26 7.341,86 -62,220221077346
111 4.945,89 5.084,11 7.142,26 7.341,86 -62,220221077346
112 4.945,89 5.084,11 7.142,26 7.341,86 -62,220221077346
113 4.945,89 5.084,11 7.142,26 7.341,86 -62,220221077346
114 4.945,89 5.084,11 7.142,26 7.341,86 -62,220221077346
115 4.945,89 5.084,11 7.142,26 7.341,86 -62,220221077346
116 4.945,89 5.084,11 7.142,26 7.341,86 -62,220221077346
117 4.945,89 5.084,11 7.142,26 7.341,86 -62,220221077346
118 4.945,89 5.084,11 7.142,26 7.341,86 -62,220221077346
119 4.945,89 5.084,11 7.142,26 7.341,86 -62,220221077346
120 4.945,89 5.084,11 7.142,26 7.341,86 3,59462058408849
121 4.945,91 5.084,18 7.142,28 7.341,96 3,59462058408849
122 4.945,92 5.083,85 7.142,58 7.341,78 3,59462058408849
123 4.945,92 5.083,85 7.142,42 7.341,61 3,59462058408849
124 4.945,92 5.083,85 7.142,42 7.341,61 3,59462058408849
125 4.945,92 5.083,85 7.142,42 7.341,61 3,59462058408849
126 4.945,92 5.083,85 7.142,42 7.341,61 3,59462058408849
127 4.945,92 5.083,85 7.142,42 7.341,61 3,59462058408849
128 4.945,92 5.083,85 7.142,42 7.341,61 3,59462058408849
129 4.945,92 5.083,85 7.142,42 7.341,61 3,59462058408849
130 4.945,92 5.083,85 7.142,42 7.341,61 3,59462058408849
131 4.945,92 5.083,85 7.142,42 7.341,61 3,59462058408849
132 4.945,92 5.083,85 7.142,42 7.341,61 3,59462058408849
133 4.945,92 5.083,85 7.142,42 7.341,61 3,59462058408849
134 4.945,92 5.083,85 7.142,42 7.341,61 3,59462058408849
135 4.945,92 5.083,85 7.142,42 7.341,61 3,59462058408849
136 4.945,92 5.083,85 7.142,42 7.341,61 3,59462058408849
137 4.945,92 5.083,85 7.142,42 7.341,61 3,59462058408849
138 4.945,92 5.083,85 7.142,42 7.341,61 3,59462058408849
139 4.945,92 5.083,85 7.142,42 7.341,61 3,59462058408849
140 4.945,93 5.083,72 7.142,43 7.341,41 3,59462058408849
141 4.945,93 5.083,72 7.142,36 7.341,34 3,59462058408849
142 4.945,93 5.083,72 7.142,36 7.341,34 3,59462058408849
143 4.945,93 5.083,72 7.142,36 7.341,34 3,59462058408849
144 4.945,93 5.083,72 7.142,36 7.341,34 3,59462058408849
145 4.945,93 5.083,72 7.142,36 7.341,34 3,59462058408849
146 4.945,93 5.083,72 7.142,36 7.341,34 3,59462058408849
147 4.945,93 5.083,72 7.142,36 7.341,34 3,59462058408849
148 4.945,93 5.083,72 7.142,36 7.341,34 3,59462058408849
149 4.945,93 5.083,72 7.142,36 7.341,34 3,59462058408849
150 4.945,93 5.083,72 7.142,36 7.341,34 19,2306407009533
151 4.945,97 5.083,49 7.142,42 7.341,01 19,2306407009533
152 4.945,96 5.083,64 7.142,14 7.340,95 19,2306407009533
153 4.945,95 5.083,98 7.142,27 7.341,60 19,2306407009533
154 4.946,00 5.083,73 7.142,32 7.341,21 19,2306407009533
155 4.946,00 5.083,73 7.142,48 7.341,37 19,2306407009533
156 4.946,00 5.083,73 7.142,30 7.341,19 19,2306407009533
157 4.946,00 5.083,73 7.142,30 7.341,19 19,2306407009533
158 4.946,00 5.083,73 7.142,30 7.341,19 19,2306407009533
159 4.946,00 5.083,73 7.142,30 7.341,19 19,2306407009533
160 4.946,00 5.083,73 7.142,30 7.341,19 19,2306407009533
161 4.946,00 5.083,73 7.142,30 7.341,19 19,2306407009533
162 4.946,00 5.083,73 7.142,42 7.341,32 19,2306407009533
163 4.946,00 5.083,73 7.142,42 7.341,32 19,2306407009533
164 4.946,00 5.083,73 7.142,42 7.341,32 19,2306407009533
165 4.946,00 5.083,73 7.142,42 7.341,32 19,2306407009533
166 4.946,00 5.083,73 7.142,42 7.341,32 19,2306407009533
167 4.946,00 5.083,73 7.142,42 7.341,32 19,2306407009533
168 4.946,00 5.083,73 7.142,42 7.341,32 19,2306407009533
169 4.946,00 5.083,73 7.142,42 7.341,32 19,2306407009533
170 4.946,00 5.083,73 7.142,42 7.341,32 19,2306407009533
171 4.946,00 5.083,73 7.142,42 7.341,32 19,2306407009533
172 4.946,00 5.083,73 7.142,42 7.341,32 19,2306407009533
173 4.946,00 5.083,73 7.142,42 7.341,32 19,2306407009533
174 4.946,00 5.083,73 7.142,42 7.341,32 19,2306407009533
175 4.946,00 5.083,73 7.142,42 7.341,32 19,2306407009533
176 4.946,00 5.083,73 7.142,42 7.341,32 19,2306407009533
177 4.946,00 5.083,73 7.142,42 7.341,32 19,2306407009533
178 4.946,00 5.083,73 7.142,42 7.341,32 19,2306407009533
179 4.946,00 5.083,73 7.142,42 7.341,32 19,2306407009533
180 4.946,00 5.083,73 7.142,42 7.341,32 32,6138536072924
181 4.946,02 5.083,60 7.142,45 7.341,13 32,6138536072924
182 4.946,02 5.083,60 7.142,38 7.341,07 32,6138536072924
183 4.946,02 5.083,60 7.142,38 7.341,07 32,6138536072924
184 4.946,02 5.083,60 7.142,38 7.341,07 32,6138536072924
185 4.946,02 5.083,60 7.142,38 7.341,07 32,6138536072924
186 4.946,02 5.083,60 7.142,38 7.341,07 32,6138536072924
187 4.946,02 5.083,60 7.142,38 7.341,07 32,6138536072924
188 4.946,02 5.083,60 7.142,38 7.341,07 32,6138536072924
189 4.946,02 5.083,60 7.142,38 7.341,07 32,6138536072924
190 4.946,02 5.083,60 7.142,38 7.341,07 32,6138536072924
191 4.946,02 5.083,60 7.142,38 7.341,07 32,6138536072924
192 4.946,02 5.083,60 7.142,38 7.341,07 32,6138536072924
193 4.946,02 5.083,60 7.142,38 7.341,07 32,6138536072924
194 4.946,02 5.083,60 7.142,38 7.341,07 32,6138536072924
195 4.946,02 5.083,60 7.142,41 7.341,09 32,6138536072924
196 4.946,02 5.083,60 7.142,41 7.341,09 32,6138536072924
197 4.946,02 5.083,60 7.142,41 7.341,09 32,6138536072924
198 4.946,02 5.083,60 7.142,41 7.341,09 32,6138536072924
199 4.946,02 5.083,60 7.142,41 7.341,09 32,6138536072924
200 4.946,02 5.083,60 7.142,41 7.341,09 32,6138536072924
201 4.946,02 5.083,60 7.142,41 7.341,09 32,6138536072924
202 4.946,02 5.083,60 7.142,41 7.341,09 32,6138536072924
203 4.946,02 5.083,60 7.142,41 7.341,09 32,6138536072924
204 4.946,02 5.083,60 7.142,41 7.341,09 32,6138536072924
205 4.946,02 5.083,60 7.142,41 7.341,09 32,6138536072924
206 4.946,02 5.083,60 7.142,41 7.341,09 32,6138536072924
207 4.946,02 5.083,60 7.142,41 7.341,09 32,6138536072924
208 4.946,02 5.083,60 7.142,41 7.341,09 32,6138536072924
209 4.946,02 5.083,60 7.142,41 7.341,09 32,6138536072924
210 4.946,02 5.083,60 7.142,41 7.341,09 -50,2946618131942
211 4.946,05 5.083,52 7.142,45 7.340,98 -50,2946618131942
212 4.946,05 5.083,68 7.142,39 7.341,15 -50,2946618131942
213 4.946,07 5.083,56 7.142,15 7.340,68 -50,2946618131942
214 4.946,07 5.083,56 7.142,26 7.340,80 -50,2946618131942
215 4.946,07 5.083,56 7.142,26 7.340,80 -50,2946618131942
216 4.946,07 5.083,56 7.142,26 7.340,80 -50,2946618131942
217 4.946,07 5.083,56 7.142,26 7.340,80 -50,2946618131942
218 4.946,07 5.083,56 7.142,26 7.340,80 -50,2946618131942
219 4.946,07 5.083,56 7.142,26 7.340,80 -50,2946618131942
220 4.946,07 5.083,56 7.142,26 7.340,80 -50,2946618131942
221 4.946,07 5.083,56 7.142,26 7.340,80 -50,2946618131942
222 4.946,07 5.083,56 7.142,26 7.340,80 -50,2946618131942
223 4.946,07 5.083,56 7.142,26 7.340,80 -50,2946618131942
224 4.946,07 5.083,56 7.142,26 7.340,80 -50,2946618131942
225 4.946,07 5.083,56 7.142,26 7.340,80 -50,2946618131942
226 4.946,07 5.083,56 7.142,26 7.340,80 -50,2946618131942
227 4.946,07 5.083,56 7.142,26 7.340,80 -50,2946618131942
228 4.946,07 5.083,56 7.142,26 7.340,80 -50,2946618131942
229 4.946,07 5.083,56 7.142,26 7.340,80 -50,2946618131942
230 4.946,07 5.083,56 7.142,26 7.340,80 -50,2946618131942
231 4.946,07 5.083,56 7.142,26 7.340,80 -50,2946618131942
232 4.946,07 5.083,56 7.142,26 7.340,80 -50,2946618131942
233 4.946,07 5.083,56 7.142,26 7.340,80 -50,2946618131942
234 4.946,07 5.083,56 7.142,26 7.340,80 -50,2946618131942
235 4.946,07 5.083,56 7.142,26 7.340,80 -50,2946618131942
236 4.946,07 5.083,56 7.142,26 7.340,80 -50,2946618131942
237 4.946,07 5.083,56 7.142,26 7.340,80 -50,2946618131942
238 4.946,07 5.083,56 7.142,26 7.340,80 -50,2946618131942
239 4.946,07 5.083,56 7.142,26 7.340,80 -50,2946618131942
240 4.946,07 5.083,56 7.142,26 7.340,80 13,7785047650356
241 4.946,09 5.083,55 7.142,28 7.340,78 13,7785047650356
242 4.946,09 5.083,55 7.142,37 7.340,87 13,7785047650356
243 4.946,09 5.083,55 7.142,37 7.340,87 13,7785047650356
244 4.946,09 5.083,55 7.142,37 7.340,87 13,7785047650356
245 4.946,09 5.083,55 7.142,31 7.340,81 13,7785047650356
246 4.946,09 5.083,55 7.142,31 7.340,81 13,7785047650356
247 4.946,09 5.083,55 7.142,31 7.340,81 13,7785047650356
248 4.946,09 5.083,55 7.142,31 7.340,81 13,7785047650356
249 4.946,09 5.083,55 7.142,31 7.340,81 13,7785047650356
250 4.946,09 5.083,55 7.142,31 7.340,81 13,7785047650356
251 4.946,09 5.083,55 7.142,31 7.340,81 13,7785047650356
252 4.946,09 5.083,55 7.142,31 7.340,81 13,7785047650356
253 4.946,09 5.083,55 7.142,31 7.340,81 13,7785047650356
254 4.946,09 5.083,55 7.142,31 7.340,81 13,7785047650356
255 4.946,09 5.083,55 7.142,31 7.340,81 13,7785047650356
256 4.946,09 5.083,55 7.142,31 7.340,81 13,7785047650356
257 4.946,09 5.083,55 7.142,31 7.340,81 13,7785047650356
258 4.946,09 5.083,55 7.142,31 7.340,81 13,7785047650356
259 4.946,09 5.083,55 7.142,31 7.340,81 13,7785047650356
260 4.946,09 5.083,55 7.142,31 7.340,81 13,7785047650356
261 4.946,09 5.083,55 7.142,31 7.340,81 13,7785047650356
262 4.946,09 5.083,55 7.142,31 7.340,81 13,7785047650356
263 4.946,09 5.083,55 7.142,31 7.340,81 13,7785047650356
264 4.946,09 5.083,55 7.142,31 7.340,81 13,7785047650356
265 4.946,09 5.083,55 7.142,31 7.340,81 13,7785047650356
266 4.946,09 5.083,55 7.142,31 7.340,81 13,7785047650356
267 4.946,09 5.083,55 7.142,31 7.340,81 13,7785047650356
268 4.946,09 5.083,55 7.142,31 7.340,81 13,7785047650356
269 4.946,09 5.083,55 7.142,31 7.340,81 13,7785047650356
270 4.946,09 5.083,55 7.142,31 7.340,81 -19,8132118020959
271 4.946,09 5.083,55 7.142,32 7.340,82 -19,8132118020959
272 4.946,09 5.083,52 7.142,33 7.340,77 -19,8132118020959
273 4.946,09 5.083,52 7.142,27 7.340,71 -19,8132118020959
274 4.946,09 5.083,52 7.142,16 7.340,60 -19,8132118020959
275 4.946,09 5.083,52 7.142,16 7.340,60 -19,8132118020959
276 4.946,09 5.083,52 7.142,16 7.340,60 -19,8132118020959
277 4.946,09 5.083,52 7.142,16 7.340,60 -19,8132118020959
278 4.946,09 5.083,52 7.142,16 7.340,60 -19,8132118020959
279 4.946,09 5.083,52 7.142,16 7.340,60 -19,8132118020959
280 4.946,09 5.083,52 7.142,16 7.340,60 -19,8132118020959
281 4.946,09 5.083,52 7.142,16 7.340,60 -19,8132118020959
282 4.946,09 5.083,52 7.142,16 7.340,60 -19,8132118020959
283 4.946,09 5.083,52 7.142,16 7.340,60 -19,8132118020959
284 4.946,09 5.083,52 7.142,16 7.340,60 -19,8132118020959
285 4.946,09 5.083,52 7.142,16 7.340,60 -19,8132118020959
286 4.946,09 5.083,52 7.142,16 7.340,60 -19,8132118020959
287 4.946,09 5.083,52 7.142,16 7.340,60 -19,8132118020959
288 4.946,09 5.083,52 7.142,16 7.340,60 -19,8132118020959
289 4.946,09 5.083,52 7.142,16 7.340,60 -19,8132118020959
290 4.946,09 5.083,52 7.142,16 7.340,60 -19,8132118020959
291 4.946,09 5.083,52 7.142,16 7.340,60 -19,8132118020959
292 4.946,09 5.083,52 7.142,16 7.340,60 -19,8132118020959
293 4.946,09 5.083,52 7.142,16 7.340,60 -19,8132118020959
294 4.946,09 5.083,52 7.142,16 7.340,60 -19,8132118020959
295 4.946,09 5.083,52 7.142,16 7.340,60 -19,8132118020959
296 4.946,09 5.083,52 7.142,16 7.340,60 -19,8132118020959
297 4.946,09 5.083,52 7.142,16 7.340,60 -19,8132118020959
298 4.946,09 5.083,52 7.142,16 7.340,60 -19,8132118020959
299 4.946,09 5.083,52 7.142,16 7.340,60 -19,8132118020959
300 4.946,09 5.083,52 7.142,16 7.340,60 25,2648090183425
301 4.946,09 5.083,52 7.142,16 7.340,60 25,2648090183425
302 4.946,09 5.083,52 7.142,32 7.340,77 25,2648090183425
303 4.946,09 5.083,52 7.142,32 7.340,77 25,2648090183425
304 4.946,09 5.083,52 7.142,32 7.340,77 25,2648090183425
305 4.946,09 5.083,52 7.142,32 7.340,77 25,2648090183425
306 4.946,09 5.083,52 7.142,32 7.340,77 25,2648090183425
307 4.946,09 5.083,52 7.142,35 7.340,80 25,2648090183425
308 4.946,09 5.083,52 7.142,35 7.340,80 25,2648090183425
309 4.946,09 5.083,52 7.142,35 7.340,80 25,2648090183425
310 4.946,09 5.083,52 7.142,35 7.340,80 25,2648090183425
311 4.946,09 5.083,52 7.142,35 7.340,80 25,2648090183425
312 4.946,09 5.083,52 7.142,35 7.340,80 25,2648090183425
313 4.946,09 5.083,52 7.142,35 7.340,80 25,2648090183425
314 4.946,09 5.083,52 7.142,35 7.340,80 25,2648090183425
315 4.946,09 5.083,52 7.142,35 7.340,80 25,2648090183425
316 4.946,09 5.083,52 7.142,35 7.340,80 25,2648090183425
317 4.946,09 5.083,52 7.142,35 7.340,80 25,2648090183425
318 4.946,09 5.083,52 7.142,35 7.340,80 25,2648090183425
319 4.946,09 5.083,52 7.142,35 7.340,80 25,2648090183425
320 4.946,09 5.083,52 7.142,35 7.340,80 25,2648090183425
321 4.946,09 5.083,52 7.142,35 7.340,80 25,2648090183425
322 4.946,09 5.083,52 7.142,35 7.340,80 25,2648090183425
323 4.946,09 5.083,52 7.142,35 7.340,80 25,2648090183425
324 4.946,09 5.083,52 7.142,35 7.340,80 25,2648090183425
325 4.946,09 5.083,52 7.142,35 7.340,80 25,2648090183425
326 4.946,09 5.083,52 7.142,35 7.340,80 25,2648090183425
327 4.946,09 5.083,52 7.142,35 7.340,80 25,2648090183425
328 4.946,09 5.083,52 7.142,35 7.340,80 25,2648090183425
329 4.946,09 5.083,52 7.142,35 7.340,80 25,2648090183425
330 4.946,09 5.083,52 7.142,35 7.340,80 -44,9513026290652
331 4.946,10 5.083,53 7.142,36 7.340,81 -44,9513026290652
332 4.946,10 5.083,53 7.142,32 7.340,77 -44,9513026290652
333 4.946,10 5.083,53 7.142,24 7.340,69 -44,9513026290652
334 4.946,10 5.083,53 7.142,35 7.340,80 -44,9513026290652
335 4.946,10 5.083,53 7.142,35 7.340,80 -44,9513026290652
336 4.946,10 5.083,53 7.142,35 7.340,80 -44,9513026290652
337 4.946,10 5.083,53 7.142,35 7.340,80 -44,9513026290652
338 4.946,10 5.083,53 7.142,35 7.340,80 -44,9513026290652
339 4.946,10 5.083,53 7.142,35 7.340,80 -44,9513026290652
340 4.946,10 5.083,53 7.142,35 7.340,80 -44,9513026290652
341 4.946,10 5.083,53 7.142,35 7.340,80 -44,9513026290652
342 4.946,10 5.083,53 7.142,35 7.340,80 -44,9513026290652
343 4.946,10 5.083,53 7.142,35 7.340,80 -44,9513026290652
344 4.946,10 5.083,53 7.142,35 7.340,80 -44,9513026290652
345 4.946,10 5.083,53 7.142,35 7.340,80 -44,9513026290652
346 4.946,10 5.083,53 7.142,35 7.340,80 -44,9513026290652
347 4.946,10 5.083,53 7.142,35 7.340,80 -44,9513026290652
348 4.946,10 5.083,53 7.142,35 7.340,80 -44,9513026290652
349 4.946,10 5.083,53 7.142,35 7.340,80 -44,9513026290652
350 4.946,10 5.083,53 7.142,35 7.340,80 -44,9513026290652
351 4.946,10 5.083,53 7.142,35 7.340,80 -44,9513026290652
352 4.946,10 5.083,53 7.142,35 7.340,80 -44,9513026290652
353 4.946,10 5.083,53 7.142,35 7.340,80 -44,9513026290652
354 4.946,10 5.083,53 7.142,35 7.340,80 -44,9513026290652
355 4.946,10 5.083,53 7.142,35 7.340,80 -44,9513026290652
356 4.946,10 5.083,53 7.142,35 7.340,80 -44,9513026290652
357 4.946,10 5.083,53 7.142,35 7.340,80 -44,9513026290652
358 4.946,10 5.083,53 7.142,35 7.340,80 -44,9513026290652
359 4.946,10 5.083,53 7.142,35 7.340,80 -44,9513026290652
360 4.946,10 5.083,53 7.142,35 7.340,80 5,39847871316449
361 4.946,10 5.083,53 7.142,35 7.340,80 5,39847871316449
362 4.946,10 5.083,53 7.142,35 7.340,80 5,39847871316449
363 4.946,10 5.083,53 7.142,35 7.340,80 5,39847871316449
364 4.946,10 5.083,53 7.142,35 7.340,80 5,39847871316449
365 4.946,10 5.083,53 7.142,35 7.340,80 5,39847871316449
366 4.946,10 5.083,53 7.142,35 7.340,80 5,39847871316449
367 4.946,10 5.083,53 7.142,35 7.340,80 5,39847871316449
368 4.946,10 5.083,53 7.142,35 7.340,80 5,39847871316449
369 4.946,10 5.083,53 7.142,35 7.340,80 5,39847871316449
370 4.946,10 5.083,53 7.142,35 7.340,80 5,39847871316449
371 4.946,10 5.083,53 7.142,35 7.340,80 5,39847871316449
372 4.946,10 5.083,53 7.142,35 7.340,80 5,39847871316449
373 4.946,10 5.083,53 7.142,35 7.340,80 5,39847871316449
374 4.946,10 5.083,53 7.142,35 7.340,80 5,39847871316449
375 4.946,10 5.083,53 7.142,35 7.340,80 5,39847871316449
376 4.946,10 5.083,53 7.142,35 7.340,80 5,39847871316449
377 4.946,10 5.083,53 7.142,35 7.340,80 5,39847871316449
378 4.946,10 5.083,53 7.142,35 7.340,80 5,39847871316449
379 4.946,10 5.083,53 7.142,35 7.340,80 5,39847871316449
380 4.946,10 5.083,53 7.142,35 7.340,80 5,39847871316449
381 4.946,10 5.083,53 7.142,35 7.340,80 5,39847871316449
382 4.946,10 5.083,53 7.142,35 7.340,80 5,39847871316449
383 4.946,10 5.083,53 7.142,35 7.340,80 5,39847871316449
384 4.946,10 5.083,53 7.142,35 7.340,80 5,39847871316449
385 4.946,10 5.083,53 7.142,35 7.340,80 5,39847871316449
386 4.946,10 5.083,53 7.142,35 7.340,80 5,39847871316449
387 4.946,10 5.083,53 7.142,35 7.340,80 5,39847871316449
388 4.946,10 5.083,53 7.142,35 7.340,80 5,39847871316449
389 4.946,10 5.083,53 7.142,35 7.340,80 5,39847871316449
390 4.946,10 5.083,53 7.142,35 7.340,80 -49,2857353144522
391 4.946,12 5.083,52 7.142,38 7.340,79 -49,2857353144522
392 4.946,12 5.083,52 7.142,30 7.340,71 -49,2857353144522
393 4.946,12 5.083,52 7.142,35 7.340,76 -49,2857353144522
394 4.946,12 5.083,52 7.142,34 7.340,75 -49,2857353144522
395 4.946,12 5.083,52 7.142,34 7.340,75 -49,2857353144522
396 4.946,12 5.083,52 7.142,34 7.340,75 -49,2857353144522
397 4.946,12 5.083,52 7.142,34 7.340,75 -49,2857353144522
398 4.946,12 5.083,52 7.142,34 7.340,75 -49,2857353144522
399 4.946,12 5.083,52 7.142,34 7.340,75 -49,2857353144522
400 4.946,12 5.083,52 7.142,34 7.340,75 -49,2857353144522
401 4.946,12 5.083,52 7.142,34 7.340,75 -49,2857353144522
402 4.946,12 5.083,52 7.142,34 7.340,75 -49,2857353144522
403 4.946,12 5.083,52 7.142,34 7.340,75 -49,2857353144522
404 4.946,12 5.083,52 7.142,34 7.340,75 -49,2857353144522
405 4.946,12 5.083,52 7.142,34 7.340,75 -49,2857353144522
406 4.946,12 5.083,52 7.142,34 7.340,75 -49,2857353144522
407 4.946,12 5.083,52 7.142,34 7.340,75 -49,2857353144522
408 4.946,12 5.083,52 7.142,34 7.340,75 -49,2857353144522
409 4.946,12 5.083,52 7.142,34 7.340,75 -49,2857353144522
410 4.946,12 5.083,52 7.142,34 7.340,75 -49,2857353144522
411 4.946,12 5.083,52 7.142,34 7.340,75 -49,2857353144522
412 4.946,12 5.083,52 7.142,34 7.340,75 -49,2857353144522
413 4.946,12 5.083,52 7.142,34 7.340,75 -49,2857353144522
414 4.946,12 5.083,52 7.142,34 7.340,75 -49,2857353144522
415 4.946,12 5.083,52 7.142,34 7.340,75 -49,2857353144522
416 4.946,12 5.083,52 7.142,34 7.340,75 -49,2857353144522
417 4.946,12 5.083,52 7.142,34 7.340,75 -49,2857353144522
418 4.946,12 5.083,52 7.142,34 7.340,75 -49,2857353144522
419 4.946,12 5.083,52 7.142,34 7.340,75 -49,2857353144522
420 4.946,12 5.083,52 7.142,34 7.340,75 28,8617932565475
421 4.946,12 5.083,52 7.142,34 7.340,75 28,8617932565475
422 4.946,12 5.083,52 7.142,37 7.340,78 28,8617932565475
423 4.946,12 5.083,52 7.142,37 7.340,78 28,8617932565475
424 4.946,12 5.083,52 7.142,32 7.340,73 28,8617932565475
425 4.946,12 5.083,52 7.142,32 7.340,73 28,8617932565475
426 4.946,12 5.083,52 7.142,32 7.340,73 28,8617932565475
427 4.946,12 5.083,52 7.142,32 7.340,73 28,8617932565475
428 4.946,12 5.083,52 7.142,32 7.340,73 28,8617932565475
429 4.946,12 5.083,52 7.142,32 7.340,73 28,8617932565475
430 4.946,12 5.083,52 7.142,32 7.340,73 28,8617932565475
431 4.946,12 5.083,52 7.142,32 7.340,73 28,8617932565475
432 4.946,12 5.083,52 7.142,32 7.340,73 28,8617932565475
433 4.946,12 5.083,52 7.142,32 7.340,73 28,8617932565475
434 4.946,12 5.083,52 7.142,32 7.340,73 28,8617932565475
435 4.946,12 5.083,52 7.142,32 7.340,73 28,8617932565475
436 4.946,12 5.083,52 7.142,32 7.340,73 28,8617932565475
437 4.946,12 5.083,52 7.142,32 7.340,73 28,8617932565475
438 4.946,12 5.083,52 7.142,32 7.340,73 28,8617932565475
439 4.946,12 5.083,52 7.142,32 7.340,73 28,8617932565475
440 4.946,12 5.083,52 7.142,32 7.340,73 28,8617932565475
441 4.946,12 5.083,52 7.142,32 7.340,73 28,8617932565475
442 4.946,12 5.083,52 7.142,32 7.340,73 28,8617932565475
443 4.946,12 5.083,52 7.142,32 7.340,73 28,8617932565475
444 4.946,12 5.083,52 7.142,32 7.340,73 28,8617932565475
445 4.946,12 5.083,52 7.142,32 7.340,73 28,8617932565475
446 4.946,12 5.083,52 7.142,32 7.340,73 28,8617932565475
447 4.946,12 5.083,52 7.142,32 7.340,73 28,8617932565475
448 4.946,12 5.083,52 7.142,32 7.340,73 28,8617932565475
449 4.946,12 5.083,52 7.142,32 7.340,73 28,8617932565475
450 4.946,12 5.083,52 7.142,32 7.340,73 -50,989240726509
451 4.946,12 5.083,53 7.142,32 7.340,75 -50,989240726509
452 4.946,12 5.083,53 7.142,33 7.340,76 -50,989240726509
453 4.946,12 5.083,53 7.142,30 7.340,73 -50,989240726509
454 4.946,12 5.083,53 7.142,30 7.340,73 -50,989240726509
455 4.946,12 5.083,53 7.142,30 7.340,73 -50,989240726509
456 4.946,12 5.083,53 7.142,30 7.340,73 -50,989240726509
457 4.946,12 5.083,53 7.142,30 7.340,73 -50,989240726509
458 4.946,12 5.083,53 7.142,30 7.340,73 -50,989240726509
459 4.946,12 5.083,53 7.142,30 7.340,73 -50,989240726509
460 4.946,12 5.083,53 7.142,30 7.340,73 -50,989240726509
461 4.946,12 5.083,53 7.142,30 7.340,73 -50,989240726509
462 4.946,12 5.083,53 7.142,30 7.340,73 -50,989240726509
463 4.946,12 5.083,53 7.142,30 7.340,73 -50,989240726509
464 4.946,12 5.083,53 7.142,30 7.340,73 -50,989240726509
465 4.946,12 5.083,53 7.142,30 7.340,73 -50,989240726509
466 4.946,12 5.083,53 7.142,30 7.340,73 -50,989240726509
467 4.946,12 5.083,53 7.142,30 7.340,73 -50,989240726509
468 4.946,12 5.083,53 7.142,30 7.340,73 -50,989240726509
469 4.946,12 5.083,53 7.142,30 7.340,73 -50,989240726509
470 4.946,12 5.083,53 7.142,30 7.340,73 -50,989240726509
471 4.946,12 5.083,53 7.142,30 7.340,73 -50,989240726509
472 4.946,12 5.083,53 7.142,30 7.340,73 -50,989240726509
473 4.946,12 5.083,53 7.142,30 7.340,73 -50,989240726509
474 4.946,12 5.083,53 7.142,30 7.340,73 -50,989240726509
475 4.946,12 5.083,53 7.142,30 7.340,73 -50,989240726509
476 4.946,12 5.083,53 7.142,30 7.340,73 -50,989240726509
477 4.946,12 5.083,53 7.142,30 7.340,73 -50,989240726509
478 4.946,12 5.083,53 7.142,30 7.340,73 -50,989240726509
479 4.946,12 5.083,53 7.142,30 7.340,73 -50,989240726509
480 4.946,12 5.083,53 7.142,30 7.340,73 -13,057199129155
481 4.946,12 5.083,53 7.142,30 7.340,73 -13,057199129155
482 4.946,12 5.083,53 7.142,32 7.340,75 -13,057199129155
483 4.946,12 5.083,53 7.142,32 7.340,75 -13,057199129155
484 4.946,12 5.083,53 7.142,32 7.340,75 -13,057199129155
485 4.946,12 5.083,53 7.142,32 7.340,75 -13,057199129155
486 4.946,12 5.083,53 7.142,32 7.340,75 -13,057199129155
487 4.946,12 5.083,53 7.142,32 7.340,75 -13,057199129155
488 4.946,12 5.083,53 7.142,32 7.340,75 -13,057199129155
489 4.946,12 5.083,53 7.142,32 7.340,75 -13,057199129155
490 4.946,12 5.083,53 7.142,32 7.340,75 -13,057199129155
491 4.946,12 5.083,53 7.142,32 7.340,75 -13,057199129155
492 4.946,12 5.083,53 7.142,32 7.340,75 -13,057199129155
493 4.946,12 5.083,53 7.142,32 7.340,75 -13,057199129155
494 4.946,12 5.083,53 7.142,32 7.340,75 -13,057199129155
495 4.946,12 5.083,53 7.142,32 7.340,75 -13,057199129155
496 4.946,12 5.083,53 7.142,32 7.340,75 -13,057199129155
497 4.946,12 5.083,53 7.142,32 7.340,75 -13,057199129155
498 4.946,12 5.083,53 7.142,32 7.340,75 -13,057199129155
499 4.946,12 5.083,53 7.142,32 7.340,75 -13,057199129155
500 4.946,12 5.083,53 7.142,32 7.340,75 -13,057199129155
501 4.946,12 5.083,53 7.142,32 7.340,75 -13,057199129155
502 4.946,12 5.083,53 7.142,32 7.340,75 -13,057199129155
503 4.946,12 5.083,53 7.142,32 7.340,75 -13,057199129155
504 4.946,12 5.083,53 7.142,32 7.340,75 -13,057199129155
505 4.946,12 5.083,53 7.142,32 7.340,75 -13,057199129155
506 4.946,12 5.083,53 7.142,32 7.340,75 -13,057199129155
507 4.946,12 5.083,53 7.142,32 7.340,75 -13,057199129155
508 4.946,12 5.083,53 7.142,32 7.340,75 -13,057199129155
509 4.946,12 5.083,53 7.142,32 7.340,75 -13,057199129155
510 4.946,12 5.083,53 7.142,32 7.340,75 -41,7959638840344
511 4.946,12 5.083,53 7.142,32 7.340,75 -41,7959638840344
512 4.946,12 5.083,53 7.142,37 7.340,79 -41,7959638840344
513 4.946,12 5.083,53 7.142,34 7.340,76 -41,7959638840344
514 4.946,12 5.083,53 7.142,34 7.340,76 -41,7959638840344
515 4.946,12 5.083,53 7.142,34 7.340,76 -41,7959638840344
516 4.946,12 5.083,53 7.142,34 7.340,76 -41,7959638840344
517 4.946,12 5.083,53 7.142,34 7.340,76 -41,7959638840344
518 4.946,12 5.083,53 7.142,34 7.340,76 -41,7959638840344
519 4.946,12 5.083,53 7.142,34 7.340,76 -41,7959638840344
520 4.946,12 5.083,53 7.142,34 7.340,76 -41,7959638840344
521 4.946,12 5.083,53 7.142,34 7.340,76 -41,7959638840344
522 4.946,12 5.083,53 7.142,34 7.340,76 -41,7959638840344
523 4.946,12 5.083,53 7.142,34 7.340,76 -41,7959638840344
524 4.946,12 5.083,53 7.142,34 7.340,76 -41,7959638840344
525 4.946,12 5.083,53 7.142,34 7.340,76 -41,7959638840344
526 4.946,12 5.083,53 7.142,34 7.340,76 -41,7959638840344
527 4.946,12 5.083,53 7.142,34 7.340,76 -41,7959638840344
528 4.946,12 5.083,53 7.142,34 7.340,76 -41,7959638840344
529 4.946,12 5.083,53 7.142,34 7.340,76 -41,7959638840344
530 4.946,12 5.083,53 7.142,34 7.340,76 -41,7959638840344
531 4.946,12 5.083,53 7.142,34 7.340,76 -41,7959638840344
532 4.946,12 5.083,53 7.142,34 7.340,76 -41,7959638840344
533 4.946,12 5.083,53 7.142,34 7.340,76 -41,7959638840344
534 4.946,12 5.083,53 7.142,34 7.340,76 -41,7959638840344
535 4.946,12 5.083,53 7.142,34 7.340,76 -41,7959638840344
536 4.946,12 5.083,53 7.142,34 7.340,76 -41,7959638840344
537 4.946,12 5.083,53 7.142,34 7.340,76 -41,7959638840344
538 4.946,12 5.083,53 7.142,34 7.340,76 -41,7959638840344
539 4.946,12 5.083,53 7.142,34 7.340,76 -41,7959638840344
540 4.946,12 5.083,53 7.142,34 7.340,76 27,267644674853
541 4.946,12 5.083,53 7.142,34 7.340,76 27,267644674853
542 4.946,12 5.083,53 7.142,35 7.340,78 27,267644674853
543 4.946,12 5.083,53 7.142,35 7.340,78 27,267644674853
544 4.946,12 5.083,53 7.142,35 7.340,78 27,267644674853
545 4.946,12 5.083,53 7.142,35 7.340,78 27,267644674853
546 4.946,12 5.083,53 7.142,36 7.340,79 27,267644674853
547 4.946,12 5.083,53 7.142,36 7.340,79 27,267644674853
548 4.946,12 5.083,53 7.142,36 7.340,79 27,267644674853
549 4.946,12 5.083,53 7.142,36 7.340,79 27,267644674853
550 4.946,12 5.083,53 7.142,36 7.340,79 27,267644674853
551 4.946,12 5.083,53 7.142,36 7.340,79 27,267644674853
552 4.946,12 5.083,53 7.142,36 7.340,79 27,267644674853
553 4.946,12 5.083,53 7.142,36 7.340,79 27,267644674853
554 4.946,12 5.083,53 7.142,36 7.340,79 27,267644674853
555 4.946,12 5.083,53 7.142,36 7.340,79 27,267644674853
556 4.946,12 5.083,53 7.142,36 7.340,79 27,267644674853
557 4.946,12 5.083,53 7.142,36 7.340,79 27,267644674853
558 4.946,12 5.083,53 7.142,36 7.340,79 27,267644674853
559 4.946,12 5.083,53 7.142,36 7.340,79 27,267644674853
560 4.946,12 5.083,53 7.142,36 7.340,79 27,267644674853
561 4.946,12 5.083,53 7.142,36 7.340,79 27,267644674853
562 4.946,12 5.083,53 7.142,36 7.340,79 27,267644674853
563 4.946,12 5.083,53 7.142,36 7.340,79 27,267644674853
564 4.946,12 5.083,53 7.142,36 7.340,79 27,267644674853
565 4.946,12 5.083,53 7.142,36 7.340,79 27,267644674853
566 4.946,12 5.083,53 7.142,36 7.340,79 27,267644674853
567 4.946,12 5.083,53 7.142,36 7.340,79 27,267644674853
568 4.946,12 5.083,53 7.142,36 7.340,79 27,267644674853
569 4.946,12 5.083,53 7.142,36 7.340,79 27,267644674853
570 4.946,12 5.083,53 7.142,36 7.340,79 -43,0511258752731
571 4.946,12 5.083,52 7.142,36 7.340,78 -43,0511258752731
572 4.946,12 5.083,52 7.142,37 7.340,78 -43,0511258752731
573 4.946,12 5.083,52 7.142,29 7.340,70 -43,0511258752731
574 4.946,12 5.083,52 7.142,37 7.340,78 -43,0511258752731
575 4.946,12 5.083,52 7.142,37 7.340,78 -43,0511258752731
576 4.946,12 5.083,52 7.142,37 7.340,78 -43,0511258752731
577 4.946,12 5.083,52 7.142,37 7.340,78 -43,0511258752731
578 4.946,12 5.083,52 7.142,37 7.340,78 -43,0511258752731
579 4.946,12 5.083,52 7.142,37 7.340,78 -43,0511258752731
580 4.946,12 5.083,52 7.142,37 7.340,78 -43,0511258752731
581 4.946,12 5.083,52 7.142,37 7.340,78 -43,0511258752731
582 4.946,12 5.083,52 7.142,37 7.340,78 -43,0511258752731
583 4.946,12 5.083,52 7.142,37 7.340,78 -43,0511258752731
584 4.946,12 5.083,52 7.142,37 7.340,78 -43,0511258752731
585 4.946,12 5.083,52 7.142,37 7.340,78 -43,0511258752731
586 4.946,12 5.083,52 7.142,37 7.340,78 -43,0511258752731
587 4.946,12 5.083,52 7.142,37 7.340,78 -43,0511258752731
588 4.946,12 5.083,52 7.142,37 7.340,78 -43,0511258752731
589 4.946,12 5.083,52 7.142,37 7.340,78 -43,0511258752731
590 4.946,12 5.083,52 7.142,37 7.340,78 -43,0511258752731
591 4.946,12 5.083,52 7.142,37 7.340,78 -43,0511258752731
592 4.946,12 5.083,52 7.142,37 7.340,78 -43,0511258752731
593 4.946,12 5.083,52 7.142,37 7.340,78 -43,0511258752731
594 4.946,12 5.083,52 7.142,37 7.340,78 -43,0511258752731
595 4.946,12 5.083,52 7.142,37 7.340,78 -43,0511258752731
596 4.946,12 5.083,52 7.142,37 7.340,78 -43,0511258752731
597 4.946,12 5.083,52 7.142,37 7.340,78 -43,0511258752731
598 4.946,12 5.083,52 7.142,37 7.340,78 -43,0511258752731
599 4.946,12 5.083,52 7.142,37 7.340,78 -43,0511258752731
600 4.946,12 5.083,52 7.142,37 7.340,78 4,9595005370671
601 4.946,12 5.083,52 7.142,37 7.340,78 4,9595005370671
602 4.946,12 5.083,52 7.142,38 7.340,79 4,9595005370671
603 4.946,12 5.083,52 7.142,38 7.340,79 4,9595005370671
604 4.946,12 5.083,52 7.142,38 7.340,79 4,9595005370671
605 4.946,12 5.083,52 7.142,38 7.340,79 4,9595005370671
606 4.946,12 5.083,52 7.142,38 7.340,79 4,9595005370671
607 4.946,12 5.083,52 7.142,38 7.340,79 4,9595005370671
608 4.946,12 5.083,52 7.142,38 7.340,79 4,9595005370671
609 4.946,12 5.083,52 7.142,38 7.340,79 4,9595005370671
610 4.946,12 5.083,52 7.142,38 7.340,79 4,9595005370671
611 4.946,12 5.083,52 7.142,38 7.340,79 4,9595005370671
612 4.946,12 5.083,52 7.142,38 7.340,79 4,9595005370671
613 4.946,12 5.083,52 7.142,38 7.340,79 4,9595005370671
614 4.946,12 5.083,52 7.142,38 7.340,79 4,9595005370671
615 4.946,12 5.083,52 7.142,38 7.340,79 4,9595005370671
616 4.946,12 5.083,52 7.142,38 7.340,79 4,9595005370671
617 4.946,12 5.083,52 7.142,38 7.340,79 4,9595005370671
618 4.946,12 5.083,52 7.142,38 7.340,79 4,9595005370671
619 4.946,12 5.083,52 7.142,38 7.340,79 4,9595005370671
620 4.946,12 5.083,52 7.142,38 7.340,79 4,9595005370671
621 4.946,12 5.083,52 7.142,38 7.340,79 4,9595005370671
622 4.946,12 5.083,52 7.142,38 7.340,79 4,9595005370671
623 4.946,12 5.083,52 7.142,38 7.340,79 4,9595005370671
624 4.946,12 5.083,52 7.142,38 7.340,79 4,9595005370671
625 4.946,12 5.083,52 7.142,38 7.340,79 4,9595005370671
626 4.946,12 5.083,52 7.142,38 7.340,79 4,9595005370671
627 4.946,12 5.083,52 7.142,38 7.340,79 4,9595005370671
628 4.946,12 5.083,52 7.142,38 7.340,79 4,9595005370671
629 4.946,12 5.083,52 7.142,38 7.340,79 4,9595005370671
630 4.946,12 5.083,52 7.142,38 7.340,79 -49,981723698802
631 4.946,13 5.083,50 7.142,39 7.340,76 -49,981723698802
632 4.946,13 5.083,50 7.142,36 7.340,74 -49,981723698802
633 4.946,13 5.083,50 7.142,36 7.340,74 -49,981723698802
634 4.946,13 5.083,50 7.142,36 7.340,74 -49,981723698802
635 4.946,13 5.083,50 7.142,36 7.340,74 -49,981723698802
636 4.946,13 5.083,50 7.142,36 7.340,74 -49,981723698802
637 4.946,13 5.083,50 7.142,36 7.340,74 -49,981723698802
638 4.946,13 5.083,50 7.142,36 7.340,74 -49,981723698802
639 4.946,13 5.083,50 7.142,36 7.340,74 -49,981723698802
640 4.946,13 5.083,50 7.142,36 7.340,74 -49,981723698802
641 4.946,13 5.083,50 7.142,36 7.340,74 -49,981723698802
642 4.946,13 5.083,50 7.142,36 7.340,74 -49,981723698802
643 4.946,13 5.083,50 7.142,36 7.340,74 -49,981723698802
644 4.946,13 5.083,50 7.142,36 7.340,74 -49,981723698802
645 4.946,13 5.083,50 7.142,36 7.340,74 -49,981723698802
646 4.946,13 5.083,50 7.142,36 7.340,74 -49,981723698802
647 4.946,13 5.083,50 7.142,36 7.340,74 -49,981723698802
648 4.946,13 5.083,50 7.142,36 7.340,74 -49,981723698802
649 4.946,13 5.083,50 7.142,36 7.340,74 -49,981723698802
650 4.946,13 5.083,50 7.142,36 7.340,74 -49,981723698802
651 4.946,13 5.083,50 7.142,36 7.340,74 -49,981723698802
652 4.946,13 5.083,50 7.142,36 7.340,74 -49,981723698802
653 4.946,13 5.083,50 7.142,36 7.340,74 -49,981723698802
654 4.946,13 5.083,50 7.142,36 7.340,74 -49,981723698802
655 4.946,13 5.083,50 7.142,36 7.340,74 -49,981723698802
656 4.946,13 5.083,50 7.142,36 7.340,74 -49,981723698802
657 4.946,13 5.083,50 7.142,36 7.340,74 -49,981723698802
658 4.946,13 5.083,50 7.142,36 7.340,74 -49,981723698802
659 4.946,13 5.083,50 7.142,36 7.340,74 -49,981723698802
660 4.946,13 5.083,50 7.142,36 7.340,74 -9,80312847816205
661 4.946,13 5.083,50 7.142,36 7.340,74 -9,80312847816205
662 4.946,13 5.083,50 7.142,36 7.340,74 -9,80312847816205
663 4.946,13 5.083,50 7.142,36 7.340,74 -9,80312847816205
664 4.946,13 5.083,50 7.142,36 7.340,74 -9,80312847816205
665 4.946,13 5.083,50 7.142,36 7.340,74 -9,80312847816205
666 4.946,13 5.083,50 7.142,36 7.340,74 -9,80312847816205
667 4.946,13 5.083,50 7.142,36 7.340,74 -9,80312847816205
668 4.946,13 5.083,50 7.142,36 7.340,74 -9,80312847816205
669 4.946,13 5.083,50 7.142,36 7.340,74 -9,80312847816205
670 4.946,13 5.083,50 7.142,36 7.340,74 -9,80312847816205
671 4.946,13 5.083,50 7.142,36 7.340,74 -9,80312847816205
672 4.946,13 5.083,50 7.142,36 7.340,74 -9,80312847816205
673 4.946,13 5.083,50 7.142,36 7.340,74 -9,80312847816205
674 4.946,13 5.083,50 7.142,36 7.340,74 -9,80312847816205
675 4.946,13 5.083,50 7.142,36 7.340,74 -9,80312847816205
676 4.946,13 5.083,50 7.142,36 7.340,74 -9,80312847816205
677 4.946,13 5.083,50 7.142,36 7.340,74 -9,80312847816205
678 4.946,13 5.083,50 7.142,36 7.340,74 -9,80312847816205
679 4.946,13 5.083,50 7.142,36 7.340,74 -9,80312847816205
680 4.946,13 5.083,50 7.142,36 7.340,74 -9,80312847816205
681 4.946,13 5.083,50 7.142,36 7.340,74 -9,80312847816205
682 4.946,13 5.083,50 7.142,36 7.340,74 -9,80312847816205
683 4.946,13 5.083,50 7.142,36 7.340,74 -9,80312847816205
684 4.946,13 5.083,50 7.142,36 7.340,74 -9,80312847816205
685 4.946,13 5.083,50 7.142,36 7.340,74 -9,80312847816205
686 4.946,13 5.083,50 7.142,36 7.340,74 -9,80312847816205
687 4.946,13 5.083,50 7.142,36 7.340,74 -9,80312847816205
688 4.946,13 5.083,50 7.142,36 7.340,74 -9,80312847816205
689 4.946,13 5.083,50 7.142,36 7.340,74 -9,80312847816205
690 4.946,13 5.083,50 7.142,36 7.340,74 -11,2641490054914
691 4.946,13 5.083,50 7.142,36 7.340,74 -11,2641490054914
692 4.946,13 5.083,50 7.142,36 7.340,74 -11,2641490054914
693 4.946,13 5.083,50 7.142,36 7.340,74 -11,2641490054914
694 4.946,13 5.083,50 7.142,36 7.340,74 -11,2641490054914
695 4.946,13 5.083,50 7.142,36 7.340,74 -11,2641490054914
696 4.946,13 5.083,50 7.142,36 7.340,74 -11,2641490054914
697 4.946,13 5.083,50 7.142,36 7.340,74 -11,2641490054914
698 4.946,13 5.083,50 7.142,36 7.340,74 -11,2641490054914
699 4.946,13 5.083,50 7.142,36 7.340,74 -11,2641490054914
700 4.946,13 5.083,50 7.142,36 7.340,74 -11,2641490054914
701 4.946,13 5.083,50 7.142,36 7.340,74 -11,2641490054914
702 4.946,13 5.083,50 7.142,36 7.340,74 -11,2641490054914
703 4.946,13 5.083,50 7.142,36 7.340,74 -11,2641490054914
704 4.946,13 5.083,50 7.142,36 7.340,74 -11,2641490054914
705 4.946,13 5.083,50 7.142,36 7.340,74 -11,2641490054914
706 4.946,13 5.083,50 7.142,36 7.340,74 -11,2641490054914
707 4.946,13 5.083,50 7.142,36 7.340,74 -11,2641490054914
708 4.946,13 5.083,50 7.142,36 7.340,74 -11,2641490054914
709 4.946,13 5.083,50 7.142,36 7.340,74 -11,2641490054914
710 4.946,13 5.083,50 7.142,36 7.340,74 -11,2641490054914
711 4.946,13 5.083,50 7.142,36 7.340,74 -11,2641490054914
712 4.946,13 5.083,50 7.142,36 7.340,74 -11,2641490054914
713 4.946,13 5.083,50 7.142,36 7.340,74 -11,2641490054914
714 4.946,13 5.083,50 7.142,36 7.340,74 -11,2641490054914
715 4.946,13 5.083,50 7.142,36 7.340,74 -11,2641490054914
716 4.946,13 5.083,50 7.142,36 7.340,74 -11,2641490054914
717 4.946,13 5.083,50 7.142,36 7.340,74 -11,2641490054914
718 4.946,13 5.083,50 7.142,36 7.340,74 -11,2641490054914
719 4.946,13 5.083,50 7.142,36 7.340,74 -11,2641490054914
720 4.946,13 5.083,50 7.142,36 7.340,74 7,53961791853769
721 4.946,13 5.083,50 7.142,36 7.340,74 7,53961791853769
722 4.946,13 5.083,50 7.142,36 7.340,74 7,53961791853769
723 4.946,13 5.083,50 7.142,36 7.340,74 7,53961791853769
724 4.946,13 5.083,50 7.142,36 7.340,74 7,53961791853769
725 4.946,13 5.083,50 7.142,36 7.340,74 7,53961791853769
726 4.946,13 5.083,50 7.142,36 7.340,74 7,53961791853769
727 4.946,13 5.083,50 7.142,36 7.340,74 7,53961791853769
728 4.946,13 5.083,50 7.142,36 7.340,74 7,53961791853769
729 4.946,13 5.083,50 7.142,36 7.340,74 7,53961791853769
730 4.946,13 5.083,50 7.142,36 7.340,74 7,53961791853769
731 4.946,13 5.083,50 7.142,36 7.340,74 7,53961791853769
732 4.946,13 5.083,50 7.142,36 7.340,74 7,53961791853769
733 4.946,13 5.083,50 7.142,36 7.340,74 7,53961791853769
734 4.946,13 5.083,50 7.142,36 7.340,74 7,53961791853769
735 4.946,13 5.083,50 7.142,36 7.340,74 7,53961791853769
736 4.946,13 5.083,50 7.142,36 7.340,74 7,53961791853769
737 4.946,13 5.083,50 7.142,36 7.340,74 7,53961791853769
738 4.946,13 5.083,50 7.142,36 7.340,74 7,53961791853769
739 4.946,13 5.083,50 7.142,36 7.340,74 7,53961791853769
740 4.946,13 5.083,50 7.142,36 7.340,74 7,53961791853769
741 4.946,13 5.083,50 7.142,36 7.340,74 7,53961791853769
742 4.946,13 5.083,50 7.142,36 7.340,74 7,53961791853769
743 4.946,13 5.083,50 7.142,36 7.340,74 7,53961791853769
744 4.946,13 5.083,50 7.142,36 7.340,74 7,53961791853769
745 4.946,13 5.083,50 7.142,36 7.340,74 7,53961791853769
746 4.946,13 5.083,50 7.142,36 7.340,74 7,53961791853769
747 4.946,13 5.083,50 7.142,36 7.340,74 7,53961791853769
748 4.946,13 5.083,50 7.142,36 7.340,74 7,53961791853769
749 4.946,13 5.083,50 7.142,36 7.340,74 7,53961791853769
750 4.946,13 5.083,50 7.142,36 7.340,74 -4,500399884254
751 4.946,13 5.083,50 7.142,36 7.340,74 -4,500399884254
752 4.946,13 5.083,50 7.142,36 7.340,73 -4,500399884254
753 4.946,13 5.083,50 7.142,36 7.340,73 -4,500399884254
754 4.946,13 5.083,50 7.142,36 7.340,73 -4,500399884254
755 4.946,13 5.083,50 7.142,36 7.340,73 -4,500399884254
756 4.946,13 5.083,50 7.142,36 7.340,73 -4,500399884254
757 4.946,13 5.083,50 7.142,36 7.340,73 -4,500399884254
758 4.946,13 5.083,50 7.142,36 7.340,73 -4,500399884254
759 4.946,13 5.083,50 7.142,36 7.340,73 -4,500399884254
760 4.946,13 5.083,50 7.142,36 7.340,73 -4,500399884254
761 4.946,13 5.083,50 7.142,36 7.340,73 -4,500399884254
762 4.946,13 5.083,50 7.142,36 7.340,73 -4,500399884254
763 4.946,13 5.083,50 7.142,36 7.340,73 -4,500399884254
764 4.946,13 5.083,50 7.142,36 7.340,73 -4,500399884254
765 4.946,13 5.083,50 7.142,36 7.340,73 -4,500399884254
766 4.946,13 5.083,50 7.142,36 7.340,73 -4,500399884254
767 4.946,13 5.083,50 7.142,36 7.340,73 -4,500399884254
768 4.946,13 5.083,50 7.142,36 7.340,73 -4,500399884254
769 4.946,13 5.083,50 7.142,36 7.340,73 -4,500399884254
770 4.946,13 5.083,50 7.142,36 7.340,73 -4,500399884254
771 4.946,13 5.083,50 7.142,36 7.340,73 -4,500399884254
772 4.946,13 5.083,50 7.142,36 7.340,73 -4,500399884254
773 4.946,13 5.083,50 7.142,36 7.340,73 -4,500399884254
774 4.946,13 5.083,50 7.142,36 7.340,73 -4,500399884254
775 4.946,13 5.083,50 7.142,36 7.340,73 -4,500399884254
776 4.946,13 5.083,50 7.142,36 7.340,73 -4,500399884254
777 4.946,13 5.083,50 7.142,36 7.340,73 -4,500399884254
778 4.946,13 5.083,50 7.142,36 7.340,73 -4,500399884254
779 4.946,13 5.083,50 7.142,36 7.340,73 -4,500399884254
780 4.946,13 5.083,50 7.142,36 7.340,73 12,1513024347803
781 4.946,13 5.083,50 7.142,36 7.340,73 12,1513024347803
782 4.946,13 5.083,50 7.142,36 7.340,73 12,1513024347803
783 4.946,13 5.083,50 7.142,36 7.340,73 12,1513024347803
784 4.946,13 5.083,50 7.142,36 7.340,73 12,1513024347803
785 4.946,13 5.083,50 7.142,36 7.340,73 12,1513024347803
786 4.946,13 5.083,50 7.142,36 7.340,73 12,1513024347803
787 4.946,13 5.083,50 7.142,36 7.340,73 12,1513024347803
788 4.946,13 5.083,50 7.142,36 7.340,73 12,1513024347803
789 4.946,13 5.083,50 7.142,36 7.340,73 12,1513024347803
790 4.946,13 5.083,50 7.142,36 7.340,73 12,1513024347803
791 4.946,13 5.083,50 7.142,36 7.340,73 12,1513024347803
792 4.946,13 5.083,50 7.142,36 7.340,73 12,1513024347803
793 4.946,13 5.083,50 7.142,36 7.340,73 12,1513024347803
794 4.946,13 5.083,50 7.142,36 7.340,73 12,1513024347803
795 4.946,13 5.083,50 7.142,36 7.340,73 12,1513024347803
796 4.946,13 5.083,50 7.142,36 7.340,73 12,1513024347803
797 4.946,13 5.083,50 7.142,36 7.340,73 12,1513024347803
798 4.946,13 5.083,50 7.142,36 7.340,73 12,1513024347803
799 4.946,13 5.083,50 7.142,36 7.340,73 12,1513024347803
800 4.946,13 5.083,50 7.142,36 7.340,73 12,1513024347803
801 4.946,13 5.083,50 7.142,36 7.340,73 12,1513024347803
802 4.946,13 5.083,50 7.142,36 7.340,73 12,1513024347803
803 4.946,13 5.083,50 7.142,36 7.340,73 12,1513024347803
804 4.946,13 5.083,50 7.142,36 7.340,73 12,1513024347803
805 4.946,13 5.083,50 7.142,36 7.340,73 12,1513024347803
806 4.946,13 5.083,50 7.142,36 7.340,73 12,1513024347803
807 4.946,13 5.083,50 7.142,36 7.340,73 12,1513024347803
808 4.946,13 5.083,50 7.142,36 7.340,73 12,1513024347803
809 4.946,13 5.083,50 7.142,36 7.340,73 12,1513024347803
810 4.946,13 5.083,50 7.142,36 7.340,73 -6,29950104497645
811 4.946,13 5.083,49 7.142,36 7.340,71 -6,29950104497645
812 4.946,13 5.083,49 7.142,35 7.340,70 -6,29950104497645
813 4.946,13 5.083,49 7.142,35 7.340,70 -6,29950104497645
814 4.946,13 5.083,49 7.142,35 7.340,70 -6,29950104497645
815 4.946,13 5.083,49 7.142,35 7.340,70 -6,29950104497645
816 4.946,13 5.083,49 7.142,35 7.340,70 -6,29950104497645
817 4.946,13 5.083,49 7.142,35 7.340,70 -6,29950104497645
818 4.946,13 5.083,49 7.142,35 7.340,70 -6,29950104497645
819 4.946,13 5.083,49 7.142,35 7.340,70 -6,29950104497645
820 4.946,13 5.083,49 7.142,35 7.340,70 -6,29950104497645
821 4.946,13 5.083,49 7.142,35 7.340,70 -6,29950104497645
822 4.946,13 5.083,49 7.142,35 7.340,70 -6,29950104497645
823 4.946,13 5.083,49 7.142,35 7.340,70 -6,29950104497645
824 4.946,13 5.083,49 7.142,35 7.340,70 -6,29950104497645
825 4.946,13 5.083,49 7.142,35 7.340,70 -6,29950104497645
826 4.946,13 5.083,49 7.142,35 7.340,70 -6,29950104497645
827 4.946,13 5.083,49 7.142,35 7.340,70 -6,29950104497645
828 4.946,13 5.083,49 7.142,35 7.340,70 -6,29950104497645
829 4.946,13 5.083,49 7.142,35 7.340,70 -6,29950104497645
830 4.946,13 5.083,49 7.142,35 7.340,70 -6,29950104497645
831 4.946,13 5.083,49 7.142,35 7.340,70 -6,29950104497645
832 4.946,13 5.083,49 7.142,35 7.340,70 -6,29950104497645
833 4.946,13 5.083,49 7.142,35 7.340,70 -6,29950104497645
834 4.946,13 5.083,49 7.142,35 7.340,70 -6,29950104497645
835 4.946,13 5.083,49 7.142,35 7.340,70 -6,29950104497645
836 4.946,13 5.083,49 7.142,35 7.340,70 -6,29950104497645
837 4.946,13 5.083,49 7.142,35 7.340,70 -6,29950104497645
838 4.946,13 5.083,49 7.142,35 7.340,70 -6,29950104497645
839 4.946,13 5.083,49 7.142,35 7.340,70 -6,29950104497645
840 4.946,13 5.083,49 7.142,35 7.340,70 12,5800469721752
841 4.946,13 5.083,49 7.142,35 7.340,70 12,5800469721752
842 4.946,13 5.083,49 7.142,36 7.340,71 12,5800469721752
843 4.946,13 5.083,49 7.142,36 7.340,71 12,5800469721752
844 4.946,13 5.083,49 7.142,36 7.340,71 12,5800469721752
845 4.946,13 5.083,49 7.142,36 7.340,71 12,5800469721752
846 4.946,13 5.083,49 7.142,36 7.340,71 12,5800469721752
847 4.946,13 5.083,49 7.142,36 7.340,71 12,5800469721752
848 4.946,13 5.083,49 7.142,36 7.340,71 12,5800469721752
849 4.946,13 5.083,49 7.142,36 7.340,71 12,5800469721752
850 4.946,13 5.083,49 7.142,36 7.340,71 12,5800469721752
851 4.946,13 5.083,49 7.142,36 7.340,71 12,5800469721752
852 4.946,13 5.083,49 7.142,36 7.340,71 12,5800469721752
853 4.946,13 5.083,49 7.142,36 7.340,71 12,5800469721752
854 4.946,13 5.083,49 7.142,36 7.340,71 12,5800469721752
855 4.946,13 5.083,49 7.142,36 7.340,71 12,5800469721752
856 4.946,13 5.083,49 7.142,36 7.340,71 12,5800469721752
857 4.946,13 5.083,49 7.142,36 7.340,71 12,5800469721752
858 4.946,13 5.083,49 7.142,36 7.340,71 12,5800469721752
859 4.946,13 5.083,49 7.142,36 7.340,71 12,5800469721752
860 4.946,13 5.083,49 7.142,36 7.340,71 12,5800469721752
861 4.946,13 5.083,49 7.142,36 7.340,71 12,5800469721752
862 4.946,13 5.083,49 7.142,36 7.340,71 12,5800469721752
863 4.946,13 5.083,49 7.142,36 7.340,71 12,5800469721752
864 4.946,13 5.083,49 7.142,36 7.340,71 12,5800469721752
865 4.946,13 5.083,49 7.142,36 7.340,71 12,5800469721752
866 4.946,13 5.083,49 7.142,36 7.340,71 12,5800469721752
867 4.946,13 5.083,49 7.142,36 7.340,71 12,5800469721752
868 4.946,13 5.083,49 7.142,36 7.340,71 12,5800469721752
869 4.946,13 5.083,49 7.142,36 7.340,71 12,5800469721752
870 4.946,13 5.083,49 7.142,36 7.340,71 48,1789486477154
871 4.946,13 5.083,48 7.142,36 7.340,70 48,1789486477154
872 4.946,13 5.083,48 7.142,36 7.340,70 48,1789486477154
873 4.946,13 5.083,48 7.142,36 7.340,70 48,1789486477154
874 4.946,13 5.083,48 7.142,36 7.340,70 48,1789486477154
875 4.946,13 5.083,48 7.142,36 7.340,70 48,1789486477154
876 4.946,13 5.083,48 7.142,36 7.340,71 48,1789486477154
877 4.946,13 5.083,48 7.142,36 7.340,71 48,1789486477154
878 4.946,13 5.083,48 7.142,36 7.340,71 48,1789486477154
879 4.946,13 5.083,48 7.142,36 7.340,71 48,1789486477154
880 4.946,13 5.083,48 7.142,36 7.340,71 48,1789486477154
881 4.946,13 5.083,48 7.142,36 7.340,71 48,1789486477154
882 4.946,13 5.083,48 7.142,36 7.340,71 48,1789486477154
883 4.946,13 5.083,48 7.142,36 7.340,71 48,1789486477154
884 4.946,13 5.083,48 7.142,36 7.340,71 48,1789486477154
885 4.946,13 5.083,48 7.142,36 7.340,71 48,1789486477154
886 4.946,13 5.083,48 7.142,36 7.340,71 48,1789486477154
887 4.946,13 5.083,48 7.142,36 7.340,71 48,1789486477154
888 4.946,13 5.083,48 7.142,36 7.340,71 48,1789486477154
889 4.946,13 5.083,48 7.142,36 7.340,71 48,1789486477154
890 4.946,13 5.083,48 7.142,36 7.340,71 48,1789486477154
891 4.946,13 5.083,48 7.142,36 7.340,71 48,1789486477154
892 4.946,13 5.083,48 7.142,36 7.340,71 48,1789486477154
893 4.946,13 5.083,48 7.142,36 7.340,71 48,1789486477154
894 4.946,13 5.083,48 7.142,36 7.340,71 48,1789486477154
895 4.946,13 5.083,48 7.142,36 7.340,71 48,1789486477154
896 4.946,13 5.083,48 7.142,36 7.340,71 48,1789486477154
897 4.946,13 5.083,48 7.142,36 7.340,71 48,1789486477154
898 4.946,13 5.083,48 7.142,36 7.340,71 48,1789486477154
899 4.946,13 5.083,48 7.142,36 7.340,71 48,1789486477154
900 4.946,13 5.083,48 7.142,36 7.340,71 21,025188892209
901 4.946,13 5.083,48 7.142,36 7.340,71 21,025188892209
902 4.946,13 5.083,48 7.142,36 7.340,71 21,025188892209
903 4.946,13 5.083,48 7.142,36 7.340,71 21,025188892209
904 4.946,13 5.083,48 7.142,36 7.340,71 21,025188892209
905 4.946,13 5.083,48 7.142,36 7.340,71 21,025188892209
906 4.946,13 5.083,48 7.142,36 7.340,71 21,025188892209
907 4.946,13 5.083,48 7.142,36 7.340,71 21,025188892209
908 4.946,13 5.083,48 7.142,36 7.340,71 21,025188892209
909 4.946,13 5.083,48 7.142,36 7.340,71 21,025188892209
910 4.946,13 5.083,48 7.142,36 7.340,71 21,025188892209
911 4.946,13 5.083,48 7.142,36 7.340,71 21,025188892209
912 4.946,13 5.083,48 7.142,36 7.340,71 21,025188892209
913 4.946,13 5.083,48 7.142,36 7.340,71 21,025188892209
914 4.946,13 5.083,48 7.142,36 7.340,71 21,025188892209
915 4.946,13 5.083,48 7.142,36 7.340,71 21,025188892209
916 4.946,13 5.083,48 7.142,36 7.340,71 21,025188892209
917 4.946,13 5.083,48 7.142,36 7.340,71 21,025188892209
918 4.946,13 5.083,48 7.142,36 7.340,71 21,025188892209
919 4.946,13 5.083,48 7.142,36 7.340,71 21,025188892209
920 4.946,13 5.083,48 7.142,36 7.340,71 21,025188892209
921 4.946,13 5.083,48 7.142,36 7.340,71 21,025188892209
922 4.946,13 5.083,48 7.142,36 7.340,71 21,025188892209
923 4.946,13 5.083,48 7.142,36 7.340,71 21,025188892209
924 4.946,13 5.083,48 7.142,36 7.340,71 21,025188892209
925 4.946,13 5.083,48 7.142,36 7.340,71 21,025188892209
926 4.946,13 5.083,48 7.142,36 7.340,71 21,025188892209
927 4.946,13 5.083,48 7.142,36 7.340,71 21,025188892209
928 4.946,13 5.083,48 7.142,36 7.340,71 21,025188892209
929 4.946,13 5.083,48 7.142,36 7.340,71 21,025188892209
930 4.946,13 5.083,48 7.142,36 7.340,71 -29,6359129403301
931 4.946,13 5.083,48 7.142,36 7.340,71 -29,6359129403301
932 4.946,13 5.083,48 7.142,36 7.340,70 -29,6359129403301
933 4.946,13 5.083,48 7.142,36 7.340,70 -29,6359129403301
934 4.946,13 5.083,48 7.142,36 7.340,70 -29,6359129403301
935 4.946,13 5.083,48 7.142,36 7.340,70 -29,6359129403301
936 4.946,13 5.083,48 7.142,36 7.340,70 -29,6359129403301
937 4.946,13 5.083,48 7.142,36 7.340,70 -29,6359129403301
938 4.946,13 5.083,48 7.142,36 7.340,70 -29,6359129403301
939 4.946,13 5.083,48 7.142,36 7.340,70 -29,6359129403301
940 4.946,13 5.083,48 7.142,36 7.340,70 -29,6359129403301
941 4.946,13 5.083,48 7.142,36 7.340,70 -29,6359129403301
942 4.946,13 5.083,48 7.142,36 7.340,70 -29,6359129403301
943 4.946,13 5.083,48 7.142,36 7.340,70 -29,6359129403301
944 4.946,13 5.083,48 7.142,36 7.340,70 -29,6359129403301
945 4.946,13 5.083,48 7.142,36 7.340,70 -29,6359129403301
946 4.946,13 5.083,48 7.142,36 7.340,70 -29,6359129403301
947 4.946,13 5.083,48 7.142,36 7.340,70 -29,6359129403301
948 4.946,13 5.083,48 7.142,36 7.340,70 -29,6359129403301
949 4.946,13 5.083,48 7.142,36 7.340,70 -29,6359129403301
950 4.946,13 5.083,48 7.142,36 7.340,70 -29,6359129403301
951 4.946,13 5.083,48 7.142,36 7.340,70 -29,6359129403301
952 4.946,13 5.083,48 7.142,36 7.340,70 -29,6359129403301
953 4.946,13 5.083,48 7.142,36 7.340,70 -29,6359129403301
954 4.946,13 5.083,48 7.142,36 7.340,70 -29,6359129403301
955 4.946,13 5.083,48 7.142,36 7.340,70 -29,6359129403301
956 4.946,13 5.083,48 7.142,36 7.340,70 -29,6359129403301
957 4.946,13 5.083,48 7.142,36 7.340,70 -29,6359129403301
958 4.946,13 5.083,48 7.142,36 7.340,70 -29,6359129403301
959 4.946,13 5.083,48 7.142,36 7.340,70 -29,6359129403301
960 4.946,13 5.083,48 7.142,36 7.340,70 2,11948749599242
961 4.946,13 5.083,48 7.142,36 7.340,70 2,11948749599242
962 4.946,13 5.083,48 7.142,36 7.340,70 2,11948749599242
963 4.946,13 5.083,48 7.142,36 7.340,70 2,11948749599242
964 4.946,13 5.083,48 7.142,36 7.340,70 2,11948749599242
965 4.946,13 5.083,48 7.142,36 7.340,70 2,11948749599242
966 4.946,13 5.083,48 7.142,36 7.340,70 2,11948749599242
967 4.946,13 5.083,48 7.142,36 7.340,70 2,11948749599242
968 4.946,13 5.083,48 7.142,36 7.340,70 2,11948749599242
969 4.946,13 5.083,48 7.142,36 7.340,70 2,11948749599242
970 4.946,13 5.083,48 7.142,36 7.340,70 2,11948749599242
971 4.946,13 5.083,48 7.142,36 7.340,70 2,11948749599242
972 4.946,13 5.083,48 7.142,36 7.340,70 2,11948749599242
973 4.946,13 5.083,48 7.142,36 7.340,70 2,11948749599242
974 4.946,13 5.083,48 7.142,36 7.340,70 2,11948749599242
975 4.946,13 5.083,48 7.142,36 7.340,70 2,11948749599242
976 4.946,13 5.083,48 7.142,36 7.340,70 2,11948749599242
977 4.946,13 5.083,48 7.142,36 7.340,70 2,11948749599242
978 4.946,13 5.083,48 7.142,36 7.340,70 2,11948749599242
979 4.946,13 5.083,48 7.142,36 7.340,70 2,11948749599242
980 4.946,13 5.083,48 7.142,36 7.340,70 2,11948749599242
981 4.946,13 5.083,48 7.142,36 7.340,70 2,11948749599242
982 4.946,13 5.083,48 7.142,36 7.340,70 2,11948749599242
983 4.946,13 5.083,48 7.142,36 7.340,70 2,11948749599242
984 4.946,13 5.083,48 7.142,36 7.340,70 2,11948749599242
985 4.946,13 5.083,48 7.142,36 7.340,70 2,11948749599242
986 4.946,13 5.083,48 7.142,36 7.340,70 2,11948749599242
987 4.946,13 5.083,48 7.142,36 7.340,70 2,11948749599242
988 4.946,13 5.083,48 7.142,36 7.340,70 2,11948749599242
989 4.946,13 5.083,48 7.142,36 7.340,70 2,11948749599242
990 4.946,13 5.083,48 7.142,36 7.340,70 13,097485140273
991 4.946,13 5.083,48 7.142,36 7.340,70 13,097485140273
992 4.946,13 5.083,48 7.142,36 7.340,70 13,097485140273
993 4.946,13 5.083,48 7.142,36 7.340,70 13,097485140273
994 4.946,13 5.083,48 7.142,36 7.340,70 13,097485140273
995 4.946,13 5.083,48 7.142,36 7.340,70 13,097485140273
996 4.946,13 5.083,48 7.142,36 7.340,70 13,097485140273
997 4.946,13 5.083,48 7.142,36 7.340,70 13,097485140273
998 4.946,13 5.083,48 7.142,36 7.340,70 13,097485140273
999 4.946,13 5.083,48 7.142,36 7.340,70 13,097485140273
