1000
0 624,85 0,00 624,85 0,00 0
1 882,40 73,13 882,40 73,13 0
2 906,21 202,77 1.056,30 236,35 0
3 906,37 210,71 1.121,63 260,75 0
4 906,37 210,71 1.127,91 262,21 0
5 906,37 210,71 1.127,91 262,21 0
6 906,37 210,71 1.130,92 262,91 0
7 906,37 210,71 1.132,45 263,27 0
8 906,37 210,71 1.132,45 263,27 0
9 906,37 210,71 1.132,45 263,27 0
10 906,37 210,71 1.132,45 263,27 0
11 906,37 210,71 1.132,45 263,27 0
12 906,37 210,71 1.132,45 263,27 0
13 906,37 210,71 1.132,45 263,27 0
14 906,37 210,71 1.132,45 263,27 0
15 906,37 210,71 1.132,45 263,27 0
16 906,37 210,71 1.132,45 263,27 0
17 906,37 210,71 1.132,45 263,27 0
18 906,37 210,71 1.132,45 263,27 0
19 906,37 210,71 1.132,45 263,27 0
20 906,37 210,71 1.132,45 263,27 0
21 906,37 210,71 1.132,45 263,27 0
22 906,37 210,71 1.132,45 263,27 0
23 906,37 210,71 1.132,45 263,27 0
24 906,37 210,71 1.132,45 263,27 0
25 906,37 210,71 1.132,45 263,27 0
26 906,37 210,71 1.132,45 263,27 0
27 906,37 210,71 1.132,45 263,27 0
28 906,37 210,71 1.132,45 263,27 0
29 906,37 210,71 1.132,45 263,27 0
30 906,37 210,71 1.132,45 263,27 -67,798710082776
31 1.162,80 -1.736,06 1.452,84 -2.169,08 -67,798710082776
32 1.391,43 -1.176,49 1.321,25 -1.117,14 -67,798710082776
33 1.448,18 -1.446,32 1.489,23 -1.487,32 -67,798710082776
34 1.472,26 -1.422,90 1.517,14 -1.466,27 -67,798710082776
35 1.490,06 -1.405,84 1.631,30 -1.539,10 -67,798710082776
36 1.490,06 -1.405,84 1.573,40 -1.484,46 -67,798710082776
37 1.490,06 -1.405,84 1.587,25 -1.497,53 -67,798710082776
38 1.490,06 -1.405,84 1.620,44 -1.528,85 -67,798710082776
39 1.490,08 -1.405,27 1.590,67 -1.500,13 -67,798710082776
40 1.490,32 -1.406,19 1.585,13 -1.495,64 -67,798710082776
41 1.490,32 -1.406,19 1.601,44 -1.511,03 -67,798710082776
42 1.490,32 -1.406,19 1.619,59 -1.528,16 -67,798710082776
43 1.490,32 -1.406,19 1.577,72 -1.488,65 -67,798710082776
44 1.490,32 -1.406,19 1.614,42 -1.523,28 -67,798710082776
45 1.490,32 -1.406,19 1.614,42 -1.523,28 -67,798710082776
46 1.490,32 -1.406,19 1.614,42 -1.523,28 -67,798710082776
47 1.490,32 -1.406,19 1.614,42 -1.523,28 -67,798710082776
48 1.490,32 -1.406,19 1.614,42 -1.523,28 -67,798710082776
49 1.490,50 -1.407,38 1.614,62 -1.524,57 -67,798710082776
50 1.490,50 -1.407,38 1.614,33 -1.524,30 -67,798710082776
51 1.490,50 -1.407,38 1.614,33 -1.524,30 -67,798710082776
52 1.490,50 -1.407,38 1.614,33 -1.524,30 -67,798710082776
53 1.490,50 -1.407,38 1.614,33 -1.524,30 -67,798710082776
54 1.490,50 -1.407,38 1.614,33 -1.524,30 -67,798710082776
55 1.490,66 -1.408,40 1.614,50 -1.525,41 -67,798710082776
56 1.490,66 -1.408,40 1.614,25 -1.525,18 -67,798710082776
57 1.490,66 -1.408,40 1.614,25 -1.525,18 -67,798710082776
58 1.490,66 -1.408,40 1.614,25 -1.525,18 -67,798710082776
59 1.490,66 -1.408,40 1.614,25 -1.525,18 -67,798710082776
60 1.490,66 -1.408,40 1.614,25 -1.525,18 -14,4885856080564
61 1.490,67 -1.408,04 1.614,27 -1.524,79 -14,4885856080564
62 1.490,70 -1.408,22 1.614,50 -1.525,17 -14,4885856080564
63 1.490,73 -1.408,40 1.614,49 -1.525,33 -14,4885856080564
64 1.490,73 -1.408,40 1.614,45 -1.525,29 -14,4885856080564
65 1.490,73 -1.408,40 1.614,45 -1.525,29 -14,4885856080564
66 1.490,73 -1.408,40 1.614,12 -1.524,97 -14,4885856080564
67 1.490,73 -1.408,40 1.614,30 -1.525,14 -14,4885856080564
68 1.490,73 -1.408,40 1.614,46 -1.525,30 -14,4885856080564
69 1.490,73 -1.408,40 1.614,46 -1.525,30 -14,4885856080564
70 1.490,73 -1.408,40 1.614,46 -1.525,30 -14,4885856080564
71 1.490,73 -1.408,40 1.614,46 -1.525,30 -14,4885856080564
72 1.490,73 -1.408,40 1.614,46 -1.525,30 -14,4885856080564
73 1.490,73 -1.408,40 1.614,46 -1.525,30 -14,4885856080564
74 1.490,73 -1.408,40 1.614,46 -1.525,30 -14,4885856080564
75 1.490,73 -1.408,40 1.614,46 -1.525,30 -14,4885856080564
76 1.490,73 -1.408,40 1.614,46 -1.525,30 -14,4885856080564
77 1.490,73 -1.408,40 1.614,46 -1.525,30 -14,4885856080564
78 1.490,73 -1.408,40 1.614,46 -1.525,30 -14,4885856080564
79 1.490,73 -1.408,40 1.614,46 -1.525,30 -14,4885856080564
80 1.490,73 -1.408,40 1.614,46 -1.525,30 -14,4885856080564
81 1.490,73 -1.408,40 1.614,46 -1.525,30 -14,4885856080564
82 1.490,73 -1.408,40 1.614,46 -1.525,30 -14,4885856080564
83 1.490,73 -1.408,40 1.614,46 -1.525,30 -14,4885856080564
84 1.490,73 -1.408,40 1.614,46 -1.525,30 -14,4885856080564
85 1.490,73 -1.408,40 1.614,46 -1.525,30 -14,4885856080564
86 1.490,73 -1.408,40 1.614,46 -1.525,30 -14,4885856080564
87 1.490,73 -1.408,40 1.614,46 -1.525,30 -14,4885856080564
88 1.490,83 -1.409,17 1.614,57 -1.526,13 -14,4885856080564
89 1.490,83 -1.409,17 1.614,38 -1.525,96 -14,4885856080564
90 1.490,83 -1.409,17 1.614,38 -1.525,96 -45,1315240697895
91 1.491,16 -1.409,38 1.614,74 -1.526,19 -45,1315240697895
92 1.491,48 -1.410,71 1.614,94 -1.527,48 -45,1315240697895
93 1.491,60 -1.409,78 1.614,69 -1.526,12 -45,1315240697895
94 1.491,70 -1.410,41 1.615,23 -1.527,20 -45,1315240697895
95 1.491,70 -1.410,41 1.615,02 -1.527,00 -45,1315240697895
96 1.491,70 -1.410,41 1.615,09 -1.527,07 -45,1315240697895
97 1.491,70 -1.410,41 1.615,09 -1.527,07 -45,1315240697895
98 1.491,70 -1.410,41 1.615,09 -1.527,07 -45,1315240697895
99 1.491,70 -1.410,41 1.615,09 -1.527,07 -45,1315240697895
100 1.491,73 -1.410,40 1.615,13 -1.527,07 -45,1315240697895
101 1.491,73 -1.410,40 1.615,13 -1.527,07 -45,1315240697895
102 1.491,73 -1.410,40 1.615,13 -1.527,07 -45,1315240697895
103 1.491,73 -1.410,40 1.615,13 -1.527,07 -45,1315240697895
104 1.491,73 -1.410,40 1.615,13 -1.527,07 -45,1315240697895
105 1.491,73 -1.410,40 1.615,13 -1.527,07 -45,1315240697895
106 1.491,73 -1.410,40 1.615,13 -1.527,07 -45,1315240697895
107 1.491,73 -1.410,40 1.615,13 -1.527,07 -45,1315240697895
108 1.491,73 -1.410,40 1.615,13 -1.527,07 -45,1315240697895
109 1.491,73 -1.410,40 1.615,13 -1.527,07 -45,1315240697895
110 1.491,73 -1.410,40 1.615,13 -1.527,07 -45,1315240697895
111 1.491,73 -1.410,40 1.615,13 -1.527,07 -45,1315240697895
112 1.491,73 -1.410,40 1.615,13 -1.527,07 -45,1315240697895
113 1.491,73 -1.410,40 1.615,13 -1.527,07 -45,1315240697895
114 1.491,73 -1.410,40 1.615,13 -1.527,07 -45,1315240697895
115 1.491,73 -1.410,40 1.615,13 -1.527,07 -45,1315240697895
116 1.491,73 -1.410,40 1.615,13 -1.527,07 -45,1315240697895
117 1.491,73 -1.410,40 1.615,13 -1.527,07 -45,1315240697895
118 1.491,73 -1.410,40 1.615,13 -1.527,07 -45,1315240697895
119 1.491,73 -1.410,35 1.615,13 -1.527,02 -45,1315240697895
120 1.491,73 -1.410,35 1.615,14 -1.527,03 -3,22761182994621
121 1.491,74 -1.409,66 1.615,16 -1.526,28 -3,22761182994621
122 1.491,74 -1.409,66 1.615,38 -1.526,49 -3,22761182994621
123 1.491,74 -1.409,66 1.615,38 -1.526,49 -3,22761182994621
124 1.491,74 -1.409,66 1.615,38 -1.526,49 -3,22761182994621
125 1.491,74 -1.409,66 1.615,38 -1.526,49 -3,22761182994621
126 1.491,74 -1.409,66 1.615,38 -1.526,49 -3,22761182994621
127 1.491,74 -1.409,66 1.615,38 -1.526,49 -3,22761182994621
128 1.491,74 -1.409,66 1.615,38 -1.526,49 -3,22761182994621
129 1.491,74 -1.409,66 1.615,38 -1.526,49 -3,22761182994621
130 1.491,74 -1.409,66 1.615,38 -1.526,49 -3,22761182994621
131 1.491,74 -1.409,66 1.615,38 -1.526,49 -3,22761182994621
132 1.491,74 -1.409,66 1.615,38 -1.526,49 -3,22761182994621
133 1.491,74 -1.409,66 1.615,38 -1.526,49 -3,22761182994621
134 1.491,74 -1.409,66 1.615,38 -1.526,49 -3,22761182994621
135 1.491,74 -1.409,66 1.615,38 -1.526,49 -3,22761182994621
136 1.491,74 -1.409,66 1.615,38 -1.526,49 -3,22761182994621
137 1.491,74 -1.409,66 1.615,38 -1.526,49 -3,22761182994621
138 1.491,74 -1.409,66 1.615,38 -1.526,49 -3,22761182994621
139 1.491,74 -1.409,66 1.615,38 -1.526,49 -3,22761182994621
140 1.491,74 -1.409,66 1.615,38 -1.526,49 -3,22761182994621
141 1.491,74 -1.409,66 1.615,38 -1.526,49 -3,22761182994621
142 1.491,74 -1.409,66 1.615,38 -1.526,49 -3,22761182994621
143 1.491,74 -1.409,66 1.615,38 -1.526,49 -3,22761182994621
144 1.491,74 -1.409,66 1.615,38 -1.526,49 -3,22761182994621
145 1.491,74 -1.409,66 1.615,38 -1.526,49 -3,22761182994621
146 1.491,74 -1.409,66 1.615,38 -1.526,49 -3,22761182994621
147 1.491,74 -1.409,66 1.615,38 -1.526,49 -3,22761182994621
148 1.491,74 -1.409,66 1.615,38 -1.526,49 -3,22761182994621
149 1.491,74 -1.409,66 1.615,38 -1.526,49 -3,22761182994621
150 1.491,74 -1.409,66 1.615,38 -1.526,49 -60,0858766914587
151 1.491,83 -1.410,15 1.615,47 -1.527,02 -60,0858766914587
152 1.491,85 -1.409,93 1.615,34 -1.526,64 -60,0858766914587
153 1.491,85 -1.410,16 1.615,42 -1.526,96 -60,0858766914587
154 1.491,85 -1.410,16 1.615,31 -1.526,86 -60,0858766914587
155 1.491,85 -1.410,16 1.615,38 -1.526,92 -60,0858766914587
156 1.491,94 -1.410,08 1.615,43 -1.526,79 -60,0858766914587
157 1.491,94 -1.410,08 1.615,45 -1.526,81 -60,0858766914587
158 1.491,94 -1.410,09 1.615,45 -1.526,82 -60,0858766914587
159 1.491,94 -1.410,10 1.615,45 -1.526,83 -60,0858766914587
160 1.491,94 -1.410,10 1.615,44 -1.526,83 -60,0858766914587
161 1.491,94 -1.410,11 1.615,44 -1.526,84 -60,0858766914587
162 1.491,94 -1.410,12 1.615,47 -1.526,87 -60,0858766914587
163 1.491,94 -1.410,13 1.615,47 -1.526,88 -60,0858766914587
164 1.491,94 -1.410,13 1.615,47 -1.526,88 -60,0858766914587
165 1.491,94 -1.410,13 1.615,47 -1.526,89 -60,0858766914587
166 1.491,94 -1.410,14 1.615,47 -1.526,89 -60,0858766914587
167 1.491,94 -1.410,14 1.615,47 -1.526,89 -60,0858766914587
168 1.491,94 -1.410,14 1.615,47 -1.526,89 -60,0858766914587
169 1.491,94 -1.410,14 1.615,47 -1.526,89 -60,0858766914587
170 1.491,94 -1.410,14 1.615,47 -1.526,89 -60,0858766914587
171 1.491,94 -1.410,14 1.615,47 -1.526,89 -60,0858766914587
172 1.491,94 -1.410,14 1.615,47 -1.526,89 -60,0858766914587
173 1.491,94 -1.410,14 1.615,47 -1.526,89 -60,0858766914587
174 1.491,94 -1.410,14 1.615,47 -1.526,89 -60,0858766914587
175 1.491,94 -1.410,14 1.615,47 -1.526,89 -60,0858766914587
176 1.491,94 -1.410,14 1.615,47 -1.526,89 -60,0858766914587
177 1.491,94 -1.410,14 1.615,47 -1.526,89 -60,0858766914587
178 1.491,94 -1.410,14 1.615,47 -1.526,89 -60,0858766914587
179 1.491,94 -1.410,14 1.615,47 -1.526,89 -60,0858766914587
180 1.491,94 -1.410,14 1.615,47 -1.526,89 -5,41397092299187
181 1.491,97 -1.409,72 1.615,50 -1.526,44 -5,41397092299187
182 1.491,97 -1.409,72 1.615,55 -1.526,49 -5,41397092299187
183 1.491,97 -1.409,72 1.615,55 -1.526,49 -5,41397092299187
184 1.491,97 -1.409,72 1.615,55 -1.526,49 -5,41397092299187
185 1.491,97 -1.409,72 1.615,55 -1.526,49 -5,41397092299187
186 1.491,97 -1.409,72 1.615,55 -1.526,49 -5,41397092299187
187 1.491,97 -1.409,72 1.615,55 -1.526,49 -5,41397092299187
188 1.491,97 -1.409,72 1.615,55 -1.526,49 -5,41397092299187
189 1.491,97 -1.409,72 1.615,55 -1.526,49 -5,41397092299187
190 1.491,97 -1.409,72 1.615,55 -1.526,49 -5,41397092299187
191 1.491,97 -1.409,72 1.615,55 -1.526,49 -5,41397092299187
192 1.491,97 -1.409,72 1.615,55 -1.526,49 -5,41397092299187
193 1.491,97 -1.409,72 1.615,55 -1.526,49 -5,41397092299187
194 1.491,97 -1.409,72 1.615,55 -1.526,49 -5,41397092299187
195 1.491,97 -1.409,72 1.615,56 -1.526,50 -5,41397092299187
196 1.491,97 -1.409,72 1.615,56 -1.526,50 -5,41397092299187
197 1.491,97 -1.409,72 1.615,56 -1.526,50 -5,41397092299187
198 1.491,97 -1.409,72 1.615,56 -1.526,50 -5,41397092299187
199 1.491,97 -1.409,72 1.615,56 -1.526,50 -5,41397092299187
200 1.491,97 -1.409,72 1.615,56 -1.526,50 -5,41397092299187
201 1.491,97 -1.409,72 1.615,56 -1.526,50 -5,41397092299187
202 1.491,97 -1.409,72 1.615,56 -1.526,50 -5,41397092299187
203 1.491,97 -1.409,72 1.615,56 -1.526,50 -5,41397092299187
204 1.491,97 -1.409,72 1.615,56 -1.526,50 -5,41397092299187
205 1.491,97 -1.409,72 1.615,56 -1.526,50 -5,41397092299187
206 1.491,97 -1.409,72 1.615,56 -1.526,50 -5,41397092299187
207 1.491,97 -1.409,72 1.615,56 -1.526,50 -5,41397092299187
208 1.491,97 -1.409,72 1.615,56 -1.526,50 -5,41397092299187
209 1.491,97 -1.409,72 1.615,56 -1.526,50 -5,41397092299187
210 1.491,97 -1.409,72 1.615,56 -1.526,50 -35,4425956287099
211 1.492,00 -1.409,84 1.615,60 -1.526,63 -35,4425956287099
212 1.491,99 -1.409,85 1.615,55 -1.526,61 -35,4425956287099
213 1.492,05 -1.410,05 1.615,53 -1.526,75 -35,4425956287099
214 1.492,05 -1.410,05 1.615,52 -1.526,74 -35,4425956287099
215 1.492,05 -1.410,05 1.615,52 -1.526,74 -35,4425956287099
216 1.492,05 -1.410,05 1.615,52 -1.526,74 -35,4425956287099
217 1.492,05 -1.410,05 1.615,52 -1.526,74 -35,4425956287099
218 1.492,05 -1.410,05 1.615,52 -1.526,74 -35,4425956287099
219 1.492,05 -1.410,05 1.615,52 -1.526,74 -35,4425956287099
220 1.492,05 -1.410,05 1.615,52 -1.526,74 -35,4425956287099
221 1.492,05 -1.410,05 1.615,52 -1.526,74 -35,4425956287099
222 1.492,05 -1.410,05 1.615,52 -1.526,74 -35,4425956287099
223 1.492,05 -1.410,05 1.615,52 -1.526,74 -35,4425956287099
224 1.492,05 -1.410,05 1.615,52 -1.526,74 -35,4425956287099
225 1.492,05 -1.410,05 1.615,52 -1.526,74 -35,4425956287099
226 1.492,05 -1.410,05 1.615,52 -1.526,74 -35,4425956287099
227 1.492,05 -1.410,05 1.615,52 -1.526,74 -35,4425956287099
228 1.492,05 -1.410,05 1.615,52 -1.526,74 -35,4425956287099
229 1.492,05 -1.410,05 1.615,52 -1.526,74 -35,4425956287099
230 1.492,05 -1.410,05 1.615,52 -1.526,74 -35,4425956287099
231 1.492,05 -1.410,05 1.615,52 -1.526,74 -35,4425956287099
232 1.492,05 -1.410,05 1.615,52 -1.526,74 -35,4425956287099
233 1.492,05 -1.410,05 1.615,52 -1.526,74 -35,4425956287099
234 1.492,05 -1.410,05 1.615,52 -1.526,74 -35,4425956287099
235 1.492,05 -1.410,05 1.615,52 -1.526,74 -35,4425956287099
236 1.492,05 -1.410,05 1.615,52 -1.526,74 -35,4425956287099
237 1.492,05 -1.410,05 1.615,52 -1.526,74 -35,4425956287099
238 1.492,05 -1.410,05 1.615,52 -1.526,74 -35,4425956287099
239 1.492,05 -1.410,05 1.615,52 -1.526,74 -35,4425956287099
240 1.492,05 -1.410,05 1.615,52 -1.526,74 26,5863710101994
241 1.492,08 -1.409,63 1.615,55 -1.526,29 26,5863710101994
242 1.492,08 -1.409,63 1.615,64 -1.526,37 26,5863710101994
243 1.492,08 -1.409,63 1.615,64 -1.526,37 26,5863710101994
244 1.492,08 -1.409,63 1.615,64 -1.526,37 26,5863710101994
245 1.492,08 -1.409,63 1.615,63 -1.526,36 26,5863710101994
246 1.492,08 -1.409,63 1.615,63 -1.526,36 26,5863710101994
247 1.492,08 -1.409,63 1.615,63 -1.526,36 26,5863710101994
248 1.492,08 -1.409,63 1.615,63 -1.526,36 26,5863710101994
249 1.492,08 -1.409,63 1.615,63 -1.526,36 26,5863710101994
250 1.492,08 -1.409,63 1.615,63 -1.526,36 26,5863710101994
251 1.492,08 -1.409,63 1.615,63 -1.526,36 26,5863710101994
252 1.492,08 -1.409,63 1.615,63 -1.526,36 26,5863710101994
253 1.492,08 -1.409,63 1.615,63 -1.526,36 26,5863710101994
254 1.492,08 -1.409,63 1.615,63 -1.526,36 26,5863710101994
255 1.492,08 -1.409,63 1.615,63 -1.526,36 26,5863710101994
256 1.492,08 -1.409,63 1.615,63 -1.526,36 26,5863710101994
257 1.492,08 -1.409,63 1.615,63 -1.526,36 26,5863710101994
258 1.492,08 -1.409,63 1.615,63 -1.526,36 26,5863710101994
259 1.492,08 -1.409,63 1.615,63 -1.526,36 26,5863710101994
260 1.492,08 -1.409,63 1.615,63 -1.526,36 26,5863710101994
261 1.492,08 -1.409,63 1.615,63 -1.526,36 26,5863710101994
262 1.492,08 -1.409,63 1.615,63 -1.526,36 26,5863710101994
263 1.492,08 -1.409,63 1.615,63 -1.526,36 26,5863710101994
264 1.492,08 -1.409,63 1.615,63 -1.526,36 26,5863710101994
265 1.492,08 -1.409,63 1.615,63 -1.526,36 26,5863710101994
266 1.492,08 -1.409,63 1.615,63 -1.526,36 26,5863710101994
267 1.492,08 -1.409,63 1.615,63 -1.526,36 26,5863710101994
268 1.492,08 -1.409,63 1.615,63 -1.526,36 26,5863710101994
269 1.492,08 -1.409,63 1.615,63 -1.526,36 26,5863710101994
270 1.492,08 -1.409,63 1.615,63 -1.526,36 -32,1557535445751
271 1.492,11 -1.409,85 1.615,67 -1.526,60 -32,1557535445751
272 1.492,11 -1.409,67 1.615,61 -1.526,35 -32,1557535445751
273 1.492,14 -1.409,84 1.615,67 -1.526,56 -32,1557535445751
274 1.492,14 -1.409,84 1.615,61 -1.526,50 -32,1557535445751
275 1.492,14 -1.409,84 1.615,61 -1.526,50 -32,1557535445751
276 1.492,14 -1.409,84 1.615,61 -1.526,50 -32,1557535445751
277 1.492,14 -1.409,84 1.615,61 -1.526,50 -32,1557535445751
278 1.492,14 -1.409,84 1.615,61 -1.526,50 -32,1557535445751
279 1.492,14 -1.409,84 1.615,61 -1.526,50 -32,1557535445751
280 1.492,14 -1.409,84 1.615,61 -1.526,50 -32,1557535445751
281 1.492,14 -1.409,84 1.615,61 -1.526,50 -32,1557535445751
282 1.492,14 -1.409,84 1.615,61 -1.526,50 -32,1557535445751
283 1.492,14 -1.409,84 1.615,61 -1.526,50 -32,1557535445751
284 1.492,14 -1.409,84 1.615,61 -1.526,50 -32,1557535445751
285 1.492,14 -1.409,84 1.615,61 -1.526,50 -32,1557535445751
286 1.492,14 -1.409,84 1.615,61 -1.526,50 -32,1557535445751
287 1.492,14 -1.409,84 1.615,61 -1.526,50 -32,1557535445751
288 1.492,14 -1.409,84 1.615,61 -1.526,50 -32,1557535445751
289 1.492,14 -1.409,84 1.615,61 -1.526,50 -32,1557535445751
290 1.492,14 -1.409,84 1.615,61 -1.526,50 -32,1557535445751
291 1.492,14 -1.409,84 1.615,61 -1.526,50 -32,1557535445751
292 1.492,14 -1.409,84 1.615,61 -1.526,50 -32,1557535445751
293 1.492,14 -1.409,84 1.615,61 -1.526,50 -32,1557535445751
294 1.492,14 -1.409,84 1.615,61 -1.526,50 -32,1557535445751
295 1.492,14 -1.409,84 1.615,61 -1.526,50 -32,1557535445751
296 1.492,14 -1.409,84 1.615,61 -1.526,50 -32,1557535445751
297 1.492,14 -1.409,84 1.615,61 -1.526,50 -32,1557535445751
298 1.492,14 -1.409,84 1.615,61 -1.526,50 -32,1557535445751
299 1.492,14 -1.409,84 1.615,61 -1.526,50 -32,1557535445751
300 1.492,14 -1.409,84 1.615,61 -1.526,50 52,6519269749122
301 1.492,17 -1.409,81 1.615,65 -1.526,47 52,6519269749122
302 1.492,17 -1.409,81 1.615,69 -1.526,51 52,6519269749122
303 1.492,17 -1.409,81 1.615,69 -1.526,51 52,6519269749122
304 1.492,17 -1.409,81 1.615,69 -1.526,51 52,6519269749122
305 1.492,17 -1.409,81 1.615,69 -1.526,51 52,6519269749122
306 1.492,17 -1.409,81 1.615,69 -1.526,51 52,6519269749122
307 1.492,17 -1.409,81 1.615,70 -1.526,52 52,6519269749122
308 1.492,17 -1.409,81 1.615,70 -1.526,52 52,6519269749122
309 1.492,17 -1.409,70 1.615,70 -1.526,40 52,6519269749122
310 1.492,17 -1.409,70 1.615,72 -1.526,43 52,6519269749122
311 1.492,17 -1.409,70 1.615,72 -1.526,43 52,6519269749122
312 1.492,17 -1.409,70 1.615,72 -1.526,43 52,6519269749122
313 1.492,17 -1.409,70 1.615,72 -1.526,43 52,6519269749122
314 1.492,17 -1.409,70 1.615,72 -1.526,43 52,6519269749122
315 1.492,17 -1.409,70 1.615,72 -1.526,43 52,6519269749122
316 1.492,17 -1.409,70 1.615,72 -1.526,43 52,6519269749122
317 1.492,17 -1.409,70 1.615,72 -1.526,43 52,6519269749122
318 1.492,17 -1.409,70 1.615,72 -1.526,43 52,6519269749122
319 1.492,17 -1.409,70 1.615,72 -1.526,43 52,6519269749122
320 1.492,17 -1.409,70 1.615,72 -1.526,43 52,6519269749122
321 1.492,17 -1.409,70 1.615,72 -1.526,43 52,6519269749122
322 1.492,17 -1.409,70 1.615,72 -1.526,43 52,6519269749122
323 1.492,17 -1.409,70 1.615,72 -1.526,43 52,6519269749122
324 1.492,17 -1.409,70 1.615,72 -1.526,43 52,6519269749122
325 1.492,17 -1.409,70 1.615,72 -1.526,43 52,6519269749122
326 1.492,17 -1.409,70 1.615,72 -1.526,43 52,6519269749122
327 1.492,17 -1.409,70 1.615,72 -1.526,43 52,6519269749122
328 1.492,17 -1.409,70 1.615,72 -1.526,43 52,6519269749122
329 1.492,17 -1.409,70 1.615,72 -1.526,43 52,6519269749122
330 1.492,17 -1.409,70 1.615,72 -1.526,43 -29,1312501005429
331 1.492,19 -1.409,82 1.615,74 -1.526,55 -29,1312501005429
332 1.492,19 -1.409,82 1.615,70 -1.526,52 -29,1312501005429
333 1.492,19 -1.409,82 1.615,68 -1.526,50 -29,1312501005429
334 1.492,18 -1.409,67 1.615,70 -1.526,36 -29,1312501005429
335 1.492,21 -1.409,80 1.615,77 -1.526,53 -29,1312501005429
336 1.492,21 -1.409,80 1.615,74 -1.526,50 -29,1312501005429
337 1.492,21 -1.409,80 1.615,74 -1.526,50 -29,1312501005429
338 1.492,21 -1.409,80 1.615,74 -1.526,50 -29,1312501005429
339 1.492,21 -1.409,80 1.615,74 -1.526,50 -29,1312501005429
340 1.492,21 -1.409,80 1.615,74 -1.526,50 -29,1312501005429
341 1.492,21 -1.409,80 1.615,74 -1.526,50 -29,1312501005429
342 1.492,21 -1.409,80 1.615,74 -1.526,50 -29,1312501005429
343 1.492,21 -1.409,80 1.615,74 -1.526,50 -29,1312501005429
344 1.492,21 -1.409,80 1.615,74 -1.526,50 -29,1312501005429
345 1.492,21 -1.409,80 1.615,74 -1.526,50 -29,1312501005429
346 1.492,21 -1.409,80 1.615,74 -1.526,50 -29,1312501005429
347 1.492,21 -1.409,80 1.615,74 -1.526,50 -29,1312501005429
348 1.492,21 -1.409,80 1.615,74 -1.526,50 -29,1312501005429
349 1.492,21 -1.409,80 1.615,74 -1.526,50 -29,1312501005429
350 1.492,21 -1.409,80 1.615,74 -1.526,50 -29,1312501005429
351 1.492,21 -1.409,80 1.615,74 -1.526,50 -29,1312501005429
352 1.492,21 -1.409,80 1.615,74 -1.526,50 -29,1312501005429
353 1.492,21 -1.409,80 1.615,74 -1.526,50 -29,1312501005429
354 1.492,21 -1.409,80 1.615,74 -1.526,50 -29,1312501005429
355 1.492,21 -1.409,80 1.615,74 -1.526,50 -29,1312501005429
356 1.492,21 -1.409,80 1.615,74 -1.526,50 -29,1312501005429
357 1.492,21 -1.409,80 1.615,74 -1.526,50 -29,1312501005429
358 1.492,21 -1.409,80 1.615,74 -1.526,50 -29,1312501005429
359 1.492,21 -1.409,80 1.615,74 -1.526,50 -29,1312501005429
360 1.492,21 -1.409,80 1.615,74 -1.526,50 -13,0766494332762
361 1.492,21 -1.409,80 1.615,74 -1.526,50 -13,0766494332762
362 1.492,21 -1.409,80 1.615,74 -1.526,50 -13,0766494332762
363 1.492,21 -1.409,80 1.615,74 -1.526,50 -13,0766494332762
364 1.492,21 -1.409,80 1.615,74 -1.526,50 -13,0766494332762
365 1.492,21 -1.409,80 1.615,74 -1.526,50 -13,0766494332762
366 1.492,21 -1.409,80 1.615,74 -1.526,50 -13,0766494332762
367 1.492,21 -1.409,80 1.615,74 -1.526,50 -13,0766494332762
368 1.492,21 -1.409,80 1.615,74 -1.526,50 -13,0766494332762
369 1.492,21 -1.409,80 1.615,74 -1.526,50 -13,0766494332762
370 1.492,21 -1.409,80 1.615,74 -1.526,50 -13,0766494332762
371 1.492,21 -1.409,80 1.615,74 -1.526,50 -13,0766494332762
372 1.492,21 -1.409,80 1.615,74 -1.526,50 -13,0766494332762
373 1.492,21 -1.409,80 1.615,74 -1.526,50 -13,0766494332762
374 1.492,21 -1.409,80 1.615,74 -1.526,50 -13,0766494332762
375 1.492,21 -1.409,80 1.615,74 -1.526,50 -13,0766494332762
376 1.492,21 -1.409,80 1.615,74 -1.526,50 -13,0766494332762
377 1.492,21 -1.409,80 1.615,74 -1.526,50 -13,0766494332762
378 1.492,21 -1.409,80 1.615,74 -1.526,50 -13,0766494332762
379 1.492,21 -1.409,80 1.615,74 -1.526,50 -13,0766494332762
380 1.492,21 -1.409,80 1.615,74 -1.526,50 -13,0766494332762
381 1.492,21 -1.409,80 1.615,74 -1.526,50 -13,0766494332762
382 1.492,21 -1.409,80 1.615,74 -1.526,50 -13,0766494332762
383 1.492,21 -1.409,80 1.615,74 -1.526,50 -13,0766494332762
384 1.492,21 -1.409,80 1.615,74 -1.526,50 -13,0766494332762
385 1.492,21 -1.409,80 1.615,74 -1.526,50 -13,0766494332762
386 1.492,21 -1.409,80 1.615,74 -1.526,50 -13,0766494332762
387 1.492,21 -1.409,80 1.615,74 -1.526,50 -13,0766494332762
388 1.492,21 -1.409,80 1.615,74 -1.526,50 -13,0766494332762
389 1.492,21 -1.409,80 1.615,74 -1.526,50 -13,0766494332762
390 1.492,21 -1.409,80 1.615,74 -1.526,50 -5,02976757928023
391 1.492,21 -1.409,82 1.615,74 -1.526,53 -5,02976757928023
392 1.492,21 -1.409,82 1.615,72 -1.526,51 -5,02976757928023
393 1.492,21 -1.409,82 1.615,73 -1.526,52 -5,02976757928023
394 1.492,21 -1.409,82 1.615,73 -1.526,52 -5,02976757928023
395 1.492,21 -1.409,82 1.615,73 -1.526,52 -5,02976757928023
396 1.492,21 -1.409,82 1.615,73 -1.526,52 -5,02976757928023
397 1.492,21 -1.409,82 1.615,73 -1.526,52 -5,02976757928023
398 1.492,21 -1.409,82 1.615,73 -1.526,52 -5,02976757928023
399 1.492,21 -1.409,82 1.615,73 -1.526,52 -5,02976757928023
400 1.492,21 -1.409,82 1.615,73 -1.526,52 -5,02976757928023
401 1.492,21 -1.409,82 1.615,73 -1.526,52 -5,02976757928023
402 1.492,20 -1.409,70 1.615,72 -1.526,38 -5,02976757928023
403 1.492,20 -1.409,70 1.615,75 -1.526,41 -5,02976757928023
404 1.492,20 -1.409,70 1.615,75 -1.526,41 -5,02976757928023
405 1.492,20 -1.409,70 1.615,75 -1.526,41 -5,02976757928023
406 1.492,20 -1.409,70 1.615,75 -1.526,41 -5,02976757928023
407 1.492,20 -1.409,70 1.615,75 -1.526,41 -5,02976757928023
408 1.492,20 -1.409,70 1.615,75 -1.526,41 -5,02976757928023
409 1.492,20 -1.409,70 1.615,75 -1.526,41 -5,02976757928023
410 1.492,20 -1.409,70 1.615,75 -1.526,41 -5,02976757928023
411 1.492,20 -1.409,70 1.615,75 -1.526,41 -5,02976757928023
412 1.492,20 -1.409,70 1.615,75 -1.526,41 -5,02976757928023
413 1.492,20 -1.409,70 1.615,75 -1.526,41 -5,02976757928023
414 1.492,20 -1.409,70 1.615,75 -1.526,41 -5,02976757928023
415 1.492,20 -1.409,70 1.615,75 -1.526,41 -5,02976757928023
416 1.492,20 -1.409,70 1.615,75 -1.526,41 -5,02976757928023
417 1.492,20 -1.409,70 1.615,75 -1.526,41 -5,02976757928023
418 1.492,20 -1.409,70 1.615,75 -1.526,41 -5,02976757928023
419 1.492,20 -1.409,70 1.615,75 -1.526,41 -5,02976757928023
420 1.492,20 -1.409,70 1.615,75 -1.526,41 -6,07413224778915
421 1.492,24 -1.409,72 1.615,79 -1.526,44 -6,07413224778915
422 1.492,24 -1.409,61 1.615,77 -1.526,29 -6,07413224778915
423 1.492,26 -1.409,69 1.615,82 -1.526,40 -6,07413224778915
424 1.492,26 -1.409,69 1.615,79 -1.526,38 -6,07413224778915
425 1.492,26 -1.409,69 1.615,79 -1.526,38 -6,07413224778915
426 1.492,26 -1.409,69 1.615,79 -1.526,38 -6,07413224778915
427 1.492,26 -1.409,69 1.615,79 -1.526,38 -6,07413224778915
428 1.492,26 -1.409,69 1.615,79 -1.526,38 -6,07413224778915
429 1.492,26 -1.409,69 1.615,79 -1.526,38 -6,07413224778915
430 1.492,26 -1.409,69 1.615,79 -1.526,38 -6,07413224778915
431 1.492,26 -1.409,69 1.615,79 -1.526,38 -6,07413224778915
432 1.492,26 -1.409,69 1.615,79 -1.526,38 -6,07413224778915
433 1.492,26 -1.409,69 1.615,79 -1.526,38 -6,07413224778915
434 1.492,26 -1.409,69 1.615,79 -1.526,38 -6,07413224778915
435 1.492,26 -1.409,69 1.615,79 -1.526,38 -6,07413224778915
436 1.492,26 -1.409,69 1.615,79 -1.526,38 -6,07413224778915
437 1.492,26 -1.409,69 1.615,79 -1.526,38 -6,07413224778915
438 1.492,26 -1.409,69 1.615,79 -1.526,38 -6,07413224778915
439 1.492,26 -1.409,69 1.615,79 -1.526,38 -6,07413224778915
440 1.492,26 -1.409,69 1.615,79 -1.526,38 -6,07413224778915
441 1.492,26 -1.409,69 1.615,79 -1.526,38 -6,07413224778915
442 1.492,26 -1.409,69 1.615,79 -1.526,38 -6,07413224778915
443 1.492,26 -1.409,69 1.615,79 -1.526,38 -6,07413224778915
444 1.492,26 -1.409,69 1.615,79 -1.526,38 -6,07413224778915
445 1.492,26 -1.409,69 1.615,79 -1.526,38 -6,07413224778915
446 1.492,26 -1.409,69 1.615,79 -1.526,38 -6,07413224778915
447 1.492,26 -1.409,69 1.615,79 -1.526,38 -6,07413224778915
448 1.492,26 -1.409,69 1.615,79 -1.526,38 -6,07413224778915
449 1.492,26 -1.409,69 1.615,79 -1.526,38 -6,07413224778915
450 1.492,26 -1.409,69 1.615,79 -1.526,38 -59,6267536375499
451 1.492,26 -1.409,69 1.615,79 -1.526,38 -59,6267536375499
452 1.492,26 -1.409,69 1.615,79 -1.526,38 -59,6267536375499
453 1.492,26 -1.409,69 1.615,78 -1.526,37 -59,6267536375499
454 1.492,26 -1.409,69 1.615,78 -1.526,37 -59,6267536375499
455 1.492,26 -1.409,69 1.615,78 -1.526,37 -59,6267536375499
456 1.492,26 -1.409,69 1.615,78 -1.526,37 -59,6267536375499
457 1.492,26 -1.409,69 1.615,78 -1.526,37 -59,6267536375499
458 1.492,26 -1.409,69 1.615,78 -1.526,37 -59,6267536375499
459 1.492,26 -1.409,69 1.615,78 -1.526,37 -59,6267536375499
460 1.492,26 -1.409,69 1.615,78 -1.526,37 -59,6267536375499
461 1.492,26 -1.409,69 1.615,78 -1.526,37 -59,6267536375499
462 1.492,26 -1.409,69 1.615,78 -1.526,37 -59,6267536375499
463 1.492,26 -1.409,69 1.615,78 -1.526,37 -59,6267536375499
464 1.492,26 -1.409,69 1.615,78 -1.526,37 -59,6267536375499
465 1.492,26 -1.409,69 1.615,78 -1.526,37 -59,6267536375499
466 1.492,26 -1.409,69 1.615,78 -1.526,37 -59,6267536375499
467 1.492,26 -1.409,69 1.615,78 -1.526,37 -59,6267536375499
468 1.492,26 -1.409,69 1.615,78 -1.526,37 -59,6267536375499
469 1.492,26 -1.409,69 1.615,78 -1.526,37 -59,6267536375499
470 1.492,26 -1.409,69 1.615,78 -1.526,37 -59,6267536375499
471 1.492,26 -1.409,69 1.615,78 -1.526,37 -59,6267536375499
472 1.492,26 -1.409,69 1.615,78 -1.526,37 -59,6267536375499
473 1.492,26 -1.409,69 1.615,78 -1.526,37 -59,6267536375499
474 1.492,26 -1.409,69 1.615,78 -1.526,37 -59,6267536375499
475 1.492,26 -1.409,69 1.615,78 -1.526,37 -59,6267536375499
476 1.492,26 -1.409,69 1.615,78 -1.526,37 -59,6267536375499
477 1.492,26 -1.409,69 1.615,78 -1.526,37 -59,6267536375499
478 1.492,26 -1.409,69 1.615,78 -1.526,37 -59,6267536375499
479 1.492,26 -1.409,69 1.615,78 -1.526,37 -59,6267536375499
480 1.492,26 -1.409,69 1.615,78 -1.526,37 0,265665765785711
481 1.492,26 -1.409,69 1.615,78 -1.526,37 0,265665765785711
482 1.492,26 -1.409,69 1.615,78 -1.526,37 0,265665765785711
483 1.492,26 -1.409,69 1.615,78 -1.526,37 0,265665765785711
484 1.492,26 -1.409,69 1.615,78 -1.526,37 0,265665765785711
485 1.492,26 -1.409,69 1.615,78 -1.526,37 0,265665765785711
486 1.492,26 -1.409,69 1.615,78 -1.526,37 0,265665765785711
487 1.492,26 -1.409,69 1.615,78 -1.526,37 0,265665765785711
488 1.492,26 -1.409,69 1.615,78 -1.526,37 0,265665765785711
489 1.492,26 -1.409,69 1.615,78 -1.526,37 0,265665765785711
490 1.492,26 -1.409,69 1.615,78 -1.526,37 0,265665765785711
491 1.492,26 -1.409,69 1.615,78 -1.526,37 0,265665765785711
492 1.492,26 -1.409,69 1.615,78 -1.526,37 0,265665765785711
493 1.492,26 -1.409,69 1.615,78 -1.526,37 0,265665765785711
494 1.492,26 -1.409,69 1.615,78 -1.526,37 0,265665765785711
495 1.492,26 -1.409,69 1.615,78 -1.526,37 0,265665765785711
496 1.492,26 -1.409,69 1.615,78 -1.526,37 0,265665765785711
497 1.492,26 -1.409,69 1.615,78 -1.526,37 0,265665765785711
498 1.492,26 -1.409,69 1.615,78 -1.526,37 0,265665765785711
499 1.492,26 -1.409,69 1.615,78 -1.526,37 0,265665765785711
500 1.492,26 -1.409,69 1.615,78 -1.526,37 0,265665765785711
501 1.492,26 -1.409,69 1.615,78 -1.526,37 0,265665765785711
502 1.492,26 -1.409,69 1.615,78 -1.526,37 0,265665765785711
503 1.492,26 -1.409,69 1.615,78 -1.526,37 0,265665765785711
504 1.492,26 -1.409,69 1.615,78 -1.526,37 0,265665765785711
505 1.492,26 -1.409,69 1.615,78 -1.526,37 0,265665765785711
506 1.492,26 -1.409,69 1.615,78 -1.526,37 0,265665765785711
507 1.492,26 -1.409,69 1.615,78 -1.526,37 0,265665765785711
508 1.492,26 -1.409,69 1.615,78 -1.526,37 0,265665765785711
509 1.492,26 -1.409,69 1.615,78 -1.526,37 0,265665765785711
510 1.492,26 -1.409,69 1.615,78 -1.526,37 -21,1680934987498
511 1.492,26 -1.409,69 1.615,78 -1.526,37 -21,1680934987498
512 1.492,26 -1.409,69 1.615,80 -1.526,38 -21,1680934987498
513 1.492,26 -1.409,69 1.615,79 -1.526,38 -21,1680934987498
514 1.492,26 -1.409,69 1.615,79 -1.526,38 -21,1680934987498
515 1.492,26 -1.409,69 1.615,79 -1.526,38 -21,1680934987498
516 1.492,26 -1.409,69 1.615,79 -1.526,38 -21,1680934987498
517 1.492,26 -1.409,69 1.615,79 -1.526,38 -21,1680934987498
518 1.492,26 -1.409,69 1.615,79 -1.526,38 -21,1680934987498
519 1.492,26 -1.409,69 1.615,79 -1.526,38 -21,1680934987498
520 1.492,26 -1.409,69 1.615,79 -1.526,38 -21,1680934987498
521 1.492,26 -1.409,69 1.615,79 -1.526,38 -21,1680934987498
522 1.492,26 -1.409,69 1.615,79 -1.526,38 -21,1680934987498
523 1.492,26 -1.409,69 1.615,79 -1.526,38 -21,1680934987498
524 1.492,26 -1.409,69 1.615,79 -1.526,38 -21,1680934987498
525 1.492,26 -1.409,69 1.615,79 -1.526,38 -21,1680934987498
526 1.492,26 -1.409,69 1.615,79 -1.526,38 -21,1680934987498
527 1.492,26 -1.409,69 1.615,79 -1.526,38 -21,1680934987498
528 1.492,26 -1.409,69 1.615,79 -1.526,38 -21,1680934987498
529 1.492,26 -1.409,69 1.615,79 -1.526,38 -21,1680934987498
530 1.492,26 -1.409,69 1.615,79 -1.526,38 -21,1680934987498
531 1.492,26 -1.409,69 1.615,79 -1.526,38 -21,1680934987498
532 1.492,26 -1.409,69 1.615,79 -1.526,38 -21,1680934987498
533 1.492,26 -1.409,69 1.615,79 -1.526,38 -21,1680934987498
534 1.492,26 -1.409,69 1.615,79 -1.526,38 -21,1680934987498
535 1.492,26 -1.409,69 1.615,79 -1.526,38 -21,1680934987498
536 1.492,26 -1.409,69 1.615,79 -1.526,38 -21,1680934987498
537 1.492,26 -1.409,69 1.615,79 -1.526,38 -21,1680934987498
538 1.492,26 -1.409,69 1.615,79 -1.526,38 -21,1680934987498
539 1.492,26 -1.409,69 1.615,79 -1.526,38 -21,1680934987498
540 1.492,26 -1.409,69 1.615,79 -1.526,38 22,6811638784673
541 1.492,26 -1.409,69 1.615,79 -1.526,38 22,6811638784673
542 1.492,26 -1.409,69 1.615,79 -1.526,38 22,6811638784673
543 1.492,26 -1.409,69 1.615,79 -1.526,38 22,6811638784673
544 1.492,26 -1.409,69 1.615,79 -1.526,38 22,6811638784673
545 1.492,26 -1.409,71 1.615,79 -1.526,40 22,6811638784673
546 1.492,28 -1.409,65 1.615,80 -1.526,34 22,6811638784673
547 1.492,28 -1.409,65 1.615,82 -1.526,35 22,6811638784673
548 1.492,28 -1.409,65 1.615,82 -1.526,35 22,6811638784673
549 1.492,28 -1.409,65 1.615,82 -1.526,35 22,6811638784673
550 1.492,28 -1.409,65 1.615,82 -1.526,35 22,6811638784673
551 1.492,28 -1.409,65 1.615,82 -1.526,35 22,6811638784673
552 1.492,28 -1.409,65 1.615,82 -1.526,35 22,6811638784673
553 1.492,28 -1.409,65 1.615,82 -1.526,35 22,6811638784673
554 1.492,28 -1.409,65 1.615,82 -1.526,35 22,6811638784673
555 1.492,28 -1.409,65 1.615,82 -1.526,35 22,6811638784673
556 1.492,28 -1.409,65 1.615,82 -1.526,35 22,6811638784673
557 1.492,28 -1.409,65 1.615,82 -1.526,35 22,6811638784673
558 1.492,28 -1.409,65 1.615,82 -1.526,35 22,6811638784673
559 1.492,28 -1.409,65 1.615,82 -1.526,35 22,6811638784673
560 1.492,28 -1.409,65 1.615,82 -1.526,35 22,6811638784673
561 1.492,28 -1.409,65 1.615,82 -1.526,35 22,6811638784673
562 1.492,28 -1.409,65 1.615,82 -1.526,35 22,6811638784673
563 1.492,28 -1.409,65 1.615,82 -1.526,35 22,6811638784673
564 1.492,28 -1.409,65 1.615,82 -1.526,35 22,6811638784673
565 1.492,28 -1.409,65 1.615,82 -1.526,35 22,6811638784673
566 1.492,28 -1.409,65 1.615,82 -1.526,35 22,6811638784673
567 1.492,28 -1.409,65 1.615,82 -1.526,35 22,6811638784673
568 1.492,28 -1.409,65 1.615,82 -1.526,35 22,6811638784673
569 1.492,28 -1.409,65 1.615,82 -1.526,35 22,6811638784673
570 1.492,28 -1.409,65 1.615,82 -1.526,35 -29,7055274014002
571 1.492,29 -1.409,70 1.615,83 -1.526,40 -29,7055274014002
572 1.492,28 -1.409,61 1.615,81 -1.526,30 -29,7055274014002
573 1.492,29 -1.409,59 1.615,82 -1.526,28 -29,7055274014002
574 1.492,29 -1.409,69 1.615,85 -1.526,41 -29,7055274014002
575 1.492,29 -1.409,69 1.615,83 -1.526,39 -29,7055274014002
576 1.492,29 -1.409,69 1.615,83 -1.526,39 -29,7055274014002
577 1.492,29 -1.409,69 1.615,83 -1.526,39 -29,7055274014002
578 1.492,29 -1.409,69 1.615,83 -1.526,39 -29,7055274014002
579 1.492,29 -1.409,69 1.615,83 -1.526,39 -29,7055274014002
580 1.492,29 -1.409,69 1.615,83 -1.526,39 -29,7055274014002
581 1.492,29 -1.409,69 1.615,83 -1.526,39 -29,7055274014002
582 1.492,29 -1.409,69 1.615,83 -1.526,39 -29,7055274014002
583 1.492,29 -1.409,69 1.615,83 -1.526,39 -29,7055274014002
584 1.492,29 -1.409,69 1.615,83 -1.526,39 -29,7055274014002
585 1.492,29 -1.409,69 1.615,83 -1.526,39 -29,7055274014002
586 1.492,29 -1.409,69 1.615,83 -1.526,39 -29,7055274014002
587 1.492,29 -1.409,69 1.615,83 -1.526,39 -29,7055274014002
588 1.492,29 -1.409,69 1.615,83 -1.526,39 -29,7055274014002
589 1.492,29 -1.409,69 1.615,83 -1.526,39 -29,7055274014002
590 1.492,29 -1.409,69 1.615,83 -1.526,39 -29,7055274014002
591 1.492,29 -1.409,69 1.615,83 -1.526,39 -29,7055274014002
592 1.492,29 -1.409,69 1.615,83 -1.526,39 -29,7055274014002
593 1.492,29 -1.409,69 1.615,83 -1.526,39 -29,7055274014002
594 1.492,29 -1.409,69 1.615,83 -1.526,39 -29,7055274014002
595 1.492,29 -1.409,69 1.615,83 -1.526,39 -29,7055274014002
596 1.492,29 -1.409,69 1.615,83 -1.526,39 -29,7055274014002
597 1.492,29 -1.409,69 1.615,83 -1.526,39 -29,7055274014002
598 1.492,29 -1.409,69 1.615,83 -1.526,39 -29,7055274014002
599 1.492,29 -1.409,69 1.615,83 -1.526,39 -29,7055274014002
600 1.492,29 -1.409,69 1.615,83 -1.526,39 76,7885950676368
601 1.492,31 -1.409,68 1.615,84 -1.526,37 76,7885950676368
602 1.492,31 -1.409,68 1.615,85 -1.526,38 76,7885950676368
603 1.492,31 -1.409,68 1.615,85 -1.526,38 76,7885950676368
604 1.492,31 -1.409,68 1.615,85 -1.526,38 76,7885950676368
605 1.492,31 -1.409,68 1.615,85 -1.526,38 76,7885950676368
606 1.492,31 -1.409,68 1.615,85 -1.526,38 76,7885950676368
607 1.492,31 -1.409,68 1.615,85 -1.526,38 76,7885950676368
608 1.492,31 -1.409,68 1.615,85 -1.526,38 76,7885950676368
609 1.492,31 -1.409,68 1.615,85 -1.526,38 76,7885950676368
610 1.492,31 -1.409,68 1.615,85 -1.526,38 76,7885950676368
611 1.492,31 -1.409,68 1.615,85 -1.526,38 76,7885950676368
612 1.492,31 -1.409,68 1.615,85 -1.526,38 76,7885950676368
613 1.492,31 -1.409,68 1.615,85 -1.526,38 76,7885950676368
614 1.492,31 -1.409,68 1.615,85 -1.526,38 76,7885950676368
615 1.492,31 -1.409,68 1.615,85 -1.526,38 76,7885950676368
616 1.492,31 -1.409,68 1.615,85 -1.526,38 76,7885950676368
617 1.492,31 -1.409,68 1.615,85 -1.526,38 76,7885950676368
618 1.492,31 -1.409,68 1.615,85 -1.526,38 76,7885950676368
619 1.492,31 -1.409,68 1.615,85 -1.526,38 76,7885950676368
620 1.492,31 -1.409,68 1.615,85 -1.526,38 76,7885950676368
621 1.492,31 -1.409,68 1.615,85 -1.526,38 76,7885950676368
622 1.492,31 -1.409,68 1.615,85 -1.526,38 76,7885950676368
623 1.492,31 -1.409,68 1.615,85 -1.526,38 76,7885950676368
624 1.492,31 -1.409,68 1.615,85 -1.526,38 76,7885950676368
625 1.492,31 -1.409,68 1.615,85 -1.526,38 76,7885950676368
626 1.492,31 -1.409,68 1.615,85 -1.526,38 76,7885950676368
627 1.492,31 -1.409,68 1.615,85 -1.526,38 76,7885950676368
628 1.492,31 -1.409,68 1.615,85 -1.526,38 76,7885950676368
629 1.492,31 -1.409,68 1.615,85 -1.526,38 76,7885950676368
630 1.492,31 -1.409,68 1.615,85 -1.526,38 -1,11377543603566
631 1.492,31 -1.409,68 1.615,85 -1.526,38 -1,11377543603566
632 1.492,31 -1.409,68 1.615,85 -1.526,37 -1,11377543603566
633 1.492,31 -1.409,68 1.615,85 -1.526,37 -1,11377543603566
634 1.492,31 -1.409,68 1.615,85 -1.526,37 -1,11377543603566
635 1.492,31 -1.409,68 1.615,85 -1.526,37 -1,11377543603566
636 1.492,31 -1.409,68 1.615,85 -1.526,37 -1,11377543603566
637 1.492,31 -1.409,68 1.615,85 -1.526,37 -1,11377543603566
638 1.492,31 -1.409,68 1.615,85 -1.526,37 -1,11377543603566
639 1.492,31 -1.409,68 1.615,85 -1.526,37 -1,11377543603566
640 1.492,31 -1.409,68 1.615,85 -1.526,37 -1,11377543603566
641 1.492,31 -1.409,68 1.615,85 -1.526,37 -1,11377543603566
642 1.492,31 -1.409,68 1.615,85 -1.526,37 -1,11377543603566
643 1.492,31 -1.409,68 1.615,85 -1.526,37 -1,11377543603566
644 1.492,31 -1.409,68 1.615,85 -1.526,37 -1,11377543603566
645 1.492,31 -1.409,68 1.615,85 -1.526,37 -1,11377543603566
646 1.492,31 -1.409,68 1.615,85 -1.526,37 -1,11377543603566
647 1.492,31 -1.409,68 1.615,85 -1.526,37 -1,11377543603566
648 1.492,31 -1.409,68 1.615,85 -1.526,37 -1,11377543603566
649 1.492,31 -1.409,68 1.615,85 -1.526,37 -1,11377543603566
650 1.492,31 -1.409,68 1.615,85 -1.526,37 -1,11377543603566
651 1.492,31 -1.409,68 1.615,85 -1.526,37 -1,11377543603566
652 1.492,31 -1.409,68 1.615,85 -1.526,37 -1,11377543603566
653 1.492,31 -1.409,68 1.615,85 -1.526,37 -1,11377543603566
654 1.492,31 -1.409,68 1.615,85 -1.526,37 -1,11377543603566
655 1.492,31 -1.409,68 1.615,85 -1.526,37 -1,11377543603566
656 1.492,31 -1.409,68 1.615,85 -1.526,37 -1,11377543603566
657 1.492,31 -1.409,68 1.615,85 -1.526,37 -1,11377543603566
658 1.492,31 -1.409,68 1.615,85 -1.526,37 -1,11377543603566
659 1.492,31 -1.409,68 1.615,85 -1.526,37 -1,11377543603566
660 1.492,31 -1.409,68 1.615,85 -1.526,37 43,3530852133531
661 1.492,31 -1.409,68 1.615,85 -1.526,37 43,3530852133531
662 1.492,31 -1.409,68 1.615,85 -1.526,37 43,3530852133531
663 1.492,31 -1.409,68 1.615,85 -1.526,37 43,3530852133531
664 1.492,31 -1.409,68 1.615,85 -1.526,37 43,3530852133531
665 1.492,31 -1.409,68 1.615,85 -1.526,37 43,3530852133531
666 1.492,31 -1.409,68 1.615,85 -1.526,37 43,3530852133531
667 1.492,31 -1.409,68 1.615,85 -1.526,37 43,3530852133531
668 1.492,31 -1.409,68 1.615,85 -1.526,37 43,3530852133531
669 1.492,31 -1.409,68 1.615,85 -1.526,37 43,3530852133531
670 1.492,31 -1.409,68 1.615,85 -1.526,37 43,3530852133531
671 1.492,31 -1.409,68 1.615,85 -1.526,37 43,3530852133531
672 1.492,31 -1.409,68 1.615,85 -1.526,37 43,3530852133531
673 1.492,31 -1.409,68 1.615,85 -1.526,37 43,3530852133531
674 1.492,31 -1.409,68 1.615,85 -1.526,37 43,3530852133531
675 1.492,31 -1.409,68 1.615,85 -1.526,37 43,3530852133531
676 1.492,31 -1.409,68 1.615,85 -1.526,37 43,3530852133531
677 1.492,31 -1.409,68 1.615,85 -1.526,37 43,3530852133531
678 1.492,31 -1.409,68 1.615,85 -1.526,37 43,3530852133531
679 1.492,31 -1.409,68 1.615,85 -1.526,37 43,3530852133531
680 1.492,31 -1.409,68 1.615,85 -1.526,37 43,3530852133531
681 1.492,31 -1.409,68 1.615,85 -1.526,37 43,3530852133531
682 1.492,31 -1.409,68 1.615,85 -1.526,37 43,3530852133531
683 1.492,31 -1.409,68 1.615,85 -1.526,37 43,3530852133531
684 1.492,31 -1.409,68 1.615,85 -1.526,37 43,3530852133531
685 1.492,31 -1.409,68 1.615,85 -1.526,37 43,3530852133531
686 1.492,31 -1.409,68 1.615,85 -1.526,37 43,3530852133531
687 1.492,31 -1.409,68 1.615,85 -1.526,37 43,3530852133531
688 1.492,31 -1.409,68 1.615,85 -1.526,37 43,3530852133531
689 1.492,31 -1.409,68 1.615,85 -1.526,37 43,3530852133531
690 1.492,31 -1.409,68 1.615,85 -1.526,37 -46,6509075558188
691 1.492,31 -1.409,69 1.615,85 -1.526,39 -46,6509075558188
692 1.492,31 -1.409,69 1.615,85 -1.526,39 -46,6509075558188
693 1.492,31 -1.409,69 1.615,85 -1.526,39 -46,6509075558188
694 1.492,31 -1.409,69 1.615,85 -1.526,39 -46,6509075558188
695 1.492,31 -1.409,69 1.615,85 -1.526,39 -46,6509075558188
696 1.492,31 -1.409,69 1.615,85 -1.526,39 -46,6509075558188
697 1.492,31 -1.409,69 1.615,85 -1.526,39 -46,6509075558188
698 1.492,31 -1.409,69 1.615,85 -1.526,39 -46,6509075558188
699 1.492,31 -1.409,69 1.615,85 -1.526,39 -46,6509075558188
700 1.492,31 -1.409,69 1.615,85 -1.526,39 -46,6509075558188
701 1.492,31 -1.409,69 1.615,85 -1.526,39 -46,6509075558188
702 1.492,31 -1.409,69 1.615,85 -1.526,39 -46,6509075558188
703 1.492,31 -1.409,69 1.615,85 -1.526,39 -46,6509075558188
704 1.492,31 -1.409,69 1.615,85 -1.526,39 -46,6509075558188
705 1.492,31 -1.409,69 1.615,85 -1.526,39 -46,6509075558188
706 1.492,31 -1.409,69 1.615,85 -1.526,39 -46,6509075558188
707 1.492,31 -1.409,69 1.615,85 -1.526,39 -46,6509075558188
708 1.492,31 -1.409,69 1.615,85 -1.526,39 -46,6509075558188
709 1.492,31 -1.409,69 1.615,85 -1.526,39 -46,6509075558188
710 1.492,31 -1.409,69 1.615,85 -1.526,39 -46,6509075558188
711 1.492,31 -1.409,69 1.615,85 -1.526,39 -46,6509075558188
712 1.492,31 -1.409,69 1.615,85 -1.526,39 -46,6509075558188
713 1.492,31 -1.409,69 1.615,85 -1.526,39 -46,6509075558188
714 1.492,31 -1.409,69 1.615,85 -1.526,39 -46,6509075558188
715 1.492,31 -1.409,69 1.615,85 -1.526,39 -46,6509075558188
716 1.492,31 -1.409,69 1.615,85 -1.526,39 -46,6509075558188
717 1.492,31 -1.409,69 1.615,85 -1.526,39 -46,6509075558188
718 1.492,31 -1.409,69 1.615,85 -1.526,39 -46,6509075558188
719 1.492,31 -1.409,69 1.615,85 -1.526,39 -46,6509075558188
720 1.492,31 -1.409,69 1.615,85 -1.526,39 11,7216956052705
721 1.492,31 -1.409,69 1.615,85 -1.526,39 11,7216956052705
722 1.492,31 -1.409,69 1.615,85 -1.526,39 11,7216956052705
723 1.492,31 -1.409,69 1.615,85 -1.526,39 11,7216956052705
724 1.492,31 -1.409,69 1.615,85 -1.526,39 11,7216956052705
725 1.492,31 -1.409,69 1.615,85 -1.526,39 11,7216956052705
726 1.492,31 -1.409,69 1.615,85 -1.526,39 11,7216956052705
727 1.492,31 -1.409,69 1.615,85 -1.526,39 11,7216956052705
728 1.492,31 -1.409,69 1.615,85 -1.526,39 11,7216956052705
729 1.492,31 -1.409,69 1.615,85 -1.526,39 11,7216956052705
730 1.492,31 -1.409,69 1.615,85 -1.526,39 11,7216956052705
731 1.492,31 -1.409,69 1.615,85 -1.526,39 11,7216956052705
732 1.492,31 -1.409,69 1.615,85 -1.526,39 11,7216956052705
733 1.492,31 -1.409,69 1.615,85 -1.526,39 11,7216956052705
734 1.492,31 -1.409,69 1.615,85 -1.526,39 11,7216956052705
735 1.492,31 -1.409,69 1.615,85 -1.526,39 11,7216956052705
736 1.492,31 -1.409,69 1.615,85 -1.526,39 11,7216956052705
737 1.492,31 -1.409,69 1.615,85 -1.526,39 11,7216956052705
738 1.492,31 -1.409,69 1.615,85 -1.526,39 11,7216956052705
739 1.492,31 -1.409,69 1.615,85 -1.526,39 11,7216956052705
740 1.492,31 -1.409,69 1.615,85 -1.526,39 11,7216956052705
741 1.492,31 -1.409,69 1.615,85 -1.526,39 11,7216956052705
742 1.492,31 -1.409,69 1.615,85 -1.526,39 11,7216956052705
743 1.492,31 -1.409,69 1.615,85 -1.526,39 11,7216956052705
744 1.492,31 -1.409,69 1.615,85 -1.526,39 11,7216956052705
745 1.492,31 -1.409,69 1.615,85 -1.526,39 11,7216956052705
746 1.492,31 -1.409,69 1.615,85 -1.526,39 11,7216956052705
747 1.492,31 -1.409,69 1.615,85 -1.526,39 11,7216956052705
748 1.492,31 -1.409,69 1.615,85 -1.526,39 11,7216956052705
749 1.492,31 -1.409,69 1.615,85 -1.526,39 11,7216956052705
750 1.492,31 -1.409,69 1.615,85 -1.526,39 13,5505504255168
751 1.492,31 -1.409,69 1.615,85 -1.526,39 13,5505504255168
752 1.492,31 -1.409,69 1.615,84 -1.526,38 13,5505504255168
753 1.492,31 -1.409,69 1.615,84 -1.526,38 13,5505504255168
754 1.492,31 -1.409,69 1.615,84 -1.526,38 13,5505504255168
755 1.492,31 -1.409,69 1.615,84 -1.526,38 13,5505504255168
756 1.492,31 -1.409,69 1.615,84 -1.526,38 13,5505504255168
757 1.492,31 -1.409,69 1.615,84 -1.526,38 13,5505504255168
758 1.492,31 -1.409,69 1.615,84 -1.526,38 13,5505504255168
759 1.492,31 -1.409,69 1.615,84 -1.526,38 13,5505504255168
760 1.492,31 -1.409,69 1.615,84 -1.526,38 13,5505504255168
761 1.492,31 -1.409,69 1.615,84 -1.526,38 13,5505504255168
762 1.492,31 -1.409,69 1.615,84 -1.526,38 13,5505504255168
763 1.492,31 -1.409,69 1.615,84 -1.526,38 13,5505504255168
764 1.492,31 -1.409,69 1.615,84 -1.526,38 13,5505504255168
765 1.492,31 -1.409,69 1.615,84 -1.526,38 13,5505504255168
766 1.492,31 -1.409,69 1.615,84 -1.526,38 13,5505504255168
767 1.492,31 -1.409,69 1.615,84 -1.526,38 13,5505504255168
768 1.492,31 -1.409,69 1.615,84 -1.526,38 13,5505504255168
769 1.492,31 -1.409,69 1.615,84 -1.526,38 13,5505504255168
770 1.492,31 -1.409,69 1.615,84 -1.526,38 13,5505504255168
771 1.492,31 -1.409,69 1.615,84 -1.526,38 13,5505504255168
772 1.492,31 -1.409,69 1.615,84 -1.526,38 13,5505504255168
773 1.492,31 -1.409,69 1.615,84 -1.526,38 13,5505504255168
774 1.492,31 -1.409,69 1.615,84 -1.526,38 13,5505504255168
775 1.492,31 -1.409,69 1.615,84 -1.526,38 13,5505504255168
776 1.492,31 -1.409,69 1.615,84 -1.526,38 13,5505504255168
777 1.492,31 -1.409,69 1.615,84 -1.526,38 13,5505504255168
778 1.492,31 -1.409,69 1.615,84 -1.526,38 13,5505504255168
779 1.492,31 -1.409,69 1.615,84 -1.526,38 13,5505504255168
780 1.492,31 -1.409,69 1.615,84 -1.526,38 22,536030358646
781 1.492,31 -1.409,69 1.615,84 -1.526,38 22,536030358646
782 1.492,31 -1.409,69 1.615,84 -1.526,38 22,536030358646
783 1.492,31 -1.409,69 1.615,84 -1.526,38 22,536030358646
784 1.492,31 -1.409,69 1.615,84 -1.526,38 22,536030358646
785 1.492,31 -1.409,69 1.615,84 -1.526,38 22,536030358646
786 1.492,31 -1.409,69 1.615,84 -1.526,38 22,536030358646
787 1.492,31 -1.409,69 1.615,84 -1.526,38 22,536030358646
788 1.492,31 -1.409,69 1.615,84 -1.526,38 22,536030358646
789 1.492,31 -1.409,69 1.615,84 -1.526,38 22,536030358646
790 1.492,31 -1.409,69 1.615,84 -1.526,38 22,536030358646
791 1.492,31 -1.409,69 1.615,84 -1.526,38 22,536030358646
792 1.492,31 -1.409,69 1.615,84 -1.526,38 22,536030358646
793 1.492,31 -1.409,69 1.615,84 -1.526,38 22,536030358646
794 1.492,31 -1.409,69 1.615,84 -1.526,38 22,536030358646
795 1.492,31 -1.409,69 1.615,84 -1.526,38 22,536030358646
796 1.492,31 -1.409,69 1.615,84 -1.526,38 22,536030358646
797 1.492,31 -1.409,69 1.615,84 -1.526,38 22,536030358646
798 1.492,31 -1.409,69 1.615,84 -1.526,38 22,536030358646
799 1.492,31 -1.409,69 1.615,84 -1.526,38 22,536030358646
800 1.492,31 -1.409,69 1.615,84 -1.526,38 22,536030358646
801 1.492,31 -1.409,69 1.615,84 -1.526,38 22,536030358646
802 1.492,31 -1.409,69 1.615,84 -1.526,38 22,536030358646
803 1.492,31 -1.409,69 1.615,84 -1.526,38 22,536030358646
804 1.492,31 -1.409,69 1.615,84 -1.526,38 22,536030358646
805 1.492,31 -1.409,69 1.615,84 -1.526,38 22,536030358646
806 1.492,31 -1.409,69 1.615,84 -1.526,38 22,536030358646
807 1.492,31 -1.409,69 1.615,84 -1.526,38 22,536030358646
808 1.492,31 -1.409,69 1.615,84 -1.526,38 22,536030358646
809 1.492,31 -1.409,69 1.615,84 -1.526,38 22,536030358646
810 1.492,31 -1.409,69 1.615,84 -1.526,38 -46,4757539514735
811 1.492,31 -1.409,69 1.615,84 -1.526,38 -46,4757539514735
812 1.492,31 -1.409,69 1.615,84 -1.526,38 -46,4757539514735
813 1.492,31 -1.409,69 1.615,84 -1.526,38 -46,4757539514735
814 1.492,31 -1.409,69 1.615,84 -1.526,38 -46,4757539514735
815 1.492,31 -1.409,69 1.615,84 -1.526,38 -46,4757539514735
816 1.492,31 -1.409,69 1.615,84 -1.526,38 -46,4757539514735
817 1.492,31 -1.409,69 1.615,84 -1.526,38 -46,4757539514735
818 1.492,31 -1.409,69 1.615,84 -1.526,38 -46,4757539514735
819 1.492,31 -1.409,69 1.615,84 -1.526,38 -46,4757539514735
820 1.492,31 -1.409,69 1.615,84 -1.526,38 -46,4757539514735
821 1.492,31 -1.409,69 1.615,84 -1.526,38 -46,4757539514735
822 1.492,31 -1.409,69 1.615,84 -1.526,38 -46,4757539514735
823 1.492,31 -1.409,69 1.615,84 -1.526,38 -46,4757539514735
824 1.492,31 -1.409,69 1.615,84 -1.526,38 -46,4757539514735
825 1.492,31 -1.409,69 1.615,84 -1.526,38 -46,4757539514735
826 1.492,31 -1.409,69 1.615,84 -1.526,38 -46,4757539514735
827 1.492,31 -1.409,69 1.615,84 -1.526,38 -46,4757539514735
828 1.492,31 -1.409,69 1.615,84 -1.526,38 -46,4757539514735
829 1.492,31 -1.409,69 1.615,84 -1.526,38 -46,4757539514735
830 1.492,31 -1.409,69 1.615,84 -1.526,38 -46,4757539514735
831 1.492,31 -1.409,69 1.615,84 -1.526,38 -46,4757539514735
832 1.492,31 -1.409,69 1.615,84 -1.526,38 -46,4757539514735
833 1.492,31 -1.409,69 1.615,84 -1.526,38 -46,4757539514735
834 1.492,31 -1.409,69 1.615,84 -1.526,38 -46,4757539514735
835 1.492,31 -1.409,69 1.615,84 -1.526,38 -46,4757539514735
836 1.492,31 -1.409,69 1.615,84 -1.526,38 -46,4757539514735
837 1.492,31 -1.409,69 1.615,84 -1.526,38 -46,4757539514735
838 1.492,31 -1.409,69 1.615,84 -1.526,38 -46,4757539514735
839 1.492,31 -1.409,69 1.615,84 -1.526,38 -46,4757539514735
840 1.492,31 -1.409,69 1.615,84 -1.526,38 42,9748448050029
841 1.492,31 -1.409,69 1.615,84 -1.526,38 42,9748448050029
842 1.492,31 -1.409,69 1.615,85 -1.526,39 42,9748448050029
843 1.492,31 -1.409,69 1.615,85 -1.526,39 42,9748448050029
844 1.492,31 -1.409,69 1.615,85 -1.526,39 42,9748448050029
845 1.492,31 -1.409,69 1.615,85 -1.526,39 42,9748448050029
846 1.492,31 -1.409,69 1.615,85 -1.526,39 42,9748448050029
847 1.492,31 -1.409,69 1.615,85 -1.526,39 42,9748448050029
848 1.492,31 -1.409,69 1.615,85 -1.526,39 42,9748448050029
849 1.492,31 -1.409,69 1.615,85 -1.526,39 42,9748448050029
850 1.492,31 -1.409,69 1.615,85 -1.526,39 42,9748448050029
851 1.492,31 -1.409,69 1.615,85 -1.526,39 42,9748448050029
852 1.492,31 -1.409,69 1.615,85 -1.526,39 42,9748448050029
853 1.492,31 -1.409,69 1.615,85 -1.526,39 42,9748448050029
854 1.492,31 -1.409,69 1.615,85 -1.526,39 42,9748448050029
855 1.492,31 -1.409,69 1.615,85 -1.526,39 42,9748448050029
856 1.492,31 -1.409,69 1.615,85 -1.526,39 42,9748448050029
857 1.492,31 -1.409,69 1.615,85 -1.526,39 42,9748448050029
858 1.492,31 -1.409,69 1.615,85 -1.526,39 42,9748448050029
859 1.492,31 -1.409,69 1.615,85 -1.526,39 42,9748448050029
860 1.492,31 -1.409,69 1.615,85 -1.526,39 42,9748448050029
861 1.492,31 -1.409,69 1.615,85 -1.526,39 42,9748448050029
862 1.492,31 -1.409,69 1.615,85 -1.526,39 42,9748448050029
863 1.492,31 -1.409,69 1.615,85 -1.526,39 42,9748448050029
864 1.492,31 -1.409,69 1.615,85 -1.526,39 42,9748448050029
865 1.492,31 -1.409,69 1.615,85 -1.526,39 42,9748448050029
866 1.492,31 -1.409,69 1.615,85 -1.526,39 42,9748448050029
867 1.492,31 -1.409,69 1.615,85 -1.526,39 42,9748448050029
868 1.492,31 -1.409,69 1.615,85 -1.526,39 42,9748448050029
869 1.492,31 -1.409,69 1.615,85 -1.526,39 42,9748448050029
870 1.492,31 -1.409,69 1.615,85 -1.526,39 17,0085549403615
871 1.492,31 -1.409,69 1.615,85 -1.526,39 17,0085549403615
872 1.492,31 -1.409,69 1.615,85 -1.526,39 17,0085549403615
873 1.492,31 -1.409,69 1.615,85 -1.526,39 17,0085549403615
874 1.492,31 -1.409,69 1.615,85 -1.526,39 17,0085549403615
875 1.492,31 -1.409,70 1.615,85 -1.526,40 17,0085549403615
876 1.492,31 -1.409,70 1.615,85 -1.526,40 17,0085549403615
877 1.492,31 -1.409,70 1.615,85 -1.526,40 17,0085549403615
878 1.492,31 -1.409,70 1.615,85 -1.526,40 17,0085549403615
879 1.492,31 -1.409,70 1.615,85 -1.526,40 17,0085549403615
880 1.492,31 -1.409,70 1.615,85 -1.526,40 17,0085549403615
881 1.492,31 -1.409,70 1.615,85 -1.526,40 17,0085549403615
882 1.492,31 -1.409,70 1.615,85 -1.526,40 17,0085549403615
883 1.492,31 -1.409,70 1.615,85 -1.526,40 17,0085549403615
884 1.492,31 -1.409,70 1.615,85 -1.526,40 17,0085549403615
885 1.492,31 -1.409,70 1.615,85 -1.526,40 17,0085549403615
886 1.492,31 -1.409,70 1.615,85 -1.526,40 17,0085549403615
887 1.492,31 -1.409,70 1.615,85 -1.526,40 17,0085549403615
888 1.492,31 -1.409,70 1.615,85 -1.526,40 17,0085549403615
889 1.492,31 -1.409,70 1.615,85 -1.526,40 17,0085549403615
890 1.492,31 -1.409,70 1.615,85 -1.526,40 17,0085549403615
891 1.492,31 -1.409,70 1.615,85 -1.526,40 17,0085549403615
892 1.492,31 -1.409,70 1.615,85 -1.526,40 17,0085549403615
893 1.492,31 -1.409,70 1.615,85 -1.526,40 17,0085549403615
894 1.492,31 -1.409,70 1.615,85 -1.526,40 17,0085549403615
895 1.492,31 -1.409,70 1.615,85 -1.526,40 17,0085549403615
896 1.492,31 -1.409,70 1.615,85 -1.526,40 17,0085549403615
897 1.492,31 -1.409,70 1.615,85 -1.526,40 17,0085549403615
898 1.492,31 -1.409,70 1.615,85 -1.526,40 17,0085549403615
899 1.492,31 -1.409,70 1.615,85 -1.526,40 17,0085549403615
900 1.492,31 -1.409,70 1.615,85 -1.526,40 14,0089878546408
901 1.492,31 -1.409,70 1.615,85 -1.526,40 14,0089878546408
902 1.492,31 -1.409,70 1.615,85 -1.526,40 14,0089878546408
903 1.492,31 -1.409,70 1.615,85 -1.526,40 14,0089878546408
904 1.492,31 -1.409,70 1.615,85 -1.526,40 14,0089878546408
905 1.492,31 -1.409,70 1.615,85 -1.526,40 14,0089878546408
906 1.492,31 -1.409,70 1.615,85 -1.526,40 14,0089878546408
907 1.492,31 -1.409,70 1.615,85 -1.526,40 14,0089878546408
908 1.492,31 -1.409,70 1.615,85 -1.526,40 14,0089878546408
909 1.492,31 -1.409,70 1.615,85 -1.526,40 14,0089878546408
910 1.492,31 -1.409,70 1.615,85 -1.526,40 14,0089878546408
911 1.492,31 -1.409,70 1.615,85 -1.526,40 14,0089878546408
912 1.492,31 -1.409,70 1.615,85 -1.526,40 14,0089878546408
913 1.492,31 -1.409,70 1.615,85 -1.526,40 14,0089878546408
914 1.492,31 -1.409,70 1.615,85 -1.526,40 14,0089878546408
915 1.492,31 -1.409,70 1.615,85 -1.526,40 14,0089878546408
916 1.492,31 -1.409,70 1.615,85 -1.526,40 14,0089878546408
917 1.492,31 -1.409,70 1.615,85 -1.526,40 14,0089878546408
918 1.492,31 -1.409,70 1.615,85 -1.526,40 14,0089878546408
919 1.492,31 -1.409,70 1.615,85 -1.526,40 14,0089878546408
920 1.492,31 -1.409,70 1.615,85 -1.526,40 14,0089878546408
921 1.492,31 -1.409,70 1.615,85 -1.526,40 14,0089878546408
922 1.492,31 -1.409,70 1.615,85 -1.526,40 14,0089878546408
923 1.492,31 -1.409,70 1.615,85 -1.526,40 14,0089878546408
924 1.492,31 -1.409,70 1.615,85 -1.526,40 14,0089878546408
925 1.492,31 -1.409,70 1.615,85 -1.526,40 14,0089878546408
926 1.492,31 -1.409,70 1.615,85 -1.526,40 14,0089878546408
927 1.492,31 -1.409,70 1.615,85 -1.526,40 14,0089878546408
928 1.492,31 -1.409,70 1.615,85 -1.526,40 14,0089878546408
929 1.492,31 -1.409,70 1.615,85 -1.526,40 14,0089878546408
930 1.492,31 -1.409,70 1.615,85 -1.526,40 -54,990486946943
931 1.492,31 -1.409,70 1.615,85 -1.526,40 -54,990486946943
932 1.492,31 -1.409,70 1.615,84 -1.526,39 -54,990486946943
933 1.492,31 -1.409,70 1.615,84 -1.526,39 -54,990486946943
934 1.492,31 -1.409,70 1.615,84 -1.526,39 -54,990486946943
935 1.492,31 -1.409,70 1.615,84 -1.526,39 -54,990486946943
936 1.492,31 -1.409,70 1.615,84 -1.526,39 -54,990486946943
937 1.492,31 -1.409,70 1.615,84 -1.526,39 -54,990486946943
938 1.492,31 -1.409,70 1.615,84 -1.526,39 -54,990486946943
939 1.492,31 -1.409,70 1.615,84 -1.526,39 -54,990486946943
940 1.492,31 -1.409,70 1.615,84 -1.526,39 -54,990486946943
941 1.492,31 -1.409,70 1.615,84 -1.526,39 -54,990486946943
942 1.492,31 -1.409,70 1.615,84 -1.526,39 -54,990486946943
943 1.492,31 -1.409,70 1.615,84 -1.526,39 -54,990486946943
944 1.492,31 -1.409,70 1.615,84 -1.526,39 -54,990486946943
945 1.492,31 -1.409,70 1.615,84 -1.526,39 -54,990486946943
946 1.492,31 -1.409,70 1.615,84 -1.526,39 -54,990486946943
947 1.492,31 -1.409,70 1.615,84 -1.526,39 -54,990486946943
948 1.492,31 -1.409,70 1.615,84 -1.526,39 -54,990486946943
949 1.492,31 -1.409,70 1.615,84 -1.526,39 -54,990486946943
950 1.492,31 -1.409,70 1.615,84 -1.526,39 -54,990486946943
951 1.492,31 -1.409,70 1.615,84 -1.526,39 -54,990486946943
952 1.492,31 -1.409,70 1.615,84 -1.526,39 -54,990486946943
953 1.492,31 -1.409,70 1.615,84 -1.526,39 -54,990486946943
954 1.492,31 -1.409,70 1.615,84 -1.526,39 -54,990486946943
955 1.492,31 -1.409,70 1.615,84 -1.526,39 -54,990486946943
956 1.492,31 -1.409,70 1.615,84 -1.526,39 -54,990486946943
957 1.492,31 -1.409,70 1.615,84 -1.526,39 -54,990486946943
958 1.492,31 -1.409,70 1.615,84 -1.526,39 -54,990486946943
959 1.492,31 -1.409,70 1.615,84 -1.526,39 -54,990486946943
960 1.492,31 -1.409,70 1.615,84 -1.526,39 20,2712285472221
961 1.492,31 -1.409,70 1.615,84 -1.526,39 20,2712285472221
962 1.492,31 -1.409,70 1.615,84 -1.526,39 20,2712285472221
963 1.492,31 -1.409,70 1.615,84 -1.526,39 20,2712285472221
964 1.492,31 -1.409,70 1.615,84 -1.526,39 20,2712285472221
965 1.492,31 -1.409,70 1.615,84 -1.526,39 20,2712285472221
966 1.492,31 -1.409,70 1.615,84 -1.526,39 20,2712285472221
967 1.492,31 -1.409,70 1.615,84 -1.526,39 20,2712285472221
968 1.492,31 -1.409,70 1.615,84 -1.526,39 20,2712285472221
969 1.492,31 -1.409,70 1.615,84 -1.526,39 20,2712285472221
970 1.492,31 -1.409,70 1.615,84 -1.526,39 20,2712285472221
971 1.492,31 -1.409,70 1.615,84 -1.526,39 20,2712285472221
972 1.492,31 -1.409,70 1.615,84 -1.526,39 20,2712285472221
973 1.492,31 -1.409,70 1.615,84 -1.526,39 20,2712285472221
974 1.492,31 -1.409,70 1.615,84 -1.526,39 20,2712285472221
975 1.492,31 -1.409,70 1.615,84 -1.526,39 20,2712285472221
976 1.492,31 -1.409,70 1.615,84 -1.526,39 20,2712285472221
977 1.492,31 -1.409,70 1.615,84 -1.526,39 20,2712285472221
978 1.492,31 -1.409,70 1.615,84 -1.526,39 20,2712285472221
979 1.492,31 -1.409,70 1.615,84 -1.526,39 20,2712285472221
980 1.492,31 -1.409,70 1.615,84 -1.526,39 20,2712285472221
981 1.492,31 -1.409,70 1.615,84 -1.526,39 20,2712285472221
982 1.492,31 -1.409,70 1.615,84 -1.526,39 20,2712285472221
983 1.492,31 -1.409,70 1.615,84 -1.526,39 20,2712285472221
984 1.492,31 -1.409,70 1.615,84 -1.526,39 20,2712285472221
985 1.492,31 -1.409,70 1.615,84 -1.526,39 20,2712285472221
986 1.492,31 -1.409,70 1.615,84 -1.526,39 20,2712285472221
987 1.492,31 -1.409,70 1.615,84 -1.526,39 20,2712285472221
988 1.492,31 -1.409,70 1.615,84 -1.526,39 20,2712285472221
989 1.492,31 -1.409,70 1.615,84 -1.526,39 20,2712285472221
990 1.492,31 -1.409,70 1.615,84 -1.526,39 9,07623941149542
991 1.492,31 -1.409,70 1.615,84 -1.526,39 9,07623941149542
992 1.492,31 -1.409,70 1.615,85 -1.526,40 9,07623941149542
993 1.492,31 -1.409,70 1.615,85 -1.526,40 9,07623941149542
994 1.492,31 -1.409,70 1.615,85 -1.526,40 9,07623941149542
995 1.492,31 -1.409,70 1.615,85 -1.526,40 9,07623941149542
996 1.492,31 -1.409,70 1.615,85 -1.526,40 9,07623941149542
997 1.492,31 -1.409,70 1.615,85 -1.526,40 9,07623941149542
998 1.492,31 -1.409,70 1.615,85 -1.526,40 9,07623941149542
999 1.492,31 -1.409,70 1.615,85 -1.526,40 9,07623941149542
