500
0 10.335,85 0,00 10.335,85 0,00 0
1 4.388,90 13.157,17 4.388,90 13.157,17 0
2 5.153,46 9.320,03 751,73 1.359,51 -11,7878318831581
3 -141,15 -2.248,51 -22,48 -358,14 8,49232826728143
4 -146,72 -2.604,86 -22,17 -393,59 37,8900919465579
5 -15,29 -12.468,43 -2,63 -2.143,35 165,997421820543
6 -27,46 -18.157,41 -5,00 -3.305,75 1310,33727512871
7 -14,57 -16.283,62 -2,75 -3.077,80 896,885184034
8 -18,16 -15.880,12 -4,36 -3.809,03 780,393349930137
9 -0,16 -19.854,29 -0,05 -6.128,41 913,62562465285
10 -24,82 -18.014,18 -6,92 -5.020,28 446,827035800128
11 -21,68 -14.162,20 -7,38 -4.822,49 387,168806554585
12 -66,90 -13.404,22 -25,67 -5.144,10 860,719820282257
13 -59,88 -11.317,25 -25,91 -4.897,35 831,558354500748
14 -64,39 -10.973,08 -38,77 -6.606,78 830,751002171338
15 -64,83 -6.167,06 -20,58 -1.958,06 843,329422485977
16 -43,21 -520,66 -30,80 -371,14 996,136917994404
17 -72,41 -1.123,42 -54,88 -851,51 43,1192151826667
18 1,45 1.059,19 0,99 726,08 56,7670140588338
19 -5,41 -469,64 -3,63 -314,63 43,1216947332905
20 4,64 2.620,67 3,30 1.861,61 449,733476601487
21 -8,78 7.172,99 -6,39 5.218,65 313,378471076536
22 -17,18 3.931,97 -12,02 2.751,64 814,991509623846
23 22,10 6.753,15 17,28 5.281,68 678,882967227094
24 6,95 8.004,82 5,96 6.868,72 593,15840778362
25 9,72 12.383,88 8,54 10.871,41 464,714260715055
26 -25,38 17.232,38 -23,88 16.211,24 375,12492006646
27 -15,28 18.795,44 -13,14 16.154,49 107,022514878747
28 -13,62 20.927,18 -10,55 16.222,66 104,731080743936
29 1,03 21.592,46 1,02 21.449,76 110,416957887363
30 33,96 24.556,35 37,49 27.106,54 150,793583447635
31 0,42 25.786,88 0,45 27.747,19 178,846648621996
32 -6,18 27.516,66 -5,73 25.500,46 203,368512722385
33 1,62 29.417,51 1,49 27.038,34 118,877684246164
34 3,77 29.219,69 3,68 28.574,67 216,763431660905
35 -0,51 28.661,71 -0,51 28.722,14 239,367862412905
36 1,04 30.424,15 1,02 29.807,60 194,04562435761
37 2,01 30.804,83 2,01 30.805,86 135,196259441555
38 -3,19 32.392,02 -3,14 31.879,92 131,776579098155
39 0,43 32.136,79 0,43 31.723,05 -9,76159336028319
40 0,46 31.825,83 0,43 29.923,20 63,9882396002643
41 -2,93 31.970,64 -2,12 23.064,66 100,231795617134
42 -0,27 31.617,93 -0,26 29.797,64 107,686747401439
43 0,27 31.926,44 0,24 28.669,51 133,410906831057
44 0,27 32.641,99 0,24 29.310,52 158,962883797754
45 2,44 33.625,38 2,21 30.407,95 93,8494689601781
46 -3,22 34.016,13 -2,98 31.457,61 48,10018962624
47 2,81 34.601,64 2,56 31.475,25 59,3167191199229
48 -0,34 35.054,19 -0,31 32.186,83 6,98367839595781
49 -0,63 35.418,05 -0,58 32.352,37 35,0817321901971
50 4,24 35.877,71 3,82 32.308,03 -42,5839151529041
51 1,03 35.388,61 1,11 38.227,73 -33,3431186211145
52 4,76 35.674,83 5,24 39.311,95 -39,9819692858632
53 -0,83 35.993,72 -0,91 39.126,48 -49,0034715625396
54 -0,06 37.200,32 -0,07 40.246,29 -26,601233101231
55 -1,16 36.934,28 -1,28 40.851,57 -63,2243570086613
56 -4,03 37.248,98 -4,49 41.513,37 -55,0237864784762
57 4,60 38.376,30 5,03 41.957,75 -52,8909785770168
58 -0,41 38.143,80 -0,46 43.146,64 -42,5585856889597
59 -1,94 39.152,77 -2,13 43.116,20 -69,617318621898
60 -15,92 40.116,28 -17,93 45.176,98 -55,8238462308971
61 5,68 40.578,24 6,42 45.864,29 -71,2268019817451
62 -1,66 40.526,60 -1,86 45.400,93 -71,5128378415473
63 -0,09 41.280,03 -0,10 45.905,03 -66,7280765123599
64 5,26 41.925,58 5,79 46.218,12 -66,7098425430413
65 -3,74 42.509,15 -4,07 46.214,41 -11,3874697521887
66 0,84 42.685,46 0,93 46.909,32 -16,9904886959753
67 -0,68 43.316,97 -0,73 46.978,02 78,2745438091632
68 3,72 43.043,20 3,93 45.437,36 77,7218477452139
69 23,82 43.408,01 25,63 46.715,45 223,508764409294
70 -1,74 44.044,35 -1,84 46.694,88 239,174044447669
71 -0,31 44.424,13 -0,33 47.717,85 220,849420124993
72 12,39 44.683,07 13,25 47.793,02 275,870302105535
73 -0,45 44.830,19 -0,48 48.104,93 324,585976597311
74 0,47 44.876,67 0,50 48.053,73 346,952450526012
75 0,02 44.773,22 0,02 47.652,85 277,886805096786
76 0,54 44.748,29 0,57 47.054,85 311,159520549089
77 -3,20 45.116,95 -3,34 47.001,31 26,4541617020751
78 5.829,20 45.582,92 6.072,87 47.488,39 27,3489821506851
79 -1,12 40.029,09 -1,15 41.141,36 3,95037077033964
80 -0,42 40.733,52 -0,35 34.106,16 3,95037077033964
81 0,15 41.681,37 0,12 34.618,75 9,33603434353826
82 -2,02 41.814,68 -2,14 44.436,14 10,0488230074562
83 -0,38 42.371,73 -0,39 43.243,20 19,255681732356
84 -4,28 42.595,77 -4,40 43.810,81 27,0674938725528
85 3,46 44.044,69 3,50 44.523,86 175,861626826694
86 -0,87 44.610,23 -0,93 47.878,92 160,214423880844
87 -2,71 45.111,18 -2,89 48.091,98 231,664196105332
88 -1,03 45.153,33 -1,13 49.206,42 248,677418136933
89 -1,77 45.444,66 -1,94 49.781,94 189,914748181022
90 -1,53 45.618,20 -1,66 49.394,92 120,423938606248
91 0,18 45.549,45 0,20 49.593,63 104,15455006679
92 -30,38 46.820,45 -32,04 49.378,63 110,471740286052
93 0,01 46.119,80 0,01 49.263,88 144,070473023528
94 -1,98 46.720,32 -2,14 50.507,90 144,070473023528
95 17,20 46.494,22 18,91 51.115,00 151,735016730889
96 -1,12 46.549,35 -1,21 50.445,22 155,982977589665
97 -2,77 46.804,60 -2,96 50.043,51 81,051349885078
98 -0,18 46.145,51 -0,20 49.445,82 90,6888525735568
99 0,05 47.046,51 0,05 47.279,38 107,951289737382
100 -8,03 47.902,27 -8,34 49.765,74 107,938968120797
101 -3,86 48.782,36 -3,98 50.335,80 166,392777077968
102 8,34 48.966,12 8,64 50.740,33 166,392777077968
103 -1,32 50.763,29 -1,35 51.845,42 290,389748500069
104 0,70 52.644,66 0,74 56.031,60 317,152412255558
105 21,31 52.286,19 24,04 58.983,21 453,862529476208
106 1,01 51.994,15 1,15 59.378,04 546,871265333541
107 24,10 52.732,01 26,96 58.984,65 546,871265333541
108 20,52 52.994,88 22,79 58.851,06 565,929991412756
109 12,48 52.600,43 13,88 58.525,26 918,721575755803
110 10,14 53.044,85 11,15 58.340,17 453,609921651719
111 45,65 53.296,94 50,17 58.581,94 589,81750901958
112 0,02 53.498,38 0,02 58.963,68 236,774576273313
113 22,89 53.576,10 25,07 58.695,29 19,5430095634472
114 35,92 53.505,74 39,39 58.684,44 20,6169515647993
115 41,36 53.421,71 45,36 58.597,91 5,33627380658649
116 26,34 53.331,24 28,93 58.580,00 1,41244344156532
117 38,75 53.252,52 42,62 58.571,00 24,1875176692482
118 34,35 52.943,19 37,67 58.063,00 34,3207425537223
119 52,39 52.734,44 57,21 57.585,48 -60,2627422105418
120 28,04 52.742,55 30,29 56.974,74 -60,2627422105418
121 18,40 52.553,70 19,98 57.051,73 -56,5966723793599
122 2,31 52.316,23 2,51 56.665,53 -56,4723534270878
123 0,43 52.313,96 0,47 56.855,94 -58,4371604986087
124 0,17 52.164,39 0,18 56.377,53 -58,4837540345919
125 5,43 51.858,61 5,87 56.128,54 -76,741597227694
126 5,83 52.087,88 6,36 56.879,67 -67,0089962230325
127 30,04 51.854,64 32,97 56.907,63 -66,9874539143381
128 22,58 51.698,44 24,54 56.192,39 -66,9874539143381
129 11,43 51.669,01 12,29 55.532,24 -68,4256312951789
130 25,40 51.879,10 27,30 55.759,72 -71,6894842163874
131 0,35 52.538,21 0,38 56.734,61 -77,5367068692645
132 29,98 52.057,34 32,43 56.306,84 -75,6773168159179
133 17,60 52.408,04 18,95 56.446,78 -64,5129555204317
134 11,86 52.397,81 12,74 56.299,69 -54,8255904323782
135 5,21 52.571,17 5,60 56.505,23 -6,43878618788517
136 0,57 52.353,59 0,62 56.315,00 -6,77207133208123
137 0,28 52.165,82 0,29 54.696,96 -24,4163592315554
138 11,60 52.409,52 12,23 55.266,17 -20,8482099665928
139 2,49 52.356,25 2,63 55.397,53 15,4343108335415
140 7,69 52.318,21 8,22 55.907,86 -74,4073579587263
141 9,11 52.662,32 9,54 55.154,17 -71,1955002757694
142 28,88 52.530,21 29,92 54.430,89 46,0298284964517
143 23,64 52.499,86 24,33 54.027,64 46,0298284964517
144 33,78 52.504,68 34,70 53.939,51 46,4833731943686
145 0,30 52.230,78 0,31 53.091,56 47,4728658549162
146 0,52 52.308,58 0,53 52.877,34 -46,8861493532918
147 0,42 52.329,59 0,42 52.769,37 -17,2979733834645
148 3,27 52.452,72 3,30 52.988,54 13,7160728677869
149 0,15 52.254,38 0,15 53.085,10 20,6869256785307
150 0,23 52.299,72 0,23 52.854,44 20,5831880861263
151 0,31 52.430,69 0,31 53.140,89 38,5342831528415
152 -1,77 52.716,01 -1,81 54.033,50 31,9595850365983
153 0,01 52.471,30 0,01 54.761,26 31,9595850365983
154 0,01 52.565,64 0,01 55.424,59 -44,1954742223738
155 -12,02 52.828,20 -12,80 56.269,28 -43,1705869347845
156 -7,85 52.854,68 -8,41 56.655,28 -48,356835603366
157 0,24 52.714,25 0,26 56.491,98 -48,356835603366
158 0,15 52.884,36 0,16 56.909,61 -22,7719590391381
159 0,57 52.805,26 0,61 56.917,59 -22,7719590391381
160 1,29 52.442,72 1,39 56.463,04 -21,8386551304199
161 9,44 52.555,08 10,11 56.289,89 -12,9895318896049
162 0,05 52.808,94 0,06 56.044,12 -13,0181167250282
163 5,55 52.907,59 5,93 56.569,65 17,7540717194811
164 15,97 53.067,85 17,17 57.035,28 17,7540717194811
165 6,09 53.059,66 6,60 57.421,86 22,6087185184988
166 0,77 53.051,32 0,84 57.555,55 22,6087185184988
167 0,23 53.179,37 0,25 57.683,63 25,4455730502187
168 0,26 53.299,95 0,29 58.095,52 21,7535151466947
169 0,23 53.273,91 0,25 57.995,19 -10,2388133015648
170 0,79 53.272,28 0,86 57.771,19 -10,2388133015648
171 6,40 53.268,62 6,94 57.765,60 -10,5674092681018
172 0,35 53.244,99 0,37 57.736,93 -4,15773501782091
173 4,31 53.241,53 4,67 57.758,36 10,5824753805959
174 0,30 52.870,21 0,32 57.422,39 10,5824753805959
175 11,12 52.923,97 11,99 57.067,04 13,389918298154
176 1,76 53.067,31 1,88 56.937,79 13,389918298154
177 63,16 53.136,80 67,89 57.122,78 13,389918298154
178 0,94 52.796,78 1,02 56.811,56 23,7961420306477
179 28,16 52.993,58 30,09 56.623,53 19,2965778109922
180 0,80 53.100,86 0,86 56.876,55 27,8656747060704
181 10,57 53.668,09 11,37 57.727,91 26,7777350554645
182 5,64 54.140,15 6,14 58.967,87 35,0392023304975
183 0,73 54.341,12 0,79 58.450,48 -45,8086846460395
184 1,46 55.166,47 1,58 59.482,73 -48,5513594976608
185 35,58 54.498,73 38,82 59.459,53 -24,6578893455698
186 23,98 54.628,50 25,85 58.881,09 -19,8615525783115
187 21,79 54.612,95 22,94 57.491,25 -10,4786664849275
188 41,79 54.742,40 44,34 58.082,37 -11,0382894971629
189 -0,74 55.080,24 -0,79 58.791,16 -17,070941292969
190 -3,53 55.171,28 -3,81 59.488,84 -21,9704260899741
191 25,25 56.167,94 27,17 60.444,46 -22,1243467532665
192 0,33 56.200,55 0,36 61.352,04 -16,567380605621
193 11,63 56.572,57 12,63 61.447,01 -14,976993703107
194 14,43 57.524,28 15,76 62.839,42 78,5626974153269
195 0,50 56.659,15 0,55 62.485,70 224,180673809197
196 36,32 56.759,01 39,23 61.320,99 224,180673809197
197 53,28 57.165,21 57,38 61.564,27 226,468632408349
198 -2,08 57.135,24 -2,24 61.542,75 227,057193830231
199 8,99 57.694,44 9,72 62.382,03 228,052378090601
200 44,87 57.643,82 48,60 62.442,65 225,018899926367
201 9,67 57.435,87 10,43 61.957,98 249,406535854484
202 24,35 57.378,53 26,26 61.897,97 249,581458626076
203 25,16 57.403,80 27,17 61.979,11 249,581458626076
204 32,85 57.387,27 34,89 60.938,80 334,72699870849
205 44,92 57.578,53 48,52 62.195,86 307,343828037157
206 3,57 57.701,01 3,87 62.682,29 370,93761771604
207 15,91 57.683,92 17,31 62.725,56 369,979026581796
208 26,26 57.687,58 28,58 62.770,98 394,882376790198
209 47,57 57.841,98 50,95 61.948,13 431,170617940752
210 55,20 57.975,22 60,28 63.311,62 -54,4668481917094
211 3,93 57.658,47 4,30 63.135,14 -60,4505392044272
212 17,49 57.774,15 19,06 62.953,47 -60,4505392044272
213 58,89 58.120,68 64,33 63.487,35 -60,4978744368691
214 27,82 58.043,73 30,58 63.798,96 -55,8289372894681
215 47,72 57.842,95 52,30 63.392,39 -58,03347618232
216 36,36 57.931,22 39,70 63.241,42 -57,3306063108182
217 0,25 57.781,68 0,27 63.144,77 77,2872731414626
218 0,63 57.786,68 0,68 62.595,25 77,824671002231
219 3,41 57.931,64 3,67 62.411,44 83,2675080152825
220 12,05 58.118,86 13,10 63.144,78 6,36279607218676
221 15,35 58.148,39 16,76 63.463,75 5,85787292985098
222 0,01 58.034,07 0,01 63.398,18 6,10763773705475
223 0,24 58.045,36 0,27 63.103,18 5,92368652870636
224 0,32 58.150,52 0,35 63.048,89 -53,2202339578418
225 0,47 58.162,11 0,51 63.111,31 -53,508405729181
226 0,15 58.237,12 0,17 62.947,15 -32,7071847659022
227 0,75 58.441,95 0,81 63.405,24 -37,6226993031223
228 -1,17 58.500,19 -1,28 63.578,54 -37,6090700841823
229 0,42 58.769,80 0,46 63.838,60 -37,6071540482664
230 16,31 58.892,35 17,77 64.180,07 -45,683648196039
231 29,94 58.712,43 32,71 64.150,51 -12,9914260636221
232 8,50 58.703,33 9,27 63.964,44 -12,9914260636221
233 6,54 58.886,36 7,13 64.160,81 -12,9914260636221
234 10,29 58.874,70 11,23 64.256,74 -12,9914260636221
235 14,76 58.812,58 16,11 64.188,20 -12,7568056332691
236 0,34 58.727,40 0,38 64.024,58 -11,6979312342228
237 0,10 58.838,58 0,10 64.023,22 -11,6979312342228
238 7,92 58.876,14 8,63 64.137,19 -4,54811899354876
239 14,80 58.911,57 16,14 64.218,48 9,02540882909544
240 2,70 58.928,04 2,95 64.272,27 8,72074596947014
241 14,57 58.854,05 15,89 64.200,71 8,72074596947014
242 7,58 59.062,67 8,25 64.334,70 8,38252270697432
243 1,39 59.065,73 1,51 64.530,01 19,3696860114197
244 2,65 58.857,58 2,89 64.287,75 33,9787886495996
245 -6,45 59.161,54 -7,02 64.383,74 2,54587648614892
246 14,93 59.108,28 16,33 64.626,04 2,83985363461596
247 3,61 59.090,69 3,94 64.515,56 14,4674877816358
248 0,28 59.094,76 0,30 64.374,60 14,1964734620944
249 3,64 59.290,19 3,97 64.580,22 12,1512175616443
250 0,04 59.362,90 0,04 64.896,62 5,08351094396335
251 3,37 59.267,10 3,67 64.492,69 -1,49375147880706
252 3,96 59.514,61 4,29 64.565,51 4,04301330824506
253 5,15 59.852,49 5,62 65.318,14 5,29263405311691
254 8,82 59.864,38 9,59 65.054,46 -14,5490859020904
255 4,49 59.875,83 4,91 65.463,95 -14,5490859020904
256 1,44 59.881,38 1,57 65.354,38 -14,6435166545876
257 33,83 60.168,03 36,79 65.427,92 -15,1401436979128
258 0,78 59.985,64 0,85 65.448,41 11,7924843177439
259 -0,28 60.097,73 -0,31 65.137,54 13,7179321419021
260 7,24 60.188,23 7,80 64.867,77 13,2713739617421
261 -0,44 60.090,84 -0,47 64.558,61 13,2250771407268
262 0,66 60.134,74 0,71 65.237,29 13,2250771407268
263 -1,99 60.364,79 -2,15 65.395,35 13,9056203335982
264 0,64 60.225,47 0,70 65.614,67 13,9056203335982
265 -1,43 60.247,07 -1,54 65.106,18 16,3836925080079
266 -4,86 60.452,74 -5,27 65.533,15 15,7086762234004
267 0,22 60.522,55 0,24 65.663,11 12,1741701725358
268 -0,01 60.568,02 -0,01 65.611,37 12,1741701725358
269 -0,87 60.828,02 -0,94 65.857,37 12,1741701725358
270 9,51 60.553,32 10,30 65.534,51 12,1741701725358
271 19,30 60.571,13 20,71 65.013,07 12,5705247989581
272 21,61 60.590,49 23,19 65.013,61 12,5705247989581
273 0,74 60.516,02 0,79 64.617,67 8,32540175756342
274 0,45 60.546,23 0,48 64.032,61 8,32540175756342
275 0,41 60.564,91 0,43 63.601,87 8,74102399943034
276 0,38 60.574,07 0,39 63.190,07 8,74102399943034
277 0,52 60.596,39 0,54 63.360,67 8,74102399943034
278 0,89 60.610,14 0,93 62.894,71 13,6403528048209
279 0,68 60.622,59 0,70 62.689,19 19,6211261855813
280 0,11 60.630,71 0,11 62.219,72 27,8299109077681
281 0,13 60.640,32 0,13 62.209,76 27,8299109077681
282 0,22 60.646,70 0,23 62.449,67 27,8129520172913
283 0,12 60.656,58 0,12 62.438,14 27,8129520172913
284 -0,06 60.673,44 -0,06 62.427,83 -1,40591865868916
285 0,22 60.680,09 0,22 62.409,70 -1,40591865868916
286 -4,36 60.917,44 -4,49 62.770,71 108,738390463535
287 1,68 60.737,49 1,75 63.337,60 148,964809021197
288 0,25 60.922,97 0,26 63.748,87 127,607096193325
289 0,05 60.900,83 0,05 64.409,73 127,607096193325
290 1,16 61.221,46 1,24 65.130,50 125,891175418823
291 1,30 61.212,71 1,39 65.330,35 126,458912745471
292 0,55 61.258,56 0,59 65.446,01 125,4654694369
293 -0,41 61.525,01 -0,44 65.801,66 -48,9328477802926
294 -1,79 61.624,10 -1,92 66.273,30 -48,8932388616077
295 0,45 61.691,00 0,49 66.257,64 -50,5609001955073
296 -0,31 61.835,11 -0,33 66.391,12 -45,8249717344063
297 7,08 62.262,10 7,60 66.763,92 -48,1053031738506
298 1,40 62.255,23 1,52 67.565,54 -48,1053031738506
299 2,62 62.506,99 2,81 66.947,49 -48,0928827429651
300 21,91 62.825,19 23,78 68.191,94 -50,4139238363573
301 9,74 62.706,97 10,53 67.728,69 -51,3108180310839
302 0,72 62.623,45 0,77 67.488,99 -51,3272138497956
303 4,16 62.582,53 4,49 67.478,77 -47,1752591665056
304 7,97 62.550,47 8,50 66.661,74 -3,30230458756994
305 9,46 62.555,45 10,14 67.032,85 -3,16244228739496
306 8,29 62.559,80 8,90 67.133,52 2,34039206748767
307 11,55 62.647,39 12,40 67.270,00 -15,0574492090653
308 1,13 62.561,02 1,22 67.778,73 -14,7636945975649
309 0,10 62.556,46 0,11 67.344,83 -14,7636945975649
310 0,45 62.593,56 0,48 67.616,79 -4,23570324583894
311 3,05 62.646,93 3,30 67.814,30 -4,23570324583894
312 0,45 62.685,71 0,48 67.667,80 -4,23570324583894
313 2,06 62.744,00 2,22 67.739,79 5,51893273682392
314 -0,20 62.663,38 -0,21 67.661,39 4,72866816929629
315 0,08 62.760,61 0,08 67.403,80 4,73861179038325
316 -0,93 62.743,25 -1,01 67.821,50 -2,42977191154965
317 0,37 62.662,87 0,40 67.458,31 -2,15216148724733
318 0,29 62.748,50 0,31 67.496,11 -1,78698734913799
319 0,55 62.681,21 0,59 67.471,17 4,21465822922924
320 -0,16 62.829,12 -0,17 67.455,09 3,96086353475756
321 -0,72 62.761,47 -0,78 67.752,27 3,96086353475756
322 0,13 62.835,53 0,14 67.590,04 14,7291154322469
323 0,25 62.780,80 0,27 67.758,28 10,7934574595716
324 1,11 62.839,80 1,20 67.884,10 8,86723607579358
325 0,55 62.808,53 0,59 67.669,36 9,44331770303415
326 0,19 62.805,14 0,20 67.459,93 1,40141079420397
327 0,03 62.806,63 0,03 67.576,77 -1,11932365139744
328 0,08 62.801,84 0,09 67.708,87 14,0044951818777
329 0,08 62.797,31 0,09 67.727,30 15,3720562010188
330 0,02 62.796,16 0,02 67.798,82 15,3720562010188
331 0,07 62.838,31 0,08 67.845,00 -3,20208189463229
332 -0,06 62.840,53 -0,06 67.908,74 -19,2870656676437
333 -0,10 62.867,21 -0,11 67.922,19 36,13546432231
334 0,40 62.869,94 0,43 67.975,71 36,2295742178518
335 0,70 62.848,74 0,76 67.952,07 36,1858544173238
336 0,10 62.851,81 0,11 67.931,06 34,7816736991511
337 0,05 62.880,69 0,06 67.929,55 34,7816736991511
338 0,05 62.893,14 0,05 67.998,76 34,7816736991511
339 0,43 62.872,11 0,47 67.982,16 35,0578266999799
340 0,25 62.872,85 0,27 67.929,11 35,0578266999799
341 0,10 62.897,95 0,11 67.960,16 42,3842501695006
342 0,14 62.885,01 0,15 67.975,38 42,3688625212848
343 0,11 62.880,47 0,12 67.940,02 42,4662379005146
344 0,43 62.884,42 0,46 67.933,16 42,4662379005146
345 0,24 62.901,64 0,26 67.944,68 39,1927449361996
346 0,15 62.925,31 0,16 67.980,26 39,1927449361996
347 0,10 62.942,75 0,10 67.989,25 39,1892309296262
348 1,81 62.944,77 1,96 67.992,64 39,1892309296262
349 0,95 62.967,00 1,03 68.037,17 39,1892309296262
350 0,48 62.979,49 0,52 68.001,15 49,9857911254907
351 0,55 62.975,30 0,60 68.052,68 49,9857911254907
352 0,27 62.989,28 0,30 68.038,82 70,7927192690057
353 0,01 62.988,43 0,01 68.033,21 71,0287490453574
354 0,14 62.989,45 0,15 68.008,25 71,2070193889392
355 0,20 62.989,53 0,22 68.001,98 61,7022142168026
356 0,18 62.981,77 0,19 67.961,87 90,7186723360615
357 0,12 62.987,72 0,13 67.946,68 76,3346124744162
358 0,20 62.992,87 0,22 67.988,94 75,7254855810029
359 0,02 62.988,22 0,02 67.967,85 75,7254855810029
360 0,17 62.998,68 0,18 67.973,60 75,1522296565522
361 0,21 63.000,85 0,22 68.013,39 57,5786004538702
362 0,18 62.993,00 0,20 67.977,34 -41,674419989428
363 0,13 62.993,86 0,14 67.994,84 -40,0213811847634
364 0,07 62.988,15 0,08 67.996,21 -41,5580512425874
365 0,14 62.986,30 0,15 67.936,73 -41,5580512425874
366 0,17 62.988,05 0,19 67.985,72 -41,5580512425874
367 0,14 62.986,16 0,15 67.949,12 -2,69249101118874
368 0,06 62.997,34 0,06 67.994,72 -2,81810137985989
369 0,11 62.992,38 0,12 67.999,86 -2,81810137985989
370 0,05 62.988,31 0,06 67.990,92 -2,81810137985989
371 0,01 62.988,93 0,01 67.985,63 -5,42145060221461
372 0,01 62.992,37 0,01 67.972,90 -5,39103754246012
373 0,17 63.001,75 0,18 68.006,94 -5,39103754246012
374 0,06 62.996,10 0,07 68.003,91 5,33659453080187
375 0,08 62.993,01 0,09 67.998,22 5,51259110762392
376 0,23 62.994,29 0,25 67.995,30 5,6531901002856
377 0,12 62.999,76 0,13 67.992,73 -0,21361205402931
378 0,14 63.008,08 0,15 68.015,97 -10,1944827811468
379 0,05 63.005,57 0,05 68.019,65 -10,2890343209136
380 0,13 63.003,79 0,14 68.000,53 -6,1645074380344
381 0,05 63.004,19 0,05 68.003,46 -6,1645074380344
382 0,07 63.004,73 0,07 67.994,25 -2,63791810251583
383 0,07 63.007,28 0,07 67.997,21 -2,63791810251583
384 0,03 63.008,13 0,03 67.994,01 -2,63791810251583
385 0,04 63.009,12 0,04 67.999,62 -3,68202479755356
386 0,10 63.010,17 0,11 68.009,17 -7,72667598161052
387 0,01 63.010,40 0,02 68.019,72 -7,72667598161052
388 0,01 63.008,33 0,01 68.016,43 -0,946106094981618
389 0,14 63.009,77 0,15 68.016,05 -0,946106094981618
390 0,04 63.010,15 0,05 68.016,11 -0,946106094981618
391 0,25 63.010,07 0,27 68.016,31 5,8491390644507
392 0,14 63.009,95 0,15 68.016,97 5,8491390644507
393 0,20 63.014,05 0,21 68.018,20 -3,34358526449422
394 0,24 63.013,86 0,26 68.022,63 -3,34358526449422
395 0,14 63.012,54 0,15 68.021,88 -3,34358526449422
396 0,08 63.012,89 0,08 68.020,35 -3,34358526449422
397 0,05 63.014,03 0,06 68.022,05 -1,96246767002184
398 0,09 63.013,57 0,10 68.021,83 9,71137206550654
399 0,04 63.012,77 0,04 68.019,75 3,81857707281094
400 0,06 63.014,33 0,06 68.021,51 3,81857707281094
401 0,04 63.014,30 0,04 68.021,62 7,7843041887315
402 0,02 63.013,51 0,03 68.019,61 2,35541954938573
403 0,06 63.013,95 0,06 68.019,91 2,65387630361362
404 0,06 63.014,11 0,06 68.020,39 5,66579201891872
405 0,09 63.014,71 0,10 68.021,60 -1,85161145967298
406 0,10 63.015,18 0,10 68.015,67 -1,85161145967298
407 0,04 63.015,74 0,05 68.014,79 -1,85161145967298
408 0,03 63.015,15 0,03 68.022,17 -1,85161145967298
409 0,14 63.015,60 0,16 68.018,55 -1,85161145967298
410 0,03 63.015,90 0,04 68.016,98 3,04649459199447
411 0,03 63.017,66 0,03 68.020,39 0,892947497199489
412 0,11 63.017,57 0,11 68.026,16 0,165608605838934
413 0,02 63.017,97 0,03 68.020,38 0,165608605838934
414 0,07 63.018,82 0,08 68.020,09 0,165608605838934
415 0,04 63.020,01 0,05 68.018,27 0,165608605838934
416 0,13 63.021,12 0,14 68.019,00 -2,17356390649482
417 0,01 63.024,23 0,01 68.017,54 -2,17356390649482
418 0,04 63.023,83 0,05 68.017,91 -2,17356390649482
419 0,09 63.024,51 0,10 68.018,75 1,98982238105761
420 0,00 63.024,17 0,00 68.015,12 10,2440997965608
421 0,09 63.025,28 0,10 68.014,92 7,23682121549324
422 0,10 63.025,96 0,10 68.014,87 9,92096785543468
423 0,13 63.027,48 0,14 68.021,45 9,92096785543468
424 0,06 63.026,21 0,06 68.025,68 12,1218071634345
425 0,02 63.026,26 0,02 68.027,70 12,1218071634345
426 0,10 63.027,35 0,11 68.033,99 1,84907460876416
427 0,05 63.027,90 0,05 68.028,31 1,84907460876416
428 0,01 63.028,86 0,02 68.031,80 1,84907460876416
429 0,10 63.029,76 0,11 68.033,43 1,84907460876416
430 0,24 63.029,75 0,26 68.034,66 7,78428200888994
431 0,04 63.028,74 0,05 68.031,94 4,96350315170868
432 0,04 63.028,88 0,04 68.032,44 4,96350315170868
433 0,04 63.030,66 0,04 68.033,84 1,01347362013164
434 0,06 63.032,19 0,06 68.033,91 1,01347362013164
435 0,07 63.031,61 0,07 68.031,35 1,01347362013164
436 0,16 63.032,70 0,18 68.038,70 1,01347362013164
437 0,21 63.032,35 0,23 68.034,75 3,23273572316751
438 0,07 63.032,63 0,07 68.039,33 3,23273572316751
439 0,03 63.033,00 0,03 68.037,62 3,23273572316751
440 0,12 63.032,60 0,13 68.037,74 3,23273572316751
441 0,11 63.033,75 0,12 68.041,47 -8,49090747626267
442 0,07 63.033,96 0,08 68.042,63 -2,7929220600437
443 0,08 63.034,77 0,09 68.041,34 -2,7929220600437
444 0,02 63.034,64 0,02 68.043,42 -7,27137348435625
445 0,12 63.036,55 0,13 68.045,44 -6,07572566002759
446 0,14 63.035,60 0,15 68.045,21 -6,07572566002759
447 0,14 63.036,27 0,15 68.044,01 -6,07572566002759
448 0,12 63.036,03 0,13 68.043,59 -6,07572566002759
449 0,10 63.035,96 0,11 68.043,97 2,66070316737786
450 0,13 63.036,40 0,13 68.043,20 2,66070316737786
451 0,03 63.037,97 0,04 68.046,21 1,37705916116994
452 0,05 63.037,05 0,06 68.044,97 4,73973558181783
453 0,10 63.038,46 0,10 68.045,47 4,73973558181783
454 0,08 63.038,05 0,09 68.046,46 4,73973558181783
455 0,02 63.038,38 0,03 68.045,69 -1,62043605974547
456 0,05 63.038,32 0,06 68.045,88 -4,1174781467835
457 0,01 63.038,75 0,01 68.047,37 -4,7338409069163
458 0,12 63.039,14 0,13 68.047,32 -4,7338409069163
459 0,09 63.039,79 0,09 68.048,18 -4,7338409069163
460 0,08 63.040,48 0,09 68.049,85 -4,42167407510492
461 0,06 63.040,85 0,06 68.050,79 -4,42167407510492
462 0,00 63.041,32 0,00 68.051,13 -4,42167407510492
463 0,05 63.041,51 0,06 68.051,16 -3,45432773368928
464 0,04 63.041,95 0,04 68.051,25 9,28020568488681
465 0,03 63.042,05 0,04 68.051,18 9,76902584912147
466 0,00 63.042,28 0,00 68.051,54 8,39580423854403
467 0,02 63.043,70 0,02 68.052,87 8,39580423854403
468 0,04 63.043,95 0,04 68.053,76 9,08347179974331
469 0,01 63.043,95 0,01 68.052,56 9,08347179974331
470 0,05 63.044,17 0,05 68.051,85 14,0013344367675
471 0,04 63.044,09 0,04 68.051,56 14,0013344367675
472 0,03 63.044,75 0,03 68.051,99 14,2526749414461
473 0,02 63.044,75 0,02 68.051,91 14,6024024920476
474 0,06 63.044,91 0,06 68.053,84 14,3346048389126
475 0,02 63.045,60 0,02 68.052,49 14,3346048389126
476 0,04 63.045,64 0,04 68.053,19 14,3346048389126
477 0,06 63.046,11 0,06 68.054,41 14,207083012036
478 0,06 63.045,90 0,07 68.054,14 14,207083012036
479 0,06 63.046,05 0,07 68.053,90 14,207083012036
480 0,06 63.045,88 0,06 68.053,29 15,7493218864678
481 0,02 63.045,86 0,02 68.053,61 15,7493218864678
482 0,06 63.045,79 0,06 68.052,93 15,7493218864678
483 0,02 63.045,79 0,02 68.054,38 7,27279488060162
484 0,04 63.046,48 0,05 68.055,54 7,27279488060162
485 0,14 63.047,04 0,15 68.056,74 7,27279488060162
486 0,09 63.046,83 0,10 68.057,05 -10,5439766434973
487 0,04 63.048,52 0,05 68.058,27 -10,3221483402539
488 0,05 63.049,51 0,06 68.060,81 -10,3221483402539
489 0,07 63.049,64 0,07 68.061,39 -9,07830487059306
490 0,11 63.048,99 0,12 68.060,12 -4,00767598619505
491 0,04 63.049,63 0,05 68.059,70 -4,46057306153551
492 0,03 63.050,09 0,04 68.060,53 -4,46057306153551
493 0,00 63.051,43 0,00 68.062,12 -4,0839081413445
494 0,00 63.052,23 0,00 68.063,83 4,81553370179843
495 0,01 63.051,94 0,01 68.063,95 4,81553370179843
496 0,02 63.051,57 0,02 68.063,01 2,32778486665666
497 0,02 63.052,27 0,02 68.060,91 3,52001567546261
498 0,03 63.052,52 0,03 68.062,28 3,52001567546261
499 0,03 63.052,09 0,03 68.061,01 3,52001567546261
