500
0 5.772,72 0,00 5.772,72 0,00
1 6.152,66 3.565,94 6.152,66 3.565,94
2 7.769,22 5.828,01 15.971,64 11.980,97
3 8.183,54 4.067,24 15.156,52 7.532,82
4 8.853,60 6.932,21 16.022,22 12.545,11
5 9.060,92 5.935,81 15.941,31 10.443,15
6 9.474,09 8.341,38 18.609,40 16.384,49
7 10.052,90 10.739,67 19.521,79 20.855,42
8 10.730,51 9.890,37 25.044,73 23.083,87
9 11.014,49 11.798,03 22.361,81 23.952,56
10 11.438,43 10.724,49 26.553,89 24.896,51
11 11.579,85 11.518,40 23.919,81 23.792,87
12 11.854,17 11.228,02 26.369,48 24.976,60
13 11.968,56 11.885,83 25.878,71 25.699,84
14 12.146,45 11.291,17 26.787,44 24.901,24
15 12.189,31 11.854,73 25.912,57 25.201,31
16 12.265,18 11.630,19 26.383,13 25.017,22
17 12.294,02 11.948,59 26.032,09 25.300,68
18 12.341,53 11.759,55 26.257,87 25.019,65
19 12.381,39 11.928,41 25.923,49 24.975,06
20 12.415,03 11.817,01 26.026,11 24.772,47
21 12.417,99 11.830,20 25.654,98 24.440,63
22 12.427,37 11.851,27 25.547,54 24.363,23
23 12.428,53 11.837,28 25.379,04 24.171,72
24 12.435,41 11.864,05 25.199,14 24.041,34
25 12.436,99 11.850,72 25.051,75 23.870,83
26 12.443,69 11.877,00 24.850,30 23.718,63
27 12.448,44 11.868,31 24.713,82 23.562,10
28 12.450,32 11.873,48 24.523,05 23.386,86
29 12.453,26 11.893,41 24.349,70 23.255,04
30 12.455,95 11.878,56 24.169,52 23.049,15
31 12.456,69 11.881,35 23.951,90 22.845,62
32 12.456,69 11.881,35 23.755,11 22.657,91
33 12.458,41 11.885,24 23.562,20 22.478,18
34 12.460,12 11.882,58 23.369,43 22.286,23
35 12.460,12 11.882,58 23.164,32 22.090,63
36 12.460,12 11.882,58 22.963,38 21.899,01
37 12.460,12 11.882,58 22.762,25 21.707,20
38 12.461,38 11.883,88 22.565,61 21.519,84
39 12.462,31 11.891,07 22.367,79 21.342,52
40 12.463,36 11.886,58 22.172,03 21.145,95
41 12.464,30 11.893,69 21.966,05 20.960,45
42 12.465,37 11.889,14 21.772,04 20.765,60
43 12.465,37 11.889,14 21.565,75 20.568,84
44 12.465,37 11.889,14 21.365,82 20.378,16
45 12.465,37 11.889,14 21.164,34 20.185,99
46 12.466,14 11.892,69 20.963,59 19.999,25
47 12.466,69 11.890,17 20.760,91 19.800,83
48 12.469,38 11.897,27 20.556,51 19.613,36
49 12.469,93 11.894,70 20.356,92 19.417,86
50 12.469,93 11.894,70 20.149,81 19.220,30
51 12.469,93 11.894,70 19.949,46 19.029,19
52 12.469,93 11.894,70 19.750,37 18.839,29
53 12.469,93 11.894,70 19.554,71 18.652,66
54 12.469,93 11.894,70 19.360,82 18.467,71
55 12.469,93 11.894,70 19.167,52 18.283,33
56 12.469,93 11.894,70 18.976,67 18.101,28
57 12.469,93 11.894,70 18.787,32 17.920,67
58 12.469,93 11.894,70 18.595,95 17.738,12
59 12.469,93 11.894,70 18.409,47 17.560,24
60 12.469,93 11.894,70 18.225,58 17.384,83
61 12.471,33 11.900,46 18.045,42 17.219,40
62 12.471,97 11.897,50 17.870,96 17.047,80
63 12.472,56 11.895,20 17.690,89 16.871,97
64 12.472,56 11.895,20 17.513,54 16.702,83
65 12.473,36 11.898,62 17.340,74 16.541,71
66 12.473,36 11.898,62 17.169,93 16.378,77
67 12.473,96 11.896,29 16.997,49 16.210,35
68 12.473,96 11.896,29 16.826,44 16.047,22
69 12.473,96 11.896,29 16.658,24 15.886,80
70 12.473,96 11.896,29 16.489,57 15.725,94
71 12.473,96 11.896,29 16.324,06 15.568,10
72 12.473,96 11.896,29 16.161,91 15.413,46
73 12.473,96 11.896,29 16.002,19 15.261,13
74 12.473,96 11.896,29 15.845,11 15.111,33
75 12.473,96 11.896,29 15.690,28 14.963,67
76 12.473,96 11.896,29 15.536,55 14.817,06
77 12.473,96 11.896,29 15.385,62 14.673,12
78 12.473,96 11.896,29 15.236,71 14.531,10
79 12.473,96 11.896,29 15.088,62 14.389,87
80 12.474,78 11.899,63 14.943,94 14.254,95
81 12.474,78 11.899,63 14.802,49 14.120,02
82 12.474,78 11.899,63 14.658,76 13.982,92
83 12.474,78 11.899,63 14.518,06 13.848,70
84 12.474,78 11.899,63 14.377,23 13.714,36
85 12.474,78 11.899,63 14.238,53 13.582,06
86 12.474,78 11.899,63 14.101,32 13.451,17
87 12.474,78 11.899,63 13.967,67 13.323,69
88 12.474,78 11.899,63 13.836,14 13.198,23
89 12.474,78 11.899,63 13.706,71 13.074,76
90 12.474,78 11.899,63 13.578,36 12.952,32
91 12.474,78 11.899,63 13.451,40 12.831,22
92 12.474,78 11.899,63 13.326,74 12.712,31
93 12.475,62 11.902,90 13.204,60 12.598,41
94 12.475,62 11.902,90 13.085,29 12.484,58
95 12.476,25 11.900,44 12.966,84 12.368,38
96 12.476,25 11.900,44 12.849,03 12.256,02
97 12.477,10 11.903,69 12.733,21 12.148,03
98 12.477,10 11.903,69 12.620,40 12.040,40
99 12.477,73 11.901,21 12.509,50 11.931,51
100 12.477,73 11.901,21 12.397,41 11.824,60
101 12.477,73 11.901,21 12.288,69 11.720,90
102 12.477,95 11.906,94 12.181,70 11.624,24
103 12.478,98 11.902,18 12.079,32 11.521,00
104 12.478,98 11.902,18 11.972,75 11.419,35
105 12.480,26 11.903,05 11.871,46 11.322,41
106 12.480,26 11.903,05 11.771,30 11.226,88
107 12.480,26 11.903,05 11.672,82 11.132,96
108 12.480,26 11.903,05 11.576,18 11.040,79
109 12.480,26 11.903,05 11.480,43 10.949,46
110 12.480,47 11.908,78 11.386,45 10.864,87
111 12.481,12 11.906,25 11.295,74 10.775,47
112 12.481,34 11.911,98 11.201,90 10.690,91
113 12.482,49 11.906,66 11.114,68 10.601,95
114 12.484,12 11.907,80 11.023,48 10.514,59
115 12.484,12 11.907,80 10.935,71 10.430,87
116 12.484,12 11.907,80 10.848,92 10.348,09
117 12.484,33 11.913,53 10.763,52 10.271,40
118 12.485,55 11.907,91 10.683,11 10.188,85
119 12.485,77 11.913,64 10.597,61 10.112,00
120 12.487,89 11.911,07 10.520,07 10.034,15
121 12.487,89 11.911,07 10.438,11 9.955,97
122 12.488,76 11.914,23 10.360,27 9.883,66
123 12.488,76 11.914,23 10.284,30 9.811,18
124 12.488,76 11.914,23 10.208,21 9.738,59
125 12.488,98 11.919,96 10.133,91 9.672,20
126 12.490,31 11.913,84 10.063,52 9.599,06
127 12.490,53 11.919,57 9.988,84 9.532,24
128 12.491,18 11.916,99 9.920,83 9.464,79
129 12.491,40 11.922,72 9.850,25 9.401,81
130 12.492,79 11.916,34 9.784,42 9.332,95
131 12.492,79 11.916,34 9.713,72 9.265,51
132 12.493,66 11.919,48 9.646,74 9.203,39
133 12.493,66 11.919,48 9.580,79 9.140,48
134 12.494,54 11.922,62 9.515,13 9.079,59
135 12.494,54 11.922,62 9.451,07 9.018,45
136 12.495,20 11.920,01 9.387,39 8.955,26
137 12.496,08 11.923,14 9.324,06 8.896,55
138 12.496,08 11.923,14 9.262,45 8.837,76
139 12.497,82 11.921,87 9.201,56 8.777,52
140 12.497,82 11.921,87 9.140,07 8.718,86
141 12.498,70 11.924,99 9.081,08 8.664,24
142 12.498,70 11.924,99 9.023,53 8.609,33
143 12.499,37 11.922,37 8.966,36 8.552,45
144 12.499,37 11.922,37 8.908,97 8.497,71
145 12.499,37 11.922,37 8.853,40 8.444,71
146 12.499,37 11.922,37 8.798,61 8.392,44
147 12.500,26 11.925,47 8.745,03 8.342,92
148 12.500,26 11.925,47 8.693,01 8.293,30
149 12.500,26 11.925,47 8.640,46 8.243,16
150 12.500,26 11.925,47 8.588,57 8.193,66
151 12.500,26 11.925,47 8.537,47 8.144,90
152 12.500,26 11.925,47 8.487,19 8.096,94
153 12.500,26 11.925,47 8.437,66 8.049,68
154 12.500,26 11.925,47 8.389,10 8.003,36
155 12.500,26 11.925,47 8.340,71 7.957,19
156 12.500,26 11.925,47 8.292,64 7.911,34
157 12.501,15 11.928,56 8.245,78 7.868,10
158 12.501,82 11.925,91 8.200,84 7.823,06
159 12.502,04 11.931,64 8.154,54 7.782,49
160 12.502,71 11.928,99 8.111,94 7.739,70
161 12.502,71 11.928,99 8.066,72 7.696,56
162 12.503,39 11.926,33 8.023,70 7.653,38
163 12.503,61 11.932,06 7.979,77 7.615,01
164 12.504,28 11.929,40 7.939,95 7.574,91
165 12.504,28 11.929,40 7.897,21 7.534,14
166 12.504,28 11.929,40 7.855,60 7.494,44
167 12.504,28 11.929,40 7.814,59 7.455,32
168 12.505,18 11.932,46 7.774,73 7.418,66
169 12.505,18 11.932,46 7.736,10 7.381,80
170 12.505,86 11.929,79 7.697,44 7.342,87
171 12.505,86 11.929,79 7.658,48 7.305,70
172 12.505,86 11.929,79 7.620,71 7.269,67
173 12.506,08 11.935,52 7.583,75 7.237,76
174 12.506,76 11.932,84 7.548,90 7.202,50
175 12.506,76 11.932,84 7.511,40 7.166,71
176 12.507,44 11.930,16 7.475,88 7.130,83
177 12.507,44 11.930,16 7.439,77 7.096,39
178 12.507,44 11.930,16 7.405,17 7.063,39
179 12.507,44 11.930,16 7.371,02 7.030,81
180 12.507,44 11.930,16 7.337,21 6.998,57
181 12.507,44 11.930,16 7.303,95 6.966,84
182 12.507,44 11.930,16 7.271,39 6.935,78
183 12.508,34 11.933,20 7.239,74 6.906,85
184 12.508,34 11.933,20 7.208,76 6.877,30
185 12.508,34 11.933,20 7.177,39 6.847,37
186 12.508,34 11.933,20 7.146,29 6.817,70
187 12.508,34 11.933,20 7.115,36 6.788,19
188 12.508,34 11.933,20 7.084,84 6.759,08
189 12.508,34 11.933,20 7.054,85 6.730,46
190 12.508,34 11.933,20 7.025,20 6.702,18
191 12.508,34 11.933,20 6.995,83 6.674,16
192 12.508,34 11.933,20 6.967,04 6.646,69
193 12.509,25 11.936,23 6.938,89 6.621,04
194 12.509,25 11.936,23 6.911,68 6.595,07
195 12.509,93 11.933,53 6.884,43 6.567,23
196 12.509,93 11.933,53 6.856,40 6.540,49
197 12.509,93 11.933,53 6.829,45 6.514,78
198 12.509,93 11.933,53 6.802,85 6.489,41
199 12.509,93 11.933,53 6.776,57 6.464,34
200 12.509,93 11.933,53 6.750,62 6.439,58
201 12.509,93 11.933,53 6.724,67 6.414,83
202 12.509,93 11.933,53 6.698,95 6.390,29
203 12.509,93 11.933,53 6.673,65 6.366,16
204 12.509,93 11.933,53 6.648,76 6.342,41
205 12.509,93 11.933,53 6.624,17 6.318,96
206 12.509,93 11.933,53 6.600,07 6.295,97
207 12.509,93 11.933,53 6.576,27 6.273,27
208 12.510,84 11.936,55 6.553,22 6.252,40
209 12.510,84 11.936,55 6.530,79 6.231,00
210 12.510,84 11.936,55 6.507,45 6.208,73
211 12.510,84 11.936,55 6.484,39 6.186,73
212 12.510,84 11.936,55 6.461,78 6.165,16
213 12.510,84 11.936,55 6.439,63 6.144,02
214 12.510,84 11.936,55 6.417,74 6.123,14
215 12.510,84 11.936,55 6.396,02 6.102,42
216 12.510,84 11.936,55 6.374,65 6.082,03
217 12.510,84 11.936,55 6.353,53 6.061,88
218 12.510,84 11.936,55 6.332,99 6.042,28
219 12.510,84 11.936,55 6.312,61 6.022,83
220 12.510,84 11.936,55 6.292,63 6.003,78
221 12.510,84 11.936,55 6.272,80 5.984,85
222 12.510,84 11.936,55 6.253,19 5.966,14
223 12.510,84 11.936,55 6.233,72 5.947,57
224 12.510,84 11.936,55 6.214,40 5.929,14
225 12.510,84 11.936,55 6.195,53 5.911,13
226 12.510,84 11.936,55 6.176,80 5.893,26
227 12.511,76 11.939,54 6.158,88 5.877,21
228 12.511,76 11.939,54 6.141,32 5.860,45
229 12.512,45 11.936,80 6.123,39 5.841,68
230 12.512,67 11.942,53 6.104,83 5.826,66
231 12.513,37 11.939,80 6.088,81 5.809,72
232 12.513,37 11.939,80 6.070,69 5.792,43
233 12.514,06 11.937,06 6.053,78 5.774,65
234 12.514,06 11.937,06 6.036,05 5.757,73
235 12.514,06 11.937,06 6.019,25 5.741,71
236 12.514,06 11.937,06 6.002,64 5.725,87
237 12.514,06 11.937,06 5.986,14 5.710,13
238 12.514,06 11.937,06 5.969,61 5.694,36
239 12.514,06 11.937,06 5.953,40 5.678,90
240 12.514,06 11.937,06 5.937,44 5.663,67
241 12.514,06 11.937,06 5.921,79 5.648,74
242 12.514,06 11.937,06 5.906,24 5.633,91
243 12.514,06 11.937,06 5.890,91 5.619,29
244 12.514,06 11.937,06 5.875,69 5.604,77
245 12.514,06 11.937,06 5.860,69 5.590,46
246 12.514,06 11.937,06 5.845,86 5.576,31
247 12.514,06 11.937,06 5.831,12 5.562,26
248 12.514,06 11.937,06 5.816,54 5.548,35
249 12.514,06 11.937,06 5.802,18 5.534,65
250 12.514,06 11.937,06 5.787,90 5.521,03
251 12.514,06 11.937,06 5.773,77 5.507,55
252 12.514,06 11.937,06 5.759,72 5.494,15
253 12.514,06 11.937,06 5.745,77 5.480,84
254 12.514,06 11.937,06 5.732,03 5.467,73
255 12.514,06 11.937,06 5.718,43 5.454,76
256 12.514,06 11.937,06 5.704,98 5.441,93
257 12.514,06 11.937,06 5.691,66 5.429,22
258 12.514,06 11.937,06 5.678,47 5.416,65
259 12.514,06 11.937,06 5.665,37 5.404,14
260 12.514,06 11.937,06 5.652,51 5.391,88
261 12.514,06 11.937,06 5.639,72 5.379,68
262 12.514,06 11.937,06 5.627,13 5.367,67
263 12.514,06 11.937,06 5.614,83 5.355,94
264 12.514,06 11.937,06 5.602,56 5.344,23
265 12.514,06 11.937,06 5.590,34 5.332,58
266 12.514,06 11.937,06 5.578,25 5.321,04
267 12.514,06 11.937,06 5.566,45 5.309,79
268 12.514,06 11.937,06 5.554,76 5.298,64
269 12.514,06 11.937,06 5.543,35 5.287,75
270 12.514,06 11.937,06 5.531,89 5.276,82
271 12.514,06 11.937,06 5.520,44 5.265,90
272 12.514,06 11.937,06 5.509,16 5.255,14
273 12.514,06 11.937,06 5.497,92 5.244,42
274 12.514,06 11.937,06 5.486,86 5.233,87
275 12.514,06 11.937,06 5.475,85 5.223,37
276 12.514,06 11.937,06 5.465,05 5.213,07
277 12.514,06 11.937,06 5.454,36 5.202,87
278 12.514,06 11.937,06 5.443,82 5.192,82
279 12.514,28 11.942,79 5.433,53 5.185,39
280 12.514,99 11.940,01 5.424,92 5.175,69
281 12.514,99 11.940,01 5.414,26 5.165,52
282 12.514,99 11.940,01 5.404,22 5.155,93
283 12.514,99 11.940,01 5.394,32 5.146,49
284 12.514,99 11.940,01 5.384,52 5.137,14
285 12.514,99 11.940,01 5.374,84 5.127,91
286 12.514,99 11.940,01 5.365,36 5.118,86
287 12.514,99 11.940,01 5.355,91 5.109,84
288 12.514,99 11.940,01 5.346,59 5.100,96
289 12.515,20 11.945,74 5.337,42 5.094,56
290 12.515,91 11.942,97 5.329,80 5.085,82
291 12.515,91 11.942,97 5.320,11 5.076,57
292 12.516,62 11.940,19 5.311,36 5.066,76
293 12.516,62 11.940,19 5.301,65 5.057,50
294 12.516,62 11.940,19 5.292,59 5.048,85
295 12.516,62 11.940,19 5.283,70 5.040,37
296 12.516,62 11.940,19 5.274,89 5.031,96
297 12.516,62 11.940,19 5.266,28 5.023,76
298 12.516,62 11.940,19 5.257,77 5.015,63
299 12.516,62 11.940,19 5.249,28 5.007,53
300 12.516,62 11.940,19 5.240,84 4.999,48
301 12.516,62 11.940,19 5.232,42 4.991,45
302 12.516,62 11.940,19 5.224,22 4.983,63
303 12.516,62 11.940,19 5.216,09 4.975,87
304 12.516,62 11.940,19 5.208,07 4.968,22
305 12.516,62 11.940,19 5.200,08 4.960,60
306 12.516,62 11.940,19 5.192,11 4.953,00
307 12.516,62 11.940,19 5.184,14 4.945,39
308 12.516,62 11.940,19 5.176,27 4.937,88
309 12.516,62 11.940,19 5.168,52 4.930,49
310 12.516,62 11.940,19 5.160,79 4.923,12
311 12.516,62 11.940,19 5.153,15 4.915,83
312 12.516,62 11.940,19 5.145,60 4.908,63
313 12.516,62 11.940,19 5.138,11 4.901,49
314 12.516,62 11.940,19 5.130,82 4.894,53
315 12.516,62 11.940,19 5.123,61 4.887,65
316 12.516,62 11.940,19 5.116,48 4.880,85
317 12.516,62 11.940,19 5.109,40 4.874,10
318 12.516,62 11.940,19 5.102,36 4.867,38
319 12.516,62 11.940,19 5.095,37 4.860,71
320 12.516,62 11.940,19 5.088,44 4.854,10
321 12.516,62 11.940,19 5.081,56 4.847,54
322 12.516,62 11.940,19 5.074,74 4.841,03
323 12.516,62 11.940,19 5.068,05 4.834,65
324 12.516,62 11.940,19 5.061,42 4.828,33
325 12.516,62 11.940,19 5.054,85 4.822,06
326 12.516,62 11.940,19 5.048,41 4.815,91
327 12.516,62 11.940,19 5.041,97 4.809,78
328 12.516,62 11.940,19 5.035,52 4.803,62
329 12.516,62 11.940,19 5.029,16 4.797,55
330 12.516,62 11.940,19 5.022,81 4.791,49
331 12.517,55 11.943,12 5.016,96 4.786,73
332 12.517,55 11.943,12 5.011,53 4.781,56
333 12.517,55 11.943,12 5.005,55 4.775,85
334 12.517,55 11.943,12 4.999,54 4.770,12
335 12.517,55 11.943,12 4.993,56 4.764,41
336 12.517,55 11.943,12 4.987,59 4.758,71
337 12.517,55 11.943,12 4.981,66 4.753,06
338 12.517,55 11.943,12 4.975,86 4.747,52
339 12.517,55 11.943,12 4.970,10 4.742,03
340 12.517,55 11.943,12 4.964,39 4.736,57
341 12.517,55 11.943,12 4.958,74 4.731,19
342 12.517,55 11.943,12 4.953,08 4.725,78
343 12.517,55 11.943,12 4.947,40 4.720,36
344 12.517,55 11.943,12 4.941,80 4.715,03
345 12.517,55 11.943,12 4.936,22 4.709,70
346 12.517,55 11.943,12 4.930,76 4.704,49
347 12.517,55 11.943,12 4.925,34 4.699,32
348 12.517,55 11.943,12 4.920,00 4.694,22
349 12.517,55 11.943,12 4.914,66 4.689,12
350 12.517,55 11.943,12 4.909,33 4.684,04
351 12.517,55 11.943,12 4.904,13 4.679,08
352 12.517,55 11.943,12 4.898,94 4.674,13
353 12.517,55 11.943,12 4.893,86 4.669,28
354 12.517,55 11.943,12 4.888,78 4.664,44
355 12.517,55 11.943,12 4.883,75 4.659,64
356 12.517,55 11.943,12 4.878,76 4.654,87
357 12.517,55 11.943,12 4.873,77 4.650,11
358 12.517,55 11.943,12 4.868,84 4.645,41
359 12.517,55 11.943,12 4.863,95 4.640,75
360 12.517,55 11.943,12 4.859,13 4.636,14
361 12.517,55 11.943,12 4.854,34 4.631,58
362 12.517,55 11.943,12 4.849,59 4.627,04
363 12.517,55 11.943,12 4.844,88 4.622,55
364 12.517,55 11.943,12 4.840,14 4.618,03
365 12.517,55 11.943,12 4.835,56 4.613,66
366 12.517,55 11.943,12 4.830,99 4.609,29
367 12.517,55 11.943,12 4.826,48 4.604,99
368 12.517,55 11.943,12 4.822,00 4.600,72
369 12.517,55 11.943,12 4.817,58 4.596,50
370 12.517,55 11.943,12 4.813,15 4.592,27
371 12.517,55 11.943,12 4.808,71 4.588,04
372 12.517,55 11.943,12 4.804,29 4.583,82
373 12.517,55 11.943,12 4.799,87 4.579,60
374 12.517,55 11.943,12 4.795,57 4.575,50
375 12.517,55 11.943,12 4.791,32 4.571,45
376 12.517,55 11.943,12 4.787,07 4.567,39
377 12.517,55 11.943,12 4.782,88 4.563,39
378 12.517,55 11.943,12 4.778,71 4.559,42
379 12.517,55 11.943,12 4.774,61 4.555,50
380 12.517,55 11.943,12 4.770,56 4.551,64
381 12.517,55 11.943,12 4.766,54 4.547,81
382 12.517,55 11.943,12 4.762,56 4.544,01
383 12.517,55 11.943,12 4.758,58 4.540,21
384 12.517,55 11.943,12 4.754,64 4.536,45
385 12.517,55 11.943,12 4.750,68 4.532,67
386 12.517,55 11.943,12 4.746,80 4.528,97
387 12.517,55 11.943,12 4.742,96 4.525,31
388 12.517,55 11.943,12 4.739,19 4.521,71
389 12.517,55 11.943,12 4.735,43 4.518,12
390 12.517,55 11.943,12 4.731,67 4.514,53
391 12.517,55 11.943,12 4.727,87 4.510,91
392 12.517,55 11.943,12 4.724,13 4.507,34
393 12.517,55 11.943,12 4.720,47 4.503,85
394 12.517,55 11.943,12 4.716,78 4.500,33
395 12.517,55 11.943,12 4.713,17 4.496,88
396 12.517,55 11.943,12 4.709,58 4.493,46
397 12.517,55 11.943,12 4.705,99 4.490,03
398 12.517,55 11.943,12 4.702,44 4.486,65
399 12.517,55 11.943,12 4.698,98 4.483,34
400 12.517,55 11.943,12 4.695,51 4.480,04
401 12.517,55 11.943,12 4.692,15 4.476,82
402 12.517,55 11.943,12 4.688,81 4.473,64
403 12.517,55 11.943,12 4.685,44 4.470,43
404 12.517,55 11.943,12 4.682,09 4.467,23
405 12.517,55 11.943,12 4.678,78 4.464,07
406 12.517,55 11.943,12 4.675,47 4.460,91
407 12.518,48 11.946,03 4.672,57 4.458,90
408 12.518,48 11.946,03 4.669,86 4.456,31
409 12.519,20 11.943,21 4.666,83 4.452,12
410 12.519,42 11.948,94 4.663,10 4.450,61
411 12.520,13 11.946,12 4.661,21 4.447,50
412 12.520,13 11.946,12 4.657,47 4.443,94
413 12.520,85 11.943,29 4.654,54 4.439,84
414 12.520,85 11.943,29 4.650,85 4.436,31
415 12.520,85 11.943,29 4.647,70 4.433,31
416 12.520,85 11.943,29 4.644,67 4.430,42
417 12.521,79 11.946,20 4.641,98 4.428,60
418 12.521,79 11.946,20 4.639,49 4.426,22
419 12.521,79 11.946,20 4.636,46 4.423,33
420 12.521,79 11.946,20 4.633,43 4.420,44
421 12.521,79 11.946,20 4.630,48 4.417,63
422 12.521,79 11.946,20 4.627,53 4.414,81
423 12.521,79 11.946,20 4.624,66 4.412,08
424 12.521,79 11.946,20 4.621,83 4.409,38
425 12.521,79 11.946,20 4.619,02 4.406,70
426 12.521,79 11.946,20 4.616,17 4.403,97
427 12.521,79 11.946,20 4.613,31 4.401,25
428 12.521,79 11.946,20 4.610,49 4.398,56
429 12.521,79 11.946,20 4.607,70 4.395,90
430 12.521,79 11.946,20 4.604,95 4.393,28
431 12.521,79 11.946,20 4.602,20 4.390,65
432 12.521,79 11.946,20 4.599,45 4.388,02
433 12.521,79 11.946,20 4.596,75 4.385,45
434 12.521,79 11.946,20 4.594,07 4.382,90
435 12.521,79 11.946,20 4.591,43 4.380,38
436 12.521,79 11.946,20 4.588,78 4.377,84
437 12.521,79 11.946,20 4.586,17 4.375,36
438 12.521,79 11.946,20 4.583,55 4.372,85
439 12.521,79 11.946,20 4.580,92 4.370,35
440 12.521,79 11.946,20 4.578,32 4.367,87
441 12.521,79 11.946,20 4.575,71 4.365,38
442 12.521,79 11.946,20 4.573,15 4.362,93
443 12.521,79 11.946,20 4.570,58 4.360,48
444 12.521,79 11.946,20 4.568,05 4.358,07
445 12.521,79 11.946,20 4.565,53 4.355,67
446 12.521,79 11.946,20 4.563,04 4.353,29
447 12.521,79 11.946,20 4.560,57 4.350,94
448 12.521,79 11.946,20 4.558,12 4.348,60
449 12.521,79 11.946,20 4.555,70 4.346,29
450 12.521,79 11.946,20 4.553,30 4.344,00
451 12.521,79 11.946,20 4.550,94 4.341,75
452 12.521,79 11.946,20 4.548,60 4.339,52
453 12.521,79 11.946,20 4.546,26 4.337,28
454 12.521,79 11.946,20 4.543,90 4.335,03
455 12.521,79 11.946,20 4.541,53 4.332,77
456 12.521,79 11.946,20 4.539,24 4.330,58
457 12.521,79 11.946,20 4.536,94 4.328,39
458 12.521,79 11.946,20 4.534,70 4.326,25
459 12.521,79 11.946,20 4.532,48 4.324,13
460 12.521,79 11.946,20 4.530,25 4.322,01
461 12.521,79 11.946,20 4.528,02 4.319,88
462 12.521,79 11.946,20 4.525,76 4.317,72
463 12.521,79 11.946,20 4.523,52 4.315,59
464 12.521,79 11.946,20 4.521,30 4.313,47
465 12.521,79 11.946,20 4.519,12 4.311,39
466 12.521,79 11.946,20 4.516,95 4.309,32
467 12.521,79 11.946,20 4.514,84 4.307,30
468 12.521,79 11.946,20 4.512,73 4.305,29
469 12.521,79 11.946,20 4.510,61 4.303,27
470 12.521,79 11.946,20 4.508,58 4.301,33
471 12.521,79 11.946,20 4.506,54 4.299,39
472 12.521,79 11.946,20 4.504,54 4.297,48
473 12.521,79 11.946,20 4.502,54 4.295,57
474 12.521,79 11.946,20 4.500,53 4.293,65
475 12.521,79 11.946,20 4.498,53 4.291,74
476 12.522,73 11.949,09 4.496,86 4.290,86
477 12.522,73 11.949,09 4.495,41 4.289,49
478 12.523,45 11.946,26 4.493,69 4.286,58
479 12.523,45 11.946,26 4.491,20 4.284,21
480 12.523,45 11.946,26 4.489,23 4.282,33
481 12.523,45 11.946,26 4.487,24 4.280,43
482 12.523,45 11.946,26 4.485,29 4.278,57
483 12.523,45 11.946,26 4.483,33 4.276,70
484 12.523,45 11.946,26 4.481,46 4.274,91
485 12.523,45 11.946,26 4.479,59 4.273,13
486 12.523,45 11.946,26 4.477,75 4.271,38
487 12.523,45 11.946,26 4.475,91 4.269,62
488 12.523,45 11.946,26 4.474,08 4.267,88
489 12.523,45 11.946,26 4.472,27 4.266,15
490 12.523,45 11.946,26 4.470,44 4.264,40
491 12.523,45 11.946,26 4.468,63 4.262,67
492 12.523,45 11.946,26 4.466,81 4.260,94
493 12.523,45 11.946,26 4.465,06 4.259,27
494 12.523,45 11.946,26 4.463,34 4.257,63
495 12.523,45 11.946,26 4.461,61 4.255,98
496 12.523,45 11.946,26 4.459,89 4.254,33
497 12.523,45 11.946,26 4.458,17 4.252,70
498 12.523,45 11.946,26 4.456,44 4.251,05
499 12.523,45 11.946,26 4.454,69 4.249,37
