1000
0 46.033,50 0,00 46.033,50 0,00 0
1 46.794,61 -3.458,52 46.794,61 -3.458,52 0
2 46.980,95 -3.106,36 20.945,23 -1.384,89 0
3 46.983,59 -3.055,97 21.915,51 -1.425,46 0
4 46.983,61 -3.055,68 22.036,27 -1.433,18 0
5 46.983,61 -3.055,68 22.036,38 -1.433,18 0
6 46.983,61 -3.055,68 22.095,21 -1.437,01 0
7 46.983,61 -3.055,68 22.125,00 -1.438,95 0
8 46.983,61 -3.055,68 22.125,00 -1.438,95 0
9 46.983,61 -3.055,68 22.125,00 -1.438,95 0
10 46.983,61 -3.055,68 22.125,00 -1.438,95 0
11 46.983,61 -3.055,68 22.125,00 -1.438,95 0
12 46.983,61 -3.055,68 22.125,00 -1.438,95 0
13 46.983,61 -3.055,68 22.125,00 -1.438,95 0
14 46.983,61 -3.055,68 22.125,00 -1.438,95 0
15 46.983,61 -3.055,68 22.125,00 -1.438,95 0
16 46.983,61 -3.055,68 22.125,00 -1.438,95 0
17 46.983,61 -3.055,68 22.125,00 -1.438,95 0
18 46.983,61 -3.055,68 22.125,00 -1.438,95 0
19 46.983,61 -3.055,68 22.125,00 -1.438,95 0
20 46.983,61 -3.055,68 22.125,00 -1.438,95 0
21 46.983,61 -3.055,68 22.125,00 -1.438,95 0
22 46.983,61 -3.055,68 22.125,00 -1.438,95 0
23 46.983,61 -3.055,68 22.125,00 -1.438,95 0
24 46.983,61 -3.055,68 22.125,00 -1.438,95 0
25 46.983,61 -3.055,68 22.125,00 -1.438,95 0
26 46.983,61 -3.055,68 22.125,00 -1.438,95 0
27 46.983,61 -3.055,68 22.125,00 -1.438,95 0
28 46.983,61 -3.055,68 22.125,00 -1.438,95 0
29 46.983,61 -3.055,68 22.125,00 -1.438,95 0
30 46.983,61 -3.055,68 22.125,00 -1.438,95 -63,1435700470322
31 48.210,03 -6.978,30 22.702,54 -3.286,14 -63,1435700470322
32 48.655,51 -6.311,20 21.192,73 -2.748,95 -63,1435700470322
33 49.007,99 -6.273,30 21.510,06 -2.753,41 -63,1435700470322
34 49.215,79 -6.915,43 22.534,86 -3.166,43 -63,1435700470322
35 49.333,73 -6.809,99 23.633,82 -3.262,39 -63,1435700470322
36 49.360,89 -6.780,40 22.790,99 -3.130,66 -63,1435700470322
37 49.418,56 -6.713,35 23.029,76 -3.128,52 -63,1435700470322
38 49.423,57 -6.719,75 23.539,99 -3.200,55 -63,1435700470322
39 49.425,03 -6.724,79 23.103,90 -3.143,52 -63,1435700470322
40 49.426,49 -6.718,51 23.015,08 -3.128,42 -63,1435700470322
41 49.427,89 -6.723,35 23.257,20 -3.163,52 -63,1435700470322
42 49.427,89 -6.723,35 23.517,50 -3.198,93 -63,1435700470322
43 49.428,29 -6.717,12 22.909,71 -3.113,35 -63,1435700470322
44 49.429,61 -6.711,98 23.443,46 -3.183,36 -63,1435700470322
45 49.433,86 -6.717,52 23.446,45 -3.186,11 -63,1435700470322
46 49.436,07 -6.707,65 23.443,47 -3.180,89 -63,1435700470322
47 49.437,68 -6.706,27 23.445,59 -3.180,42 -63,1435700470322
48 49.438,18 -6.711,72 23.444,78 -3.182,86 -63,1435700470322
49 49.439,90 -6.707,73 23.441,19 -3.180,37 -63,1435700470322
50 49.439,90 -6.707,73 23.439,70 -3.180,17 -63,1435700470322
51 49.440,54 -6.710,94 23.440,00 -3.181,69 -63,1435700470322
52 49.442,79 -6.697,47 23.435,56 -3.174,56 -63,1435700470322
53 49.444,35 -6.706,27 23.440,03 -3.179,23 -63,1435700470322
54 49.444,35 -6.706,27 23.434,18 -3.178,44 -63,1435700470322
55 49.444,66 -6.701,47 23.434,33 -3.176,17 -63,1435700470322
56 49.446,53 -6.702,58 23.433,16 -3.176,41 -63,1435700470322
57 49.446,53 -6.702,58 23.430,62 -3.176,07 -63,1435700470322
58 49.447,94 -6.699,17 23.431,29 -3.174,46 -63,1435700470322
59 49.449,17 -6.698,05 23.429,21 -3.173,56 -63,1435700470322
60 49.450,54 -6.694,86 23.427,87 -3.171,78 -17,3715545477636
61 49.451,70 -6.694,71 23.427,32 -3.171,56 -17,3715545477636
62 49.453,32 -6.692,90 23.427,10 -3.170,57 -17,3715545477636
63 49.454,41 -6.692,75 23.425,39 -3.170,20 -17,3715545477636
64 49.454,92 -6.694,37 23.422,33 -3.170,52 -17,3715545477636
65 49.454,92 -6.694,37 23.418,74 -3.170,03 -17,3715545477636
66 49.454,94 -6.693,30 23.413,96 -3.168,88 -17,3715545477636
67 49.455,67 -6.694,28 23.411,61 -3.168,97 -17,3715545477636
68 49.455,71 -6.694,57 23.410,68 -3.168,98 -17,3715545477636
69 49.455,72 -6.694,63 23.407,68 -3.168,61 -17,3715545477636
70 49.455,72 -6.694,63 23.404,77 -3.168,21 -17,3715545477636
71 49.455,72 -6.694,63 23.404,77 -3.168,21 -17,3715545477636
72 49.455,72 -6.694,63 23.404,77 -3.168,21 -17,3715545477636
73 49.455,72 -6.694,63 23.404,77 -3.168,21 -17,3715545477636
74 49.455,72 -6.694,63 23.404,77 -3.168,21 -17,3715545477636
75 49.455,72 -6.694,63 23.404,77 -3.168,21 -17,3715545477636
76 49.455,72 -6.694,63 23.404,77 -3.168,21 -17,3715545477636
77 49.455,72 -6.694,63 23.404,77 -3.168,21 -17,3715545477636
78 49.455,72 -6.694,63 23.404,77 -3.168,21 -17,3715545477636
79 49.455,72 -6.694,63 23.404,77 -3.168,21 -17,3715545477636
80 49.455,72 -6.694,63 23.404,77 -3.168,21 -17,3715545477636
81 49.455,72 -6.694,63 23.404,77 -3.168,21 -17,3715545477636
82 49.455,72 -6.694,63 23.404,77 -3.168,21 -17,3715545477636
83 49.455,72 -6.694,63 23.404,77 -3.168,21 -17,3715545477636
84 49.455,72 -6.694,63 23.404,77 -3.168,21 -17,3715545477636
85 49.455,72 -6.694,63 23.404,77 -3.168,21 -17,3715545477636
86 49.455,72 -6.694,63 23.404,77 -3.168,21 -17,3715545477636
87 49.455,72 -6.694,63 23.404,77 -3.168,21 -17,3715545477636
88 49.455,72 -6.694,63 23.404,77 -3.168,21 -17,3715545477636
89 49.455,72 -6.694,63 23.404,77 -3.168,21 -17,3715545477636
90 49.455,72 -6.694,63 23.404,77 -3.168,21 -56,9852057912145
91 49.457,12 -6.696,40 23.405,43 -3.169,05 -56,9852057912145
92 49.457,70 -6.695,56 23.340,48 -3.159,82 -56,9852057912145
93 49.457,70 -6.695,56 23.336,66 -3.159,31 -56,9852057912145
94 49.458,10 -6.695,37 23.339,98 -3.159,64 -56,9852057912145
95 49.458,19 -6.694,01 23.333,45 -3.158,11 -56,9852057912145
96 49.458,19 -6.694,01 23.332,28 -3.157,95 -56,9852057912145
97 49.458,73 -6.693,20 23.332,53 -3.157,57 -56,9852057912145
98 49.458,73 -6.693,20 23.326,34 -3.156,73 -56,9852057912145
99 49.459,14 -6.692,50 23.326,54 -3.156,40 -56,9852057912145
100 49.459,14 -6.692,50 23.320,31 -3.155,56 -56,9852057912145
101 49.459,23 -6.691,21 23.320,35 -3.154,95 -56,9852057912145
102 49.459,82 -6.693,52 23.314,65 -3.155,23 -56,9852057912145
103 49.459,90 -6.692,28 23.310,44 -3.154,07 -56,9852057912145
104 49.459,90 -6.692,28 23.307,71 -3.153,70 -56,9852057912145
105 49.459,90 -6.692,28 23.307,71 -3.153,70 -56,9852057912145
106 49.459,90 -6.692,28 23.307,71 -3.153,70 -56,9852057912145
107 49.459,90 -6.692,28 23.307,71 -3.153,70 -56,9852057912145
108 49.459,90 -6.692,28 23.307,71 -3.153,70 -56,9852057912145
109 49.460,05 -6.689,99 23.307,78 -3.152,62 -56,9852057912145
110 49.460,05 -6.689,99 23.289,21 -3.150,11 -56,9852057912145
111 49.460,13 -6.688,87 23.289,24 -3.149,58 -56,9852057912145
112 49.460,27 -6.692,76 23.283,28 -3.150,60 -56,9852057912145
113 49.460,27 -6.692,76 23.278,36 -3.149,93 -56,9852057912145
114 49.460,34 -6.691,64 23.278,40 -3.149,40 -56,9852057912145
115 49.460,34 -6.691,64 23.272,37 -3.148,59 -56,9852057912145
116 49.460,34 -6.691,64 23.272,37 -3.148,59 -56,9852057912145
117 49.460,34 -6.691,64 23.272,37 -3.148,59 -56,9852057912145
118 49.460,41 -6.690,60 23.272,40 -3.148,10 -56,9852057912145
119 49.460,41 -6.690,60 23.259,85 -3.146,40 -56,9852057912145
120 49.460,41 -6.690,60 23.259,85 -3.146,40 6,80425953006432
121 49.460,99 -6.692,79 23.260,12 -3.147,43 6,80425953006432
122 49.461,31 -6.691,38 23.250,40 -3.145,43 6,80425953006432
123 49.461,56 -6.692,53 23.247,66 -3.145,59 6,80425953006432
124 49.461,56 -6.692,53 23.243,72 -3.145,05 6,80425953006432
125 49.461,56 -6.692,53 23.243,72 -3.145,05 6,80425953006432
126 49.461,56 -6.692,53 23.243,72 -3.145,05 6,80425953006432
127 49.461,56 -6.692,53 23.243,72 -3.145,05 6,80425953006432
128 49.461,56 -6.692,53 23.243,72 -3.145,05 6,80425953006432
129 49.461,56 -6.692,53 23.243,72 -3.145,05 6,80425953006432
130 49.461,56 -6.692,53 23.243,72 -3.145,05 6,80425953006432
131 49.461,56 -6.692,53 23.243,72 -3.145,05 6,80425953006432
132 49.461,56 -6.692,53 23.243,72 -3.145,05 6,80425953006432
133 49.461,56 -6.692,53 23.243,72 -3.145,05 6,80425953006432
134 49.461,56 -6.692,53 23.243,72 -3.145,05 6,80425953006432
135 49.461,56 -6.692,53 23.243,72 -3.145,05 6,80425953006432
136 49.461,56 -6.692,53 23.243,72 -3.145,05 6,80425953006432
137 49.461,56 -6.692,53 23.243,72 -3.145,05 6,80425953006432
138 49.461,56 -6.692,53 23.243,72 -3.145,05 6,80425953006432
139 49.461,56 -6.692,53 23.243,72 -3.145,05 6,80425953006432
140 49.461,68 -6.691,01 23.243,77 -3.144,34 6,80425953006432
141 49.461,91 -6.692,12 23.189,34 -3.137,48 6,80425953006432
142 49.461,91 -6.692,12 23.185,64 -3.136,98 6,80425953006432
143 49.461,91 -6.692,12 23.185,64 -3.136,98 6,80425953006432
144 49.461,91 -6.692,12 23.185,64 -3.136,98 6,80425953006432
145 49.461,91 -6.692,12 23.185,64 -3.136,98 6,80425953006432
146 49.461,91 -6.692,12 23.185,64 -3.136,98 6,80425953006432
147 49.461,91 -6.692,12 23.185,64 -3.136,98 6,80425953006432
148 49.461,91 -6.692,12 23.185,64 -3.136,98 6,80425953006432
149 49.461,91 -6.692,12 23.185,64 -3.136,98 6,80425953006432
150 49.461,91 -6.692,12 23.185,64 -3.136,98 -29,8518117050525
151 49.462,02 -6.691,23 23.185,70 -3.136,56 -29,8518117050525
152 49.462,12 -6.691,57 23.153,40 -3.132,35 -29,8518117050525
153 49.462,17 -6.691,40 23.150,30 -3.131,85 -29,8518117050525
154 49.462,24 -6.690,74 23.146,53 -3.131,03 -29,8518117050525
155 49.462,24 -6.690,74 23.144,53 -3.130,75 -29,8518117050525
156 49.462,24 -6.690,74 23.143,96 -3.130,68 -29,8518117050525
157 49.462,24 -6.690,74 23.143,96 -3.130,68 -29,8518117050525
158 49.462,24 -6.690,75 23.143,96 -3.130,68 -29,8518117050525
159 49.462,24 -6.690,75 23.129,49 -3.128,73 -29,8518117050525
160 49.462,24 -6.690,75 23.129,49 -3.128,73 -29,8518117050525
161 49.462,32 -6.691,19 23.129,53 -3.128,93 -29,8518117050525
162 49.462,32 -6.691,19 23.120,11 -3.127,65 -29,8518117050525
163 49.462,32 -6.691,19 23.120,11 -3.127,65 -29,8518117050525
164 49.462,32 -6.691,19 23.120,11 -3.127,65 -29,8518117050525
165 49.462,32 -6.691,19 23.120,11 -3.127,65 -29,8518117050525
166 49.462,32 -6.691,19 23.120,11 -3.127,65 -29,8518117050525
167 49.462,32 -6.691,19 23.120,11 -3.127,65 -29,8518117050525
168 49.462,32 -6.691,19 23.120,11 -3.127,65 -29,8518117050525
169 49.462,32 -6.691,19 23.120,11 -3.127,65 -29,8518117050525
170 49.462,32 -6.691,19 23.120,11 -3.127,65 -29,8518117050525
171 49.462,32 -6.691,19 23.120,11 -3.127,65 -29,8518117050525
172 49.462,32 -6.691,19 23.120,11 -3.127,65 -29,8518117050525
173 49.462,32 -6.691,19 23.120,11 -3.127,65 -29,8518117050525
174 49.462,32 -6.691,19 23.120,11 -3.127,65 -29,8518117050525
175 49.462,32 -6.691,19 23.120,11 -3.127,65 -29,8518117050525
176 49.462,32 -6.691,19 23.120,11 -3.127,65 -29,8518117050525
177 49.462,32 -6.691,19 23.120,11 -3.127,65 -29,8518117050525
178 49.462,41 -6.689,85 23.120,15 -3.127,03 -29,8518117050525
179 49.462,73 -6.690,97 23.066,45 -3.120,27 -29,8518117050525
180 49.462,77 -6.690,30 23.062,41 -3.119,41 -18,888367370288
181 49.462,83 -6.690,51 23.059,52 -3.119,11 -18,888367370288
182 49.462,85 -6.690,65 23.055,85 -3.118,68 -18,888367370288
183 49.462,87 -6.690,79 23.052,22 -3.118,25 -18,888367370288
184 49.462,87 -6.690,79 23.048,97 -3.117,81 -18,888367370288
185 49.462,87 -6.690,79 23.048,97 -3.117,81 -18,888367370288
186 49.462,87 -6.690,79 23.048,97 -3.117,81 -18,888367370288
187 49.462,87 -6.690,79 23.048,97 -3.117,81 -18,888367370288
188 49.462,87 -6.690,79 23.048,97 -3.117,81 -18,888367370288
189 49.462,87 -6.690,79 23.048,97 -3.117,81 -18,888367370288
190 49.462,87 -6.690,79 23.048,97 -3.117,81 -18,888367370288
191 49.462,88 -6.690,51 23.048,97 -3.117,68 -18,888367370288
192 49.462,90 -6.690,24 23.023,61 -3.114,12 -18,888367370288
193 49.462,90 -6.690,11 23.020,15 -3.113,59 -18,888367370288
194 49.463,02 -6.689,55 23.016,68 -3.112,86 -18,888367370288
195 49.463,22 -6.689,82 23.013,24 -3.112,50 -18,888367370288
196 49.463,22 -6.689,82 23.009,33 -3.111,97 -18,888367370288
197 49.463,22 -6.689,82 23.009,33 -3.111,97 -18,888367370288
198 49.463,22 -6.689,82 23.009,33 -3.111,97 -18,888367370288
199 49.463,22 -6.689,82 23.009,33 -3.111,97 -18,888367370288
200 49.463,22 -6.689,82 23.009,33 -3.111,97 -18,888367370288
201 49.463,22 -6.689,82 23.009,33 -3.111,97 -18,888367370288
202 49.463,22 -6.689,82 23.009,33 -3.111,97 -18,888367370288
203 49.463,22 -6.689,82 23.009,33 -3.111,97 -18,888367370288
204 49.463,22 -6.689,82 23.009,33 -3.111,97 -18,888367370288
205 49.463,22 -6.689,82 23.009,33 -3.111,97 -18,888367370288
206 49.463,22 -6.689,82 23.009,33 -3.111,97 -18,888367370288
207 49.463,22 -6.689,82 23.009,33 -3.111,97 -18,888367370288
208 49.463,25 -6.689,34 23.009,35 -3.111,75 -18,888367370288
209 49.463,32 -6.689,73 22.963,20 -3.105,69 -18,888367370288
210 49.463,32 -6.689,73 22.959,47 -3.105,18 -16,2187954849298
211 49.463,39 -6.689,56 22.959,50 -3.105,10 -16,2187954849298
212 49.463,41 -6.690,05 22.952,41 -3.104,37 -16,2187954849298
213 49.463,41 -6.690,05 22.947,49 -3.103,70 -16,2187954849298
214 49.463,41 -6.690,05 22.948,05 -3.103,78 -16,2187954849298
215 49.463,41 -6.690,05 22.948,05 -3.103,78 -16,2187954849298
216 49.463,41 -6.690,05 22.948,05 -3.103,78 -16,2187954849298
217 49.463,41 -6.690,05 22.948,05 -3.103,78 -16,2187954849298
218 49.463,41 -6.690,05 22.948,05 -3.103,78 -16,2187954849298
219 49.463,41 -6.690,05 22.948,05 -3.103,78 -16,2187954849298
220 49.463,41 -6.690,05 22.948,05 -3.103,78 -16,2187954849298
221 49.463,41 -6.690,05 22.948,05 -3.103,78 -16,2187954849298
222 49.463,41 -6.690,05 22.948,05 -3.103,78 -16,2187954849298
223 49.463,41 -6.690,05 22.948,05 -3.103,78 -16,2187954849298
224 49.463,41 -6.690,05 22.948,05 -3.103,78 -16,2187954849298
225 49.463,41 -6.690,05 22.948,05 -3.103,78 -16,2187954849298
226 49.463,41 -6.690,05 22.948,05 -3.103,78 -16,2187954849298
227 49.463,41 -6.690,05 22.948,05 -3.103,78 -16,2187954849298
228 49.463,41 -6.690,05 22.948,05 -3.103,78 -16,2187954849298
229 49.463,41 -6.690,05 22.948,05 -3.103,78 -16,2187954849298
230 49.463,41 -6.690,05 22.948,05 -3.103,78 -16,2187954849298
231 49.463,41 -6.690,05 22.948,05 -3.103,78 -16,2187954849298
232 49.463,41 -6.690,05 22.948,05 -3.103,78 -16,2187954849298
233 49.463,41 -6.690,05 22.948,05 -3.103,78 -16,2187954849298
234 49.463,41 -6.690,05 22.948,05 -3.103,78 -16,2187954849298
235 49.463,41 -6.690,05 22.948,05 -3.103,78 -16,2187954849298
236 49.463,41 -6.690,05 22.948,05 -3.103,78 -16,2187954849298
237 49.463,41 -6.690,05 22.948,05 -3.103,78 -16,2187954849298
238 49.463,41 -6.690,05 22.948,05 -3.103,78 -16,2187954849298
239 49.463,41 -6.690,05 22.948,05 -3.103,78 -16,2187954849298
240 49.463,41 -6.690,05 22.948,05 -3.103,78 -6,79510138668138
241 49.463,50 -6.689,32 22.948,09 -3.103,44 -6,79510138668138
242 49.463,50 -6.689,32 22.857,38 -3.091,17 -6,79510138668138
243 49.463,50 -6.689,32 22.857,38 -3.091,17 -6,79510138668138
244 49.463,50 -6.689,32 22.857,38 -3.091,17 -6,79510138668138
245 49.463,50 -6.689,32 22.857,20 -3.091,15 -6,79510138668138
246 49.463,50 -6.689,32 22.857,20 -3.091,15 -6,79510138668138
247 49.463,50 -6.689,32 22.857,20 -3.091,15 -6,79510138668138
248 49.463,50 -6.689,32 22.857,20 -3.091,15 -6,79510138668138
249 49.463,52 -6.689,00 22.857,21 -3.091,00 -6,79510138668138
250 49.463,55 -6.688,46 22.829,17 -3.086,96 -6,79510138668138
251 49.463,55 -6.688,46 22.825,70 -3.086,49 -6,79510138668138
252 49.463,55 -6.688,46 22.825,70 -3.086,49 -6,79510138668138
253 49.463,58 -6.688,03 22.825,71 -3.086,29 -6,79510138668138
254 49.463,58 -6.688,03 22.815,16 -3.084,87 -6,79510138668138
255 49.463,58 -6.688,03 22.815,16 -3.084,87 -6,79510138668138
256 49.463,58 -6.688,03 22.815,16 -3.084,87 -6,79510138668138
257 49.463,58 -6.688,03 22.815,16 -3.084,87 -6,79510138668138
258 49.463,58 -6.688,03 22.815,16 -3.084,87 -6,79510138668138
259 49.463,58 -6.688,03 22.815,16 -3.084,87 -6,79510138668138
260 49.463,58 -6.688,03 22.815,16 -3.084,87 -6,79510138668138
261 49.463,58 -6.688,03 22.815,16 -3.084,87 -6,79510138668138
262 49.463,58 -6.688,03 22.815,16 -3.084,87 -6,79510138668138
263 49.463,58 -6.688,03 22.815,16 -3.084,87 -6,79510138668138
264 49.463,58 -6.688,03 22.815,16 -3.084,87 -6,79510138668138
265 49.463,58 -6.688,03 22.815,16 -3.084,87 -6,79510138668138
266 49.463,58 -6.688,03 22.815,16 -3.084,87 -6,79510138668138
267 49.463,58 -6.688,03 22.815,16 -3.084,87 -6,79510138668138
268 49.463,58 -6.688,03 22.815,16 -3.084,87 -6,79510138668138
269 49.463,58 -6.688,03 22.815,16 -3.084,87 -6,79510138668138
270 49.463,58 -6.688,03 22.815,16 -3.084,87 -16,0781220947273
271 49.463,81 -6.688,58 22.815,27 -3.085,12 -16,0781220947273
272 49.463,95 -6.688,38 22.751,97 -3.076,46 -16,0781220947273
273 49.464,04 -6.688,33 22.748,47 -3.075,96 -16,0781220947273
274 49.464,04 -6.688,33 22.744,66 -3.075,44 -16,0781220947273
275 49.464,04 -6.688,33 22.744,66 -3.075,44 -16,0781220947273
276 49.464,04 -6.688,33 22.744,66 -3.075,44 -16,0781220947273
277 49.464,04 -6.688,33 22.744,66 -3.075,44 -16,0781220947273
278 49.464,04 -6.688,33 22.744,66 -3.075,44 -16,0781220947273
279 49.464,04 -6.688,33 22.744,66 -3.075,44 -16,0781220947273
280 49.464,04 -6.688,33 22.744,66 -3.075,44 -16,0781220947273
281 49.464,04 -6.688,33 22.744,66 -3.075,44 -16,0781220947273
282 49.464,04 -6.688,33 22.744,66 -3.075,44 -16,0781220947273
283 49.464,04 -6.688,33 22.744,66 -3.075,44 -16,0781220947273
284 49.464,04 -6.688,33 22.744,66 -3.075,44 -16,0781220947273
285 49.464,04 -6.688,33 22.744,66 -3.075,44 -16,0781220947273
286 49.464,04 -6.688,33 22.744,66 -3.075,44 -16,0781220947273
287 49.464,04 -6.688,33 22.744,66 -3.075,44 -16,0781220947273
288 49.464,04 -6.688,33 22.744,66 -3.075,44 -16,0781220947273
289 49.464,04 -6.688,33 22.744,66 -3.075,44 -16,0781220947273
290 49.464,04 -6.688,33 22.744,66 -3.075,44 -16,0781220947273
291 49.464,04 -6.688,33 22.744,66 -3.075,44 -16,0781220947273
292 49.464,04 -6.688,33 22.744,66 -3.075,44 -16,0781220947273
293 49.464,04 -6.688,33 22.744,66 -3.075,44 -16,0781220947273
294 49.464,04 -6.688,33 22.744,66 -3.075,44 -16,0781220947273
295 49.464,04 -6.688,33 22.744,66 -3.075,44 -16,0781220947273
296 49.464,04 -6.688,33 22.744,66 -3.075,44 -16,0781220947273
297 49.464,04 -6.688,33 22.744,66 -3.075,44 -16,0781220947273
298 49.464,04 -6.688,33 22.744,66 -3.075,44 -16,0781220947273
299 49.464,04 -6.688,33 22.744,66 -3.075,44 -16,0781220947273
300 49.464,04 -6.688,33 22.744,66 -3.075,44 -3,32800302082527
301 49.464,07 -6.687,93 22.744,67 -3.075,26 -3,32800302082527
302 49.464,07 -6.687,93 22.647,95 -3.062,18 -3,32800302082527
303 49.464,07 -6.687,93 22.647,95 -3.062,18 -3,32800302082527
304 49.464,07 -6.687,93 22.647,95 -3.062,18 -3,32800302082527
305 49.464,07 -6.687,93 22.647,95 -3.062,18 -3,32800302082527
306 49.464,08 -6.687,98 22.647,96 -3.062,20 -3,32800302082527
307 49.464,10 -6.688,03 22.630,72 -3.059,90 -3,32800302082527
308 49.464,11 -6.688,08 22.627,25 -3.059,45 -3,32800302082527
309 49.464,11 -6.688,08 22.623,77 -3.058,98 -3,32800302082527
310 49.464,11 -6.688,08 22.623,77 -3.058,98 -3,32800302082527
311 49.464,11 -6.688,08 22.623,77 -3.058,98 -3,32800302082527
312 49.464,11 -6.688,08 22.623,77 -3.058,98 -3,32800302082527
313 49.464,11 -6.688,08 22.623,77 -3.058,98 -3,32800302082527
314 49.464,11 -6.688,08 22.623,77 -3.058,98 -3,32800302082527
315 49.464,11 -6.688,08 22.623,77 -3.058,98 -3,32800302082527
316 49.464,11 -6.688,08 22.623,77 -3.058,98 -3,32800302082527
317 49.464,11 -6.688,08 22.623,77 -3.058,98 -3,32800302082527
318 49.464,11 -6.688,08 22.623,77 -3.058,98 -3,32800302082527
319 49.464,11 -6.688,08 22.623,77 -3.058,98 -3,32800302082527
320 49.464,11 -6.688,08 22.623,77 -3.058,98 -3,32800302082527
321 49.464,11 -6.688,08 22.623,77 -3.058,98 -3,32800302082527
322 49.464,11 -6.688,08 22.623,77 -3.058,98 -3,32800302082527
323 49.464,11 -6.688,08 22.623,77 -3.058,98 -3,32800302082527
324 49.464,11 -6.688,08 22.623,77 -3.058,98 -3,32800302082527
325 49.464,11 -6.688,08 22.623,77 -3.058,98 -3,32800302082527
326 49.464,11 -6.688,08 22.623,77 -3.058,98 -3,32800302082527
327 49.464,11 -6.688,08 22.623,77 -3.058,98 -3,32800302082527
328 49.464,11 -6.688,08 22.623,77 -3.058,98 -3,32800302082527
329 49.464,11 -6.688,08 22.623,77 -3.058,98 -3,32800302082527
330 49.464,11 -6.688,08 22.623,77 -3.058,98 -34,2626453068926
331 49.464,13 -6.688,30 22.623,78 -3.059,08 -34,2626453068926
332 49.464,13 -6.688,53 22.544,33 -3.048,44 -34,2626453068926
333 49.464,13 -6.688,53 22.540,54 -3.047,93 -34,2626453068926
334 49.464,13 -6.688,53 22.540,90 -3.047,98 -34,2626453068926
335 49.464,13 -6.688,53 22.540,90 -3.047,98 -34,2626453068926
336 49.464,13 -6.688,53 22.540,90 -3.047,98 -34,2626453068926
337 49.464,13 -6.688,53 22.540,90 -3.047,98 -34,2626453068926
338 49.464,13 -6.688,53 22.540,90 -3.047,98 -34,2626453068926
339 49.464,13 -6.688,53 22.540,90 -3.047,98 -34,2626453068926
340 49.464,13 -6.688,53 22.540,90 -3.047,98 -34,2626453068926
341 49.464,13 -6.688,53 22.540,90 -3.047,98 -34,2626453068926
342 49.464,13 -6.688,53 22.540,90 -3.047,98 -34,2626453068926
343 49.464,13 -6.688,53 22.540,90 -3.047,98 -34,2626453068926
344 49.464,13 -6.688,53 22.540,90 -3.047,98 -34,2626453068926
345 49.464,13 -6.688,53 22.540,90 -3.047,98 -34,2626453068926
346 49.464,13 -6.688,53 22.540,90 -3.047,98 -34,2626453068926
347 49.464,13 -6.688,53 22.540,90 -3.047,98 -34,2626453068926
348 49.464,13 -6.688,53 22.540,90 -3.047,98 -34,2626453068926
349 49.464,13 -6.688,53 22.540,90 -3.047,98 -34,2626453068926
350 49.464,13 -6.688,53 22.540,90 -3.047,98 -34,2626453068926
351 49.464,13 -6.688,53 22.540,90 -3.047,98 -34,2626453068926
352 49.464,13 -6.688,53 22.540,90 -3.047,98 -34,2626453068926
353 49.464,13 -6.688,53 22.540,90 -3.047,98 -34,2626453068926
354 49.464,13 -6.688,53 22.540,90 -3.047,98 -34,2626453068926
355 49.464,13 -6.688,53 22.540,90 -3.047,98 -34,2626453068926
356 49.464,13 -6.688,53 22.540,90 -3.047,98 -34,2626453068926
357 49.464,13 -6.688,53 22.540,90 -3.047,98 -34,2626453068926
358 49.464,13 -6.688,53 22.540,90 -3.047,98 -34,2626453068926
359 49.464,13 -6.688,53 22.540,90 -3.047,98 -34,2626453068926
360 49.464,13 -6.688,53 22.540,90 -3.047,98 2,73138821702875
361 49.464,14 -6.688,15 22.540,91 -3.047,80 2,73138821702875
362 49.464,14 -6.688,15 22.442,00 -3.034,43 2,73138821702875
363 49.464,14 -6.688,15 22.442,00 -3.034,43 2,73138821702875
364 49.464,14 -6.688,15 22.442,00 -3.034,43 2,73138821702875
365 49.464,14 -6.688,15 22.442,00 -3.034,43 2,73138821702875
366 49.464,14 -6.688,15 22.442,00 -3.034,43 2,73138821702875
367 49.464,14 -6.688,15 22.442,00 -3.034,43 2,73138821702875
368 49.464,14 -6.688,15 22.442,00 -3.034,43 2,73138821702875
369 49.464,14 -6.688,15 22.442,00 -3.034,43 2,73138821702875
370 49.464,14 -6.688,15 22.442,00 -3.034,43 2,73138821702875
371 49.464,14 -6.688,15 22.442,00 -3.034,43 2,73138821702875
372 49.464,14 -6.688,15 22.442,00 -3.034,43 2,73138821702875
373 49.464,14 -6.688,15 22.442,00 -3.034,43 2,73138821702875
374 49.464,14 -6.688,15 22.442,00 -3.034,43 2,73138821702875
375 49.464,14 -6.688,15 22.442,00 -3.034,43 2,73138821702875
376 49.464,14 -6.688,15 22.442,00 -3.034,43 2,73138821702875
377 49.464,14 -6.688,15 22.442,00 -3.034,43 2,73138821702875
378 49.464,14 -6.688,15 22.442,00 -3.034,43 2,73138821702875
379 49.464,14 -6.688,15 22.442,00 -3.034,43 2,73138821702875
380 49.464,14 -6.688,15 22.442,00 -3.034,43 2,73138821702875
381 49.464,14 -6.688,15 22.442,00 -3.034,43 2,73138821702875
382 49.464,14 -6.688,15 22.442,00 -3.034,43 2,73138821702875
383 49.464,15 -6.688,25 22.442,01 -3.034,48 2,73138821702875
384 49.464,15 -6.688,25 22.367,39 -3.024,39 2,73138821702875
385 49.464,15 -6.688,25 22.367,39 -3.024,39 2,73138821702875
386 49.464,15 -6.688,25 22.367,39 -3.024,39 2,73138821702875
387 49.464,15 -6.688,25 22.367,39 -3.024,39 2,73138821702875
388 49.464,15 -6.688,25 22.367,39 -3.024,39 2,73138821702875
389 49.464,15 -6.688,25 22.367,39 -3.024,39 2,73138821702875
390 49.464,15 -6.688,25 22.367,39 -3.024,39 16,4764849870753
391 49.464,15 -6.688,34 22.367,39 -3.024,43 16,4764849870753
392 49.464,20 -6.688,66 22.340,15 -3.020,89 16,4764849870753
393 49.464,20 -6.688,66 22.336,81 -3.020,44 16,4764849870753
394 49.464,20 -6.688,66 22.336,79 -3.020,43 16,4764849870753
395 49.464,20 -6.688,66 22.336,79 -3.020,43 16,4764849870753
396 49.464,20 -6.688,66 22.336,79 -3.020,43 16,4764849870753
397 49.464,20 -6.688,66 22.336,79 -3.020,43 16,4764849870753
398 49.464,20 -6.688,66 22.336,79 -3.020,43 16,4764849870753
399 49.464,20 -6.688,66 22.336,79 -3.020,43 16,4764849870753
400 49.464,20 -6.688,66 22.336,79 -3.020,43 16,4764849870753
401 49.464,20 -6.688,66 22.336,79 -3.020,43 16,4764849870753
402 49.464,20 -6.688,66 22.336,79 -3.020,43 16,4764849870753
403 49.464,20 -6.688,66 22.336,79 -3.020,43 16,4764849870753
404 49.464,20 -6.688,66 22.336,79 -3.020,43 16,4764849870753
405 49.464,20 -6.688,66 22.336,79 -3.020,43 16,4764849870753
406 49.464,20 -6.688,66 22.336,79 -3.020,43 16,4764849870753
407 49.464,20 -6.688,66 22.336,79 -3.020,43 16,4764849870753
408 49.464,20 -6.688,66 22.336,79 -3.020,43 16,4764849870753
409 49.464,20 -6.688,66 22.336,79 -3.020,43 16,4764849870753
410 49.464,20 -6.688,66 22.336,79 -3.020,43 16,4764849870753
411 49.464,20 -6.688,66 22.336,79 -3.020,43 16,4764849870753
412 49.464,20 -6.688,66 22.336,79 -3.020,43 16,4764849870753
413 49.464,20 -6.688,66 22.336,79 -3.020,43 16,4764849870753
414 49.464,20 -6.688,66 22.336,79 -3.020,43 16,4764849870753
415 49.464,20 -6.688,66 22.336,79 -3.020,43 16,4764849870753
416 49.464,20 -6.688,66 22.336,79 -3.020,43 16,4764849870753
417 49.464,20 -6.688,66 22.336,79 -3.020,43 16,4764849870753
418 49.464,20 -6.688,66 22.336,79 -3.020,43 16,4764849870753
419 49.464,20 -6.688,66 22.336,79 -3.020,43 16,4764849870753
420 49.464,20 -6.688,66 22.336,79 -3.020,43 -10,9935537267258
421 49.464,23 -6.688,34 22.336,81 -3.020,29 -10,9935537267258
422 49.464,25 -6.687,98 22.239,68 -3.006,99 -10,9935537267258
423 49.464,25 -6.687,98 22.236,41 -3.006,55 -10,9935537267258
424 49.464,25 -6.687,98 22.236,25 -3.006,52 -10,9935537267258
425 49.464,25 -6.687,98 22.236,25 -3.006,52 -10,9935537267258
426 49.464,25 -6.687,98 22.236,25 -3.006,52 -10,9935537267258
427 49.464,25 -6.687,98 22.236,25 -3.006,52 -10,9935537267258
428 49.464,25 -6.687,91 22.236,25 -3.006,50 -10,9935537267258
429 49.464,25 -6.687,91 22.216,26 -3.003,79 -10,9935537267258
430 49.464,25 -6.687,91 22.216,26 -3.003,79 -10,9935537267258
431 49.464,25 -6.687,91 22.216,26 -3.003,79 -10,9935537267258
432 49.464,25 -6.687,91 22.216,26 -3.003,79 -10,9935537267258
433 49.464,25 -6.687,91 22.216,26 -3.003,79 -10,9935537267258
434 49.464,25 -6.687,91 22.216,26 -3.003,79 -10,9935537267258
435 49.464,25 -6.687,91 22.216,26 -3.003,79 -10,9935537267258
436 49.464,25 -6.687,91 22.216,26 -3.003,79 -10,9935537267258
437 49.464,25 -6.687,91 22.216,26 -3.003,79 -10,9935537267258
438 49.464,25 -6.687,91 22.216,26 -3.003,79 -10,9935537267258
439 49.464,25 -6.687,91 22.216,26 -3.003,79 -10,9935537267258
440 49.464,25 -6.687,91 22.216,26 -3.003,79 -10,9935537267258
441 49.464,25 -6.687,91 22.216,26 -3.003,79 -10,9935537267258
442 49.464,25 -6.687,91 22.216,26 -3.003,79 -10,9935537267258
443 49.464,25 -6.687,91 22.216,26 -3.003,79 -10,9935537267258
444 49.464,25 -6.687,91 22.216,26 -3.003,79 -10,9935537267258
445 49.464,25 -6.687,91 22.216,26 -3.003,79 -10,9935537267258
446 49.464,25 -6.687,91 22.216,26 -3.003,79 -10,9935537267258
447 49.464,25 -6.687,91 22.216,26 -3.003,79 -10,9935537267258
448 49.464,25 -6.687,91 22.216,26 -3.003,79 -10,9935537267258
449 49.464,25 -6.687,91 22.216,26 -3.003,79 -10,9935537267258
450 49.464,25 -6.687,91 22.216,26 -3.003,79 -7,88811333891995
451 49.464,29 -6.688,02 22.216,28 -3.003,84 -7,88811333891995
452 49.464,29 -6.688,07 22.139,83 -2.993,53 -7,88811333891995
453 49.464,29 -6.688,07 22.136,39 -2.993,06 -7,88811333891995
454 49.464,29 -6.688,07 22.136,39 -2.993,06 -7,88811333891995
455 49.464,29 -6.688,07 22.136,39 -2.993,06 -7,88811333891995
456 49.464,29 -6.688,07 22.136,39 -2.993,06 -7,88811333891995
457 49.464,29 -6.688,07 22.136,39 -2.993,06 -7,88811333891995
458 49.464,29 -6.688,07 22.136,39 -2.993,06 -7,88811333891995
459 49.464,29 -6.688,07 22.136,39 -2.993,06 -7,88811333891995
460 49.464,29 -6.688,07 22.136,39 -2.993,06 -7,88811333891995
461 49.464,29 -6.688,07 22.136,39 -2.993,06 -7,88811333891995
462 49.464,29 -6.688,07 22.136,39 -2.993,06 -7,88811333891995
463 49.464,29 -6.688,07 22.136,39 -2.993,06 -7,88811333891995
464 49.464,29 -6.688,07 22.136,39 -2.993,06 -7,88811333891995
465 49.464,29 -6.688,07 22.136,39 -2.993,06 -7,88811333891995
466 49.464,29 -6.688,07 22.136,39 -2.993,06 -7,88811333891995
467 49.464,29 -6.688,07 22.136,39 -2.993,06 -7,88811333891995
468 49.464,29 -6.688,07 22.136,39 -2.993,06 -7,88811333891995
469 49.464,29 -6.688,07 22.136,39 -2.993,06 -7,88811333891995
470 49.464,29 -6.688,07 22.136,39 -2.993,06 -7,88811333891995
471 49.464,29 -6.688,07 22.136,39 -2.993,06 -7,88811333891995
472 49.464,29 -6.688,07 22.136,39 -2.993,06 -7,88811333891995
473 49.464,29 -6.688,07 22.136,39 -2.993,06 -7,88811333891995
474 49.464,29 -6.688,07 22.136,39 -2.993,06 -7,88811333891995
475 49.464,29 -6.688,07 22.136,39 -2.993,06 -7,88811333891995
476 49.464,29 -6.688,07 22.136,39 -2.993,06 -7,88811333891995
477 49.464,29 -6.688,07 22.136,39 -2.993,06 -7,88811333891995
478 49.464,29 -6.688,07 22.136,39 -2.993,06 -7,88811333891995
479 49.464,29 -6.688,07 22.136,39 -2.993,06 -7,88811333891995
480 49.464,29 -6.688,07 22.136,39 -2.993,06 -2,15599411004317
481 49.464,30 -6.687,87 22.136,40 -2.992,97 -2,15599411004317
482 49.464,33 -6.688,01 22.041,00 -2.980,14 -2,15599411004317
483 49.464,33 -6.688,01 22.037,67 -2.979,69 -2,15599411004317
484 49.464,33 -6.688,01 22.037,67 -2.979,69 -2,15599411004317
485 49.464,33 -6.688,01 22.037,67 -2.979,69 -2,15599411004317
486 49.464,33 -6.688,01 22.037,67 -2.979,69 -2,15599411004317
487 49.464,33 -6.688,01 22.037,67 -2.979,69 -2,15599411004317
488 49.464,33 -6.688,01 22.037,67 -2.979,69 -2,15599411004317
489 49.464,33 -6.688,01 22.037,67 -2.979,69 -2,15599411004317
490 49.464,33 -6.688,01 22.037,67 -2.979,69 -2,15599411004317
491 49.464,33 -6.688,01 22.037,67 -2.979,69 -2,15599411004317
492 49.464,33 -6.688,01 22.037,67 -2.979,69 -2,15599411004317
493 49.464,33 -6.688,01 22.037,67 -2.979,69 -2,15599411004317
494 49.464,33 -6.688,01 22.037,67 -2.979,69 -2,15599411004317
495 49.464,33 -6.688,01 22.037,67 -2.979,69 -2,15599411004317
496 49.464,33 -6.688,01 22.037,67 -2.979,69 -2,15599411004317
497 49.464,33 -6.688,01 22.037,67 -2.979,69 -2,15599411004317
498 49.464,33 -6.688,01 22.037,67 -2.979,69 -2,15599411004317
499 49.464,33 -6.688,01 22.037,67 -2.979,69 -2,15599411004317
500 49.464,33 -6.688,01 22.037,67 -2.979,69 -2,15599411004317
501 49.464,33 -6.688,01 22.037,67 -2.979,69 -2,15599411004317
502 49.464,33 -6.688,01 22.037,67 -2.979,69 -2,15599411004317
503 49.464,33 -6.688,01 22.037,67 -2.979,69 -2,15599411004317
504 49.464,33 -6.688,01 22.037,67 -2.979,69 -2,15599411004317
505 49.464,34 -6.688,07 22.037,67 -2.979,71 -2,15599411004317
506 49.464,34 -6.688,07 21.962,48 -2.969,54 -2,15599411004317
507 49.464,34 -6.688,07 21.962,48 -2.969,54 -2,15599411004317
508 49.464,34 -6.688,07 21.962,48 -2.969,54 -2,15599411004317
509 49.464,34 -6.688,07 21.962,48 -2.969,54 -2,15599411004317
510 49.464,34 -6.688,07 21.962,48 -2.969,54 12,1293297929288
511 49.464,34 -6.688,00 21.962,48 -2.969,52 12,1293297929288
512 49.464,37 -6.687,99 21.943,13 -2.966,89 12,1293297929288
513 49.464,37 -6.687,99 21.939,74 -2.966,43 12,1293297929288
514 49.464,37 -6.687,99 21.939,74 -2.966,43 12,1293297929288
515 49.464,37 -6.687,99 21.939,74 -2.966,43 12,1293297929288
516 49.464,37 -6.687,99 21.939,74 -2.966,43 12,1293297929288
517 49.464,37 -6.687,99 21.939,74 -2.966,43 12,1293297929288
518 49.464,37 -6.687,99 21.939,74 -2.966,43 12,1293297929288
519 49.464,37 -6.687,99 21.939,74 -2.966,43 12,1293297929288
520 49.464,37 -6.687,99 21.939,74 -2.966,43 12,1293297929288
521 49.464,37 -6.687,99 21.939,74 -2.966,43 12,1293297929288
522 49.464,37 -6.687,99 21.939,74 -2.966,43 12,1293297929288
523 49.464,37 -6.687,99 21.939,74 -2.966,43 12,1293297929288
524 49.464,37 -6.687,99 21.939,74 -2.966,43 12,1293297929288
525 49.464,37 -6.687,99 21.939,74 -2.966,43 12,1293297929288
526 49.464,37 -6.687,99 21.939,74 -2.966,43 12,1293297929288
527 49.464,37 -6.687,99 21.939,74 -2.966,43 12,1293297929288
528 49.464,37 -6.687,99 21.939,74 -2.966,43 12,1293297929288
529 49.464,37 -6.687,99 21.939,74 -2.966,43 12,1293297929288
530 49.464,37 -6.687,99 21.939,74 -2.966,43 12,1293297929288
531 49.464,37 -6.687,99 21.939,74 -2.966,43 12,1293297929288
532 49.464,37 -6.687,99 21.939,74 -2.966,43 12,1293297929288
533 49.464,37 -6.687,99 21.939,74 -2.966,43 12,1293297929288
534 49.464,37 -6.687,99 21.939,74 -2.966,43 12,1293297929288
535 49.464,37 -6.687,99 21.939,74 -2.966,43 12,1293297929288
536 49.464,37 -6.687,99 21.939,74 -2.966,43 12,1293297929288
537 49.464,37 -6.687,99 21.939,74 -2.966,43 12,1293297929288
538 49.464,37 -6.687,99 21.939,74 -2.966,43 12,1293297929288
539 49.464,37 -6.687,99 21.939,74 -2.966,43 12,1293297929288
540 49.464,37 -6.687,99 21.939,74 -2.966,43 -24,8606426422302
541 49.464,37 -6.687,82 21.939,74 -2.966,36 -24,8606426422302
542 49.464,39 -6.687,94 21.846,00 -2.953,73 -24,8606426422302
543 49.464,39 -6.687,80 21.842,73 -2.953,23 -24,8606426422302
544 49.464,39 -6.687,67 21.839,56 -2.952,75 -24,8606426422302
545 49.464,41 -6.687,76 21.836,40 -2.952,36 -24,8606426422302
546 49.464,41 -6.687,80 21.833,19 -2.951,94 -24,8606426422302
547 49.464,41 -6.687,80 21.829,95 -2.951,50 -24,8606426422302
548 49.464,41 -6.687,80 21.829,95 -2.951,50 -24,8606426422302
549 49.464,41 -6.687,80 21.829,95 -2.951,50 -24,8606426422302
550 49.464,41 -6.687,80 21.829,95 -2.951,50 -24,8606426422302
551 49.464,41 -6.687,80 21.829,95 -2.951,50 -24,8606426422302
552 49.464,41 -6.687,80 21.829,95 -2.951,50 -24,8606426422302
553 49.464,41 -6.687,80 21.829,95 -2.951,50 -24,8606426422302
554 49.464,41 -6.687,80 21.829,95 -2.951,50 -24,8606426422302
555 49.464,41 -6.687,80 21.829,95 -2.951,50 -24,8606426422302
556 49.464,41 -6.687,80 21.829,95 -2.951,50 -24,8606426422302
557 49.464,41 -6.687,80 21.829,95 -2.951,50 -24,8606426422302
558 49.464,41 -6.687,80 21.829,95 -2.951,50 -24,8606426422302
559 49.464,42 -6.687,85 21.829,95 -2.951,52 -24,8606426422302
560 49.464,42 -6.687,85 21.788,18 -2.945,88 -24,8606426422302
561 49.464,42 -6.687,85 21.788,18 -2.945,88 -24,8606426422302
562 49.464,42 -6.687,85 21.788,18 -2.945,88 -24,8606426422302
563 49.464,42 -6.687,85 21.788,18 -2.945,88 -24,8606426422302
564 49.464,42 -6.687,85 21.788,18 -2.945,88 -24,8606426422302
565 49.464,42 -6.687,85 21.788,18 -2.945,88 -24,8606426422302
566 49.464,42 -6.687,85 21.788,18 -2.945,88 -24,8606426422302
567 49.464,42 -6.687,85 21.788,18 -2.945,88 -24,8606426422302
568 49.464,42 -6.687,85 21.788,18 -2.945,88 -24,8606426422302
569 49.464,42 -6.687,85 21.788,18 -2.945,88 -24,8606426422302
570 49.464,42 -6.687,85 21.788,18 -2.945,88 -7,82908302070559
571 49.464,45 -6.687,91 21.788,19 -2.945,90 -7,82908302070559
572 49.464,45 -6.687,98 21.749,80 -2.940,74 -7,82908302070559
573 49.464,45 -6.687,89 21.746,33 -2.940,23 -7,82908302070559
574 49.464,47 -6.687,90 21.743,43 -2.939,85 -7,82908302070559
575 49.464,47 -6.687,82 21.740,23 -2.939,38 -7,82908302070559
576 49.464,47 -6.687,73 21.737,07 -2.938,91 -7,82908302070559
577 49.464,48 -6.687,69 21.733,92 -2.938,47 -7,82908302070559
578 49.464,48 -6.687,69 21.730,74 -2.938,04 -7,82908302070559
579 49.464,48 -6.687,69 21.730,74 -2.938,04 -7,82908302070559
580 49.464,48 -6.687,69 21.730,74 -2.938,04 -7,82908302070559
581 49.464,48 -6.687,69 21.730,74 -2.938,04 -7,82908302070559
582 49.464,48 -6.687,69 21.730,74 -2.938,04 -7,82908302070559
583 49.464,48 -6.687,69 21.730,74 -2.938,04 -7,82908302070559
584 49.464,48 -6.687,69 21.730,74 -2.938,04 -7,82908302070559
585 49.464,48 -6.687,69 21.730,74 -2.938,04 -7,82908302070559
586 49.464,48 -6.687,69 21.730,74 -2.938,04 -7,82908302070559
587 49.464,48 -6.687,69 21.730,74 -2.938,04 -7,82908302070559
588 49.464,48 -6.687,69 21.730,74 -2.938,04 -7,82908302070559
589 49.464,48 -6.687,69 21.730,74 -2.938,04 -7,82908302070559
590 49.464,48 -6.687,69 21.730,74 -2.938,04 -7,82908302070559
591 49.464,48 -6.687,69 21.730,74 -2.938,04 -7,82908302070559
592 49.464,48 -6.687,69 21.730,74 -2.938,04 -7,82908302070559
593 49.464,48 -6.687,69 21.730,74 -2.938,04 -7,82908302070559
594 49.464,48 -6.687,69 21.730,74 -2.938,04 -7,82908302070559
595 49.464,48 -6.687,69 21.730,74 -2.938,04 -7,82908302070559
596 49.464,48 -6.687,69 21.730,74 -2.938,04 -7,82908302070559
597 49.464,48 -6.687,69 21.730,74 -2.938,04 -7,82908302070559
598 49.464,48 -6.687,69 21.730,74 -2.938,04 -7,82908302070559
599 49.464,48 -6.687,69 21.730,74 -2.938,04 -7,82908302070559
600 49.464,48 -6.687,69 21.730,74 -2.938,04 -19,42853406149
601 49.464,52 -6.687,60 21.730,76 -2.938,00 -19,42853406149
602 49.464,52 -6.687,48 21.654,48 -2.927,63 -19,42853406149
603 49.464,53 -6.687,35 21.651,37 -2.927,15 -19,42853406149
604 49.464,53 -6.687,35 21.648,20 -2.926,72 -19,42853406149
605 49.464,53 -6.687,35 21.648,20 -2.926,72 -19,42853406149
606 49.464,53 -6.687,35 21.648,20 -2.926,72 -19,42853406149
607 49.464,53 -6.687,35 21.648,20 -2.926,72 -19,42853406149
608 49.464,54 -6.687,39 21.648,20 -2.926,74 -19,42853406149
609 49.464,54 -6.687,39 21.632,37 -2.924,60 -19,42853406149
610 49.464,54 -6.687,39 21.632,37 -2.924,60 -19,42853406149
611 49.464,54 -6.687,39 21.632,37 -2.924,60 -19,42853406149
612 49.464,54 -6.687,39 21.632,37 -2.924,60 -19,42853406149
613 49.464,54 -6.687,39 21.632,37 -2.924,60 -19,42853406149
614 49.464,54 -6.687,39 21.632,37 -2.924,60 -19,42853406149
615 49.464,54 -6.687,39 21.632,37 -2.924,60 -19,42853406149
616 49.464,54 -6.687,39 21.632,37 -2.924,60 -19,42853406149
617 49.464,54 -6.687,39 21.632,37 -2.924,60 -19,42853406149
618 49.464,54 -6.687,39 21.632,37 -2.924,60 -19,42853406149
619 49.464,54 -6.687,39 21.632,37 -2.924,60 -19,42853406149
620 49.464,54 -6.687,39 21.632,37 -2.924,60 -19,42853406149
621 49.464,54 -6.687,39 21.632,37 -2.924,60 -19,42853406149
622 49.464,54 -6.687,39 21.632,37 -2.924,60 -19,42853406149
623 49.464,54 -6.687,39 21.632,37 -2.924,60 -19,42853406149
624 49.464,54 -6.687,39 21.632,37 -2.924,60 -19,42853406149
625 49.464,54 -6.687,39 21.632,37 -2.924,60 -19,42853406149
626 49.464,54 -6.687,39 21.632,37 -2.924,60 -19,42853406149
627 49.464,54 -6.687,39 21.632,37 -2.924,60 -19,42853406149
628 49.464,54 -6.687,39 21.632,37 -2.924,60 -19,42853406149
629 49.464,54 -6.687,39 21.632,37 -2.924,60 -19,42853406149
630 49.464,54 -6.687,39 21.632,37 -2.924,60 0,782609294409674
631 49.464,54 -6.687,40 21.632,37 -2.924,61 0,782609294409674
632 49.464,54 -6.687,51 21.559,90 -2.914,86 0,782609294409674
633 49.464,54 -6.687,51 21.556,72 -2.914,43 0,782609294409674
634 49.464,54 -6.687,51 21.556,72 -2.914,43 0,782609294409674
635 49.464,54 -6.687,51 21.556,72 -2.914,43 0,782609294409674
636 49.464,54 -6.687,51 21.556,72 -2.914,43 0,782609294409674
637 49.464,54 -6.687,51 21.556,72 -2.914,43 0,782609294409674
638 49.464,54 -6.687,51 21.556,72 -2.914,43 0,782609294409674
639 49.464,54 -6.687,51 21.556,72 -2.914,43 0,782609294409674
640 49.464,54 -6.687,51 21.556,72 -2.914,43 0,782609294409674
641 49.464,54 -6.687,51 21.556,72 -2.914,43 0,782609294409674
642 49.464,54 -6.687,51 21.556,72 -2.914,43 0,782609294409674
643 49.464,54 -6.687,51 21.556,72 -2.914,43 0,782609294409674
644 49.464,54 -6.687,51 21.556,72 -2.914,43 0,782609294409674
645 49.464,54 -6.687,51 21.556,72 -2.914,43 0,782609294409674
646 49.464,54 -6.687,51 21.556,72 -2.914,43 0,782609294409674
647 49.464,54 -6.687,51 21.556,72 -2.914,43 0,782609294409674
648 49.464,54 -6.687,51 21.556,72 -2.914,43 0,782609294409674
649 49.464,54 -6.687,51 21.556,72 -2.914,43 0,782609294409674
650 49.464,54 -6.687,51 21.556,72 -2.914,43 0,782609294409674
651 49.464,54 -6.687,51 21.556,72 -2.914,43 0,782609294409674
652 49.464,54 -6.687,51 21.556,72 -2.914,43 0,782609294409674
653 49.464,54 -6.687,51 21.556,72 -2.914,43 0,782609294409674
654 49.464,54 -6.687,51 21.556,72 -2.914,43 0,782609294409674
655 49.464,54 -6.687,51 21.556,72 -2.914,43 0,782609294409674
656 49.464,54 -6.687,51 21.556,72 -2.914,43 0,782609294409674
657 49.464,54 -6.687,51 21.556,72 -2.914,43 0,782609294409674
658 49.464,54 -6.687,51 21.556,72 -2.914,43 0,782609294409674
659 49.464,54 -6.687,51 21.556,72 -2.914,43 0,782609294409674
660 49.464,54 -6.687,51 21.556,72 -2.914,43 27,9242006300137
661 49.464,56 -6.687,43 21.556,73 -2.914,39 27,9242006300137
662 49.464,56 -6.687,43 21.466,14 -2.902,14 27,9242006300137
663 49.464,56 -6.687,43 21.466,14 -2.902,14 27,9242006300137
664 49.464,56 -6.687,43 21.466,14 -2.902,14 27,9242006300137
665 49.464,56 -6.687,43 21.466,14 -2.902,14 27,9242006300137
666 49.464,56 -6.687,43 21.466,14 -2.902,14 27,9242006300137
667 49.464,56 -6.687,43 21.466,14 -2.902,14 27,9242006300137
668 49.464,56 -6.687,43 21.466,14 -2.902,14 27,9242006300137
669 49.464,56 -6.687,43 21.466,14 -2.902,14 27,9242006300137
670 49.464,56 -6.687,43 21.466,14 -2.902,14 27,9242006300137
671 49.464,56 -6.687,43 21.466,14 -2.902,14 27,9242006300137
672 49.464,56 -6.687,43 21.466,14 -2.902,14 27,9242006300137
673 49.464,56 -6.687,43 21.466,14 -2.902,14 27,9242006300137
674 49.464,56 -6.687,43 21.466,14 -2.902,14 27,9242006300137
675 49.464,56 -6.687,43 21.466,14 -2.902,14 27,9242006300137
676 49.464,56 -6.687,43 21.466,14 -2.902,14 27,9242006300137
677 49.464,56 -6.687,43 21.466,14 -2.902,14 27,9242006300137
678 49.464,56 -6.687,43 21.466,14 -2.902,14 27,9242006300137
679 49.464,56 -6.687,43 21.466,14 -2.902,14 27,9242006300137
680 49.464,56 -6.687,43 21.466,14 -2.902,14 27,9242006300137
681 49.464,56 -6.687,43 21.466,14 -2.902,14 27,9242006300137
682 49.464,56 -6.687,43 21.466,14 -2.902,14 27,9242006300137
683 49.464,56 -6.687,43 21.466,14 -2.902,14 27,9242006300137
684 49.464,56 -6.687,43 21.466,14 -2.902,14 27,9242006300137
685 49.464,56 -6.687,43 21.466,14 -2.902,14 27,9242006300137
686 49.464,56 -6.687,43 21.466,14 -2.902,14 27,9242006300137
687 49.464,56 -6.687,43 21.466,14 -2.902,14 27,9242006300137
688 49.464,56 -6.687,43 21.466,14 -2.902,14 27,9242006300137
689 49.464,56 -6.687,43 21.466,14 -2.902,14 27,9242006300137
690 49.464,56 -6.687,43 21.466,14 -2.902,14 -19,1238167599629
691 49.464,58 -6.687,54 21.466,15 -2.902,19 -19,1238167599629
692 49.464,58 -6.687,54 21.373,16 -2.889,62 -19,1238167599629
693 49.464,57 -6.687,45 21.373,16 -2.889,58 -19,1238167599629
694 49.464,58 -6.687,54 21.367,03 -2.888,79 -19,1238167599629
695 49.464,59 -6.687,50 21.363,92 -2.888,35 -19,1238167599629
696 49.464,61 -6.687,53 21.360,86 -2.887,95 -19,1238167599629
697 49.464,61 -6.687,53 21.357,77 -2.887,53 -19,1238167599629
698 49.464,61 -6.687,53 21.357,77 -2.887,53 -19,1238167599629
699 49.464,61 -6.687,53 21.357,77 -2.887,53 -19,1238167599629
700 49.464,61 -6.687,53 21.357,77 -2.887,53 -19,1238167599629
701 49.464,61 -6.687,53 21.357,77 -2.887,53 -19,1238167599629
702 49.464,61 -6.687,53 21.357,77 -2.887,53 -19,1238167599629
703 49.464,61 -6.687,53 21.357,77 -2.887,53 -19,1238167599629
704 49.464,61 -6.687,53 21.357,77 -2.887,53 -19,1238167599629
705 49.464,61 -6.687,53 21.357,77 -2.887,53 -19,1238167599629
706 49.464,61 -6.687,53 21.357,77 -2.887,53 -19,1238167599629
707 49.464,61 -6.687,53 21.357,77 -2.887,53 -19,1238167599629
708 49.464,61 -6.687,53 21.357,77 -2.887,53 -19,1238167599629
709 49.464,61 -6.687,53 21.357,77 -2.887,53 -19,1238167599629
710 49.464,61 -6.687,53 21.357,77 -2.887,53 -19,1238167599629
711 49.464,61 -6.687,53 21.357,77 -2.887,53 -19,1238167599629
712 49.464,61 -6.687,53 21.357,77 -2.887,53 -19,1238167599629
713 49.464,61 -6.687,53 21.357,77 -2.887,53 -19,1238167599629
714 49.464,61 -6.687,53 21.357,77 -2.887,53 -19,1238167599629
715 49.464,61 -6.687,53 21.357,77 -2.887,53 -19,1238167599629
716 49.464,61 -6.687,53 21.357,77 -2.887,53 -19,1238167599629
717 49.464,61 -6.687,53 21.357,77 -2.887,53 -19,1238167599629
718 49.464,61 -6.687,53 21.357,77 -2.887,53 -19,1238167599629
719 49.464,61 -6.687,53 21.357,77 -2.887,53 -19,1238167599629
720 49.464,61 -6.687,53 21.357,77 -2.887,53 2,07929387387543
721 49.464,61 -6.687,55 21.357,77 -2.887,54 2,07929387387543
722 49.464,61 -6.687,55 21.281,03 -2.877,17 2,07929387387543
723 49.464,61 -6.687,55 21.281,03 -2.877,17 2,07929387387543
724 49.464,61 -6.687,55 21.281,03 -2.877,17 2,07929387387543
725 49.464,61 -6.687,55 21.281,03 -2.877,17 2,07929387387543
726 49.464,61 -6.687,55 21.281,03 -2.877,17 2,07929387387543
727 49.464,61 -6.687,55 21.281,03 -2.877,17 2,07929387387543
728 49.464,61 -6.687,55 21.281,03 -2.877,17 2,07929387387543
729 49.464,61 -6.687,55 21.281,03 -2.877,17 2,07929387387543
730 49.464,61 -6.687,55 21.281,03 -2.877,17 2,07929387387543
731 49.464,61 -6.687,55 21.281,03 -2.877,17 2,07929387387543
732 49.464,61 -6.687,55 21.281,03 -2.877,17 2,07929387387543
733 49.464,61 -6.687,55 21.281,03 -2.877,17 2,07929387387543
734 49.464,61 -6.687,55 21.281,03 -2.877,17 2,07929387387543
735 49.464,61 -6.687,55 21.281,03 -2.877,17 2,07929387387543
736 49.464,61 -6.687,55 21.281,03 -2.877,17 2,07929387387543
737 49.464,61 -6.687,55 21.281,03 -2.877,17 2,07929387387543
738 49.464,61 -6.687,55 21.281,03 -2.877,17 2,07929387387543
739 49.464,61 -6.687,55 21.281,03 -2.877,17 2,07929387387543
740 49.464,61 -6.687,55 21.281,03 -2.877,17 2,07929387387543
741 49.464,61 -6.687,55 21.281,03 -2.877,17 2,07929387387543
742 49.464,61 -6.687,55 21.281,03 -2.877,17 2,07929387387543
743 49.464,61 -6.687,55 21.281,03 -2.877,17 2,07929387387543
744 49.464,61 -6.687,55 21.281,03 -2.877,17 2,07929387387543
745 49.464,61 -6.687,55 21.281,03 -2.877,17 2,07929387387543
746 49.464,61 -6.687,55 21.281,03 -2.877,17 2,07929387387543
747 49.464,61 -6.687,55 21.281,03 -2.877,17 2,07929387387543
748 49.464,61 -6.687,55 21.281,03 -2.877,17 2,07929387387543
749 49.464,61 -6.687,55 21.281,03 -2.877,17 2,07929387387543
750 49.464,61 -6.687,55 21.281,03 -2.877,17 6,63968202711214
751 49.464,61 -6.687,51 21.281,03 -2.877,15 6,63968202711214
752 49.464,61 -6.687,51 21.189,67 -2.864,80 6,63968202711214
753 49.464,61 -6.687,51 21.186,64 -2.864,39 6,63968202711214
754 49.464,61 -6.687,51 21.186,64 -2.864,39 6,63968202711214
755 49.464,61 -6.687,51 21.186,64 -2.864,39 6,63968202711214
756 49.464,61 -6.687,51 21.186,64 -2.864,39 6,63968202711214
757 49.464,61 -6.687,51 21.186,64 -2.864,39 6,63968202711214
758 49.464,61 -6.687,53 21.186,64 -2.864,40 6,63968202711214
759 49.464,63 -6.687,40 21.168,47 -2.861,88 6,63968202711214
760 49.464,63 -6.687,49 21.165,49 -2.861,52 6,63968202711214
761 49.464,63 -6.687,49 21.162,43 -2.861,11 6,63968202711214
762 49.464,63 -6.687,49 21.162,43 -2.861,11 6,63968202711214
763 49.464,63 -6.687,49 21.162,43 -2.861,11 6,63968202711214
764 49.464,63 -6.687,49 21.162,43 -2.861,11 6,63968202711214
765 49.464,63 -6.687,49 21.162,43 -2.861,11 6,63968202711214
766 49.464,63 -6.687,49 21.162,43 -2.861,11 6,63968202711214
767 49.464,63 -6.687,49 21.162,43 -2.861,11 6,63968202711214
768 49.464,63 -6.687,49 21.162,43 -2.861,11 6,63968202711214
769 49.464,63 -6.687,49 21.162,43 -2.861,11 6,63968202711214
770 49.464,63 -6.687,49 21.162,43 -2.861,11 6,63968202711214
771 49.464,63 -6.687,49 21.162,43 -2.861,11 6,63968202711214
772 49.464,63 -6.687,49 21.162,43 -2.861,11 6,63968202711214
773 49.464,63 -6.687,49 21.162,43 -2.861,11 6,63968202711214
774 49.464,63 -6.687,49 21.162,43 -2.861,11 6,63968202711214
775 49.464,63 -6.687,49 21.162,43 -2.861,11 6,63968202711214
776 49.464,63 -6.687,49 21.162,43 -2.861,11 6,63968202711214
777 49.464,63 -6.687,49 21.162,43 -2.861,11 6,63968202711214
778 49.464,63 -6.687,49 21.162,43 -2.861,11 6,63968202711214
779 49.464,63 -6.687,49 21.162,43 -2.861,11 6,63968202711214
780 49.464,63 -6.687,49 21.162,43 -2.861,11 -16,3733096139832
781 49.464,63 -6.687,46 21.162,44 -2.861,09 -16,3733096139832
782 49.464,64 -6.687,49 21.099,13 -2.852,55 -16,3733096139832
783 49.464,64 -6.687,42 21.096,11 -2.852,11 -16,3733096139832
784 49.464,65 -6.687,50 21.093,14 -2.851,74 -16,3733096139832
785 49.464,65 -6.687,50 21.090,11 -2.851,33 -16,3733096139832
786 49.464,65 -6.687,50 21.090,11 -2.851,33 -16,3733096139832
787 49.464,65 -6.687,50 21.090,11 -2.851,33 -16,3733096139832
788 49.464,65 -6.687,50 21.090,11 -2.851,33 -16,3733096139832
789 49.464,65 -6.687,50 21.090,11 -2.851,33 -16,3733096139832
790 49.464,65 -6.687,50 21.090,11 -2.851,33 -16,3733096139832
791 49.464,65 -6.687,50 21.090,11 -2.851,33 -16,3733096139832
792 49.464,65 -6.687,50 21.090,11 -2.851,33 -16,3733096139832
793 49.464,65 -6.687,50 21.090,11 -2.851,33 -16,3733096139832
794 49.464,65 -6.687,50 21.090,11 -2.851,33 -16,3733096139832
795 49.464,65 -6.687,50 21.090,11 -2.851,33 -16,3733096139832
796 49.464,65 -6.687,50 21.090,11 -2.851,33 -16,3733096139832
797 49.464,65 -6.687,50 21.090,11 -2.851,33 -16,3733096139832
798 49.464,65 -6.687,50 21.090,11 -2.851,33 -16,3733096139832
799 49.464,65 -6.687,50 21.090,11 -2.851,33 -16,3733096139832
800 49.464,65 -6.687,50 21.090,11 -2.851,33 -16,3733096139832
801 49.464,65 -6.687,50 21.090,11 -2.851,33 -16,3733096139832
802 49.464,65 -6.687,50 21.090,11 -2.851,33 -16,3733096139832
803 49.464,65 -6.687,50 21.090,11 -2.851,33 -16,3733096139832
804 49.464,65 -6.687,50 21.090,11 -2.851,33 -16,3733096139832
805 49.464,65 -6.687,50 21.090,11 -2.851,33 -16,3733096139832
806 49.464,65 -6.687,50 21.090,11 -2.851,33 -16,3733096139832
807 49.464,65 -6.687,50 21.090,11 -2.851,33 -16,3733096139832
808 49.464,65 -6.687,50 21.090,11 -2.851,33 -16,3733096139832
809 49.464,65 -6.687,50 21.090,11 -2.851,33 -16,3733096139832
810 49.464,65 -6.687,50 21.090,11 -2.851,33 2,06412505178364
811 49.464,66 -6.687,47 21.090,11 -2.851,32 2,06412505178364
812 49.464,66 -6.687,47 21.009,32 -2.840,39 2,06412505178364
813 49.464,66 -6.687,47 21.009,32 -2.840,39 2,06412505178364
814 49.464,66 -6.687,47 21.009,32 -2.840,39 2,06412505178364
815 49.464,66 -6.687,47 21.009,32 -2.840,39 2,06412505178364
816 49.464,66 -6.687,47 21.009,32 -2.840,39 2,06412505178364
817 49.464,66 -6.687,47 21.009,32 -2.840,39 2,06412505178364
818 49.464,66 -6.687,47 21.009,32 -2.840,39 2,06412505178364
819 49.464,66 -6.687,47 21.009,32 -2.840,39 2,06412505178364
820 49.464,66 -6.687,47 21.009,32 -2.840,39 2,06412505178364
821 49.464,66 -6.687,47 21.009,32 -2.840,39 2,06412505178364
822 49.464,66 -6.687,47 21.009,32 -2.840,39 2,06412505178364
823 49.464,66 -6.687,47 21.009,32 -2.840,39 2,06412505178364
824 49.464,66 -6.687,47 21.009,32 -2.840,39 2,06412505178364
825 49.464,66 -6.687,47 21.009,32 -2.840,39 2,06412505178364
826 49.464,66 -6.687,47 21.009,32 -2.840,39 2,06412505178364
827 49.464,66 -6.687,47 21.009,32 -2.840,39 2,06412505178364
828 49.464,66 -6.687,47 21.009,32 -2.840,39 2,06412505178364
829 49.464,66 -6.687,47 21.009,32 -2.840,39 2,06412505178364
830 49.464,66 -6.687,47 21.009,32 -2.840,39 2,06412505178364
831 49.464,66 -6.687,47 21.009,32 -2.840,39 2,06412505178364
832 49.464,66 -6.687,47 21.009,32 -2.840,39 2,06412505178364
833 49.464,66 -6.687,47 21.009,32 -2.840,39 2,06412505178364
834 49.464,66 -6.687,47 21.009,32 -2.840,39 2,06412505178364
835 49.464,66 -6.687,47 21.009,32 -2.840,39 2,06412505178364
836 49.464,66 -6.687,47 21.009,32 -2.840,39 2,06412505178364
837 49.464,66 -6.687,47 21.009,32 -2.840,39 2,06412505178364
838 49.464,66 -6.687,47 21.009,32 -2.840,39 2,06412505178364
839 49.464,66 -6.687,47 21.009,32 -2.840,39 2,06412505178364
840 49.464,66 -6.687,47 21.009,32 -2.840,39 -5,59315142173793
841 49.464,67 -6.687,47 21.009,32 -2.840,40 -5,59315142173793
842 49.464,67 -6.687,47 20.920,30 -2.828,36 -5,59315142173793
843 49.464,67 -6.687,47 20.920,30 -2.828,36 -5,59315142173793
844 49.464,67 -6.687,47 20.920,30 -2.828,36 -5,59315142173793
845 49.464,67 -6.687,47 20.920,30 -2.828,36 -5,59315142173793
846 49.464,67 -6.687,47 20.920,30 -2.828,36 -5,59315142173793
847 49.464,67 -6.687,47 20.920,30 -2.828,36 -5,59315142173793
848 49.464,67 -6.687,47 20.920,30 -2.828,36 -5,59315142173793
849 49.464,67 -6.687,47 20.920,30 -2.828,36 -5,59315142173793
850 49.464,67 -6.687,47 20.920,30 -2.828,36 -5,59315142173793
851 49.464,67 -6.687,47 20.920,30 -2.828,36 -5,59315142173793
852 49.464,67 -6.687,47 20.920,30 -2.828,36 -5,59315142173793
853 49.464,67 -6.687,47 20.920,30 -2.828,36 -5,59315142173793
854 49.464,67 -6.687,47 20.920,30 -2.828,36 -5,59315142173793
855 49.464,67 -6.687,47 20.920,30 -2.828,36 -5,59315142173793
856 49.464,67 -6.687,47 20.920,30 -2.828,36 -5,59315142173793
857 49.464,67 -6.687,47 20.920,30 -2.828,36 -5,59315142173793
858 49.464,67 -6.687,47 20.920,30 -2.828,36 -5,59315142173793
859 49.464,67 -6.687,47 20.920,30 -2.828,36 -5,59315142173793
860 49.464,67 -6.687,47 20.920,30 -2.828,36 -5,59315142173793
861 49.464,67 -6.687,47 20.920,30 -2.828,36 -5,59315142173793
862 49.464,67 -6.687,47 20.920,30 -2.828,36 -5,59315142173793
863 49.464,67 -6.687,47 20.920,30 -2.828,36 -5,59315142173793
864 49.464,67 -6.687,47 20.920,30 -2.828,36 -5,59315142173793
865 49.464,67 -6.687,47 20.920,30 -2.828,36 -5,59315142173793
866 49.464,67 -6.687,47 20.920,30 -2.828,36 -5,59315142173793
867 49.464,67 -6.687,47 20.920,30 -2.828,36 -5,59315142173793
868 49.464,67 -6.687,47 20.920,30 -2.828,36 -5,59315142173793
869 49.464,67 -6.687,47 20.920,30 -2.828,36 -5,59315142173793
870 49.464,67 -6.687,47 20.920,30 -2.828,36 -12,765363975839
871 49.464,67 -6.687,44 20.920,30 -2.828,35 -12,765363975839
872 49.464,67 -6.687,44 20.832,03 -2.816,41 -12,765363975839
873 49.464,67 -6.687,44 20.832,03 -2.816,41 -12,765363975839
874 49.464,67 -6.687,44 20.832,03 -2.816,41 -12,765363975839
875 49.464,67 -6.687,44 20.832,03 -2.816,41 -12,765363975839
876 49.464,66 -6.687,37 20.832,05 -2.816,38 -12,765363975839
877 49.464,66 -6.687,37 20.817,43 -2.814,41 -12,765363975839
878 49.464,66 -6.687,37 20.817,43 -2.814,41 -12,765363975839
879 49.464,66 -6.687,37 20.817,43 -2.814,41 -12,765363975839
880 49.464,66 -6.687,37 20.817,43 -2.814,41 -12,765363975839
881 49.464,66 -6.687,37 20.817,43 -2.814,41 -12,765363975839
882 49.464,66 -6.687,37 20.817,43 -2.814,41 -12,765363975839
883 49.464,66 -6.687,37 20.817,43 -2.814,41 -12,765363975839
884 49.464,66 -6.687,37 20.817,43 -2.814,41 -12,765363975839
885 49.464,66 -6.687,37 20.817,43 -2.814,41 -12,765363975839
886 49.464,66 -6.687,37 20.817,43 -2.814,41 -12,765363975839
887 49.464,66 -6.687,37 20.817,43 -2.814,41 -12,765363975839
888 49.464,66 -6.687,37 20.817,43 -2.814,41 -12,765363975839
889 49.464,66 -6.687,37 20.817,43 -2.814,41 -12,765363975839
890 49.464,66 -6.687,37 20.817,43 -2.814,41 -12,765363975839
891 49.464,66 -6.687,37 20.817,43 -2.814,41 -12,765363975839
892 49.464,66 -6.687,37 20.817,43 -2.814,41 -12,765363975839
893 49.464,66 -6.687,37 20.817,43 -2.814,41 -12,765363975839
894 49.464,66 -6.687,37 20.817,43 -2.814,41 -12,765363975839
895 49.464,66 -6.687,37 20.817,43 -2.814,41 -12,765363975839
896 49.464,66 -6.687,37 20.817,43 -2.814,41 -12,765363975839
897 49.464,66 -6.687,37 20.817,43 -2.814,41 -12,765363975839
898 49.464,66 -6.687,37 20.817,43 -2.814,41 -12,765363975839
899 49.464,66 -6.687,37 20.817,43 -2.814,41 -12,765363975839
900 49.464,66 -6.687,37 20.817,43 -2.814,41 -3,7076994953318
901 49.464,69 -6.687,44 20.817,45 -2.814,44 -3,7076994953318
902 49.464,69 -6.687,44 20.744,51 -2.804,58 -3,7076994953318
903 49.464,69 -6.687,44 20.744,51 -2.804,58 -3,7076994953318
904 49.464,69 -6.687,44 20.744,51 -2.804,58 -3,7076994953318
905 49.464,69 -6.687,44 20.744,51 -2.804,58 -3,7076994953318
906 49.464,69 -6.687,44 20.744,51 -2.804,58 -3,7076994953318
907 49.464,69 -6.687,44 20.744,51 -2.804,58 -3,7076994953318
908 49.464,69 -6.687,44 20.744,51 -2.804,58 -3,7076994953318
909 49.464,69 -6.687,44 20.744,51 -2.804,58 -3,7076994953318
910 49.464,69 -6.687,44 20.744,51 -2.804,58 -3,7076994953318
911 49.464,69 -6.687,44 20.744,51 -2.804,58 -3,7076994953318
912 49.464,69 -6.687,44 20.744,51 -2.804,58 -3,7076994953318
913 49.464,69 -6.687,44 20.744,51 -2.804,58 -3,7076994953318
914 49.464,69 -6.687,44 20.744,51 -2.804,58 -3,7076994953318
915 49.464,69 -6.687,44 20.744,51 -2.804,58 -3,7076994953318
916 49.464,69 -6.687,44 20.744,51 -2.804,58 -3,7076994953318
917 49.464,69 -6.687,44 20.744,51 -2.804,58 -3,7076994953318
918 49.464,69 -6.687,44 20.744,51 -2.804,58 -3,7076994953318
919 49.464,69 -6.687,44 20.744,51 -2.804,58 -3,7076994953318
920 49.464,69 -6.687,44 20.744,51 -2.804,58 -3,7076994953318
921 49.464,69 -6.687,44 20.744,51 -2.804,58 -3,7076994953318
922 49.464,69 -6.687,44 20.744,51 -2.804,58 -3,7076994953318
923 49.464,69 -6.687,44 20.744,51 -2.804,58 -3,7076994953318
924 49.464,69 -6.687,44 20.744,51 -2.804,58 -3,7076994953318
925 49.464,69 -6.687,44 20.744,51 -2.804,58 -3,7076994953318
926 49.464,69 -6.687,44 20.744,51 -2.804,58 -3,7076994953318
927 49.464,69 -6.687,44 20.744,51 -2.804,58 -3,7076994953318
928 49.464,69 -6.687,44 20.744,51 -2.804,58 -3,7076994953318
929 49.464,69 -6.687,44 20.744,51 -2.804,58 -3,7076994953318
930 49.464,69 -6.687,44 20.744,51 -2.804,58 -0,279917563391883
931 49.464,69 -6.687,36 20.744,51 -2.804,55 -0,279917563391883
932 49.464,69 -6.687,43 20.657,71 -2.792,84 -0,279917563391883
933 49.464,69 -6.687,43 20.654,80 -2.792,45 -0,279917563391883
934 49.464,69 -6.687,43 20.654,80 -2.792,45 -0,279917563391883
935 49.464,69 -6.687,43 20.654,80 -2.792,45 -0,279917563391883
936 49.464,69 -6.687,43 20.654,80 -2.792,45 -0,279917563391883
937 49.464,69 -6.687,43 20.654,80 -2.792,45 -0,279917563391883
938 49.464,69 -6.687,43 20.654,80 -2.792,45 -0,279917563391883
939 49.464,69 -6.687,43 20.654,80 -2.792,45 -0,279917563391883
940 49.464,69 -6.687,43 20.654,80 -2.792,45 -0,279917563391883
941 49.464,69 -6.687,43 20.654,80 -2.792,45 -0,279917563391883
942 49.464,69 -6.687,43 20.654,80 -2.792,45 -0,279917563391883
943 49.464,69 -6.687,43 20.654,80 -2.792,45 -0,279917563391883
944 49.464,69 -6.687,43 20.654,80 -2.792,45 -0,279917563391883
945 49.464,69 -6.687,43 20.654,80 -2.792,45 -0,279917563391883
946 49.464,69 -6.687,43 20.654,80 -2.792,45 -0,279917563391883
947 49.464,69 -6.687,43 20.654,80 -2.792,45 -0,279917563391883
948 49.464,69 -6.687,43 20.654,80 -2.792,45 -0,279917563391883
949 49.464,69 -6.687,43 20.654,80 -2.792,45 -0,279917563391883
950 49.464,69 -6.687,43 20.654,80 -2.792,45 -0,279917563391883
951 49.464,69 -6.687,43 20.654,80 -2.792,45 -0,279917563391883
952 49.464,69 -6.687,43 20.654,80 -2.792,45 -0,279917563391883
953 49.464,69 -6.687,43 20.654,80 -2.792,45 -0,279917563391883
954 49.464,69 -6.687,43 20.654,80 -2.792,45 -0,279917563391883
955 49.464,69 -6.687,43 20.654,80 -2.792,45 -0,279917563391883
956 49.464,69 -6.687,43 20.654,80 -2.792,45 -0,279917563391883
957 49.464,69 -6.687,43 20.654,80 -2.792,45 -0,279917563391883
958 49.464,69 -6.687,43 20.654,80 -2.792,45 -0,279917563391883
959 49.464,69 -6.687,43 20.654,80 -2.792,45 -0,279917563391883
960 49.464,69 -6.687,43 20.654,80 -2.792,45 -18,9390858605325
961 49.464,69 -6.687,40 20.654,80 -2.792,44 -18,9390858605325
962 49.464,69 -6.687,40 20.571,61 -2.781,19 -18,9390858605325
963 49.464,69 -6.687,40 20.571,61 -2.781,19 -18,9390858605325
964 49.464,69 -6.687,40 20.571,61 -2.781,19 -18,9390858605325
965 49.464,69 -6.687,40 20.571,61 -2.781,19 -18,9390858605325
966 49.464,69 -6.687,40 20.571,61 -2.781,19 -18,9390858605325
967 49.464,69 -6.687,40 20.571,61 -2.781,19 -18,9390858605325
968 49.464,69 -6.687,40 20.571,61 -2.781,19 -18,9390858605325
969 49.464,69 -6.687,40 20.571,61 -2.781,19 -18,9390858605325
970 49.464,69 -6.687,40 20.571,61 -2.781,19 -18,9390858605325
971 49.464,69 -6.687,40 20.571,61 -2.781,19 -18,9390858605325
972 49.464,69 -6.687,40 20.571,61 -2.781,19 -18,9390858605325
973 49.464,69 -6.687,40 20.571,61 -2.781,19 -18,9390858605325
974 49.464,69 -6.687,40 20.571,61 -2.781,19 -18,9390858605325
975 49.464,69 -6.687,40 20.571,61 -2.781,19 -18,9390858605325
976 49.464,69 -6.687,40 20.571,61 -2.781,19 -18,9390858605325
977 49.464,69 -6.687,40 20.571,61 -2.781,19 -18,9390858605325
978 49.464,69 -6.687,40 20.571,61 -2.781,19 -18,9390858605325
979 49.464,69 -6.687,40 20.571,61 -2.781,19 -18,9390858605325
980 49.464,69 -6.687,40 20.571,61 -2.781,19 -18,9390858605325
981 49.464,69 -6.687,40 20.571,61 -2.781,19 -18,9390858605325
982 49.464,69 -6.687,40 20.571,61 -2.781,19 -18,9390858605325
983 49.464,69 -6.687,40 20.571,61 -2.781,19 -18,9390858605325
984 49.464,69 -6.687,40 20.571,61 -2.781,19 -18,9390858605325
985 49.464,69 -6.687,40 20.571,61 -2.781,19 -18,9390858605325
986 49.464,69 -6.687,40 20.571,61 -2.781,19 -18,9390858605325
987 49.464,69 -6.687,40 20.571,61 -2.781,19 -18,9390858605325
988 49.464,69 -6.687,40 20.571,61 -2.781,19 -18,9390858605325
989 49.464,69 -6.687,40 20.571,61 -2.781,19 -18,9390858605325
990 49.464,69 -6.687,40 20.571,61 -2.781,19 34,7129239000777
991 49.464,69 -6.687,43 20.571,61 -2.781,20 34,7129239000777
992 49.464,70 -6.687,42 20.486,23 -2.769,65 34,7129239000777
993 49.464,70 -6.687,42 20.483,40 -2.769,27 34,7129239000777
994 49.464,70 -6.687,42 20.483,40 -2.769,27 34,7129239000777
995 49.464,70 -6.687,42 20.483,40 -2.769,27 34,7129239000777
996 49.464,70 -6.687,42 20.483,40 -2.769,27 34,7129239000777
997 49.464,70 -6.687,42 20.483,40 -2.769,27 34,7129239000777
998 49.464,70 -6.687,42 20.483,40 -2.769,27 34,7129239000777
999 49.464,70 -6.687,42 20.483,40 -2.769,27 34,7129239000777
