500
0 542,25 542,25 0,36 Country 3 (Country) 3,00 0
1 673,73 673,73 0,80 Country 3 (Country) 3,00 8
2 673,73 708,89 0,99 Country 3 (Country) 3,00 205
3 673,73 499,95 1,23 Country 3 (Country) 3,00 219
4 673,73 536,20 1,53 Country 3 (Country) 3,00 402
5 673,73 473,41 1,91 Country 3 (Country) 3,00 443
6 673,73 546,20 2,37 Country 3 (Country) 3,00 599
7 673,73 507,15 2,94 Country 3 (Country) 3,00 674
8 673,73 548,03 3,66 Country 3 (Country) 3,00 800
9 673,73 528,54 4,54 Country 3 (Country) 3,00 898
10 673,73 552,40 5,64 Country 3 (Country) 3,00 1005
11 673,73 525,10 7,01 Country 3 (Country) 3,00 1109
12 673,73 563,89 8,71 Country 3 (Country) 3,00 1231
13 673,73 558,06 10,83 Country 3 (Country) 3,00 1324
14 673,73 568,80 13,45 Country 3 (Country) 3,00 1451
15 673,73 557,07 16,71 Country 3 (Country) 3,00 1536
16 673,73 550,55 20,76 Country 3 (Country) 3,00 1660
17 673,73 555,32 25,80 Country 3 (Country) 3,00 1762
18 673,73 550,97 32,05 Country 3 (Country) 3,00 1874
19 673,73 552,60 39,83 Country 3 (Country) 3,00 1983
20 673,73 550,49 49,48 Country 3 (Country) 3,00 2088
21 673,73 550,77 61,48 Country 3 (Country) 3,00 2194
22 673,73 550,51 76,38 Country 3 (Country) 3,00 2311
23 673,73 552,31 94,90 Country 3 (Country) 3,00 2410
24 673,73 550,47 117,91 Country 3 (Country) 3,00 2529
25 673,73 552,12 146,50 Country 3 (Country) 3,00 2622
26 673,73 550,51 182,02 Country 3 (Country) 3,00 2744
27 673,73 551,98 226,16 Country 3 (Country) 3,00 2844
28 673,73 551,33 280,99 Country 3 (Country) 3,00 2957
29 673,73 551,95 349,12 Country 3 (Country) 3,00 3060
30 673,73 551,76 433,76 Country 3 (Country) 3,00 3170
31 673,73 553,51 538,93 Country 3 (Country) 3,00 3276
32 673,73 552,52 669,60 Country 3 (Country) 3,00 3394
33 673,73 553,88 831,95 Country 3 (Country) 3,00 3489
34 673,73 553,67 1.033,66 Country 3 (Country) 3,00 3611
35 673,73 554,19 1.284,28 Country 3 (Country) 3,00 3712
36 673,73 554,16 1.595,66 Country 3 (Country) 3,00 3828
37 673,73 554,79 1.982,54 Country 3 (Country) 3,00 3932
38 673,73 555,26 2.463,22 Country 3 (Country) 3,00 4041
39 673,73 555,72 3.060,45 Country 3 (Country) 3,00 4143
40 673,73 556,86 3.802,47 Country 3 (Country) 3,00 4257
41 673,73 556,96 4.724,41 Country 3 (Country) 3,00 4363
42 673,73 557,89 5.869,88 Country 3 (Country) 3,00 4482
43 673,73 558,06 7.293,07 Country 3 (Country) 3,00 4572
44 673,73 558,81 9.061,33 Country 3 (Country) 3,00 4699
45 673,73 559,24 11.258,32 Country 3 (Country) 3,00 4787
46 673,73 560,05 13.987,98 Country 3 (Country) 3,00 4914
47 673,73 560,54 17.379,47 Country 3 (Country) 3,00 5010
48 673,73 561,40 21.593,24 Country 3 (Country) 3,00 5124
49 673,73 562,06 26.828,68 Country 3 (Country) 3,00 5235
50 673,73 562,82 33.333,49 Country 3 (Country) 3,00 5341
51 673,73 563,57 41.415,43 Country 3 (Country) 3,00 5446
52 673,73 564,19 51.456,91 Country 3 (Country) 3,00 5555
53 673,73 565,00 63.933,00 Country 3 (Country) 3,00 5662
54 673,73 565,86 79.434,02 Country 3 (Country) 3,00 5779
55 673,73 566,70 98.693,37 Country 3 (Country) 3,00 5882
56 673,73 567,56 122.622,30 Country 3 (Country) 3,00 5993
57 673,73 568,47 152.352,96 Country 3 (Country) 3,00 6096
58 673,73 569,39 189.292,03 Country 3 (Country) 3,00 6208
59 673,73 570,36 235.187,25 Country 3 (Country) 3,00 6319
60 673,73 571,36 292.210,10 Country 3 (Country) 3,00 6426
61 673,73 572,36 363.058,55 Country 3 (Country) 3,00 6533
62 673,73 573,39 451.084,71 Country 3 (Country) 3,00 6638
63 673,73 574,43 560.453,46 Country 3 (Country) 3,00 6748
64 673,73 575,52 696.339,45 Country 3 (Country) 3,00 6859
65 673,73 576,60 865.171,98 Country 3 (Country) 3,00 6968
66 673,73 577,73 1.074.939,17 Country 3 (Country) 3,00 7069
67 673,73 578,87 1.335.565,94 Country 3 (Country) 3,00 7187
68 673,73 580,07 1.659.383,54 Country 3 (Country) 3,00 7288
69 673,73 581,25 2.061.713,07 Country 3 (Country) 3,00 7409
70 673,73 582,46 2.561.590,29 Country 3 (Country) 3,00 7512
71 673,73 583,70 3.182.666,35 Country 3 (Country) 3,00 7616
72 673,73 584,97 3.954.326,79 Country 3 (Country) 3,00 7736
73 673,73 586,28 4.913.081,88 Country 3 (Country) 3,00 7827
74 673,73 587,63 6.104.294,06 Country 3 (Country) 3,00 7960
75 673,73 588,99 7.584.324,23 Country 3 (Country) 3,00 8041
76 673,73 590,39 9.423.198,41 Country 3 (Country) 3,00 8168
77 673,73 591,79 11.707.920,92 Country 3 (Country) 3,00 8263
78 673,73 593,23 14.546.590,90 Country 3 (Country) 3,00 8380
79 673,73 594,69 18.073.516,91 Country 3 (Country) 3,00 8496
80 673,73 596,22 22.455.571,60 Country 3 (Country) 3,00 8594
81 673,73 597,75 27.900.087,09 Country 3 (Country) 3,00 8710
82 673,73 599,30 34.664.664,69 Country 3 (Country) 3,00 8814
83 673,73 600,87 43.069.362,97 Country 3 (Country) 3,00 8923
84 673,73 602,45 53.511.841,05 Country 3 (Country) 3,00 9034
85 673,73 604,07 66.486.173,34 Country 3 (Country) 3,00 9133
86 673,73 605,70 82.606.226,20 Country 3 (Country) 3,00 9249
87 673,73 607,37 102.634.702,28 Country 3 (Country) 3,00 9347
88 673,73 609,06 127.519.227,02 Country 3 (Country) 3,00 9459
89 673,73 610,62 158.437.184,49 Country 3 (Country) 3,00 9572
90 673,73 612,32 196.851.424,02 Country 3 (Country) 3,00 9678
91 673,73 614,10 244.579.473,33 Country 3 (Country) 3,00 9796
92 673,73 616,30 303.879.532,86 Country 3 (Country) 3,00 9904
93 673,73 617,76 377.557.320,06 Country 3 (Country) 3,00 10006
94 673,73 619,63 469.098.818,82 Country 3 (Country) 3,00 10122
95 673,73 621,51 582.835.215,03 Country 3 (Country) 3,00 10215
96 673,73 623,43 724.147.821,84 Country 3 (Country) 3,00 10342
97 673,73 625,33 899.722.690,66 Country 3 (Country) 3,00 10429
98 673,73 627,25 1.117.866.954,34 Country 3 (Country) 3,00 10556
99 673,73 629,21 1.388.901.870,06 Country 3 (Country) 3,00 10657
100 673,73 631,19 1.725.651.158,37 Country 3 (Country) 3,00 10765
101 673,73 633,19 2.144.047.743,45 Country 3 (Country) 3,00 10886
102 673,73 635,25 2.663.887.602,03 Country 3 (Country) 3,00 10977
103 673,73 637,31 3.309.766.388,33 Country 3 (Country) 3,00 11104
104 673,73 639,39 4.112.243.150,56 Country 3 (Country) 3,00 11196
105 673,73 641,49 5.109.286.198,86 Country 3 (Country) 3,00 11311
106 673,73 643,62 6.348.069.534,34 Country 3 (Country) 3,00 11412
107 673,73 645,81 7.887.204.835,34 Country 3 (Country) 3,00 11523
108 673,73 647,98 9.799.514.604,89 Country 3 (Country) 3,00 11631
109 673,73 650,17 12.175.477.687,75 Country 3 (Country) 3,00 11740
110 673,73 652,41 15.127.510.178,00 Country 3 (Country) 3,00 11855
111 673,73 654,66 18.795.284.263,53 Country 3 (Country) 3,00 11955
112 673,73 656,92 23.352.336.662,83 Country 3 (Country) 3,00 12078
113 673,73 659,23 29.014.279.324,95 Country 3 (Country) 3,00 12175
114 673,73 661,43 36.049.000.873,05 Country 3 (Country) 3,00 12293
115 673,73 664,26 44.789.341.461,53 Country 3 (Country) 3,00 12393
116 673,73 666,30 55.648.840.743,81 Country 3 (Country) 3,00 12511
117 673,73 668,70 69.141.304.048,62 Country 3 (Country) 3,00 12611
118 673,73 671,13 85.905.112.517,12 Country 3 (Country) 3,00 12717
119 673,73 673,56 106.733.427.408,17 Country 3 (Country) 3,00 12834
120 673,73 676,03 132.611.717.655,62 Country 3 (Country) 3,00 12930
121 673,73 678,51 164.764.386.252,87 Country 3 (Country) 3,00 13060
122 673,73 681,05 204.712.701.541,10 Country 3 (Country) 3,00 13145
123 673,73 683,61 254.346.774.356,55 Country 3 (Country) 3,00 13265
124 673,73 686,17 316.014.986.557,11 Country 3 (Country) 3,00 13369
125 673,73 688,78 392.635.102.140,90 Country 3 (Country) 3,00 13470
126 673,73 691,39 487.832.318.057,91 Country 3 (Country) 3,00 13610
127 673,73 694,07 606.110.786.437,92 Country 3 (Country) 3,00 13681
128 673,73 696,78 753.066.723.621,17 Country 3 (Country) 3,00 13822
129 673,73 699,52 935.653.189.012,53 Country 3 (Country) 3,00 13901
130 673,73 702,28 1.162.509.061.480,86 Country 3 (Country) 3,00 14026
131 673,73 705,05 1.444.367.778.462,21 Country 3 (Country) 3,00 14132
132 673,73 707,84 1.794.565.176.810,19 Country 3 (Country) 3,00 14236
133 673,73 710,64 2.229.670.463.327,96 Country 3 (Country) 3,00 14352
134 673,73 713,48 2.770.270.168.662,11 Country 3 (Country) 3,00 14454
135 673,73 716,33 3.441.942.176.479,54 Country 3 (Country) 3,00 14561
136 673,73 719,23 4.276.465.913.052,14 Country 3 (Country) 3,00 14678
137 673,73 722,05 5.313.325.956.045,61 Country 3 (Country) 3,00 14776
138 673,73 724,98 6.601.580.204.117,44 Country 3 (Country) 3,00 14901
139 673,73 727,95 8.202.180.997.724,80 Country 3 (Country) 3,00 14990
140 673,73 730,94 10.190.859.012.434,30 Country 3 (Country) 3,00 15117
141 673,73 733,96 12.661.706.372.990,40 Country 3 (Country) 3,00 15211
142 673,73 736,89 15.731.628.519.265,50 Country 3 (Country) 3,00 15329
143 673,73 739,95 19.545.875.459.258,40 Country 3 (Country) 3,00 15430
144 673,73 743,05 24.284.914.114.325,70 Country 3 (Country) 3,00 15543
145 673,73 746,16 30.172.966.914.143,60 Country 3 (Country) 3,00 15648
146 673,73 749,30 37.488.620.635.679,10 Country 3 (Country) 3,00 15763
147 673,73 752,46 46.578.007.431.781,00 Country 3 (Country) 3,00 15863
148 673,73 755,67 57.871.181.695.339,80 Country 3 (Country) 3,00 15978
149 673,73 758,89 71.902.467.612.427,30 Country 3 (Country) 3,00 16088
150 673,73 762,16 89.335.740.126.635,00 Country 3 (Country) 3,00 16190
151 673,73 765,44 110.995.835.455.782,00 Country 3 (Country) 3,00 16308
152 673,73 768,71 137.907.577.315.228,00 Country 3 (Country) 3,00 16402
153 673,73 772,01 171.344.265.330.856,00 Country 3 (Country) 3,00 16523
154 673,73 775,35 212.887.919.817.941,00 Country 3 (Country) 3,00 16622
155 673,73 778,70 264.504.133.341.711,00 Country 3 (Country) 3,00 16741
156 673,73 782,06 328.635.070.579.301,00 Country 3 (Country) 3,00 16846
157 673,73 785,46 408.315.016.669.839,00 Country 3 (Country) 3,00 16950
158 673,73 788,89 507.313.941.096.436,00 Country 3 (Country) 3,00 17069
159 673,73 792,34 630.315.869.668.111,00 Country 3 (Country) 3,00 17168
160 673,73 795,81 783.140.504.076.831,00 Country 3 (Country) 3,00 17286
161 673,73 799,31 973.018.574.716.589,00 Country 3 (Country) 3,00 17387
162 673,73 802,86 1.208.933.954.781.910,00 Country 3 (Country) 3,00 17499
163 673,73 806,43 1.502.048.722.400.110,00 Country 3 (Country) 3,00 17610
164 673,73 810,03 1.866.231.282.147.100,00 Country 3 (Country) 3,00 17712
165 673,73 813,65 2.318.712.533.438.490,00 Country 3 (Country) 3,00 17819
166 673,73 817,29 2.880.901.131.685.650,00 Country 3 (Country) 3,00 17927
167 673,73 820,94 3.579.396.415.406.420,00 Country 3 (Country) 3,00 18039
168 673,73 824,60 4.447.246.924.828.620,00 Country 3 (Country) 3,00 18155
169 673,73 828,22 5.525.514.057.417.410,00 Country 3 (Country) 3,00 18255
170 673,73 831,95 6.865.214.842.977.020,00 Country 3 (Country) 3,00 18372
171 673,73 835,72 8.529.735.758.605.740,00 Country 3 (Country) 3,00 18469
172 673,73 839,52 10.597.831.790.517.900,00 Country 3 (Country) 3,00 18580
173 673,73 843,25 13.167.352.640.062.500,00 Country 3 (Country) 3,00 18703
174 673,73 847,08 16.359.872.375.299.100,00 Country 3 (Country) 3,00 18785
175 673,73 850,92 20.326.441.575.032.000,00 Country 3 (Country) 3,00 18929
176 673,73 854,80 25.254.734.121.704.000,00 Country 3 (Country) 3,00 18995
177 673,73 858,70 31.377.926.785.837.800,00 Country 3 (Country) 3,00 19145
178 673,73 862,65 38.985.731.729.848.100,00 Country 3 (Country) 3,00 19222
179 673,73 866,62 48.438.103.922.075.500,00 Country 3 (Country) 3,00 19353
180 673,73 870,60 60.182.272.012.338.800,00 Country 3 (Country) 3,00 19447
181 673,73 874,62 74.773.898.466.254.000,00 Country 3 (Country) 3,00 19561
182 673,73 878,66 92.903.370.126.926.300,00 Country 3 (Country) 3,00 19672
183 673,73 882,75 115.428.463.113.180.000,00 Country 3 (Country) 3,00 19772
184 673,73 886,85 143.414.927.558.253.000,00 Country 3 (Country) 3,00 19890
185 673,73 890,99 178.186.912.411.472.000,00 Country 3 (Country) 3,00 19985
186 673,73 895,16 221.389.616.097.230.000,00 Country 3 (Country) 3,00 20110
187 673,73 899,33 275.067.127.278.665.000,00 Country 3 (Country) 3,00 20203
188 673,73 903,52 341.759.138.676.622.000,00 Country 3 (Country) 3,00 20330
189 673,73 907,71 424.621.109.852.431.000,00 Country 3 (Country) 3,00 20430
190 673,73 911,96 527.573.564.325.125.000,00 Country 3 (Country) 3,00 20541
191 673,73 916,22 655.487.584.852.873.000,00 Country 3 (Country) 3,00 20650
192 673,73 920,52 814.415.283.384.947.000,00 Country 3 (Country) 3,00 20754
193 673,73 924,84 1.011.876.150.117.870.000,00 Country 3 (Country) 3,00 20870
194 673,73 929,19 1.257.212.829.948.080.000,00 Country 3 (Country) 3,00 20976
195 673,73 933,58 1.562.033.159.494.810.000,00 Country 3 (Country) 3,00 21073
196 673,73 937,98 1.940.759.379.191.270.000,00 Country 3 (Country) 3,00 21197
197 673,73 942,43 2.411.310.505.813.500.000,00 Country 3 (Country) 3,00 21281
198 673,73 946,88 2.995.950.151.156.540.000,00 Country 3 (Country) 3,00 21423
199 673,73 951,37 3.722.339.900.471.160.000,00 Country 3 (Country) 3,00 21498
200 673,73 955,87 4.624.848.090.109.520.000,00 Country 3 (Country) 3,00 21641
201 673,73 960,39 5.746.175.907.762.290.000,00 Country 3 (Country) 3,00 21720
202 673,73 964,93 7.139.377.752.441.150.000,00 Country 3 (Country) 3,00 21848
203 673,73 969,49 8.870.371.445.328.910.000,00 Country 3 (Country) 3,00 21948
204 673,73 974,08 11.021.057.059.377.800.000,00 Country 3 (Country) 3,00 22054
205 673,73 978,68 13.693.191.931.666.400.000,00 Country 3 (Country) 3,00 22171
206 673,73 983,33 17.013.205.200.485.500.000,00 Country 3 (Country) 3,00 22271
207 673,73 987,99 21.138.179.661.708.800.000,00 Country 3 (Country) 3,00 22387
208 673,73 992,69 26.263.283.969.438.600.000,00 Country 3 (Country) 3,00 22484
209 673,73 997,34 32.631.006.827.368.900.000,00 Country 3 (Country) 3,00 22608
210 673,73 1.002,07 40.542.630.076.529.500.000,00 Country 3 (Country) 3,00 22701
211 673,73 1.006,83 50.372.483.516.005.800.000,00 Country 3 (Country) 3,00 22833
212 673,73 1.011,63 62.585.655.907.883.400.000,00 Country 3 (Country) 3,00 22914
213 673,73 1.016,47 77.760.000.143.240.200.000,00 Country 3 (Country) 3,00 23045
214 673,73 1.021,32 96.613.473.719.544.100.000,00 Country 3 (Country) 3,00 23130
215 673,73 1.026,19 120.038.108.114.233.000.000,00 Country 3 (Country) 3,00 23265
216 673,73 1.031,07 149.142.214.278.229.000.000,00 Country 3 (Country) 3,00 23353
217 673,73 1.035,98 185.302.821.156.140.000.000,00 Country 3 (Country) 3,00 23473
218 673,73 1.040,95 230.230.828.304.370.000.000,00 Country 3 (Country) 3,00 23573
219 673,73 1.045,93 286.051.955.231.982.000.000,00 Country 3 (Country) 3,00 23678
220 673,73 1.050,96 355.407.317.493.836.000.000,00 Country 3 (Country) 3,00 23797
221 673,73 1.055,99 441.578.388.183.804.000.000,00 Country 3 (Country) 3,00 23895
222 673,73 1.061,04 548.642.257.244.430.000.000,00 Country 3 (Country) 3,00 24016
223 673,73 1.066,10 681.664.534.517.417.000.000,00 Country 3 (Country) 3,00 24119
224 673,73 1.071,18 846.939.023.531.738.000.000,00 Country 3 (Country) 3,00 24229
225 673,73 1.076,29 1.052.285.505.932.490.000.000,00 Country 3 (Country) 3,00 24346
226 673,73 1.081,42 1.307.419.725.894.940.000.000,00 Country 3 (Country) 3,00 24442
227 673,73 1.086,59 1.624.413.079.931.620.000.000,00 Country 3 (Country) 3,00 24554
228 673,73 1.091,71 2.018.263.761.812.770.000.000,00 Country 3 (Country) 3,00 24664
229 673,73 1.096,93 2.507.606.385.697.220.000.000,00 Country 3 (Country) 3,00 24769
230 673,73 1.102,18 3.115.593.662.515.960.000.000,00 Country 3 (Country) 3,00 24888
231 673,73 1.107,46 3.870.991.845.161.800.000.000,00 Country 3 (Country) 3,00 24985
232 673,73 1.112,78 4.809.541.772.276.100.000.000,00 Country 3 (Country) 3,00 25098
233 673,73 1.118,12 5.975.649.906.930.210.000.000,00 Country 3 (Country) 3,00 25210
234 673,73 1.123,49 7.424.489.379.847.120.000.000,00 Country 3 (Country) 3,00 25312
235 673,73 1.128,90 9.224.610.445.724.770.000.000,00 Country 3 (Country) 3,00 25438
236 673,73 1.134,32 11.461.183.863.546.300.000.000,00 Country 3 (Country) 3,00 25528
237 673,73 1.139,75 14.240.030.657.868.400.000.000,00 Country 3 (Country) 3,00 25643
238 673,73 1.145,19 17.692.628.924.835.100.000.000,00 Country 3 (Country) 3,00 25750
239 673,73 1.150,68 21.982.334.574.465.600.000.000,00 Country 3 (Country) 3,00 25856
240 673,73 1.156,19 27.312.110.336.833.300.000.000,00 Country 3 (Country) 3,00 25977
241 673,73 1.161,74 33.934.128.721.607.600.000.000,00 Country 3 (Country) 3,00 26066
242 673,73 1.167,31 42.161.703.284.483.100.000.000,00 Country 3 (Country) 3,00 26189
243 673,73 1.172,89 52.384.112.715.317.800.000.000,00 Country 3 (Country) 3,00 26288
244 673,73 1.178,49 65.085.019.133.490.200.000.000,00 Country 3 (Country) 3,00 26403
245 673,73 1.184,11 80.865.352.031.974.100.000.000,00 Country 3 (Country) 3,00 26522
246 673,73 1.189,79 100.471.740.598.910.000.000.000,00 Country 3 (Country) 3,00 26615
247 673,73 1.195,49 124.831.839.660.862.000.000.000,00 Country 3 (Country) 3,00 26741
248 673,73 1.201,22 155.098.220.656.131.000.000.000,00 Country 3 (Country) 3,00 26833
249 673,73 1.206,97 192.702.904.291.491.000.000.000,00 Country 3 (Country) 3,00 26946
250 673,73 1.212,73 239.425.115.035.372.000.000.000,00 Country 3 (Country) 3,00 27054
251 673,73 1.218,50 297.475.463.177.190.000.000.000,00 Country 3 (Country) 3,00 27156
252 673,73 1.224,29 369.600.537.434.889.000.000.000,00 Country 3 (Country) 3,00 27280
253 673,73 1.230,12 459.212.856.795.489.000.000.000,00 Country 3 (Country) 3,00 27373
254 673,73 1.235,99 570.552.330.117.820.000.000.000,00 Country 3 (Country) 3,00 27493
255 673,73 1.241,89 708.886.862.781.912.000.000.000,00 Country 3 (Country) 3,00 27596
256 673,73 1.247,81 880.761.601.869.211.000.000.000,00 Country 3 (Country) 3,00 27697
257 673,73 1.253,75 1.094.308.612.636.650.000.000.000,00 Country 3 (Country) 3,00 27825
258 673,73 1.259,70 1.359.631.638.288.160.000.000.000,00 Country 3 (Country) 3,00 27910
259 673,73 1.265,66 1.689.284.147.531.380.000.000.000,00 Country 3 (Country) 3,00 28041
260 673,73 1.271,66 2.098.863.288.216.620.000.000.000,00 Country 3 (Country) 3,00 28129
261 673,73 1.277,66 2.607.747.849.324.810.000.000.000,00 Country 3 (Country) 3,00 28249
262 673,73 1.283,71 3.240.015.147.168.720.000.000.000,00 Country 3 (Country) 3,00 28358
263 673,73 1.289,81 4.025.580.217.274.760.000.000.000,00 Country 3 (Country) 3,00 28461
264 673,73 1.295,93 5.001.611.211.563.260.000.000.000,00 Country 3 (Country) 3,00 28575
265 673,73 1.302,06 6.214.287.968.796.400.000.000.000,00 Country 3 (Country) 3,00 28673
266 673,73 1.308,20 7.720.986.963.130.580.000.000.000,00 Country 3 (Country) 3,00 28798
267 673,73 1.314,40 9.592.996.009.223.970.000.000.000,00 Country 3 (Country) 3,00 28893
268 673,73 1.320,62 11.918.887.167.201.500.000.000.000,00 Country 3 (Country) 3,00 29011
269 673,73 1.326,87 14.808.707.432.785.900.000.000.000,00 Country 3 (Country) 3,00 29112
270 673,73 1.333,14 18.399.185.490.514.000.000.000.000,00 Country 3 (Country) 3,00 29227
271 673,73 1.339,42 22.860.200.881.871.000.000.000.000,00 Country 3 (Country) 3,00 29329
272 673,73 1.345,71 28.402.821.669.955.200.000.000.000,00 Country 3 (Country) 3,00 29450
273 673,73 1.352,02 35.289.290.893.985.000.000.000.000,00 Country 3 (Country) 3,00 29546
274 673,73 1.358,37 43.845.434.311.817.500.000.000.000,00 Country 3 (Country) 3,00 29663
275 673,73 1.364,73 54.476.076.489.244.000.000.000.000,00 Country 3 (Country) 3,00 29763
276 673,73 1.371,14 67.684.194.631.460.300.000.000.000,00 Country 3 (Country) 3,00 29875
277 673,73 1.377,57 84.094.716.399.297.100.000.000.000,00 Country 3 (Country) 3,00 29986
278 673,73 1.384,03 104.484.087.677.851.000.000.000.000,00 Country 3 (Country) 3,00 30090
279 673,73 1.390,44 129.817.009.264.140.000.000.000.000,00 Country 3 (Country) 3,00 30202
280 673,73 1.396,97 161.292.080.629.981.000.000.000.000,00 Country 3 (Country) 3,00 30313
281 673,73 1.403,52 200.398.510.344.781.000.000.000.000,00 Country 3 (Country) 3,00 30417
282 673,73 1.410,09 248.986.576.349.876.000.000.000.000,00 Country 3 (Country) 3,00 30536
283 673,73 1.416,70 309.355.169.835.209.000.000.000.000,00 Country 3 (Country) 3,00 30633
284 673,73 1.423,32 384.360.564.761.101.000.000.000.000,00 Country 3 (Country) 3,00 30744
285 673,73 1.429,96 477.551.559.336.048.000.000.000.000,00 Country 3 (Country) 3,00 30852
286 673,73 1.436,64 593.337.383.521.744.000.000.000.000,00 Country 3 (Country) 3,00 30960
287 673,73 1.443,33 737.196.316.925.217.000.000.000.000,00 Country 3 (Country) 3,00 31073
288 673,73 1.450,05 915.934.887.605.458.000.000.000.000,00 Country 3 (Country) 3,00 31180
289 673,73 1.456,80 1.138.009.915.502.500.000.000.000.000,00 Country 3 (Country) 3,00 31289
290 673,73 1.463,60 1.413.928.637.621.530.000.000.000.000,00 Country 3 (Country) 3,00 31400
291 673,73 1.470,43 1.756.745.846.457.330.000.000.000.000,00 Country 3 (Country) 3,00 31496
292 673,73 1.477,27 2.182.681.563.219.850.000.000.000.000,00 Country 3 (Country) 3,00 31622
293 673,73 1.484,11 2.711.888.470.393.810.000.000.000.000,00 Country 3 (Country) 3,00 31710
294 673,73 1.490,97 3.369.405.413.864.360.000.000.000.000,00 Country 3 (Country) 3,00 31842
295 673,73 1.497,87 4.186.342.088.518.790.000.000.000.000,00 Country 3 (Country) 3,00 31930
296 673,73 1.504,78 5.201.350.959.427.580.000.000.000.000,00 Country 3 (Country) 3,00 32053
297 673,73 1.511,73 6.462.456.060.945.200.000.000.000.000,00 Country 3 (Country) 3,00 32157
298 673,73 1.518,72 8.029.325.201.359.500.000.000.000.000,00 Country 3 (Country) 3,00 32256
299 673,73 1.525,72 9.976.093.079.967.090.000.000.000.000,00 Country 3 (Country) 3,00 32386
300 673,73 1.532,75 12.394.868.889.270.600.000.000.000.000,00 Country 3 (Country) 3,00 32473
301 673,73 1.539,80 15.400.094.360.658.800.000.000.000.000,00 Country 3 (Country) 3,00 32605
302 673,73 1.546,90 19.133.958.449.733.200.000.000.000.000,00 Country 3 (Country) 3,00 32700
303 673,73 1.554,02 23.773.124.851.194.400.000.000.000.000,00 Country 3 (Country) 3,00 32813
304 673,73 1.561,17 29.537.090.648.294.900.000.000.000.000,00 Country 3 (Country) 3,00 32913
305 673,73 1.568,34 36.698.571.577.213.500.000.000.000.000,00 Country 3 (Country) 3,00 33025
306 673,73 1.575,51 45.596.405.273.774.200.000.000.000.000,00 Country 3 (Country) 3,00 33134
307 673,73 1.582,70 56.651.583.005.512.800.000.000.000.000,00 Country 3 (Country) 3,00 33243
308 673,73 1.589,89 70.387.168.412.955.400.000.000.000.000,00 Country 3 (Country) 3,00 33361
309 673,73 1.597,15 87.453.045.693.562.200.000.000.000.000,00 Country 3 (Country) 3,00 33453
310 673,73 1.604,42 108.656.668.161.588.000.000.000.000.000,00 Country 3 (Country) 3,00 33581
311 673,73 1.611,73 135.001.262.018.328.000.000.000.000.000,00 Country 3 (Country) 3,00 33666
312 673,73 1.619,05 167.733.292.902.351.000.000.000.000.000,00 Country 3 (Country) 3,00 33794
313 673,73 1.626,39 208.401.441.047.613.000.000.000.000.000,00 Country 3 (Country) 3,00 33891
314 673,73 1.633,78 258.929.875.394.541.000.000.000.000.000,00 Country 3 (Country) 3,00 34009
315 673,73 1.641,18 321.709.293.538.498.000.000.000.000.000,00 Country 3 (Country) 3,00 34112
316 673,73 1.648,63 399.710.034.971.196.000.000.000.000.000,00 Country 3 (Country) 3,00 34215
317 673,73 1.656,09 496.622.619.444.333.000.000.000.000.000,00 Country 3 (Country) 3,00 34334
318 673,73 1.663,59 617.032.359.874.388.000.000.000.000.000,00 Country 3 (Country) 3,00 34424
319 673,73 1.671,10 766.636.311.407.141.000.000.000.000.000,00 Country 3 (Country) 3,00 34558
320 673,73 1.678,63 952.512.821.349.586.000.000.000.000.000,00 Country 3 (Country) 3,00 34652
321 673,73 1.686,17 1.183.456.433.429.380.000.000.000.000.000,00 Country 3 (Country) 3,00 34765
322 673,73 1.693,74 1.470.393.992.010.480.000.000.000.000.000,00 Country 3 (Country) 3,00 34875
323 673,73 1.701,35 1.826.901.633.780.790.000.000.000.000.000,00 Country 3 (Country) 3,00 34976
324 673,73 1.708,99 2.269.847.127.807.860.000.000.000.000.000,00 Country 3 (Country) 3,00 35105
325 673,73 1.716,66 2.820.187.955.579.770.000.000.000.000.000,00 Country 3 (Country) 3,00 35187
326 673,73 1.724,35 3.503.962.891.315.230.000.000.000.000.000,00 Country 3 (Country) 3,00 35315
327 673,73 1.732,06 4.353.523.998.080.530.000.000.000.000.000,00 Country 3 (Country) 3,00 35404
328 673,73 1.739,78 5.409.067.330.261.850.000.000.000.000.000,00 Country 3 (Country) 3,00 35519
329 673,73 1.747,51 6.720.534.765.905.950.000.000.000.000.000,00 Country 3 (Country) 3,00 35639
330 673,73 1.755,27 8.349.976.952.045.840.000.000.000.000.000,00 Country 3 (Country) 3,00 35732
331 673,73 1.763,08 10.374.489.163.184.600.000.000.000.000.000,00 Country 3 (Country) 3,00 35861
332 673,73 1.770,93 12.889.858.979.869.900.000.000.000.000.000,00 Country 3 (Country) 3,00 35944
333 673,73 1.778,81 16.015.098.373.280.400.000.000.000.000.000,00 Country 3 (Country) 3,00 36078
334 673,73 1.786,69 19.898.074.626.448.500.000.000.000.000.000,00 Country 3 (Country) 3,00 36170
335 673,73 1.794,60 24.722.506.512.997.100.000.000.000.000.000,00 Country 3 (Country) 3,00 36288
336 673,73 1.802,53 30.716.656.749.933.600.000.000.000.000.000,00 Country 3 (Country) 3,00 36384
337 673,73 1.810,48 38.164.131.998.396.700.000.000.000.000.000,00 Country 3 (Country) 3,00 36504
338 673,73 1.818,48 47.417.301.402.575.200.000.000.000.000.000,00 Country 3 (Country) 3,00 36601
339 673,73 1.826,50 58.913.968.550.289.900.000.000.000.000.000,00 Country 3 (Country) 3,00 36721
340 673,73 1.834,54 73.198.085.670.815.000.000.000.000.000.000,00 Country 3 (Country) 3,00 36817
341 673,73 1.842,59 90.945.490.139.546.900.000.000.000.000.000,00 Country 3 (Country) 3,00 36935
342 673,73 1.850,65 112.995.880.984.087.000.000.000.000.000.000,00 Country 3 (Country) 3,00 37040
343 673,73 1.858,74 140.392.548.325.141.000.000.000.000.000.000,00 Country 3 (Country) 3,00 37160
344 673,73 1.866,87 174.431.735.507.268.000.000.000.000.000.000,00 Country 3 (Country) 3,00 37260
345 673,73 1.875,02 216.723.969.434.701.000.000.000.000.000.000,00 Country 3 (Country) 3,00 37373
346 673,73 1.883,23 269.270.260.889.975.000.000.000.000.000.000,00 Country 3 (Country) 3,00 37474
347 673,73 1.891,46 334.556.780.170.092.000.000.000.000.000.000,00 Country 3 (Country) 3,00 37593
348 673,73 1.899,71 415.672.487.514.370.000.000.000.000.000.000,00 Country 3 (Country) 3,00 37688
349 673,73 1.907,98 516.455.283.878.986.000.000.000.000.000.000,00 Country 3 (Country) 3,00 37812
350 673,73 1.916,27 641.673.597.022.230.000.000.000.000.000.000,00 Country 3 (Country) 3,00 37908
351 673,73 1.924,59 797.251.994.447.453.000.000.000.000.000.000,00 Country 3 (Country) 3,00 38020
352 673,73 1.932,93 990.551.497.833.286.000.000.000.000.000.000,00 Country 3 (Country) 3,00 38127
353 673,73 1.941,31 1.230.717.861.721.740.000.000.000.000.000.000,00 Country 3 (Country) 3,00 38229
354 673,73 1.949,70 1.529.114.294.889.360.000.000.000.000.000.000,00 Country 3 (Country) 3,00 38356
355 673,73 1.958,13 1.899.859.098.139.610.000.000.000.000.000.000,00 Country 3 (Country) 3,00 38447
356 673,73 1.966,58 2.360.493.656.260.680.000.000.000.000.000.000,00 Country 3 (Country) 3,00 38571
357 673,73 1.975,04 2.932.812.389.457.240.000.000.000.000.000.000,00 Country 3 (Country) 3,00 38672
358 673,73 1.983,53 3.643.893.932.500.360.000.000.000.000.000.000,00 Country 3 (Country) 3,00 38777
359 673,73 1.992,03 4.527.382.330.708.930.000.000.000.000.000.000,00 Country 3 (Country) 3,00 38895
360 673,73 2.000,56 5.625.078.871.148.890.000.000.000.000.000.000,00 Country 3 (Country) 3,00 38996
361 673,73 2.009,12 6.988.919.864.802.100.000.000.000.000.000.000,00 Country 3 (Country) 3,00 39111
362 673,73 2.017,70 8.683.433.956.304.520.000.000.000.000.000.000,00 Country 3 (Country) 3,00 39219
363 673,73 2.026,31 10.788.795.226.175.900.000.000.000.000.000.000,00 Country 3 (Country) 3,00 39318
364 673,73 2.034,93 13.404.616.539.732.500.000.000.000.000.000.000,00 Country 3 (Country) 3,00 39444
365 673,73 2.043,61 16.654.662.620.838.500.000.000.000.000.000.000,00 Country 3 (Country) 3,00 39535
366 673,73 2.052,30 20.692.705.844.421.600.000.000.000.000.000.000,00 Country 3 (Country) 3,00 39662
367 673,73 2.061,03 25.709.801.808.173.900.000.000.000.000.000.000,00 Country 3 (Country) 3,00 39756
368 673,73 2.069,78 31.943.328.919.150.300.000.000.000.000.000.000,00 Country 3 (Country) 3,00 39869
369 673,73 2.078,56 39.688.219.693.417.300.000.000.000.000.000.000,00 Country 3 (Country) 3,00 39978
370 673,73 2.087,36 49.310.915.165.408.400.000.000.000.000.000.000,00 Country 3 (Country) 3,00 40073
371 673,73 2.096,17 61.266.702.644.598.700.000.000.000.000.000.000,00 Country 3 (Country) 3,00 40211
372 673,73 2.105,01 76.121.257.136.489.600.000.000.000.000.000.000,00 Country 3 (Country) 3,00 40285
373 673,73 2.113,87 94.577.405.636.671.800.000.000.000.000.000.000,00 Country 3 (Country) 3,00 40420
374 673,73 2.122,78 117.508.380.621.262.000.000.000.000.000.000.000,00 Country 3 (Country) 3,00 40505
375 673,73 2.131,71 145.999.136.086.234.000.000.000.000.000.000.000,00 Country 3 (Country) 3,00 40623
376 673,73 2.140,64 181.397.680.958.848.000.000.000.000.000.000.000,00 Country 3 (Country) 3,00 40746
377 673,73 2.149,59 225.378.858.665.388.000.000.000.000.000.000.000,00 Country 3 (Country) 3,00 40833
378 673,73 2.158,58 280.023.590.515.672.000.000.000.000.000.000.000,00 Country 3 (Country) 3,00 40970
379 673,73 2.167,60 347.917.332.218.396.000.000.000.000.000.000.000,00 Country 3 (Country) 3,00 41047
380 673,73 2.176,64 432.272.401.889.623.000.000.000.000.000.000.000,00 Country 3 (Country) 3,00 41188
381 673,73 2.185,71 537.079.967.370.317.000.000.000.000.000.000.000,00 Country 3 (Country) 3,00 41272
382 673,73 2.194,83 667.298.883.966.585.000.000.000.000.000.000.000,00 Country 3 (Country) 3,00 41396
383 673,73 2.203,95 829.090.317.263.731.000.000.000.000.000.000.000,00 Country 3 (Country) 3,00 41485
384 673,73 2.213,09 1.030.109.251.935.890.000.000.000.000.000.000.000,00 Country 3 (Country) 3,00 41612
385 673,73 2.222,23 1.279.866.678.971.690.000.000.000.000.000.000.000,00 Country 3 (Country) 3,00 41698
386 673,73 2.231,42 1.590.179.597.808.310.000.000.000.000.000.000.000,00 Country 3 (Country) 3,00 41834
387 673,73 2.240,62 1.975.730.124.732.570.000.000.000.000.000.000.000,00 Country 3 (Country) 3,00 41918
388 673,73 2.249,88 2.454.760.161.151.500.000.000.000.000.000.000.000,00 Country 3 (Country) 3,00 42043
389 673,73 2.259,13 3.049.934.489.201.660.000.000.000.000.000.000.000,00 Country 3 (Country) 3,00 42148
390 673,73 2.268,43 3.789.413.131.121.650.000.000.000.000.000.000.000,00 Country 3 (Country) 3,00 42252
391 673,73 2.277,73 4.708.183.709.898.600.000.000.000.000.000.000.000,00 Country 3 (Country) 3,00 42380
392 673,73 2.287,07 5.849.716.850.374.990.000.000.000.000.000.000.000,00 Country 3 (Country) 3,00 42462
393 673,73 2.296,45 7.268.022.944.308.190.000.000.000.000.000.000.000,00 Country 3 (Country) 3,00 42595
394 673,73 2.305,83 9.030.207.592.971.630.000.000.000.000.000.000.000,00 Country 3 (Country) 3,00 42675
395 673,73 2.315,25 11.219.646.635.268.600.000.000.000.000.000.000.000,00 Country 3 (Country) 3,00 42808
396 673,73 2.324,68 13.939.930.984.340.700.000.000.000.000.000.000.000,00 Country 3 (Country) 3,00 42903
397 673,73 2.334,14 17.319.767.918.299.600.000.000.000.000.000.000.000,00 Country 3 (Country) 3,00 43019
398 673,73 2.343,62 21.519.070.724.290.700.000.000.000.000.000.000.000,00 Country 3 (Country) 3,00 43127
399 673,73 2.353,15 26.736.524.820.737.100.000.000.000.000.000.000.000,00 Country 3 (Country) 3,00 43232
400 673,73 2.362,71 33.218.988.340.559.800.000.000.000.000.000.000.000,00 Country 3 (Country) 3,00 43341
401 673,73 2.372,31 41.273.171.953.684.900.000.000.000.000.000.000.000,00 Country 3 (Country) 3,00 43460
402 673,73 2.381,95 51.280.150.546.864.400.000.000.000.000.000.000.000,00 Country 3 (Country) 3,00 43557
403 673,73 2.391,59 63.713.393.365.064.700.000.000.000.000.000.000.000,00 Country 3 (Country) 3,00 43676
404 673,73 2.401,24 79.161.165.690.838.300.000.000.000.000.000.000.000,00 Country 3 (Country) 3,00 43773
405 673,73 2.410,91 98.354.361.972.633.400.000.000.000.000.000.000.000,00 Country 3 (Country) 3,00 43888
406 673,73 2.420,59 122.201.087.296.058.000.000.000.000.000.000.000.000,00 Country 3 (Country) 3,00 43991
407 673,73 2.430,26 151.829.623.382.578.000.000.000.000.000.000.000.000,00 Country 3 (Country) 3,00 44100
408 673,73 2.440,00 188.641.812.004.885.000.000.000.000.000.000.000.000,00 Country 3 (Country) 3,00 44209
409 673,73 2.449,77 234.379.381.596.818.000.000.000.000.000.000.000.000,00 Country 3 (Country) 3,00 44322
410 673,73 2.459,58 291.206.355.228.842.000.000.000.000.000.000.000.000,00 Country 3 (Country) 3,00 44427
411 673,73 2.469,40 361.811.438.992.283.000.000.000.000.000.000.000.000,00 Country 3 (Country) 3,00 44538
412 673,73 2.479,24 449.535.235.186.726.000.000.000.000.000.000.000.000,00 Country 3 (Country) 3,00 44639
413 673,73 2.489,10 558.528.299.263.351.000.000.000.000.000.000.000.000,00 Country 3 (Country) 3,00 44758
414 673,73 2.498,99 693.947.518.815.589.000.000.000.000.000.000.000.000,00 Country 3 (Country) 3,00 44862
415 673,73 2.508,92 862.200.106.074.215.000.000.000.000.000.000.000.000,00 Country 3 (Country) 3,00 44974
416 673,73 2.518,90 1.071.246.748.144.850.000.000.000.000.000.000.000.000,00 Country 3 (Country) 3,00 45080
417 673,73 2.528,90 1.330.978.258.209.750.000.000.000.000.000.000.000.000,00 Country 3 (Country) 3,00 45178
418 673,73 2.538,91 1.653.683.548.533.410.000.000.000.000.000.000.000.000,00 Country 3 (Country) 3,00 45308
419 673,73 2.548,93 2.054.631.066.902.900.000.000.000.000.000.000.000.000,00 Country 3 (Country) 3,00 45392
420 673,73 2.558,97 2.552.791.206.531.880.000.000.000.000.000.000.000.000,00 Country 3 (Country) 3,00 45527
421 673,73 2.569,05 3.171.733.869.462.850.000.000.000.000.000.000.000.000,00 Country 3 (Country) 3,00 45608
422 673,73 2.579,14 3.940.743.650.697.840.000.000.000.000.000.000.000.000,00 Country 3 (Country) 3,00 45743
423 673,73 2.589,27 4.896.205.406.774.980.000.000.000.000.000.000.000.000,00 Country 3 (Country) 3,00 45836
424 673,73 2.599,45 6.083.325.765.452.250.000.000.000.000.000.000.000.000,00 Country 3 (Country) 3,00 45948
425 673,73 2.609,64 7.558.272.027.845.910.000.000.000.000.000.000.000.000,00 Country 3 (Country) 3,00 46056
426 673,73 2.619,84 9.390.829.662.838.370.000.000.000.000.000.000.000.000,00 Country 3 (Country) 3,00 46155
427 673,73 2.630,05 11.667.704.130.196.300.000.000.000.000.000.000.000.000,00 Country 3 (Country) 3,00 46277
428 673,73 2.640,30 14.496.623.254.547.800.000.000.000.000.000.000.000.000,00 Country 3 (Country) 3,00 46380
429 673,73 2.650,56 18.011.434.249.555.300.000.000.000.000.000.000.000.000,00 Country 3 (Country) 3,00 46488
430 673,73 2.660,85 22.378.436.552.407.600.000.000.000.000.000.000.000.000,00 Country 3 (Country) 3,00 46596
431 673,73 2.671,17 27.804.250.099.766.400.000.000.000.000.000.000.000.000,00 Country 3 (Country) 3,00 46702
432 673,73 2.681,49 34.545.591.324.036.700.000.000.000.000.000.000.000.000,00 Country 3 (Country) 3,00 46822
433 673,73 2.691,86 42.921.419.410.530.500.000.000.000.000.000.000.000.000,00 Country 3 (Country) 3,00 46926
434 673,73 2.702,25 53.328.027.502.393.300.000.000.000.000.000.000.000.000,00 Country 3 (Country) 3,00 47043
435 673,73 2.712,69 66.257.792.877.145.200.000.000.000.000.000.000.000.000,00 Country 3 (Country) 3,00 47137
436 673,73 2.723,14 82.322.473.238.929.700.000.000.000.000.000.000.000.000,00 Country 3 (Country) 3,00 47256
437 673,73 2.733,61 102.282.151.365.050.000.000.000.000.000.000.000.000.000,00 Country 3 (Country) 3,00 47355
438 673,73 2.744,12 127.081.197.591.082.000.000.000.000.000.000.000.000.000,00 Country 3 (Country) 3,00 47474
439 673,73 2.754,64 157.892.951.660.205.000.000.000.000.000.000.000.000.000,00 Country 3 (Country) 3,00 47579
440 673,73 2.765,17 196.175.238.009.572.000.000.000.000.000.000.000.000.000,00 Country 3 (Country) 3,00 47683
441 673,73 2.775,71 243.739.341.138.758.000.000.000.000.000.000.000.000.000,00 Country 3 (Country) 3,00 47802
442 673,73 2.786,30 302.835.704.554.400.000.000.000.000.000.000.000.000.000,00 Country 3 (Country) 3,00 47898
443 673,73 2.796,90 376.260.408.042.830.000.000.000.000.000.000.000.000.000,00 Country 3 (Country) 3,00 48025
444 673,73 2.807,54 467.487.461.126.387.000.000.000.000.000.000.000.000.000,00 Country 3 (Country) 3,00 48115
445 673,73 2.818,21 580.833.172.023.559.000.000.000.000.000.000.000.000.000,00 Country 3 (Country) 3,00 48235
446 673,73 2.828,90 721.660.369.050.498.000.000.000.000.000.000.000.000.000,00 Country 3 (Country) 3,00 48337
447 673,73 2.839,63 896.632.136.976.118.000.000.000.000.000.000.000.000.000,00 Country 3 (Country) 3,00 48440
448 673,73 2.850,36 1.114.027.073.588.830.000.000.000.000.000.000.000.000.000,00 Country 3 (Country) 3,00 48560
449 673,73 2.861,13 1.384.130.982.494.490.000.000.000.000.000.000.000.000.000,00 Country 3 (Country) 3,00 48658
450 673,73 2.871,93 1.719.723.534.661.840.000.000.000.000.000.000.000.000.000,00 Country 3 (Country) 3,00 48778
451 673,73 2.882,78 2.136.682.924.574.000.000.000.000.000.000.000.000.000.000,00 Country 3 (Country) 3,00 48878
452 673,73 2.893,64 2.654.737.129.630.450.000.000.000.000.000.000.000.000.000,00 Country 3 (Country) 3,00 48988
453 673,73 2.904,52 3.298.397.317.816.180.000.000.000.000.000.000.000.000.000,00 Country 3 (Country) 3,00 49104
454 673,73 2.915,42 4.098.117.566.800.830.000.000.000.000.000.000.000.000.000,00 Country 3 (Country) 3,00 49199
455 673,73 2.926,32 5.091.735.765.308.290.000.000.000.000.000.000.000.000.000,00 Country 3 (Country) 3,00 49327
456 673,73 2.937,28 6.326.263.871.428.750.000.000.000.000.000.000.000.000.000,00 Country 3 (Country) 3,00 49419
457 673,73 2.948,25 7.860.112.231.986.860.000.000.000.000.000.000.000.000.000,00 Country 3 (Country) 3,00 49534
458 673,73 2.959,26 9.765.853.204.203.530.000.000.000.000.000.000.000.000.000,00 Country 3 (Country) 3,00 49640
459 673,73 2.970,30 12.133.654.837.387.000.000.000.000.000.000.000.000.000.000,00 Country 3 (Country) 3,00 49745
460 673,73 2.981,35 15.075.547.075.546.400.000.000.000.000.000.000.000.000.000,00 Country 3 (Country) 3,00 49866
461 673,73 2.992,43 18.730.722.331.636.500.000.000.000.000.000.000.000.000.000,00 Country 3 (Country) 3,00 49963
462 673,73 3.003,52 23.272.121.224.307.300.000.000.000.000.000.000.000.000.000,00 Country 3 (Country) 3,00 50078
463 673,73 3.014,64 28.914.615.074.085.900.000.000.000.000.000.000.000.000.000,00 Country 3 (Country) 3,00 50183
464 673,73 3.025,78 35.925.172.304.848.300.000.000.000.000.000.000.000.000.000,00 Country 3 (Country) 3,00 50296
465 673,73 3.036,95 44.635.489.762.743.800.000.000.000.000.000.000.000.000.000,00 Country 3 (Country) 3,00 50395
466 673,73 3.048,14 55.457.686.589.609.800.000.000.000.000.000.000.000.000.000,00 Country 3 (Country) 3,00 50513
467 673,73 3.059,37 68.903.803.189.328.400.000.000.000.000.000.000.000.000.000,00 Country 3 (Country) 3,00 50610
468 673,73 3.070,62 85.610.027.859.388.100.000.000.000.000.000.000.000.000.000,00 Country 3 (Country) 3,00 50731
469 673,73 3.081,88 106.366.797.344.218.000.000.000.000.000.000.000.000.000.000,00 Country 3 (Country) 3,00 50831
470 673,73 3.093,20 132.156.195.485.052.000.000.000.000.000.000.000.000.000.000,00 Country 3 (Country) 3,00 50950
471 673,73 3.104,54 164.198.419.442.518.000.000.000.000.000.000.000.000.000.000,00 Country 3 (Country) 3,00 51051
472 673,73 3.115,93 204.009.511.990.457.000.000.000.000.000.000.000.000.000.000,00 Country 3 (Country) 3,00 51156
473 673,73 3.127,31 253.473.091.421.290.000.000.000.000.000.000.000.000.000.000,00 Country 3 (Country) 3,00 51270
474 673,73 3.138,70 314.929.472.884.926.000.000.000.000.000.000.000.000.000.000,00 Country 3 (Country) 3,00 51368
475 673,73 3.150,11 391.286.397.839.888.000.000.000.000.000.000.000.000.000.000,00 Country 3 (Country) 3,00 51494
476 673,73 3.161,53 486.156.610.659.490.000.000.000.000.000.000.000.000.000.000,00 Country 3 (Country) 3,00 51591
477 673,73 3.173,00 604.028.791.679.681.000.000.000.000.000.000.000.000.000.000,00 Country 3 (Country) 3,00 51706
478 673,73 3.184,49 750.479.934.198.739.000.000.000.000.000.000.000.000.000.000,00 Country 3 (Country) 3,00 51811
479 673,73 3.196,01 932.439.213.814.200.000.000.000.000.000.000.000.000.000.000,00 Country 3 (Country) 3,00 51917
480 673,73 3.207,55 1.158.515.834.786.070.000.000.000.000.000.000.000.000.000.000,00 Country 3 (Country) 3,00 52030
481 673,73 3.219,10 1.439.406.365.118.290.000.000.000.000.000.000.000.000.000.000,00 Country 3 (Country) 3,00 52138
482 673,73 3.230,69 1.788.400.832.972.350.000.000.000.000.000.000.000.000.000.000,00 Country 3 (Country) 3,00 52243
483 673,73 3.242,27 2.222.011.529.811.000.000.000.000.000.000.000.000.000.000.000,00 Country 3 (Country) 3,00 52363
484 673,73 3.253,94 2.760.754.271.405.190.000.000.000.000.000.000.000.000.000.000,00 Country 3 (Country) 3,00 52451
485 673,73 3.265,63 3.430.119.081.213.900.000.000.000.000.000.000.000.000.000.000,00 Country 3 (Country) 3,00 52584
486 673,73 3.277,34 4.261.776.222.959.210.000.000.000.000.000.000.000.000.000.000,00 Country 3 (Country) 3,00 52671
487 673,73 3.289,08 5.295.074.644.508.490.000.000.000.000.000.000.000.000.000.000,00 Country 3 (Country) 3,00 52796
488 673,73 3.300,83 6.578.903.730.296.830.000.000.000.000.000.000.000.000.000.000,00 Country 3 (Country) 3,00 52895
489 673,73 3.312,61 8.174.006.449.068.880.000.000.000.000.000.000.000.000.000.000,00 Country 3 (Country) 3,00 53005
490 673,73 3.324,40 10.155.853.340.995.000.000.000.000.000.000.000.000.000.000.000,00 Country 3 (Country) 3,00 53127
491 673,73 3.336,22 12.618.213.323.718.300.000.000.000.000.000.000.000.000.000.000,00 Country 3 (Country) 3,00 53216
492 673,73 3.348,06 15.677.590.266.113.600.000.000.000.000.000.000.000.000.000.000,00 Country 3 (Country) 3,00 53342
493 673,73 3.359,94 19.478.735.241.394.100.000.000.000.000.000.000.000.000.000.000,00 Country 3 (Country) 3,00 53431
494 673,73 3.371,86 24.201.495.265.789.100.000.000.000.000.000.000.000.000.000.000,00 Country 3 (Country) 3,00 53547
495 673,73 3.383,78 30.069.322.563.372.500.000.000.000.000.000.000.000.000.000.000,00 Country 3 (Country) 3,00 53664
496 673,73 3.395,72 37.359.846.963.598.900.000.000.000.000.000.000.000.000.000.000,00 Country 3 (Country) 3,00 53751
497 673,73 3.407,68 46.418.011.652.969.700.000.000.000.000.000.000.000.000.000.000,00 Country 3 (Country) 3,00 53892
498 673,73 3.419,68 57.672.393.784.550.900.000.000.000.000.000.000.000.000.000.000,00 Country 3 (Country) 3,00 53968
499 673,73 3.431,69 71.655.482.137.126.500.000.000.000.000.000.000.000.000.000.000,00 Country 3 (Country) 3,00 54108
